1396020 2099.4
1396030 2105.4
1396040 2105.4
1396050 2113.0
1396060 2119.8
1396070 2119.8
1396080 2126.3
1396090 2132.6
1396100 2132.6
1396110 2138.8
1396120 2145.5
1396130 2152.3
1396140 2152.3
1396150 2158.1
1396160 2163.3
1396170 2163.6
1396180 2168.4
1396190 2173.2
1396200 2173.2
1396210 2177.6
1396220 2181.4
1396230 2181.4
1396240 2185.2
1396250 2189.4
1396260 2189.4
1396270 2194.0
1396280 2199.0
1396290 2203.4
1396300 2203.4
1396310 2206.4
1396320 2205.9
1396330 2205.9
1396340 2203.3
1396350 2200.7
1396360 2200.7
1396370 2196.6
1396380 2192.8
1396390 2192.8
1396400 2190.4
1396410 2188.5
1396420 2188.5
1396430 2187.6
1396440 2186.9
1396450 2187.3
1396460 2187.3
1396470 2188.1
1396480 2189.1
1396490 2189.1
1396500 2190.5
1396510 2191.6
1396520 2191.6
1396530 2191.9
1396540 2191.9
1396550 2191.9
1396560 2194.3
1396570 2198.7
1396580 2198.7
1396590 2203.5
1396600 2208.3
1396610 2218.2
1396620 2218.2
1396630 2236.6
1396640 2236.9
1396650 2236.9
1396660 2244.9
1396670 2255.8
1396680 2255.8
1396690 2264.2
1396700 2280.8
1396710 2280.8
1396720 2285.8
1396730 2274.5
1396740 2274.5
1396750 2283.7
1396760 2298.7
1396770 2310.5
1396780 2310.5
1396790 2316.8
1396800 2322.6
1396810 2322.6
1396820 2329.4
1396830 2338.9
1396840 2338.9
1396850 2344.2
1396860 2347.1
1396870 2347.1
1396880 2351.5
1396890 2358.5
1396900 2358.5
1396910 2366.4
1396920 2373.4
1396930 2380.3
1396940 2380.3
1396950 2387.7
1396960 2394.3
1396970 2394.3
1396980 2400.6
1396990 2407.7
1397000 2407.7
1397010 2415.1
1397020 2423.5
1397030 2423.5
1397040 2431.7
1397050 2439.9
1397060 2439.9
1397070 2448.2
1397080 2456.0
1397090 2463.6
1397100 2463.6
1397110 2470.6
1397120 2477.4
1397130 2477.4
1397140 2483.7
1397150 2483.6
1397160 2483.6
1397170 2477.8
1397180 2473.4
1397190 2473.4
1397200 2470.8
1397210 2468.6
1397220 2468.6
1397230 2466.9
1397240 2466.0
1397250 2464.5
1397260 2464.5
1397270 2461.6
1397280 2459.2
1397290 2459.2
1397300 2457.0
1397310 2454.2
1397320 2454.2
1397330 2451.2
1397340 2449.0
1397350 2449.0
1397360 2447.7
1397370 2447.9
1397380 2447.9
1397390 2452.3
1397400 2459.2
1397410 2465.0
1397420 2465.0
1397430 2468.7
1397440 2468.1
1397450 2468.1
1397460 2472.1
1397470 2474.1
1397480 2474.1
1397490 2473.8
1397500 2472.6
1397510 2472.6
1397520 2471.8
1397530 2471.1
1397540 2471.1
1397550 2470.5
1397560 2465.7
1397570 2458.8
1397580 2458.8
1397590 2453.4
1397600 2446.7
1397610 2449.4
1397620 2440.8
1397630 2438.2
1397640 2438.2
1397650 2437.7
1397660 2437.1
1397670 2437.1
1397680 2441.4
1397690 2443.0
1397700 2443.0
1397710 2442.8
1397720 2447.2
1397730 2446.0
1397740 2446.0
1397750 2443.1
1397760 2442.9
1397770 2442.9
1397780 2440.3
1397790 2437.9
1397800 2437.9
1397810 2437.8
1397820 2443.3
1397830 2443.3
1397840 2445.9
1397850 2447.7
1397860 2447.7
1397870 2448.1
1397880 2452.9
1397890 2456.1
1397900 2456.1
1397910 2457.8
1397920 2467.6
1397930 2467.6
1397940 2472.3
1397950 2472.1
1397960 2472.1
1397970 2471.1
1397980 2471.0
1397990 2471.0
1398000 2471.9
1398010 2472.5
1398020 2472.5
1398030 2472.9
1398040 2473.4
1398050 2474.3
1398060 2474.3
1398070 2476.0
1398080 2478.0
1398090 2478.0
1398100 2480.4
1398110 2484.2
1398120 2484.2
1398130 2488.0
1398140 2491.4
1398150 2491.4
1398160 2491.4
1398170 2488.4
1398180 2488.4
1398190 2489.4
1398200 2487.6
1398210 2482.6
1398220 2482.6
1398230 2476.8
1398240 2470.9
1398250 2470.9
1398260 2466.6
1398270 2460.1
1398280 2460.1
1398290 2451.1
1398300 2443.0
1398310 2443.0
1398320 2437.7
1398330 2432.2
1398340 2432.2
1398350 2425.1
1398360 2413.8
1398370 2408.4
1398380 2408.4
1398390 2399.5
1398400 2392.0
1398410 2392.0
1398420 2392.0
1398430 2388.5
1398440 2388.5
1398450 2381.4
1398460 2366.6
1398470 2366.6
1398480 2347.0
1398490 2336.7
1398500 2336.7
1398510 2326.5
1398520 2310.2
1398530 2294.6
1398540 2294.6
1398550 2284.2
1398560 2276.8
1398570 2276.8
1398580 2269.6
1398590 2259.9
1398600 2259.9
1398610 2248.9
1398620 2239.3
1398630 2239.3
1398640 2228.4
1398650 2219.5
1398660 2219.5
1398670 2212.2
1398680 2205.3
1398690 2198.1
1398700 2198.1
1398710 2191.4
1398720 2184.9
1398730 2184.9
1398740 2176.9
1398750 2168.9
1398760 2168.9
1398770 2161.4
1398780 2153.9
1398790 2153.9
1398800 2146.8
1398810 2140.0
1398820 2140.0
1398830 2132.9
1398840 2125.7
1398850 2118.7
1398860 2118.7
1398870 2111.7
1398880 2104.9
1398890 2104.9
1398900 2098.1
1398910 2091.5
1398920 2091.5
1398930 2085.0
1398940 2079.0
1398950 2079.0
1398960 2073.0
1398970 2067.0
1398980 2067.0
1398990 2061.1
1399000 2055.4
1399010 2049.9
1399020 2049.9
1399030 2044.2
1399040 2038.8
1399050 2038.8
1399060 2033.3
1399070 2026.2
1399080 2026.2
1399090 2020.9
1399100 2015.6
1399110 2015.6
1399120 2010.3
1399130 2005.0
1399140 2005.0
1399150 1999.9
1399160 1994.9
1399170 1989.8
1399180 1989.8
1399190 1985.3
1399200 1981.0
1399210 1981.0
1399220 1976.4
1399230 1971.2
1399240 1971.2
1399250 1966.2
1399260 1962.1
1399270 1962.1
1399280 1958.8
1399290 1956.0
1399300 1956.0
1399310 1952.7
1399320 1946.4
1399330 1938.3
1399340 1938.3
1399350 1930.6
1399360 1923.1
1399370 1923.1
1399380 1916.6
1399390 1910.0
1399400 1910.0
1399410 1905.4
1399420 1904.9
1399430 1904.9
1399440 1905.0
1399450 1908.1
1399460 1908.1
1399470 1912.2
1399480 1914.1
1399490 1913.4
1399500 1913.4
1399510 1911.9
1399520 1908.6
1399530 1908.6
1399540 1904.0
1399550 1901.4
1399560 1901.4
1399570 1901.0
1399580 1899.5
1399590 1899.5
1399600 1897.2
1399610 1895.2
1399620 1895.2
1399630 1894.4
1399640 1894.0
1399650 1892.9
1399660 1892.9
1399670 1892.0
1399680 1891.4
1399690 1891.4
1399700 1891.0
1399710 1891.5
1399720 1891.5
1399730 1891.6
1399740 1890.9
1399750 1890.9
1399760 1891.1
1399770 1891.8
1399780 1891.8
1399790 1892.6
1399800 1894.3
1399810 1894.3
1399820 1895.9
1399830 1897.2
1399840 1899.0
1399850 1899.0
1399860 1899.7
1399870 1901.8
1399880 1901.8
1399890 1904.9
1399900 1908.5
1399910 1908.5
1399920 1912.0
1399930 1915.7
1399940 1915.7
1399950 1919.2
1399960 1922.2
1399970 1922.2
1399980 1925.4
1399990 1929.9
