1395930 2072.4
1395940 2073.2
1395950 2073.2
1395960 2075.6
1395970 2078.5
1395980 2078.5
1395990 2082.1
1396000 2086.4
1396010 2086.4
1396020 2091.2
1396030 2096.5
1396040 2096.5
1396050 2101.9
1396060 2106.8
1396070 2106.8
1396080 2112.1
1396090 2117.5
1396100 2123.1
1396110 2123.1
1396120 2128.4
1396130 2133.8
1396140 2133.8
1396150 2139.8
1396160 2148.0
1396170 2148.0
1396180 2158.6
1396190 2164.7
1396200 2164.7
1396210 2171.0
1396220 2178.6
1396230 2178.6
1396240 2185.6
1396250 2191.9
1396260 2199.0
1396270 2199.0
1396280 2206.5
1396290 2214.3
1396300 2214.3
1396310 2222.1
1396320 2229.4
1396330 2229.4
1396340 2234.9
1396350 2238.0
1396360 2238.0
1396370 2239.0
1396380 2238.7
1396390 2238.7
1396400 2236.9
1396410 2226.9
1396420 2222.5
1396430 2222.5
1396440 2219.0
1396450 2217.8
1396460 2217.8
1396470 2217.6
1396480 2219.1
1396490 2219.1
1396500 2221.0
1396510 2222.9
1396520 2222.9
1396530 2223.6
1396540 2228.3
1396550 2228.3
1396560 2235.2
1396570 2253.6
1396580 2281.0
1396590 2281.0
1396600 2303.9
1396610 2315.0
1396620 2315.0
1396630 2313.7
1396640 2330.0
1396650 2330.0
1396660 2345.7
1396670 2344.8
1396680 2344.8
1396690 2341.9
1396700 2337.5
1396710 2337.5
1396720 2329.4
1396730 2328.2
1396740 2333.1
1396750 2333.1
1396760 2339.6
1396770 2350.0
1396780 2350.0
1396790 2360.3
1396800 2370.0
1396810 2370.0
1396820 2376.6
1396830 2383.4
1396840 2383.4
1396850 2392.5
1396860 2399.2
1396870 2399.2
1396880 2401.5
1396890 2401.8
1396900 2402.5
1396910 2402.5
1396920 2406.1
1396930 2412.2
1396940 2412.2
1396950 2417.0
1396960 2423.3
1396970 2423.3
1396980 2428.7
1396990 2433.1
1397000 2433.1
1397010 2438.4
1397020 2443.1
1397030 2443.1
1397040 2447.9
1397050 2454.6
1397060 2462.0
1397070 2462.0
1397080 2469.4
1397090 2476.7
1397100 2476.7
1397110 2483.6
1397120 2490.1
1397130 2490.1
1397140 2496.3
1397150 2502.2
1397160 2502.2
1397170 2507.5
1397180 2510.2
1397190 2510.2
1397200 2509.2
1397210 2508.9
1397220 2507.8
1397230 2507.8
1397240 2507.0
1397250 2508.9
1397260 2508.9
1397270 2507.4
1397280 2506.5
1397290 2506.5
1397300 2507.2
1397310 2508.0
1397320 2508.0
1397330 2503.6
1397340 2498.7
1397350 2498.7
1397360 2493.6
1397370 2484.6
1397380 2476.8
1397390 2476.8
1397400 2470.4
1397410 2462.1
1397420 2462.1
1397430 2454.5
1397440 2448.6
1397450 2448.6
1397460 2442.8
1397470 2437.7
1397480 2437.7
1397490 2432.1
1397500 2426.2
1397510 2426.2
1397520 2420.4
1397530 2414.8
1397540 2409.2
1397550 2409.2
1397560 2402.5
1397570 2396.1
1397580 2396.1
1397590 2392.5
1397600 2390.0
1397610 2390.0
1397620 2386.4
1397630 2381.1
1397640 2381.1
1397650 2376.3
1397660 2373.4
1397670 2373.4
1397680 2371.6
1397690 2369.5
1397700 2368.3
1397710 2368.3
1397720 2369.0
1397730 2370.1
1397740 2370.1
1397750 2370.3
1397760 2370.8
1397770 2370.8
1397780 2373.2
1397790 2374.6
1397800 2374.6
1397810 2375.1
1397820 2377.6
1397830 2377.6
1397840 2381.0
1397850 2391.3
1397860 2394.7
1397870 2394.7
1397880 2397.8
1397890 2398.0
1397900 2398.0
1397910 2401.2
1397920 2406.7
1397930 2406.7
1397940 2409.2
1397950 2412.7
1397960 2412.7
1397970 2419.6
1397980 2422.1
1397990 2422.1
1398000 2423.5
1398010 2424.2
1398020 2424.9
1398030 2424.9
1398040 2426.0
1398050 2426.4
1398060 2426.4
1398070 2427.1
1398080 2427.9
1398090 2427.9
1398100 2427.6
1398110 2428.0
1398120 2428.0
1398130 2428.5
1398140 2428.4
1398150 2428.4
1398160 2428.1
1398170 2429.5
1398180 2432.6
1398190 2432.6
1398200 2432.5
1398210 2431.6
1398220 2431.6
1398230 2431.6
1398240 2435.2
1398250 2435.2
1398260 2438.1
1398270 2437.2
1398280 2437.2
1398290 2435.3
1398300 2437.5
1398310 2437.5
1398320 2440.2
1398330 2438.1
1398340 2433.7
1398350 2433.7
1398360 2423.0
1398370 2410.1
1398380 2410.1
1398390 2397.9
1398400 2386.8
1398410 2386.8
1398420 2374.6
1398430 2362.0
1398440 2362.0
1398450 2350.1
1398460 2335.2
1398470 2335.2
1398480 2320.6
1398490 2306.5
1398500 2294.7
1398510 2294.7
1398520 2285.4
1398530 2277.5
1398540 2277.5
1398550 2269.8
1398560 2262.0
1398570 2262.0
1398580 2251.9
1398590 2244.2
1398600 2244.2
1398610 2236.3
1398620 2228.8
1398630 2228.8
1398640 2221.5
1398650 2215.0
1398660 2208.7
1398670 2208.7
1398680 2202.3
1398690 2195.5
1398700 2195.5
1398710 2187.7
1398720 2180.4
1398730 2180.4
1398740 2173.6
1398750 2166.9
1398760 2166.9
1398770 2160.3
1398780 2153.9
1398790 2153.9
1398800 2147.6
1398810 2141.2
1398820 2135.0
1398830 2135.0
1398840 2129.0
1398850 2123.4
1398860 2123.4
1398870 2118.2
1398880 2113.2
1398890 2113.2
1398900 2105.9
1398910 2097.3
1398920 2097.3
1398930 2091.2
1398940 2085.2
1398950 2085.2
1398960 2079.0
1398970 2072.6
1398980 2064.8
1398990 2064.8
1399000 2059.2
1399010 2055.6
1399020 2055.6
1399030 2052.6
1399040 2049.3
1399050 2049.3
1399060 2045.9
1399070 2042.1
1399080 2042.1
1399090 2037.8
1399100 2032.4
1399110 2032.4
1399120 2026.2
1399130 2019.6
1399140 2013.5
1399150 2013.5
1399160 2007.8
1399170 2002.7
1399180 2002.7
1399190 1999.3
1399200 1997.2
1399210 1997.2
1399220 1994.1
1399230 1987.6
1399240 1987.6
1399250 1977.5
1399260 1963.2
1399270 1963.2
1399280 1952.6
1399290 1944.4
1399300 1936.0
1399310 1935.4
1399320 1929.4
1399330 1924.3
1399340 1924.3
1399350 1919.7
1399360 1915.6
1399370 1915.6
1399380 1912.0
1399390 1908.4
1399400 1908.4
1399410 1903.8
1399420 1897.4
1399430 1897.4
1399440 1889.5
1399450 1882.8
1399460 1878.7
1399470 1878.7
1399480 1875.9
1399490 1873.3
1399500 1873.3
1399510 1874.0
1399520 1876.3
1399530 1876.3
1399540 1877.0
1399550 1875.2
1399560 1875.2
1399570 1874.3
1399580 1874.5
1399590 1874.5
1399600 1877.9
1399610 1877.3
1399620 1877.3
1399630 1875.6
1399640 1873.2
1399650 1870.2
1399660 1870.2
1399670 1866.9
1399680 1864.4
1399690 1864.4
1399700 1864.5
1399710 1864.2
1399720 1864.2
1399730 1864.4
1399740 1863.4
1399750 1863.4
1399760 1863.4
1399770 1863.1
1399780 1863.1
1399790 1862.8
1399800 1863.8
1399810 1864.4
1399820 1864.4
1399830 1865.0
1399840 1866.1
1399850 1866.1
1399860 1867.7
1399870 1870.4
1399880 1870.4
1399890 1872.4
1399900 1874.5
1399910 1874.5
1399920 1876.0
1399930 1877.7
1399940 1877.7
1399950 1880.0
1399960 1882.7
1399970 1884.7
1399980 1884.7
1399990 1886.1
