1395220 2164.2
1395230 2164.2
1395240 2163.1
1395250 2163.5
1395260 2163.5
1395270 2165.6
1395280 2168.9
1395290 2168.9
1395300 2170.8
1395310 2169.7
1395320 2169.7
1395330 2167.9
1395340 2166.7
1395350 2166.7
1395360 2166.1
1395370 2166.1
1395380 2167.0
1395390 2167.0
1395400 2168.8
1395410 2170.5
1395420 2170.5
1395430 2172.6
1395440 2174.6
1395450 2174.6
1395460 2176.7
1395470 2179.0
1395480 2179.0
1395490 2181.7
1395500 2184.5
1395510 2184.5
1395520 2187.4
1395530 2190.2
1395540 2192.3
1395550 2192.3
1395560 2190.7
1395570 2189.3
1395580 2189.3
1395590 2193.4
1395600 2197.8
1395610 2197.8
1395620 2204.2
1395630 2210.7
1395640 2210.7
1395650 2216.8
1395660 2223.0
1395670 2223.0
1395680 2229.6
1395690 2236.4
1395700 2242.4
1395710 2242.4
1395720 2247.3
1395730 2250.0
1395740 2250.0
1395750 2250.6
1395760 2251.4
1395770 2251.4
1395780 2252.9
1395790 2253.6
1395800 2253.6
1395810 2251.9
1395820 2248.5
1395830 2248.5
1395840 2244.9
1395850 2242.8
1395860 2242.0
1395870 2242.0
1395880 2241.0
1395890 2237.7
1395900 2237.7
1395910 2230.5
1395920 2224.4
1395930 2224.4
1395940 2220.2
1395950 2217.3
1395960 2217.3
1395970 2216.9
1395980 2219.4
1395990 2219.4
1396000 2222.9
1396010 2226.5
1396020 2230.1
1396030 2230.1
1396040 2233.5
1396050 2236.1
1396060 2236.1
1396070 2239.0
1396080 2243.2
1396090 2243.2
1396100 2249.3
1396110 2259.2
1396120 2259.2
1396130 2272.6
1396140 2286.3
1396150 2286.3
1396160 2298.6
1396170 2308.8
1396180 2319.0
1396190 2319.0
1396200 2328.9
1396210 2341.2
1396220 2341.2
1396230 2355.2
1396240 2362.3
1396250 2362.3
1396260 2369.2
1396270 2379.9
1396280 2379.9
1396290 2386.2
1396300 2391.3
1396310 2391.3
1396320 2386.6
1396330 2377.0
1396340 2368.2
1396350 2368.2
1396360 2359.4
1396370 2353.4
1396380 2353.4
1396390 2346.9
1396400 2337.9
1396410 2337.9
1396420 2326.5
1396430 2315.1
1396440 2315.1
1396450 2297.2
1396460 2265.7
1396470 2265.7
1396480 2252.5
1396490 2244.9
1396500 2237.6
1396510 2237.6
1396520 2232.7
1396530 2231.4
1396540 2231.4
1396550 2229.2
1396560 2226.6
1396570 2226.6
1396580 2225.1
1396590 2225.7
1396600 2225.7
1396610 2228.7
1396620 2232.7
1396630 2232.7
1396640 2235.5
1396650 2236.7
1396660 2235.4
1396670 2235.4
1396680 2234.0
1396690 2234.6
1396700 2234.6
1396710 2235.0
1396720 2234.7
1396730 2234.7
1396740 2236.5
1396750 2238.3
1396760 2238.3
1396770 2238.7
1396780 2240.5
1396790 2240.5
1396800 2244.1
1396810 2249.1
1396820 2253.8
1396830 2253.8
1396840 2258.1
1396850 2261.3
1396860 2261.3
1396870 2263.1
1396880 2265.6
1396890 2265.6
1396900 2276.0
1396910 2283.0
1396920 2283.0
1396930 2290.9
1396940 2290.0
1396950 2290.0
1396960 2288.8
1396970 2297.6
1396980 2301.5
1396990 2301.5
1397000 2305.4
1397010 2303.9
1397020 2303.9
1397030 2301.3
1397040 2308.0
1397050 2308.0
1397060 2316.8
1397070 2336.3
1397080 2336.3
1397090 2357.1
1397100 2364.6
1397110 2364.6
1397120 2365.1
1397130 2370.1
1397140 2373.5
1397150 2373.5
1397160 2379.0
1397170 2380.6
1397180 2380.6
1397190 2389.3
1397200 2398.0
1397210 2398.0
1397220 2402.2
1397230 2409.1
1397240 2409.1
1397250 2415.7
1397260 2409.8
1397270 2409.8
1397280 2399.6
1397290 2389.6
1397300 2380.9
1397310 2380.9
1397320 2368.6
1397330 2356.4
1397340 2355.1
1397350 2346.7
1397360 2339.2
1397370 2339.2
1397380 2332.2
1397390 2325.3
1397400 2325.3
1397410 2318.5
1397420 2312.4
1397430 2312.4
1397440 2307.5
1397450 2303.1
1397460 2299.7
1397470 2299.7
1397480 2296.9
1397490 2296.6
1397500 2296.6
1397510 2296.9
1397520 2298.6
1397530 2298.6
1397540 2297.0
1397550 2294.3
1397560 2294.3
1397570 2292.5
1397580 2290.2
1397590 2290.2
1397600 2288.5
1397610 2287.9
1397620 2286.4
1397630 2286.4
1397640 2284.6
1397650 2283.4
1397660 2283.4
1397670 2281.8
1397680 2280.0
1397690 2280.0
1397700 2277.4
1397710 2274.0
1397720 2274.0
1397730 2271.6
1397740 2269.6
1397750 2269.6
1397760 2268.9
1397770 2267.2
1397780 2263.3
1397790 2263.3
1397800 2259.2
1397810 2257.1
1397820 2257.1
1397830 2255.2
1397840 2253.5
1397850 2253.5
1397860 2250.9
1397870 2248.8
1397880 2248.8
1397890 2247.5
1397900 2246.3
1397910 2246.3
1397920 2245.1
1397930 2244.2
1397940 2241.6
1397950 2241.6
1397960 2238.3
1397970 2234.8
1397980 2234.8
1397990 2232.9
1398000 2232.7
1398010 2232.7
1398020 2233.4
1398030 2234.1
1398040 2234.1
1398050 2235.6
1398060 2234.9
1398070 2234.9
1398080 2232.3
1398090 2229.8
1398100 2228.3
1398110 2228.3
1398120 2227.6
1398130 2228.1
1398140 2228.1
1398150 2228.2
1398160 2227.8
1398170 2227.8
1398180 2228.2
1398190 2228.7
1398200 2228.7
1398210 2230.9
1398220 2232.5
1398230 2232.5
1398240 2232.4
1398250 2231.2
1398260 2229.1
1398270 2229.1
1398280 2227.4
1398290 2226.2
1398300 2226.2
1398310 2224.0
1398320 2221.5
1398330 2221.5
1398340 2218.7
1398350 2215.9
1398360 2215.9
1398370 2215.5
1398380 2215.1
1398390 2215.1
1398400 2212.8
1398410 2209.2
1398420 2208.9
1398430 2208.9
1398440 2208.9
1398450 2205.1
1398460 2205.1
1398470 2202.1
1398480 2200.8
1398490 2200.8
1398500 2195.4
1398510 2188.4
1398520 2188.4
1398530 2181.0
1398540 2173.4
1398550 2173.4
1398560 2164.8
1398570 2157.5
1398580 2157.5
1398590 2149.0
1398600 2141.5
1398610 2130.5
1398620 2130.5
1398630 2125.8
1398640 2124.0
1398650 2124.0
1398660 2122.6
1398670 2117.2
1398680 2117.2
1398690 2111.6
1398700 2109.3
1398710 2109.3
1398720 2107.7
1398730 2107.1
1398740 2107.1
1398750 2106.5
1398760 2106.1
1398770 2105.8
1398780 2105.8
1398790 2107.6
1398800 2107.4
1398810 2107.4
1398820 2107.4
1398830 2108.2
1398840 2108.2
1398850 2109.7
1398860 2110.8
1398870 2110.8
1398880 2111.1
1398890 2110.8
1398900 2110.8
1398910 2109.3
1398920 2105.1
1398930 2099.5
1398940 2099.5
1398950 2092.2
1398960 2084.3
1398970 2084.3
1398980 2076.1
1398990 2070.6
1399000 2070.6
1399010 2067.2
1399020 2065.3
1399030 2065.3
1399040 2065.4
1399050 2066.1
1399060 2066.1
1399070 2064.9
1399080 2063.1
1399090 2060.9
1399100 2060.9
1399110 2057.6
1399120 2054.4
1399130 2054.4
1399140 2049.6
1399150 2042.2
1399160 2042.2
1399170 2031.9
1399180 2020.0
1399190 2020.0
1399200 2010.5
1399210 2002.9
1399220 2002.9
1399230 1995.8
1399240 1988.9
1399250 1982.7
1399260 1982.7
1399270 1977.0
1399280 1967.9
1399290 1967.9
1399300 1958.6
1399310 1951.6
1399320 1951.6
1399330 1945.9
1399340 1940.5
1399350 1940.5
1399360 1935.1
1399370 1928.8
1399380 1928.8
1399390 1917.9
1399400 1907.1
1399410 1898.6
1399420 1898.6
1399430 1890.4
1399440 1882.4
1399450 1882.4
1399460 1874.4
1399470 1866.1
1399480 1866.1
1399490 1858.3
1399500 1850.4
1399510 1850.4
1399520 1842.3
1399530 1834.9
1399540 1834.9
1399550 1829.3
1399560 1823.7
1399570 1817.7
1399580 1817.7
1399590 1811.4
1399600 1806.1
1399610 1806.1
1399620 1800.9
1399630 1794.9
1399640 1794.9
1399650 1788.9
1399660 1782.5
1399670 1782.5
1399680 1776.6
1399690 1771.8
1399700 1771.8
1399710 1767.3
1399720 1762.2
1399730 1756.6
1399740 1756.6
1399750 1750.9
1399760 1746.1
1399770 1746.1
1399780 1740.8
1399790 1736.4
1399800 1736.4
1399810 1734.2
1399820 1731.7
1399830 1731.7
1399840 1728.4
1399850 1725.4
1399860 1725.4
1399870 1722.0
1399880 1718.3
1399890 1713.9
1399900 1713.9
1399910 1710.1
1399920 1707.6
1399930 1707.6
1399940 1705.5
1399950 1703.8
1399960 1703.8
1399970 1702.3
1399980 1701.1
1399990 1701.1
