1388340 2241.6
1388350 2241.6
1388360 2242.4
1388370 2244.6
1388380 2244.6
1388390 2247.8
1388400 2252.3
1388410 2252.3
1388420 2257.3
1388430 2262.5
1388440 2262.5
1388450 2267.9
1388460 2273.0
1388470 2277.8
1388480 2277.8
1388490 2282.7
1388500 2287.7
1388510 2287.7
1388520 2293.0
1388530 2298.8
1388540 2298.8
1388550 2305.2
1388560 2312.4
1388570 2312.4
1388580 2321.4
1388590 2329.2
1388600 2329.2
1388610 2334.7
1388620 2337.2
1388630 2339.1
1388640 2339.1
1388650 2341.7
1388660 2344.7
1388670 2344.7
1388680 2349.0
1388690 2353.6
1388700 2353.6
1388710 2358.9
1388720 2364.1
1388730 2364.1
1388740 2369.4
1388750 2375.4
1388760 2375.4
1388770 2382.9
1388780 2392.0
1388790 2400.7
1388800 2400.7
1388810 2410.9
1388820 2421.1
1388830 2421.1
1388840 2430.7
1388850 2437.4
1388860 2437.4
1388870 2442.5
1388880 2447.7
1388890 2447.7
1388900 2452.7
1388910 2458.2
1388920 2458.2
1388930 2463.7
1388940 2469.8
1388950 2476.1
1388960 2476.1
1388970 2481.6
1388980 2486.9
1388990 2486.9
1389000 2492.0
1389010 2498.0
1389020 2498.0
1389030 2504.9
1389040 2512.8
1389050 2512.8
1389060 2520.6
1389070 2526.5
1389080 2521.7
1389090 2526.3
1389100 2528.2
1389110 2528.2
1389120 2528.2
1389130 2530.1
1389140 2533.6
1389150 2533.6
1389160 2538.5
1389170 2539.7
1389180 2539.7
1389190 2535.9
1389200 2531.5
1389210 2531.5
1389220 2526.7
1389230 2520.5
1389240 2520.5
1389250 2515.2
1389260 2511.5
1389270 2508.4
1389280 2508.4
1389290 2504.5
1389300 2502.0
1389310 2502.0
1389320 2501.2
1389330 2499.9
1389340 2499.9
1389350 2498.0
1389360 2494.4
1389370 2494.4
1389380 2490.2
1389390 2486.3
1389400 2486.3
1389410 2482.4
1389420 2476.5
1389430 2469.1
1389440 2469.1
1389450 2463.3
1389460 2461.2
1389470 2461.2
1389480 2462.6
1389490 2463.6
1389500 2463.6
1389510 2462.9
1389520 2461.1
1389530 2461.1
1389540 2457.7
1389550 2454.9
1389560 2454.9
1389570 2454.1
1389580 2452.8
1389590 2449.3
1389600 2449.3
1389610 2446.4
1389620 2444.8
1389630 2444.8
1389640 2443.1
1389650 2441.3
1389660 2441.3
1389670 2440.3
1389680 2440.5
1389690 2440.5
1389700 2442.5
1389710 2443.8
1389720 2443.8
1389730 2444.4
1389740 2443.9
1389750 2443.6
1389760 2443.6
1389770 2444.7
1389780 2445.2
1389790 2445.2
1389800 2445.6
1389810 2447.1
1389820 2447.1
1389830 2451.2
1389840 2455.3
1389850 2455.3
1389860 2458.0
1389870 2459.5
1389880 2459.5
1389890 2461.7
1389900 2464.3
1389910 2471.8
1389920 2471.8
1389930 2475.8
1389940 2477.4
1389950 2477.4
1389960 2478.0
1389970 2478.6
1389980 2478.6
1389990 2479.3
1390000 2479.9
1390010 2479.9
1390020 2478.8
1390030 2476.4
1390040 2476.4
1390050 2473.5
1390060 2471.1
1390070 2471.1
1390080 2469.2
1390090 2467.2
1390100 2466.0
1390110 2466.0
1390120 2467.4
1390130 2469.4
1390140 2469.4
1390150 2472.0
1390160 2477.2
1390170 2477.2
1390180 2482.6
1390190 2480.7
1390200 2480.7
1390210 2476.4
1390220 2476.2
1390230 2476.2
1390240 2479.6
1390250 2477.8
1390260 2471.6
1390270 2471.6
1390280 2466.2
1390290 2460.5
1390300 2460.5
1390310 2456.3
1390320 2455.7
1390330 2455.7
1390340 2456.9
1390350 2452.5
1390360 2452.5
1390370 2448.9
1390380 2445.3
1390390 2445.3
1390400 2442.7
1390410 2438.6
1390420 2434.6
1390430 2434.6
1390440 2431.7
1390450 2430.1
1390460 2430.1
1390470 2429.4
1390480 2428.4
1390490 2428.4
1390500 2425.4
1390510 2422.9
1390520 2422.9
1390530 2421.7
1390540 2421.6
1390550 2421.6
1390560 2423.1
1390570 2424.3
1390580 2425.1
1390590 2425.1
1390600 2428.0
1390610 2430.8
1390620 2430.8
1390630 2432.5
1390640 2433.9
1390650 2433.9
1390660 2434.0
1390670 2434.2
1390680 2434.2
1390690 2437.9
1390700 2440.7
1390710 2440.7
1390720 2440.6
1390730 2438.2
1390740 2438.1
1390750 2438.1
1390760 2439.6
1390770 2441.2
1390780 2441.2
1390790 2442.6
1390800 2445.0
1390810 2445.0
1390820 2447.3
1390830 2450.5
1390840 2450.5
1390850 2454.3
1390860 2461.3
1390870 2461.3
1390880 2466.1
1390890 2468.9
1390900 2472.9
1390910 2472.9
1390920 2476.4
1390930 2481.4
1390940 2481.4
1390950 2487.6
1390960 2494.3
1390970 2494.3
1390980 2500.2
1390990 2509.2
1391000 2509.2
1391010 2519.9
1391020 2528.9
1391030 2528.9
1391040 2536.9
1391050 2543.5
1391060 2549.7
1391070 2549.7
1391080 2555.4
1391090 2564.8
1391100 2564.8
1391110 2572.0
1391120 2575.0
1391130 2575.0
1391140 2575.1
1391150 2576.7
1391160 2576.7
1391170 2583.0
1391180 2587.6
1391190 2587.6
1391200 2587.1
1391210 2584.4
1391220 2581.0
1391230 2581.0
1391240 2577.4
1391250 2574.6
1391260 2574.6
1391270 2571.9
1391280 2568.8
1391290 2568.8
1391300 2565.3
1391310 2562.6
1391320 2562.6
1391330 2559.6
1391340 2559.6
1391350 2559.6
1391360 2561.9
1391370 2563.0
1391380 2565.2
1391390 2565.2
1391400 2568.4
1391410 2572.4
1391420 2572.4
1391430 2579.1
1391440 2586.4
1391450 2586.4
1391460 2592.4
1391470 2598.4
1391480 2598.4
1391490 2603.1
1391500 2605.6
1391510 2605.6
1391520 2608.5
1391530 2606.0
1391540 2598.8
1391550 2598.8
1391560 2591.4
1391570 2583.8
1391580 2583.8
1391590 2577.8
1391600 2573.1
1391610 2573.1
1391620 2567.7
1391630 2561.8
1391640 2561.8
1391650 2556.3
1391660 2550.0
1391670 2550.0
1391680 2542.6
1391690 2534.7
1391700 2534.7
1391710 2526.9
1391720 2519.8
1391730 2513.8
1391740 2513.8
1391750 2504.7
1391760 2498.8
1391770 2498.8
1391780 2494.3
1391790 2491.0
1391800 2491.0
1391810 2488.0
1391820 2486.3
1391830 2486.3
1391840 2484.3
1391850 2483.4
1391860 2483.4
1391870 2484.2
1391880 2485.2
1391890 2485.7
1391900 2485.7
1391910 2487.7
1391920 2490.2
1391930 2490.2
1391940 2493.4
1391950 2496.9
1391960 2496.9
1391970 2499.7
1391980 2502.4
1391990 2502.4
1392000 2505.9
1392010 2509.6
1392020 2509.6
1392030 2513.5
1392040 2518.1
1392050 2525.0
1392060 2525.0
1392070 2534.9
1392080 2546.0
1392090 2546.0
1392100 2557.5
1392110 2570.0
1392120 2570.0
1392130 2581.3
1392140 2589.2
1392150 2589.2
1392160 2590.2
1392170 2585.7
1392180 2585.7
1392190 2580.3
1392200 2574.4
1392210 2569.0
1392220 2569.0
1392230 2564.0
1392240 2559.6
1392250 2559.6
1392260 2555.6
1392270 2552.3
1392280 2552.3
1392290 2547.3
1392300 2541.2
1392310 2541.2
1392320 2536.0
1392330 2532.1
1392340 2532.1
1392350 2528.8
1392360 2525.4
1392370 2522.4
1392380 2522.4
1392390 2518.4
1392400 2513.5
1392410 2513.5
1392420 2511.4
1392430 2510.5
1392440 2510.5
1392450 2510.0
1392460 2509.4
1392470 2509.4
1392480 2510.4
1392490 2508.7
1392500 2508.7
1392510 2507.8
1392520 2508.3
1392530 2507.5
1392540 2507.5
1392550 2506.8
1392560 2507.6
1392570 2507.6
1392580 2508.0
1392590 2509.3
1392600 2509.3
1392610 2507.7
1392620 2508.9
1392630 2508.9
1392640 2513.0
1392650 2516.2
1392660 2516.2
1392670 2519.7
1392680 2519.5
1392690 2522.5
1392700 2522.5
1392710 2529.1
1392720 2537.1
1392730 2537.1
1392740 2542.2
1392750 2542.4
1392760 2542.4
1392770 2542.7
1392780 2544.7
1392790 2544.7
1392800 2546.9
1392810 2548.7
1392820 2548.7
1392830 2552.1
1392840 2557.4
1392850 2564.5
1392860 2564.5
1392870 2573.6
1392880 2581.1
1392890 2581.1
1392900 2588.5
1392910 2596.9
1392920 2596.9
1392930 2605.7
1392940 2610.7
1392950 2610.7
1392960 2611.6
1392970 2611.8
1392980 2611.8
1392990 2613.9
1393000 2614.3
1393010 2613.9
1393020 2613.9
1393030 2613.6
1393040 2612.7
1393050 2612.7
1393060 2612.2
1393070 2613.4
1393080 2613.4
1393090 2616.4
1393100 2619.1
1393110 2621.7
1393120 2624.5
1393130 2625.2
1393140 2625.2
1393150 2625.8
1393160 2629.0
1393170 2631.8
1393180 2631.8
1393190 2635.4
1393200 2640.3
1393210 2640.3
1393220 2644.5
1393230 2648.2
1393240 2648.2
1393250 2651.6
1393260 2655.9
1393270 2655.9
1393280 2654.5
1393290 2655.5
1393300 2655.5
1393310 2662.6
1393320 2658.5
1393330 2658.5
1393340 2657.1
1393350 2650.2
1393360 2643.7
1393370 2643.7
1393380 2638.5
1393390 2630.7
1393400 2630.7
1393410 2620.5
1393420 2601.9
1393430 2601.9
1393440 2588.1
1393450 2577.8
1393460 2577.8
1393470 2571.0
1393480 2557.3
1393490 2557.3
1393500 2540.9
1393510 2509.3
1393520 2488.0
1393530 2488.0
1393540 2475.2
1393550 2452.5
1393560 2452.5
1393570 2435.3
1393580 2429.4
1393590 2429.4
1393600 2424.0
1393610 2419.5
1393620 2419.5
1393630 2416.4
1393640 2413.8
1393650 2413.8
1393660 2410.5
1393670 2406.2
1393680 2402.1
1393690 2402.1
1393700 2399.8
1393710 2399.9
1393720 2399.9
1393730 2401.6
1393740 2402.2
1393750 2402.2
1393760 2402.3
1393770 2402.7
1393780 2402.7
1393790 2404.7
1393800 2406.8
1393810 2406.8
1393820 2408.3
1393830 2410.7
1393840 2420.6
1393850 2420.6
1393860 2429.9
1393870 2436.7
1393880 2436.7
1393890 2439.1
1393900 2468.2
1393910 2468.2
1393920 2494.9
1393930 2511.3
1393940 2511.3
1393950 2527.2
1393960 2544.3
1393970 2544.3
1393980 2545.5
1393990 2537.3
1394000 2531.9
1394010 2531.9
1394020 2523.8
1394030 2514.3
1394040 2514.3
1394050 2503.3
1394060 2493.7
1394070 2493.7
1394080 2487.1
1394090 2482.1
1394100 2482.1
1394110 2475.1
1394120 2469.6
1394130 2469.6
1394140 2463.7
1394150 2458.5
1394160 2451.3
1394170 2451.3
1394180 2441.8
1394190 2429.7
1394200 2429.7
1394210 2414.3
1394220 2401.9
1394230 2401.9
1394240 2392.0
1394250 2382.5
1394260 2382.5
1394270 2371.0
1394280 2359.7
1394290 2359.7
1394300 2349.3
1394310 2337.1
1394320 2315.6
1394330 2315.6
1394340 2293.5
1394350 2276.4
1394360 2276.4
1394370 2265.7
1394380 2262.0
1394390 2262.0
1394400 2259.1
1394410 2254.5
1394420 2254.5
1394430 2249.0
1394440 2242.8
1394450 2242.8
1394460 2236.9
1394470 2231.7
1394480 2224.9
1394490 2224.9
1394500 2223.0
1394510 2204.8
1394520 2204.8
1394530 2193.6
1394540 2192.1
1394550 2192.1
1394560 2193.8
1394570 2196.7
1394580 2196.7
1394590 2198.2
1394600 2200.6
1394610 2200.6
1394620 2205.3
1394630 2218.6
1394640 2225.6
1394650 2225.6
1394660 2228.5
1394670 2222.2
1394680 2222.2
1394690 2203.6
1394700 2197.8
1394710 2197.8
1394720 2193.8
1394730 2190.2
1394740 2190.2
1394750 2190.4
1394760 2189.7
1394770 2189.7
1394780 2188.8
1394790 2186.5
1394800 2185.1
1394810 2185.1
1394820 2183.6
1394830 2183.6
1394840 2183.6
1394850 2186.7
1394860 2192.0
1394870 2192.0
1394880 2201.0
1394890 2216.7
1394900 2216.7
1394910 2222.1
1394920 2220.3
1394930 2220.3
1394940 2217.4
1394950 2217.9
1394960 2217.9
1394970 2218.7
1394980 2214.6
1394990 2210.2
1395000 2210.2
1395010 2208.6
1395020 2209.0
1395030 2209.0
1395040 2209.8
1395050 2211.2
1395060 2211.2
1395070 2213.1
1395080 2216.5
1395090 2216.5
1395100 2219.9
1395110 2221.7
1395120 2221.7
1395130 2224.4
1395140 2226.7
1395150 2229.1
1395160 2229.1
1395170 2232.4
1395180 2237.2
1395190 2237.2
1395200 2243.1
1395210 2249.2
1395220 2249.2
1395230 2255.8
1395240 2263.1
1395250 2263.1
1395260 2270.3
1395270 2278.4
1395280 2278.4
1395290 2288.9
1395300 2301.0
1395310 2309.7
1395320 2309.7
1395330 2318.9
1395340 2326.4
1395350 2326.4
1395360 2333.2
1395370 2338.1
1395380 2338.1
1395390 2340.7
1395400 2339.5
1395410 2339.5
1395420 2333.9
1395430 2327.1
1395440 2327.1
1395450 2319.0
1395460 2311.6
1395470 2305.7
1395480 2305.7
1395490 2300.1
1395500 2294.7
1395510 2294.7
1395520 2289.4
1395530 2283.8
1395540 2283.8
1395550 2278.2
1395560 2273.8
1395570 2273.8
1395580 2269.4
1395590 2265.2
1395600 2265.2
1395610 2261.0
1395620 2257.6
1395630 2254.8
1395640 2254.8
1395650 2251.5
1395660 2247.4
1395670 2247.4
1395680 2243.8
1395690 2241.5
1395700 2241.5
1395710 2239.7
1395720 2237.4
1395730 2237.4
1395740 2234.9
1395750 2231.1
1395760 2231.1
1395770 2226.5
1395780 2220.7
1395790 2214.6
1395800 2214.6
1395810 2207.6
1395820 2201.0
1395830 2201.0
1395840 2197.9
1395850 2197.4
1395860 2197.4
1395870 2198.4
1395880 2200.3
1395890 2200.3
1395900 2201.7
1395910 2201.9
1395920 2201.9
1395930 2201.5
1395940 2196.9
1395950 2194.8
1395960 2194.8
1395970 2196.2
1395980 2196.2
1395990 2196.2
1396000 2195.6
1396010 2194.7
1396020 2194.7
1396030 2194.1
1396040 2193.7
1396050 2193.7
1396060 2193.1
1396070 2192.6
1396080 2192.6
1396090 2192.5
1396100 2193.2
1396110 2195.7
1396120 2195.7
1396130 2194.5
1396140 2192.9
1396150 2192.9
1396160 2196.3
1396170 2200.9
1396180 2200.9
1396190 2203.0
1396200 2204.1
1396210 2204.1
1396220 2205.6
1396230 2206.3
1396240 2206.3
1396250 2206.9
1396260 2206.6
1396270 2206.2
1396280 2206.2
1396290 2205.8
1396300 2205.5
1396310 2205.5
1396320 2205.9
1396330 2207.9
1396340 2207.9
1396350 2210.3
1396360 2212.6
1396370 2212.6
1396380 2211.5
1396390 2211.3
1396400 2211.3
1396410 2211.3
1396420 2209.9
1396430 2209.9
1396440 2213.2
1396450 2219.7
1396460 2226.8
1396470 2226.8
1396480 2234.5
1396490 2244.0
1396500 2244.0
1396510 2251.4
1396520 2256.9
1396530 2256.9
1396540 2259.9
1396550 2266.1
1396560 2266.1
1396570 2265.9
1396580 2265.7
1396590 2265.7
1396600 2265.7
1396610 2262.6
1396620 2254.9
1396630 2254.9
1396640 2243.4
1396650 2235.8
1396660 2235.8
1396670 2230.6
1396680 2226.3
1396690 2226.3
1396700 2224.5
1396710 2223.5
1396720 2223.5
1396730 2220.6
1396740 2216.2
1396750 2216.2
1396760 2211.2
1396770 2208.3
1396780 2206.1
1396790 2206.1
1396800 2204.9
1396810 2202.5
1396820 2202.5
1396830 2200.7
1396840 2197.3
1396850 2197.3
1396860 2195.7
1396870 2195.7
1396880 2195.7
1396890 2193.7
1396900 2189.2
1396910 2189.2
1396920 2184.9
1396930 2179.3
1396940 2173.1
1396950 2173.1
1396960 2169.4
1396970 2169.1
1396980 2169.1
1396990 2170.9
1397000 2173.2
1397010 2173.2
1397020 2175.0
1397030 2176.8
1397040 2176.8
1397050 2175.1
1397060 2170.1
1397070 2170.1
1397080 2164.4
1397090 2158.5
1397100 2154.7
1397110 2154.7
1397120 2153.1
1397130 2151.9
1397140 2151.9
1397150 2147.4
1397160 2143.1
1397170 2143.1
1397180 2140.8
1397190 2140.0
1397200 2140.0
1397210 2137.0
1397220 2132.4
1397230 2132.4
1397240 2126.1
1397250 2124.1
1397260 2122.7
1397270 2122.7
1397280 2120.3
1397290 2118.3
1397300 2118.3
1397310 2116.5
1397320 2113.4
1397330 2113.4
1397340 2110.5
1397350 2106.5
1397360 2106.5
1397370 2102.2
1397380 2093.5
1397390 2093.5
1397400 2084.7
1397410 2077.6
1397420 2071.2
1397430 2071.2
1397440 2065.3
1397450 2059.1
1397460 2059.1
1397470 2052.3
1397480 2047.6
1397490 2047.6
1397500 2044.2
1397510 2039.4
1397520 2039.4
1397530 2031.9
1397540 2025.5
1397550 2025.5
1397560 2020.5
1397570 2014.0
1397580 2003.8
1397590 2003.8
1397600 1993.7
1397610 1985.1
1397620 1985.1
1397630 1976.8
1397640 1971.2
1397650 1971.2
1397660 1966.1
1397670 1957.5
1397680 1957.5
1397690 1948.0
1397700 1940.1
1397710 1940.1
1397720 1933.6
1397730 1926.9
1397740 1921.8
1397750 1921.8
1397760 1917.8
1397770 1912.9
1397780 1912.9
1397790 1908.0
1397800 1905.3
1397810 1905.3
1397820 1903.1
1397830 1900.8
1397840 1900.8
1397850 1897.0
1397860 1893.8
1397870 1893.8
1397880 1890.0
1397890 1886.8
1397900 1883.6
1397910 1883.6
1397920 1879.8
1397930 1877.8
1397940 1877.8
1397950 1877.5
1397960 1878.0
1397970 1878.0
1397980 1879.4
1397990 1881.0
1398000 1881.0
1398010 1882.0
1398020 1882.4
1398030 1882.4
1398040 1885.6
1398050 1890.9
1398060 1890.9
1398070 1895.8
1398080 1897.9
1398090 1898.9
1398100 1898.9
1398110 1898.3
1398120 1897.9
1398130 1897.9
1398140 1899.0
1398150 1900.8
1398160 1900.8
1398170 1901.0
1398180 1901.9
1398190 1901.9
1398200 1903.8
1398210 1905.2
1398220 1905.2
1398230 1906.8
1398240 1908.8
1398250 1909.5
1398260 1909.5
1398270 1909.1
1398280 1909.2
1398290 1909.2
1398300 1910.0
1398310 1909.9
1398320 1909.9
1398330 1910.2
1398340 1910.7
1398350 1910.7
1398360 1912.2
1398370 1916.8
1398380 1916.8
1398390 1922.7
1398400 1928.9
1398410 1936.1
1398420 1936.1
1398430 1943.8
1398440 1952.0
1398450 1952.0
1398460 1959.8
1398470 1965.9
1398480 1965.9
1398490 1971.0
1398500 1976.5
1398510 1976.5
1398520 1981.2
1398530 1985.5
1398540 1985.5
1398550 1989.0
1398560 1991.9
1398570 1995.0
1398580 1995.0
1398590 1998.2
1398600 2002.4
1398610 2002.4
1398620 2007.3
1398630 2011.4
1398640 2011.4
1398650 2015.6
1398660 2021.2
1398670 2021.2
1398680 2026.9
1398690 2033.0
1398700 2033.0
1398710 2038.1
1398720 2042.7
1398730 2047.5
1398740 2047.5
1398750 2054.0
1398760 2061.6
1398770 2061.6
1398780 2066.8
1398790 2075.4
1398800 2075.4
1398810 2077.6
1398820 2079.7
1398830 2079.7
1398840 2083.5
1398850 2087.9
1398860 2087.9
1398870 2091.6
1398880 2095.0
1398890 2098.7
1398900 2098.7
1398910 2102.0
1398920 2106.1
1398930 2106.1
1398940 2111.2
1398950 2114.3
1398960 2114.3
1398970 2117.6
1398980 2123.5
1398990 2123.5
1399000 2130.6
1399010 2138.4
1399020 2138.4
1399030 2146.2
1399040 2153.8
1399050 2159.6
1399060 2159.6
1399070 2164.6
1399080 2171.1
1399090 2171.1
1399100 2177.7
1399110 2188.3
1399120 2188.3
1399130 2199.5
1399140 2210.6
1399150 2210.6
1399160 2228.3
1399170 2241.2
1399180 2241.2
1399190 2248.8
1399200 2256.1
1399210 2265.1
1399220 2265.1
1399230 2274.4
1399240 2285.2
1399250 2285.2
1399260 2295.3
1399270 2301.1
1399280 2301.1
1399290 2308.4
1399300 2319.4
1399310 2319.4
1399320 2327.5
1399330 2335.6
1399340 2335.6
1399350 2344.0
1399360 2355.7
1399370 2361.2
1399380 2361.2
1399390 2355.8
1399400 2347.2
1399410 2347.2
1399420 2338.6
1399430 2331.9
1399440 2331.9
1399450 2325.2
1399460 2318.2
1399470 2318.2
1399480 2310.9
1399490 2304.6
1399500 2304.6
1399510 2297.8
1399520 2286.0
1399530 2277.2
1399540 2277.2
1399550 2271.8
1399560 2267.7
1399570 2267.7
1399580 2266.1
1399590 2264.4
1399600 2264.4
1399610 2263.0
1399620 2259.7
1399630 2259.7
1399640 2253.8
1399650 2247.3
1399660 2247.3
1399670 2241.2
1399680 2236.9
1399690 2236.9
1399700 2233.0
1399710 2227.2
1399720 2219.8
1399730 2219.8
1399740 2213.6
1399750 2208.5
1399760 2208.5
1399770 2205.3
1399780 2203.0
1399790 2203.0
1399800 2201.5
1399810 2199.9
1399820 2199.9
1399830 2198.0
1399840 2195.9
1399850 2195.9
1399860 2193.9
1399870 2191.5
1399880 2187.6
1399890 2187.6
1399900 2182.6
1399910 2177.8
1399920 2177.8
1399930 2173.6
1399940 2169.7
1399950 2169.7
1399960 2166.1
1399970 2163.6
1399980 2163.6
1399990 2161.4
