1383650 2243.1
1383660 2241.8
1383670 2241.8
1383680 2241.6
1383690 2241.1
1383700 2241.1
1383710 2240.5
1383720 2240.8
1383730 2240.8
1383740 2241.7
1383750 2242.5
1383760 2242.5
1383770 2242.8
1383780 2243.1
1383790 2243.1
1383800 2243.3
1383810 2243.2
1383820 2243.2
1383830 2243.2
1383840 2243.2
1383850 2243.3
1383860 2243.3
1383870 2243.6
1383880 2243.4
1383890 2243.4
1383900 2242.8
1383910 2243.8
1383920 2243.8
1383930 2247.2
1383940 2248.6
1383950 2248.6
1383960 2248.1
1383970 2248.5
1383980 2249.7
1383990 2249.7
1384000 2250.4
1384010 2251.5
1384020 2251.5
1384030 2252.6
1384040 2253.8
1384050 2253.8
1384060 2255.8
1384070 2258.5
1384080 2258.5
1384090 2260.6
1384100 2263.3
1384110 2263.3
1384120 2266.1
1384130 2268.4
1384140 2268.4
1384150 2271.0
1384160 2273.2
1384170 2275.6
1384180 2275.6
1384190 2278.0
1384200 2280.8
1384210 2280.8
1384220 2283.8
1384230 2287.3
1384240 2287.3
1384250 2290.7
1384260 2294.0
1384270 2294.0
1384280 2297.1
1384290 2299.8
1384300 2299.8
1384310 2302.3
1384320 2304.3
1384330 2306.9
1384340 2306.9
1384350 2310.1
1384360 2308.8
1384370 2308.8
1384380 2311.6
1384390 2314.6
1384400 2314.6
1384410 2317.8
1384420 2320.4
1384430 2320.4
1384440 2323.2
1384450 2326.7
1384460 2326.7
1384470 2330.7
1384480 2334.8
1384490 2338.7
1384500 2338.7
1384510 2342.1
1384520 2345.3
1384530 2345.3
1384540 2348.7
1384550 2352.7
1384560 2352.7
1384570 2356.5
1384580 2359.9
1384590 2359.9
1384600 2363.6
1384610 2368.8
1384620 2368.8
1384630 2374.6
1384640 2380.2
1384650 2386.4
1384660 2386.4
1384670 2392.9
1384680 2399.1
1384690 2399.1
1384700 2407.7
1384710 2415.7
1384720 2415.7
1384730 2420.9
1384740 2423.8
1384750 2423.8
1384760 2425.8
1384770 2427.5
1384780 2427.5
1384790 2429.4
1384800 2431.2
1384810 2433.3
1384820 2433.3
1384830 2436.5
1384840 2441.1
1384850 2441.1
1384860 2444.8
1384870 2446.9
1384880 2446.9
1384890 2449.6
1384900 2452.2
1384910 2452.2
1384920 2454.6
1384930 2456.9
1384940 2456.9
1384950 2457.6
1384960 2457.6
1384970 2458.8
1384980 2458.8
1384990 2460.4
1385000 2461.7
1385010 2461.7
1385020 2464.1
1385030 2466.1
1385040 2466.1
1385050 2468.4
1385060 2471.1
1385070 2471.1
1385080 2471.8
1385090 2472.1
1385100 2472.1
1385110 2472.3
1385120 2472.8
1385130 2473.7
1385140 2473.7
1385150 2477.2
1385160 2482.2
1385170 2482.2
1385180 2488.3
1385190 2493.8
1385200 2493.8
1385210 2498.8
1385220 2503.8
1385230 2503.8
1385240 2508.8
1385250 2513.8
1385260 2513.8
1385270 2520.1
1385280 2529.4
1385290 2538.1
1385300 2538.1
1385310 2548.4
1385320 2559.0
1385330 2559.0
1385340 2563.0
1385350 2564.4
1385360 2564.4
1385370 2564.9
1385380 2565.0
1385390 2565.0
1385400 2563.9
1385410 2561.6
1385420 2561.6
1385430 2559.8
1385440 2558.5
1385450 2558.5
1385460 2557.8
1385470 2557.0
1385480 2557.1
1385490 2557.1
1385500 2557.0
1385510 2557.5
1385520 2557.5
1385530 2558.9
1385540 2559.9
1385550 2559.9
1385560 2560.4
1385570 2561.3
1385580 2561.3
1385590 2562.0
1385600 2564.2
1385610 2564.2
1385620 2559.3
1385630 2562.5
1385640 2566.3
1385650 2566.3
1385660 2570.8
1385670 2574.7
1385680 2574.7
1385690 2575.9
1385700 2574.5
1385710 2574.5
1385720 2573.2
1385730 2572.3
1385740 2572.3
1385750 2571.5
1385760 2570.7
1385770 2570.7
1385780 2572.5
1385790 2575.5
1385800 2576.5
1385810 2576.5
1385820 2574.0
1385830 2571.0
1385840 2571.0
1385850 2568.3
1385860 2566.7
1385870 2566.7
1385880 2564.9
1385890 2564.6
1385900 2564.6
1385910 2565.9
1385920 2566.7
1385930 2566.7
1385940 2566.9
1385950 2569.8
1385960 2575.6
1385970 2575.6
1385980 2577.7
1385990 2576.3
1386000 2576.3
1386010 2577.0
1386020 2579.3
1386030 2579.3
1386040 2584.3
1386050 2589.7
1386060 2589.7
1386070 2593.1
1386080 2595.1
1386090 2595.1
1386100 2598.3
1386110 2601.4
1386120 2603.4
1386130 2603.4
1386140 2604.9
1386150 2607.6
1386160 2607.6
1386170 2608.9
1386180 2610.0
1386190 2610.0
1386200 2612.0
1386210 2615.9
1386220 2615.9
1386230 2619.2
1386240 2621.7
1386250 2621.7
1386260 2626.4
1386270 2626.4
1386280 2628.3
1386290 2628.3
1386300 2630.8
1386310 2629.6
1386320 2629.6
1386330 2626.1
1386340 2620.5
1386350 2620.5
1386360 2612.4
1386370 2604.5
1386380 2604.5
1386390 2597.0
1386400 2589.7
1386410 2589.7
1386420 2582.6
1386430 2575.0
1386440 2567.1
1386450 2567.1
1386460 2560.7
1386470 2557.0
1386480 2557.0
1386490 2553.2
1386500 2547.0
1386510 2547.0
1386520 2540.1
1386530 2533.3
1386540 2533.3
1386550 2528.1
1386560 2523.4
1386570 2523.4
1386580 2518.1
1386590 2512.7
1386600 2512.7
1386610 2507.0
1386620 2500.6
1386630 2494.3
1386640 2494.3
1386650 2489.8
1386660 2485.9
1386670 2485.9
1386680 2480.4
1386690 2474.0
1386700 2474.0
1386710 2466.2
1386720 2457.1
1386730 2457.1
1386740 2449.0
1386750 2441.5
1386760 2441.5
1386770 2435.4
1386780 2431.2
1386790 2428.2
1386800 2428.2
1386810 2426.1
1386820 2423.9
1386830 2423.9
1386840 2422.5
1386850 2423.1
1386860 2423.1
1386870 2423.9
1386880 2423.2
1386890 2423.2
1386900 2428.3
1386910 2429.6
1386920 2429.6
1386930 2432.4
1386940 2436.4
1386950 2441.5
1386960 2441.5
1386970 2447.1
1386980 2452.0
1386990 2452.0
1387000 2457.9
1387010 2460.3
1387020 2460.3
1387030 2461.1
1387040 2462.0
1387050 2462.0
1387060 2461.4
1387070 2459.6
1387080 2459.6
1387090 2461.1
1387100 2464.7
1387110 2467.2
1387120 2467.2
1387130 2469.9
1387140 2476.7
1387150 2476.7
1387160 2486.0
1387170 2489.3
1387180 2489.3
1387190 2490.4
1387200 2493.6
1387210 2493.6
1387220 2491.6
1387230 2488.9
1387240 2488.9
1387250 2488.9
1387260 2492.7
1387270 2494.6
1387280 2494.6
1387290 2495.4
1387300 2492.3
1387310 2492.3
1387320 2489.9
1387330 2483.7
1387340 2483.7
1387350 2475.5
1387360 2465.7
1387370 2465.7
1387380 2455.2
1387390 2446.0
1387400 2446.0
1387410 2433.4
1387420 2420.0
1387430 2416.2
1387440 2416.2
1387450 2412.5
1387460 2407.2
1387470 2407.2
1387480 2403.3
1387490 2403.8
1387500 2403.8
1387510 2405.7
1387520 2408.0
1387530 2408.0
1387540 2410.4
1387550 2412.2
1387560 2412.2
1387570 2413.5
1387580 2414.5
1387590 2416.9
1387600 2416.9
1387610 2417.1
1387620 2415.3
1387630 2415.3
1387640 2410.7
1387650 2406.6
1387660 2406.6
1387670 2408.1
1387680 2418.4
1387690 2418.4
1387700 2429.8
1387710 2436.4
1387720 2436.4
1387730 2434.4
1387740 2430.5
1387750 2430.5
1387760 2426.9
1387770 2421.8
1387780 2418.5
1387790 2418.5
1387800 2432.8
1387810 2443.4
1387820 2443.4
1387830 2450.8
1387840 2457.6
1387850 2457.6
1387860 2468.8
1387870 2493.2
1387880 2493.2
1387890 2502.2
1387900 2501.6
1387910 2501.6
1387920 2500.4
1387930 2502.4
1387940 2505.6
1387950 2505.6
1387960 2506.4
1387970 2508.1
1387980 2508.1
1387990 2511.3
1388000 2519.1
1388010 2519.1
1388020 2526.7
1388030 2527.0
1388040 2527.0
1388050 2527.2
1388060 2527.6
1388070 2527.6
1388080 2528.4
1388090 2521.3
1388100 2513.3
1388110 2513.3
1388120 2507.6
1388130 2505.9
1388140 2505.9
1388150 2507.8
1388160 2508.5
1388170 2508.5
1388180 2509.2
1388190 2510.7
1388200 2516.1
1388210 2515.5
1388220 2513.9
1388230 2513.9
1388240 2511.5
1388250 2509.5
1388260 2504.9
1388270 2504.9
1388280 2501.9
1388290 2497.3
1388300 2497.3
1388310 2493.4
1388320 2489.5
1388330 2489.5
1388340 2486.9
1388350 2484.1
1388360 2484.1
1388370 2479.3
1388380 2474.3
1388390 2474.3
1388400 2469.5
1388410 2465.4
1388420 2460.5
1388430 2460.5
1388440 2455.8
1388450 2450.7
1388460 2450.7
1388470 2447.2
1388480 2443.3
1388490 2443.3
1388500 2439.1
1388510 2434.6
1388520 2434.6
1388530 2429.4
1388540 2424.6
1388550 2424.6
1388560 2420.3
1388570 2415.7
1388580 2411.3
1388590 2411.3
1388600 2407.3
1388610 2403.7
1388620 2403.7
1388630 2400.1
1388640 2396.6
1388650 2396.6
1388660 2391.9
1388670 2386.2
1388680 2386.2
1388690 2382.0
1388700 2379.9
1388710 2379.9
1388720 2377.8
1388730 2375.4
1388740 2372.4
1388750 2372.4
1388760 2368.0
1388770 2362.7
1388780 2362.7
1388790 2356.5
1388800 2351.0
1388810 2351.0
1388820 2347.1
1388830 2343.1
1388840 2343.1
1388850 2339.2
1388860 2336.2
1388870 2336.2
1388880 2335.2
1388890 2335.0
1388900 2335.0
1388910 2333.3
1388920 2330.0
1388930 2326.5
1388940 2326.5
1388950 2320.9
1388960 2314.4
1388970 2314.4
1388980 2310.7
1388990 2306.1
1389000 2306.1
1389010 2301.3
1389020 2297.7
1389030 2297.7
1389040 2294.4
1389050 2289.6
1389060 2289.6
1389070 2283.3
1389080 2277.0
1389090 2270.9
1389100 2270.9
1389110 2266.1
1389120 2263.9
1389130 2263.9
1389140 2263.3
1389150 2263.3
1389160 2263.3
1389170 2263.9
1389180 2264.5
1389190 2264.5
1389200 2264.4
1389210 2262.6
1389220 2262.6
1389230 2259.2
1389240 2256.8
1389250 2254.3
1389260 2254.3
1389270 2254.7
1389280 2255.3
1389290 2255.3
1389300 2256.6
1389310 2259.0
1389320 2259.0
1389330 2261.3
1389340 2263.5
1389350 2263.5
1389360 2264.7
1389370 2263.4
1389380 2263.4
1389390 2260.2
1389400 2256.8
1389410 2253.8
1389420 2253.8
1389430 2251.9
1389440 2250.2
1389450 2250.2
1389460 2249.3
1389470 2247.1
1389480 2247.1
1389490 2244.6
1389500 2243.2
1389510 2247.7
1389520 2245.6
1389530 2243.0
1389540 2243.0
1389550 2240.3
1389560 2237.9
1389570 2236.1
1389580 2236.1
1389590 2235.2
1389600 2234.5
1389610 2234.5
1389620 2231.7
1389630 2227.8
1389640 2227.8
1389650 2226.1
1389660 2226.2
1389670 2226.2
1389680 2223.9
1389690 2221.7
1389700 2221.7
1389710 2220.7
1389720 2219.7
1389730 2218.2
1389740 2218.2
1389750 2216.1
1389760 2214.2
1389770 2214.2
1389780 2212.3
1389790 2210.3
1389800 2210.3
1389810 2207.6
1389820 2205.5
1389830 2205.5
1389840 2201.5
1389850 2196.3
1389860 2196.3
1389870 2190.8
1389880 2184.7
1389890 2179.7
1389900 2179.7
1389910 2176.5
1389920 2173.2
1389930 2173.2
1389940 2168.8
1389950 2162.2
1389960 2162.2
1389970 2156.2
1389980 2150.8
1389990 2150.8
1390000 2144.0
1390010 2137.6
1390020 2137.6
1390030 2130.0
1390040 2121.6
1390050 2121.6
1390060 2115.2
1390070 2110.0
1390080 2104.4
1390090 2104.4
1390100 2099.6
1390110 2094.3
1390120 2094.3
1390130 2089.3
1390140 2086.1
1390150 2086.1
1390160 2083.5
1390170 2080.9
1390180 2080.9
1390190 2078.6
1390200 2075.6
1390210 2075.6
1390220 2073.6
1390230 2073.5
1390240 2073.7
1390250 2073.7
1390260 2074.1
1390270 2074.8
1390280 2074.8
1390290 2074.9
1390300 2074.0
1390310 2074.0
1390320 2072.8
1390330 2071.6
1390340 2071.6
1390350 2069.6
1390360 2067.3
1390370 2067.3
1390380 2064.4
1390390 2061.3
1390400 2056.9
1390410 2056.9
1390420 2051.6
1390430 2044.5
1390440 2044.5
1390450 2037.1
1390460 2030.8
1390470 2030.8
1390480 2025.4
1390490 2020.1
1390500 2020.1
1390510 2012.9
1390520 2005.4
1390530 2005.4
1390540 1999.8
1390550 1997.1
1390560 1995.4
1390570 1995.4
1390580 1997.7
1390590 2000.1
1390600 2000.1
1390610 2002.9
1390620 2005.7
1390630 2005.7
1390640 2008.7
1390650 2011.6
1390660 2011.6
1390670 2014.7
1390680 2017.8
1390690 2017.8
1390700 2020.9
1390710 2024.0
1390720 2027.3
1390730 2027.3
1390740 2030.0
1390750 2032.8
1390760 2032.8
1390770 2035.5
1390780 2038.0
1390790 2038.0
1390800 2040.8
1390810 2043.7
1390820 2043.7
1390830 2046.4
1390840 2052.9
1390850 2052.9
1390860 2056.1
1390870 2059.5
1390880 2062.2
1390890 2062.2
1390900 2065.6
1390910 2068.8
1390920 2068.8
1390930 2072.1
1390940 2076.7
1390950 2076.7
1390960 2081.8
1390970 2087.3
1390980 2087.3
1390990 2093.3
1391000 2099.6
1391010 2099.6
1391020 2106.7
1391030 2113.6
1391040 2120.4
1391050 2120.4
1391060 2127.3
1391070 2134.7
1391080 2134.7
1391090 2142.5
1391100 2150.9
1391110 2150.9
1391120 2159.3
1391130 2167.7
1391140 2167.7
1391150 2176.3
1391160 2184.3
1391170 2184.3
1391180 2192.5
1391190 2201.0
1391200 2201.0
1391210 2209.4
1391220 2217.9
1391230 2226.2
1391240 2226.2
1391250 2234.7
1391260 2257.5
1391270 2257.5
1391280 2283.8
1391290 2289.8
1391300 2289.8
1391310 2287.9
1391320 2283.7
1391330 2283.7
1391340 2280.0
1391350 2275.3
1391360 2275.3
1391370 2272.9
1391380 2274.0
1391390 2277.0
1391400 2277.0
1391410 2283.3
1391420 2290.9
1391430 2290.9
1391440 2297.4
1391450 2304.7
1391460 2304.7
1391470 2317.0
1391480 2323.4
1391490 2323.4
1391500 2326.9
1391510 2331.0
1391520 2331.0
1391530 2339.7
1391540 2346.9
1391550 2355.5
1391560 2355.5
1391570 2367.6
1391580 2376.8
1391590 2376.8
1391600 2389.6
1391610 2398.6
1391620 2398.6
1391630 2408.8
1391640 2412.8
1391650 2412.8
1391660 2410.5
1391670 2409.1
1391680 2409.1
1391690 2408.2
1391700 2409.0
1391710 2410.8
1391720 2410.8
1391730 2415.0
1391740 2415.7
1391750 2415.7
1391760 2419.0
1391770 2420.2
1391780 2420.2
1391790 2417.6
1391800 2415.0
1391810 2415.0
1391820 2412.1
1391830 2409.6
1391840 2409.6
1391850 2404.1
1391860 2395.1
1391870 2385.9
1391880 2385.9
1391890 2377.5
1391900 2372.1
1391910 2372.1
1391920 2365.5
1391930 2360.4
1391940 2360.4
1391950 2356.6
1391960 2351.5
1391970 2351.5
1391980 2348.0
1391990 2345.5
1392000 2345.5
1392010 2342.8
1392020 2339.8
1392030 2336.5
1392040 2336.5
1392050 2332.3
1392060 2330.1
1392070 2330.1
1392080 2329.2
1392090 2328.1
1392100 2328.1
1392110 2327.9
1392120 2325.3
1392130 2325.3
1392140 2321.5
1392150 2318.0
1392160 2318.0
1392170 2317.0
1392180 2315.0
1392190 2307.1
1392200 2303.8
1392210 2279.7
1392220 2267.2
1392230 2267.2
1392240 2252.2
1392250 2241.1
1392260 2241.1
1392270 2232.4
1392280 2221.8
1392290 2221.8
1392300 2214.1
1392310 2211.0
1392320 2211.0
1392330 2202.8
1392340 2194.4
1392350 2194.4
1392360 2188.3
1392370 2182.7
1392380 2177.3
1392390 2177.3
1392400 2172.2
1392410 2165.2
1392420 2165.2
1392430 2154.1
1392440 2142.5
1392450 2142.5
1392460 2131.2
1392470 2119.3
1392480 2119.3
1392490 2108.0
1392500 2101.1
1392510 2101.1
1392520 2093.8
1392530 2086.7
1392540 2079.9
1392550 2079.9
1392560 2073.2
1392570 2067.3
1392580 2067.3
1392590 2061.0
1392600 2052.4
1392610 2052.4
1392620 2044.7
1392630 2037.8
1392640 2037.8
1392650 2031.3
1392660 2021.9
1392670 2021.9
1392680 2012.7
1392690 2005.1
1392700 1997.8
1392710 1997.8
1392720 1990.0
1392730 1983.7
1392740 1983.7
1392750 1977.4
1392760 1971.5
1392770 1971.5
1392780 1965.6
1392790 1959.6
1392800 1959.6
1392810 1953.6
1392820 1947.7
1392830 1947.7
1392840 1942.1
1392850 1936.5
1392860 1931.3
1392870 1931.3
1392880 1926.0
1392890 1920.5
1392900 1920.5
1392910 1914.8
1392920 1909.1
1392930 1909.1
1392940 1903.0
1392950 1896.8
1392960 1896.8
1392970 1890.5
1392980 1884.5
1392990 1884.5
1393000 1878.8
1393010 1873.6
1393020 1868.6
1393030 1868.6
1393040 1864.1
1393050 1860.4
1393060 1860.4
1393070 1857.2
1393080 1853.4
1393090 1853.4
1393100 1848.4
1393110 1842.8
1393120 1842.8
1393130 1835.8
1393140 1827.2
1393150 1827.2
1393160 1819.3
1393170 1813.9
1393180 1809.7
1393190 1809.7
1393200 1804.1
1393210 1799.1
1393220 1799.1
1393230 1794.5
1393240 1790.0
1393250 1790.0
1393260 1786.0
1393270 1781.8
1393280 1781.8
1393290 1778.1
1393300 1774.3
1393310 1774.3
1393320 1771.9
1393330 1767.7
1393340 1764.8
1393350 1764.8
1393360 1762.9
1393370 1761.4
1393380 1761.4
1393390 1761.1
1393400 1761.0
1393410 1761.0
1393420 1759.8
1393430 1757.2
1393440 1757.2
1393450 1754.0
1393460 1751.0
1393470 1751.0
1393480 1750.0
1393490 1750.3
1393500 1750.3
1393510 1749.9
1393520 1748.7
1393530 1747.1
1393540 1747.1
1393550 1747.5
1393560 1750.7
1393570 1751.6
1393580 1756.4
1393590 1763.7
1393600 1763.7
1393610 1772.5
1393620 1780.8
1393630 1780.8
1393640 1789.1
1393650 1798.5
1393660 1798.5
1393670 1809.0
1393680 1819.6
1393690 1828.5
1393700 1828.5
1393710 1835.4
1393720 1840.7
1393730 1840.7
1393740 1846.1
1393750 1851.5
1393760 1851.5
1393770 1857.8
1393780 1864.5
1393790 1864.5
1393800 1872.0
1393810 1878.9
1393820 1878.9
1393830 1885.3
1393840 1891.8
1393850 1899.1
1393860 1899.1
1393870 1907.1
1393880 1916.9
1393890 1916.9
1393900 1925.3
1393910 1936.3
1393920 1936.3
1393930 1943.6
1393940 1949.5
1393950 1949.5
1393960 1956.4
1393970 1965.8
1393980 1965.8
1393990 1976.0
1394000 1981.6
1394010 1983.8
1394020 1983.8
1394030 1987.7
1394040 1992.9
1394050 1992.9
1394060 1998.3
1394070 2002.6
1394080 2002.6
1394090 2010.8
1394100 2019.7
1394110 2019.7
1394120 2026.6
1394130 2032.3
1394140 2032.3
1394150 2037.4
1394160 2042.7
1394170 2045.5
1394180 2045.5
1394190 2045.9
1394200 2045.3
1394210 2045.3
1394220 2043.7
1394230 2042.0
1394240 2042.0
1394250 2042.2
1394260 2043.5
1394270 2043.5
1394280 2044.9
1394290 2046.5
1394300 2046.5
1394310 2047.8
1394320 2048.9
1394330 2050.0
1394340 2050.0
1394350 2052.5
1394360 2054.4
1394370 2054.4
1394380 2056.4
1394390 2058.7
1394400 2058.7
1394410 2061.1
1394420 2063.9
1394430 2063.9
1394440 2066.7
1394450 2069.5
1394460 2069.5
1394470 2072.4
1394480 2075.2
1394490 2077.9
1394500 2077.9
1394510 2080.7
1394520 2084.4
1394530 2084.4
1394540 2089.1
1394550 2094.7
1394560 2094.7
1394570 2100.5
1394580 2107.6
1394590 2107.6
1394600 2114.8
1394610 2124.0
1394620 2124.0
1394630 2130.7
1394640 2138.2
1394650 2138.2
1394660 2145.4
1394670 2152.5
1394680 2161.1
1394690 2161.1
1394700 2170.8
1394710 2181.3
1394720 2181.3
1394730 2189.2
1394740 2190.0
1394750 2190.0
1394760 2189.9
1394770 2192.0
1394780 2192.0
1394790 2195.0
1394800 2197.3
1394810 2197.3
1394820 2199.9
1394830 2203.9
1394840 2209.8
1394850 2209.8
1394860 2216.1
1394870 2222.5
1394880 2222.5
1394890 2228.3
1394900 2233.0
1394910 2233.0
1394920 2237.1
1394930 2243.3
1394940 2243.3
1394950 2251.4
1394960 2260.9
1394970 2260.9
1394980 2268.0
1394990 2273.8
1395000 2280.0
1395010 2280.0
1395020 2286.9
1395030 2294.8
1395040 2294.8
1395050 2302.6
1395060 2310.0
1395070 2310.0
1395080 2317.6
1395090 2326.4
1395100 2326.4
1395110 2337.4
1395120 2345.1
1395130 2345.1
1395140 2347.6
1395150 2348.3
1395160 2344.9
1395170 2344.9
1395180 2340.9
1395190 2336.4
1395200 2336.4
1395210 2334.2
1395220 2333.3
1395230 2333.3
1395240 2327.3
1395250 2323.1
1395260 2323.1
1395270 2319.6
1395280 2317.3
1395290 2317.3
1395300 2316.5
1395310 2317.0
1395320 2318.0
1395330 2318.0
1395340 2318.6
1395350 2319.6
1395360 2319.6
1395370 2319.5
1395380 2318.5
1395390 2318.5
1395400 2318.4
1395410 2318.5
1395420 2318.5
1395430 2316.6
1395440 2311.5
1395450 2311.5
1395460 2306.0
1395470 2302.6
1395480 2300.7
1395490 2300.7
1395500 2299.4
1395510 2299.6
1395520 2299.6
1395530 2296.4
1395540 2293.7
1395550 2293.7
1395560 2290.4
1395570 2286.5
1395580 2286.5
1395590 2279.7
1395600 2273.0
1395610 2273.0
1395620 2267.3
1395630 2261.7
1395640 2256.5
1395650 2256.5
1395660 2251.0
1395670 2243.1
1395680 2243.1
1395690 2235.6
1395700 2229.1
1395710 2229.1
1395720 2223.5
1395730 2218.1
1395740 2218.1
1395750 2211.0
1395760 2202.3
1395770 2202.3
1395780 2195.3
1395790 2190.2
1395800 2190.2
1395810 2186.0
1395820 2180.9
1395830 2175.0
1395840 2175.0
1395850 2169.5
1395860 2164.8
1395870 2164.8
1395880 2159.5
1395890 2154.0
1395900 2154.0
1395910 2148.9
1395920 2142.5
1395930 2142.5
1395940 2135.4
1395950 2127.4
1395960 2127.4
1395970 2120.2
1395980 2113.4
1395990 2107.6
1396000 2107.6
1396010 2102.5
1396020 2097.0
1396030 2097.0
1396040 2091.6
1396050 2086.9
1396060 2086.9
1396070 2081.8
1396080 2077.3
1396090 2077.3
1396100 2072.6
1396110 2067.4
1396120 2067.4
1396130 2062.5
1396140 2056.7
1396150 2052.2
1396160 2052.2
1396170 2047.9
1396180 2042.3
1396190 2042.3
1396200 2038.1
1396210 2033.9
1396220 2033.9
1396230 2029.3
1396240 2022.1
1396250 2022.1
1396260 2007.4
1396270 1994.3
1396280 1994.3
1396290 1983.4
1396300 1973.3
1396310 1958.6
1396320 1958.6
1396330 1950.3
1396340 1941.7
1396350 1941.7
1396360 1931.2
1396370 1918.3
1396380 1917.0
1396390 1905.7
1396400 1896.5
1396410 1896.5
1396420 1888.5
1396430 1882.0
1396440 1882.0
1396450 1877.3
1396460 1873.2
1396470 1869.2
1396480 1869.2
1396490 1864.7
1396500 1859.9
1396510 1859.9
1396520 1855.7
1396530 1852.6
1396540 1852.6
1396550 1848.7
1396560 1843.5
1396570 1843.5
1396580 1838.1
1396590 1834.6
1396600 1834.6
1396610 1831.2
1396620 1828.9
1396630 1827.8
1396640 1827.8
1396650 1826.8
1396660 1825.7
1396670 1825.7
1396680 1823.6
1396690 1820.7
1396700 1820.7
1396710 1817.5
1396720 1813.9
1396730 1813.9
1396740 1810.6
1396750 1812.8
1396760 1812.8
1396770 1816.6
1396780 1820.5
1396790 1825.9
1396800 1825.9
1396810 1832.6
1396820 1836.0
1396830 1836.0
1396840 1840.5
1396850 1845.7
1396860 1845.7
1396870 1851.7
1396880 1856.8
1396890 1856.8
1396900 1862.5
1396910 1869.4
1396920 1869.4
1396930 1876.6
1396940 1882.9
1396950 1887.9
1396960 1887.9
1396970 1891.7
1396980 1894.7
1396990 1894.7
1397000 1898.1
1397010 1902.4
1397020 1902.4
1397030 1906.8
1397040 1912.4
1397050 1912.4
1397060 1918.5
1397070 1925.0
1397080 1925.0
1397090 1932.7
1397100 1940.3
1397110 1940.3
1397120 1949.9
1397130 1960.4
1397140 1968.5
1397150 1968.5
1397160 1977.9
1397170 1985.7
1397180 1985.7
1397190 1989.8
1397200 1998.2
1397210 1998.2
1397220 2002.8
1397230 2008.2
1397240 2008.2
1397250 2016.6
1397260 2029.2
1397270 2029.2
1397280 2044.5
1397290 2058.9
1397300 2069.8
1397310 2069.8
1397320 2078.9
1397330 2077.7
1397340 2077.7
1397350 2069.6
1397360 2057.8
1397370 2057.8
1397380 2042.8
1397390 2031.5
1397400 2031.5
1397410 2022.8
1397420 2013.7
1397430 2013.7
1397440 2004.2
1397450 1989.6
1397460 1977.7
1397470 1977.7
1397480 1967.6
1397490 1957.7
1397500 1957.7
1397510 1948.1
1397520 1938.7
1397530 1938.7
1397540 1931.7
1397550 1926.7
1397560 1926.7
1397570 1923.5
1397580 1921.3
1397590 1921.3
1397600 1918.5
1397610 1914.9
1397620 1909.4
1397630 1909.4
1397640 1903.6
1397650 1896.3
1397660 1896.3
1397670 1886.3
1397680 1876.8
1397690 1876.8
1397700 1869.8
1397710 1865.9
1397720 1865.9
1397730 1860.1
1397740 1853.0
1397750 1853.0
1397760 1845.7
1397770 1832.8
1397780 1813.8
1397790 1813.8
1397800 1801.8
1397810 1795.4
1397820 1787.7
1397830 1781.2
1397840 1773.6
1397850 1773.6
1397860 1763.8
1397870 1753.8
1397880 1753.8
1397890 1749.5
1397900 1744.4
1397910 1744.4
1397920 1738.0
1397930 1731.9
1397940 1725.6
1397950 1725.6
1397960 1719.0
1397970 1712.6
1397980 1712.6
1397990 1706.6
1398000 1700.8
1398010 1700.8
1398020 1694.9
1398030 1687.6
1398040 1687.6
1398050 1684.2
1398060 1680.5
1398070 1680.5
1398080 1674.6
1398090 1669.7
1398100 1664.7
1398110 1664.7
1398120 1659.6
1398130 1654.1
1398140 1654.1
1398150 1648.2
1398160 1641.8
1398170 1641.8
1398180 1636.1
1398190 1630.9
1398200 1630.9
1398210 1627.0
1398220 1622.5
1398230 1622.5
1398240 1618.3
1398250 1614.3
1398260 1614.3
1398270 1609.8
1398280 1604.6
1398290 1599.6
1398300 1599.6
1398310 1595.0
1398320 1591.1
1398330 1591.1
1398340 1587.6
1398350 1584.1
1398360 1584.1
1398370 1580.6
1398380 1577.5
1398390 1577.5
1398400 1574.5
1398410 1570.6
1398420 1570.6
1398430 1568.1
1398440 1567.7
1398450 1569.5
1398460 1569.5
1398470 1572.9
1398480 1575.1
1398490 1575.1
1398500 1577.0
1398510 1579.0
1398520 1579.0
1398530 1580.8
1398540 1583.5
1398550 1583.5
1398560 1585.6
1398570 1586.6
1398580 1586.6
1398590 1588.0
1398600 1590.0
1398610 1591.9
1398620 1591.9
1398630 1594.2
1398640 1596.2
1398650 1596.2
1398660 1600.4
1398670 1606.1
1398680 1606.1
1398690 1612.6
1398700 1619.4
1398710 1619.4
1398720 1626.7
1398730 1635.2
1398740 1635.2
1398750 1644.3
1398760 1652.8
1398770 1660.6
1398780 1660.6
1398790 1667.5
1398800 1673.6
1398810 1673.6
1398820 1681.1
1398830 1689.4
1398840 1689.4
1398850 1694.7
1398860 1698.4
1398870 1698.4
1398880 1703.2
1398890 1706.9
1398900 1706.9
1398910 1710.1
1398920 1715.8
1398930 1721.9
1398940 1721.9
1398950 1727.0
1398960 1732.5
1398970 1732.5
1398980 1737.4
1398990 1741.5
1399000 1741.5
1399010 1745.5
1399020 1750.6
1399030 1750.6
1399040 1755.1
1399050 1758.4
1399060 1758.4
1399070 1762.0
1399080 1766.5
1399090 1770.3
1399100 1770.3
1399110 1773.9
1399120 1778.4
1399130 1778.4
1399140 1784.7
1399150 1790.3
1399160 1790.3
1399170 1797.3
1399180 1804.7
1399190 1804.7
1399200 1811.9
1399210 1820.0
1399220 1820.0
1399230 1830.9
1399240 1840.6
1399250 1847.1
1399260 1847.1
1399270 1853.4
1399280 1852.7
1399290 1852.7
1399300 1860.4
1399310 1866.7
1399320 1866.7
1399330 1872.2
1399340 1877.9
1399350 1877.9
1399360 1883.1
1399370 1887.7
1399380 1887.7
1399390 1893.4
1399400 1899.6
1399410 1899.6
1399420 1905.4
1399430 1911.5
1399440 1918.7
1399450 1918.7
1399460 1925.9
1399470 1930.7
1399480 1930.7
1399490 1933.4
1399500 1935.9
1399510 1935.9
1399520 1938.5
1399530 1941.3
1399540 1941.3
1399550 1944.3
1399560 1948.0
1399570 1948.0
1399580 1951.6
1399590 1954.6
1399600 1957.6
1399610 1957.6
1399620 1961.0
1399630 1964.5
1399640 1964.5
1399650 1968.5
1399660 1972.7
1399670 1972.7
1399680 1976.8
1399690 1980.9
1399700 1980.9
1399710 1985.1
1399720 1989.8
1399730 1989.8
1399740 1994.2
1399750 1998.3
1399760 2002.2
1399770 2002.2
1399780 2005.6
1399790 2008.8
1399800 2008.8
1399810 2012.6
1399820 2016.9
1399830 2016.9
1399840 2021.5
1399850 2026.3
1399860 2026.3
1399870 2031.0
1399880 2035.3
1399890 2035.3
1399900 2039.6
1399910 2043.9
1399920 2048.0
1399930 2048.0
1399940 2051.9
1399950 2056.0
1399960 2056.0
1399970 2059.7
1399980 2063.6
1399990 2063.6
