1383090 2375.6
1383100 2375.6
1383110 2381.4
1383120 2384.6
1383130 2384.6
1383140 2384.0
1383150 2382.0
1383160 2382.0
1383170 2379.8
1383180 2377.1
1383190 2371.6
1383200 2368.6
1383210 2366.0
1383220 2366.0
1383230 2363.1
1383240 2360.5
1383250 2359.0
1383260 2359.0
1383270 2357.9
1383280 2356.4
1383290 2356.4
1383300 2353.4
1383310 2349.9
1383320 2349.9
1383330 2345.2
1383340 2341.7
1383350 2341.7
1383360 2340.7
1383370 2339.1
1383380 2339.1
1383390 2336.9
1383400 2335.1
1383410 2332.3
1383420 2332.3
1383430 2329.0
1383440 2325.0
1383450 2325.0
1383460 2320.6
1383470 2317.0
1383480 2317.0
1383490 2314.0
1383500 2311.1
1383510 2311.1
1383520 2308.8
1383530 2306.5
1383540 2306.5
1383550 2304.2
1383560 2301.7
1383570 2299.3
1383580 2299.3
1383590 2297.2
1383600 2296.5
1383610 2296.5
1383620 2296.7
1383630 2296.1
1383640 2296.1
1383650 2294.5
1383660 2293.2
1383670 2293.2
1383680 2292.5
1383690 2292.9
1383700 2292.9
1383710 2292.5
1383720 2291.3
1383730 2290.1
1383740 2290.1
1383750 2290.1
1383760 2290.2
1383770 2290.2
1383780 2290.3
1383790 2290.5
1383800 2290.5
1383810 2291.8
1383820 2293.8
1383830 2293.8
1383840 2295.8
1383850 2297.5
1383860 2297.5
1383870 2299.7
1383880 2302.9
1383890 2305.9
1383900 2305.9
1383910 2308.8
1383920 2311.6
1383930 2311.6
1383940 2315.2
1383950 2319.3
1383960 2319.3
1383970 2323.5
1383980 2327.0
1383990 2327.0
1384000 2331.6
1384010 2337.9
1384020 2337.9
1384030 2342.8
1384040 2346.3
1384050 2346.3
1384060 2350.4
1384070 2354.9
1384080 2358.1
1384090 2358.1
1384100 2359.4
1384110 2362.6
1384120 2362.6
1384130 2366.9
1384140 2369.6
1384150 2369.6
1384160 2372.0
1384170 2374.9
1384180 2374.9
1384190 2376.8
1384200 2379.4
1384210 2379.4
1384220 2382.2
1384230 2386.2
1384240 2389.8
1384250 2389.8
1384260 2392.9
1384270 2394.8
1384280 2394.8
1384290 2395.9
1384300 2398.2
1384310 2398.2
1384320 2399.7
1384330 2400.8
1384340 2400.8
1384350 2404.4
1384360 2405.8
1384370 2405.8
1384380 2406.6
1384390 2412.0
1384400 2418.0
1384410 2418.0
1384420 2421.2
1384430 2421.0
1384440 2414.1
1384450 2414.5
1384460 2416.5
1384470 2416.5
1384480 2419.8
1384490 2423.4
1384500 2423.4
1384510 2427.6
1384520 2433.6
1384530 2433.6
1384540 2440.8
1384550 2444.5
1384560 2447.0
1384570 2447.0
1384580 2447.3
1384590 2445.8
1384600 2445.8
1384610 2444.6
1384620 2442.2
1384630 2442.2
1384640 2439.4
1384650 2435.7
1384660 2435.7
1384670 2431.2
1384680 2427.7
1384690 2427.7
1384700 2425.4
1384710 2424.4
1384720 2424.0
1384730 2424.0
1384740 2423.1
1384750 2422.7
1384760 2422.7
1384770 2423.8
1384780 2424.0
1384790 2424.0
1384800 2422.7
1384810 2421.9
1384820 2421.9
1384830 2421.1
1384840 2420.4
1384850 2420.4
1384860 2420.3
1384870 2421.4
1384880 2423.0
1384890 2423.0
1384900 2424.7
1384910 2425.8
1384920 2425.8
1384930 2424.2
1384940 2424.1
1384950 2424.1
1384960 2426.1
1384970 2426.5
1384980 2426.5
1384990 2426.6
1385000 2425.9
1385010 2425.9
1385020 2426.5
1385030 2427.4
1385040 2427.4
1385050 2426.7
1385060 2425.8
1385070 2426.1
1385080 2426.1
1385090 2426.9
1385100 2429.0
1385110 2429.0
1385120 2431.5
1385130 2433.9
1385140 2433.9
1385150 2437.4
1385160 2441.9
1385170 2441.9
1385180 2442.4
1385190 2438.2
1385200 2438.2
1385210 2437.1
1385220 2439.7
1385230 2442.0
1385240 2442.0
1385250 2445.6
1385260 2448.4
1385270 2448.4
1385280 2451.3
1385290 2454.4
1385300 2454.4
1385310 2458.1
1385320 2461.7
1385330 2461.7
1385340 2466.1
1385350 2472.3
1385360 2472.3
1385370 2478.6
1385380 2483.2
1385390 2485.6
1385400 2485.6
1385410 2492.6
1385420 2498.8
1385430 2498.8
1385440 2504.9
1385450 2515.4
1385460 2515.4
1385470 2528.0
1385480 2543.8
1385490 2543.8
1385500 2550.5
1385510 2544.7
1385520 2544.7
1385530 2538.5
1385540 2532.9
1385550 2526.4
1385560 2526.4
1385570 2520.3
1385580 2514.8
1385590 2514.8
1385600 2508.9
1385610 2503.1
1385620 2503.1
1385630 2497.1
1385640 2491.2
1385650 2491.2
1385660 2485.2
1385670 2480.0
1385680 2480.0
1385690 2475.4
1385700 2476.5
1385710 2475.1
1385720 2475.1
1385730 2473.8
1385740 2470.8
1385750 2470.8
1385760 2466.8
1385770 2463.4
1385780 2463.4
1385790 2459.6
1385800 2454.5
1385810 2454.5
1385820 2450.7
1385830 2449.8
1385840 2449.8
1385850 2448.8
1385860 2448.7
1385870 2450.8
1385880 2450.8
1385890 2452.3
1385900 2454.9
1385910 2454.9
1385920 2457.5
1385930 2469.7
1385940 2469.7
1385950 2474.7
1385960 2475.5
1385970 2475.5
1385980 2482.4
1385990 2491.8
1386000 2491.8
1386010 2498.8
1386020 2500.5
1386030 2498.6
1386040 2498.6
1386050 2496.0
1386060 2495.1
1386070 2495.1
1386080 2496.1
1386090 2499.0
1386100 2499.0
1386110 2503.2
1386120 2509.4
1386130 2509.4
1386140 2509.3
1386150 2505.3
1386160 2505.3
1386170 2503.2
1386180 2498.2
1386190 2498.2
1386200 2493.4
1386210 2492.1
1386220 2493.8
1386230 2493.8
1386240 2501.4
1386250 2513.1
1386260 2513.1
1386270 2517.7
1386280 2514.8
1386290 2514.8
1386300 2509.7
1386310 2505.0
1386320 2505.0
1386330 2508.9
1386340 2521.2
1386350 2521.2
1386360 2533.7
1386370 2540.3
1386380 2539.9
1386390 2539.9
1386400 2538.1
1386410 2535.7
1386420 2535.7
1386430 2534.3
1386440 2533.7
1386450 2533.7
1386460 2531.5
1386470 2528.4
1386480 2528.4
1386490 2524.1
1386500 2521.2
1386510 2521.2
1386520 2516.5
1386530 2510.5
1386540 2503.6
1386550 2503.6
1386560 2496.9
1386570 2490.9
1386580 2490.9
1386590 2484.8
1386600 2481.0
1386610 2481.0
1386620 2475.0
1386630 2467.9
1386640 2467.9
1386650 2463.7
1386660 2460.5
1386670 2460.5
1386680 2458.8
1386690 2456.6
1386700 2448.1
1386710 2448.1
1386720 2440.2
1386730 2434.9
1386740 2434.9
1386750 2431.2
1386760 2428.1
1386770 2428.1
1386780 2424.2
1386790 2419.3
1386800 2419.3
1386810 2409.6
1386820 2398.3
1386830 2398.3
1386840 2387.2
1386850 2377.0
1386860 2367.5
1386870 2367.5
1386880 2359.2
1386890 2352.0
1386900 2352.0
1386910 2344.8
1386920 2340.3
1386930 2340.3
1386940 2337.0
1386950 2336.9
1386960 2336.9
1386970 2335.1
1386980 2333.8
1386990 2343.3
1387000 2343.2
1387010 2341.9
1387020 2343.6
1387030 2343.6
1387040 2343.3
1387050 2343.7
1387060 2343.7
1387070 2343.6
1387080 2341.9
1387090 2341.9
1387100 2339.9
1387110 2338.3
1387120 2338.3
1387130 2338.5
1387140 2338.9
1387150 2338.9
1387160 2342.8
1387170 2362.4
1387180 2379.6
1387190 2379.6
1387200 2376.5
1387210 2369.9
1387220 2369.9
1387230 2367.3
1387240 2368.8
1387250 2368.8
1387260 2373.0
1387270 2375.3
1387280 2375.3
1387290 2376.0
1387300 2378.4
1387310 2378.4
1387320 2382.6
1387330 2386.1
1387340 2386.1
1387350 2386.2
1387360 2383.4
1387370 2381.5
1387380 2381.5
1387390 2382.5
1387400 2384.3
1387410 2384.3
1387420 2380.2
1387430 2370.6
1387440 2370.6
1387450 2361.7
1387460 2355.3
1387470 2355.3
1387480 2349.1
1387490 2342.6
1387500 2342.6
1387510 2335.8
1387520 2329.3
1387530 2322.2
1387540 2322.2
1387550 2317.2
1387560 2313.5
1387570 2313.5
1387580 2307.8
1387590 2301.8
1387600 2301.8
1387610 2297.4
1387620 2301.3
1387630 2301.3
1387640 2302.2
1387650 2301.2
1387660 2301.2
1387670 2298.6
1387680 2294.3
1387690 2291.6
1387700 2291.6
1387710 2291.9
1387720 2293.0
1387730 2293.0
1387740 2294.4
1387750 2295.9
1387760 2295.9
1387770 2301.4
1387780 2306.4
1387790 2306.4
1387800 2315.0
1387810 2327.6
1387820 2327.6
1387830 2344.5
1387840 2352.2
1387850 2356.4
1387860 2356.4
1387870 2364.8
1387880 2368.0
1387890 2368.0
1387900 2367.8
1387910 2369.2
1387920 2369.2
1387930 2372.2
1387940 2379.1
1387950 2379.1
1387960 2379.1
1387970 2374.8
1387980 2374.8
1387990 2374.6
1388000 2379.1
1388010 2385.4
1388020 2385.4
1388030 2389.2
1388040 2386.2
1388050 2386.2
1388060 2382.1
1388070 2379.6
1388080 2379.6
1388090 2380.2
1388100 2384.1
1388110 2384.1
1388120 2392.7
1388130 2407.1
1388140 2407.1
1388150 2416.0
1388160 2420.3
1388170 2426.9
1388180 2426.9
1388190 2432.6
1388200 2435.5
1388210 2435.5
1388220 2444.9
1388230 2456.5
1388240 2456.5
1388250 2455.2
1388260 2447.6
1388270 2447.6
1388280 2438.6
1388290 2429.6
1388300 2429.6
1388310 2421.9
1388320 2415.4
1388330 2409.9
1388340 2409.9
1388350 2405.0
1388360 2400.7
1388370 2400.7
1388380 2396.3
1388390 2392.2
1388400 2392.2
1388410 2388.7
1388420 2385.6
1388430 2385.6
1388440 2382.2
1388450 2377.8
1388460 2377.8
1388470 2372.9
1388480 2367.3
1388490 2367.3
1388500 2362.6
1388510 2358.4
1388520 2354.5
1388530 2354.5
1388540 2351.4
1388550 2347.7
1388560 2347.7
1388570 2341.5
1388580 2334.0
1388590 2334.0
1388600 2328.8
1388610 2325.7
1388620 2325.7
1388630 2323.3
1388640 2319.7
1388650 2319.7
1388660 2316.2
1388670 2313.7
1388680 2311.0
1388690 2311.0
1388700 2308.2
1388710 2304.8
1388720 2304.8
1388730 2302.1
1388740 2299.8
1388750 2299.8
1388760 2297.4
1388770 2294.6
1388780 2294.6
1388790 2290.2
1388800 2283.9
1388810 2283.9
1388820 2279.0
1388830 2273.9
1388840 2269.7
1388850 2269.7
1388860 2266.5
1388870 2265.4
1388880 2265.4
1388890 2264.5
1388900 2264.2
1388910 2264.2
1388920 2264.1
1388930 2264.1
1388940 2264.1
1388950 2264.1
1388960 2263.5
1388970 2263.5
1388980 2261.8
1388990 2259.6
1389000 2257.1
1389010 2257.1
1389020 2254.5
1389030 2251.6
1389040 2251.6
1389050 2248.3
1389060 2243.1
1389070 2243.1
1389080 2237.7
1389090 2232.2
1389100 2232.2
1389110 2226.8
1389120 2221.9
1389130 2221.9
1389140 2217.4
1389150 2213.0
1389160 2209.3
1389170 2209.3
1389180 2207.1
1389190 2206.2
1389200 2206.2
1389210 2205.2
1389220 2203.9
1389230 2203.9
1389240 2202.8
1389250 2201.7
1389260 2201.7
1389270 2200.5
1389280 2198.8
1389290 2198.8
1389300 2196.1
1389310 2193.3
1389320 2191.5
1389330 2191.5
1389340 2189.9
1389350 2188.3
1389360 2188.3
1389370 2186.8
1389380 2185.5
1389390 2185.5
1389400 2183.2
1389410 2181.2
1389420 2181.2
1389430 2179.4
1389440 2177.5
1389450 2177.5
1389460 2175.6
1389470 2174.0
1389480 2172.4
1389490 2172.4
1389500 2170.8
1389510 2168.7
1389520 2168.7
1389530 2166.4
1389540 2164.2
1389550 2164.2
1389560 2162.3
1389570 2160.7
1389580 2160.7
1389590 2158.4
1389600 2158.7
1389610 2158.7
1389620 2159.5
1389630 2161.0
1389640 2161.0
1389650 2161.8
1389660 2161.1
1389670 2159.4
1389680 2159.4
1389690 2156.9
1389700 2153.6
1389710 2153.6
1389720 2151.7
1389730 2151.6
1389740 2151.6
1389750 2151.4
1389760 2150.6
1389770 2150.6
1389780 2148.7
1389790 2145.9
1389800 2145.9
1389810 2143.9
1389820 2141.3
1389830 2137.2
1389840 2137.2
1389850 2131.9
1389860 2127.2
1389870 2127.2
1389880 2123.4
1389890 2121.1
1389900 2121.1
1389910 2120.2
1389920 2118.4
1389930 2118.4
1389940 2116.6
1389950 2114.8
1389960 2114.8
1389970 2112.5
1389980 2109.5
1389990 2106.4
1390000 2106.4
1390010 2102.7
1390020 2099.2
1390030 2099.2
1390040 2096.3
1390050 2093.5
1390060 2093.5
1390070 2091.5
1390080 2088.2
1390090 2088.2
1390100 2083.1
1390110 2078.0
1390120 2078.0
1390130 2072.8
1390140 2068.9
1390150 2065.8
1390160 2065.8
1390170 2062.7
1390180 2061.5
1390190 2061.5
1390200 2060.2
1390210 2059.4
1390220 2059.4
1390230 2056.3
1390240 2050.3
1390250 2050.3
1390260 2044.0
1390270 2038.4
1390280 2038.4
1390290 2034.1
1390300 2032.0
1390310 2029.9
1390320 2029.9
1390330 2027.1
1390340 2024.2
1390350 2024.2
1390360 2021.6
1390370 2020.8
1390380 2020.8
1390390 2020.0
1390400 2018.4
1390410 2018.4
1390420 2015.7
1390430 2011.0
1390440 2011.0
1390450 2007.0
1390460 2003.9
1390470 2000.9
1390480 2000.9
1390490 1996.9
1390500 1989.9
1390510 1989.9
1390520 1981.1
1390530 1974.5
1390540 1974.5
1390550 1976.1
1390560 1977.3
1390570 1977.3
1390580 1978.2
1390590 1979.3
1390600 1979.3
1390610 1981.2
1390620 1982.6
1390630 1983.5
1390640 1983.5
1390650 1984.1
1390660 1984.9
1390670 1984.9
1390680 1986.3
1390690 1987.9
1390700 1987.9
1390710 1989.0
1390720 1990.2
1390730 1990.2
1390740 1991.4
1390750 1993.1
1390760 1993.1
1390770 1997.0
1390780 2001.2
1390790 2001.2
1390800 2005.6
1390810 2010.6
1390820 2016.1
1390830 2016.1
1390840 2022.3
1390850 2028.6
1390860 2028.6
1390870 2035.3
1390880 2042.2
1390890 2042.2
1390900 2049.1
1390910 2056.5
1390920 2056.5
1390930 2064.9
1390940 2072.5
1390950 2072.5
1390960 2080.9
1390970 2089.2
1390980 2098.7
1390990 2098.7
1391000 2108.7
1391010 2116.9
1391020 2116.9
1391030 2126.7
1391040 2135.7
1391050 2135.7
1391060 2144.1
1391070 2152.6
1391080 2152.6
1391090 2162.5
1391100 2172.5
1391110 2172.5
1391120 2180.7
1391130 2188.9
1391140 2198.2
1391150 2198.2
1391160 2207.8
1391170 2215.1
1391180 2215.1
1391190 2216.7
1391200 2215.8
1391210 2215.8
1391220 2215.1
1391230 2215.0
1391240 2215.0
1391250 2215.8
1391260 2221.2
1391270 2221.2
1391280 2229.1
1391290 2237.9
1391300 2247.8
1391310 2247.8
1391320 2262.2
1391330 2274.1
1391340 2274.1
1391350 2284.4
1391360 2292.6
1391370 2292.6
1391380 2301.4
1391390 2306.7
1391400 2306.7
1391410 2309.3
1391420 2305.4
1391430 2305.4
1391440 2302.9
1391450 2300.0
1391460 2295.8
1391470 2295.8
1391480 2291.5
1391490 2286.6
1391500 2286.6
1391510 2280.9
1391520 2279.1
1391530 2279.1
1391540 2278.8
1391550 2277.5
1391560 2277.5
1391570 2276.9
1391580 2275.7
1391590 2275.7
1391600 2275.9
1391610 2278.9
1391620 2283.0
1391630 2283.0
1391640 2287.1
1391650 2289.9
1391660 2289.9
1391670 2292.2
1391680 2294.4
1391690 2294.4
1391700 2296.3
1391710 2296.1
1391720 2296.1
1391730 2296.4
1391740 2297.8
1391750 2297.8
1391760 2300.9
1391770 2303.5
1391780 2305.2
1391790 2305.2
1391800 2306.7
1391810 2307.1
1391820 2307.1
1391830 2309.3
1391840 2310.8
1391850 2310.8
1391860 2312.5
1391870 2316.6
1391880 2316.6
1391890 2321.1
1391900 2325.2
1391910 2325.2
1391920 2330.8
1391930 2335.8
1391940 2335.8
1391950 2336.7
1391960 2333.9
1391970 2328.6
1391980 2328.6
1391990 2322.7
1392000 2316.3
1392010 2316.3
1392020 2309.0
1392030 2299.3
1392040 2299.3
1392050 2288.9
1392060 2279.2
1392070 2279.2
1392080 2269.5
1392090 2261.1
1392100 2261.1
1392110 2252.9
1392120 2245.3
1392130 2239.2
1392140 2239.2
1392150 2233.8
1392160 2229.4
1392170 2229.4
1392180 2224.9
1392190 2219.9
1392200 2219.9
1392210 2214.4
1392220 2209.1
1392230 2209.1
1392240 2205.3
1392250 2201.6
1392260 2201.6
1392270 2198.2
1392280 2194.9
1392290 2193.3
1392300 2193.3
1392310 2190.5
1392320 2187.2
1392330 2187.2
1392340 2183.8
1392350 2179.5
1392360 2179.5
1392370 2174.1
1392380 2169.2
1392390 2169.2
1392400 2165.1
1392410 2160.5
1392420 2160.5
1392430 2155.7
1392440 2151.5
1392450 2147.0
1392460 2147.0
1392470 2141.0
1392480 2135.1
1392490 2135.1
1392500 2128.9
1392510 2123.0
1392520 2123.0
1392530 2117.9
1392540 2112.5
1392550 2112.5
1392560 2107.5
1392570 2102.2
1392580 2102.2
1392590 2097.7
1392600 2092.0
1392610 2085.9
1392620 2085.9
1392630 2079.0
1392640 2071.4
1392650 2071.4
1392660 2062.3
1392670 2054.1
1392680 2054.1
1392690 2044.7
1392700 2035.9
1392710 2035.9
1392720 2027.1
1392730 2017.9
1392740 2017.9
1392750 2009.9
1392760 2003.0
1392770 1995.4
1392780 1995.4
1392790 1989.8
1392800 1984.7
1392810 1984.7
1392820 1980.2
1392830 1975.4
1392840 1975.4
1392850 1970.9
1392860 1966.7
1392870 1966.7
1392880 1962.7
1392890 1958.1
1392900 1958.1
1392910 1953.1
1392920 1947.7
1392930 1947.7
1392940 1942.2
1392950 1936.0
1392960 1929.0
1392970 1929.0
1392980 1922.4
1392990 1915.8
1393000 1915.8
1393010 1908.5
1393020 1900.3
1393030 1900.3
1393040 1892.8
1393050 1886.9
1393060 1886.9
1393070 1881.3
1393080 1876.5
1393090 1876.5
1393100 1872.5
1393110 1869.4
1393120 1865.9
1393130 1865.9
1393140 1862.2
1393150 1858.0
1393160 1858.0
1393170 1853.8
1393180 1849.3
1393190 1849.3
1393200 1844.0
1393210 1838.7
1393220 1838.7
1393230 1833.1
1393240 1827.6
1393250 1827.6
1393260 1821.8
1393270 1815.8
1393280 1809.9
1393290 1809.9
1393300 1804.4
1393310 1799.4
1393320 1799.4
1393330 1794.4
1393340 1789.5
1393350 1789.5
1393360 1784.6
1393370 1779.2
1393380 1779.2
1393390 1773.9
1393400 1769.2
1393410 1769.2
1393420 1764.3
1393430 1759.1
1393440 1753.8
1393450 1753.8
1393460 1749.9
1393470 1746.6
1393480 1746.6
1393490 1742.4
1393500 1738.3
1393510 1738.3
1393520 1733.8
1393530 1728.5
1393540 1728.5
1393550 1724.1
1393560 1722.0
1393570 1722.0
1393580 1722.3
1393590 1725.4
1393600 1733.2
1393610 1733.2
1393620 1743.5
1393630 1749.8
1393640 1749.8
1393650 1757.9
1393660 1769.0
1393670 1769.0
1393680 1774.5
1393690 1779.6
1393700 1779.6
1393710 1786.2
1393720 1794.6
1393730 1794.6
1393740 1803.5
1393750 1813.2
1393760 1824.0
1393770 1824.0
1393780 1832.5
1393790 1841.4
1393800 1841.4
1393810 1848.5
1393820 1853.5
1393830 1853.5
1393840 1859.5
1393850 1866.8
1393860 1866.8
1393870 1874.6
1393880 1881.3
1393890 1881.3
1393900 1886.6
1393910 1890.5
1393920 1894.8
1393930 1894.8
1393940 1900.9
1393950 1907.9
1393960 1907.9
1393970 1913.4
1393980 1919.5
1393990 1919.5
1394000 1926.4
1394010 1933.5
1394020 1933.5
1394030 1939.3
1394040 1944.9
1394050 1944.9
1394060 1950.1
1394070 1955.3
1394080 1955.3
1394090 1960.7
1394100 1966.7
1394110 1973.4
1394120 1973.4
1394130 1980.3
1394140 1987.4
1394150 1987.4
1394160 1992.1
1394170 1994.1
1394180 1994.1
1394190 1996.6
1394200 2000.2
1394210 2000.2
1394220 2004.5
1394230 2009.1
1394240 2009.1
1394250 2013.6
1394260 2018.2
1394270 2022.3
1394280 2022.3
1394290 2026.8
1394300 2031.5
1394310 2031.5
1394320 2036.2
1394330 2040.2
1394340 2040.2
1394350 2044.3
1394360 2048.5
1394370 2048.5
1394380 2052.4
1394390 2056.1
1394400 2056.1
1394410 2059.5
1394420 2063.2
1394430 2067.4
1394440 2067.4
1394450 2072.0
1394460 2077.4
1394470 2077.4
1394480 2083.5
1394490 2088.9
1394500 2088.9
1394510 2093.8
1394520 2099.2
1394530 2099.2
1394540 2104.8
1394550 2110.1
1394560 2110.1
1394570 2115.7
1394580 2121.9
1394590 2128.1
1394600 2128.1
1394610 2134.5
1394620 2140.6
1394630 2140.6
1394640 2147.2
1394650 2155.8
1394660 2155.8
1394670 2164.5
1394680 2173.2
1394690 2173.2
1394700 2181.8
1394710 2188.5
1394720 2188.5
1394730 2194.4
1394740 2199.7
1394750 2204.8
1394760 2204.8
1394770 2210.2
1394780 2215.1
1394790 2215.1
1394800 2219.3
1394810 2223.2
1394820 2223.2
1394830 2227.2
1394840 2231.8
1394850 2231.8
1394860 2236.5
1394870 2242.0
1394880 2242.0
1394890 2247.7
1394900 2254.5
1394910 2261.0
1394920 2261.0
1394930 2264.3
1394940 2267.3
1394950 2267.3
1394960 2269.1
1394970 2271.8
1394980 2271.8
1394990 2275.4
1395000 2276.9
1395010 2276.9
1395020 2279.3
1395030 2283.8
1395040 2283.8
1395050 2286.7
1395060 2292.1
1395070 2298.7
1395080 2298.7
1395090 2306.4
1395100 2315.6
1395110 2315.6
1395120 2322.3
1395130 2328.6
1395140 2328.6
1395150 2333.8
1395160 2337.3
1395170 2337.3
1395180 2341.1
1395190 2345.3
1395200 2345.3
1395210 2350.0
1395220 2354.6
1395230 2354.6
1395240 2358.3
1395250 2362.7
1395260 2367.9
1395270 2367.9
1395280 2373.2
1395290 2378.9
1395300 2378.9
1395310 2384.2
1395320 2389.2
1395330 2389.2
1395340 2393.5
1395350 2396.5
1395360 2396.5
1395370 2398.9
1395380 2399.3
1395390 2399.3
1395400 2397.6
1395410 2391.5
1395420 2383.2
1395430 2383.2
1395440 2375.1
1395450 2369.2
1395460 2369.2
1395470 2363.1
1395480 2356.6
1395490 2356.6
1395500 2349.8
1395510 2343.1
1395520 2343.1
1395530 2337.6
1395540 2332.1
1395550 2332.1
1395560 2325.1
1395570 2317.4
1395580 2309.1
1395590 2309.1
1395600 2299.6
1395610 2290.7
1395620 2290.7
1395630 2284.3
1395640 2279.0
1395650 2279.0
1395660 2274.5
1395670 2269.7
1395680 2269.7
1395690 2268.0
1395700 2270.1
1395710 2270.1
1395720 2265.2
1395730 2259.2
1395740 2250.3
1395750 2250.3
1395760 2236.4
1395770 2224.4
1395780 2224.4
1395790 2216.9
1395800 2210.9
1395810 2210.9
1395820 2206.2
1395830 2201.2
1395840 2201.2
1395850 2195.5
1395860 2187.3
1395870 2187.3
1395880 2180.2
1395890 2174.3
1395900 2174.1
1395910 2174.1
1395920 2170.0
1395930 2158.7
1395940 2158.7
1395950 2143.4
1395960 2136.2
1395970 2136.2
1395980 2128.2
1395990 2120.1
1396000 2120.1
1396010 2111.1
1396020 2105.0
1396030 2105.0
1396040 2100.1
1396050 2094.2
1396060 2088.1
1396070 2088.1
1396080 2082.4
1396090 2078.5
1396100 2078.5
1396110 2076.7
1396120 2073.6
1396130 2073.6
1396140 2068.6
1396150 2063.9
1396160 2063.9
1396170 2058.8
1396180 2053.5
1396190 2053.5
1396200 2048.6
1396210 2043.1
1396220 2037.3
1396230 2037.3
1396240 2030.7
1396250 2022.7
1396260 2022.7
1396270 2016.4
1396280 2010.8
1396290 2010.8
1396300 2005.4
1396310 2000.2
1396320 2000.2
1396330 1993.0
1396340 1986.0
1396350 1986.0
1396360 1979.3
1396370 1974.2
1396380 1974.2
1396390 1970.0
1396400 1966.2
1396410 1960.6
1396420 1960.6
1396430 1954.3
1396440 1947.3
1396450 1947.3
1396460 1940.1
1396470 1929.7
1396480 1929.7
1396490 1922.3
1396500 1916.1
1396510 1916.1
1396520 1910.8
1396530 1906.4
1396540 1906.4
1396550 1901.1
1396560 1895.8
1396570 1892.0
1396580 1892.0
1396590 1887.0
1396600 1882.5
1396610 1882.5
1396620 1877.4
1396630 1870.3
1396640 1870.3
1396650 1863.5
1396660 1857.5
1396670 1857.5
1396680 1850.2
1396690 1842.0
1396700 1842.0
1396710 1835.2
1396720 1829.8
1396730 1826.7
1396740 1826.7
1396750 1821.7
1396760 1816.3
1396770 1816.3
1396780 1809.9
1396790 1803.4
1396800 1803.4
1396810 1798.1
1396820 1793.6
1396830 1793.6
1396840 1790.0
1396850 1786.1
1396860 1786.1
1396870 1784.1
1396880 1783.5
1396890 1784.3
1396900 1784.3
1396910 1788.6
1396920 1795.1
1396930 1795.1
1396940 1802.0
1396950 1808.1
1396960 1808.1
1396970 1813.4
1396980 1818.1
1396990 1818.1
1397000 1822.8
1397010 1827.4
1397020 1827.4
1397030 1831.4
1397040 1834.6
1397050 1839.6
1397060 1839.6
1397070 1844.9
1397080 1850.6
1397090 1850.6
1397100 1858.4
1397110 1871.5
1397120 1871.5
1397130 1878.4
1397140 1885.9
1397150 1885.9
1397160 1892.8
1397170 1899.1
1397180 1899.1
1397190 1905.1
1397200 1912.1
1397210 1919.6
1397220 1919.6
1397230 1927.9
1397240 1937.0
1397250 1937.0
1397260 1952.4
1397270 1969.1
1397280 1969.1
1397290 1987.7
1397300 1997.5
1397310 1997.5
1397320 2007.1
1397330 2011.0
1397340 2011.0
1397350 2016.1
1397360 2025.4
1397370 2031.2
1397380 2031.2
1397390 2033.5
1397400 2041.8
1397410 2041.8
1397420 2048.5
1397430 2050.7
1397440 2050.7
1397450 2054.3
1397460 2054.6
1397470 2054.6
1397480 2050.5
1397490 2046.5
1397500 2046.5
1397510 2041.1
1397520 2026.1
1397530 2026.1
1397540 2012.8
1397550 2010.5
1397560 2009.8
1397570 2009.8
1397580 2005.9
1397590 2001.1
1397600 2001.1
1397610 1987.4
1397620 1971.5
1397630 1971.5
1397640 1956.9
1397650 1941.6
1397660 1941.6
1397670 1931.2
1397680 1916.6
1397690 1916.6
1397700 1905.2
1397710 1895.8
1397720 1886.7
1397730 1886.7
1397740 1874.0
1397750 1860.9
1397760 1860.9
1397770 1849.1
1397780 1837.2
1397790 1837.2
1397800 1829.8
1397810 1822.4
1397820 1822.4
1397830 1814.5
1397840 1807.5
1397850 1807.5
1397860 1800.3
1397870 1792.6
1397880 1785.6
1397890 1785.6
1397900 1779.1
1397910 1771.2
1397920 1771.2
1397930 1764.6
1397940 1757.5
1397950 1757.5
1397960 1750.3
1397970 1743.8
1397980 1743.8
1397990 1737.7
1398000 1731.7
1398010 1731.7
1398020 1725.5
1398030 1717.9
1398040 1711.7
1398050 1711.7
1398060 1704.0
1398070 1697.4
1398080 1697.4
1398090 1692.4
1398100 1685.8
1398110 1685.8
1398120 1679.2
1398130 1672.6
1398140 1672.6
1398150 1667.8
1398160 1663.0
1398170 1663.0
1398180 1658.0
1398190 1652.8
1398200 1646.9
1398210 1646.9
1398220 1640.4
1398230 1633.3
1398240 1633.3
1398250 1626.5
1398260 1620.2
1398270 1620.2
1398280 1613.2
1398290 1607.3
1398300 1607.3
1398310 1602.3
1398320 1597.1
1398330 1597.1
1398340 1592.8
1398350 1591.1
1398360 1589.1
1398370 1589.1
1398380 1585.1
1398390 1578.4
1398400 1578.4
1398410 1574.0
1398420 1572.0
1398430 1572.0
1398440 1566.7
1398450 1559.7
1398460 1559.7
1398470 1558.6
1398480 1561.7
1398490 1561.7
1398500 1564.6
1398510 1567.7
1398520 1571.6
1398530 1571.6
1398540 1574.0
1398550 1577.5
1398560 1577.5
1398570 1581.3
1398580 1585.6
1398590 1585.6
1398600 1590.2
1398610 1595.0
1398620 1595.0
1398630 1600.0
1398640 1604.6
1398650 1604.6
1398660 1609.0
1398670 1613.5
1398680 1613.5
1398690 1618.3
1398700 1623.2
1398710 1628.3
1398720 1628.3
1398730 1633.5
1398740 1639.3
1398750 1639.3
1398760 1645.6
1398770 1652.8
1398780 1652.8
1398790 1660.6
1398800 1669.0
1398810 1669.0
1398820 1677.9
1398830 1686.0
1398840 1686.0
1398850 1693.9
1398860 1701.3
1398870 1709.0
1398880 1709.0
1398890 1715.0
1398900 1721.6
1398910 1721.6
1398920 1729.5
1398930 1737.9
1398940 1737.9
1398950 1746.3
1398960 1755.0
1398970 1755.0
1398980 1760.3
1398990 1766.1
1399000 1766.1
1399010 1772.3
1399020 1778.9
1399030 1785.7
1399040 1785.7
1399050 1792.3
1399060 1799.1
1399070 1799.1
1399080 1806.2
1399090 1813.5
1399100 1813.5
1399110 1820.4
1399120 1826.9
1399130 1826.9
1399140 1834.5
1399150 1842.2
1399160 1842.2
1399170 1849.6
1399180 1856.1
1399190 1860.8
1399200 1860.8
1399210 1865.5
1399220 1872.8
1399230 1872.8
1399240 1882.2
1399250 1891.4
1399260 1891.4
1399270 1898.8
1399280 1904.7
1399290 1904.7
1399300 1910.8
1399310 1917.0
1399320 1917.0
1399330 1923.7
1399340 1931.7
1399350 1938.7
1399360 1938.7
1399370 1944.6
1399380 1945.2
1399390 1945.2
1399400 1950.9
1399410 1956.3
1399420 1956.3
1399430 1962.0
1399440 1967.9
1399450 1967.9
1399460 1973.7
1399470 1980.3
1399480 1980.3
1399490 1986.8
1399500 1993.6
1399510 2001.8
1399520 2001.8
1399530 2010.6
1399540 2019.7
1399550 2019.7
1399560 2027.5
1399570 2033.7
1399580 2033.7
1399590 2039.1
1399600 2043.3
1399610 2043.3
1399620 2046.1
1399630 2049.9
1399640 2049.9
1399650 2054.3
1399660 2058.5
1399670 2063.3
1399680 2063.3
1399690 2067.9
1399700 2071.8
1399710 2071.8
1399720 2075.7
1399730 2078.5
1399740 2078.5
1399750 2081.0
1399760 2084.1
1399770 2084.1
1399780 2087.4
1399790 2091.1
1399800 2091.1
1399810 2094.9
1399820 2098.9
1399830 2098.9
1399840 2103.1
1399850 2106.7
1399860 2110.2
1399870 2110.2
1399880 2113.4
1399890 2116.4
1399900 2116.4
1399910 2118.3
1399920 2118.1
1399930 2118.1
1399940 2116.5
1399950 2115.9
1399960 2115.9
1399970 2115.5
1399980 2114.1
1399990 2114.1
