1381280 2387.8
1381290 2392.4
1381300 2393.2
1381310 2393.2
1381320 2393.9
1381330 2396.6
1381340 2396.6
1381350 2403.8
1381360 2407.9
1381370 2407.9
1381380 2409.3
1381390 2411.0
1381400 2411.0
1381410 2412.1
1381420 2412.6
1381430 2412.6
1381440 2413.5
1381450 2413.6
1381460 2413.1
1381470 2413.1
1381480 2412.8
1381490 2413.4
1381500 2413.4
1381510 2414.2
1381520 2415.0
1381530 2415.0
1381540 2416.7
1381550 2418.1
1381560 2418.1
1381570 2419.0
1381580 2420.3
1381590 2420.3
1381600 2422.0
1381610 2423.7
1381620 2425.2
1381630 2425.2
1381640 2427.1
1381650 2428.5
1381660 2428.5
1381670 2428.7
1381680 2428.1
1381690 2428.1
1381700 2427.7
1381710 2427.5
1381720 2427.5
1381730 2428.6
1381740 2429.9
1381750 2429.9
1381760 2431.3
1381770 2432.7
1381780 2434.3
1381790 2434.3
1381800 2437.7
1381810 2442.1
1381820 2442.1
1381830 2444.7
1381840 2447.3
1381850 2447.3
1381860 2449.0
1381870 2449.2
1381880 2449.2
1381890 2448.1
1381900 2445.7
1381910 2445.7
1381920 2442.5
1381930 2436.8
1381940 2430.7
1381950 2430.7
1381960 2424.8
1381970 2418.7
1381980 2418.7
1381990 2413.7
1382000 2409.4
1382010 2409.4
1382020 2406.7
1382030 2403.4
1382040 2403.4
1382050 2400.3
1382060 2397.6
1382070 2397.6
1382080 2395.0
1382090 2392.6
1382100 2390.4
1382110 2390.4
1382120 2388.5
1382130 2387.6
1382140 2387.6
1382150 2387.5
1382160 2388.3
1382170 2388.3
1382180 2389.4
1382190 2391.2
1382200 2391.2
1382210 2392.1
1382220 2392.3
1382230 2392.3
1382240 2392.3
1382250 2394.1
1382260 2394.1
1382270 2397.0
1382280 2399.7
1382290 2402.0
1382300 2402.0
1382310 2404.7
1382320 2408.1
1382330 2408.1
1382340 2411.9
1382350 2415.7
1382360 2415.7
1382370 2418.7
1382380 2420.7
1382390 2420.7
1382400 2422.7
1382410 2424.6
1382420 2424.6
1382430 2426.5
1382440 2427.3
1382450 2427.8
1382460 2427.8
1382470 2429.2
1382480 2431.2
1382490 2431.2
1382500 2433.7
1382510 2435.0
1382520 2435.0
1382530 2435.5
1382540 2435.5
1382550 2429.6
1382560 2429.5
1382570 2429.2
1382580 2429.2
1382590 2429.3
1382600 2430.0
1382610 2430.9
1382620 2430.9
1382630 2431.3
1382640 2431.8
1382650 2431.8
1382660 2431.3
1382670 2430.2
1382680 2430.2
1382690 2430.5
1382700 2432.7
1382710 2432.7
1382720 2433.7
1382730 2432.9
1382740 2432.9
1382750 2432.5
1382760 2433.0
1382770 2432.1
1382780 2432.1
1382790 2432.4
1382800 2435.3
1382810 2435.3
1382820 2437.3
1382830 2437.8
1382840 2437.8
1382850 2437.8
1382860 2437.2
1382870 2437.2
1382880 2432.4
1382890 2428.1
1382900 2428.1
1382910 2424.2
1382920 2419.0
1382930 2416.3
1382940 2416.3
1382950 2414.3
1382960 2412.7
1382970 2412.7
1382980 2412.2
1382990 2414.1
1383000 2414.1
1383010 2416.3
1383020 2418.9
1383030 2418.9
1383040 2421.2
1383050 2423.1
1383060 2423.1
1383070 2426.0
1383080 2427.9
1383090 2430.3
1383100 2430.3
1383110 2433.6
1383120 2437.2
1383130 2437.2
1383140 2440.8
1383150 2444.2
1383160 2444.2
1383170 2448.5
1383180 2452.6
1383190 2452.6
1383200 2456.4
1383210 2460.2
1383220 2460.2
1383230 2463.7
1383240 2468.1
1383250 2468.1
1383260 2472.1
1383270 2476.4
1383280 2482.6
1383290 2482.6
1383300 2490.4
1383310 2497.6
1383320 2497.6
1383330 2505.5
1383340 2509.9
1383350 2509.9
1383360 2514.2
1383370 2521.6
1383380 2521.6
1383390 2529.4
1383400 2535.4
1383410 2535.4
1383420 2540.1
1383430 2545.8
1383440 2552.3
1383450 2552.3
1383460 2553.9
1383470 2554.0
1383480 2554.0
1383490 2551.2
1383500 2547.6
1383510 2547.6
1383520 2543.2
1383530 2538.0
1383540 2538.0
1383550 2532.3
1383560 2526.2
1383570 2526.2
1383580 2519.2
1383590 2511.4
1383600 2504.1
1383610 2504.1
1383620 2496.8
1383630 2489.2
1383640 2489.2
1383650 2482.1
1383660 2476.2
1383670 2476.2
1383680 2471.8
1383690 2469.2
1383700 2469.2
1383710 2466.1
1383720 2462.6
1383730 2462.6
1383740 2461.1
1383750 2461.2
1383760 2461.4
1383770 2461.4
1383780 2460.2
1383790 2455.5
1383800 2455.5
1383810 2446.7
1383820 2440.0
1383830 2440.0
1383840 2434.5
1383850 2428.2
1383860 2428.2
1383870 2421.4
1383880 2413.9
1383890 2413.9
1383900 2407.3
1383910 2400.6
1383920 2392.8
1383930 2392.8
1383940 2385.9
1383950 2380.0
1383960 2380.0
1383970 2375.1
1383980 2370.6
1383990 2370.6
1384000 2366.1
1384010 2361.1
1384020 2361.1
1384030 2355.7
1384040 2350.5
1384050 2350.5
1384060 2346.4
1384070 2343.1
1384080 2343.1
1384090 2340.6
1384100 2338.4
1384110 2336.7
1384120 2336.7
1384130 2335.8
1384140 2335.6
1384150 2335.6
1384160 2334.6
1384170 2332.4
1384180 2332.4
1384190 2328.0
1384200 2319.9
1384210 2319.9
1384220 2312.0
1384230 2305.8
1384240 2305.8
1384250 2301.5
1384260 2297.4
1384270 2293.8
1384280 2293.8
1384290 2290.8
1384300 2286.9
1384310 2286.9
1384320 2282.2
1384330 2277.5
1384340 2277.5
1384350 2273.5
1384360 2271.2
1384370 2271.2
1384380 2270.9
1384390 2271.1
1384400 2271.1
1384410 2272.7
1384420 2272.5
1384430 2270.2
1384440 2270.2
1384450 2265.9
1384460 2258.6
1384470 2258.6
1384480 2254.7
1384490 2253.5
1384500 2253.5
1384510 2253.8
1384520 2254.4
1384530 2254.4
1384540 2253.0
1384550 2244.3
1384560 2244.3
1384570 2232.8
1384580 2214.2
1384590 2201.5
1384600 2201.5
1384610 2195.2
1384620 2188.3
1384630 2188.3
1384640 2180.8
1384650 2173.1
1384660 2173.1
1384670 2166.5
1384680 2161.5
1384690 2161.5
1384700 2157.6
1384710 2155.6
1384720 2155.6
1384730 2152.8
1384740 2149.6
1384750 2145.7
1384760 2145.7
1384770 2141.1
1384780 2135.9
1384790 2135.9
1384800 2129.8
1384810 2124.2
1384820 2124.2
1384830 2118.1
1384840 2112.5
1384850 2112.5
1384860 2107.8
1384870 2103.4
1384880 2103.4
1384890 2098.9
1384900 2094.3
1384910 2089.4
1384920 2089.4
1384930 2085.1
1384940 2080.6
1384950 2080.6
1384960 2075.9
1384970 2071.7
1384980 2071.7
1384990 2067.1
1385000 2062.2
1385010 2062.2
1385020 2057.6
1385030 2053.0
1385040 2053.0
1385050 2049.9
1385060 2045.1
1385070 2045.1
1385080 2040.2
1385090 2035.3
1385100 2030.3
1385110 2030.3
1385120 2025.2
1385130 2020.4
1385140 2020.4
1385150 2016.0
1385160 2011.4
1385170 2011.4
1385180 2006.8
1385190 2002.4
1385200 2002.4
1385210 1998.6
1385220 1995.2
1385230 1995.2
1385240 1992.1
1385250 1989.6
1385260 1987.0
1385270 1987.0
1385280 1984.1
1385290 1981.2
1385300 1981.2
1385310 1978.4
1385320 1975.4
1385330 1975.4
1385340 1971.9
1385350 1968.7
1385360 1968.7
1385370 1966.4
1385380 1963.9
1385390 1963.9
1385400 1962.0
1385410 1960.7
1385420 1960.0
1385430 1960.0
1385440 1959.9
1385450 1959.9
1385460 1959.9
1385470 1960.3
1385480 1960.9
1385490 1960.9
1385500 1961.4
1385510 1962.3
1385520 1962.3
1385530 1963.6
1385540 1964.6
1385550 1964.6
1385560 1965.3
1385570 1965.8
1385580 1966.0
1385590 1966.0
1385600 1967.3
1385610 1968.6
1385620 1968.6
1385630 1970.5
1385640 1972.2
1385650 1972.2
1385660 1973.9
1385670 1976.3
1385680 1976.3
1385690 1977.5
1385700 1978.9
1385710 1978.9
1385720 1980.9
1385730 1982.1
1385740 1982.3
1385750 1982.3
1385760 1983.3
1385770 1984.7
1385780 1984.7
1385790 1986.2
1385800 1986.2
1385810 1986.2
1385820 1989.5
1385830 1991.0
1385840 1991.0
1385850 1991.7
1385860 1992.4
1385870 1992.4
1385880 1993.5
1385890 1998.1
1385900 2006.2
1385910 2006.2
1385920 2014.1
1385930 2021.3
1385940 2021.3
1385950 2028.4
1385960 2035.5
1385970 2035.5
1385980 2043.2
1385990 2051.1
1386000 2051.1
1386010 2058.3
1386020 2066.8
1386030 2066.8
1386040 2074.4
1386050 2081.9
1386060 2081.9
1386070 2094.4
1386080 2107.8
1386090 2117.1
1386100 2117.1
1386110 2125.8
1386120 2133.5
1386130 2133.5
1386140 2142.3
1386150 2152.1
1386160 2152.1
1386170 2164.3
1386180 2174.1
1386190 2174.1
1386200 2183.3
1386210 2190.0
1386220 2190.0
1386230 2195.2
1386240 2202.6
1386250 2212.7
1386260 2212.7
1386270 2224.0
1386280 2233.0
1386290 2233.0
1386300 2241.9
1386310 2238.4
1386320 2246.3
1386330 2244.6
1386340 2247.9
1386350 2247.9
1386360 2251.7
1386370 2257.2
1386380 2257.2
1386390 2259.9
1386400 2258.8
1386410 2257.4
1386420 2257.4
1386430 2254.1
1386440 2249.8
1386450 2249.8
1386460 2247.1
1386470 2248.2
1386480 2248.2
1386490 2250.4
1386500 2251.5
1386510 2251.5
1386520 2254.1
1386530 2258.0
1386540 2258.0
1386550 2262.6
1386560 2268.2
1386570 2274.6
1386580 2274.6
1386590 2281.9
1386600 2289.8
1386610 2289.8
1386620 2298.1
1386630 2306.6
1386640 2306.6
1386650 2315.3
1386660 2324.7
1386670 2324.7
1386680 2334.3
1386690 2344.7
1386700 2344.7
1386710 2357.1
1386720 2364.8
1386730 2357.7
1386740 2357.7
1386750 2349.8
1386760 2344.8
1386770 2344.8
1386780 2333.0
1386790 2319.1
1386800 2319.1
1386810 2308.9
1386820 2300.9
1386830 2300.9
1386840 2294.1
1386850 2287.5
1386860 2287.5
1386870 2281.7
1386880 2276.7
1386890 2273.6
1386900 2273.6
1386910 2272.0
1386920 2271.6
1386930 2271.6
1386940 2269.8
1386950 2262.9
1386960 2262.9
1386970 2255.6
1386980 2250.2
1386990 2250.2
1387000 2247.5
1387010 2246.7
1387020 2246.7
1387030 2246.7
1387040 2242.4
1387050 2242.4
1387060 2234.9
1387070 2227.3
1387080 2219.6
1387090 2219.6
1387100 2211.3
1387110 2203.2
1387120 2203.2
1387130 2196.1
1387140 2189.8
1387150 2189.8
1387160 2184.6
1387170 2178.5
1387180 2178.5
1387190 2175.0
1387200 2170.7
1387210 2170.7
1387220 2159.0
1387230 2148.0
1387240 2138.8
1387250 2138.8
1387260 2131.0
1387270 2120.7
1387280 2120.7
1387290 2114.4
1387300 2107.9
1387310 2107.9
1387320 2102.4
1387330 2096.2
1387340 2096.2
1387350 2089.9
1387360 2083.7
1387370 2083.7
1387380 2077.1
1387390 2071.1
1387400 2067.3
1387410 2067.3
1387420 2063.5
1387430 2059.4
1387440 2059.4
1387450 2055.1
1387460 2051.4
1387470 2051.4
1387480 2049.5
1387490 2050.5
1387500 2050.5
1387510 2049.5
1387520 2047.2
1387530 2047.2
1387540 2042.3
1387550 2035.5
1387560 2030.9
1387570 2030.9
1387580 2028.5
1387590 2028.2
1387600 2028.2
1387610 2028.6
1387620 2025.7
1387630 2025.7
1387640 2023.7
1387650 2022.9
1387660 2022.9
1387670 2021.9
1387680 2021.2
1387690 2021.2
1387700 2018.9
1387710 2016.0
1387720 2011.7
1387730 2011.7
1387740 2007.2
1387750 2002.5
1387760 2002.5
1387770 1996.8
1387780 1990.9
1387790 1990.9
1387800 1985.6
1387810 1977.9
1387820 1977.9
1387830 1967.7
1387840 1966.8
1387850 1966.8
1387860 1970.7
1387870 1969.5
1387880 1967.3
1387890 1967.3
1387900 1966.7
1387910 1968.1
1387920 1968.1
1387930 1969.6
1387940 1970.9
1387950 1970.9
1387960 1972.2
1387970 1972.9
1387980 1972.9
1387990 1974.7
1388000 1976.8
1388010 1976.8
1388020 1978.4
1388030 1980.5
1388040 1980.5
1388050 1982.2
1388060 1984.0
1388070 1985.9
1388080 1985.9
1388090 1987.7
1388100 1990.0
1388110 1990.0
1388120 1992.8
1388130 1995.4
1388140 1995.4
1388150 1997.5
1388160 1999.6
1388170 1999.6
1388180 2001.9
1388190 2004.5
1388200 2004.5
1388210 2006.9
1388220 2009.0
1388230 2011.2
1388240 2011.2
1388250 2013.6
1388260 2015.6
1388270 2015.6
1388280 2014.0
1388290 2011.4
1388300 2011.4
1388310 2015.4
1388320 2018.6
1388330 2018.6
1388340 2023.1
1388350 2027.6
1388360 2027.6
1388370 2031.4
1388380 2034.8
1388390 2037.7
1388400 2037.7
1388410 2042.2
1388420 2042.5
1388430 2042.5
1388440 2036.2
1388450 2035.5
1388460 2035.5
1388470 2038.2
1388480 2043.8
1388490 2043.8
1388500 2051.0
1388510 2058.4
1388520 2058.4
1388530 2069.4
1388540 2082.0
1388550 2080.6
1388560 2080.6
1388570 2079.2
1388580 2080.9
1388590 2080.9
1388600 2084.0
1388610 2085.1
1388620 2085.1
1388630 2086.6
1388640 2087.9
1388650 2087.9
1388660 2090.3
1388670 2095.8
1388680 2095.8
1388690 2104.7
1388700 2114.1
1388710 2120.6
1388720 2120.6
1388730 2128.7
1388740 2130.6
1388750 2130.6
1388760 2122.4
1388770 2121.2
1388780 2121.2
1388790 2129.0
1388800 2134.4
1388810 2134.4
1388820 2143.2
1388830 2155.7
1388840 2155.7
1388850 2156.1
1388860 2153.3
1388870 2163.1
1388880 2163.1
1388890 2168.0
1388900 2165.5
1388910 2165.5
1388920 2183.0
1388930 2183.7
1388940 2183.7
1388950 2188.2
1388960 2195.1
1388970 2195.1
1388980 2204.3
1388990 2214.4
1389000 2214.4
1389010 2225.0
1389020 2237.3
1389030 2237.3
1389040 2250.9
1389050 2260.9
1389060 2262.7
1389070 2262.7
1389080 2266.0
1389090 2268.0
1389100 2268.0
1389110 2270.6
1389120 2269.1
1389130 2269.1
1389140 2274.2
1389150 2275.7
1389160 2275.7
1389170 2277.5
1389180 2281.3
1389190 2281.3
1389200 2283.8
1389210 2287.4
1389220 2296.7
1389230 2296.7
1389240 2307.9
1389250 2320.5
1389260 2320.5
1389270 2333.1
1389280 2350.3
1389290 2350.3
1389300 2365.4
1389310 2382.0
1389320 2382.0
1389330 2395.8
1389340 2404.8
1389350 2404.8
1389360 2410.7
1389370 2414.5
1389380 2419.4
1389390 2419.4
1389400 2423.7
1389410 2423.9
1389420 2423.9
1389430 2418.4
1389440 2412.7
1389450 2412.7
1389460 2407.4
1389470 2401.5
1389480 2401.5
1389490 2395.4
1389500 2387.5
1389510 2387.5
1389520 2381.3
1389530 2375.5
1389540 2369.2
1389550 2369.2
1389560 2363.0
1389570 2355.8
1389580 2355.8
1389590 2348.9
1389600 2342.6
1389610 2342.6
1389620 2336.3
1389630 2330.6
1389640 2330.6
1389650 2326.4
1389660 2320.6
1389670 2320.6
1389680 2311.7
1389690 2303.7
1389700 2295.1
1389710 2295.1
1389720 2286.9
1389730 2278.7
1389740 2278.7
1389750 2271.0
1389760 2264.4
1389770 2264.4
1389780 2257.3
1389790 2248.9
1389800 2248.9
1389810 2241.0
1389820 2235.4
1389830 2235.4
1389840 2230.1
1389850 2224.3
1389860 2224.3
1389870 2216.9
1389880 2208.7
1389890 2200.3
1389900 2200.3
1389910 2192.9
1389920 2186.1
1389930 2186.1
1389940 2177.8
1389950 2170.4
1389960 2170.4
1389970 2165.2
1389980 2157.8
1389990 2157.8
1390000 2146.2
1390010 2130.7
1390020 2130.7
1390030 2118.6
1390040 2104.6
1390050 2082.2
1390060 2082.2
1390070 2063.2
1390080 2031.3
1390090 2031.3
1390100 2001.0
1390110 1973.5
1390120 1973.5
1390130 1939.4
1390140 1920.5
1390150 1920.5
1390160 1912.4
1390170 1908.1
1390180 1908.1
1390190 1903.8
1390200 1896.1
1390210 1888.2
1390220 1888.2
1390230 1880.5
1390240 1880.8
1390250 1880.8
1390260 1876.5
1390270 1861.0
1390280 1861.0
1390290 1839.8
1390300 1821.8
1390310 1821.8
1390320 1806.3
1390330 1792.7
1390340 1792.7
1390350 1778.4
1390360 1765.9
1390370 1758.4
1390380 1758.4
1390390 1751.3
1390400 1744.2
1390410 1744.2
1390420 1735.5
1390430 1724.9
1390440 1724.9
1390450 1721.3
1390460 1712.4
1390470 1712.4
1390480 1698.9
1390490 1684.6
1390500 1684.6
1390510 1675.8
1390520 1663.1
1390530 1646.5
1390540 1646.5
1390550 1633.0
1390560 1624.3
1390570 1624.3
1390580 1619.2
1390590 1614.7
1390600 1614.7
1390610 1610.2
1390620 1606.1
1390630 1606.1
1390640 1601.8
1390650 1596.6
1390660 1596.6
1390670 1591.2
1390680 1588.6
1390690 1587.8
1390700 1587.8
1390710 1589.7
1390720 1590.4
1390730 1590.4
1390740 1591.1
1390750 1592.7
1390760 1592.7
1390770 1594.6
1390780 1596.1
1390790 1596.1
1390800 1597.5
1390810 1599.4
1390820 1599.4
1390830 1601.5
1390840 1604.3
1390850 1604.3
1390860 1607.0
1390870 1608.8
1390880 1610.6
1390890 1610.6
1390900 1612.6
1390910 1614.4
1390920 1614.4
1390930 1616.9
1390940 1619.7
1390950 1619.7
1390960 1622.6
1390970 1624.4
1390980 1624.4
1390990 1626.9
1391000 1627.8
1391010 1627.8
1391020 1629.5
1391030 1631.8
1391040 1634.2
1391050 1634.2
1391060 1636.2
1391070 1637.2
1391080 1637.2
1391090 1637.5
1391100 1638.3
1391110 1638.3
1391120 1643.7
1391130 1647.6
1391140 1647.6
1391150 1649.5
1391160 1652.1
1391170 1652.1
1391180 1655.7
1391190 1659.8
1391200 1664.3
1391210 1664.3
1391220 1669.3
1391230 1674.3
1391240 1674.3
1391250 1679.5
1391260 1684.9
1391270 1684.9
1391280 1690.7
1391290 1696.9
1391300 1696.9
1391310 1702.5
1391320 1708.3
1391330 1708.3
1391340 1714.3
1391350 1720.5
1391360 1726.9
1391370 1726.9
1391380 1733.4
1391390 1740.0
1391400 1740.0
1391410 1746.6
1391420 1752.9
1391430 1752.9
1391440 1759.2
1391450 1765.4
1391460 1765.4
1391470 1771.6
1391480 1778.1
1391490 1778.1
1391500 1785.1
1391510 1795.7
1391520 1808.3
1391530 1808.3
1391540 1818.9
1391550 1831.9
1391560 1831.9
1391570 1837.4
1391580 1836.7
1391590 1836.7
1391600 1848.0
1391610 1861.1
1391620 1861.1
1391630 1871.5
1391640 1879.9
1391650 1879.9
1391660 1886.8
1391670 1896.1
1391680 1904.2
1391690 1904.2
1391700 1910.8
1391710 1921.1
1391720 1921.1
1391730 1932.2
1391740 1946.7
1391750 1946.7
1391760 1957.9
1391770 1969.7
1391780 1969.7
1391790 1979.3
1391800 1987.8
1391810 1987.8
1391820 1994.0
1391830 2001.1
1391840 2001.1
1391850 2008.3
1391860 2016.6
1391870 2025.7
1391880 2025.7
1391890 2034.2
1391900 2052.0
1391910 2052.0
1391920 2065.1
1391930 2070.5
1391940 2070.5
1391950 2076.9
1391960 2089.3
1391970 2089.3
1391980 2095.8
1391990 2096.9
1392000 2096.9
1392010 2099.0
1392020 2103.4
1392030 2110.2
1392040 2110.2
1392050 2116.0
1392060 2124.0
1392070 2124.0
1392080 2141.1
1392090 2155.5
1392100 2155.5
1392110 2167.1
1392120 2177.1
1392130 2177.1
1392140 2182.8
1392150 2187.3
1392160 2187.3
1392170 2190.3
1392180 2199.1
1392190 2209.7
1392200 2209.7
1392210 2216.2
1392220 2217.3
1392230 2217.3
1392240 2213.0
1392250 2207.0
1392260 2207.0
1392270 2201.7
1392280 2198.1
1392290 2198.1
1392300 2195.1
1392310 2192.4
1392320 2192.4
1392330 2189.1
1392340 2183.5
1392350 2177.5
1392360 2177.5
1392370 2171.2
1392380 2166.1
1392390 2166.1
1392400 2161.8
1392410 2157.2
1392420 2157.2
1392430 2152.4
1392440 2146.8
1392450 2146.8
1392460 2140.1
1392470 2133.5
1392480 2133.5
1392490 2126.4
1392500 2119.9
1392510 2113.3
1392520 2113.3
1392530 2106.3
1392540 2099.6
1392550 2099.6
1392560 2093.2
1392570 2084.8
1392580 2084.8
1392590 2075.7
1392600 2065.8
1392610 2065.8
1392620 2054.0
1392630 2042.7
1392640 2042.7
1392650 2034.7
1392660 2028.5
1392670 2022.2
1392680 2022.2
1392690 2012.3
1392700 1999.6
1392710 1999.6
1392720 1990.5
1392730 1981.4
1392740 1981.4
1392750 1972.9
1392760 1965.2
1392770 1965.2
1392780 1958.0
1392790 1951.0
1392800 1951.0
1392810 1945.0
1392820 1939.1
1392830 1939.1
1392840 1932.7
1392850 1925.6
1392860 1918.4
1392870 1918.4
1392880 1911.3
1392890 1904.8
1392900 1904.8
1392910 1899.6
1392920 1895.0
1392930 1895.0
1392940 1895.2
1392950 1892.1
1392960 1892.1
1392970 1888.2
1392980 1883.7
1392990 1883.7
1393000 1878.6
1393010 1873.2
1393020 1866.7
1393030 1866.7
1393040 1859.1
1393050 1849.1
1393060 1849.1
1393070 1838.7
1393080 1832.3
1393090 1832.3
1393100 1827.0
1393110 1821.2
1393120 1821.2
1393130 1814.4
1393140 1809.0
1393150 1809.0
1393160 1803.9
1393170 1797.8
1393180 1787.7
1393190 1787.7
1393200 1773.6
1393210 1763.5
1393220 1763.5
1393230 1754.6
1393240 1743.7
1393250 1743.7
1393260 1733.1
1393270 1724.4
1393280 1724.4
1393290 1715.8
1393300 1707.3
1393310 1707.3
1393320 1699.2
1393330 1691.5
1393340 1684.2
1393350 1684.2
1393360 1677.4
1393370 1670.9
1393380 1670.9
1393390 1664.2
1393400 1658.6
1393410 1658.6
1393420 1653.9
1393430 1648.8
1393440 1648.8
1393450 1644.5
1393460 1640.3
1393470 1640.3
1393480 1636.9
1393490 1634.6
1393500 1632.4
1393510 1632.4
1393520 1628.9
1393530 1625.9
1393540 1625.9
1393550 1623.9
1393560 1624.7
1393570 1624.7
1393580 1628.7
1393590 1632.3
1393600 1632.3
1393610 1634.7
1393620 1638.0
1393630 1638.0
1393640 1641.7
1393650 1645.0
1393660 1648.0
1393670 1648.0
1393680 1651.2
1393690 1654.5
1393700 1654.5
1393710 1657.8
1393720 1661.2
1393730 1661.2
1393740 1664.8
1393750 1668.3
1393760 1668.3
1393770 1672.0
1393780 1676.0
1393790 1676.0
1393800 1680.0
1393810 1684.2
1393820 1684.2
1393830 1688.7
1393840 1693.3
1393850 1698.5
1393860 1698.5
1393870 1703.8
1393880 1709.0
1393890 1709.0
1393900 1714.8
1393910 1721.1
1393920 1721.1
1393930 1726.5
1393940 1732.2
1393950 1732.2
1393960 1738.3
1393970 1743.9
1393980 1743.9
1393990 1749.7
1394000 1756.2
1394010 1763.2
1394020 1763.2
1394030 1769.8
1394040 1774.5
1394050 1774.5
1394060 1779.3
1394070 1785.0
1394080 1785.0
1394090 1791.2
1394100 1798.1
1394110 1798.1
1394120 1804.0
1394130 1810.6
1394140 1810.6
1394150 1818.3
1394160 1829.2
1394170 1838.0
1394180 1838.0
1394190 1846.3
1394200 1852.6
1394210 1852.6
1394220 1860.1
1394230 1866.4
1394240 1866.4
1394250 1872.3
1394260 1878.5
1394270 1878.5
1394280 1885.6
1394290 1893.5
1394300 1893.5
1394310 1903.0
1394320 1909.0
1394330 1904.2
1394340 1904.2
1394350 1911.7
1394360 1920.5
1394370 1920.5
1394380 1931.0
1394390 1939.3
1394400 1939.3
1394410 1945.8
1394420 1952.1
1394430 1952.1
1394440 1959.3
1394450 1968.7
1394460 1968.7
1394470 1976.9
1394480 1987.0
1394490 1997.0
1394500 1997.0
1394510 2006.6
1394520 2015.2
1394530 2015.2
1394540 2021.0
1394550 2027.9
1394560 2027.9
1394570 2035.1
1394580 2041.7
1394590 2041.7
1394600 2047.5
1394610 2051.7
1394620 2051.7
1394630 2055.7
1394640 2060.2
1394650 2064.2
1394660 2064.2
1394670 2068.1
1394680 2073.4
1394690 2073.4
1394700 2078.8
1394710 2084.4
1394720 2084.4
1394730 2090.3
1394740 2095.7
1394750 2095.7
1394760 2101.3
1394770 2106.9
1394780 2106.9
1394790 2111.5
1394800 2116.0
1394810 2116.0
1394820 2122.7
1394830 2130.1
1394840 2135.9
1394850 2135.9
1394860 2138.7
1394870 2140.4
1394880 2140.4
1394890 2143.1
1394900 2147.0
1394910 2147.0
1394920 2152.9
1394930 2159.7
1394940 2159.7
1394950 2165.2
1394960 2170.0
1394970 2170.0
1394980 2175.1
1394990 2179.5
1395000 2183.4
1395010 2183.4
1395020 2187.5
1395030 2190.7
1395040 2190.7
1395050 2193.6
1395060 2197.6
1395070 2197.6
1395080 2201.2
1395090 2204.1
1395100 2204.1
1395110 2208.2
1395120 2212.6
1395130 2212.6
1395140 2213.5
1395150 2211.6
1395160 2210.4
1395170 2210.4
1395180 2210.9
1395190 2212.5
1395200 2212.5
1395210 2212.7
1395220 2213.2
1395230 2213.2
1395240 2216.3
1395250 2220.4
1395260 2220.4
1395270 2222.7
1395280 2223.3
1395290 2223.3
1395300 2225.3
1395310 2229.8
1395320 2235.5
1395330 2235.5
1395340 2239.1
1395350 2241.8
1395360 2241.8
1395370 2243.8
1395380 2245.7
1395390 2245.7
1395400 2247.7
1395410 2249.9
1395420 2249.9
1395430 2253.5
1395440 2256.1
1395450 2256.1
1395460 2258.1
1395470 2260.7
1395480 2263.7
1395490 2263.7
1395500 2267.6
1395510 2271.8
1395520 2271.8
1395530 2276.1
1395540 2280.0
1395550 2280.0
1395560 2282.2
1395570 2283.6
1395580 2283.6
1395590 2285.8
1395600 2287.7
1395610 2287.7
1395620 2288.9
1395630 2290.0
1395640 2291.3
1395650 2291.3
1395660 2291.9
1395670 2289.3
1395680 2289.3
1395690 2286.6
1395700 2284.1
1395710 2284.1
1395720 2281.3
1395730 2276.0
1395740 2276.0
1395750 2274.9
1395760 2273.6
1395770 2273.6
1395780 2270.8
1395790 2268.9
1395800 2268.9
1395810 2268.4
1395820 2269.2
1395830 2270.2
1395840 2270.2
1395850 2270.1
1395860 2266.4
1395870 2266.4
1395880 2263.5
1395890 2261.8
1395900 2261.8
1395910 2260.5
1395920 2258.7
1395930 2258.7
1395940 2255.0
1395950 2252.9
1395960 2252.9
1395970 2250.9
1395980 2245.9
1395990 2240.2
1396000 2240.2
1396010 2236.5
1396020 2236.1
1396030 2236.1
1396040 2236.9
1396050 2233.4
1396060 2233.4
1396070 2228.4
1396080 2225.4
1396090 2225.4
1396100 2222.4
1396110 2217.3
1396120 2217.3
1396130 2210.3
1396140 2204.0
1396150 2198.6
1396160 2198.6
1396170 2192.1
1396180 2186.5
1396190 2186.5
1396200 2183.5
1396210 2181.2
1396220 2181.2
1396230 2179.8
1396240 2178.6
1396250 2178.6
1396260 2174.6
1396270 2170.6
1396280 2170.6
1396290 2165.3
1396300 2158.9
1396310 2151.4
1396320 2151.4
1396330 2143.9
1396340 2135.8
1396350 2135.8
1396360 2126.0
1396370 2116.4
1396380 2116.4
1396390 2106.2
1396400 2097.1
1396410 2097.1
1396420 2088.1
1396430 2077.8
1396440 2077.8
1396450 2067.8
1396460 2058.8
1396470 2050.2
1396480 2050.2
1396490 2042.5
1396500 2035.3
1396510 2035.3
1396520 2027.2
1396530 2018.9
1396540 2018.9
1396550 2008.3
1396560 1997.8
1396570 1997.8
1396580 1987.7
1396590 1977.7
1396600 1977.7
1396610 1968.6
1396620 1960.0
1396630 1960.0
1396640 1950.3
1396650 1941.8
1396660 1931.3
1396670 1931.3
1396680 1923.1
1396690 1917.6
1396700 1917.6
1396710 1905.6
1396720 1887.7
1396730 1887.7
1396740 1877.9
1396750 1869.1
1396760 1869.1
1396770 1861.0
1396780 1854.4
1396790 1854.4
1396800 1851.6
1396810 1851.7
1396820 1846.7
1396830 1846.7
1396840 1837.1
1396850 1826.0
1396860 1826.0
1396870 1815.0
1396880 1804.8
1396890 1804.8
1396900 1793.8
1396910 1783.1
1396920 1783.1
1396930 1773.2
1396940 1765.3
1396950 1765.3
1396960 1757.7
1396970 1751.0
1396980 1744.8
1396990 1744.8
1397000 1738.9
1397010 1733.2
1397020 1733.2
1397030 1727.4
1397040 1721.6
1397050 1721.6
1397060 1715.8
1397070 1709.9
1397080 1709.9
1397090 1704.1
1397100 1698.7
1397110 1698.7
1397120 1693.4
1397130 1688.6
1397140 1683.8
1397150 1683.8
1397160 1678.7
1397170 1674.2
1397180 1674.2
1397190 1669.8
1397200 1665.8
1397210 1665.8
1397220 1662.3
1397230 1659.3
1397240 1659.3
1397250 1656.3
1397260 1653.3
1397270 1653.3
1397280 1651.2
1397290 1652.2
1397300 1655.3
1397310 1655.3
1397320 1659.2
1397330 1664.4
1397340 1664.4
1397350 1668.9
1397360 1673.3
1397370 1673.3
1397380 1678.6
1397390 1684.7
1397400 1684.7
1397410 1691.1
1397420 1697.8
1397430 1697.8
1397440 1704.6
1397450 1710.8
1397460 1717.3
1397470 1717.3
1397480 1723.9
1397490 1730.8
1397500 1730.8
1397510 1737.3
1397520 1743.2
1397530 1743.2
1397540 1749.5
1397550 1756.0
1397560 1756.0
1397570 1762.9
1397580 1770.0
1397590 1770.0
1397600 1777.3
1397610 1784.9
1397620 1784.9
1397630 1792.8
1397640 1803.3
1397650 1819.3
1397660 1819.3
1397670 1834.5
1397680 1849.5
1397690 1849.5
1397700 1860.6
1397710 1868.6
1397720 1868.6
1397730 1878.2
1397740 1884.8
1397750 1884.8
1397760 1888.0
1397770 1888.8
1397780 1888.8
1397790 1886.2
1397800 1879.3
1397810 1870.6
1397820 1870.6
1397830 1862.7
1397840 1854.6
1397850 1854.6
1397860 1847.6
1397870 1840.4
1397880 1840.4
1397890 1832.7
1397900 1823.3
1397910 1823.3
1397920 1811.3
1397930 1796.3
1397940 1796.3
1397950 1782.9
1397960 1771.7
1397970 1760.0
1397980 1760.0
1397990 1744.5
1398000 1732.1
1398010 1732.1
1398020 1723.4
1398030 1715.2
1398040 1715.2
1398050 1708.1
1398060 1701.5
1398070 1701.5
1398080 1695.2
1398090 1689.6
1398100 1689.6
1398110 1684.8
1398120 1678.7
1398130 1671.2
1398140 1671.2
1398150 1662.7
1398160 1652.9
1398170 1652.9
1398180 1641.8
1398190 1630.9
1398200 1630.9
1398210 1621.6
1398220 1613.4
1398230 1613.4
1398240 1605.8
1398250 1598.7
1398260 1598.7
1398270 1592.6
1398280 1586.3
1398290 1580.1
1398300 1580.1
1398310 1573.9
1398320 1568.3
1398330 1568.3
1398340 1562.9
1398350 1557.7
1398360 1557.7
1398370 1552.4
1398380 1546.8
1398390 1546.8
1398400 1542.2
1398410 1537.2
1398420 1537.2
1398430 1532.6
1398440 1528.3
1398450 1524.1
1398460 1524.1
1398470 1520.0
1398480 1515.1
1398490 1515.1
1398500 1508.0
1398510 1500.8
1398520 1500.8
1398530 1499.3
1398540 1499.4
1398550 1499.4
1398560 1500.1
1398570 1502.4
1398580 1502.4
1398590 1504.8
1398600 1507.5
1398610 1507.5
1398620 1511.4
1398630 1515.5
1398640 1519.5
1398650 1519.5
1398660 1524.1
1398670 1528.5
1398680 1528.5
1398690 1533.0
1398700 1537.8
1398710 1537.8
1398720 1542.9
1398730 1548.0
1398740 1548.0
1398750 1553.3
1398760 1558.2
1398770 1558.2
1398780 1563.4
1398790 1568.3
1398800 1573.2
1398810 1573.2
1398820 1578.7
1398830 1584.4
1398840 1584.4
1398850 1590.5
1398860 1596.7
1398870 1596.7
1398880 1603.8
1398890 1612.1
1398900 1612.1
1398910 1621.1
1398920 1631.9
1398930 1631.9
1398940 1642.1
1398950 1652.0
1398960 1660.9
1398970 1660.9
1398980 1669.4
1398990 1676.7
1399000 1676.7
1399010 1683.9
1399020 1691.5
1399030 1691.5
1399040 1698.6
1399050 1704.9
1399060 1704.9
1399070 1713.0
1399080 1722.0
1399090 1722.0
1399100 1729.5
1399110 1734.4
1399120 1741.4
1399130 1741.4
1399140 1747.1
1399150 1752.1
1399160 1752.1
1399170 1757.5
1399180 1764.9
1399190 1764.9
1399200 1772.6
1399210 1780.8
1399220 1780.8
1399230 1789.0
1399240 1796.2
1399250 1796.2
1399260 1803.8
1399270 1811.1
1399280 1819.0
1399290 1819.0
1399300 1828.4
1399310 1838.6
1399320 1838.6
1399330 1847.0
1399340 1853.9
1399350 1853.9
1399360 1860.0
1399370 1865.9
1399380 1865.9
1399390 1872.0
1399400 1878.8
1399410 1878.8
1399420 1887.2
1399430 1897.0
1399440 1906.2
1399450 1906.2
1399460 1913.6
1399470 1919.8
1399480 1919.8
1399490 1925.7
1399500 1932.4
1399510 1932.4
1399520 1939.4
1399530 1945.8
1399540 1945.8
1399550 1952.0
1399560 1958.5
1399570 1958.5
1399580 1965.3
1399590 1972.3
1399600 1972.3
1399610 1979.2
1399620 1986.4
1399630 1993.3
1399640 1993.3
1399650 2000.4
1399660 2007.2
1399670 2007.2
1399680 2014.3
1399690 2022.3
1399700 2022.3
1399710 2028.8
1399720 2031.8
1399730 2031.8
1399740 2035.0
1399750 2040.1
1399760 2040.1
1399770 2042.5
1399780 2042.9
1399790 2041.6
1399800 2041.6
1399810 2037.3
1399820 2031.1
1399830 2031.1
1399840 2025.6
1399850 2020.8
1399860 2020.8
1399870 2016.9
1399880 2014.0
1399890 2014.0
1399900 2010.7
1399910 2006.6
1399920 2006.6
1399930 2000.7
1399940 1992.1
1399950 1984.1
1399960 1984.1
1399970 1976.9
1399980 1970.3
1399990 1970.3
