1380000 2283.7
1380010 2283.7
1380020 2288.5
1380030 2293.3
1380040 2293.3
1380050 2298.4
1380060 2303.6
1380070 2303.6
1380080 2310.2
1380090 2317.5
1380100 2323.0
1380110 2323.0
1380120 2327.7
1380130 2332.7
1380140 2332.7
1380150 2338.0
1380160 2342.9
1380170 2342.9
1380180 2347.8
1380190 2352.9
1380200 2352.9
1380210 2358.4
1380220 2364.6
1380230 2364.6
1380240 2370.7
1380250 2375.9
1380260 2380.3
1380270 2380.3
1380280 2384.4
1380290 2388.0
1380300 2388.0
1380310 2391.2
1380320 2395.4
1380330 2395.4
1380340 2400.6
1380350 2406.0
1380360 2406.0
1380370 2411.2
1380380 2413.3
1380390 2413.3
1380400 2414.2
1380410 2415.5
1380420 2415.7
1380430 2415.7
1380440 2416.8
1380450 2418.5
1380460 2418.5
1380470 2420.4
1380480 2421.6
1380490 2421.6
1380500 2421.8
1380510 2419.4
1380520 2419.4
1380530 2415.3
1380540 2411.5
1380550 2411.5
1380560 2408.0
1380570 2404.6
1380580 2404.6
1380590 2400.9
1380600 2396.8
1380610 2391.9
1380620 2391.9
1380630 2387.8
1380640 2383.4
1380650 2383.4
1380660 2378.9
1380670 2374.4
1380680 2374.4
1380690 2370.7
1380700 2367.1
1380710 2367.1
1380720 2365.2
1380730 2363.0
1380740 2363.0
1380750 2358.9
1380760 2355.0
1380770 2351.9
1380780 2351.9
1380790 2350.7
1380800 2352.5
1380810 2352.5
1380820 2350.6
1380830 2346.0
1380840 2346.0
1380850 2342.6
1380860 2342.7
1380870 2342.7
1380880 2342.4
1380890 2340.5
1380900 2340.5
1380910 2337.1
1380920 2334.0
1380930 2329.2
1380940 2329.2
1380950 2325.5
1380960 2319.7
1380970 2319.7
1380980 2315.5
1380990 2314.0
1381000 2314.0
1381010 2314.0
1381020 2315.7
1381030 2315.7
1381040 2319.9
1381050 2324.3
1381060 2324.3
1381070 2326.8
1381080 2328.5
1381090 2330.0
1381100 2330.0
1381110 2330.7
1381120 2330.6
1381130 2330.6
1381140 2330.7
1381150 2330.5
1381160 2330.5
1381170 2330.9
1381180 2332.6
1381190 2332.6
1381200 2336.8
1381210 2341.3
1381220 2341.3
1381230 2345.0
1381240 2347.7
1381250 2347.7
1381260 2348.7
1381270 2349.5
1381280 2349.7
1381290 2349.7
1381300 2349.5
1381310 2351.5
1381320 2351.5
1381330 2356.3
1381340 2367.2
1381350 2367.2
1381360 2368.0
1381370 2367.5
1381380 2367.5
1381390 2368.2
1381400 2369.9
1381410 2369.9
1381420 2373.8
1381430 2379.6
1381440 2385.2
1381450 2385.2
1381460 2390.0
1381470 2390.5
1381480 2390.5
1381490 2390.4
1381500 2393.5
1381510 2393.5
1381520 2397.2
1381530 2401.6
1381540 2401.6
1381550 2408.3
1381560 2417.9
1381570 2417.9
1381580 2425.6
1381590 2431.7
1381600 2439.4
1381610 2439.4
1381620 2446.9
1381630 2455.2
1381640 2455.2
1381650 2464.6
1381660 2470.9
1381670 2470.9
1381680 2469.0
1381690 2463.8
1381700 2463.8
1381710 2460.7
1381720 2457.6
1381730 2457.6
1381740 2456.6
1381750 2456.6
1381760 2456.2
1381770 2456.2
1381780 2455.7
1381790 2453.1
1381800 2453.1
1381810 2453.5
1381820 2455.7
1381830 2455.7
1381840 2455.2
1381850 2453.6
1381860 2453.6
1381870 2452.7
1381880 2447.1
1381890 2447.1
1381900 2434.5
1381910 2422.2
1381920 2411.7
1381930 2411.7
1381940 2401.5
1381950 2389.6
1381960 2389.6
1381970 2379.4
1381980 2368.7
1381990 2368.7
1382000 2358.3
1382010 2350.0
1382020 2350.0
1382030 2341.5
1382040 2333.1
1382050 2333.1
1382060 2325.2
1382070 2317.4
1382080 2317.4
1382090 2310.3
1382100 2303.2
1382110 2295.0
1382120 2295.0
1382130 2286.7
1382140 2279.0
1382150 2279.0
1382160 2271.8
1382170 2264.5
1382180 2264.5
1382190 2257.3
1382200 2249.8
1382210 2249.8
1382220 2241.9
1382230 2235.6
1382240 2235.6
1382250 2229.1
1382260 2222.4
1382270 2215.7
1382280 2215.7
1382290 2209.0
1382300 2202.6
1382310 2202.6
1382320 2196.3
1382330 2190.0
1382340 2190.0
1382350 2183.7
1382360 2177.5
1382370 2177.5
1382380 2171.5
1382390 2165.5
1382400 2165.5
1382410 2160.0
1382420 2154.3
1382430 2149.2
1382440 2149.2
1382450 2143.7
1382460 2138.2
1382470 2138.2
1382480 2132.9
1382490 2128.0
1382500 2128.0
1382510 2122.6
1382520 2117.5
1382530 2117.5
1382540 2112.4
1382550 2107.0
1382560 2107.0
1382570 2103.6
1382580 2099.1
1382590 2094.9
1382600 2094.9
1382610 2091.0
1382620 2087.8
1382630 2087.8
1382640 2085.0
1382650 2082.9
1382660 2082.9
1382670 2081.3
1382680 2080.2
1382690 2080.2
1382700 2079.4
1382710 2080.2
1382720 2080.2
1382730 2081.6
1382740 2084.0
1382750 2087.8
1382760 2087.8
1382770 2091.5
1382780 2091.8
1382790 2091.8
1382800 2091.1
1382810 2090.6
1382820 2090.6
1382830 2091.6
1382840 2092.9
1382850 2092.9
1382860 2095.5
1382870 2097.6
1382880 2097.6
1382890 2099.7
1382900 2101.5
1382910 2101.5
1382920 2103.3
1382930 2104.0
1382940 2104.5
1382950 2104.5
1382960 2104.9
1382970 2106.1
1382980 2106.1
1382990 2107.4
1383000 2108.6
1383010 2108.6
1383020 2109.0
1383030 2109.1
1383040 2109.1
1383050 2110.9
1383060 2114.2
1383070 2114.2
1383080 2116.8
1383090 2119.0
1383100 2121.1
1383110 2121.1
1383120 2121.6
1383130 2120.9
1383140 2120.9
1383150 2119.7
1383160 2120.1
1383170 2120.1
1383180 2121.4
1383190 2122.8
1383200 2122.8
1383210 2124.9
1383220 2126.6
1383230 2126.6
1383240 2128.9
1383250 2132.1
1383260 2135.4
1383270 2135.4
1383280 2139.5
1383290 2142.2
1383300 2142.2
1383310 2145.5
1383320 2149.3
1383330 2149.3
1383340 2151.9
1383350 2153.8
1383360 2153.8
1383370 2156.0
1383380 2158.9
1383390 2158.9
1383400 2161.9
1383410 2166.5
1383420 2174.5
1383430 2174.5
1383440 2183.6
1383450 2197.5
1383460 2197.5
1383470 2210.2
1383480 2214.0
1383490 2214.0
1383500 2212.8
1383510 2214.8
1383520 2214.8
1383530 2215.4
1383540 2213.7
1383550 2213.7
1383560 2209.6
1383570 2208.0
1383580 2206.1
1383590 2206.1
1383600 2204.2
1383610 2204.9
1383620 2204.9
1383630 2207.2
1383640 2208.9
1383650 2208.9
1383660 2209.7
1383670 2210.8
1383680 2210.8
1383690 2211.5
1383700 2213.3
1383710 2213.3
1383720 2214.6
1383730 2216.5
1383740 2216.5
1383750 2218.5
1383760 2220.0
1383770 2223.6
1383780 2223.6
1383790 2226.2
1383800 2227.6
1383810 2229.0
1383820 2231.1
1383830 2232.6
1383840 2232.6
1383850 2233.1
1383860 2233.5
1383870 2233.5
1383880 2232.5
1383890 2230.7
1383900 2230.7
1383910 2230.2
1383920 2232.1
1383930 2234.3
1383940 2234.3
1383950 2236.0
1383960 2237.2
1383970 2237.2
1383980 2238.0
1383990 2238.0
1384000 2238.0
1384010 2238.2
1384020 2238.4
1384030 2238.4
1384040 2239.4
1384050 2241.4
1384060 2241.4
1384070 2243.6
1384080 2245.7
1384090 2249.6
1384100 2249.6
1384110 2254.6
1384120 2259.3
1384130 2259.3
1384140 2263.4
1384150 2267.7
1384160 2267.7
1384170 2272.3
1384180 2277.3
1384190 2277.3
1384200 2282.9
1384210 2288.6
1384220 2288.6
1384230 2294.5
1384240 2300.1
1384250 2306.2
1384260 2306.2
1384270 2313.6
1384280 2321.3
1384290 2321.3
1384300 2328.3
1384310 2335.3
1384320 2335.3
1384330 2343.0
1384340 2353.2
1384350 2353.2
1384360 2362.5
1384370 2363.2
1384380 2363.2
1384390 2364.0
1384400 2368.6
1384410 2368.6
1384420 2370.2
1384430 2366.5
1384440 2367.7
1384450 2367.7
1384460 2370.0
1384470 2369.0
1384480 2369.0
1384490 2366.5
1384500 2363.8
1384510 2363.8
1384520 2358.4
1384530 2351.6
1384540 2351.6
1384550 2346.5
1384560 2344.1
1384570 2344.1
1384580 2338.9
1384590 2331.5
1384600 2324.5
1384610 2324.5
1384620 2318.2
1384630 2312.6
1384640 2312.6
1384650 2306.4
1384660 2300.0
1384670 2300.0
1384680 2295.8
1384690 2291.1
1384700 2291.1
1384710 2281.0
1384720 2268.1
1384730 2268.1
1384740 2257.1
1384750 2246.2
1384760 2234.0
1384770 2234.0
1384780 2224.1
1384790 2217.0
1384800 2217.0
1384810 2210.4
1384820 2203.9
1384830 2203.9
1384840 2197.6
1384850 2191.8
1384860 2191.8
1384870 2185.8
1384880 2180.3
1384890 2180.3
1384900 2175.6
1384910 2169.4
1384920 2164.0
1384930 2164.0
1384940 2158.7
1384950 2153.1
1384960 2153.1
1384970 2147.2
1384980 2142.0
1384990 2142.0
1385000 2135.7
1385010 2129.1
1385020 2129.1
1385030 2123.8
1385040 2118.6
1385050 2118.6
1385060 2112.9
1385070 2109.1
1385080 2103.7
1385090 2103.7
1385100 2097.9
1385110 2091.6
1385120 2091.6
1385130 2085.6
1385140 2078.6
1385150 2078.6
1385160 2071.7
1385170 2064.5
1385180 2064.5
1385190 2059.0
1385200 2054.2
1385210 2054.2
1385220 2047.2
1385230 2039.6
1385240 2039.6
1385250 2031.1
1385260 2022.0
1385270 2013.8
1385280 2013.8
1385290 2005.3
1385300 1997.5
1385310 1997.5
1385320 1990.5
1385330 1982.8
1385340 1982.8
1385350 1976.0
1385360 1968.3
1385370 1968.3
1385380 1960.3
1385390 1951.7
1385400 1951.7
1385410 1944.2
1385420 1936.9
1385430 1928.0
1385440 1928.0
1385450 1919.5
1385460 1913.4
1385470 1913.4
1385480 1908.9
1385490 1902.5
1385500 1902.5
1385510 1896.7
1385520 1891.1
1385530 1891.1
1385540 1886.0
1385550 1882.9
1385560 1882.9
1385570 1878.7
1385580 1874.1
1385590 1871.9
1385600 1871.9
1385610 1870.8
1385620 1866.1
1385630 1866.1
1385640 1860.4
1385650 1855.7
1385660 1855.7
1385670 1848.8
1385680 1842.9
1385690 1842.9
1385700 1836.5
1385710 1827.1
1385720 1827.1
1385730 1817.9
1385740 1809.4
1385750 1802.0
1385760 1802.0
1385770 1795.6
1385780 1789.3
1385790 1789.3
1385800 1783.0
1385810 1781.2
1385820 1781.2
1385830 1778.2
1385840 1773.6
1385850 1773.6
1385860 1768.9
1385870 1763.7
1385880 1763.7
1385890 1758.1
1385900 1754.7
1385910 1751.8
1385920 1751.8
1385930 1748.7
1385940 1746.3
1385950 1746.3
1385960 1741.7
1385970 1735.2
1385980 1735.2
1385990 1731.2
1386000 1726.3
1386010 1726.3
1386020 1721.5
1386030 1718.0
1386040 1718.0
1386050 1714.1
1386060 1708.8
1386070 1708.8
1386080 1702.4
1386090 1699.1
1386100 1697.3
1386110 1697.3
1386120 1694.7
1386130 1688.6
1386140 1688.6
1386150 1684.3
1386160 1680.1
1386170 1680.1
1386180 1677.1
1386190 1673.5
1386200 1673.5
1386210 1669.4
1386220 1663.8
1386230 1663.8
1386240 1656.5
1386250 1649.7
1386260 1642.0
1386270 1642.0
1386280 1634.7
1386290 1635.0
1386300 1635.0
1386310 1637.6
1386320 1640.1
1386330 1640.1
1386340 1644.8
1386350 1647.8
1386360 1647.8
1386370 1650.0
1386380 1652.0
1386390 1652.0
1386400 1654.2
1386410 1657.1
1386420 1661.6
1386430 1661.6
1386440 1666.8
1386450 1672.2
1386460 1672.2
1386470 1677.8
1386480 1683.1
1386490 1683.1
1386500 1688.2
1386510 1693.5
1386520 1693.5
1386530 1698.6
1386540 1704.5
1386550 1704.5
1386560 1710.0
1386570 1715.6
1386580 1720.8
1386590 1720.8
1386600 1726.0
1386610 1730.9
1386620 1730.9
1386630 1735.4
1386640 1739.5
1386650 1739.5
1386660 1743.2
1386670 1746.3
1386680 1746.3
1386690 1750.2
1386700 1754.7
1386710 1754.7
1386720 1758.3
1386730 1761.0
1386740 1772.1
1386750 1772.1
1386760 1786.1
1386770 1793.8
1386780 1793.8
1386790 1801.2
1386800 1815.0
1386810 1815.0
1386820 1825.2
1386830 1827.4
1386840 1827.4
1386850 1834.0
1386860 1840.1
1386870 1840.1
1386880 1845.0
1386890 1851.1
1386900 1851.1
1386910 1857.5
1386920 1866.1
1386930 1877.6
1386940 1877.6
1386950 1889.5
1386960 1897.7
1386970 1897.7
1386980 1907.8
1386990 1913.6
1387000 1913.6
1387010 1913.0
1387020 1910.8
1387030 1910.8
1387040 1908.1
1387050 1906.3
1387060 1906.3
1387070 1906.8
1387080 1909.6
1387090 1914.7
1387100 1914.7
1387110 1921.9
1387120 1928.2
1387130 1928.2
1387140 1925.5
1387150 1925.2
1387160 1925.2
1387170 1926.3
1387180 1930.0
1387190 1930.0
1387200 1936.1
1387210 1942.2
1387220 1942.2
1387230 1948.9
1387240 1955.5
1387250 1961.2
1387260 1961.2
1387270 1969.4
1387280 1977.9
1387290 1977.9
1387300 1986.6
1387310 1995.8
1387320 1995.8
1387330 2004.7
1387340 2017.6
1387350 2017.6
1387360 2029.0
1387370 2038.1
1387380 2038.1
1387390 2047.9
1387400 2057.9
1387410 2066.2
1387420 2066.2
1387430 2074.6
1387440 2083.2
1387450 2083.2
1387460 2094.4
1387470 2106.3
1387480 2106.3
1387490 2119.4
1387500 2129.2
1387510 2129.2
1387520 2135.3
1387530 2130.5
1387540 2130.5
1387550 2121.3
1387560 2112.6
1387570 2105.3
1387580 2105.3
1387590 2098.5
1387600 2091.8
1387610 2091.8
1387620 2084.8
1387630 2083.8
1387640 2083.8
1387650 2074.8
1387660 2065.9
1387670 2065.9
1387680 2056.6
1387690 2046.8
1387700 2046.8
1387710 2037.5
1387720 2028.8
1387730 2028.8
1387740 2020.0
1387750 2011.5
1387760 2004.1
1387770 2004.1
1387780 1993.5
1387790 1983.5
1387800 1983.5
1387810 1973.0
1387820 1963.3
1387830 1963.3
1387840 1954.8
1387850 1947.1
1387860 1947.1
1387870 1940.3
1387880 1933.3
1387890 1933.3
1387900 1926.3
1387910 1919.3
1387920 1912.9
1387930 1912.9
1387940 1906.8
1387950 1901.3
1387960 1901.3
1387970 1896.0
1387980 1890.3
1387990 1890.3
1388000 1884.4
1388010 1878.2
1388020 1878.2
1388030 1871.8
1388040 1861.7
1388050 1861.7
1388060 1851.4
1388070 1844.1
1388080 1838.9
1388090 1838.9
1388100 1833.7
1388110 1827.2
1388120 1827.2
1388130 1819.6
1388140 1812.1
1388150 1812.1
1388160 1804.1
1388170 1795.9
1388180 1795.9
1388190 1787.9
1388200 1780.1
1388210 1780.1
1388220 1772.5
1388230 1765.0
1388240 1757.7
1388250 1757.7
1388260 1750.7
1388270 1743.9
1388280 1743.9
1388290 1737.5
1388300 1730.6
1388310 1730.6
1388320 1723.4
1388330 1716.3
1388340 1716.3
1388350 1709.7
1388360 1702.5
1388370 1702.5
1388380 1695.6
1388390 1689.5
1388400 1689.5
1388410 1684.1
1388420 1680.7
1388430 1677.2
1388440 1677.2
1388450 1672.4
1388460 1666.8
1388470 1666.8
1388480 1660.9
1388490 1654.9
1388500 1654.9
1388510 1649.0
1388520 1643.1
1388530 1643.1
1388540 1638.0
1388550 1633.6
1388560 1633.6
1388570 1629.4
1388580 1625.6
1388590 1622.0
1388600 1622.0
1388610 1618.1
1388620 1614.3
1388630 1614.3
1388640 1610.4
1388650 1606.6
1388660 1606.6
1388670 1602.9
1388680 1599.4
1388690 1599.4
1388700 1596.2
1388710 1592.8
1388720 1592.8
1388730 1590.5
1388740 1589.3
1388750 1588.4
1388760 1588.4
1388770 1587.5
1388780 1588.8
1388790 1588.8
1388800 1588.1
1388810 1586.6
1388820 1586.6
1388830 1585.5
1388840 1584.5
1388850 1584.5
1388860 1583.9
1388870 1582.6
1388880 1582.6
1388890 1582.4
1388900 1582.2
1388910 1582.6
1388920 1582.6
1388930 1582.2
1388940 1583.1
1388950 1583.1
1388960 1582.6
1388970 1582.2
1388980 1582.2
1388990 1582.2
1389000 1582.6
1389010 1582.6
1389020 1583.3
1389030 1585.6
1389040 1585.6
1389050 1590.2
1389060 1595.7
1389070 1601.3
1389080 1601.3
1389090 1607.4
1389100 1613.5
1389110 1613.5
1389120 1619.8
1389130 1626.4
1389140 1626.4
1389150 1633.4
1389160 1640.5
1389170 1640.5
1389180 1647.9
1389190 1655.5
1389200 1655.5
1389210 1662.9
1389220 1670.1
1389230 1670.1
1389240 1677.6
1389250 1685.2
1389260 1693.1
1389270 1693.1
1389280 1701.3
1389290 1709.6
1389300 1709.6
1389310 1717.9
1389320 1726.0
1389330 1726.0
1389340 1734.0
1389350 1742.0
1389360 1742.0
1389370 1750.2
1389380 1758.7
1389390 1758.7
1389400 1767.1
1389410 1776.1
1389420 1785.8
1389430 1785.8
1389440 1795.6
1389450 1805.9
1389460 1805.9
1389470 1817.8
1389480 1829.8
1389490 1829.8
1389500 1844.7
1389510 1860.6
1389520 1860.6
1389530 1873.2
1389540 1879.0
1389550 1879.0
1389560 1888.1
1389570 1901.7
1389580 1921.4
1389590 1921.4
1389600 1932.4
1389610 1938.3
1389620 1938.3
1389630 1952.0
1389640 1963.4
1389650 1963.4
1389660 1974.8
1389670 1985.2
1389680 1985.2
1389690 1993.2
1389700 2001.2
1389710 2001.2
1389720 2012.6
1389730 2017.5
1389740 2023.0
1389750 2023.0
1389760 2029.1
1389770 2035.5
1389780 2035.5
1389790 2039.4
1389800 2043.6
1389810 2043.6
1389820 2047.2
1389830 2049.6
1389840 2049.6
1389850 2047.3
1389860 2043.2
1389870 2043.2
1389880 2037.4
1389890 2034.0
1389900 2029.0
1389910 2029.0
1389920 2014.9
1389930 2009.6
1389940 2009.6
1389950 2003.3
1389960 1995.9
1389970 1995.9
1389980 1988.6
1389990 1981.7
1390000 1981.7
1390010 1975.3
1390020 1969.3
1390030 1969.3
1390040 1962.8
1390050 1956.6
1390060 1956.6
1390070 1949.6
1390080 1940.9
1390090 1931.0
1390100 1931.0
1390110 1921.7
1390120 1913.9
1390130 1913.9
1390140 1906.5
1390150 1899.5
1390160 1899.5
1390170 1892.1
1390180 1883.2
1390190 1883.2
1390200 1874.2
1390210 1866.1
1390220 1866.1
1390230 1857.5
1390240 1848.7
1390250 1840.2
1390260 1841.1
1390270 1831.3
1390280 1820.4
1390290 1820.4
1390300 1810.6
1390310 1802.3
1390320 1802.3
1390330 1794.1
1390340 1788.2
1390350 1788.2
1390360 1783.6
1390370 1780.2
1390380 1780.2
1390390 1777.2
1390400 1772.2
1390410 1760.5
1390420 1760.5
1390430 1750.1
1390440 1738.7
1390450 1738.7
1390460 1729.1
1390470 1718.6
1390480 1718.6
1390490 1708.5
1390500 1699.7
1390510 1699.7
1390520 1691.1
1390530 1682.6
1390540 1682.6
1390550 1674.4
1390560 1666.5
1390570 1658.0
1390580 1658.0
1390590 1648.5
1390600 1639.5
1390610 1639.5
1390620 1628.1
1390630 1618.4
1390640 1618.4
1390650 1610.4
1390660 1603.2
1390670 1603.2
1390680 1596.3
1390690 1589.8
1390700 1589.8
1390710 1583.6
1390720 1577.6
1390730 1571.3
1390740 1571.3
1390750 1565.1
1390760 1558.9
1390770 1558.9
1390780 1552.8
1390790 1546.6
1390800 1546.6
1390810 1540.5
1390820 1534.3
1390830 1534.3
1390840 1528.3
1390850 1522.4
1390860 1522.4
1390870 1516.4
1390880 1510.6
1390890 1510.6
1390900 1505.0
1390910 1499.5
1390920 1494.1
1390930 1494.1
1390940 1489.0
1390950 1484.0
1390960 1484.0
1390970 1479.4
1390980 1474.9
1390990 1474.9
1391000 1470.6
1391010 1465.6
1391020 1465.6
1391030 1462.4
1391040 1461.7
1391050 1461.7
1391060 1465.3
1391070 1471.7
1391080 1478.2
1391090 1478.2
1391100 1485.2
1391110 1491.7
1391120 1491.7
1391130 1498.3
1391140 1503.7
1391150 1503.7
1391160 1508.4
1391170 1513.1
1391180 1513.1
1391190 1517.6
1391200 1522.5
1391210 1522.5
1391220 1527.5
1391230 1532.7
1391240 1537.7
1391250 1537.7
1391260 1541.7
1391270 1544.7
1391280 1544.7
1391290 1546.8
1391300 1548.4
1391310 1548.4
1391320 1547.8
1391330 1547.9
1391340 1547.9
1391350 1551.0
1391360 1556.3
1391370 1556.3
1391380 1564.5
1391390 1573.4
1391400 1581.5
1391410 1581.5
1391420 1592.7
1391430 1603.4
1391440 1603.4
1391450 1607.4
1391460 1612.5
1391470 1612.5
1391480 1619.5
1391490 1625.7
1391500 1625.7
1391510 1631.9
1391520 1641.0
1391530 1641.0
1391540 1647.1
1391550 1652.8
1391560 1658.6
1391570 1658.6
1391580 1665.9
1391590 1674.4
1391600 1677.3
1391610 1684.7
1391620 1693.7
1391630 1693.7
1391640 1707.7
1391650 1718.9
1391660 1718.9
1391670 1720.9
1391680 1723.7
1391690 1723.7
1391700 1729.1
1391710 1735.7
1391720 1735.7
1391730 1742.9
1391740 1752.9
1391750 1763.1
1391760 1763.1
1391770 1773.3
1391780 1784.8
1391790 1784.8
1391800 1799.0
1391810 1812.8
1391820 1812.8
1391830 1824.9
1391840 1839.3
1391850 1839.3
1391860 1848.8
1391870 1852.7
1391880 1852.7
1391890 1856.6
1391900 1860.5
1391910 1866.6
1391920 1866.6
1391930 1874.0
1391940 1881.0
1391950 1881.0
1391960 1888.3
1391970 1893.8
1391980 1893.8
1391990 1898.5
1392000 1906.5
1392010 1906.5
1392020 1912.2
1392030 1915.8
1392040 1915.8
1392050 1920.8
1392060 1926.5
1392070 1934.6
1392080 1934.6
1392090 1940.9
1392100 1945.4
1392110 1945.4
1392120 1948.4
1392130 1951.2
1392140 1951.2
1392150 1957.3
1392160 1962.3
1392170 1962.3
1392180 1962.9
1392190 1962.6
1392200 1962.6
1392210 1963.9
1392220 1966.0
1392230 1968.3
1392240 1968.3
1392250 1970.4
1392260 1971.5
1392270 1971.5
1392280 1973.6
1392290 1973.9
1392300 1973.9
1392310 1974.9
1392320 1976.8
1392330 1976.8
1392340 1977.9
1392350 1979.6
1392360 1979.6
1392370 1983.4
1392380 1989.0
1392390 1994.6
1392400 1994.6
1392410 1999.9
1392420 2005.7
1392430 2005.7
1392440 2011.8
1392450 2018.1
1392460 2018.1
1392470 2024.7
1392480 2031.1
1392490 2031.1
1392500 2037.3
1392510 2043.2
1392520 2043.2
1392530 2049.0
1392540 2054.5
1392550 2054.5
1392560 2059.2
1392570 2064.2
1392580 2068.0
1392590 2068.0
1392600 2069.2
1392610 2068.9
1392620 2068.9
1392630 2068.0
1392640 2066.2
1392650 2066.2
1392660 2063.6
1392670 2059.8
1392680 2059.8
1392690 2055.1
1392700 2050.3
1392710 2050.3
1392720 2046.3
1392730 2041.6
1392740 2037.3
1392750 2037.3
1392760 2034.2
1392770 2030.8
1392780 2030.8
1392790 2026.2
1392800 2020.6
1392810 2020.6
1392820 2014.0
1392830 2007.0
1392840 2007.0
1392850 2002.5
1392860 1999.3
1392870 1999.3
1392880 1995.4
1392890 1990.6
1392900 1985.7
1392910 1985.7
1392920 1980.8
1392930 1975.4
1392940 1975.4
1392950 1969.1
1392960 1966.5
1392970 1966.5
1392980 1959.9
1392990 1953.9
1393000 1953.9
1393010 1948.3
1393020 1943.3
1393030 1943.3
1393040 1937.6
1393050 1929.2
1393060 1921.0
1393070 1921.0
1393080 1914.6
1393090 1909.0
1393100 1909.0
1393110 1904.4
1393120 1900.3
1393130 1900.3
1393140 1895.4
1393150 1888.0
1393160 1888.0
1393170 1881.5
1393180 1876.0
1393190 1876.0
1393200 1870.8
1393210 1864.4
1393220 1864.4
1393230 1857.9
1393240 1851.0
1393250 1843.1
1393260 1843.1
1393270 1833.0
1393280 1819.9
1393290 1819.9
1393300 1807.6
1393310 1799.4
1393320 1799.4
1393330 1790.2
1393340 1779.9
1393350 1779.9
1393360 1771.2
1393370 1763.1
1393380 1763.1
1393390 1751.3
1393400 1740.8
1393410 1731.6
1393420 1731.6
1393430 1722.9
1393440 1713.1
1393450 1713.1
1393460 1700.4
1393470 1688.4
1393480 1688.4
1393490 1677.2
1393500 1667.4
1393510 1667.4
1393520 1658.8
1393530 1650.9
1393540 1650.9
1393550 1643.7
1393560 1636.8
1393570 1630.3
1393580 1630.3
1393590 1623.7
1393600 1617.3
1393610 1617.3
1393620 1610.8
1393630 1604.7
1393640 1604.7
1393650 1598.7
1393660 1592.8
1393670 1592.8
1393680 1587.0
1393690 1581.1
1393700 1581.1
1393710 1575.3
1393720 1569.6
1393730 1564.0
1393740 1564.0
1393750 1558.6
1393760 1553.3
1393770 1553.3
1393780 1548.0
1393790 1543.0
1393800 1543.0
1393810 1538.1
1393820 1533.5
1393830 1533.5
1393840 1529.0
1393850 1525.0
1393860 1525.0
1393870 1521.2
1393880 1517.6
1393890 1514.4
1393900 1514.4
1393910 1512.3
1393920 1510.5
1393930 1510.5
1393940 1510.7
1393950 1510.7
1393960 1510.7
1393970 1512.2
1393980 1514.4
1393990 1514.4
1394000 1516.2
1394010 1518.8
1394020 1518.8
1394030 1521.1
1394040 1523.2
1394050 1523.2
1394060 1525.8
1394070 1528.7
1394080 1531.4
1394090 1531.4
1394100 1533.9
1394110 1536.9
1394120 1536.9
1394130 1539.6
1394140 1542.0
1394150 1542.0
1394160 1544.4
1394170 1546.9
1394180 1546.9
1394190 1549.1
1394200 1552.3
1394210 1552.3
1394220 1557.2
1394230 1561.6
1394240 1566.1
1394250 1566.1
1394260 1570.9
1394270 1575.7
1394280 1575.7
1394290 1580.4
1394300 1586.1
1394310 1586.1
1394320 1592.1
1394330 1598.3
1394340 1598.3
1394350 1608.1
1394360 1614.7
1394370 1614.7
1394380 1622.0
1394390 1629.6
1394400 1638.0
1394410 1638.0
1394420 1645.6
1394430 1652.8
1394440 1652.8
1394450 1660.9
1394460 1667.9
1394470 1667.9
1394480 1674.2
1394490 1681.6
1394500 1681.6
1394510 1689.3
1394520 1697.7
1394530 1697.7
1394540 1705.0
1394550 1711.9
1394560 1718.4
1394570 1718.4
1394580 1724.2
1394590 1729.3
1394600 1729.3
1394610 1733.4
1394620 1737.4
1394630 1737.4
1394640 1741.4
1394650 1744.8
1394660 1744.8
1394670 1747.5
1394680 1750.3
1394690 1750.3
1394700 1752.4
1394710 1754.8
1394720 1756.2
1394730 1756.2
1394740 1760.2
1394750 1766.0
1394760 1766.0
1394770 1771.1
1394780 1774.5
1394790 1774.5
1394800 1776.7
1394810 1777.0
1394820 1777.0
1394830 1776.7
1394840 1779.2
1394850 1779.2
1394860 1783.3
1394870 1788.3
1394880 1788.3
1394890 1792.4
1394900 1795.2
1394910 1796.8
1394920 1796.8
1394930 1798.4
1394940 1800.8
1394950 1800.8
1394960 1802.2
1394970 1803.5
1394980 1803.5
1394990 1806.0
1395000 1809.7
1395010 1809.7
1395020 1815.0
1395030 1820.3
1395040 1820.3
1395050 1824.3
1395060 1828.3
1395070 1832.2
1395080 1832.2
1395090 1835.4
1395100 1838.7
1395110 1838.7
1395120 1842.1
1395130 1845.9
1395140 1845.9
1395150 1849.6
1395160 1853.6
1395170 1853.6
1395180 1856.4
1395190 1860.0
1395200 1860.0
1395210 1863.2
1395220 1866.9
1395230 1871.4
1395240 1871.4
1395250 1875.6
1395260 1879.5
1395270 1879.5
1395280 1883.1
1395290 1887.1
1395300 1887.1
1395310 1892.6
1395320 1898.6
1395330 1898.6
1395340 1904.3
1395350 1909.9
1395360 1909.9
1395370 1915.3
1395380 1921.4
1395390 1927.6
1395400 1927.6
1395410 1934.3
1395420 1939.8
1395430 1939.8
1395440 1942.8
1395450 1944.6
1395460 1944.6
1395470 1945.6
1395480 1945.6
1395490 1945.6
1395500 1945.3
1395510 1945.4
1395520 1945.4
1395530 1945.6
1395540 1945.0
1395550 1943.4
1395560 1943.4
1395570 1941.3
1395580 1938.4
1395590 1938.4
1395600 1934.7
1395610 1930.5
1395620 1930.5
1395630 1925.8
1395640 1921.2
1395650 1921.2
1395660 1916.8
1395670 1912.8
1395680 1912.8
1395690 1908.6
1395700 1904.3
1395710 1904.3
1395720 1899.4
1395730 1895.3
1395740 1892.6
1395750 1892.6
1395760 1892.8
1395770 1890.6
1395780 1890.6
1395790 1888.6
1395800 1886.8
1395810 1886.8
1395820 1885.3
1395830 1883.7
1395840 1883.7
1395850 1881.4
1395860 1879.8
1395870 1879.8
1395880 1878.5
1395890 1877.0
1395900 1875.1
1395910 1875.1
1395920 1873.5
1395930 1872.3
1395940 1872.3
1395950 1871.6
1395960 1871.0
1395970 1871.0
1395980 1870.9
1395990 1870.9
1396000 1870.9
1396010 1871.1
1396020 1871.2
1396030 1871.2
1396040 1870.1
1396050 1870.5
1396060 1871.2
1396070 1871.2
1396080 1871.3
1396090 1870.5
1396100 1870.5
1396110 1869.5
1396120 1870.0
1396130 1870.0
1396140 1870.3
1396150 1869.6
1396160 1869.6
1396170 1868.2
1396180 1867.6
1396190 1867.6
1396200 1868.2
1396210 1868.3
1396220 1868.3
1396230 1868.3
1396240 1867.8
1396250 1867.0
1396260 1867.0
1396270 1865.3
1396280 1864.7
1396290 1864.7
1396300 1865.1
1396310 1865.5
1396320 1865.5
1396330 1865.6
1396340 1864.8
1396350 1864.8
1396360 1863.1
1396370 1863.7
1396380 1864.7
1396390 1864.7
1396400 1865.2
1396410 1865.3
1396420 1865.3
1396430 1865.0
1396440 1864.4
1396450 1864.4
1396460 1863.6
1396470 1862.4
1396480 1862.4
1396490 1861.1
1396500 1859.7
1396510 1859.7
1396520 1858.7
1396530 1858.1
1396540 1858.1
1396550 1857.1
1396560 1855.9
1396570 1854.7
1396580 1854.7
1396590 1852.7
1396600 1850.9
1396610 1850.9
1396620 1849.0
1396630 1847.3
1396640 1847.3
1396650 1845.3
1396660 1843.2
1396670 1843.2
1396680 1840.6
1396690 1837.9
1396700 1837.9
1396710 1835.2
1396720 1832.2
1396730 1829.1
1396740 1829.1
1396750 1825.2
1396760 1819.9
1396770 1819.9
1396780 1814.2
1396790 1809.6
1396800 1809.6
1396810 1806.2
1396820 1803.5
1396830 1803.5
1396840 1801.7
1396850 1799.3
1396860 1799.3
1396870 1797.1
1396880 1794.0
1396890 1788.5
1396900 1788.5
1396910 1780.6
1396920 1772.4
1396930 1772.4
1396940 1763.8
1396950 1756.2
1396960 1756.2
1396970 1749.9
1396980 1742.9
1396990 1742.9
1397000 1736.0
1397010 1729.0
1397020 1729.0
1397030 1722.1
1397040 1717.0
1397050 1711.8
1397060 1711.8
1397070 1706.5
1397080 1701.6
1397090 1701.6
1397100 1694.8
1397110 1687.4
1397120 1687.4
1397130 1680.8
1397140 1673.8
1397150 1673.8
1397160 1668.7
1397170 1662.9
1397180 1662.9
1397190 1658.1
1397200 1653.5
1397210 1653.5
1397220 1648.9
1397230 1644.2
1397240 1639.3
1397250 1639.3
1397260 1634.5
1397270 1629.9
1397280 1629.9
1397290 1625.3
1397300 1620.7
1397310 1620.7
1397320 1616.4
1397330 1612.2
1397340 1612.2
1397350 1607.8
1397360 1603.7
1397370 1603.7
1397380 1599.7
1397390 1596.0
1397400 1592.4
1397410 1592.4
1397420 1587.5
1397430 1582.9
1397440 1582.9
1397450 1579.5
1397460 1575.2
1397470 1575.2
1397480 1571.0
1397490 1567.7
1397500 1567.7
1397510 1564.6
1397520 1561.5
1397530 1561.5
1397540 1558.7
1397550 1555.3
1397560 1552.5
1397570 1552.5
1397580 1550.8
1397590 1551.4
1397600 1551.4
1397610 1554.3
1397620 1557.8
1397630 1557.8
1397640 1560.7
1397650 1562.7
1397660 1562.7
1397670 1562.2
1397680 1563.3
1397690 1563.3
1397700 1566.1
1397710 1569.0
1397720 1571.9
1397730 1571.9
1397740 1574.2
1397750 1576.2
1397760 1576.2
1397770 1577.3
1397780 1577.6
1397790 1577.6
1397800 1577.9
1397810 1579.9
1397820 1579.9
1397830 1582.3
1397840 1584.0
1397850 1584.0
1397860 1585.7
1397870 1585.8
1397880 1585.1
1397890 1585.1
1397900 1584.8
1397910 1584.1
1397920 1584.1
1397930 1583.4
1397940 1584.0
1397950 1584.0
1397960 1583.6
1397970 1583.0
1397980 1583.0
1397990 1582.2
1398000 1581.1
1398010 1581.1
1398020 1580.3
1398030 1579.2
1398040 1579.2
1398050 1577.7
1398060 1576.7
1398070 1576.1
1398080 1576.1
1398090 1575.3
1398100 1573.7
1398110 1573.7
1398120 1571.6
1398130 1569.0
1398140 1569.0
1398150 1565.1
1398160 1560.7
1398170 1560.7
1398180 1556.5
1398190 1552.7
1398200 1552.7
1398210 1549.7
1398220 1546.4
1398230 1542.6
1398240 1542.6
1398250 1539.3
1398260 1536.4
1398270 1536.4
1398280 1533.4
1398290 1530.1
1398300 1530.1
1398310 1526.6
1398320 1523.3
1398330 1523.3
1398340 1519.9
1398350 1515.6
1398360 1515.6
1398370 1511.6
1398380 1507.9
1398390 1504.1
1398400 1504.1
1398410 1499.0
1398420 1494.2
1398430 1494.2
1398440 1490.3
1398450 1487.0
1398460 1487.0
1398470 1484.9
1398480 1484.3
1398490 1484.3
1398500 1484.9
1398510 1485.2
1398520 1485.2
1398530 1485.0
1398540 1484.1
1398550 1482.7
1398560 1482.7
1398570 1480.6
1398580 1478.0
1398590 1478.0
1398600 1475.7
1398610 1473.5
1398620 1473.5
1398630 1471.1
1398640 1469.0
1398650 1467.1
1398660 1465.3
1398670 1464.1
1398680 1464.1
1398690 1462.8
1398700 1461.9
1398710 1460.8
1398720 1460.8
1398730 1459.7
1398740 1458.8
1398750 1458.8
1398760 1458.0
1398770 1457.5
1398780 1457.5
1398790 1456.8
1398800 1456.0
1398810 1456.0
1398820 1455.5
1398830 1454.7
1398840 1454.7
1398850 1453.7
1398860 1452.2
1398870 1452.2
1398880 1450.7
1398890 1448.3
1398900 1446.3
1398910 1446.3
1398920 1445.0
1398930 1443.8
1398940 1443.8
1398950 1443.0
1398960 1442.1
1398970 1442.1
1398980 1441.4
1398990 1441.7
1399000 1441.7
1399010 1439.8
1399020 1434.9
1399030 1434.9
1399040 1430.1
1399050 1427.3
1399060 1426.1
1399070 1426.1
1399080 1425.4
1399090 1425.4
1399100 1425.4
1399110 1428.6
1399120 1435.0
1399130 1435.0
1399140 1438.5
1399150 1440.3
1399160 1440.3
1399170 1441.5
1399180 1441.8
1399190 1441.8
1399200 1442.7
1399210 1443.6
1399220 1443.7
1399230 1443.7
1399240 1443.5
1399250 1443.3
1399260 1443.3
1399270 1443.0
1399280 1443.3
1399290 1443.3
1399300 1444.4
1399310 1444.9
1399320 1444.9
1399330 1444.1
1399340 1444.4
1399350 1444.4
1399360 1445.7
1399370 1448.9
1399380 1450.6
1399390 1450.6
1399400 1451.3
1399410 1452.0
1399420 1452.0
1399430 1452.8
1399440 1453.4
1399450 1453.4
1399460 1453.7
1399470 1453.9
1399480 1453.9
1399490 1453.9
1399500 1453.5
1399510 1453.5
1399520 1452.4
1399530 1449.5
1399540 1445.8
1399550 1445.8
1399560 1442.4
1399570 1440.4
1399580 1440.4
1399590 1439.8
1399600 1440.8
1399610 1440.8
1399620 1441.0
1399630 1441.2
1399640 1441.2
1399650 1441.0
1399660 1440.1
1399670 1440.1
1399680 1440.0
1399690 1440.8
1399700 1440.8
1399710 1442.8
1399720 1443.3
1399730 1443.5
1399740 1443.5
1399750 1443.7
1399760 1444.3
1399770 1444.3
1399780 1445.5
1399790 1445.6
1399800 1445.6
1399810 1447.6
1399820 1448.6
1399830 1448.6
1399840 1449.0
1399850 1448.9
1399860 1448.9
1399870 1449.1
1399880 1449.0
1399890 1449.2
1399900 1449.2
1399910 1449.7
1399920 1449.7
1399930 1449.7
1399940 1448.9
1399950 1447.9
1399960 1447.9
1399970 1446.6
1399980 1446.1
1399990 1446.1
