1380000 2306.1
1380010 2303.9
1380020 2301.9
1380030 2301.9
1380040 2300.4
1380050 2299.2
1380060 2299.2
1380070 2298.3
1380080 2298.4
1380090 2298.4
1380100 2300.0
1380110 2300.9
1380120 2300.9
1380130 2301.3
1380140 2303.5
1380150 2303.5
1380160 2306.2
1380170 2309.0
1380180 2309.0
1380190 2311.1
1380200 2313.1
1380210 2315.2
1380220 2315.2
1380230 2317.9
1380240 2322.0
1380250 2322.0
1380260 2326.4
1380270 2331.4
1380280 2331.4
1380290 2336.5
1380300 2342.0
1380310 2342.0
1380320 2348.1
1380330 2355.8
1380340 2355.8
1380350 2363.7
1380360 2371.3
1380370 2378.9
1380380 2378.9
1380390 2386.1
1380400 2393.8
1380410 2393.8
1380420 2402.0
1380430 2410.2
1380440 2410.2
1380450 2417.9
1380460 2419.1
1380470 2419.1
1380480 2417.7
1380490 2416.6
1380500 2416.6
1380510 2412.8
1380520 2406.2
1380530 2397.2
1380540 2397.2
1380550 2388.5
1380560 2379.9
1380570 2379.9
1380580 2370.6
1380590 2361.1
1380600 2361.1
1380610 2352.0
1380620 2343.2
1380630 2343.2
1380640 2333.8
1380650 2324.8
1380660 2324.8
1380670 2316.0
1380680 2308.4
1380690 2301.0
1380700 2301.0
1380710 2293.7
1380720 2287.2
1380730 2287.2
1380740 2281.5
1380750 2276.5
1380760 2276.5
1380770 2271.5
1380780 2266.6
1380790 2266.6
1380800 2262.5
1380810 2258.3
1380820 2258.3
1380830 2254.3
1380840 2249.0
1380850 2249.0
1380860 2244.1
1380870 2240.6
1380880 2237.7
1380890 2237.7
1380900 2234.1
1380910 2230.7
1380920 2230.7
1380930 2227.1
1380940 2223.8
1380950 2223.8
1380960 2220.0
1380970 2217.6
1380980 2217.6
1380990 2215.7
1381000 2213.5
1381010 2213.5
1381020 2211.2
1381030 2208.9
1381040 2207.1
1381050 2207.1
1381060 2206.3
1381070 2207.6
1381080 2207.6
1381090 2213.8
1381100 2221.4
1381110 2221.4
1381120 2229.3
1381130 2237.1
1381140 2237.1
1381150 2246.8
1381160 2251.9
1381170 2251.9
1381180 2254.7
1381190 2255.8
1381200 2253.5
1381210 2253.5
1381220 2253.2
1381230 2259.6
1381240 2259.6
1381250 2258.4
1381260 2252.7
1381270 2252.7
1381280 2248.9
1381290 2250.0
1381300 2250.0
1381310 2254.6
1381320 2259.9
1381330 2259.9
1381340 2265.0
1381350 2270.2
1381360 2282.3
1381370 2282.3
1381380 2287.3
1381390 2291.9
1381400 2291.9
1381410 2296.8
1381420 2302.7
1381430 2302.7
1381440 2307.1
1381450 2311.4
1381460 2311.4
1381470 2316.2
1381480 2319.7
1381490 2319.7
1381500 2323.9
1381510 2327.2
1381520 2325.4
1381530 2325.4
1381540 2323.3
1381550 2324.2
1381560 2324.2
1381570 2327.8
1381580 2334.3
1381590 2334.3
1381600 2339.1
1381610 2343.8
1381620 2343.8
1381630 2346.9
1381640 2337.0
1381650 2337.0
1381660 2333.2
1381670 2330.2
1381680 2330.2
1381690 2329.1
1381700 2323.7
1381710 2313.6
1381720 2313.6
1381730 2303.9
1381740 2292.0
1381750 2292.0
1381760 2277.1
1381770 2259.6
1381780 2259.6
1381790 2255.9
1381800 2257.8
1381810 2257.8
1381820 2255.1
1381830 2252.4
1381840 2252.4
1381850 2251.7
1381860 2255.4
1381870 2260.8
1381880 2260.8
1381890 2266.9
1381900 2272.1
1381910 2272.1
1381920 2277.3
1381930 2283.5
1381940 2283.5
1381950 2290.1
1381960 2298.7
1381970 2298.7
1381980 2308.6
1381990 2317.9
1382000 2317.9
1382010 2325.5
1382020 2331.0
1382030 2333.6
1382040 2333.6
1382050 2335.3
1382060 2335.1
1382070 2335.1
1382080 2332.6
1382090 2332.4
1382100 2332.4
1382110 2334.5
1382120 2337.6
1382130 2337.6
1382140 2340.6
1382150 2342.8
1382160 2342.8
1382170 2338.0
1382180 2330.2
1382190 2319.0
1382200 2319.0
1382210 2306.5
1382220 2298.5
1382230 2298.5
1382240 2291.8
1382250 2285.0
1382260 2285.0
1382270 2278.7
1382280 2271.4
1382290 2271.4
1382300 2263.0
1382310 2254.2
1382320 2254.2
1382330 2246.3
1382340 2236.1
1382350 2236.1
1382360 2227.7
1382370 2220.0
1382380 2211.4
1382390 2211.4
1382400 2204.2
1382410 2193.9
1382420 2193.9
1382430 2181.7
1382440 2168.7
1382450 2168.7
1382460 2156.4
1382470 2146.7
1382480 2146.7
1382490 2138.1
1382500 2129.2
1382510 2129.2
1382520 2119.2
1382530 2111.0
1382540 2103.0
1382550 2103.0
1382560 2096.5
1382570 2091.5
1382580 2091.5
1382590 2088.0
1382600 2083.7
1382610 2083.7
1382620 2079.2
1382630 2074.3
1382640 2074.3
1382650 2071.0
1382660 2070.0
1382670 2070.0
1382680 2072.0
1382690 2075.0
1382700 2076.3
1382710 2076.3
1382720 2074.8
1382730 2066.5
1382740 2066.5
1382750 2057.2
1382760 2051.2
1382770 2051.2
1382780 2048.2
1382790 2044.6
1382800 2044.6
1382810 2038.0
1382820 2027.8
1382830 2027.8
1382840 2019.0
1382850 2011.5
1382860 2004.5
1382870 2004.5
1382880 1999.9
1382890 1997.0
1382900 1997.0
1382910 1991.7
1382920 1985.4
1382930 1985.4
1382940 1980.7
1382950 1973.3
1382960 1973.3
1382970 1968.3
1382980 1964.8
1382990 1964.8
1383000 1962.8
1383010 1961.4
1383020 1960.9
1383030 1960.9
1383040 1961.1
1383050 1961.6
1383060 1961.6
1383070 1962.5
1383080 1962.9
1383090 1962.9
1383100 1964.2
1383110 1966.4
1383120 1966.4
1383130 1968.8
1383140 1971.6
1383150 1971.6
1383160 1975.2
1383170 1979.1
1383180 1979.1
1383190 1983.7
1383200 1987.9
1383210 1991.7
1383220 1991.7
1383230 1996.1
1383240 2001.3
1383250 2001.3
1383260 2005.5
1383270 2008.5
1383280 2008.5
1383290 2011.2
1383300 2014.4
1383310 2014.4
1383320 2017.9
1383330 2021.7
1383340 2021.7
1383350 2025.7
1383360 2030.4
1383370 2035.9
1383380 2035.9
1383390 2041.2
1383400 2046.7
1383410 2046.7
1383420 2052.7
1383430 2060.1
1383440 2060.1
1383450 2066.6
1383460 2073.4
1383470 2073.4
1383480 2080.5
1383490 2087.9
1383500 2087.9
1383510 2095.7
1383520 2103.4
1383530 2110.6
1383540 2110.6
1383550 2118.0
1383560 2126.3
1383570 2126.3
1383580 2134.8
1383590 2143.7
1383600 2143.7
1383610 2151.7
1383620 2158.9
1383630 2158.9
1383640 2169.4
1383650 2183.9
1383660 2183.9
1383670 2196.7
1383680 2207.7
1383690 2216.6
1383700 2216.6
1383710 2225.4
1383720 2232.5
1383730 2232.5
1383740 2238.7
1383750 2244.1
1383760 2244.1
1383770 2249.5
1383780 2255.0
1383790 2255.0
1383800 2259.5
1383810 2263.3
1383820 2263.3
1383830 2265.2
1383840 2272.1
1383850 2272.1
1383860 2276.0
1383870 2273.7
1383880 2266.3
1383890 2266.3
1383900 2256.2
1383910 2248.1
1383920 2248.1
1383930 2243.7
1383940 2240.8
1383950 2240.8
1383960 2237.7
1383970 2233.9
1383980 2233.9
1383990 2231.3
1384000 2230.0
1384010 2230.0
1384020 2227.3
1384030 2224.0
1384040 2221.0
1384050 2221.0
1384060 2218.7
1384070 2217.6
1384080 2217.6
1384090 2216.0
1384100 2213.7
1384110 2213.7
1384120 2211.0
1384130 2208.2
1384140 2208.2
1384150 2204.5
1384160 2201.3
1384170 2201.3
1384180 2201.1
1384190 2201.6
1384200 2202.7
1384210 2202.7
1384220 2204.4
1384230 2206.1
1384240 2206.1
1384250 2206.8
1384260 2206.7
1384270 2206.7
1384280 2206.3
1384290 2205.5
1384300 2205.5
1384310 2203.5
1384320 2201.9
1384330 2201.9
1384340 2202.8
1384350 2204.7
1384360 2207.7
1384370 2207.7
1384380 2209.8
1384390 2213.3
1384400 2213.3
1384410 2215.7
1384420 2217.6
1384430 2217.6
1384440 2220.8
1384450 2227.1
1384460 2227.1
1384470 2234.3
1384480 2237.8
1384490 2237.8
1384500 2242.8
1384510 2248.6
1384520 2255.4
1384530 2255.4
1384540 2262.5
1384550 2269.4
1384560 2269.4
1384570 2275.4
1384580 2278.6
1384590 2278.6
1384600 2281.5
1384610 2283.6
1384620 2283.6
1384630 2283.5
1384640 2283.7
1384650 2283.7
1384660 2282.4
1384670 2275.0
1384680 2275.0
1384690 2266.3
1384700 2258.2
1384710 2249.8
1384720 2249.8
1384730 2241.7
1384740 2233.1
1384750 2233.1
1384760 2224.8
1384770 2217.6
1384780 2217.6
1384790 2208.2
1384800 2198.8
1384810 2198.8
1384820 2189.9
1384830 2179.8
1384840 2179.8
1384850 2169.9
1384860 2161.2
1384870 2152.6
1384880 2152.6
1384890 2144.6
1384900 2137.9
1384910 2137.9
1384920 2131.4
1384930 2124.7
1384940 2124.7
1384950 2118.0
1384960 2111.2
1384970 2111.2
1384980 2104.5
1384990 2098.3
1385000 2098.3
1385010 2093.1
1385020 2087.7
1385030 2082.0
1385040 2082.0
1385050 2076.3
1385060 2070.6
1385070 2070.6
1385080 2064.8
1385090 2060.2
1385100 2060.2
1385110 2055.5
1385120 2051.0
1385130 2051.0
1385140 2046.7
1385150 2042.9
1385160 2042.9
1385170 2039.4
1385180 2036.4
1385190 2033.4
1385200 2033.4
1385210 2030.6
1385220 2028.4
1385230 2028.4
1385240 2026.2
1385250 2023.7
1385260 2023.7
1385270 2020.8
1385280 2016.8
1385290 2016.8
1385300 2012.1
1385310 2007.2
1385320 2007.2
1385330 2000.8
1385340 1991.9
1385350 1991.9
1385360 1981.1
1385370 1970.8
1385380 1960.8
1385390 1960.8
1385400 1952.5
1385410 1946.6
1385420 1946.6
1385430 1942.2
1385440 1939.0
1385450 1939.0
1385460 1936.1
1385470 1932.9
1385480 1932.9
1385490 1928.0
1385500 1923.3
1385510 1923.3
1385520 1918.8
1385530 1914.5
1385540 1910.2
1385550 1910.2
1385560 1904.9
1385570 1900.6
1385580 1900.6
1385590 1893.5
1385600 1884.3
1385610 1884.3
1385620 1876.5
1385630 1871.3
1385640 1871.3
1385650 1867.4
1385660 1863.4
1385670 1863.4
1385680 1859.2
1385690 1855.2
1385700 1851.3
1385710 1851.3
1385720 1847.6
1385730 1842.0
1385740 1842.0
1385750 1835.9
1385760 1830.2
1385770 1830.2
1385780 1823.8
1385790 1818.1
1385800 1818.1
1385810 1812.8
1385820 1806.7
1385830 1806.7
1385840 1800.7
1385850 1794.3
1385860 1787.7
1385870 1787.7
1385880 1782.3
1385890 1777.2
1385900 1777.2
1385910 1772.3
1385920 1769.1
1385930 1769.1
1385940 1763.6
1385950 1756.0
1385960 1756.0
1385970 1748.3
1385980 1741.3
1385990 1741.3
1386000 1735.7
1386010 1730.6
1386020 1725.2
1386030 1725.2
1386040 1719.6
1386050 1713.5
1386060 1713.5
1386070 1707.6
1386080 1701.8
1386090 1701.8
1386100 1695.5
1386110 1690.1
1386120 1690.1
1386130 1684.6
1386140 1679.3
1386150 1679.3
1386160 1674.8
1386170 1670.0
1386180 1670.0
1386190 1665.8
1386200 1661.2
1386210 1656.1
1386220 1656.1
1386230 1649.4
1386240 1642.4
1386250 1642.4
1386260 1636.6
1386270 1632.8
1386280 1632.8
1386290 1629.8
1386300 1626.1
1386310 1626.1
1386320 1620.5
1386330 1613.1
1386340 1613.1
1386350 1605.1
1386360 1599.9
1386370 1594.1
1386380 1594.1
1386390 1592.3
1386400 1589.9
1386410 1589.9
1386420 1586.3
1386430 1580.8
1386440 1580.8
1386450 1574.1
1386460 1570.5
1386470 1570.5
1386480 1567.7
1386490 1566.5
1386500 1566.5
1386510 1566.5
1386520 1569.3
1386530 1575.1
1386540 1575.1
1386550 1577.1
1386560 1579.3
1386570 1579.3
1386580 1582.3
1386590 1584.8
1386600 1584.8
1386610 1587.1
1386620 1589.5
1386630 1589.5
1386640 1592.7
1386650 1596.0
1386660 1596.0
1386670 1599.5
1386680 1603.1
1386690 1607.3
1386700 1607.3
1386710 1611.6
1386720 1616.5
1386730 1616.5
1386740 1621.7
1386750 1626.9
1386760 1626.9
1386770 1632.2
1386780 1637.5
1386790 1637.5
1386800 1643.0
1386810 1648.6
1386820 1648.6
1386830 1654.2
1386840 1660.6
1386850 1660.6
1386860 1667.8
1386870 1677.2
1386880 1686.3
1386890 1686.3
1386900 1696.0
1386910 1707.3
1386920 1707.3
1386930 1715.3
1386940 1725.2
1386950 1725.2
1386960 1735.9
1386970 1743.1
1386980 1743.1
1386990 1751.1
1387000 1761.1
1387010 1761.1
1387020 1772.5
1387030 1782.5
1387040 1792.9
1387050 1792.9
1387060 1801.0
1387070 1805.6
1387080 1805.6
1387090 1813.8
1387100 1820.5
1387110 1820.5
1387120 1828.7
1387130 1836.5
1387140 1836.5
1387150 1843.2
1387160 1845.8
1387170 1845.8
1387180 1851.1
1387190 1859.3
1387200 1871.1
1387210 1871.1
1387220 1878.1
1387230 1875.6
1387240 1875.6
1387250 1876.6
1387260 1878.9
1387270 1878.9
1387280 1880.9
1387290 1883.9
1387300 1883.9
1387310 1888.5
1387320 1897.0
1387330 1897.0
1387340 1906.1
1387350 1914.1
1387360 1924.0
1387370 1924.0
1387380 1934.1
1387390 1943.5
1387400 1943.5
1387410 1950.0
1387420 1957.3
1387430 1957.3
1387440 1965.8
1387450 1974.9
1387460 1974.9
1387470 1984.0
1387480 1995.7
1387490 1995.7
1387500 2016.8
1387510 2038.0
1387520 2046.7
1387530 2046.7
1387540 2045.6
1387550 2047.1
1387560 2047.1
1387570 2051.4
1387580 2058.2
1387590 2058.2
1387600 2066.1
1387610 2067.9
1387620 2067.9
1387630 2068.9
1387640 2067.3
1387650 2075.0
1387660 2071.3
1387670 2066.2
1387680 2066.2
1387690 2061.7
1387700 2056.0
1387710 2047.6
1387720 2047.6
1387730 2039.5
1387740 2033.1
1387750 2033.1
1387760 2027.8
1387770 2020.1
1387780 2020.1
1387790 2013.2
1387800 2008.3
1387810 2008.3
1387820 2002.3
1387830 1995.8
1387840 1995.8
1387850 1989.9
1387860 1984.7
1387870 1979.9
1387880 1979.9
1387890 1974.0
1387900 1968.7
1387910 1968.7
1387920 1963.1
1387930 1959.7
1387940 1959.7
1387950 1954.5
1387960 1948.7
1387970 1948.7
1387980 1942.6
1387990 1937.4
1388000 1937.4
1388010 1933.8
1388020 1930.4
1388030 1926.0
1388040 1926.0
1388050 1922.6
1388060 1920.3
1388070 1920.3
1388080 1912.1
1388090 1898.2
1388100 1898.2
1388110 1887.8
1388120 1880.9
1388130 1880.9
1388140 1875.8
1388150 1870.4
1388160 1870.4
1388170 1865.4
1388180 1857.9
1388190 1849.7
1388200 1849.7
1388210 1841.7
1388220 1832.8
1388230 1832.8
1388240 1822.9
1388250 1813.7
1388260 1813.7
1388270 1803.2
1388280 1786.6
1388290 1786.6
1388300 1776.4
1388310 1768.9
1388320 1768.9
1388330 1761.5
1388340 1754.2
1388350 1754.2
1388360 1746.2
1388370 1738.8
1388380 1731.3
1388390 1731.3
1388400 1725.4
1388410 1719.9
1388420 1719.9
1388430 1716.2
1388440 1711.1
1388450 1711.1
1388460 1705.4
1388470 1698.9
1388480 1698.9
1388490 1691.4
1388500 1684.5
1388510 1684.5
1388520 1677.3
1388530 1670.9
1388540 1664.8
1388550 1664.8
1388560 1658.6
1388570 1651.2
1388580 1651.2
1388590 1642.5
1388600 1633.2
1388610 1633.2
1388620 1624.2
1388630 1615.3
1388640 1615.3
1388650 1606.8
1388660 1598.4
1388670 1598.4
1388680 1589.9
1388690 1581.9
1388700 1574.1
1388710 1574.1
1388720 1566.8
1388730 1559.6
1388740 1559.6
1388750 1553.5
1388760 1546.9
1388770 1546.9
1388780 1540.9
1388790 1535.3
1388800 1535.3
1388810 1529.8
1388820 1525.1
1388830 1525.1
1388840 1522.8
1388850 1521.7
1388860 1520.6
1388870 1520.6
1388880 1519.3
1388890 1517.5
1388900 1517.5
1388910 1518.0
1388920 1518.4
1388930 1518.4
1388940 1517.4
1388950 1516.6
1388960 1518.3
1388970 1518.1
1388980 1518.8
1388990 1518.8
1389000 1519.3
1389010 1520.2
1389020 1521.7
1389030 1521.7
1389040 1523.6
1389050 1526.5
1389060 1526.5
1389070 1530.9
1389080 1535.5
1389090 1535.5
1389100 1540.7
1389110 1546.1
1389120 1546.1
1389130 1552.1
1389140 1558.1
1389150 1558.1
1389160 1564.4
1389170 1570.7
1389180 1570.7
1389190 1576.5
1389200 1582.0
1389210 1587.9
1389220 1587.9
1389230 1594.0
1389240 1599.7
1389250 1599.7
1389260 1605.3
1389270 1611.2
1389280 1611.2
1389290 1616.6
1389300 1621.9
1389310 1621.9
1389320 1629.3
1389330 1637.0
1389340 1637.0
1389350 1649.7
1389360 1664.6
1389370 1668.0
1389380 1668.0
1389390 1672.8
1389400 1679.6
1389410 1679.6
1389420 1689.2
1389430 1720.6
1389440 1720.6
1389450 1736.1
1389460 1739.7
1389470 1739.7
1389480 1738.0
1389490 1737.4
1389500 1737.4
1389510 1741.5
1389520 1745.7
1389530 1755.9
1389540 1755.9
1389550 1776.4
1389560 1796.3
1389570 1796.3
1389580 1809.3
1389590 1818.1
1389600 1818.1
1389610 1826.6
1389620 1834.2
1389630 1834.2
1389640 1838.7
1389650 1840.6
1389660 1840.6
1389670 1840.2
1389680 1843.1
1389690 1849.0
1389700 1849.0
1389710 1853.8
1389720 1851.9
1389730 1851.9
1389740 1852.3
1389750 1858.3
1389760 1858.3
1389770 1863.0
1389780 1865.9
1389790 1865.9
1389800 1869.6
1389810 1873.1
1389820 1873.1
1389830 1875.8
1389840 1882.1
1389850 1888.7
1389860 1888.7
1389870 1893.8
1389880 1899.3
1389890 1899.3
1389900 1905.1
1389910 1911.0
1389920 1911.0
1389930 1917.0
1389940 1922.9
1389950 1922.9
1389960 1928.8
1389970 1934.2
1389980 1934.2
1389990 1938.7
1390000 1940.1
1390010 1940.1
1390020 1938.7
1390030 1935.3
1390040 1929.7
1390050 1929.7
1390060 1924.4
1390070 1919.3
1390080 1919.3
1390090 1913.4
1390100 1906.7
1390110 1906.7
1390120 1899.7
1390130 1892.9
1390140 1892.9
1390150 1886.8
1390160 1881.0
1390170 1881.0
1390180 1874.9
1390190 1868.0
1390200 1861.1
1390210 1861.1
1390220 1854.6
1390230 1848.4
1390240 1848.4
1390250 1841.6
1390260 1833.9
1390270 1833.9
1390280 1827.8
1390290 1820.3
1390300 1820.3
1390310 1814.0
1390320 1808.1
1390330 1808.1
1390340 1802.1
1390350 1795.4
1390360 1788.0
1390370 1788.0
1390380 1780.3
1390390 1772.5
1390400 1772.5
1390410 1764.5
1390420 1756.3
1390430 1756.3
1390440 1747.2
1390450 1738.9
1390460 1738.9
1390470 1730.6
1390480 1722.2
1390490 1722.2
1390500 1713.5
1390510 1704.6
1390520 1696.4
1390530 1696.4
1390540 1688.4
1390550 1679.2
1390560 1679.2
1390570 1670.1
1390580 1663.2
1390590 1663.2
1390600 1654.3
1390610 1646.6
1390620 1646.6
1390630 1638.8
1390640 1630.1
1390650 1630.1
1390660 1622.1
1390670 1614.2
1390680 1614.2
1390690 1606.4
1390700 1598.8
1390710 1591.4
1390720 1591.4
1390730 1583.6
1390740 1576.3
1390750 1576.3
1390760 1570.7
1390770 1564.5
1390780 1564.5
1390790 1558.2
1390800 1552.2
1390810 1552.2
1390820 1547.0
1390830 1542.0
1390840 1542.0
1390850 1536.3
1390860 1531.2
1390870 1526.0
1390880 1526.0
1390890 1521.2
1390900 1516.5
1390910 1516.5
1390920 1512.0
1390930 1506.9
1390940 1506.9
1390950 1500.9
1390960 1494.7
1390970 1494.7
1390980 1487.9
1390990 1482.1
1391000 1482.1
1391010 1475.2
1391020 1468.9
1391030 1462.3
1391040 1462.3
1391050 1455.4
1391060 1449.3
1391070 1449.3
1391080 1443.4
1391090 1440.4
1391100 1440.4
1391110 1439.5
1391120 1438.5
1391130 1438.5
1391140 1438.5
1391150 1439.7
1391160 1439.7
1391170 1442.1
1391180 1444.1
1391190 1446.1
1391200 1446.1
1391210 1448.2
1391220 1450.0
1391230 1450.0
1391240 1451.4
1391250 1453.3
1391260 1453.3
1391270 1454.9
1391280 1457.2
1391290 1457.2
1391300 1460.0
1391310 1463.1
1391320 1463.1
1391330 1466.2
1391340 1469.5
1391350 1473.2
1391360 1473.2
1391370 1477.1
1391380 1481.1
1391390 1481.1
1391400 1485.3
1391410 1489.5
1391420 1489.5
1391430 1493.2
1391440 1497.2
1391450 1497.2
1391460 1501.2
1391470 1505.3
1391480 1505.3
1391490 1510.3
1391500 1516.7
1391510 1516.7
1391520 1523.1
1391530 1529.9
1391540 1535.6
1391550 1535.6
1391560 1539.5
1391570 1546.3
1391580 1546.3
1391590 1553.6
1391600 1559.2
1391610 1559.2
1391620 1564.8
1391630 1575.2
1391640 1575.2
1391650 1584.9
1391660 1595.9
1391670 1595.9
1391680 1603.7
1391690 1611.2
1391700 1625.1
1391710 1625.1
1391720 1633.3
1391730 1641.9
1391740 1641.9
1391750 1651.5
1391760 1661.6
1391770 1661.6
1391780 1673.1
1391790 1681.9
1391800 1681.9
1391810 1688.8
1391820 1696.5
1391830 1696.5
1391840 1702.7
1391850 1709.1
1391860 1716.7
1391870 1716.7
1391880 1724.2
1391890 1732.3
1391900 1732.3
1391910 1740.3
1391920 1747.4
1391930 1747.4
1391940 1753.5
1391950 1759.4
1391960 1759.4
1391970 1765.2
1391980 1771.0
1391990 1771.0
1392000 1776.8
1392010 1782.6
1392020 1787.7
1392030 1787.7
1392040 1792.1
1392050 1795.5
1392060 1795.5
1392070 1798.5
1392080 1803.0
1392090 1803.0
1392100 1808.2
1392110 1814.3
1392120 1814.3
1392130 1820.6
1392140 1826.6
1392150 1826.6
1392160 1834.4
1392170 1842.5
1392180 1842.5
1392190 1848.6
1392200 1854.3
1392210 1859.9
1392220 1859.9
1392230 1864.4
1392240 1868.2
1392250 1868.2
1392260 1872.2
1392270 1875.6
1392280 1875.6
1392290 1877.6
1392300 1877.7
1392310 1877.7
1392320 1877.8
1392330 1880.8
1392340 1880.8
1392350 1883.7
1392360 1884.6
1392370 1884.4
1392380 1884.4
1392390 1883.4
1392400 1882.3
1392410 1882.3
1392420 1880.0
1392430 1878.1
1392440 1878.1
1392450 1875.9
1392460 1873.4
1392470 1873.4
1392480 1870.9
1392490 1868.2
1392500 1868.2
1392510 1864.1
1392520 1857.9
1392530 1852.1
1392540 1852.1
1392550 1848.3
1392560 1842.5
1392570 1842.5
1392580 1828.6
1392590 1821.0
1392600 1821.0
1392610 1817.8
1392620 1816.5
1392630 1816.5
1392640 1814.2
1392650 1810.0
1392660 1810.0
1392670 1804.9
1392680 1802.4
1392690 1807.7
1392700 1807.7
1392710 1814.4
1392720 1820.5
1392730 1820.5
1392740 1825.1
1392750 1826.0
1392760 1826.0
1392770 1827.2
1392780 1832.7
1392790 1832.7
1392800 1838.9
1392810 1842.3
1392820 1842.3
1392830 1844.6
1392840 1848.0
1392850 1846.9
1392860 1846.9
1392870 1845.1
1392880 1843.0
1392890 1843.0
1392900 1840.2
1392910 1837.0
1392920 1837.0
1392930 1833.4
1392940 1829.6
1392950 1829.6
1392960 1825.5
1392970 1821.0
1392980 1821.0
1392990 1822.9
1393000 1820.0
1393010 1820.0
1393020 1817.7
1393030 1815.2
1393040 1812.1
1393050 1812.1
1393060 1809.5
1393070 1806.3
1393080 1806.3
1393090 1803.3
1393100 1800.6
1393110 1800.6
1393120 1797.4
1393130 1793.8
1393140 1793.8
1393150 1789.7
1393160 1785.8
1393170 1785.8
1393180 1782.3
1393190 1778.4
1393200 1773.7
1393210 1773.7
1393220 1769.2
1393230 1766.0
1393240 1766.0
1393250 1763.3
1393260 1760.4
1393270 1760.4
1393280 1757.5
1393290 1753.7
1393300 1753.7
1393310 1749.4
1393320 1744.9
1393330 1744.9
1393340 1740.4
1393350 1735.0
1393360 1727.6
1393370 1727.6
1393380 1718.7
1393390 1711.3
1393400 1711.3
1393410 1703.2
1393420 1695.5
1393430 1695.5
1393440 1687.6
1393450 1679.8
1393460 1679.8
1393470 1672.8
1393480 1666.4
1393490 1666.4
1393500 1660.4
1393510 1654.5
1393520 1648.4
1393530 1648.4
1393540 1641.6
1393550 1634.9
1393560 1634.9
1393570 1628.3
1393580 1622.1
1393590 1622.1
1393600 1615.7
1393610 1610.1
1393620 1610.1
1393630 1605.0
1393640 1600.4
1393650 1600.4
1393660 1595.1
1393670 1589.4
1393680 1589.4
1393690 1583.6
1393700 1578.2
1393710 1573.5
1393720 1573.5
1393730 1572.4
1393740 1569.6
1393750 1569.6
1393760 1564.4
1393770 1558.8
1393780 1558.8
1393790 1552.8
1393800 1546.8
1393810 1546.8
1393820 1540.5
1393830 1534.3
1393840 1534.3
1393850 1529.4
1393860 1526.0
1393870 1523.0
1393880 1523.0
1393890 1519.8
1393900 1515.2
1393910 1515.2
1393920 1510.2
1393930 1506.4
1393940 1506.4
1393950 1503.4
1393960 1501.9
1393970 1501.9
1393980 1500.8
1393990 1499.6
1394000 1499.6
1394010 1498.6
1394020 1495.8
1394030 1491.3
1394040 1491.3
1394050 1486.9
1394060 1485.4
1394070 1485.4
1394080 1484.2
1394090 1484.2
1394100 1484.2
1394110 1484.6
1394120 1485.8
1394130 1485.8
1394140 1489.0
1394150 1494.9
1394160 1494.9
1394170 1498.8
1394180 1500.3
1394190 1501.2
1394200 1501.2
1394210 1501.3
1394220 1502.2
1394230 1502.2
1394240 1503.7
1394250 1505.3
1394260 1505.3
1394270 1507.3
1394280 1509.4
1394290 1509.4
1394300 1511.5
1394310 1514.6
1394320 1514.6
1394330 1518.1
1394340 1520.8
1394350 1525.1
1394360 1525.1
1394370 1531.9
1394380 1537.5
1394390 1537.5
1394400 1543.7
1394410 1549.8
1394420 1549.8
1394430 1555.3
1394440 1561.5
1394450 1561.5
1394460 1568.7
1394470 1576.2
1394480 1576.2
1394490 1583.4
1394500 1589.1
1394510 1589.1
1394520 1592.6
1394530 1597.2
1394540 1603.7
1394550 1603.7
1394560 1609.0
1394570 1612.6
1394580 1612.6
1394590 1615.7
1394600 1618.5
1394610 1618.5
1394620 1621.7
1394630 1624.7
1394640 1624.7
1394650 1627.6
1394660 1631.3
1394670 1631.3
1394680 1634.1
1394690 1636.6
1394700 1639.9
1394710 1639.9
1394720 1642.9
1394730 1644.9
1394740 1644.9
1394750 1647.1
1394760 1650.5
1394770 1650.5
1394780 1653.7
1394790 1657.9
1394800 1657.9
1394810 1661.3
1394820 1662.8
1394830 1662.8
1394840 1663.4
1394850 1666.0
1394860 1668.5
1394870 1668.5
1394880 1670.2
1394890 1673.9
1394900 1673.9
1394910 1677.1
1394920 1678.4
1394930 1678.4
1394940 1679.8
1394950 1682.3
1394960 1682.3
1394970 1686.3
1394980 1688.6
1394990 1688.6
1395000 1690.7
1395010 1693.2
1395020 1695.6
1395030 1695.6
1395040 1697.2
1395050 1699.4
1395060 1699.4
1395070 1701.8
1395080 1703.9
1395090 1703.9
1395100 1705.9
1395110 1707.8
1395120 1707.8
1395130 1709.0
1395140 1710.2
1395150 1710.2
1395160 1711.4
1395170 1712.9
1395180 1712.9
1395190 1714.1
1395200 1715.0
1395210 1715.9
1395220 1715.9
1395230 1716.4
1395240 1716.6
1395250 1716.6
1395260 1717.1
1395270 1718.8
1395280 1718.8
1395290 1721.9
1395300 1723.7
1395310 1723.7
1395320 1724.8
1395330 1726.6
1395340 1726.6
1395350 1727.8
1395360 1728.5
1395370 1729.4
1395380 1729.4
1395390 1730.4
1395400 1730.6
1395410 1730.6
1395420 1730.0
1395430 1730.2
1395440 1730.2
1395450 1731.6
1395460 1733.6
1395470 1733.6
1395480 1735.8
1395490 1737.8
1395500 1737.8
1395510 1739.8
1395520 1741.3
1395530 1743.0
1395540 1743.0
1395550 1744.7
1395560 1746.1
1395570 1746.1
1395580 1747.3
1395590 1748.0
1395600 1748.0
1395610 1748.8
1395620 1749.4
1395630 1749.4
1395640 1750.4
1395650 1751.4
1395660 1751.4
1395670 1752.2
1395680 1752.6
1395690 1752.4
1395700 1752.4
1395710 1752.6
1395720 1752.7
1395730 1752.7
1395740 1752.9
1395750 1752.8
1395760 1752.8
1395770 1752.4
1395780 1754.9
1395790 1754.9
1395800 1754.0
1395810 1754.0
1395820 1754.0
1395830 1753.9
1395840 1753.5
1395850 1753.2
1395860 1753.2
1395870 1751.9
1395880 1750.9
1395890 1750.9
1395900 1749.7
1395910 1749.0
1395920 1749.0
1395930 1748.3
1395940 1748.0
1395950 1748.0
1395960 1747.9
1395970 1747.8
1395980 1747.8
1395990 1747.3
1396000 1746.1
1396010 1746.1
1396020 1745.1
1396030 1743.2
1396040 1739.6
1396050 1739.6
1396060 1739.8
1396070 1742.3
1396080 1742.3
1396090 1741.6
1396100 1739.7
1396110 1739.7
1396120 1737.6
1396130 1734.3
1396140 1734.3
1396150 1731.7
1396160 1731.5
1396170 1731.5
1396180 1732.6
1396190 1729.6
1396200 1728.4
1396210 1728.4
1396220 1732.6
1396230 1733.4
1396240 1733.4
1396250 1733.4
1396260 1732.4
1396270 1732.4
1396280 1732.2
1396290 1732.1
1396300 1732.1
1396310 1731.0
1396320 1728.8
1396330 1728.8
1396340 1726.6
1396350 1722.1
1396360 1718.0
1396370 1718.0
1396380 1715.8
1396390 1715.7
1396400 1715.7
1396410 1717.5
1396420 1719.1
1396430 1719.1
1396440 1719.3
1396450 1718.7
1396460 1718.7
1396470 1717.9
1396480 1715.3
1396490 1715.3
1396500 1710.9
1396510 1708.1
1396520 1710.2
1396530 1710.2
1396540 1711.7
1396550 1710.8
1396560 1710.8
1396570 1709.5
1396580 1708.1
1396590 1708.1
1396600 1706.1
1396610 1704.1
1396620 1704.1
1396630 1701.9
1396640 1700.8
1396650 1700.8
1396660 1699.9
1396670 1698.0
1396680 1698.0
1396690 1695.2
1396700 1692.8
1396710 1691.2
1396720 1691.2
1396730 1689.5
1396740 1686.5
1396750 1686.5
1396760 1682.7
1396770 1679.9
1396780 1679.9
1396790 1676.9
1396800 1674.0
1396810 1674.0
1396820 1671.5
1396830 1668.8
1396840 1668.8
1396850 1666.4
1396860 1663.7
1396870 1660.8
1396880 1660.8
1396890 1657.7
1396900 1654.1
1396910 1654.1
1396920 1651.1
1396930 1648.2
1396940 1648.2
1396950 1645.2
1396960 1641.5
1396970 1641.5
1396980 1638.4
1396990 1633.9
1397000 1633.9
1397010 1632.2
1397020 1632.3
1397030 1630.3
1397040 1630.3
1397050 1627.4
1397060 1623.4
1397070 1623.4
1397080 1619.0
1397090 1614.9
1397100 1614.9
1397110 1611.4
1397120 1609.0
1397130 1609.0
1397140 1606.4
1397150 1603.1
1397160 1603.1
1397170 1599.3
1397180 1595.3
1397190 1591.4
1397200 1591.4
1397210 1587.6
1397220 1587.4
1397230 1587.4
1397240 1583.5
1397250 1580.0
1397260 1580.0
1397270 1576.4
1397280 1572.3
1397290 1572.3
1397300 1568.0
1397310 1564.0
1397320 1564.0
1397330 1562.4
1397340 1561.9
1397350 1561.9
1397360 1561.9
1397370 1562.0
1397380 1562.1
1397390 1562.1
1397400 1561.4
1397410 1558.9
1397420 1558.9
1397430 1556.5
1397440 1557.5
1397450 1557.5
1397460 1561.0
1397470 1563.9
1397480 1563.9
1397490 1564.3
1397500 1563.4
1397510 1563.4
1397520 1562.0
1397530 1560.4
1397540 1558.9
1397550 1558.9
1397560 1556.9
1397570 1554.9
1397580 1554.9
1397590 1553.3
1397600 1551.6
1397610 1551.6
1397620 1549.3
1397630 1548.5
1397640 1548.5
1397650 1547.1
1397660 1544.4
1397670 1544.4
1397680 1542.0
1397690 1540.7
1397700 1538.9
1397710 1538.9
1397720 1536.6
1397730 1534.1
1397740 1534.1
1397750 1531.2
1397760 1528.2
1397770 1528.2
1397780 1525.7
1397790 1523.6
1397800 1523.6
1397810 1521.4
1397820 1520.0
1397830 1520.0
1397840 1519.0
1397850 1517.8
1397860 1516.5
1397870 1516.5
1397880 1514.5
1397890 1512.5
1397900 1512.5
1397910 1510.5
1397920 1508.4
1397930 1508.4
1397940 1506.7
1397950 1505.3
1397960 1505.3
1397970 1503.5
1397980 1501.7
1397990 1501.7
1398000 1500.2
1398010 1498.3
1398020 1495.4
1398030 1495.4
1398040 1490.8
1398050 1486.9
1398060 1486.9
1398070 1484.2
1398080 1486.2
1398090 1486.2
1398100 1491.4
1398110 1494.0
1398120 1494.0
1398130 1494.4
1398140 1493.9
1398150 1493.9
1398160 1493.6
1398170 1493.2
1398180 1493.2
1398190 1493.2
1398200 1493.0
1398210 1492.1
1398220 1492.1
1398230 1489.3
1398240 1487.8
1398250 1487.8
1398260 1487.0
1398270 1486.0
1398280 1486.0
1398290 1485.1
1398300 1484.0
1398310 1484.0
1398320 1483.0
1398330 1482.1
1398340 1482.1
1398350 1481.2
1398360 1480.2
1398370 1479.2
1398380 1479.2
1398390 1478.0
1398400 1477.0
1398410 1477.0
1398420 1476.2
1398430 1475.8
1398440 1475.8
1398450 1475.6
1398460 1475.2
1398470 1475.2
1398480 1474.9
1398490 1474.2
1398500 1474.2
1398510 1473.1
1398520 1472.8
1398530 1471.6
1398540 1471.6
1398550 1469.8
1398560 1468.7
1398570 1468.7
1398580 1468.3
1398590 1467.5
1398600 1467.5
1398610 1466.4
1398620 1465.1
1398630 1465.1
1398640 1463.6
1398650 1461.7
1398660 1461.7
1398670 1458.5
1398680 1456.5
1398690 1454.9
1398700 1454.9
1398710 1453.8
1398720 1452.8
1398730 1452.8
1398740 1451.9
1398750 1450.5
1398760 1450.5
1398770 1448.9
1398780 1448.2
1398790 1448.2
1398800 1447.5
1398810 1446.7
1398820 1446.7
1398830 1445.6
1398840 1444.3
1398850 1443.3
1398860 1443.3
1398870 1442.3
1398880 1441.1
1398890 1441.1
1398900 1440.2
1398910 1439.7
1398920 1439.7
1398930 1439.4
1398940 1438.9
1398950 1438.9
1398960 1438.0
1398970 1437.3
1398980 1437.3
1398990 1435.5
1399000 1433.9
1399010 1433.9
1399020 1432.6
1399030 1431.7
1399040 1430.8
1399050 1430.8
1399060 1429.8
1399070 1428.7
1399080 1428.7
1399090 1427.8
1399100 1427.2
1399110 1427.2
1399120 1426.3
1399130 1425.1
1399140 1425.1
1399150 1424.0
1399160 1423.3
1399170 1423.3
1399180 1422.5
1399190 1421.9
1399200 1421.0
1399210 1421.0
1399220 1420.2
1399230 1419.2
1399240 1419.2
1399250 1418.3
1399260 1417.6
1399270 1417.6
1399280 1416.8
1399290 1416.1
1399300 1416.1
1399310 1415.4
1399320 1414.8
1399330 1414.8
1399340 1413.9
1399350 1413.1
1399360 1412.5
1399370 1412.5
1399380 1412.1
1399390 1411.9
1399400 1411.9
1399410 1411.8
1399420 1411.5
1399430 1411.5
1399440 1411.3
1399450 1411.2
1399460 1411.2
1399470 1411.0
1399480 1410.7
1399490 1410.7
1399500 1410.4
1399510 1410.2
1399520 1410.0
1399530 1410.0
1399540 1409.8
1399550 1409.6
1399560 1409.6
1399570 1409.3
1399580 1408.9
1399590 1408.9
1399600 1408.5
1399610 1408.0
1399620 1408.0
1399630 1407.9
1399640 1407.8
1399650 1407.8
1399660 1407.7
1399670 1407.5
1399680 1407.3
1399690 1407.3
1399700 1406.9
1399710 1406.4
1399720 1406.4
1399730 1406.0
1399740 1406.1
1399750 1406.1
1399760 1406.1
1399770 1406.0
1399780 1406.0
1399790 1405.8
1399800 1405.5
1399810 1405.5
1399820 1405.2
1399830 1404.8
1399840 1404.8
1399850 1404.7
1399860 1404.7
1399870 1404.3
1399880 1404.3
1399890 1404.1
1399900 1404.0
1399910 1404.0
1399920 1403.9
1399930 1403.9
1399940 1403.9
1399950 1403.9
1399960 1403.5
1399970 1403.5
1399980 1403.2
1399990 1404.0
