1380000 1851.7
1380010 1851.7
1380020 1853.2
1380030 1854.1
1380040 1854.1
1380050 1855.2
1380060 1858.1
1380070 1858.1
1380080 1861.1
1380090 1862.4
1380100 1862.4
1380110 1863.7
1380120 1871.6
1380130 1871.6
1380140 1871.6
1380150 1873.3
1380160 1876.7
1380170 1876.7
1380180 1880.6
1380190 1884.8
1380200 1884.8
1380210 1888.2
1380220 1892.0
1380230 1892.0
1380240 1896.2
1380250 1899.3
1380260 1899.3
1380270 1901.8
1380280 1903.8
1380290 1903.8
1380300 1905.5
1380310 1907.3
1380320 1907.3
1380330 1908.6
1380340 1909.9
1380350 1911.1
1380360 1911.1
1380370 1912.3
1380380 1913.2
1380390 1913.2
1380400 1912.8
1380410 1912.3
1380420 1912.3
1380430 1912.2
1380440 1912.4
1380450 1912.4
1380460 1913.0
1380470 1913.7
1380480 1913.7
1380490 1914.8
1380500 1914.7
1380510 1913.6
1380520 1913.6
1380530 1913.1
1380540 1914.2
1380550 1914.2
1380560 1914.7
1380570 1915.6
1380580 1915.6
1380590 1917.0
1380600 1918.9
1380610 1918.9
1380620 1922.5
1380630 1927.8
1380640 1927.8
1380650 1933.3
1380660 1939.8
1380670 1948.4
1380680 1948.4
1380690 1955.8
1380700 1961.3
1380710 1961.3
1380720 1966.6
1380730 1971.5
1380740 1971.5
1380750 1976.8
1380760 1982.8
1380770 1982.8
1380780 1987.6
1380790 1992.5
1380800 1992.5
1380810 1997.2
1380820 2001.2
1380830 2005.5
1380840 2005.5
1380850 2010.1
1380860 2015.1
1380870 2015.1
1380880 2019.9
1380890 2023.9
1380900 2023.9
1380910 2027.7
1380920 2031.9
1380930 2031.9
1380940 2036.0
1380950 2039.8
1380960 2039.8
1380970 2044.5
1380980 2050.2
1380990 2050.2
1381000 2056.0
1381010 2062.0
1381020 2068.3
1381030 2068.3
1381040 2074.4
1381050 2079.3
1381060 2079.3
1381070 2083.9
1381080 2086.7
1381090 2086.7
1381100 2087.0
1381110 2087.6
1381120 2087.6
1381130 2087.9
1381140 2086.9
1381150 2086.9
1381160 2085.2
1381170 2082.7
1381180 2080.2
1381190 2080.2
1381200 2078.0
1381210 2075.9
1381220 2075.9
1381230 2073.4
1381240 2070.9
1381250 2070.9
1381260 2068.9
1381270 2067.5
1381280 2067.5
1381290 2065.8
1381300 2063.6
1381310 2063.6
1381320 2061.3
1381330 2066.8
1381340 2065.1
1381350 2065.1
1381360 2063.2
1381370 2061.2
1381380 2061.2
1381390 2059.9
1381400 2058.9
1381410 2058.9
1381420 2056.2
1381430 2052.0
1381440 2052.0
1381450 2046.1
1381460 2039.6
1381470 2039.6
1381480 2033.8
1381490 2029.9
1381500 2026.3
1381510 2026.3
1381520 2022.4
1381530 2018.4
1381540 2018.4
1381550 2014.0
1381560 2008.5
1381570 2008.5
1381580 2002.6
1381590 1998.1
1381600 1998.1
1381610 1993.3
1381620 1989.0
1381630 1989.0
1381640 1984.5
1381650 1979.1
1381660 1979.1
1381670 1974.9
1381680 1971.3
1381690 1967.3
1381700 1967.3
1381710 1962.7
1381720 1957.3
1381730 1957.3
1381740 1951.8
1381750 1946.6
1381760 1946.6
1381770 1941.1
1381780 1936.0
1381790 1936.0
1381800 1931.4
1381810 1926.4
1381820 1926.4
1381830 1921.4
1381840 1917.8
1381850 1914.7
1381860 1914.7
1381870 1911.0
1381880 1907.5
1381890 1907.5
1381900 1902.8
1381910 1898.1
1381920 1898.1
1381930 1893.1
1381940 1886.5
1381950 1886.5
1381960 1876.7
1381970 1869.6
1381980 1869.6
1381990 1861.2
1382000 1853.4
1382010 1846.8
1382020 1846.8
1382030 1840.6
1382040 1835.6
1382050 1835.6
1382060 1830.7
1382070 1825.1
1382080 1825.1
1382090 1819.2
1382100 1812.2
1382110 1812.2
1382120 1805.9
1382130 1798.6
1382140 1798.6
1382150 1791.6
1382160 1785.5
1382170 1785.5
1382180 1779.0
1382190 1772.5
1382200 1766.3
1382210 1766.3
1382220 1760.2
1382230 1755.6
1382240 1755.6
1382250 1750.2
1382260 1745.5
1382270 1745.5
1382280 1741.2
1382290 1737.2
1382300 1737.2
1382310 1733.7
1382320 1729.9
1382330 1729.9
1382340 1726.4
1382350 1723.2
1382360 1720.3
1382370 1720.3
1382380 1717.9
1382390 1715.9
1382400 1715.9
1382410 1714.0
1382420 1712.0
1382430 1712.0
1382440 1709.2
1382450 1707.0
1382460 1707.0
1382470 1704.8
1382480 1702.3
1382490 1702.3
1382500 1699.4
1382510 1696.3
1382520 1693.2
1382530 1693.2
1382540 1689.6
1382550 1685.5
1382560 1688.0
1382570 1683.9
1382580 1682.1
1382590 1682.1
1382600 1680.7
1382610 1678.0
1382620 1678.0
1382630 1674.0
1382640 1668.9
1382650 1668.9
1382660 1664.2
1382670 1659.4
1382680 1654.7
1382690 1654.7
1382700 1650.1
1382710 1646.4
1382720 1646.4
1382730 1643.3
1382740 1640.3
1382750 1640.3
1382760 1637.0
1382770 1633.2
1382780 1633.2
1382790 1629.3
1382800 1625.6
1382810 1625.6
1382820 1622.2
1382830 1618.8
1382840 1618.8
1382850 1615.6
1382860 1612.4
1382870 1608.7
1382880 1608.7
1382890 1605.3
1382900 1602.1
1382910 1602.1
1382920 1598.9
1382930 1596.0
1382940 1596.0
1382950 1592.8
1382960 1589.8
1382970 1589.8
1382980 1587.0
1382990 1584.3
1383000 1584.3
1383010 1582.7
1383020 1581.2
1383030 1578.4
1383040 1578.4
1383050 1576.7
1383060 1575.3
1383070 1575.3
1383080 1574.0
1383090 1574.4
1383100 1574.4
1383110 1574.6
1383120 1576.2
1383130 1576.2
1383140 1578.7
1383150 1578.9
1383160 1578.9
1383170 1579.7
1383180 1581.2
1383190 1582.6
1383200 1582.6
1383210 1585.5
1383220 1588.3
1383230 1588.3
1383240 1591.0
1383250 1593.4
1383260 1593.4
1383270 1596.3
1383280 1598.6
1383290 1598.6
1383300 1601.1
1383310 1603.8
1383320 1603.8
1383330 1606.9
1383340 1610.5
1383350 1615.0
1383360 1615.0
1383370 1620.0
1383380 1625.2
1383390 1625.2
1383400 1630.4
1383410 1635.6
1383420 1635.6
1383430 1641.0
1383440 1646.2
1383450 1646.2
1383460 1651.2
1383470 1655.9
1383480 1655.9
1383490 1660.6
1383500 1666.0
1383510 1666.0
1383520 1673.4
1383530 1682.3
1383540 1692.0
1383550 1692.0
1383560 1703.2
1383570 1713.1
1383580 1713.1
1383590 1722.4
1383600 1730.6
1383610 1730.6
1383620 1738.6
1383630 1746.6
1383640 1746.6
1383650 1754.0
1383660 1758.2
1383670 1758.2
1383680 1761.0
1383690 1766.6
1383700 1772.2
1383710 1772.2
1383720 1777.1
1383730 1785.4
1383740 1785.4
1383750 1790.9
1383760 1796.9
1383770 1796.9
1383780 1803.3
1383790 1809.3
1383800 1809.3
1383810 1821.3
1383820 1825.9
1383830 1825.9
1383840 1833.2
1383850 1841.0
1383860 1848.5
1383870 1848.5
1383880 1855.9
1383890 1863.4
1383900 1863.4
1383910 1870.7
1383920 1877.8
1383930 1877.8
1383940 1884.6
1383950 1891.4
1383960 1891.4
1383970 1898.1
1383980 1904.9
1383990 1904.9
1384000 1911.5
1384010 1918.1
1384020 1924.7
1384030 1924.7
1384040 1931.4
1384050 1938.3
1384060 1938.3
1384070 1945.5
1384080 1950.7
1384090 1950.7
1384100 1951.0
1384110 1949.3
1384120 1949.3
1384130 1949.5
1384140 1947.2
1384150 1947.2
1384160 1941.0
1384170 1934.2
1384180 1934.2
1384190 1927.1
1384200 1919.9
1384210 1912.5
1384220 1912.5
1384230 1905.0
1384240 1896.7
1384250 1896.7
1384260 1888.0
1384270 1881.9
1384280 1881.9
1384290 1874.9
1384300 1868.8
1384310 1868.8
1384320 1863.3
1384330 1857.9
1384340 1857.9
1384350 1853.3
1384360 1850.3
1384370 1848.5
1384380 1848.5
1384390 1849.0
1384400 1847.8
1384410 1847.8
1384420 1845.6
1384430 1844.1
1384440 1844.1
1384450 1842.3
1384460 1839.1
1384470 1839.1
1384480 1834.5
1384490 1829.7
1384500 1829.7
1384510 1823.5
1384520 1817.8
1384530 1815.9
1384540 1815.9
1384550 1816.0
1384560 1818.8
1384570 1818.8
1384580 1821.2
1384590 1821.5
1384600 1821.5
1384610 1819.9
1384620 1817.3
1384630 1817.3
1384640 1816.2
1384650 1816.9
1384660 1816.9
1384670 1817.2
1384680 1816.9
1384690 1815.7
1384700 1815.7
1384710 1812.6
1384720 1813.1
1384730 1813.1
1384740 1812.3
1384750 1811.7
1384760 1811.7
1384770 1817.4
1384780 1823.9
1384790 1823.9
1384800 1828.7
1384810 1834.0
1384820 1834.0
1384830 1839.3
1384840 1844.6
1384850 1844.6
1384860 1850.2
1384870 1857.2
1384880 1866.6
1384890 1866.6
1384900 1873.5
1384910 1876.7
1384920 1876.7
1384930 1879.8
1384940 1885.2
1384950 1885.2
1384960 1892.4
1384970 1898.3
1384980 1898.3
1384990 1899.6
1385000 1900.1
1385010 1900.1
1385020 1903.2
1385030 1908.3
1385040 1912.5
1385050 1912.5
1385060 1915.6
1385070 1925.7
1385080 1925.7
1385090 1927.7
1385100 1930.5
1385110 1930.5
1385120 1933.8
1385130 1936.9
1385140 1936.9
1385150 1938.3
1385160 1936.5
1385170 1936.5
1385180 1932.8
1385190 1928.7
1385200 1924.5
1385210 1924.5
1385220 1920.5
1385230 1917.0
1385240 1917.0
1385250 1914.5
1385260 1913.4
1385270 1913.4
1385280 1912.9
1385290 1913.6
1385300 1913.6
1385310 1914.7
1385320 1915.9
1385330 1915.9
1385340 1916.8
1385350 1916.9
1385360 1915.6
1385370 1915.6
1385380 1914.3
1385390 1913.4
1385400 1913.4
1385410 1911.9
1385420 1910.8
1385430 1910.8
1385440 1909.4
1385450 1908.1
1385460 1908.1
1385470 1906.5
1385480 1905.2
1385490 1905.2
1385500 1904.5
1385510 1903.5
1385520 1903.5
1385530 1901.8
1385540 1899.6
1385550 1897.2
1385560 1897.2
1385570 1894.2
1385580 1890.8
1385590 1890.8
1385600 1887.4
1385610 1884.3
1385620 1884.3
1385630 1881.0
1385640 1877.4
1385650 1877.4
1385660 1873.9
1385670 1869.7
1385680 1869.7
1385690 1865.0
1385700 1859.4
1385710 1854.0
1385720 1854.0
1385730 1848.7
1385740 1843.2
1385750 1843.2
1385760 1837.4
1385770 1831.0
1385780 1831.0
1385790 1824.4
1385800 1817.8
1385810 1817.8
1385820 1811.2
1385830 1804.5
1385840 1804.5
1385850 1797.9
1385860 1790.6
1385870 1783.7
1385880 1783.7
1385890 1776.7
1385900 1769.7
1385910 1769.7
1385920 1762.8
1385930 1756.0
1385940 1756.0
1385950 1749.6
1385960 1743.3
1385970 1743.3
1385980 1736.6
1385990 1730.2
1386000 1730.2
1386010 1722.9
1386020 1715.9
1386030 1715.9
1386040 1709.3
1386050 1702.6
1386060 1695.8
1386070 1695.8
1386080 1689.3
1386090 1682.8
1386100 1682.8
1386110 1675.2
1386120 1667.7
1386130 1667.7
1386140 1660.0
1386150 1652.7
1386160 1652.7
1386170 1645.9
1386180 1638.8
1386190 1638.8
1386200 1631.3
1386210 1623.6
1386220 1615.3
1386230 1615.3
1386240 1607.1
1386250 1598.6
1386260 1598.6
1386270 1590.4
1386280 1581.8
1386290 1581.8
1386300 1573.5
1386310 1565.2
1386320 1565.2
1386330 1556.5
1386340 1549.8
1386350 1549.8
1386360 1542.8
1386370 1537.4
1386380 1531.7
1386390 1531.7
1386400 1526.7
1386410 1524.0
1386420 1524.0
1386430 1520.7
1386440 1516.9
1386450 1516.9
1386460 1512.9
1386470 1508.5
1386480 1508.5
1386490 1503.9
1386500 1499.3
1386510 1499.3
1386520 1494.7
1386530 1490.4
1386540 1486.1
1386550 1486.1
1386560 1482.1
1386570 1478.3
1386580 1478.3
1386590 1474.4
1386600 1470.9
1386610 1470.9
1386620 1467.7
1386630 1464.7
1386640 1464.7
1386650 1461.8
1386660 1458.2
1386670 1458.2
1386680 1452.9
1386690 1448.0
1386700 1448.0
1386710 1442.9
1386720 1440.3
1386730 1439.4
1386740 1439.4
1386750 1438.8
1386760 1438.3
1386770 1438.3
1386780 1438.0
1386790 1437.7
1386800 1437.7
1386810 1437.5
1386820 1437.1
1386830 1437.1
1386840 1436.9
1386850 1436.2
1386860 1436.2
1386870 1435.0
1386880 1433.5
1386890 1434.6
1386900 1434.6
1386910 1434.7
1386920 1434.3
1386930 1434.3
1386940 1434.1
1386950 1433.9
1386960 1433.9
1386970 1433.4
1386980 1432.9
1386990 1432.9
1387000 1433.6
1387010 1434.2
1387020 1434.2
1387030 1434.8
1387040 1434.8
1387050 1437.5
1387060 1437.5
1387070 1442.6
1387080 1448.1
1387090 1448.1
1387100 1453.9
1387110 1459.0
1387120 1459.0
1387130 1460.2
1387140 1460.9
1387150 1460.9
1387160 1462.6
1387170 1465.1
1387180 1465.1
1387190 1468.0
1387200 1471.3
1387210 1475.3
1387220 1475.3
1387230 1480.0
1387240 1485.0
1387250 1485.0
1387260 1490.2
1387270 1495.6
1387280 1495.6
1387290 1500.8
1387300 1505.9
1387310 1505.9
1387320 1510.7
1387330 1515.7
1387340 1515.7
1387350 1520.5
1387360 1525.1
1387370 1525.1
1387380 1529.6
1387390 1535.1
1387400 1541.1
1387410 1541.1
1387420 1547.4
1387430 1553.2
1387440 1553.2
1387450 1558.7
1387460 1565.0
1387470 1565.0
1387480 1571.6
1387490 1578.3
1387500 1578.3
1387510 1584.5
1387520 1590.7
1387530 1590.7
1387540 1596.6
1387550 1602.5
1387560 1608.5
1387570 1608.5
1387580 1614.0
1387590 1619.5
1387600 1619.5
1387610 1624.2
1387620 1627.2
1387630 1634.3
1387640 1637.0
1387650 1639.2
1387660 1639.2
1387670 1640.7
1387680 1641.6
1387690 1641.6
1387700 1642.2
1387710 1642.7
1387720 1643.0
1387730 1643.0
1387740 1643.6
1387750 1644.5
1387760 1644.5
1387770 1645.2
1387780 1645.5
1387790 1645.5
1387800 1644.9
1387810 1644.1
1387820 1644.1
1387830 1645.6
1387840 1646.5
1387850 1646.5
1387860 1646.3
1387870 1645.6
1387880 1645.2
1387890 1645.2
1387900 1644.8
1387910 1644.9
1387920 1644.9
1387930 1645.2
1387940 1645.2
1387950 1645.2
1387960 1644.7
1387970 1643.8
1387980 1643.8
1387990 1641.8
1388000 1640.2
1388010 1640.2
1388020 1637.6
1388030 1635.7
1388040 1635.7
1388050 1639.2
1388060 1642.0
1388070 1643.4
1388080 1643.4
1388090 1644.7
1388100 1646.5
1388110 1646.5
1388120 1648.3
1388130 1649.7
1388140 1649.7
1388150 1651.8
1388160 1654.2
1388170 1654.2
1388180 1656.8
1388190 1659.2
1388200 1659.2
1388210 1661.5
1388220 1663.3
1388230 1664.8
1388240 1664.8
1388250 1666.2
1388260 1667.5
1388270 1667.5
1388280 1669.2
1388290 1672.1
1388300 1672.1
1388310 1675.1
1388320 1677.8
1388330 1677.8
1388340 1680.3
1388350 1682.8
1388360 1682.8
1388370 1685.2
1388380 1687.1
1388390 1688.6
1388400 1688.6
1388410 1690.2
1388420 1691.6
1388430 1691.6
1388440 1692.8
1388450 1694.5
1388460 1694.5
1388470 1696.9
1388480 1699.8
1388490 1699.8
1388500 1703.0
1388510 1706.4
1388520 1706.4
1388530 1709.9
1388540 1713.6
1388550 1717.0
1388560 1717.0
1388570 1720.4
1388580 1723.4
1388590 1723.4
1388600 1725.8
1388610 1727.3
1388620 1727.3
1388630 1727.9
1388640 1727.7
1388650 1727.7
1388660 1726.8
1388670 1725.5
1388680 1725.5
1388690 1724.2
1388700 1722.5
1388710 1722.5
1388720 1719.7
1388730 1716.9
1388740 1713.7
1388750 1713.7
1388760 1708.0
1388770 1700.9
1388780 1700.9
1388790 1693.4
1388800 1685.9
1388810 1685.9
1388820 1678.5
1388830 1671.4
1388840 1671.4
1388850 1664.4
1388860 1658.1
1388870 1658.1
1388880 1651.4
1388890 1644.2
1388900 1636.0
1388910 1636.0
1388920 1628.3
1388930 1620.8
1388940 1619.5
1388950 1612.2
1388960 1604.7
1388970 1604.7
1388980 1595.5
1388990 1586.4
1389000 1586.4
1389010 1578.6
1389020 1571.2
1389030 1571.2
1389040 1564.1
1389050 1557.4
1389060 1550.3
1389070 1550.3
1389080 1543.1
1389090 1536.0
1389100 1536.0
1389110 1529.3
1389120 1523.0
1389130 1523.0
1389140 1517.0
1389150 1511.0
1389160 1511.0
1389170 1505.3
1389180 1499.5
1389190 1499.5
1389200 1494.1
1389210 1489.0
1389220 1484.3
1389230 1484.3
1389240 1479.9
1389250 1475.7
1389260 1475.7
1389270 1472.5
1389280 1470.5
1389290 1470.5
1389300 1469.6
1389310 1467.5
1389320 1467.5
1389330 1464.3
1389340 1461.3
1389350 1461.3
1389360 1456.4
1389370 1449.9
1389380 1449.9
1389390 1443.7
1389400 1438.5
1389410 1434.1
1389420 1434.1
1389430 1431.3
1389440 1429.1
1389450 1429.1
1389460 1427.1
1389470 1425.9
1389480 1425.9
1389490 1424.1
1389500 1422.2
1389510 1422.2
1389520 1420.0
1389530 1418.7
1389540 1418.7
1389550 1417.7
1389560 1416.9
1389570 1415.9
1389580 1415.9
1389590 1414.3
1389600 1412.7
1389610 1412.7
1389620 1411.5
1389630 1411.2
1389640 1411.2
1389650 1411.5
1389660 1411.7
1389670 1411.7
1389680 1411.6
1389690 1410.1
1389700 1410.1
1389710 1407.0
1389720 1403.2
1389730 1403.6
1389740 1403.6
1389750 1407.4
1389760 1409.1
1389770 1409.1
1389780 1409.2
1389790 1409.1
1389800 1409.1
1389810 1408.8
1389820 1408.4
1389830 1408.4
1389840 1408.6
1389850 1410.3
1389860 1410.3
1389870 1411.2
1389880 1410.8
1389890 1410.1
1389900 1410.1
1389910 1410.4
1389920 1411.2
1389930 1411.2
1389940 1410.8
1389950 1411.2
1389960 1411.2
1389970 1412.8
1389980 1413.9
1389990 1413.9
1390000 1414.6
1390010 1415.4
1390020 1415.4
1390030 1417.2
1390040 1419.1
1390050 1419.1
1390060 1419.6
1390070 1418.5
1390080 1415.4
1390090 1415.4
1390100 1415.4
1390110 1418.0
1390120 1418.0
1390130 1419.4
1390140 1420.1
1390150 1420.1
1390160 1420.9
1390170 1421.5
1390180 1421.5
1390190 1422.0
1390200 1421.9
1390210 1421.9
1390220 1421.4
1390230 1420.5
1390240 1419.9
1390250 1419.9
1390260 1419.5
1390270 1422.2
1390280 1422.2
1390290 1420.8
1390300 1419.5
1390310 1419.5
1390320 1419.1
1390330 1419.1
1390340 1419.1
1390350 1418.4
1390360 1417.3
1390370 1417.3
1390380 1416.2
1390390 1415.0
1390400 1413.8
1390410 1413.8
1390420 1412.5
1390430 1410.9
1390440 1410.9
1390450 1409.4
1390460 1408.0
1390470 1408.0
1390480 1407.9
1390490 1408.3
1390500 1408.3
1390510 1408.0
1390520 1407.3
1390530 1407.3
1390540 1405.8
1390550 1404.4
1390560 1402.7
1390570 1402.7
1390580 1400.5
1390590 1398.1
1390600 1398.1
1390610 1395.4
1390620 1392.7
1390630 1392.7
1390640 1392.1
1390650 1391.3
1390660 1391.3
1390670 1390.3
1390680 1390.3
1390690 1390.3
1390700 1390.4
1390710 1389.9
1390720 1389.9
1390730 1389.4
1390740 1388.9
1390750 1387.7
1390760 1387.7
1390770 1386.0
1390780 1384.3
1390790 1384.3
1390800 1382.4
1390810 1380.6
1390820 1380.6
1390830 1379.0
1390840 1377.8
1390850 1377.8
1390860 1376.8
1390870 1376.0
1390880 1376.0
1390890 1375.1
1390900 1374.1
1390910 1373.0
1390920 1373.0
1390930 1371.9
1390940 1371.1
1390950 1371.1
1390960 1370.6
1390970 1369.9
1390980 1369.9
1390990 1369.6
1391000 1370.0
1391010 1370.0
1391020 1370.7
1391030 1370.0
1391040 1370.0
1391050 1368.5
1391060 1367.3
1391070 1366.0
1391080 1366.0
1391090 1365.2
1391100 1365.1
1391110 1365.1
1391120 1365.7
1391130 1366.1
1391140 1366.1
1391150 1365.8
1391160 1365.1
1391170 1365.1
1391180 1364.1
1391190 1364.0
1391200 1364.0
1391210 1363.1
1391220 1361.8
1391230 1361.3
1391240 1361.3
1391250 1361.3
1391260 1361.5
1391270 1361.5
1391280 1361.2
1391290 1361.0
1391300 1361.0
1391310 1361.0
1391320 1361.5
1391330 1361.5
1391340 1362.0
1391350 1362.5
1391360 1362.5
1391370 1362.3
1391380 1361.5
1391390 1361.5
1391400 1361.0
1391410 1360.8
1391420 1360.7
1391430 1360.7
1391440 1360.1
1391450 1358.7
1391460 1358.7
1391470 1358.2
1391480 1358.3
1391490 1358.3
1391500 1357.8
1391510 1355.6
1391520 1355.6
1391530 1353.7
1391540 1352.9
1391550 1352.9
1391560 1354.9
1391570 1357.8
1391580 1360.0
1391590 1360.0
1391600 1360.0
1391610 1361.7
1391620 1361.7
1391630 1359.9
1391640 1357.9
1391650 1357.9
1391660 1357.5
1391670 1357.8
1391680 1357.8
1391690 1357.2
1391700 1355.6
1391710 1355.6
1391720 1355.3
1391730 1356.1
1391740 1357.5
1391750 1357.5
1391760 1359.8
1391770 1362.6
1391780 1362.6
1391790 1365.2
1391800 1367.4
1391810 1367.4
1391820 1369.9
1391830 1372.3
1391840 1372.3
1391850 1374.6
1391860 1376.6
1391870 1376.6
1391880 1378.3
1391890 1379.8
1391900 1380.8
1391910 1380.8
1391920 1381.5
1391930 1382.5
1391940 1382.5
1391950 1384.5
1391960 1387.4
1391970 1387.4
1391980 1389.8
1391990 1390.7
1392000 1390.7
1392010 1390.4
1392020 1389.5
1392030 1389.5
1392040 1388.5
1392050 1387.9
1392060 1387.9
1392070 1387.4
1392080 1387.3
1392090 1387.4
1392100 1387.4
1392110 1387.5
1392120 1387.6
1392130 1387.6
1392140 1387.8
1392150 1387.7
1392160 1387.7
1392170 1387.6
1392180 1387.5
1392190 1387.5
1392200 1387.5
1392210 1387.6
1392220 1387.6
1392230 1387.7
1392240 1388.0
1392250 1388.3
1392260 1388.3
1392270 1388.7
1392280 1389.0
1392290 1389.0
1392300 1389.2
1392310 1389.7
1392320 1389.7
1392330 1390.2
1392340 1390.3
1392350 1390.3
1392360 1391.1
1392370 1392.5
1392380 1392.5
1392390 1393.6
1392400 1394.9
1392410 1396.8
1392420 1396.8
1392430 1400.2
1392440 1402.3
1392450 1402.3
1392460 1403.3
1392470 1404.5
1392480 1404.5
1392490 1405.6
1392500 1406.7
1392510 1406.7
1392520 1407.6
1392530 1408.4
1392540 1408.4
1392550 1409.1
1392560 1409.8
1392570 1410.8
1392580 1410.8
1392590 1411.7
1392600 1412.0
1392610 1412.0
1392620 1412.4
1392630 1413.3
1392640 1413.3
1392650 1414.9
1392660 1416.4
1392670 1416.4
1392680 1418.2
1392690 1419.5
1392700 1419.5
1392710 1420.6
1392720 1421.9
1392730 1421.9
1392740 1423.0
1392750 1424.4
1392760 1426.6
1392770 1426.6
1392780 1429.4
1392790 1432.3
1392800 1432.3
1392810 1434.5
1392820 1436.3
1392830 1436.3
1392840 1437.9
1392850 1439.4
1392860 1439.4
1392870 1440.9
1392880 1442.3
1392890 1442.3
1392900 1443.9
1392910 1445.5
1392920 1447.2
1392930 1447.2
1392940 1448.5
1392950 1450.3
1392960 1450.3
1392970 1448.6
1392980 1450.1
1392990 1450.1
1393000 1451.7
1393010 1453.4
1393020 1453.4
1393030 1454.8
1393040 1456.0
1393050 1456.0
1393060 1457.4
1393070 1458.9
1393080 1462.4
1393090 1462.4
1393100 1465.8
1393110 1467.0
1393120 1467.0
1393130 1467.2
1393140 1467.6
1393150 1467.6
1393160 1467.4
1393170 1468.1
1393180 1468.1
1393190 1469.4
1393200 1469.7
1393210 1469.7
1393220 1469.9
1393230 1470.6
1393240 1470.6
1393250 1470.9
1393260 1471.4
1393270 1471.8
1393280 1471.8
1393290 1471.9
1393300 1472.1
1393310 1472.1
1393320 1472.7
1393330 1473.7
1393340 1473.7
1393350 1474.8
1393360 1475.6
1393370 1475.6
1393380 1476.8
1393390 1478.4
1393400 1478.4
1393410 1480.3
1393420 1481.8
1393430 1482.9
1393440 1482.9
1393450 1483.8
1393460 1484.8
1393470 1484.8
1393480 1485.8
1393490 1486.8
1393500 1486.8
1393510 1488.0
1393520 1489.3
1393530 1489.3
1393540 1490.7
1393550 1492.5
1393560 1492.5
1393570 1498.0
1393580 1503.7
1393590 1507.9
1393600 1507.9
1393610 1511.9
1393620 1515.5
1393630 1515.5
1393640 1518.3
1393650 1520.2
1393660 1520.2
1393670 1521.5
1393680 1522.6
1393690 1522.6
1393700 1523.9
1393710 1525.7
1393720 1525.7
1393730 1527.9
1393740 1530.3
1393750 1533.0
1393760 1533.0
1393770 1535.1
1393780 1536.7
1393790 1536.7
1393800 1537.9
1393810 1539.3
1393820 1539.3
1393830 1540.6
1393840 1541.4
1393850 1541.4
1393860 1541.8
1393870 1542.8
1393880 1542.8
1393890 1545.9
1393900 1548.6
1393910 1548.6
1393920 1550.8
1393930 1552.1
1393940 1553.4
1393950 1553.4
1393960 1558.1
1393970 1563.8
1393980 1563.8
1393990 1567.1
1394000 1569.0
1394010 1569.0
1394020 1570.3
1394030 1571.4
1394040 1571.4
1394050 1572.1
1394060 1573.1
1394070 1573.1
1394080 1577.2
1394090 1582.2
1394100 1584.7
1394110 1584.7
1394120 1586.3
1394130 1588.0
1394140 1588.0
1394150 1590.8
1394160 1593.8
1394170 1593.8
1394180 1594.1
1394190 1591.1
1394200 1591.1
1394210 1595.6
1394220 1602.6
1394230 1602.6
1394240 1604.0
1394250 1603.5
1394260 1604.4
1394270 1604.4
1394280 1610.2
1394290 1617.3
1394300 1617.3
1394310 1621.7
1394320 1621.9
1394330 1621.9
1394340 1620.0
1394350 1618.4
1394360 1611.4
1394370 1610.4
1394380 1609.8
1394390 1609.8
1394400 1609.9
1394410 1607.6
1394420 1606.6
1394430 1606.6
1394440 1611.7
1394450 1619.8
1394460 1619.8
1394470 1628.5
1394480 1635.7
1394490 1635.7
1394500 1640.5
1394510 1644.2
1394520 1644.2
1394530 1646.9
1394540 1649.3
1394550 1649.3
1394560 1651.3
1394570 1653.2
1394580 1653.2
1394590 1654.5
1394600 1656.1
1394610 1657.8
1394620 1657.8
1394630 1659.5
1394640 1661.0
1394650 1661.0
1394660 1662.0
1394670 1663.0
1394680 1663.0
1394690 1664.1
1394700 1665.5
1394710 1665.5
1394720 1667.1
1394730 1668.7
1394740 1668.7
1394750 1671.1
1394760 1674.6
1394770 1677.9
1394780 1677.9
1394790 1681.6
1394800 1684.0
1394810 1684.0
1394820 1686.8
1394830 1689.4
1394840 1689.4
1394850 1690.6
1394860 1691.6
1394870 1691.6
1394880 1692.3
1394890 1692.9
1394900 1692.9
1394910 1692.9
1394920 1692.3
1394930 1692.0
1394940 1692.0
1394950 1692.0
1394960 1692.8
1394970 1692.8
1394980 1693.6
1394990 1694.6
1395000 1694.6
1395010 1697.0
1395020 1700.3
1395030 1700.3
1395040 1703.8
1395050 1706.6
1395060 1706.6
1395070 1708.0
1395080 1709.4
1395090 1712.0
1395100 1712.0
1395110 1716.2
1395120 1721.9
1395130 1721.9
1395140 1727.6
1395150 1733.0
1395160 1733.0
1395170 1737.4
1395180 1740.1
1395190 1740.1
1395200 1741.8
1395210 1742.9
1395220 1742.9
1395230 1743.6
1395240 1744.5
1395250 1744.5
1395260 1745.0
1395270 1745.5
1395280 1746.8
1395290 1746.8
1395300 1748.1
1395310 1749.4
1395320 1749.4
1395330 1750.5
1395340 1752.0
1395350 1752.0
1395360 1753.6
1395370 1754.4
1395380 1754.4
1395390 1754.2
1395400 1753.1
1395410 1753.1
1395420 1755.7
1395430 1758.0
1395440 1755.4
1395450 1755.4
1395460 1750.0
1395470 1748.0
1395480 1748.0
1395490 1752.4
1395500 1756.8
1395510 1756.8
1395520 1758.7
1395530 1758.4
1395540 1758.4
1395550 1757.5
1395560 1756.4
1395570 1756.4
1395580 1754.8
1395590 1756.9
1395600 1761.2
1395610 1761.2
1395620 1762.7
1395630 1763.4
1395640 1763.4
1395650 1764.9
1395660 1765.0
1395670 1765.0
1395680 1765.5
1395690 1766.0
1395700 1766.0
1395710 1766.3
1395720 1769.2
1395730 1769.2
1395740 1769.6
1395750 1771.5
1395760 1773.1
1395770 1768.4
1395780 1769.0
1395790 1769.7
1395800 1769.7
1395810 1770.7
1395820 1771.4
1395830 1771.4
1395840 1771.9
1395850 1770.9
1395860 1770.9
1395870 1769.1
1395880 1771.1
1395890 1771.1
1395900 1772.6
1395910 1773.2
1395920 1773.2
1395930 1773.7
1395940 1774.4
1395950 1775.5
1395960 1775.5
1395970 1776.0
1395980 1776.6
1395990 1776.6
1396000 1776.7
1396010 1776.7
1396020 1776.7
1396030 1776.9
1396040 1777.5
1396050 1777.5
1396060 1778.2
1396070 1778.1
1396080 1778.1
1396090 1774.6
1396100 1772.5
1396110 1777.1
1396120 1777.1
1396130 1782.4
1396140 1786.8
1396150 1786.8
1396160 1789.3
1396170 1791.0
1396180 1791.0
1396190 1792.2
1396200 1792.7
1396210 1792.7
1396220 1792.9
1396230 1792.7
1396240 1792.7
1396250 1793.3
1396260 1793.5
1396270 1793.4
1396280 1793.4
1396290 1794.1
1396300 1794.2
1396310 1794.2
1396320 1792.2
1396330 1789.1
1396340 1789.1
1396350 1788.9
1396360 1790.3
1396370 1790.3
1396380 1792.1
1396390 1793.3
1396400 1793.3
1396410 1793.5
1396420 1793.8
1396430 1794.7
1396440 1794.7
1396450 1794.4
1396460 1792.6
1396470 1792.6
1396480 1789.7
1396490 1786.7
1396500 1786.7
1396510 1784.5
1396520 1782.7
1396530 1782.7
1396540 1781.3
1396550 1779.9
1396560 1779.9
1396570 1779.2
1396580 1778.6
1396590 1778.6
1396600 1777.8
1396610 1777.1
1396620 1775.7
1396630 1775.7
1396640 1774.0
1396650 1772.3
1396660 1772.3
1396670 1770.9
1396680 1770.2
1396690 1770.2
1396700 1770.7
1396710 1772.3
1396720 1772.3
1396730 1776.1
1396740 1778.0
1396750 1778.0
1396760 1778.5
1396770 1779.5
1396780 1781.2
1396790 1781.2
1396800 1782.5
1396810 1782.3
1396820 1782.3
1396830 1781.3
1396840 1779.8
1396850 1779.8
1396860 1777.5
1396870 1773.5
1396880 1773.5
1396890 1771.4
1396900 1774.9
1396910 1774.9
1396920 1778.7
1396930 1780.2
1396940 1783.8
1396950 1783.8
1396960 1787.0
1396970 1791.5
1396980 1791.5
1396990 1794.2
1397000 1794.7
1397010 1794.7
1397020 1795.3
1397030 1796.5
1397040 1796.5
1397050 1798.2
1397060 1799.9
1397070 1799.9
1397080 1801.1
1397090 1802.3
1397100 1803.7
1397110 1803.7
1397120 1804.6
1397130 1805.1
1397140 1805.1
1397150 1805.7
1397160 1806.2
1397170 1806.2
1397180 1806.2
1397190 1805.5
1397200 1803.3
1397210 1803.1
1397220 1802.8
1397230 1802.8
1397240 1802.8
1397250 1804.3
1397260 1804.3
1397270 1808.0
1397280 1812.4
1397290 1816.7
1397300 1816.7
1397310 1820.6
1397320 1823.7
1397330 1823.7
1397340 1826.3
1397350 1828.3
1397360 1828.3
1397370 1830.1
1397380 1831.7
1397390 1831.7
1397400 1833.0
1397410 1835.4
1397420 1835.4
1397430 1836.2
1397440 1835.7
1397450 1834.9
1397460 1834.9
1397470 1834.3
1397480 1833.4
1397490 1833.4
1397500 1833.1
1397510 1833.1
1397520 1833.1
1397530 1833.0
1397540 1832.3
1397550 1832.3
1397560 1831.7
1397570 1830.9
1397580 1830.9
1397590 1829.9
1397600 1828.7
1397610 1826.9
1397620 1826.9
1397630 1823.9
1397640 1819.7
1397650 1819.7
1397660 1814.1
1397670 1808.5
1397680 1808.5
1397690 1802.4
1397700 1799.4
1397710 1799.4
1397720 1804.8
1397730 1810.2
1397740 1810.2
1397750 1815.8
1397760 1821.4
1397770 1827.2
1397780 1827.2
1397790 1832.3
1397800 1838.2
1397810 1838.2
1397820 1843.5
1397830 1848.5
1397840 1848.5
1397850 1852.9
1397860 1856.5
1397870 1856.5
1397880 1859.3
1397890 1861.0
1397900 1861.0
1397910 1861.3
1397920 1860.8
1397930 1860.8
1397940 1860.0
1397950 1860.2
1397960 1860.3
1397970 1860.3
1397980 1859.0
1397990 1858.3
1398000 1858.3
1398010 1859.3
1398020 1858.6
1398030 1858.6
1398040 1859.1
1398050 1860.4
1398060 1860.4
1398070 1861.5
1398080 1862.6
1398090 1862.6
1398100 1863.4
1398110 1864.6
1398120 1864.6
1398130 1864.6
1398140 1863.3
1398150 1863.9
1398160 1863.9
1398170 1863.0
1398180 1863.7
1398190 1863.7
1398200 1864.1
1398210 1864.5
1398220 1864.5
1398230 1865.3
1398240 1866.2
1398250 1866.2
1398260 1867.5
1398270 1868.8
1398280 1870.4
1398290 1870.4
1398300 1872.1
1398310 1873.5
1398320 1873.5
1398330 1874.6
1398340 1875.8
1398350 1875.8
1398360 1876.9
1398370 1877.7
1398380 1877.7
1398390 1878.5
1398400 1879.1
1398410 1879.1
1398420 1880.0
1398430 1881.0
1398440 1881.0
1398450 1883.2
1398460 1884.4
1398470 1884.3
1398480 1884.3
1398490 1885.6
1398500 1886.9
1398510 1886.9
1398520 1887.3
1398530 1888.1
1398540 1888.1
1398550 1889.5
1398560 1890.7
1398570 1890.7
1398580 1891.9
1398590 1892.2
1398600 1892.2
1398610 1890.7
1398620 1893.6
1398630 1896.2
1398640 1896.2
1398650 1896.8
1398660 1888.9
1398670 1888.9
1398680 1890.6
1398690 1893.1
1398700 1893.1
1398710 1893.1
1398720 1893.5
1398730 1893.5
1398740 1893.7
1398750 1893.3
1398760 1893.3
1398770 1895.3
1398780 1896.2
1398790 1896.4
1398800 1896.4
1398810 1898.0
1398820 1898.8
1398830 1898.8
1398840 1899.4
1398850 1898.6
1398860 1898.6
1398870 1899.0
1398880 1899.6
1398890 1899.6
1398900 1898.6
1398910 1896.6
1398920 1896.6
1398930 1894.2
1398940 1892.0
1398950 1889.2
1398960 1889.2
1398970 1886.1
1398980 1882.7
1398990 1882.7
1399000 1879.5
1399010 1877.2
1399020 1877.2
1399030 1874.9
1399040 1872.0
1399050 1872.0
1399060 1868.3
1399070 1863.6
1399080 1863.6
1399090 1859.5
1399100 1857.1
1399110 1857.1
1399120 1854.2
1399130 1850.6
1399140 1846.8
1399150 1846.8
1399160 1843.5
1399170 1839.6
1399180 1839.6
1399190 1834.8
1399200 1829.8
1399210 1829.8
1399220 1824.1
1399230 1818.5
1399240 1818.5
1399250 1810.1
1399260 1801.3
1399270 1801.3
1399280 1805.9
1399290 1813.4
1399300 1820.0
1399310 1820.0
1399320 1824.4
1399330 1829.3
1399340 1829.3
1399350 1834.3
1399360 1838.5
1399370 1838.5
1399380 1842.6
1399390 1846.8
1399400 1846.8
1399410 1849.7
1399420 1852.5
1399430 1852.5
1399440 1856.6
1399450 1861.0
1399460 1865.0
1399470 1865.0
1399480 1869.2
1399490 1873.7
1399500 1873.7
1399510 1878.3
1399520 1882.6
1399530 1882.6
1399540 1884.9
1399550 1886.2
1399560 1886.2
1399570 1888.5
1399580 1890.6
1399590 1890.6
1399600 1892.7
1399610 1894.8
1399620 1896.8
1399630 1896.8
1399640 1899.3
1399650 1900.9
1399660 1900.9
1399670 1902.0
1399680 1903.0
1399690 1903.0
1399700 1903.5
1399710 1904.0
1399720 1904.0
1399730 1904.3
1399740 1904.8
1399750 1904.8
1399760 1905.0
1399770 1905.5
1399780 1905.5
1399790 1905.7
1399800 1905.7
1399810 1905.1
1399820 1905.1
1399830 1904.8
1399840 1904.2
1399850 1904.2
1399860 1903.4
1399870 1902.3
1399880 1902.3
1399890 1900.4
1399900 1897.9
1399910 1897.9
1399920 1895.1
1399930 1891.3
1399940 1891.3
1399950 1887.6
1399960 1884.5
1399970 1881.8
1399980 1881.8
1399990 1876.7
