1380000 1725.3
1380010 1726.1
1380020 1726.1
1380030 1727.7
1380040 1729.4
1380050 1729.4
1380060 1730.1
1380070 1731.6
1380080 1731.6
1380090 1735.3
1380100 1738.6
1380110 1738.6
1380120 1740.8
1380130 1742.8
1380140 1745.0
1380150 1745.0
1380160 1746.9
1380170 1749.1
1380180 1749.1
1380190 1752.0
1380200 1754.1
1380210 1754.1
1380220 1755.7
1380230 1757.0
1380240 1757.0
1380250 1756.8
1380260 1757.2
1380270 1757.2
1380280 1757.9
1380290 1760.3
1380300 1764.7
1380310 1764.7
1380320 1769.6
1380330 1772.7
1380340 1772.7
1380350 1775.9
1380360 1779.8
1380370 1779.8
1380380 1783.4
1380390 1786.9
1380400 1786.9
1380410 1791.8
1380420 1796.6
1380430 1796.6
1380440 1800.8
1380450 1805.1
1380460 1808.8
1380470 1808.8
1380480 1811.5
1380490 1814.3
1380500 1814.3
1380510 1817.6
1380520 1820.8
1380530 1820.8
1380540 1824.2
1380550 1827.8
1380560 1827.8
1380570 1831.7
1380580 1835.0
1380590 1835.0
1380600 1838.7
1380610 1842.2
1380620 1845.9
1380630 1845.9
1380640 1851.4
1380650 1857.4
1380660 1857.4
1380670 1863.2
1380680 1868.6
1380690 1868.6
1380700 1873.4
1380710 1877.7
1380720 1877.7
1380730 1880.9
1380740 1883.8
1380750 1883.8
1380760 1886.9
1380770 1889.9
1380780 1889.9
1380790 1892.7
1380800 1895.8
1380810 1899.9
1380820 1899.9
1380830 1904.7
1380840 1909.3
1380850 1909.3
1380860 1913.4
1380870 1917.1
1380880 1917.1
1380890 1919.9
1380900 1922.0
1380910 1922.0
1380920 1923.8
1380930 1925.0
1380940 1925.0
1380950 1926.0
1380960 1926.8
1380970 1927.6
1380980 1927.6
1380990 1928.0
1381000 1927.2
1381010 1927.2
1381020 1924.9
1381030 1922.3
1381040 1922.3
1381050 1919.4
1381060 1915.6
1381070 1915.6
1381080 1911.4
1381090 1907.9
1381100 1907.9
1381110 1904.6
1381120 1902.0
1381130 1898.4
1381140 1898.4
1381150 1894.0
1381160 1889.0
1381170 1889.0
1381180 1883.4
1381190 1877.7
1381200 1877.7
1381210 1877.0
1381220 1872.2
1381230 1872.2
1381240 1867.2
1381250 1862.6
1381260 1862.6
1381270 1858.2
1381280 1853.4
1381290 1848.9
1381300 1848.9
1381310 1845.3
1381320 1842.4
1381330 1842.4
1381340 1839.7
1381350 1836.0
1381360 1836.0
1381370 1832.0
1381380 1829.3
1381390 1829.3
1381400 1829.3
1381410 1829.7
1381420 1829.7
1381430 1829.2
1381440 1829.3
1381450 1829.3
1381460 1830.2
1381470 1831.3
1381480 1832.7
1381490 1832.7
1381500 1834.3
1381510 1835.7
1381520 1835.7
1381530 1838.0
1381540 1840.9
1381550 1840.9
1381560 1843.9
1381570 1846.9
1381580 1846.9
1381590 1849.2
1381600 1851.1
1381610 1851.1
1381620 1853.5
1381630 1856.0
1381640 1858.4
1381650 1858.4
1381660 1860.2
1381670 1861.4
1381680 1861.4
1381690 1862.5
1381700 1862.9
1381710 1862.9
1381720 1862.9
1381730 1863.5
1381740 1863.5
1381750 1864.2
1381760 1865.0
1381770 1865.0
1381780 1865.0
1381790 1864.2
1381800 1862.7
1381810 1862.7
1381820 1860.6
1381830 1858.0
1381840 1858.0
1381850 1855.0
1381860 1850.5
1381870 1850.5
1381880 1845.7
1381890 1840.9
1381900 1840.9
1381910 1836.2
1381920 1830.2
1381930 1830.2
1381940 1825.5
1381950 1821.6
1381960 1821.6
1381970 1818.4
1381980 1815.9
1381990 1812.9
1382000 1812.9
1382010 1809.0
1382020 1804.3
1382030 1804.3
1382040 1799.0
1382050 1794.2
1382060 1794.2
1382070 1790.9
1382080 1788.1
1382090 1788.1
1382100 1785.7
1382110 1782.6
1382120 1782.6
1382130 1777.6
1382140 1772.3
1382150 1767.4
1382160 1767.4
1382170 1761.6
1382180 1756.5
1382190 1756.5
1382200 1752.5
1382210 1749.6
1382220 1749.6
1382230 1746.2
1382240 1742.0
1382250 1742.0
1382260 1739.4
1382270 1737.0
1382280 1737.0
1382290 1735.1
1382300 1733.2
1382310 1731.3
1382320 1731.3
1382330 1729.0
1382340 1725.9
1382350 1725.9
1382360 1723.3
1382370 1720.7
1382380 1720.7
1382390 1717.8
1382400 1714.5
1382410 1714.5
1382420 1711.5
1382430 1708.4
1382440 1709.1
1382450 1706.0
1382460 1702.0
1382470 1696.7
1382480 1696.7
1382490 1690.7
1382500 1684.1
1382510 1684.1
1382520 1677.6
1382530 1670.9
1382540 1670.9
1382550 1663.3
1382560 1655.7
1382570 1655.7
1382580 1650.1
1382590 1645.4
1382600 1645.4
1382610 1641.1
1382620 1637.2
1382630 1637.2
1382640 1633.0
1382650 1629.0
1382660 1624.6
1382670 1624.6
1382680 1619.6
1382690 1614.3
1382700 1614.3
1382710 1608.3
1382720 1602.4
1382730 1602.4
1382740 1596.3
1382750 1589.9
1382760 1589.9
1382770 1583.5
1382780 1578.5
1382790 1578.5
1382800 1574.7
1382810 1570.3
1382820 1565.8
1382830 1565.8
1382840 1561.5
1382850 1557.1
1382860 1557.1
1382870 1553.6
1382880 1549.7
1382890 1549.7
1382900 1545.1
1382910 1542.6
1382920 1542.6
1382930 1539.7
1382940 1535.9
1382950 1535.9
1382960 1533.4
1382970 1532.3
1382980 1532.4
1382990 1532.4
1383000 1530.9
1383010 1527.9
1383020 1527.9
1383030 1524.5
1383040 1520.9
1383050 1520.9
1383060 1518.0
1383070 1515.7
1383080 1515.7
1383090 1514.5
1383100 1513.8
1383110 1513.8
1383120 1512.3
1383130 1511.8
1383140 1512.3
1383150 1512.3
1383160 1512.1
1383170 1511.9
1383180 1511.9
1383190 1511.6
1383200 1511.5
1383210 1511.5
1383220 1513.3
1383230 1515.1
1383240 1515.1
1383250 1515.6
1383260 1515.9
1383270 1515.9
1383280 1516.9
1383290 1519.1
1383300 1519.1
1383310 1521.4
1383320 1524.5
1383330 1527.7
1383340 1527.7
1383350 1531.0
1383360 1534.7
1383370 1534.7
1383380 1537.8
1383390 1540.8
1383400 1540.8
1383410 1545.4
1383420 1550.2
1383430 1550.2
1383440 1555.4
1383450 1560.8
1383460 1560.8
1383470 1566.2
1383480 1571.6
1383490 1576.9
1383500 1576.9
1383510 1582.2
1383520 1587.4
1383530 1587.4
1383540 1593.0
1383550 1598.9
1383560 1598.9
1383570 1604.3
1383580 1609.4
1383590 1609.4
1383600 1615.7
1383610 1620.3
1383620 1620.3
1383630 1626.6
1383640 1632.7
1383650 1638.5
1383660 1638.5
1383670 1645.2
1383680 1657.8
1383690 1657.8
1383700 1664.7
1383710 1671.5
1383720 1671.5
1383730 1677.6
1383740 1680.8
1383750 1680.8
1383760 1681.8
1383770 1684.7
1383780 1684.7
1383790 1691.7
1383800 1699.1
1383810 1699.1
1383820 1704.6
1383830 1710.3
1383840 1715.4
1383850 1715.4
1383860 1721.0
1383870 1727.2
1383880 1727.2
1383890 1734.6
1383900 1742.9
1383910 1742.9
1383920 1750.6
1383930 1758.1
1383940 1758.1
1383950 1765.8
1383960 1773.6
1383970 1773.6
1383980 1781.4
1383990 1789.2
1384000 1797.6
1384010 1797.6
1384020 1805.5
1384030 1813.5
1384040 1813.5
1384050 1821.4
1384060 1829.2
1384070 1829.2
1384080 1836.1
1384090 1840.6
1384100 1840.6
1384110 1842.0
1384120 1841.6
1384130 1841.6
1384140 1840.3
1384150 1837.7
1384160 1834.2
1384170 1834.2
1384180 1831.0
1384190 1827.4
1384200 1827.4
1384210 1823.6
1384220 1820.1
1384230 1820.1
1384240 1816.9
1384250 1813.3
1384260 1813.3
1384270 1809.7
1384280 1804.7
1384290 1804.7
1384300 1799.9
1384310 1796.7
1384320 1793.1
1384330 1793.1
1384340 1788.1
1384350 1785.7
1384360 1785.7
1384370 1784.4
1384380 1783.8
1384390 1783.8
1384400 1783.1
1384410 1782.5
1384420 1782.5
1384430 1781.8
1384440 1781.5
1384450 1781.5
1384460 1781.2
1384470 1779.8
1384480 1779.8
1384490 1776.2
1384500 1771.1
1384510 1765.4
1384520 1765.4
1384530 1760.5
1384540 1756.5
1384550 1756.5
1384560 1752.3
1384570 1748.7
1384580 1748.7
1384590 1745.5
1384600 1742.8
1384610 1742.8
1384620 1739.9
1384630 1736.4
1384640 1736.4
1384650 1732.9
1384660 1729.1
1384670 1725.1
1384680 1725.1
1384690 1720.7
1384700 1715.9
1384710 1715.9
1384720 1711.6
1384730 1707.9
1384740 1707.9
1384750 1704.6
1384760 1701.5
1384770 1701.5
1384780 1698.3
1384790 1695.0
1384800 1695.0
1384810 1691.6
1384820 1687.4
1384830 1681.2
1384840 1681.2
1384850 1676.1
1384860 1674.9
1384870 1674.9
1384880 1674.4
1384890 1675.4
1384900 1675.4
1384910 1676.9
1384920 1677.8
1384930 1677.8
1384940 1682.2
1384950 1682.6
1384960 1682.6
1384970 1683.6
1384980 1685.5
1384990 1687.5
1385000 1687.5
1385010 1688.0
1385020 1688.2
1385030 1688.2
1385040 1689.1
1385050 1689.9
1385060 1689.9
1385070 1691.1
1385080 1692.9
1385090 1692.9
1385100 1695.2
1385110 1697.4
1385120 1697.4
1385130 1699.6
1385140 1701.8
1385150 1701.8
1385160 1704.1
1385170 1706.1
1385180 1708.8
1385190 1708.8
1385200 1711.9
1385210 1715.0
1385220 1715.0
1385230 1717.9
1385240 1719.9
1385250 1719.9
1385260 1720.5
1385270 1720.1
1385280 1720.1
1385290 1719.2
1385300 1718.3
1385310 1718.3
1385320 1717.7
1385330 1716.5
1385340 1713.9
1385350 1713.9
1385360 1711.0
1385370 1710.9
1385380 1710.9
1385390 1710.5
1385400 1710.0
1385410 1710.0
1385420 1709.9
1385430 1711.0
1385440 1711.0
1385450 1713.2
1385460 1714.4
1385470 1714.4
1385480 1714.8
1385490 1714.8
1385500 1716.2
1385510 1716.2
1385520 1717.0
1385530 1717.6
1385540 1717.6
1385550 1718.8
1385560 1720.5
1385570 1720.5
1385580 1720.7
1385590 1721.0
1385600 1721.0
1385610 1721.9
1385620 1722.9
1385630 1722.9
1385640 1723.5
1385650 1724.0
1385660 1724.0
1385670 1724.7
1385680 1725.7
1385690 1726.9
1385700 1726.9
1385710 1728.1
1385720 1729.6
1385730 1729.6
1385740 1731.1
1385750 1732.8
1385760 1732.8
1385770 1734.2
1385780 1734.7
1385790 1734.7
1385800 1735.7
1385810 1737.8
1385820 1737.8
1385830 1739.8
1385840 1741.7
1385850 1743.6
1385860 1743.6
1385870 1746.2
1385880 1749.0
1385890 1749.0
1385900 1751.8
1385910 1754.6
1385920 1754.6
1385930 1757.3
1385940 1759.6
1385950 1759.6
1385960 1761.3
1385970 1762.6
1385980 1762.6
1385990 1763.1
1386000 1763.0
1386010 1762.1
1386020 1762.1
1386030 1760.4
1386040 1757.7
1386050 1757.7
1386060 1753.9
1386070 1748.8
1386080 1748.8
1386090 1743.2
1386100 1737.6
1386110 1737.6
1386120 1731.7
1386130 1725.4
1386140 1725.4
1386150 1719.1
1386160 1712.5
1386170 1705.8
1386180 1705.8
1386190 1698.6
1386200 1691.4
1386210 1691.4
1386220 1683.7
1386230 1676.6
1386240 1676.6
1386250 1669.5
1386260 1662.7
1386270 1662.7
1386280 1656.4
1386290 1650.2
1386300 1650.2
1386310 1643.9
1386320 1636.8
1386330 1636.8
1386340 1630.3
1386350 1624.1
1386360 1617.0
1386370 1617.0
1386380 1607.8
1386390 1599.2
1386400 1599.2
1386410 1591.7
1386420 1584.1
1386430 1584.1
1386440 1577.2
1386450 1571.7
1386460 1571.7
1386470 1566.8
1386480 1561.6
1386490 1561.6
1386500 1555.7
1386510 1549.5
1386520 1543.8
1386530 1543.8
1386540 1537.6
1386550 1531.3
1386560 1531.3
1386570 1526.3
1386580 1522.2
1386590 1522.2
1386600 1518.1
1386610 1513.7
1386620 1513.7
1386630 1509.3
1386640 1505.3
1386650 1505.3
1386660 1501.6
1386670 1498.9
1386680 1496.0
1386690 1496.0
1386700 1492.7
1386710 1488.9
1386720 1488.9
1386730 1485.3
1386740 1481.9
1386750 1481.9
1386760 1479.7
1386770 1476.9
1386780 1476.9
1386790 1473.8
1386800 1470.8
1386810 1470.8
1386820 1467.7
1386830 1464.0
1386840 1460.8
1386850 1460.8
1386860 1456.7
1386870 1452.5
1386880 1452.5
1386890 1448.1
1386900 1443.7
1386910 1443.7
1386920 1438.6
1386930 1433.7
1386940 1433.7
1386950 1429.8
1386960 1426.4
1386970 1426.4
1386980 1423.7
1386990 1422.1
1387000 1422.1
1387010 1421.1
1387020 1420.0
1387030 1419.4
1387040 1419.4
1387050 1421.6
1387060 1426.4
1387070 1426.4
1387080 1431.1
1387090 1431.2
1387100 1431.2
1387110 1426.8
1387120 1422.4
1387130 1422.4
1387140 1419.2
1387150 1415.7
1387160 1415.7
1387170 1413.0
1387180 1411.8
1387190 1407.7
1387200 1407.7
1387210 1403.8
1387220 1402.7
1387230 1402.7
1387240 1404.2
1387250 1407.2
1387260 1407.2
1387270 1409.2
1387280 1408.6
1387290 1408.6
1387300 1407.7
1387310 1406.3
1387320 1406.3
1387330 1406.3
1387340 1407.8
1387350 1409.1
1387360 1409.1
1387370 1411.3
1387380 1413.9
1387390 1413.9
1387400 1417.0
1387410 1420.4
1387420 1420.4
1387430 1423.7
1387440 1426.0
1387450 1426.0
1387460 1427.9
1387470 1430.0
1387480 1430.0
1387490 1433.7
1387500 1442.5
1387510 1442.5
1387520 1446.9
1387530 1451.5
1387540 1455.9
1387550 1455.9
1387560 1460.2
1387570 1464.1
1387580 1464.1
1387590 1466.8
1387600 1469.1
1387610 1469.1
1387620 1471.9
1387630 1474.8
1387640 1474.8
1387650 1477.6
1387660 1479.4
1387670 1479.4
1387680 1481.4
1387690 1483.0
1387700 1484.9
1387710 1484.9
1387720 1487.5
1387730 1489.6
1387740 1489.6
1387750 1490.8
1387760 1492.7
1387770 1492.7
1387780 1494.3
1387790 1495.1
1387800 1495.1
1387810 1495.9
1387820 1496.5
1387830 1496.5
1387840 1496.9
1387850 1497.6
1387860 1498.9
1387870 1498.9
1387880 1499.3
1387890 1497.9
1387900 1497.9
1387910 1496.3
1387920 1495.5
1387930 1495.5
1387940 1494.9
1387950 1494.8
1387960 1494.8
1387970 1498.2
1387980 1504.0
1387990 1504.0
1388000 1506.6
1388010 1508.1
1388020 1509.1
1388030 1509.1
1388040 1510.2
1388050 1512.7
1388060 1512.7
1388070 1514.8
1388080 1514.3
1388090 1514.3
1388100 1513.4
1388110 1514.1
1388120 1514.1
1388130 1513.8
1388140 1515.0
1388150 1515.0
1388160 1517.5
1388170 1518.9
1388180 1518.9
1388190 1519.9
1388200 1521.6
1388210 1522.7
1388220 1522.7
1388230 1522.7
1388240 1522.7
1388250 1522.7
1388260 1523.2
1388270 1525.6
1388280 1525.6
1388290 1527.7
1388300 1531.1
1388310 1531.1
1388320 1533.3
1388330 1533.7
1388340 1533.7
1388350 1534.0
1388360 1537.1
1388370 1540.1
1388380 1540.1
1388390 1542.2
1388400 1543.9
1388410 1543.9
1388420 1546.0
1388430 1547.9
1388440 1547.9
1388450 1550.9
1388460 1553.1
1388470 1553.1
1388480 1554.6
1388490 1555.5
1388500 1555.5
1388510 1555.1
1388520 1557.3
1388530 1560.4
1388540 1560.4
1388550 1562.5
1388560 1563.6
1388570 1563.6
1388580 1564.4
1388590 1565.8
1388600 1565.8
1388610 1566.9
1388620 1568.0
1388630 1568.0
1388640 1569.3
1388650 1570.3
1388660 1570.3
1388670 1571.0
1388680 1571.2
1388690 1571.0
1388700 1571.0
1388710 1571.1
1388720 1571.1
1388730 1571.1
1388740 1571.2
1388750 1571.5
1388760 1571.5
1388770 1571.2
1388780 1571.3
1388790 1571.3
1388800 1570.7
1388810 1575.0
1388820 1575.0
1388830 1574.9
1388840 1574.8
1388850 1574.8
1388860 1574.0
1388870 1573.5
1388880 1572.6
1388890 1572.6
1388900 1571.3
1388910 1569.4
1388920 1569.4
1388930 1566.7
1388940 1563.6
1388950 1563.6
1388960 1560.3
1388970 1557.5
1388980 1557.5
1388990 1554.7
1389000 1552.0
1389010 1552.0
1389020 1548.8
1389030 1545.5
1389040 1541.5
1389050 1541.5
1389060 1537.8
1389070 1534.3
1389080 1534.3
1389090 1530.9
1389100 1527.1
1389110 1527.1
1389120 1523.5
1389130 1520.3
1389140 1520.3
1389150 1517.3
1389160 1514.3
1389170 1514.3
1389180 1510.6
1389190 1507.1
1389200 1503.6
1389210 1503.6
1389220 1500.4
1389230 1496.5
1389240 1496.5
1389250 1492.5
1389260 1488.5
1389270 1488.5
1389280 1485.8
1389290 1481.6
1389300 1481.6
1389310 1476.3
1389320 1471.1
1389330 1471.1
1389340 1467.6
1389350 1464.6
1389360 1461.8
1389370 1461.8
1389380 1459.1
1389390 1456.6
1389400 1456.6
1389410 1454.0
1389420 1451.4
1389430 1451.4
1389440 1448.8
1389450 1446.4
1389460 1446.4
1389470 1444.3
1389480 1441.6
1389490 1441.6
1389500 1439.1
1389510 1436.6
1389520 1436.6
1389530 1433.9
1389540 1431.0
1389550 1428.4
1389560 1428.4
1389570 1426.2
1389580 1422.9
1389590 1422.9
1389600 1419.9
1389610 1417.8
1389620 1417.8
1389630 1415.8
1389640 1413.6
1389650 1413.6
1389660 1410.9
1389670 1408.1
1389680 1408.1
1389690 1404.9
1389700 1401.7
1389710 1398.7
1389720 1398.7
1389730 1395.3
1389740 1391.5
1389750 1391.5
1389760 1387.5
1389770 1383.0
1389780 1383.0
1389790 1378.6
1389800 1376.9
1389810 1376.9
1389820 1377.4
1389830 1378.6
1389840 1378.6
1389850 1380.1
1389860 1380.5
1389870 1380.6
1389880 1380.6
1389890 1381.0
1389900 1381.2
1389910 1381.2
1389920 1380.0
1389930 1376.9
1389940 1376.9
1389950 1372.0
1389960 1367.2
1389970 1367.2
1389980 1362.3
1389990 1358.3
1390000 1358.3
1390010 1353.0
1390020 1346.5
1390030 1342.3
1390040 1342.3
1390050 1342.2
1390060 1345.0
1390070 1345.0
1390080 1348.4
1390090 1351.5
1390100 1351.5
1390110 1352.9
1390120 1352.3
1390130 1354.3
1390140 1352.9
1390150 1350.3
1390160 1350.3
1390170 1347.3
1390180 1346.3
1390190 1346.3
1390200 1345.9
1390210 1347.6
1390220 1349.0
1390230 1349.0
1390240 1349.3
1390250 1349.8
1390260 1349.8
1390270 1349.2
1390280 1348.2
1390290 1348.2
1390300 1346.6
1390310 1344.4
1390320 1344.4
1390330 1342.0
1390340 1340.2
1390350 1340.2
1390360 1338.8
1390370 1336.3
1390380 1333.5
1390390 1333.5
1390400 1331.3
1390410 1329.8
1390420 1329.8
1390430 1328.4
1390440 1327.1
1390450 1327.1
1390460 1326.6
1390470 1326.8
1390480 1326.8
1390490 1328.3
1390500 1329.9
1390510 1329.9
1390520 1329.5
1390530 1328.7
1390540 1327.6
1390550 1327.6
1390560 1326.9
1390570 1326.5
1390580 1326.5
1390590 1326.2
1390600 1326.1
1390610 1326.1
1390620 1326.3
1390630 1326.4
1390640 1326.4
1390650 1326.5
1390660 1326.2
1390670 1326.2
1390680 1325.4
1390690 1325.1
1390700 1325.1
1390710 1324.5
1390720 1324.1
1390730 1324.4
1390740 1324.4
1390750 1324.3
1390760 1325.1
1390770 1325.1
1390780 1325.4
1390790 1324.1
1390800 1324.1
1390810 1321.4
1390820 1319.2
1390830 1319.2
1390840 1317.8
1390850 1317.2
1390860 1317.2
1390870 1317.4
1390880 1318.2
1390890 1318.3
1390900 1318.3
1390910 1318.7
1390920 1318.8
1390930 1318.8
1390940 1318.1
1390950 1319.1
1390960 1319.1
1390970 1321.5
1390980 1325.4
1390990 1325.4
1391000 1329.7
1391010 1332.8
1391020 1332.8
1391030 1334.4
1391040 1334.9
1391050 1335.3
1391060 1335.3
1391070 1336.0
1391080 1336.6
1391090 1336.6
1391100 1337.1
1391110 1337.4
1391120 1337.4
1391130 1337.8
1391140 1338.3
1391150 1338.3
1391160 1339.2
1391170 1340.2
1391180 1340.2
1391190 1341.0
1391200 1341.4
1391210 1341.9
1391220 1341.9
1391230 1342.5
1391240 1343.0
1391250 1343.0
1391260 1343.8
1391270 1344.7
1391280 1344.7
1391290 1345.5
1391300 1346.5
1391310 1346.5
1391320 1349.4
1391330 1350.9
1391340 1350.9
1391350 1350.9
1391360 1350.4
1391370 1350.4
1391380 1350.4
1391390 1351.2
1391400 1352.0
1391410 1352.0
1391420 1352.7
1391430 1353.0
1391440 1353.0
1391450 1353.5
1391460 1354.0
1391470 1354.0
1391480 1354.9
1391490 1355.6
1391500 1355.6
1391510 1356.9
1391520 1358.8
1391530 1358.8
1391540 1360.8
1391550 1362.8
1391560 1364.8
1391570 1364.8
1391580 1367.9
1391590 1370.8
1391600 1370.8
1391610 1373.3
1391620 1376.0
1391630 1376.0
1391640 1378.9
1391650 1381.9
1391660 1381.9
1391670 1385.3
1391680 1388.9
1391690 1388.9
1391700 1391.7
1391710 1394.1
1391720 1396.6
1391730 1396.6
1391740 1399.1
1391750 1401.0
1391760 1401.0
1391770 1402.9
1391780 1404.6
1391790 1404.6
1391800 1406.4
1391810 1407.8
1391820 1407.8
1391830 1408.3
1391840 1408.3
1391850 1408.3
1391860 1408.3
1391870 1408.9
1391880 1409.7
1391890 1409.7
1391900 1410.6
1391910 1412.7
1391920 1412.7
1391930 1415.9
1391940 1419.6
1391950 1419.6
1391960 1423.3
1391970 1427.3
1391980 1427.3
1391990 1431.4
1392000 1435.5
1392010 1435.5
1392020 1439.6
1392030 1443.5
1392040 1443.5
1392050 1447.0
1392060 1449.8
1392070 1451.9
1392080 1451.9
1392090 1452.9
1392100 1451.7
1392110 1451.7
1392120 1449.8
1392130 1450.6
1392140 1450.6
1392150 1452.1
1392160 1455.1
1392170 1455.1
1392180 1461.3
1392190 1467.6
1392200 1467.6
1392210 1471.7
1392220 1474.3
1392230 1476.0
1392240 1476.0
1392250 1477.4
1392260 1479.5
1392270 1479.5
1392280 1481.6
1392290 1482.9
1392300 1482.9
1392310 1483.9
1392320 1485.2
1392330 1485.2
1392340 1487.0
1392350 1488.8
1392360 1488.8
1392370 1490.9
1392380 1493.2
1392390 1495.7
1392400 1495.7
1392410 1498.2
1392420 1500.7
1392430 1500.7
1392440 1503.6
1392450 1506.9
1392460 1506.9
1392470 1510.5
1392480 1513.3
1392490 1513.3
1392500 1515.5
1392510 1517.6
1392520 1517.6
1392530 1520.2
1392540 1523.3
1392550 1523.3
1392560 1526.3
1392570 1528.9
1392580 1531.4
1392590 1531.4
1392600 1533.6
1392610 1535.8
1392620 1535.8
1392630 1537.7
1392640 1539.6
1392650 1539.6
1392660 1541.5
1392670 1543.1
1392680 1543.1
1392690 1544.5
1392700 1545.9
1392710 1545.9
1392720 1547.6
1392730 1549.2
1392740 1550.0
1392750 1550.0
1392760 1550.9
1392770 1552.3
1392780 1552.3
1392790 1553.2
1392800 1553.5
1392810 1553.5
1392820 1554.0
1392830 1555.0
1392840 1551.9
1392850 1552.9
1392860 1554.1
1392870 1554.1
1392880 1555.3
1392890 1556.4
1392900 1557.4
1392910 1557.4
1392920 1558.3
1392930 1559.3
1392940 1559.3
1392950 1560.1
1392960 1560.7
1392970 1560.7
1392980 1561.6
1392990 1563.0
1393000 1563.0
1393010 1564.4
1393020 1565.8
1393030 1565.8
1393040 1567.5
1393050 1569.4
1393060 1571.5
1393070 1571.5
1393080 1573.7
1393090 1575.7
1393100 1575.7
1393110 1577.8
1393120 1579.7
1393130 1579.7
1393140 1581.3
1393150 1582.9
1393160 1582.9
1393170 1584.2
1393180 1585.3
1393190 1585.3
1393200 1585.6
1393210 1584.3
1393220 1584.3
1393230 1584.0
1393240 1586.8
1393250 1591.1
1393260 1591.1
1393270 1597.5
1393280 1602.4
1393290 1602.4
1393300 1604.8
1393310 1606.9
1393320 1606.9
1393330 1608.4
1393340 1610.3
1393350 1610.3
1393360 1612.3
1393370 1614.5
1393380 1614.5
1393390 1616.0
1393400 1617.4
1393410 1619.6
1393420 1619.6
1393430 1621.9
1393440 1624.8
1393450 1624.8
1393460 1627.3
1393470 1629.9
1393480 1629.9
1393490 1632.4
1393500 1634.6
1393510 1634.6
1393520 1636.3
1393530 1639.0
1393540 1639.0
1393550 1641.4
1393560 1643.4
1393570 1645.3
1393580 1645.3
1393590 1646.9
1393600 1648.5
1393610 1648.5
1393620 1650.6
1393630 1652.7
1393640 1652.7
1393650 1654.3
1393660 1656.0
1393670 1656.0
1393680 1657.7
1393690 1660.0
1393700 1660.0
1393710 1661.9
1393720 1663.8
1393730 1665.5
1393740 1665.5
1393750 1667.8
1393760 1669.6
1393770 1669.6
1393780 1670.9
1393790 1672.2
1393800 1672.2
1393810 1673.8
1393820 1675.3
1393830 1675.3
1393840 1676.7
1393850 1676.9
1393860 1676.9
1393870 1677.5
1393880 1680.6
1393890 1680.6
1393900 1684.7
1393910 1686.6
1393920 1687.0
1393930 1687.0
1393940 1687.0
1393950 1686.8
1393960 1686.8
1393970 1685.9
1393980 1684.5
1393990 1684.5
1394000 1683.8
1394010 1685.2
1394020 1685.2
1394030 1689.4
1394040 1697.0
1394050 1697.0
1394060 1704.1
1394070 1710.1
1394080 1714.7
1394090 1714.7
1394100 1719.2
1394110 1724.3
1394120 1724.3
1394130 1728.7
1394140 1731.4
1394150 1731.4
1394160 1730.2
1394170 1729.5
1394180 1729.5
1394190 1731.0
1394200 1733.8
1394210 1733.8
1394220 1731.4
1394230 1734.1
1394240 1738.4
1394250 1738.4
1394260 1743.3
1394270 1747.8
1394280 1747.8
1394290 1752.1
1394300 1757.2
1394310 1757.2
1394320 1762.9
1394330 1768.3
1394340 1768.3
1394350 1772.4
1394360 1775.9
1394370 1775.9
1394380 1779.3
1394390 1782.4
1394400 1785.3
1394410 1785.3
1394420 1788.8
1394430 1792.3
1394440 1792.3
1394450 1794.7
1394460 1796.9
1394470 1796.9
1394480 1799.7
1394490 1802.7
1394500 1802.7
1394510 1806.2
1394520 1809.3
1394530 1809.3
1394540 1811.6
1394550 1814.8
1394560 1814.8
1394570 1818.4
1394580 1821.7
1394590 1823.5
1394600 1823.5
1394610 1824.9
1394620 1826.4
1394630 1826.4
1394640 1827.7
1394650 1829.5
1394660 1829.5
1394670 1831.8
1394680 1833.9
1394690 1833.9
1394700 1835.8
1394710 1837.8
1394720 1837.8
1394730 1839.8
1394740 1841.9
1394750 1844.0
1394760 1844.0
1394770 1846.2
1394780 1848.5
1394790 1848.5
1394800 1850.8
1394810 1853.8
1394820 1853.8
1394830 1857.6
1394840 1861.1
1394850 1861.1
1394860 1864.2
1394870 1866.9
1394880 1866.9
1394890 1869.4
1394900 1871.5
1394910 1873.2
1394920 1873.2
1394930 1874.5
1394940 1875.7
1394950 1875.7
1394960 1877.0
1394970 1878.5
1394980 1878.5
1394990 1880.3
1395000 1882.2
1395010 1882.2
1395020 1884.1
1395030 1885.8
1395040 1885.8
1395050 1887.6
1395060 1889.0
1395070 1889.0
1395080 1890.0
1395090 1890.6
1395100 1891.3
1395110 1891.3
1395120 1892.2
1395130 1893.1
1395140 1893.1
1395150 1893.7
1395160 1894.1
1395170 1894.1
1395180 1894.4
1395190 1894.7
1395200 1894.7
1395210 1895.0
1395220 1895.4
1395230 1895.4
1395240 1895.8
1395250 1896.2
1395260 1896.6
1395270 1896.6
1395280 1897.3
1395290 1898.4
1395300 1898.4
1395310 1899.3
1395320 1899.5
1395330 1899.5
1395340 1899.2
1395350 1898.9
1395360 1898.9
1395370 1898.6
1395380 1898.5
1395390 1898.5
1395400 1898.6
1395410 1898.9
1395420 1899.3
1395430 1899.3
1395440 1899.6
1395450 1900.1
1395460 1900.1
1395470 1900.5
1395480 1900.5
1395490 1900.5
1395500 1900.6
1395510 1900.5
1395520 1900.5
1395530 1900.5
1395540 1900.9
1395550 1900.9
1395560 1901.1
1395570 1900.6
1395580 1900.1
1395590 1900.1
1395600 1899.7
1395610 1899.7
1395620 1899.7
1395630 1895.9
1395640 1895.6
1395650 1895.6
1395660 1896.0
1395670 1896.5
1395680 1896.5
1395690 1897.0
1395700 1897.0
1395710 1897.0
1395720 1897.5
1395730 1897.7
1395740 1897.7
1395750 1897.1
1395760 1895.4
1395770 1894.1
1395780 1894.1
1395790 1894.0
1395800 1893.4
1395810 1893.4
1395820 1893.6
1395830 1895.5
1395840 1895.5
1395850 1897.0
1395860 1898.8
1395870 1898.8
1395880 1900.2
1395890 1901.6
1395900 1901.6
1395910 1903.3
1395920 1904.8
1395930 1905.7
1395940 1905.7
1395950 1905.8
1395960 1905.2
1395970 1905.2
1395980 1904.5
1395990 1904.1
1396000 1904.1
1396010 1903.8
1396020 1903.0
1396030 1903.0
1396040 1902.6
1396050 1902.9
1396060 1902.9
1396070 1903.6
1396080 1904.5
1396090 1905.4
1396100 1905.4
1396110 1907.1
1396120 1908.0
1396130 1908.0
1396140 1907.5
1396150 1908.5
1396160 1908.5
1396170 1909.5
1396180 1912.1
1396190 1912.1
1396200 1914.4
1396210 1915.4
1396220 1915.4
1396230 1915.7
1396240 1915.7
1396250 1916.1
1396260 1916.1
1396270 1916.1
1396280 1915.8
1396290 1915.8
1396300 1914.5
1396310 1912.6
1396320 1912.6
1396330 1912.2
1396340 1914.1
1396350 1914.1
1396360 1915.4
1396370 1916.3
1396380 1916.3
1396390 1917.7
1396400 1919.7
1396410 1919.7
1396420 1921.9
1396430 1924.1
1396440 1926.3
1396450 1926.3
1396460 1928.4
1396470 1930.1
1396480 1930.1
1396490 1931.5
1396500 1932.7
1396510 1932.7
1396520 1933.4
1396530 1933.8
1396540 1933.8
1396550 1933.5
1396560 1931.9
1396570 1931.9
1396580 1930.7
1396590 1930.4
1396600 1930.2
1396610 1930.2
1396620 1930.2
1396630 1928.7
1396640 1928.7
1396650 1927.7
1396660 1927.8
1396670 1927.8
1396680 1927.4
1396690 1927.5
1396700 1927.5
1396710 1927.8
1396720 1928.0
1396730 1928.0
1396740 1928.2
1396750 1928.4
1396760 1928.5
1396770 1928.5
1396780 1928.8
1396790 1929.1
1396800 1929.1
1396810 1929.1
1396820 1929.0
1396830 1929.0
1396840 1929.2
1396850 1929.3
1396860 1929.3
1396870 1929.6
1396880 1930.3
1396890 1930.3
1396900 1931.4
1396910 1932.6
1396920 1932.6
1396930 1933.2
1396940 1933.7
1396950 1934.5
1396960 1934.5
1396970 1935.5
1396980 1936.4
1396990 1936.4
1397000 1937.5
1397010 1939.0
1397020 1939.0
1397030 1940.0
1397040 1941.4
1397050 1941.4
1397060 1939.8
1397070 1942.4
1397080 1942.4
1397090 1945.8
1397100 1949.7
1397110 1953.5
1397120 1953.5
1397130 1956.8
1397140 1959.0
1397150 1959.0
1397160 1959.8
1397170 1960.3
1397180 1960.3
1397190 1961.0
1397200 1961.9
1397210 1961.9
1397220 1963.1
1397230 1964.0
1397240 1964.0
1397250 1964.6
1397260 1965.1
1397270 1965.9
1397280 1965.9
1397290 1966.6
1397300 1966.9
1397310 1966.9
1397320 1967.2
1397330 1967.4
1397340 1967.4
1397350 1967.9
1397360 1968.0
1397370 1968.0
1397380 1968.1
1397390 1967.5
1397400 1967.5
1397410 1967.1
1397420 1966.4
1397430 1965.9
1397440 1965.9
1397450 1964.4
1397460 1962.1
1397470 1962.1
1397480 1960.0
1397490 1958.4
1397500 1958.4
1397510 1957.2
1397520 1956.0
1397530 1956.0
1397540 1953.8
1397550 1954.3
1397560 1954.3
1397570 1956.5
1397580 1957.8
1397590 1957.8
1397600 1958.1
1397610 1958.3
1397620 1958.2
1397630 1958.2
1397640 1957.2
1397650 1956.4
1397660 1956.4
1397670 1956.1
1397680 1956.0
1397690 1956.0
1397700 1956.4
1397710 1956.5
1397720 1956.5
1397730 1957.2
1397740 1958.9
1397750 1958.9
1397760 1961.8
1397770 1965.6
1397780 1969.1
1397790 1969.1
1397800 1971.5
1397810 1974.0
1397820 1974.0
1397830 1976.4
1397840 1978.5
1397850 1978.5
1397860 1980.3
1397870 1981.7
1397880 1981.7
1397890 1983.0
1397900 1984.3
1397910 1984.3
1397920 1985.4
1397930 1986.3
1397940 1986.8
1397950 1986.8
1397960 1987.4
1397970 1988.6
1397980 1988.6
1397990 1990.5
1398000 1992.4
1398010 1992.4
1398020 1994.1
1398030 1995.8
1398040 1995.8
1398050 1997.7
1398060 1999.5
1398070 1999.5
1398080 2000.5
1398090 2001.1
1398100 2001.8
1398110 2001.8
1398120 2002.6
1398130 2003.8
1398140 2003.8
1398150 2005.1
1398160 2007.0
1398170 2007.0
1398180 2009.7
1398190 2012.9
1398200 2012.9
1398210 2016.5
1398220 2019.8
1398230 2019.8
1398240 2022.7
1398250 2025.2
1398260 2025.2
1398270 2026.8
1398280 2028.0
1398290 2029.3
1398300 2029.3
1398310 2030.5
1398320 2031.4
1398330 2031.4
1398340 2032.7
1398350 2034.5
1398360 2034.5
1398370 2036.7
1398380 2038.9
1398390 2038.9
1398400 2041.0
1398410 2043.0
1398420 2043.0
1398430 2044.4
1398440 2045.6
1398450 2046.8
1398460 2046.8
1398470 2047.5
1398480 2048.6
1398490 2048.6
1398500 2049.1
1398510 2045.1
1398520 2045.1
1398530 2045.6
1398540 2045.2
1398550 2045.2
1398560 2044.5
1398570 2044.7
1398580 2044.7
1398590 2044.2
1398600 2043.1
1398610 2042.9
1398620 2042.9
1398630 2042.8
1398640 2042.6
1398650 2042.6
1398660 2042.4
1398670 2041.2
1398680 2041.2
1398690 2039.2
1398700 2037.2
1398710 2037.2
1398720 2034.9
1398730 2032.6
1398740 2032.6
1398750 2030.4
1398760 2027.4
1398770 2023.3
1398780 2023.3
1398790 2018.7
1398800 2014.7
1398810 2014.7
1398820 2010.6
1398830 2006.5
1398840 2006.5
1398850 2002.6
1398860 1998.8
1398870 1998.8
1398880 1994.5
1398890 1989.9
1398900 1989.9
1398910 1985.6
1398920 1981.7
1398930 1981.7
1398940 1977.8
1398950 1973.7
1398960 1969.7
1398970 1969.7
1398980 1965.8
1398990 1961.7
1399000 1961.7
1399010 1957.5
1399020 1953.7
1399030 1953.7
1399040 1950.1
1399050 1945.7
1399060 1945.7
1399070 1941.3
1399080 1936.9
1399090 1936.9
1399100 1932.7
1399110 1929.2
1399120 1926.4
1399130 1926.4
1399140 1923.3
1399150 1918.9
1399160 1918.9
1399170 1914.4
1399180 1912.6
1399190 1912.6
1399200 1916.0
1399210 1920.6
1399220 1920.6
1399230 1923.1
1399240 1923.3
1399250 1923.3
1399260 1923.3
1399270 1924.3
1399280 1926.5
1399290 1926.5
1399300 1929.0
1399310 1930.6
1399320 1930.6
1399330 1932.9
1399340 1934.4
1399350 1934.4
1399360 1937.1
1399370 1940.5
1399380 1940.5
1399390 1942.2
1399400 1944.0
1399410 1944.0
1399420 1946.0
1399430 1948.2
1399440 1948.2
1399450 1950.1
1399460 1952.2
1399470 1954.1
1399480 1954.1
1399490 1955.8
1399500 1957.5
1399510 1957.5
1399520 1959.5
1399530 1961.6
1399540 1961.6
1399550 1963.4
1399560 1965.0
1399570 1965.0
1399580 1966.3
1399590 1967.4
1399600 1967.4
1399610 1968.4
1399620 1969.6
1399630 1971.3
1399640 1971.3
1399650 1972.5
1399660 1973.1
1399670 1973.1
1399680 1974.4
1399690 1976.3
1399700 1976.3
1399710 1978.3
1399720 1980.3
1399730 1980.3
1399740 1982.1
1399750 1983.7
1399760 1983.7
1399770 1985.4
1399780 1986.8
1399790 1988.0
1399800 1988.0
1399810 1988.8
1399820 1989.4
1399830 1989.4
1399840 1990.0
1399850 1990.3
1399860 1990.3
1399870 1990.6
1399880 1990.5
1399890 1990.5
1399900 1989.9
1399910 1989.2
1399920 1989.2
1399930 1988.2
1399940 1987.3
1399950 1986.4
1399960 1986.4
1399970 1985.5
1399980 1985.0
1399990 1982.0
