1380000 1752.2
1380010 1754.8
1380020 1754.8
1380030 1756.4
1380040 1758.4
1380050 1758.4
1380060 1763.8
1380070 1767.6
1380080 1767.6
1380090 1770.7
1380100 1774.5
1380110 1774.5
1380120 1778.5
1380130 1782.8
1380140 1782.8
1380150 1786.5
1380160 1790.3
1380170 1790.3
1380180 1794.4
1380190 1799.5
1380200 1805.7
1380210 1805.7
1380220 1812.2
1380230 1816.9
1380240 1816.9
1380250 1819.3
1380260 1821.6
1380270 1821.6
1380280 1824.6
1380290 1827.4
1380300 1827.4
1380310 1829.8
1380320 1832.1
1380330 1832.1
1380340 1833.9
1380350 1836.2
1380360 1838.7
1380370 1838.7
1380380 1840.4
1380390 1841.0
1380400 1841.0
1380410 1840.8
1380420 1840.2
1380430 1840.2
1380440 1838.8
1380450 1838.5
1380460 1838.5
1380470 1839.6
1380480 1841.3
1380490 1841.3
1380500 1843.6
1380510 1846.7
1380520 1849.2
1380530 1849.2
1380540 1851.6
1380550 1853.6
1380560 1853.6
1380570 1857.1
1380580 1862.1
1380590 1862.1
1380600 1865.9
1380610 1869.6
1380620 1869.6
1380630 1873.1
1380640 1875.9
1380650 1875.9
1380660 1879.4
1380670 1885.0
1380680 1885.0
1380690 1891.5
1380700 1898.1
1380710 1904.3
1380720 1904.3
1380730 1910.0
1380740 1915.8
1380750 1915.8
1380760 1921.3
1380770 1928.1
1380780 1928.1
1380790 1935.2
1380800 1941.4
1380810 1941.4
1380820 1948.0
1380830 1955.1
1380840 1955.1
1380850 1961.3
1380860 1965.2
1380870 1968.4
1380880 1968.4
1380890 1971.1
1380900 1973.7
1380910 1973.7
1380920 1976.2
1380930 1978.6
1380940 1978.6
1380950 1981.2
1380960 1982.9
1380970 1982.9
1380980 1984.5
1380990 1984.8
1381000 1984.8
1381010 1984.6
1381020 1986.1
1381030 1985.0
1381040 1985.0
1381050 1980.4
1381060 1976.4
1381070 1976.4
1381080 1970.6
1381090 1964.1
1381100 1964.1
1381110 1957.6
1381120 1952.1
1381130 1952.1
1381140 1946.8
1381150 1940.7
1381160 1940.7
1381170 1935.0
1381180 1929.8
1381190 1925.1
1381200 1925.1
1381210 1921.2
1381220 1917.9
1381230 1917.9
1381240 1915.0
1381250 1913.2
1381260 1913.2
1381270 1915.7
1381280 1909.9
1381290 1909.9
1381300 1905.8
1381310 1902.3
1381320 1902.3
1381330 1900.2
1381340 1898.7
1381350 1898.7
1381360 1899.9
1381370 1903.3
1381380 1904.4
1381390 1904.4
1381400 1904.7
1381410 1904.5
1381420 1904.5
1381430 1904.4
1381440 1904.4
1381450 1904.4
1381460 1904.6
1381470 1904.1
1381480 1904.1
1381490 1903.6
1381500 1903.5
1381510 1903.5
1381520 1904.6
1381530 1906.8
1381540 1908.9
1381550 1908.9
1381560 1911.4
1381570 1913.3
1381580 1913.3
1381590 1914.4
1381600 1916.7
1381610 1916.7
1381620 1917.8
1381630 1917.9
1381640 1917.9
1381650 1916.7
1381660 1915.2
1381670 1915.2
1381680 1913.4
1381690 1911.6
1381700 1909.6
1381710 1909.6
1381720 1907.2
1381730 1905.1
1381740 1905.1
1381750 1902.9
1381760 1900.2
1381770 1900.2
1381780 1897.8
1381790 1895.3
1381800 1895.3
1381810 1892.6
1381820 1889.6
1381830 1889.6
1381840 1886.4
1381850 1883.1
1381860 1879.9
1381870 1879.9
1381880 1876.7
1381890 1872.9
1381900 1872.9
1381910 1867.7
1381920 1861.5
1381930 1861.5
1381940 1854.8
1381950 1849.2
1381960 1849.2
1381970 1843.9
1381980 1838.3
1381990 1838.3
1382000 1834.0
1382010 1830.9
1382020 1830.9
1382030 1828.2
1382040 1823.7
1382050 1818.1
1382060 1818.1
1382070 1812.7
1382080 1807.0
1382090 1807.0
1382100 1801.9
1382110 1798.1
1382120 1798.1
1382130 1794.0
1382140 1789.0
1382150 1789.0
1382160 1782.9
1382170 1777.0
1382180 1777.0
1382190 1771.9
1382200 1766.9
1382210 1762.7
1382220 1762.7
1382230 1757.6
1382240 1752.6
1382250 1752.6
1382260 1747.5
1382270 1742.7
1382280 1742.7
1382290 1737.7
1382300 1733.4
1382310 1733.4
1382320 1728.1
1382330 1723.9
1382340 1723.9
1382350 1720.6
1382360 1715.7
1382370 1711.5
1382380 1711.5
1382390 1707.1
1382400 1702.1
1382410 1702.1
1382420 1697.6
1382430 1693.0
1382440 1693.0
1382450 1688.7
1382460 1684.6
1382470 1684.6
1382480 1680.1
1382490 1676.1
1382500 1676.2
1382510 1671.7
1382520 1667.9
1382530 1667.9
1382540 1664.9
1382550 1662.2
1382560 1660.1
1382570 1660.1
1382580 1657.8
1382590 1655.4
1382600 1655.4
1382610 1651.7
1382620 1646.5
1382630 1646.5
1382640 1640.6
1382650 1634.9
1382660 1634.9
1382670 1629.4
1382680 1624.2
1382690 1624.2
1382700 1619.2
1382710 1614.4
1382720 1608.5
1382730 1608.5
1382740 1604.2
1382750 1599.6
1382760 1599.6
1382770 1594.6
1382780 1588.9
1382790 1588.9
1382800 1582.2
1382810 1575.2
1382820 1575.2
1382830 1569.3
1382840 1564.7
1382850 1564.7
1382860 1560.4
1382870 1555.7
1382880 1553.2
1382890 1553.2
1382900 1551.0
1382910 1548.1
1382920 1548.1
1382930 1545.4
1382940 1542.9
1382950 1542.9
1382960 1540.4
1382970 1538.0
1382980 1538.0
1382990 1536.1
1383000 1533.5
1383010 1533.5
1383020 1531.6
1383030 1529.8
1383040 1527.7
1383050 1527.7
1383060 1526.1
1383070 1525.5
1383080 1525.5
1383090 1525.6
1383100 1527.0
1383110 1527.0
1383120 1527.9
1383130 1528.6
1383140 1528.6
1383150 1529.3
1383160 1530.0
1383170 1530.0
1383180 1530.7
1383190 1531.2
1383200 1531.2
1383210 1531.7
1383220 1532.5
1383230 1534.5
1383240 1534.5
1383250 1536.0
1383260 1537.8
1383270 1537.8
1383280 1538.9
1383290 1541.6
1383300 1541.6
1383310 1546.1
1383320 1549.6
1383330 1549.6
1383340 1553.5
1383350 1557.9
1383360 1557.9
1383370 1562.7
1383380 1567.9
1383390 1573.3
1383400 1573.3
1383410 1579.0
1383420 1584.6
1383430 1584.6
1383440 1590.2
1383450 1595.9
1383460 1595.9
1383470 1601.4
1383480 1606.5
1383490 1606.5
1383500 1612.9
1383510 1618.6
1383520 1618.6
1383530 1622.6
1383540 1627.2
1383550 1633.8
1383560 1633.8
1383570 1641.4
1383580 1648.8
1383590 1648.8
1383600 1655.3
1383610 1663.5
1383620 1663.5
1383630 1672.4
1383640 1681.5
1383650 1681.5
1383660 1690.4
1383670 1697.7
1383680 1697.7
1383690 1703.8
1383700 1710.9
1383710 1718.1
1383720 1718.1
1383730 1725.0
1383740 1732.8
1383750 1736.7
1383760 1743.8
1383770 1750.3
1383780 1750.3
1383790 1757.2
1383800 1764.7
1383810 1764.7
1383820 1770.4
1383830 1774.4
1383840 1774.4
1383850 1778.6
1383860 1782.7
1383870 1782.7
1383880 1784.1
1383890 1785.8
1383900 1791.2
1383910 1791.2
1383920 1798.8
1383930 1806.8
1383940 1806.8
1383950 1815.3
1383960 1823.7
1383970 1823.7
1383980 1832.0
1383990 1840.1
1384000 1840.1
1384010 1844.9
1384020 1849.0
1384030 1849.0
1384040 1855.4
1384050 1862.4
1384060 1868.3
1384070 1868.3
1384080 1874.0
1384090 1877.1
1384100 1877.1
1384110 1877.4
1384120 1876.7
1384130 1876.7
1384140 1875.8
1384150 1874.8
1384160 1874.8
1384170 1873.6
1384180 1872.2
1384190 1872.2
1384200 1869.9
1384210 1867.3
1384220 1864.5
1384230 1864.5
1384240 1861.0
1384250 1857.8
1384260 1857.8
1384270 1855.0
1384280 1851.3
1384290 1851.3
1384300 1848.0
1384310 1845.6
1384320 1845.6
1384330 1843.5
1384340 1841.1
1384350 1841.1
1384360 1838.1
1384370 1834.6
1384380 1834.6
1384390 1830.0
1384400 1823.1
1384410 1815.8
1384420 1815.8
1384430 1808.7
1384440 1801.7
1384450 1801.7
1384460 1795.3
1384470 1790.0
1384480 1790.0
1384490 1787.0
1384500 1783.8
1384510 1783.8
1384520 1780.1
1384530 1776.3
1384540 1776.3
1384550 1773.0
1384560 1769.4
1384570 1766.2
1384580 1766.2
1384590 1761.6
1384600 1756.8
1384610 1756.8
1384620 1751.8
1384630 1746.8
1384640 1746.8
1384650 1741.9
1384660 1737.1
1384670 1737.1
1384680 1732.7
1384690 1728.1
1384700 1728.1
1384710 1723.3
1384720 1718.7
1384730 1713.9
1384740 1713.9
1384750 1712.5
1384760 1711.8
1384770 1711.8
1384780 1713.1
1384790 1715.6
1384800 1715.6
1384810 1717.0
1384820 1718.2
1384830 1718.2
1384840 1719.4
1384850 1720.4
1384860 1720.4
1384870 1721.0
1384880 1721.9
1384890 1722.6
1384900 1722.6
1384910 1723.1
1384920 1723.7
1384930 1723.7
1384940 1725.5
1384950 1728.8
1384960 1728.8
1384970 1732.1
1384980 1735.7
1384990 1735.7
1385000 1738.6
1385010 1747.8
1385020 1747.8
1385030 1750.5
1385040 1752.4
1385050 1752.4
1385060 1755.5
1385070 1758.8
1385080 1761.7
1385090 1761.7
1385100 1764.0
1385110 1766.9
1385120 1766.9
1385130 1770.2
1385140 1774.4
1385150 1774.4
1385160 1778.0
1385170 1781.3
1385180 1781.3
1385190 1784.6
1385200 1787.4
1385210 1787.4
1385220 1789.6
1385230 1790.5
1385240 1788.7
1385250 1788.7
1385260 1786.1
1385270 1783.6
1385280 1783.6
1385290 1781.9
1385300 1779.6
1385310 1779.6
1385320 1777.7
1385330 1776.1
1385340 1776.1
1385350 1774.5
1385360 1773.2
1385370 1773.2
1385380 1772.9
1385390 1772.0
1385400 1771.0
1385410 1771.0
1385420 1770.7
1385430 1770.5
1385440 1770.5
1385450 1770.6
1385460 1770.5
1385470 1770.5
1385480 1771.4
1385490 1771.2
1385500 1771.2
1385510 1770.9
1385520 1771.6
1385530 1771.6
1385540 1771.2
1385550 1770.6
1385560 1770.0
1385570 1770.0
1385580 1769.2
1385590 1768.0
1385600 1768.0
1385610 1767.2
1385620 1766.7
1385630 1766.7
1385640 1766.3
1385650 1766.2
1385660 1766.2
1385670 1767.2
1385680 1769.3
1385690 1769.3
1385700 1771.5
1385710 1773.3
1385720 1773.3
1385730 1774.6
1385740 1775.6
1385750 1776.8
1385760 1776.8
1385770 1777.9
1385780 1778.6
1385790 1778.6
1385800 1778.7
1385810 1778.2
1385820 1778.2
1385830 1778.4
1385840 1779.6
1385850 1779.6
1385860 1781.0
1385870 1782.6
1385880 1782.6
1385890 1783.7
1385900 1783.8
1385910 1782.5
1385920 1782.5
1385930 1780.2
1385940 1777.0
1385950 1777.0
1385960 1773.1
1385970 1768.4
1385980 1768.4
1385990 1763.0
1386000 1757.6
1386010 1757.6
1386020 1752.1
1386030 1746.8
1386040 1746.8
1386050 1741.1
1386060 1735.6
1386070 1730.1
1386080 1730.1
1386090 1724.2
1386100 1717.8
1386110 1717.8
1386120 1711.4
1386130 1705.0
1386140 1705.0
1386150 1698.0
1386160 1691.7
1386170 1691.7
1386180 1685.2
1386190 1678.6
1386200 1678.6
1386210 1671.8
1386220 1664.3
1386230 1656.9
1386240 1656.9
1386250 1649.6
1386260 1642.8
1386270 1642.8
1386280 1634.5
1386290 1627.1
1386300 1627.1
1386310 1619.1
1386320 1611.0
1386330 1611.0
1386340 1604.3
1386350 1597.7
1386360 1597.7
1386370 1591.4
1386380 1586.5
1386390 1586.5
1386400 1582.2
1386410 1576.2
1386420 1568.7
1386430 1568.7
1386440 1561.1
1386450 1554.7
1386460 1554.7
1386470 1548.2
1386480 1541.8
1386490 1541.8
1386500 1535.4
1386510 1529.3
1386520 1529.3
1386530 1524.0
1386540 1518.7
1386550 1518.7
1386560 1514.2
1386570 1509.7
1386580 1505.0
1386590 1505.0
1386600 1500.3
1386610 1496.2
1386620 1496.2
1386630 1492.0
1386640 1487.6
1386650 1487.6
1386660 1483.5
1386670 1479.6
1386680 1479.6
1386690 1475.8
1386700 1471.9
1386710 1471.9
1386720 1467.9
1386730 1463.7
1386740 1458.9
1386750 1458.9
1386760 1453.1
1386770 1449.9
1386780 1449.9
1386790 1445.2
1386800 1441.5
1386810 1441.5
1386820 1438.6
1386830 1436.7
1386840 1436.7
1386850 1435.9
1386860 1436.7
1386870 1436.7
1386880 1439.5
1386890 1442.8
1386900 1442.8
1386910 1444.7
1386920 1443.1
1386930 1439.4
1386940 1439.4
1386950 1436.9
1386960 1435.9
1386970 1435.9
1386980 1433.9
1386990 1431.2
1387000 1431.2
1387010 1430.2
1387020 1430.2
1387030 1430.2
1387040 1428.5
1387050 1426.8
1387060 1426.8
1387070 1426.4
1387080 1425.8
1387090 1422.2
1387100 1422.2
1387110 1418.4
1387120 1420.9
1387130 1420.9
1387140 1427.7
1387150 1431.9
1387160 1431.9
1387170 1435.1
1387180 1436.9
1387190 1436.9
1387200 1437.3
1387210 1435.9
1387220 1435.9
1387230 1430.7
1387240 1425.1
1387250 1421.1
1387260 1421.1
1387270 1420.0
1387280 1419.9
1387290 1419.9
1387300 1419.8
1387310 1423.6
1387320 1423.6
1387330 1428.4
1387340 1432.3
1387350 1432.3
1387360 1436.6
1387370 1440.9
1387380 1440.9
1387390 1445.5
1387400 1450.2
1387410 1454.2
1387420 1454.2
1387430 1458.2
1387440 1461.6
1387450 1461.6
1387460 1464.6
1387470 1467.9
1387480 1467.9
1387490 1471.0
1387500 1473.5
1387510 1473.5
1387520 1476.8
1387530 1481.0
1387540 1481.0
1387550 1485.2
1387560 1489.6
1387570 1493.8
1387580 1498.2
1387590 1502.1
1387600 1506.3
1387610 1506.3
1387620 1511.8
1387630 1516.8
1387640 1516.8
1387650 1521.4
1387660 1525.4
1387670 1525.4
1387680 1529.0
1387690 1532.4
1387700 1532.4
1387710 1535.0
1387720 1536.9
1387730 1536.9
1387740 1538.5
1387750 1540.1
1387760 1542.1
1387770 1542.1
1387780 1543.4
1387790 1544.0
1387800 1544.0
1387810 1543.9
1387820 1543.7
1387830 1543.7
1387840 1545.3
1387850 1547.1
1387860 1547.1
1387870 1548.2
1387880 1549.0
1387890 1549.0
1387900 1549.3
1387910 1549.2
1387920 1547.3
1387930 1547.3
1387940 1544.2
1387950 1541.3
1387960 1541.3
1387970 1538.0
1387980 1535.0
1387990 1535.0
1388000 1534.8
1388010 1539.8
1388020 1539.8
1388030 1545.8
1388040 1550.4
1388050 1550.4
1388060 1552.4
1388070 1552.7
1388080 1552.0
1388090 1552.0
1388100 1552.1
1388110 1552.1
1388120 1552.1
1388130 1551.9
1388140 1552.9
1388150 1552.9
1388160 1554.2
1388170 1554.4
1388180 1554.4
1388190 1553.5
1388200 1553.4
1388210 1553.4
1388220 1555.3
1388230 1558.7
1388240 1558.7
1388250 1563.8
1388260 1568.8
1388270 1571.3
1388280 1571.3
1388290 1573.3
1388300 1575.4
1388310 1575.4
1388320 1577.2
1388330 1578.6
1388340 1578.6
1388350 1579.8
1388360 1581.2
1388370 1581.2
1388380 1582.6
1388390 1583.4
1388400 1583.4
1388410 1583.1
1388420 1586.0
1388430 1589.3
1388440 1589.3
1388450 1592.5
1388460 1595.7
1388470 1595.7
1388480 1598.6
1388490 1601.0
1388500 1601.0
1388510 1603.2
1388520 1604.9
1388530 1604.9
1388540 1606.3
1388550 1609.8
1388560 1609.8
1388570 1613.4
1388580 1616.2
1388590 1618.4
1388600 1618.4
1388610 1620.0
1388620 1621.6
1388630 1621.6
1388640 1623.1
1388650 1624.5
1388660 1624.5
1388670 1625.9
1388680 1627.3
1388690 1627.3
1388700 1628.2
1388710 1628.5
1388720 1628.5
1388730 1628.2
1388740 1628.2
1388750 1627.8
1388760 1627.8
1388770 1626.6
1388780 1626.1
1388790 1626.1
1388800 1624.9
1388810 1622.5
1388820 1622.5
1388830 1619.7
1388840 1618.2
1388850 1618.2
1388860 1618.1
1388870 1616.7
1388880 1620.7
1388890 1618.3
1388900 1614.8
1388910 1614.8
1388920 1610.7
1388930 1606.6
1388940 1603.0
1388950 1603.0
1388960 1598.8
1388970 1593.9
1388980 1593.9
1388990 1588.9
1389000 1584.2
1389010 1584.2
1389020 1578.7
1389030 1572.9
1389040 1572.9
1389050 1567.4
1389060 1561.4
1389070 1561.4
1389080 1555.5
1389090 1549.0
1389100 1542.1
1389110 1542.1
1389120 1535.0
1389130 1528.2
1389140 1528.2
1389150 1521.9
1389160 1516.1
1389170 1516.1
1389180 1509.9
1389190 1504.4
1389200 1504.4
1389210 1499.7
1389220 1495.9
1389230 1495.9
1389240 1492.5
1389250 1488.1
1389260 1484.4
1389270 1484.4
1389280 1480.6
1389290 1476.3
1389300 1476.3
1389310 1473.2
1389320 1470.3
1389330 1470.3
1389340 1467.5
1389350 1465.1
1389360 1465.1
1389370 1462.3
1389380 1459.3
1389390 1459.3
1389400 1456.3
1389410 1453.0
1389420 1449.2
1389430 1449.2
1389440 1445.5
1389450 1441.5
1389460 1441.5
1389470 1436.2
1389480 1431.7
1389490 1431.7
1389500 1428.1
1389510 1425.2
1389520 1425.2
1389530 1423.5
1389540 1422.3
1389550 1422.3
1389560 1421.0
1389570 1419.5
1389580 1419.5
1389590 1417.9
1389600 1416.5
1389610 1415.3
1389620 1415.3
1389630 1414.8
1389640 1414.1
1389650 1414.1
1389660 1413.2
1389670 1412.2
1389680 1412.2
1389690 1411.5
1389700 1410.4
1389710 1410.4
1389720 1409.4
1389730 1408.3
1389740 1408.3
1389750 1407.6
1389760 1407.1
1389770 1406.0
1389780 1406.0
1389790 1405.1
1389800 1404.6
1389810 1404.6
1389820 1403.6
1389830 1402.3
1389840 1402.3
1389850 1400.8
1389860 1398.5
1389870 1398.5
1389880 1396.3
1389890 1395.2
1389900 1395.2
1389910 1392.9
1389920 1388.1
1389930 1381.1
1389940 1381.1
1389950 1375.1
1389960 1370.4
1389970 1370.4
1389980 1364.5
1389990 1361.9
1390000 1361.9
1390010 1363.7
1390020 1366.0
1390030 1366.0
1390040 1368.5
1390050 1369.5
1390060 1369.5
1390070 1368.7
1390080 1368.1
1390090 1368.1
1390100 1366.9
1390110 1366.1
1390120 1366.3
1390130 1366.3
1390140 1367.4
1390150 1368.4
1390160 1368.4
1390170 1366.9
1390180 1366.5
1390190 1366.5
1390200 1370.2
1390210 1369.7
1390220 1369.7
1390230 1370.5
1390240 1369.9
1390250 1369.9
1390260 1369.5
1390270 1371.2
1390280 1371.9
1390290 1371.9
1390300 1370.6
1390310 1367.0
1390320 1367.0
1390330 1362.5
1390340 1357.3
1390350 1357.3
1390360 1353.8
1390370 1352.3
1390380 1352.3
1390390 1351.1
1390400 1350.7
1390410 1350.7
1390420 1349.7
1390430 1348.2
1390440 1347.0
1390450 1347.0
1390460 1346.4
1390470 1346.1
1390480 1346.1
1390490 1345.9
1390500 1345.7
1390510 1345.7
1390520 1345.4
1390530 1344.9
1390540 1344.9
1390550 1344.5
1390560 1344.2
1390570 1344.2
1390580 1343.8
1390590 1343.1
1390600 1342.4
1390610 1342.4
1390620 1341.8
1390630 1340.8
1390640 1340.8
1390650 1340.0
1390660 1339.4
1390670 1339.4
1390680 1339.0
1390690 1338.8
1390700 1338.8
1390710 1339.0
1390720 1339.3
1390730 1339.3
1390740 1339.3
1390750 1338.4
1390760 1338.4
1390770 1337.5
1390780 1336.8
1390790 1336.2
1390800 1336.2
1390810 1335.7
1390820 1335.6
1390830 1335.6
1390840 1336.1
1390850 1336.7
1390860 1336.7
1390870 1337.3
1390880 1338.1
1390890 1338.1
1390900 1338.8
1390910 1339.4
1390920 1339.4
1390930 1339.7
1390940 1340.9
1390950 1340.0
1390960 1340.0
1390970 1338.6
1390980 1338.5
1390990 1338.5
1391000 1338.4
1391010 1338.2
1391020 1338.2
1391030 1337.2
1391040 1335.0
1391050 1335.0
1391060 1332.7
1391070 1331.3
1391080 1331.3
1391090 1330.5
1391100 1330.4
1391110 1329.6
1391120 1329.6
1391130 1328.2
1391140 1327.7
1391150 1327.7
1391160 1328.0
1391170 1328.7
1391180 1328.7
1391190 1329.3
1391200 1330.5
1391210 1330.5
1391220 1332.2
1391230 1333.4
1391240 1333.4
1391250 1332.7
1391260 1332.6
1391270 1333.9
1391280 1333.9
1391290 1334.7
1391300 1336.3
1391310 1336.3
1391320 1339.3
1391330 1342.9
1391340 1342.9
1391350 1345.3
1391360 1346.5
1391370 1346.5
1391380 1347.4
1391390 1348.2
1391400 1348.2
1391410 1349.9
1391420 1351.6
1391430 1351.6
1391440 1352.5
1391450 1352.6
1391460 1352.7
1391470 1352.7
1391480 1353.7
1391490 1356.3
1391500 1356.3
1391510 1359.7
1391520 1362.4
1391530 1362.4
1391540 1363.8
1391550 1364.7
1391560 1364.7
1391570 1365.4
1391580 1366.5
1391590 1366.5
1391600 1368.3
1391610 1368.6
1391620 1369.4
1391630 1369.4
1391640 1371.1
1391650 1372.4
1391660 1372.4
1391670 1373.2
1391680 1374.4
1391690 1374.4
1391700 1376.0
1391710 1377.1
1391720 1377.1
1391730 1378.5
1391740 1380.1
1391750 1380.1
1391760 1381.7
1391770 1383.3
1391780 1385.0
1391790 1385.0
1391800 1386.8
1391810 1388.6
1391820 1388.6
1391830 1390.6
1391840 1392.2
1391850 1392.2
1391860 1393.7
1391870 1395.5
1391880 1395.5
1391890 1397.4
1391900 1399.0
1391910 1399.0
1391920 1400.6
1391930 1403.0
1391940 1406.3
1391950 1406.3
1391960 1407.9
1391970 1409.5
1391980 1409.5
1391990 1411.3
1392000 1412.9
1392010 1412.9
1392020 1414.8
1392030 1416.4
1392040 1416.4
1392050 1417.6
1392060 1418.6
1392070 1418.6
1392080 1419.9
1392090 1420.9
1392100 1420.9
1392110 1421.9
1392120 1422.8
1392130 1424.0
1392140 1424.0
1392150 1425.7
1392160 1427.7
1392170 1427.7
1392180 1429.5
1392190 1431.0
1392200 1431.0
1392210 1432.3
1392220 1433.5
1392230 1433.5
1392240 1434.9
1392250 1436.7
1392260 1436.7
1392270 1438.7
1392280 1440.9
1392290 1442.9
1392300 1442.9
1392310 1445.0
1392320 1446.6
1392330 1446.6
1392340 1448.0
1392350 1449.4
1392360 1449.4
1392370 1450.8
1392380 1452.1
1392390 1452.1
1392400 1453.4
1392410 1454.9
1392420 1454.9
1392430 1458.3
1392440 1462.0
1392450 1465.7
1392460 1465.7
1392470 1468.2
1392480 1469.5
1392490 1469.5
1392500 1470.3
1392510 1471.5
1392520 1471.5
1392530 1472.7
1392540 1474.1
1392550 1474.1
1392560 1475.8
1392570 1477.6
1392580 1477.6
1392590 1479.4
1392600 1481.3
1392610 1483.4
1392620 1483.4
1392630 1485.5
1392640 1487.1
1392650 1487.1
1392660 1489.0
1392670 1491.1
1392680 1491.1
1392690 1492.9
1392700 1494.8
1392710 1494.8
1392720 1496.6
1392730 1498.1
1392740 1498.1
1392750 1499.8
1392760 1501.8
1392770 1501.8
1392780 1503.6
1392790 1504.7
1392800 1506.6
1392810 1506.6
1392820 1509.1
1392830 1511.0
1392840 1511.0
1392850 1513.1
1392860 1514.9
1392870 1514.9
1392880 1515.9
1392890 1517.0
1392900 1517.0
1392910 1514.7
1392920 1516.8
1392930 1516.8
1392940 1518.4
1392950 1519.9
1392960 1521.1
1392970 1521.1
1392980 1522.3
1392990 1523.7
1393000 1523.7
1393010 1525.0
1393020 1526.3
1393030 1526.3
1393040 1527.3
1393050 1527.8
1393060 1527.8
1393070 1528.6
1393080 1529.6
1393090 1529.6
1393100 1530.9
1393110 1532.4
1393120 1533.6
1393130 1533.6
1393140 1534.5
1393150 1535.9
1393160 1535.9
1393170 1537.9
1393180 1539.8
1393190 1539.8
1393200 1541.3
1393210 1542.8
1393220 1542.8
1393230 1544.5
1393240 1546.3
1393250 1546.3
1393260 1547.9
1393270 1549.4
1393280 1549.4
1393290 1551.1
1393300 1553.5
1393310 1555.2
1393320 1555.2
1393330 1557.1
1393340 1558.7
1393350 1558.7
1393360 1561.1
1393370 1563.4
1393380 1563.4
1393390 1566.0
1393400 1569.1
1393410 1569.1
1393420 1571.4
1393430 1574.6
1393440 1574.6
1393450 1578.0
1393460 1581.1
1393470 1584.3
1393480 1584.3
1393490 1586.3
1393500 1587.1
1393510 1587.1
1393520 1590.8
1393530 1596.0
1393540 1596.0
1393550 1599.1
1393560 1601.4
1393570 1601.4
1393580 1603.6
1393590 1605.7
1393600 1605.7
1393610 1607.7
1393620 1608.6
1393630 1610.8
1393640 1610.8
1393650 1615.1
1393660 1617.9
1393670 1617.9
1393680 1619.6
1393690 1620.9
1393700 1620.9
1393710 1623.1
1393720 1626.0
1393730 1626.0
1393740 1627.0
1393750 1627.8
1393760 1627.8
1393770 1632.6
1393780 1637.0
1393790 1637.6
1393800 1637.6
1393810 1635.5
1393820 1630.8
1393830 1630.8
1393840 1625.9
1393850 1628.4
1393860 1628.4
1393870 1636.7
1393880 1644.7
1393890 1644.7
1393900 1651.7
1393910 1656.4
1393920 1656.4
1393930 1659.5
1393940 1661.7
1393950 1661.7
1393960 1663.6
1393970 1665.6
1393980 1667.7
1393990 1667.7
1394000 1670.2
1394010 1673.1
1394020 1673.1
1394030 1676.0
1394040 1678.5
1394050 1678.5
1394060 1679.4
1394070 1680.2
1394080 1680.2
1394090 1683.4
1394100 1685.3
1394110 1685.3
1394120 1684.0
1394130 1683.1
1394140 1682.1
1394150 1682.1
1394160 1679.9
1394170 1678.1
1394180 1678.1
1394190 1679.2
1394200 1683.3
1394210 1683.3
1394220 1688.4
1394230 1694.3
1394240 1694.3
1394250 1698.5
1394260 1701.0
1394270 1701.0
1394280 1703.8
1394290 1704.4
1394300 1708.9
1394310 1708.9
1394320 1712.7
1394330 1716.3
1394340 1716.3
1394350 1719.8
1394360 1724.3
1394370 1724.3
1394380 1727.0
1394390 1727.1
1394400 1727.1
1394410 1728.1
1394420 1733.2
1394430 1733.2
1394440 1738.0
1394450 1741.3
1394460 1744.4
1394470 1744.4
1394480 1748.1
1394490 1751.7
1394500 1751.7
1394510 1753.6
1394520 1754.4
1394530 1754.4
1394540 1757.1
1394550 1760.8
1394560 1760.8
1394570 1764.8
1394580 1768.5
1394590 1768.5
1394600 1771.4
1394610 1772.9
1394620 1772.9
1394630 1772.5
1394640 1772.3
1394650 1771.9
1394660 1771.9
1394670 1772.7
1394680 1779.0
1394690 1779.0
1394700 1785.6
1394710 1791.5
1394720 1791.5
1394730 1797.4
1394740 1801.3
1394750 1801.3
1394760 1803.3
1394770 1804.9
1394780 1804.9
1394790 1807.5
1394800 1811.1
1394810 1815.0
1394820 1815.0
1394830 1818.7
1394840 1822.1
1394850 1822.1
1394860 1825.0
1394870 1827.8
1394880 1827.8
1394890 1830.9
1394900 1833.9
1394910 1833.9
1394920 1836.3
1394930 1838.3
1394940 1838.3
1394950 1839.9
1394960 1841.2
1394970 1842.0
1394980 1842.0
1394990 1842.6
1395000 1843.1
1395010 1843.1
1395020 1843.2
1395030 1843.7
1395040 1843.7
1395050 1844.5
1395060 1845.8
1395070 1845.8
1395080 1847.3
1395090 1849.0
1395100 1849.0
1395110 1850.4
1395120 1851.5
1395130 1853.3
1395140 1853.3
1395150 1854.2
1395160 1854.9
1395170 1854.9
1395180 1854.9
1395190 1854.1
1395200 1854.1
1395210 1853.6
1395220 1853.4
1395230 1853.4
1395240 1853.3
1395250 1853.2
1395260 1853.2
1395270 1853.1
1395280 1853.3
1395290 1853.3
1395300 1853.4
1395310 1853.7
1395320 1853.6
1395330 1853.6
1395340 1853.5
1395350 1853.6
1395360 1853.6
1395370 1853.9
1395380 1853.7
1395390 1853.7
1395400 1853.9
1395410 1853.3
1395420 1853.3
1395430 1853.8
1395440 1853.5
1395450 1853.5
1395460 1853.5
1395470 1852.5
1395480 1852.2
1395490 1852.2
1395500 1853.0
1395510 1852.5
1395520 1852.5
1395530 1852.9
1395540 1853.9
1395550 1853.9
1395560 1855.3
1395570 1856.5
1395580 1856.5
1395590 1857.3
1395600 1857.9
1395610 1857.9
1395620 1858.6
1395630 1859.6
1395640 1860.9
1395650 1860.9
1395660 1861.8
1395670 1862.1
1395680 1862.1
1395690 1862.0
1395700 1858.5
1395710 1858.5
1395720 1858.3
1395730 1858.2
1395740 1858.2
1395750 1858.4
1395760 1858.5
1395770 1858.5
1395780 1858.8
1395790 1859.7
1395800 1859.7
1395810 1860.2
1395820 1859.6
1395830 1860.0
1395840 1860.0
1395850 1860.3
1395860 1860.3
1395870 1860.3
1395880 1861.4
1395890 1862.7
1395900 1862.7
1395910 1863.9
1395920 1865.1
1395930 1865.1
1395940 1866.6
1395950 1868.1
1395960 1868.1
1395970 1869.3
1395980 1870.3
1395990 1870.5
1396000 1870.5
1396010 1872.1
1396020 1874.2
1396030 1874.2
1396040 1876.0
1396050 1877.6
1396060 1877.6
1396070 1878.7
1396080 1878.8
1396090 1878.8
1396100 1879.1
1396110 1879.6
1396120 1879.6
1396130 1880.0
1396140 1880.2
1396150 1880.8
1396160 1880.8
1396170 1881.3
1396180 1881.7
1396190 1881.7
1396200 1882.3
1396210 1883.1
1396220 1883.1
1396230 1883.6
1396240 1884.0
1396250 1884.0
1396260 1884.8
1396270 1885.6
1396280 1885.6
1396290 1886.3
1396300 1887.1
1396310 1888.1
1396320 1888.1
1396330 1888.9
1396340 1889.8
1396350 1889.8
1396360 1890.2
1396370 1890.9
1396380 1890.9
1396390 1892.0
1396400 1893.6
1396410 1893.6
1396420 1895.1
1396430 1895.8
1396440 1895.8
1396450 1894.4
1396460 1891.3
1396470 1891.3
1396480 1888.8
1396490 1889.9
1396500 1893.6
1396510 1893.6
1396520 1898.0
1396530 1900.2
1396540 1900.2
1396550 1900.6
1396560 1900.6
1396570 1900.6
1396580 1900.4
1396590 1900.0
1396600 1900.0
1396610 1899.7
1396620 1899.9
1396630 1899.9
1396640 1900.3
1396650 1900.5
1396660 1899.9
1396670 1899.9
1396680 1898.3
1396690 1896.9
1396700 1896.9
1396710 1895.5
1396720 1893.1
1396730 1893.1
1396740 1893.7
1396750 1896.2
1396760 1896.2
1396770 1896.9
1396780 1897.1
1396790 1897.1
1396800 1897.2
1396810 1896.5
1396820 1897.0
1396830 1897.0
1396840 1897.7
1396850 1898.3
1396860 1898.3
1396870 1896.8
1396880 1894.7
1396890 1894.7
1396900 1896.3
1396910 1899.2
1396920 1899.2
1396930 1900.8
1396940 1902.0
1396950 1902.0
1396960 1902.5
1396970 1903.1
1396980 1903.9
1396990 1903.9
1397000 1906.4
1397010 1908.8
1397020 1908.8
1397030 1910.9
1397040 1913.0
1397050 1913.0
1397060 1914.9
1397070 1916.9
1397080 1916.9
1397090 1918.6
1397100 1919.8
1397110 1919.8
1397120 1920.8
1397130 1918.8
1397140 1918.8
1397150 1920.5
1397160 1922.5
1397170 1924.7
1397180 1924.7
1397190 1926.9
1397200 1928.9
1397210 1928.9
1397220 1930.3
1397230 1931.0
1397240 1931.0
1397250 1931.2
1397260 1931.0
1397270 1931.0
1397280 1930.9
1397290 1931.3
1397300 1931.3
1397310 1931.8
1397320 1932.4
1397330 1933.3
1397340 1933.3
1397350 1934.4
1397360 1935.1
1397370 1935.1
1397380 1935.4
1397390 1935.4
1397400 1935.4
1397410 1935.1
1397420 1934.5
1397430 1934.5
1397440 1933.4
1397450 1932.3
1397460 1932.3
1397470 1931.0
1397480 1929.6
1397490 1928.9
1397500 1928.9
1397510 1928.1
1397520 1927.3
1397530 1927.3
1397540 1926.6
1397550 1925.8
1397560 1925.8
1397570 1924.8
1397580 1923.9
1397590 1923.9
1397600 1922.7
1397610 1920.8
1397620 1920.8
1397630 1918.7
1397640 1915.1
1397650 1910.7
1397660 1910.7
1397670 1904.4
1397680 1901.7
1397690 1901.7
1397700 1906.8
1397710 1911.4
1397720 1911.4
1397730 1916.2
1397740 1921.3
1397750 1921.3
1397760 1926.2
1397770 1931.1
1397780 1931.1
1397790 1935.6
1397800 1938.0
1397810 1938.0
1397820 1939.6
1397830 1941.7
1397840 1944.2
1397850 1944.2
1397860 1946.5
1397870 1948.6
1397880 1948.6
1397890 1950.3
1397900 1951.7
1397910 1951.7
1397920 1953.0
1397930 1954.5
1397940 1954.5
1397950 1955.9
1397960 1957.2
1397970 1957.2
1397980 1958.6
1397990 1959.4
1398000 1959.8
1398010 1959.8
1398020 1960.3
1398030 1960.2
1398040 1960.2
1398050 1960.9
1398060 1961.7
1398070 1961.7
1398080 1962.2
1398090 1962.4
1398100 1962.4
1398110 1963.0
1398120 1963.7
1398130 1963.7
1398140 1963.8
1398150 1964.1
1398160 1965.1
1398170 1965.1
1398180 1966.8
1398190 1968.5
1398200 1968.5
1398210 1970.1
1398220 1971.4
1398230 1971.4
1398240 1972.5
1398250 1973.5
1398260 1973.5
1398270 1974.6
1398280 1975.5
1398290 1975.5
1398300 1976.2
1398310 1976.9
1398320 1976.9
1398330 1977.6
1398340 1978.6
1398350 1979.7
1398360 1979.7
1398370 1981.0
1398380 1982.5
1398390 1982.5
1398400 1983.9
1398410 1985.2
1398420 1985.2
1398430 1986.8
1398440 1988.1
1398450 1988.1
1398460 1989.0
1398470 1989.8
1398480 1989.8
1398490 1990.7
1398500 1992.0
1398510 1993.7
1398520 1993.7
1398530 1995.4
1398540 1996.8
1398550 1996.8
1398560 1998.5
1398570 2000.2
1398580 2000.2
1398590 1995.5
1398600 1996.6
1398610 1996.6
1398620 1997.6
1398630 1998.5
1398640 1998.5
1398650 1999.1
1398660 1999.3
1398670 1998.8
1398680 1998.8
1398690 1997.0
1398700 1994.6
1398710 1994.6
1398720 1992.3
1398730 1990.3
1398740 1990.3
1398750 1989.0
1398760 1987.5
1398770 1987.5
1398780 1985.9
1398790 1984.0
1398800 1984.0
1398810 1981.8
1398820 1979.5
1398830 1977.3
1398840 1977.3
1398850 1974.8
1398860 1972.1
1398870 1972.1
1398880 1968.3
1398890 1964.8
1398900 1964.8
1398910 1961.0
1398920 1957.6
1398930 1957.6
1398940 1954.8
1398950 1952.7
1398960 1952.7
1398970 1949.8
1398980 1946.0
1398990 1946.0
1399000 1941.1
1399010 1936.1
1399020 1931.4
1399030 1931.4
1399040 1926.8
1399050 1922.1
1399060 1922.1
1399070 1917.2
1399080 1912.6
1399090 1912.6
1399100 1908.9
1399110 1905.4
1399120 1905.4
1399130 1902.3
1399140 1899.6
1399150 1899.6
1399160 1897.1
1399170 1894.3
1399180 1890.5
1399190 1890.5
1399200 1884.8
1399210 1879.5
1399220 1879.5
1399230 1877.5
1399240 1881.5
1399250 1881.5
1399260 1885.2
1399270 1888.1
1399280 1888.1
1399290 1891.6
1399300 1895.2
1399310 1895.2
1399320 1899.7
1399330 1903.8
1399340 1908.9
1399350 1908.9
1399360 1914.3
1399370 1919.1
1399380 1919.1
1399390 1923.3
1399400 1927.2
1399410 1927.2
1399420 1930.8
1399430 1934.7
1399440 1934.7
1399450 1937.7
1399460 1940.5
1399470 1940.5
1399480 1943.0
1399490 1945.3
1399500 1947.3
1399510 1947.3
1399520 1948.9
1399530 1950.2
1399540 1950.2
1399550 1951.4
1399560 1952.4
1399570 1952.4
1399580 1953.2
1399590 1954.1
1399600 1954.1
1399610 1955.2
1399620 1956.6
1399630 1956.6
1399640 1957.8
1399650 1958.5
1399660 1958.5
1399670 1959.1
1399680 1959.6
1399690 1959.9
1399700 1959.9
1399710 1960.1
1399720 1960.2
1399730 1960.2
1399740 1960.6
1399750 1960.7
1399760 1960.7
1399770 1960.6
1399780 1960.4
1399790 1960.4
1399800 1960.3
1399810 1960.0
1399820 1960.0
1399830 1959.2
1399840 1958.2
1399850 1957.6
1399860 1957.6
1399870 1957.6
1399880 1957.5
1399890 1957.5
1399900 1956.1
1399910 1954.9
1399920 1954.9
1399930 1954.7
1399940 1954.3
1399950 1954.3
1399960 1953.6
1399970 1952.9
1399980 1952.9
1399990 1951.9
