1380000 1563.7
1380010 1562.9
1380020 1562.9
1380030 1561.3
1380040 1560.0
1380050 1560.0
1380060 1559.3
1380070 1558.6
1380080 1558.6
1380090 1558.9
1380100 1559.4
1380110 1559.4
1380120 1560.0
1380130 1560.5
1380140 1560.5
1380150 1560.1
1380160 1559.1
1380170 1558.2
1380180 1558.2
1380190 1557.3
1380200 1556.9
1380210 1556.9
1380220 1556.5
1380230 1556.1
1380240 1556.1
1380250 1555.5
1380260 1554.3
1380270 1554.3
1380280 1552.6
1380290 1551.5
1380300 1551.5
1380310 1550.7
1380320 1549.9
1380330 1548.2
1380340 1548.2
1380350 1544.0
1380360 1538.7
1380370 1538.7
1380380 1536.6
1380390 1535.9
1380400 1535.9
1380410 1534.5
1380420 1535.4
1380430 1535.4
1380440 1538.3
1380450 1539.6
1380460 1539.6
1380470 1541.1
1380480 1543.7
1380490 1545.0
1380500 1545.0
1380510 1545.4
1380520 1544.5
1380530 1544.5
1380540 1541.1
1380550 1539.1
1380560 1539.1
1380570 1539.3
1380580 1539.8
1380590 1539.8
1380600 1539.8
1380610 1539.6
1380620 1539.6
1380630 1538.8
1380640 1536.9
1380650 1536.9
1380660 1536.2
1380670 1536.2
1380680 1535.8
1380690 1535.8
1380700 1535.2
1380710 1534.2
1380720 1534.2
1380730 1533.2
1380740 1532.5
1380750 1532.5
1380760 1531.6
1380770 1534.3
1380780 1534.3
1380790 1533.8
1380800 1535.1
1380810 1535.1
1380820 1536.3
1380830 1537.4
1380840 1538.3
1380850 1538.3
1380860 1537.5
1380870 1536.6
1380880 1536.6
1380890 1536.5
1380900 1536.4
1380910 1536.4
1380920 1536.4
1380930 1537.5
1380940 1537.5
1380950 1538.9
1380960 1540.7
1380970 1540.7
1380980 1542.5
1380990 1544.1
1381000 1545.5
1381010 1545.5
1381020 1546.5
1381030 1546.6
1381040 1546.6
1381050 1547.2
1381060 1547.6
1381070 1547.6
1381080 1547.6
1381090 1548.4
1381100 1548.4
1381110 1548.7
1381120 1549.2
1381130 1549.2
1381140 1549.9
1381150 1550.2
1381160 1550.2
1381170 1551.1
1381180 1552.2
1381190 1552.6
1381200 1552.6
1381210 1552.3
1381220 1552.1
1381230 1552.1
1381240 1552.1
1381250 1552.1
1381260 1552.1
1381270 1551.8
1381280 1551.3
1381290 1551.3
1381300 1550.4
1381310 1549.2
1381320 1549.2
1381330 1548.1
1381340 1545.8
1381350 1542.6
1381360 1542.6
1381370 1539.0
1381380 1535.3
1381390 1535.3
1381400 1531.9
1381410 1529.5
1381420 1529.5
1381430 1527.8
1381440 1526.2
1381450 1526.2
1381460 1524.5
1381470 1523.1
1381480 1523.1
1381490 1522.1
1381500 1520.8
1381510 1519.6
1381520 1519.6
1381530 1518.2
1381540 1515.4
1381550 1515.4
1381560 1512.6
1381570 1510.0
1381580 1510.0
1381590 1506.7
1381600 1501.5
1381610 1501.5
1381620 1496.5
1381630 1492.8
1381640 1492.8
1381650 1488.1
1381660 1481.3
1381670 1478.0
1381680 1478.0
1381690 1481.4
1381700 1485.5
1381710 1485.5
1381720 1489.5
1381730 1494.0
1381740 1494.0
1381750 1495.6
1381760 1495.6
1381770 1495.6
1381780 1494.2
1381790 1493.8
1381800 1493.8
1381810 1493.8
1381820 1494.1
1381830 1494.1
1381840 1493.7
1381850 1493.3
1381860 1493.9
1381870 1493.9
1381880 1494.4
1381890 1493.2
1381900 1493.2
1381910 1492.1
1381920 1492.3
1381930 1492.3
1381940 1493.3
1381950 1494.2
1381960 1494.2
1381970 1494.5
1381980 1495.2
1381990 1498.2
1382000 1498.6
1382010 1500.1
1382020 1500.6
1382030 1500.6
1382040 1500.2
1382050 1501.7
1382060 1501.7
1382070 1504.0
1382080 1505.4
1382090 1505.4
1382100 1506.3
1382110 1507.1
1382120 1507.1
1382130 1507.6
1382140 1507.7
1382150 1507.7
1382160 1507.7
1382170 1507.6
1382180 1507.9
1382190 1507.9
1382200 1507.5
1382210 1506.7
1382220 1506.7
1382230 1506.1
1382240 1505.5
1382250 1505.5
1382260 1504.8
1382270 1504.0
1382280 1504.0
1382290 1503.3
1382300 1502.7
1382310 1502.7
1382320 1501.7
1382330 1500.7
1382340 1500.7
1382350 1499.7
1382360 1498.0
1382370 1496.3
1382380 1496.3
1382390 1494.5
1382400 1492.6
1382410 1492.6
1382420 1491.2
1382430 1488.9
1382440 1488.9
1382450 1485.9
1382460 1483.3
1382470 1483.3
1382480 1482.4
1382490 1483.1
1382500 1483.1
1382510 1483.5
1382520 1483.5
1382530 1483.4
1382540 1483.4
1382550 1481.4
1382560 1478.2
1382570 1478.2
1382580 1476.0
1382590 1477.1
1382600 1477.1
1382610 1480.9
1382620 1484.1
1382630 1484.1
1382640 1486.2
1382650 1487.7
1382660 1487.7
1382670 1488.7
1382680 1490.0
1382690 1491.2
1382700 1491.2
1382710 1492.4
1382720 1493.6
1382730 1493.6
1382740 1494.7
1382750 1495.5
1382760 1495.5
1382770 1496.7
1382780 1497.9
1382790 1497.9
1382800 1498.9
1382810 1500.1
1382820 1500.1
1382830 1501.4
1382840 1502.4
1382850 1502.4
1382860 1503.2
1382870 1504.0
1382880 1505.2
1382890 1505.2
1382900 1504.9
1382910 1505.6
1382920 1505.6
1382930 1505.8
1382940 1505.9
1382950 1505.9
1382960 1506.1
1382970 1506.3
1382980 1506.3
1382990 1506.4
1383000 1506.9
1383010 1506.9
1383020 1507.3
1383030 1507.5
1383040 1507.5
1383050 1507.5
1383060 1507.3
1383070 1507.5
1383080 1507.5
1383090 1507.4
1383100 1507.2
1383110 1507.2
1383120 1506.7
1383130 1506.0
1383140 1506.0
1383150 1505.1
1383160 1504.3
1383170 1504.3
1383180 1503.7
1383190 1502.9
1383200 1501.6
1383210 1501.6
1383220 1500.0
1383230 1498.8
1383240 1498.8
1383250 1497.0
1383260 1495.3
1383270 1495.3
1383280 1493.4
1383290 1490.6
1383300 1490.6
1383310 1486.8
1383320 1484.3
1383330 1484.3
1383340 1482.5
1383350 1480.6
1383360 1478.4
1383370 1478.4
1383380 1475.9
1383390 1472.6
1383400 1472.6
1383410 1469.3
1383420 1466.3
1383430 1466.3
1383440 1463.4
1383450 1460.9
1383460 1460.9
1383470 1459.8
1383480 1458.4
1383490 1458.4
1383500 1456.8
1383510 1455.8
1383520 1455.8
1383530 1455.7
1383540 1454.8
1383550 1452.0
1383560 1452.0
1383570 1449.9
1383580 1448.2
1383590 1448.2
1383600 1447.1
1383610 1446.9
1383620 1446.9
1383630 1446.8
1383640 1446.7
1383650 1446.7
1383660 1447.4
1383670 1448.0
1383680 1448.0
1383690 1447.5
1383700 1447.3
1383710 1446.5
1383720 1446.5
1383730 1445.6
1383740 1444.6
1383750 1444.6
1383760 1444.8
1383770 1445.3
1383780 1445.3
1383790 1445.3
1383800 1445.9
1383810 1445.9
1383820 1446.4
1383830 1446.3
1383840 1446.3
1383850 1446.3
1383860 1446.3
1383870 1446.7
1383880 1446.7
1383890 1446.7
1383900 1446.8
1383910 1446.8
1383920 1448.2
1383930 1452.2
1383940 1452.2
1383950 1455.4
1383960 1457.0
1383970 1457.0
1383980 1458.4
1383990 1459.6
1384000 1459.6
1384010 1461.5
1384020 1464.3
1384030 1464.3
1384040 1465.5
1384050 1463.1
1384060 1461.5
1384070 1461.5
1384080 1462.8
1384090 1464.9
1384100 1464.9
1384110 1465.9
1384120 1466.9
1384130 1466.9
1384140 1467.9
1384150 1468.8
1384160 1468.8
1384170 1469.7
1384180 1470.1
1384190 1470.1
1384200 1470.7
1384210 1471.2
1384220 1472.0
1384230 1472.0
1384240 1472.7
1384250 1473.2
1384260 1473.2
1384270 1473.5
1384280 1473.3
1384290 1473.3
1384300 1473.0
1384310 1472.9
1384320 1472.9
1384330 1472.4
1384340 1472.1
1384350 1472.1
1384360 1472.0
1384370 1472.0
1384380 1471.9
1384390 1471.9
1384400 1472.1
1384410 1472.0
1384420 1472.0
1384430 1471.8
1384440 1471.4
1384450 1471.4
1384460 1471.0
1384470 1470.8
1384480 1473.5
1384490 1472.7
1384500 1473.0
1384510 1473.0
1384520 1473.4
1384530 1472.6
1384540 1472.6
1384550 1472.2
1384560 1474.0
1384570 1474.7
1384580 1474.7
1384590 1474.3
1384600 1473.6
1384610 1473.6
1384620 1473.0
1384630 1472.9
1384640 1472.9
1384650 1472.8
1384660 1473.2
1384670 1473.2
1384680 1473.2
1384690 1472.2
1384700 1472.2
1384710 1470.4
1384720 1469.7
1384730 1469.2
1384740 1469.2
1384750 1469.0
1384760 1469.2
1384770 1469.2
1384780 1468.7
1384790 1467.9
1384800 1467.9
1384810 1467.8
1384820 1467.4
1384830 1467.4
1384840 1466.7
1384850 1465.3
1384860 1465.3
1384870 1464.3
1384880 1464.1
1384890 1463.8
1384900 1463.8
1384910 1463.1
1384920 1462.5
1384930 1462.5
1384940 1461.9
1384950 1460.3
1384960 1460.3
1384970 1458.5
1384980 1457.6
1384990 1457.6
1385000 1456.8
1385010 1455.9
1385020 1455.9
1385030 1455.3
1385040 1454.8
1385050 1454.5
1385060 1454.5
1385070 1454.8
1385080 1455.0
1385090 1455.0
1385100 1454.7
1385110 1454.5
1385120 1454.5
1385130 1454.4
1385140 1453.6
1385150 1453.6
1385160 1453.5
1385170 1453.5
1385180 1453.5
1385190 1452.5
1385200 1448.9
1385210 1448.9
1385220 1444.2
1385230 1440.3
1385240 1437.5
1385250 1437.5
1385260 1436.0
1385270 1439.4
1385280 1439.4
1385290 1441.6
1385300 1443.7
1385310 1443.7
1385320 1445.0
1385330 1445.2
1385340 1445.2
1385350 1445.3
1385360 1445.0
1385370 1445.0
1385380 1444.3
1385390 1443.6
1385400 1444.3
1385410 1444.3
1385420 1446.4
1385430 1449.6
1385440 1449.6
1385450 1452.5
1385460 1454.8
1385470 1454.8
1385480 1456.8
1385490 1458.2
1385500 1458.2
1385510 1459.2
1385520 1461.2
1385530 1461.2
1385540 1463.3
1385550 1465.9
1385560 1468.7
1385570 1468.7
1385580 1471.5
1385590 1474.5
1385600 1474.5
1385610 1477.3
1385620 1480.0
1385630 1480.0
1385640 1482.6
1385650 1485.6
1385660 1485.6
1385670 1488.6
1385680 1490.9
1385690 1490.9
1385700 1492.6
1385710 1493.9
1385720 1493.9
1385730 1495.1
1385740 1496.2
1385750 1500.0
1385760 1500.0
1385770 1501.5
1385780 1503.6
1385790 1503.6
1385800 1508.0
1385810 1512.3
1385820 1512.3
1385830 1515.8
1385840 1518.9
1385850 1518.9
1385860 1521.8
1385870 1524.4
1385880 1524.4
1385890 1527.4
1385900 1528.0
1385910 1527.0
1385920 1527.0
1385930 1528.2
1385940 1529.6
1385950 1529.6
1385960 1529.7
1385970 1530.5
1385980 1530.5
1385990 1533.1
1386000 1536.5
1386010 1536.5
1386020 1540.4
1386030 1544.6
1386040 1544.6
1386050 1549.5
1386060 1554.5
1386070 1559.6
1386080 1559.6
1386090 1564.1
1386100 1566.9
1386110 1566.9
1386120 1568.9
1386130 1570.8
1386140 1570.8
1386150 1572.5
1386160 1574.1
1386170 1574.1
1386180 1575.5
1386190 1576.7
1386200 1576.7
1386210 1577.6
1386220 1578.2
1386230 1578.2
1386240 1578.1
1386250 1577.2
1386260 1576.2
1386270 1576.2
1386280 1576.2
1386290 1576.9
1386300 1576.9
1386310 1577.4
1386320 1577.6
1386330 1577.6
1386340 1577.4
1386350 1576.3
1386360 1576.3
1386370 1574.7
1386380 1573.6
1386390 1573.6
1386400 1572.0
1386410 1570.6
1386420 1569.8
1386430 1569.8
1386440 1568.6
1386450 1566.9
1386460 1566.9
1386470 1565.2
1386480 1563.1
1386490 1563.1
1386500 1560.8
1386510 1558.8
1386520 1558.8
1386530 1555.7
1386540 1552.9
1386550 1552.9
1386560 1550.5
1386570 1547.4
1386580 1544.4
1386590 1544.4
1386600 1541.0
1386610 1537.4
1386620 1537.4
1386630 1533.3
1386640 1529.0
1386650 1529.0
1386660 1525.4
1386670 1521.6
1386680 1521.6
1386690 1518.5
1386700 1518.6
1386710 1518.6
1386720 1517.1
1386730 1514.6
1386740 1511.6
1386750 1511.6
1386760 1507.8
1386770 1503.5
1386780 1503.5
1386790 1499.9
1386800 1496.6
1386810 1496.6
1386820 1493.2
1386830 1489.1
1386840 1489.1
1386850 1485.5
1386860 1481.4
1386870 1481.4
1386880 1477.2
1386890 1473.1
1386900 1473.1
1386910 1468.9
1386920 1465.4
1386930 1462.5
1386940 1462.5
1386950 1459.0
1386960 1454.6
1386970 1454.6
1386980 1449.4
1386990 1444.7
1387000 1444.7
1387010 1439.9
1387020 1434.4
1387030 1434.4
1387040 1428.1
1387050 1423.1
1387060 1423.1
1387070 1418.3
1387080 1414.0
1387090 1410.5
1387100 1410.5
1387110 1406.6
1387120 1403.0
1387130 1403.0
1387140 1400.5
1387150 1398.6
1387160 1398.6
1387170 1395.8
1387180 1393.1
1387190 1393.1
1387200 1389.9
1387210 1386.7
1387220 1386.7
1387230 1383.3
1387240 1380.3
1387250 1377.4
1387260 1377.4
1387270 1374.9
1387280 1372.7
1387290 1372.7
1387300 1370.6
1387310 1368.8
1387320 1368.8
1387330 1366.8
1387340 1365.4
1387350 1365.4
1387360 1363.7
1387370 1361.1
1387380 1361.1
1387390 1359.6
1387400 1357.9
1387410 1357.9
1387420 1356.1
1387430 1354.5
1387440 1353.4
1387450 1353.4
1387460 1353.5
1387470 1353.3
1387480 1353.3
1387490 1352.9
1387500 1351.6
1387510 1351.6
1387520 1348.0
1387530 1343.6
1387540 1343.6
1387550 1339.4
1387560 1334.2
1387570 1334.2
1387580 1328.4
1387590 1322.3
1387600 1316.2
1387610 1316.2
1387620 1310.1
1387630 1305.2
1387640 1305.2
1387650 1300.4
1387660 1295.5
1387670 1295.5
1387680 1294.8
1387690 1297.0
1387700 1297.0
1387710 1300.2
1387720 1302.9
1387730 1302.9
1387740 1304.3
1387750 1304.4
1387760 1304.4
1387770 1304.4
1387780 1306.5
1387790 1310.3
1387800 1310.3
1387810 1314.0
1387820 1317.8
1387830 1317.8
1387840 1320.9
1387850 1319.6
1387860 1319.6
1387870 1316.3
1387880 1313.5
1387890 1313.5
1387900 1311.4
1387910 1309.5
1387920 1308.2
1387930 1308.2
1387940 1307.0
1387950 1306.0
1387960 1306.0
1387970 1305.9
1387980 1307.9
1387990 1307.9
1388000 1310.1
1388010 1311.8
1388020 1311.8
1388030 1313.4
1388040 1314.2
1388050 1314.2
1388060 1314.3
1388070 1313.5
1388080 1313.5
1388090 1312.7
1388100 1311.8
1388110 1310.4
1388120 1310.4
1388130 1309.6
1388140 1308.0
1388150 1308.0
1388160 1306.7
1388170 1304.7
1388180 1304.7
1388190 1303.2
1388200 1301.8
1388210 1301.8
1388220 1299.4
1388230 1295.5
1388240 1295.5
1388250 1290.4
1388260 1284.9
1388270 1280.1
1388280 1280.1
1388290 1277.8
1388300 1278.2
1388310 1278.2
1388320 1280.4
1388330 1282.4
1388340 1278.0
1388350 1278.4
1388360 1276.9
1388370 1276.9
1388380 1271.9
1388390 1266.9
1388400 1266.9
1388410 1264.4
1388420 1264.7
1388430 1268.9
1388440 1268.9
1388450 1274.9
1388460 1279.9
1388470 1279.9
1388480 1284.9
1388490 1290.0
1388500 1290.0
1388510 1291.8
1388520 1290.9
1388530 1290.9
1388540 1290.1
1388550 1289.8
1388560 1289.8
1388570 1290.1
1388580 1289.8
1388590 1289.8
1388600 1289.0
1388610 1287.9
1388620 1286.8
1388630 1286.8
1388640 1285.9
1388650 1285.2
1388660 1285.2
1388670 1284.5
1388680 1283.5
1388690 1283.5
1388700 1282.0
1388710 1280.8
1388720 1280.8
1388730 1279.7
1388740 1278.9
1388750 1278.9
1388760 1278.3
1388770 1277.7
1388780 1277.3
1388790 1277.3
1388800 1277.0
1388810 1276.8
1388820 1276.8
1388830 1276.4
1388840 1275.3
1388850 1275.3
1388860 1272.9
1388870 1271.1
1388880 1271.1
1388890 1271.1
1388900 1273.8
1388910 1273.8
1388920 1275.3
1388930 1274.2
1388940 1274.0
1388950 1274.0
1388960 1274.0
1388970 1273.9
1388980 1273.9
1388990 1273.6
1389000 1272.4
1389010 1272.4
1389020 1270.6
1389030 1268.1
1389040 1268.1
1389050 1265.4
1389060 1263.0
1389070 1263.0
1389080 1261.6
1389090 1261.0
1389100 1261.0
1389110 1261.0
1389120 1261.8
1389130 1263.4
1389140 1263.4
1389150 1265.1
1389160 1267.3
1389170 1267.3
1389180 1269.5
1389190 1268.8
1389200 1268.8
1389210 1264.8
1389220 1261.1
1389230 1261.1
1389240 1258.6
1389250 1257.1
1389260 1257.1
1389270 1254.9
1389280 1251.3
1389290 1246.5
1389300 1246.5
1389310 1243.6
1389320 1242.3
1389330 1242.3
1389340 1239.9
1389350 1237.7
1389360 1237.7
1389370 1236.9
1389380 1237.6
1389390 1237.6
1389400 1238.3
1389410 1238.7
1389420 1238.7
1389430 1238.1
1389440 1238.9
1389450 1240.4
1389460 1240.4
1389470 1243.5
1389480 1249.3
1389490 1249.3
1389500 1252.4
1389510 1254.2
1389520 1254.2
1389530 1255.8
1389540 1258.2
1389550 1258.2
1389560 1261.7
1389570 1265.3
1389580 1265.3
1389590 1268.1
1389600 1271.3
1389610 1274.7
1389620 1274.7
1389630 1275.7
1389640 1277.6
1389650 1277.6
1389660 1274.7
1389670 1276.2
1389680 1276.2
1389690 1278.4
1389700 1280.2
1389710 1280.2
1389720 1282.0
1389730 1285.5
1389740 1285.5
1389750 1289.4
1389760 1292.4
1389770 1292.4
1389780 1294.9
1389790 1297.8
1389800 1299.7
1389810 1299.7
1389820 1300.7
1389830 1302.6
1389840 1302.6
1389850 1304.7
1389860 1305.8
1389870 1305.8
1389880 1306.3
1389890 1308.2
1389900 1308.2
1389910 1310.7
1389920 1313.3
1389930 1313.3
1389940 1314.7
1389950 1315.9
1389960 1317.2
1389970 1317.2
1389980 1318.2
1389990 1319.2
1390000 1319.2
1390010 1320.2
1390020 1321.1
1390030 1321.1
1390040 1322.1
1390050 1323.5
1390060 1323.5
1390070 1325.5
1390080 1328.4
1390090 1328.4
1390100 1331.0
1390110 1334.1
1390120 1337.4
1390130 1337.4
1390140 1340.4
1390150 1343.2
1390160 1343.2
1390170 1346.2
1390180 1349.0
1390190 1349.0
1390200 1352.0
1390210 1355.2
1390220 1355.2
1390230 1358.0
1390240 1360.8
1390250 1360.8
1390260 1363.9
1390270 1367.5
1390280 1367.5
1390290 1370.9
1390300 1373.8
1390310 1376.1
1390320 1376.1
1390330 1378.7
1390340 1381.4
1390350 1381.4
1390360 1384.8
1390370 1388.7
1390380 1388.7
1390390 1392.4
1390400 1394.7
1390410 1394.7
1390420 1396.4
1390430 1398.1
1390440 1398.1
1390450 1400.5
1390460 1404.6
1390470 1408.6
1390480 1408.6
1390490 1412.5
1390500 1416.6
1390510 1416.6
1390520 1420.8
1390530 1423.3
1390540 1423.3
1390550 1425.7
1390560 1429.5
1390570 1429.5
1390580 1431.4
1390590 1436.5
1390600 1436.5
1390610 1441.4
1390620 1445.1
1390630 1449.0
1390640 1449.0
1390650 1453.4
1390660 1458.5
1390670 1458.5
1390680 1462.6
1390690 1466.0
1390700 1466.0
1390710 1469.4
1390720 1473.0
1390730 1473.0
1390740 1477.0
1390750 1481.1
1390760 1481.1
1390770 1484.9
1390780 1488.5
1390790 1492.4
1390800 1492.4
1390810 1496.2
1390820 1500.2
1390830 1500.2
1390840 1504.7
1390850 1508.3
1390860 1508.3
1390870 1511.8
1390880 1515.7
1390890 1515.7
1390900 1519.7
1390910 1523.5
1390920 1523.5
1390930 1526.9
1390940 1530.6
1390950 1530.6
1390960 1534.2
1390970 1537.0
1390980 1539.4
1390990 1534.3
1391000 1537.6
1391010 1540.5
1391020 1540.5
1391030 1543.5
1391040 1546.1
1391050 1546.1
1391060 1548.1
1391070 1550.7
1391080 1550.7
1391090 1554.6
1391100 1558.3
1391110 1558.3
1391120 1561.2
1391130 1564.0
1391140 1566.7
1391150 1566.7
1391160 1569.2
1391170 1572.3
1391180 1572.3
1391190 1574.8
1391200 1577.4
1391210 1577.4
1391220 1580.2
1391230 1582.9
1391240 1582.9
1391250 1585.2
1391260 1587.3
1391270 1587.3
1391280 1589.8
1391290 1593.0
1391300 1595.7
1391310 1595.7
1391320 1598.1
1391330 1600.3
1391340 1600.3
1391350 1602.0
1391360 1603.7
1391370 1603.7
1391380 1605.9
1391390 1608.0
1391400 1608.0
1391410 1609.6
1391420 1611.1
1391430 1611.1
1391440 1612.4
1391450 1613.4
1391460 1613.4
1391470 1614.7
1391480 1616.0
1391490 1617.7
1391500 1617.7
1391510 1619.6
1391520 1621.9
1391530 1621.9
1391540 1624.4
1391550 1626.8
1391560 1626.8
1391570 1628.7
1391580 1631.3
1391590 1631.3
1391600 1634.4
1391610 1638.1
1391620 1638.1
1391630 1641.8
1391640 1645.2
1391650 1648.9
1391660 1648.9
1391670 1652.5
1391680 1656.3
1391690 1656.3
1391700 1661.1
1391710 1665.6
1391720 1665.6
1391730 1668.8
1391740 1671.4
1391750 1671.4
1391760 1673.5
1391770 1676.6
1391780 1676.6
1391790 1680.1
1391800 1684.0
1391810 1688.0
1391820 1688.0
1391830 1692.6
1391840 1697.1
1391850 1697.1
1391860 1701.6
1391870 1705.5
1391880 1705.5
1391890 1709.1
1391900 1713.3
1391910 1713.3
1391920 1717.8
1391930 1722.6
1391940 1722.6
1391950 1727.0
1391960 1731.6
1391970 1736.1
1391980 1736.1
1391990 1740.5
1392000 1744.3
1392010 1744.3
1392020 1747.8
1392030 1751.6
1392040 1751.6
1392050 1755.5
1392060 1759.0
1392070 1759.0
1392080 1763.2
1392090 1766.7
1392100 1766.7
1392110 1769.7
1392120 1772.3
1392130 1772.3
1392140 1775.1
1392150 1778.3
1392160 1781.4
1392170 1781.4
1392180 1784.2
1392190 1786.6
1392200 1786.6
1392210 1789.0
1392220 1791.1
1392230 1791.1
1392240 1793.0
1392250 1795.5
1392260 1795.5
1392270 1798.5
1392280 1801.3
1392290 1801.3
1392300 1804.0
1392310 1806.9
1392320 1810.1
1392330 1810.1
1392340 1813.5
1392350 1814.8
1392360 1814.8
1392370 1816.3
1392380 1818.6
1392390 1818.6
1392400 1820.8
1392410 1823.3
1392420 1823.3
1392430 1825.7
1392440 1828.4
1392450 1828.4
1392460 1831.1
1392470 1833.7
1392480 1836.0
1392490 1836.0
1392500 1837.8
1392510 1839.3
1392520 1839.3
1392530 1839.6
1392540 1839.8
1392550 1839.8
1392560 1839.6
1392570 1839.5
1392580 1839.5
1392590 1839.2
1392600 1838.7
1392610 1838.7
1392620 1838.5
1392630 1838.4
1392640 1838.4
1392650 1838.1
1392660 1837.8
1392670 1837.2
1392680 1837.2
1392690 1837.0
1392700 1837.7
1392710 1837.7
1392720 1837.9
1392730 1838.0
1392740 1838.0
1392750 1837.9
1392760 1837.7
1392770 1837.7
1392780 1837.3
1392790 1836.4
1392800 1836.4
1392810 1835.4
1392820 1834.5
1392830 1833.7
1392840 1833.7
1392850 1833.1
1392860 1832.7
1392870 1832.7
1392880 1832.7
1392890 1833.9
1392900 1833.9
1392910 1835.8
1392920 1837.4
1392930 1837.4
1392940 1839.5
1392950 1841.9
1392960 1841.9
1392970 1843.8
1392980 1845.7
1392990 1847.5
1393000 1847.5
1393010 1848.7
1393020 1850.0
1393030 1850.0
1393040 1851.6
1393050 1852.9
1393060 1852.9
1393070 1854.3
1393080 1855.5
1393090 1855.5
1393100 1856.3
1393110 1857.0
1393120 1857.0
1393130 1858.0
1393140 1858.8
1393150 1858.8
1393160 1859.7
1393170 1860.2
1393180 1860.5
1393190 1860.5
1393200 1860.5
1393210 1860.2
1393220 1860.2
1393230 1859.9
1393240 1859.5
1393250 1859.5
1393260 1859.0
1393270 1858.0
1393280 1858.0
1393290 1857.1
1393300 1856.0
1393310 1856.0
1393320 1854.7
1393330 1853.0
1393340 1851.2
1393350 1851.2
1393360 1849.5
1393370 1847.2
1393380 1847.2
1393390 1844.2
1393400 1841.6
1393410 1841.6
1393420 1838.7
1393430 1834.4
1393440 1834.4
1393450 1830.5
1393460 1826.0
1393470 1826.0
1393480 1822.1
1393490 1818.5
1393500 1815.7
1393510 1815.7
1393520 1812.9
1393530 1809.2
1393540 1809.2
1393550 1805.3
1393560 1801.3
1393570 1801.3
1393580 1796.7
1393590 1794.7
1393600 1794.7
1393610 1795.4
1393620 1793.4
1393630 1793.4
1393640 1789.3
1393650 1786.0
1393660 1783.4
1393670 1783.4
1393680 1781.2
1393690 1778.7
1393700 1778.7
1393710 1775.5
1393720 1777.3
1393730 1777.3
1393740 1773.6
1393750 1769.4
1393760 1769.4
1393770 1767.4
1393780 1764.6
1393790 1764.6
1393800 1763.0
1393810 1763.7
1393820 1763.7
1393830 1771.0
1393840 1779.4
1393850 1787.6
1393860 1787.6
1393870 1795.6
1393880 1802.8
1393890 1802.8
1393900 1808.8
1393910 1812.4
1393920 1812.4
1393930 1817.0
1393940 1823.0
1393950 1823.0
1393960 1829.7
1393970 1836.8
1393980 1836.8
1393990 1844.1
1394000 1850.0
1394010 1852.4
1394020 1852.4
1394030 1852.7
1394040 1852.3
1394050 1852.3
1394060 1851.6
1394070 1850.9
1394080 1850.9
1394090 1850.5
1394100 1850.4
1394110 1850.4
1394120 1850.1
1394130 1849.5
1394140 1849.5
1394150 1848.9
1394160 1847.9
1394170 1845.6
1394180 1845.6
1394190 1843.0
1394200 1840.4
1394210 1840.4
1394220 1837.4
1394230 1834.2
1394240 1834.2
1394250 1830.8
1394260 1826.5
1394270 1826.5
1394280 1820.8
1394290 1813.9
1394300 1813.9
1394310 1807.7
1394320 1802.1
1394330 1802.1
1394340 1798.6
1394350 1799.8
1394360 1803.3
1394370 1803.3
1394380 1807.8
1394390 1811.3
1394400 1811.3
1394410 1813.6
1394420 1815.6
1394430 1815.6
1394440 1817.8
1394450 1820.7
1394460 1820.7
1394470 1823.6
1394480 1826.5
1394490 1826.5
1394500 1828.7
1394510 1830.7
1394520 1832.2
1394530 1832.2
1394540 1833.3
1394550 1834.2
1394560 1834.2
1394570 1834.8
1394580 1834.7
1394590 1834.7
1394600 1834.3
1394610 1833.8
1394620 1833.8
1394630 1832.7
1394640 1830.9
1394650 1830.9
1394660 1828.9
1394670 1826.4
1394680 1823.6
1394690 1823.6
1394700 1821.0
1394710 1819.0
1394720 1819.0
1394730 1816.1
1394740 1813.5
1394750 1813.5
1394760 1812.1
1394770 1812.9
1394780 1812.9
1394790 1813.6
1394800 1813.4
1394810 1813.4
1394820 1812.3
1394830 1810.5
1394840 1808.6
1394850 1808.6
1394860 1806.8
1394870 1804.4
1394880 1804.4
1394890 1800.2
1394900 1795.0
1394910 1795.0
1394920 1791.2
1394930 1789.6
1394940 1789.6
1394950 1788.7
1394960 1787.2
1394970 1787.2
1394980 1784.2
1394990 1780.7
1395000 1780.7
1395010 1775.8
1395020 1768.9
1395030 1761.7
1395040 1761.7
1395050 1762.3
1395060 1767.9
1395070 1767.9
1395080 1770.9
1395090 1773.6
1395100 1773.6
1395110 1776.2
1395120 1784.4
1395130 1784.4
1395140 1788.3
1395150 1792.5
1395160 1792.5
1395170 1797.0
1395180 1801.6
1395190 1806.3
1395200 1806.3
1395210 1810.5
1395220 1813.7
1395230 1813.7
1395240 1815.9
1395250 1817.3
1395260 1817.3
1395270 1818.1
1395280 1818.5
1395290 1818.5
1395300 1819.0
1395310 1819.3
1395320 1819.3
1395330 1819.1
1395340 1818.7
1395350 1818.4
1395360 1818.4
1395370 1817.6
1395380 1816.3
1395390 1816.3
1395400 1815.6
1395410 1813.5
1395420 1813.5
1395430 1811.8
1395440 1810.7
1395450 1810.7
1395460 1810.5
1395470 1813.4
1395480 1813.4
1395490 1815.6
1395500 1816.5
1395510 1816.5
1395520 1816.4
1395530 1815.6
1395540 1814.9
1395550 1814.9
1395560 1814.8
1395570 1813.9
1395580 1813.9
1395590 1812.6
1395600 1811.4
1395610 1811.4
1395620 1809.2
1395630 1807.0
1395640 1807.0
1395650 1804.9
1395660 1801.7
1395670 1801.7
1395680 1796.6
1395690 1791.6
1395700 1786.7
1395710 1786.7
1395720 1780.9
1395730 1774.6
1395740 1774.6
1395750 1768.6
1395760 1762.0
1395770 1762.0
1395780 1754.7
1395790 1747.3
1395800 1747.3
1395810 1739.6
1395820 1731.3
1395830 1731.3
1395840 1722.1
1395850 1714.3
1395860 1712.9
1395870 1712.9
1395880 1714.0
1395890 1715.2
1395900 1715.2
1395910 1716.2
1395920 1718.2
1395930 1718.2
1395940 1720.9
1395950 1723.4
1395960 1723.4
1395970 1724.0
1395980 1720.9
1395990 1720.9
1396000 1716.5
1396010 1710.6
1396020 1710.6
1396030 1705.6
1396040 1711.4
1396050 1718.2
1396060 1718.2
1396070 1718.0
1396080 1722.9
1396090 1722.9
1396100 1725.5
1396110 1726.9
1396120 1726.9
1396130 1729.7
1396140 1732.3
1396150 1732.3
1396160 1734.0
1396170 1734.9
1396180 1734.9
1396190 1735.5
1396200 1735.3
1396210 1734.9
1396220 1734.9
1396230 1734.6
1396240 1734.4
1396250 1734.4
1396260 1733.4
1396270 1731.1
1396280 1731.1
1396290 1728.5
1396300 1726.3
1396310 1726.3
1396320 1723.5
1396330 1721.0
1396340 1721.0
1396350 1718.5
1396360 1715.6
1396370 1713.5
1396380 1713.5
1396390 1712.2
1396400 1709.7
1396410 1709.7
1396420 1707.0
1396430 1703.4
1396440 1703.4
1396450 1698.6
1396460 1693.2
1396470 1693.2
1396480 1688.6
1396490 1686.8
1396500 1686.8
1396510 1691.3
1396520 1696.9
1396530 1701.5
1396540 1706.5
1396550 1710.0
1396560 1711.9
1396570 1711.9
1396580 1711.3
1396590 1711.0
1396600 1711.0
1396610 1710.1
1396620 1710.2
1396630 1710.2
1396640 1709.3
1396650 1709.7
1396660 1709.7
1396670 1707.6
1396680 1700.8
1396690 1700.8
1396700 1693.4
1396710 1687.7
1396720 1690.0
1396730 1690.0
1396740 1696.3
1396750 1702.3
1396760 1702.3
1396770 1709.7
1396780 1716.8
1396790 1716.8
1396800 1722.7
1396810 1727.8
1396820 1727.8
1396830 1732.5
1396840 1737.0
1396850 1737.0
1396860 1741.1
1396870 1745.0
1396880 1748.6
1396890 1748.6
1396900 1752.2
1396910 1755.2
1396920 1755.2
1396930 1757.8
1396940 1759.7
1396950 1759.7
1396960 1761.0
1396970 1761.2
1396980 1761.2
1396990 1760.9
1397000 1761.0
1397010 1761.0
1397020 1762.0
1397030 1761.6
1397040 1759.0
1397050 1759.0
1397060 1756.8
1397070 1753.9
1397080 1753.9
1397090 1750.9
1397100 1746.8
1397110 1746.8
1397120 1741.8
1397130 1736.7
1397140 1736.7
1397150 1733.0
1397160 1736.5
1397170 1736.5
1397180 1744.7
1397190 1750.4
1397200 1750.4
1397210 1754.2
1397220 1759.9
1397230 1764.6
1397240 1764.6
1397250 1768.2
1397260 1771.1
1397270 1771.1
1397280 1773.6
1397290 1775.8
1397300 1775.8
1397310 1777.2
1397320 1778.5
1397330 1778.5
1397340 1778.9
1397350 1778.9
1397360 1778.9
1397370 1778.6
1397380 1778.4
1397390 1778.3
1397400 1778.3
1397410 1777.3
1397420 1774.4
1397430 1774.4
1397440 1771.1
1397450 1768.9
1397460 1768.9
1397470 1768.1
1397480 1767.0
1397490 1767.0
1397500 1768.8
1397510 1771.9
1397520 1771.9
1397530 1773.6
1397540 1775.2
1397550 1776.3
1397560 1776.3
1397570 1773.1
1397580 1766.5
1397590 1766.5
1397600 1770.5
1397610 1772.4
1397620 1772.4
1397630 1773.0
1397640 1773.7
1397650 1773.7
1397660 1774.4
1397670 1776.6
1397680 1776.6
1397690 1782.0
1397700 1788.8
1397710 1796.0
1397720 1796.0
1397730 1803.7
1397740 1812.0
1397750 1812.0
1397760 1821.0
1397770 1827.4
1397780 1827.4
1397790 1836.1
1397800 1844.3
1397810 1844.3
1397820 1852.4
1397830 1860.8
1397840 1860.8
1397850 1869.6
1397860 1878.2
1397870 1878.2
1397880 1886.2
1397890 1893.6
1397900 1900.3
1397910 1900.3
1397920 1906.2
1397930 1912.3
1397940 1912.3
1397950 1918.9
1397960 1925.7
1397970 1925.7
1397980 1930.4
1397990 1938.7
1398000 1938.7
1398010 1945.6
1398020 1951.9
1398030 1951.9
1398040 1958.2
1398050 1964.7
1398060 1970.3
1398070 1970.3
1398080 1975.9
1398090 1981.4
1398100 1981.4
1398110 1986.5
1398120 1992.1
1398130 1992.1
1398140 1997.7
1398150 2003.9
1398160 2003.9
1398170 2008.8
1398180 2013.9
1398190 2013.9
1398200 2018.0
1398210 2019.4
1398220 2017.8
1398230 2017.8
1398240 2016.9
1398250 2016.2
1398260 2016.2
1398270 2013.2
1398280 2009.2
1398290 2009.2
1398300 2004.9
1398310 2000.1
1398320 2000.1
1398330 1994.8
1398340 1988.7
1398350 1988.7
1398360 1982.5
1398370 1976.0
1398380 1976.0
1398390 1969.7
1398400 1963.7
1398410 1957.3
1398420 1957.3
1398430 1951.2
1398440 1945.3
1398450 1945.3
1398460 1939.0
1398470 1932.8
1398480 1932.8
1398490 1927.7
1398500 1922.5
1398510 1922.5
1398520 1917.6
1398530 1913.2
1398540 1913.2
1398550 1908.4
1398560 1903.6
1398570 1897.4
1398580 1897.4
1398590 1893.9
1398600 1891.3
1398610 1891.3
1398620 1891.1
1398630 1890.2
1398640 1890.2
1398650 1886.9
1398660 1882.0
1398670 1882.0
1398680 1873.6
1398690 1866.6
1398700 1866.6
1398710 1870.2
1398720 1876.5
1398730 1877.4
1398740 1877.4
1398750 1875.6
1398760 1875.2
1398770 1875.2
1398780 1874.7
1398790 1874.3
1398800 1874.3
1398810 1873.4
1398820 1869.2
1398830 1869.2
1398840 1867.0
1398850 1873.3
1398860 1873.3
1398870 1881.3
1398880 1886.3
1398890 1886.3
1398900 1889.9
1398910 1893.2
1398920 1896.9
1398930 1896.9
1398940 1900.9
1398950 1904.7
1398960 1904.7
1398970 1907.8
1398980 1910.8
1398990 1910.8
1399000 1913.9
1399010 1916.5
1399020 1916.5
1399030 1918.0
1399040 1918.0
1399050 1918.0
1399060 1915.6
1399070 1912.7
1399080 1912.3
1399090 1912.3
1399100 1916.3
1399110 1923.2
1399120 1923.2
1399130 1930.2
1399140 1936.4
1399150 1936.4
1399160 1941.1
1399170 1943.6
1399180 1943.6
1399190 1945.1
1399200 1945.9
1399210 1945.9
1399220 1945.8
1399230 1945.3
1399240 1945.4
1399250 1945.4
1399260 1947.0
1399270 1950.4
1399280 1950.4
1399290 1955.4
1399300 1960.2
1399310 1960.2
1399320 1965.2
1399330 1970.2
1399340 1970.2
1399350 1973.6
1399360 1973.5
1399370 1973.5
1399380 1971.6
1399390 1968.7
1399400 1965.6
1399410 1965.6
1399420 1962.5
1399430 1959.4
1399440 1959.4
1399450 1955.1
1399460 1949.8
1399470 1949.8
1399480 1944.4
1399490 1939.7
1399500 1939.7
1399510 1937.5
1399520 1937.4
1399530 1937.4
1399540 1937.8
1399550 1937.7
1399560 1937.7
1399570 1937.0
1399580 1935.4
1399590 1932.5
1399600 1932.5
1399610 1928.8
1399620 1925.1
1399630 1925.1
1399640 1921.5
1399650 1917.0
1399660 1917.0
1399670 1911.4
1399680 1906.6
1399690 1906.6
1399700 1904.5
1399710 1904.8
1399720 1904.8
1399730 1902.6
1399740 1898.6
1399750 1895.1
1399760 1895.1
1399770 1891.8
1399780 1885.4
1399790 1885.4
1399800 1878.7
1399810 1874.4
1399820 1874.4
1399830 1873.6
1399840 1880.9
1399850 1880.9
1399860 1889.0
1399870 1894.6
1399880 1894.6
1399890 1897.1
1399900 1900.9
1399910 1905.2
1399920 1905.2
1399930 1910.2
1399940 1914.9
1399950 1914.9
1399960 1919.5
1399970 1924.5
1399980 1924.5
1399990 1928.9
