1380000 1667.8
1380010 1666.7
1380020 1665.4
1380030 1665.4
1380040 1664.1
1380050 1661.7
1380060 1659.7
1380070 1659.7
1380080 1658.2
1380090 1656.5
1380100 1656.5
1380110 1654.4
1380120 1651.9
1380130 1651.9
1380140 1649.1
1380150 1647.0
1380160 1647.0
1380170 1645.8
1380180 1643.8
1380190 1643.8
1380200 1640.2
1380210 1637.7
1380220 1637.7
1380230 1637.7
1380240 1641.1
1380250 1642.8
1380260 1642.8
1380270 1642.6
1380280 1642.5
1380290 1642.5
1380300 1644.3
1380310 1647.4
1380320 1647.4
1380330 1650.1
1380340 1653.2
1380350 1653.2
1380360 1656.3
1380370 1659.9
1380380 1664.1
1380390 1664.1
1380400 1666.5
1380410 1668.5
1380420 1668.5
1380430 1670.5
1380440 1672.5
1380450 1675.4
1380460 1677.8
1380470 1680.4
1380480 1680.4
1380490 1682.9
1380500 1685.0
1380510 1685.0
1380520 1686.9
1380530 1688.2
1380540 1688.7
1380550 1688.7
1380560 1689.8
1380570 1690.0
1380580 1690.0
1380590 1689.2
1380600 1688.5
1380610 1688.5
1380620 1687.5
1380630 1687.0
1380640 1687.0
1380650 1686.8
1380660 1687.0
1380670 1687.0
1380680 1687.5
1380690 1688.1
1380700 1688.1
1380710 1688.5
1380720 1687.9
1380730 1687.3
1380740 1687.3
1380750 1685.2
1380760 1683.6
1380770 1683.6
1380780 1683.7
1380790 1684.1
1380800 1684.1
1380810 1684.8
1380820 1684.9
1380830 1684.9
1380840 1685.1
1380850 1685.6
1380860 1685.6
1380870 1686.2
1380880 1687.2
1380890 1690.8
1380900 1690.8
1380910 1694.5
1380920 1697.6
1380930 1697.6
1380940 1700.4
1380950 1703.3
1380960 1703.3
1380970 1706.4
1380980 1709.3
1380990 1709.3
1381000 1711.5
1381010 1712.8
1381020 1712.8
1381030 1714.6
1381040 1718.8
1381050 1722.7
1381060 1722.7
1381070 1725.8
1381080 1727.4
1381090 1727.4
1381100 1728.2
1381110 1728.3
1381120 1728.3
1381130 1728.4
1381140 1728.4
1381150 1728.4
1381160 1727.9
1381170 1726.7
1381180 1726.7
1381190 1724.6
1381200 1721.5
1381210 1721.5
1381220 1717.7
1381230 1713.6
1381240 1709.9
1381250 1709.9
1381260 1706.8
1381270 1703.5
1381280 1703.5
1381290 1699.7
1381300 1696.4
1381310 1696.4
1381320 1692.8
1381330 1689.7
1381340 1689.7
1381350 1686.7
1381360 1683.8
1381370 1683.8
1381380 1680.6
1381390 1677.0
1381400 1673.7
1381410 1673.7
1381420 1670.5
1381430 1667.6
1381440 1667.6
1381450 1663.2
1381460 1658.1
1381470 1658.1
1381480 1654.0
1381490 1652.3
1381500 1652.3
1381510 1651.3
1381520 1650.7
1381530 1650.7
1381540 1650.1
1381550 1649.6
1381560 1649.7
1381570 1649.7
1381580 1651.4
1381590 1653.5
1381600 1653.5
1381610 1655.8
1381620 1657.5
1381630 1657.5
1381640 1659.5
1381650 1661.4
1381660 1661.4
1381670 1666.3
1381680 1667.7
1381690 1667.7
1381700 1668.9
1381710 1670.7
1381720 1673.4
1381730 1673.4
1381740 1676.5
1381750 1678.3
1381760 1678.3
1381770 1679.7
1381780 1680.3
1381790 1680.3
1381800 1680.5
1381810 1681.5
1381820 1681.5
1381830 1682.4
1381840 1682.5
1381850 1682.5
1381860 1681.7
1381870 1679.8
1381880 1679.8
1381890 1677.4
1381900 1675.8
1381910 1674.5
1381920 1674.5
1381930 1672.9
1381940 1670.3
1381950 1670.3
1381960 1668.2
1381970 1666.0
1381980 1666.0
1381990 1664.9
1382000 1664.6
1382010 1664.6
1382020 1664.3
1382030 1662.9
1382040 1662.9
1382050 1661.7
1382060 1661.1
1382070 1660.5
1382080 1660.5
1382090 1659.9
1382100 1658.7
1382110 1658.7
1382120 1656.2
1382130 1653.4
1382140 1653.4
1382150 1651.5
1382160 1650.1
1382170 1650.1
1382180 1649.3
1382190 1647.4
1382200 1647.4
1382210 1646.0
1382220 1643.6
1382230 1640.1
1382240 1640.1
1382250 1637.0
1382260 1633.8
1382270 1633.8
1382280 1631.0
1382290 1627.1
1382300 1627.1
1382310 1623.6
1382320 1620.5
1382330 1620.5
1382340 1617.4
1382350 1614.3
1382360 1614.3
1382370 1610.8
1382380 1606.5
1382390 1606.5
1382400 1601.5
1382410 1597.0
1382420 1593.3
1382430 1593.3
1382440 1590.1
1382450 1586.1
1382460 1586.1
1382470 1582.9
1382480 1581.6
1382490 1581.6
1382500 1582.5
1382510 1583.7
1382520 1583.7
1382530 1584.5
1382540 1585.4
1382550 1585.4
1382560 1586.0
1382570 1586.5
1382580 1587.0
1382590 1587.0
1382600 1587.4
1382610 1588.0
1382620 1588.0
1382630 1588.2
1382640 1588.6
1382650 1588.6
1382660 1588.8
1382670 1589.0
1382680 1589.0
1382690 1589.1
1382700 1588.4
1382710 1588.4
1382720 1587.8
1382730 1587.1
1382740 1586.4
1382750 1586.4
1382760 1585.9
1382770 1585.4
1382780 1585.4
1382790 1584.8
1382800 1583.4
1382810 1583.4
1382820 1581.9
1382830 1580.0
1382840 1580.0
1382850 1578.0
1382860 1575.0
1382870 1575.0
1382880 1571.1
1382890 1567.3
1382900 1563.0
1382910 1563.0
1382920 1559.1
1382930 1554.6
1382940 1554.6
1382950 1550.2
1382960 1546.1
1382970 1546.1
1382980 1542.3
1382990 1538.5
1383000 1538.5
1383010 1534.7
1383020 1530.8
1383030 1530.8
1383040 1527.4
1383050 1524.4
1383060 1524.4
1383070 1521.3
1383080 1518.5
1383090 1515.5
1383100 1515.5
1383110 1512.6
1383120 1510.2
1383130 1510.2
1383140 1507.4
1383150 1504.4
1383160 1504.4
1383170 1501.5
1383180 1498.0
1383190 1498.0
1383200 1494.3
1383210 1491.1
1383220 1491.1
1383230 1489.2
1383240 1487.3
1383250 1485.9
1383260 1485.9
1383270 1484.8
1383280 1484.0
1383290 1484.0
1383300 1482.4
1383310 1480.4
1383320 1480.4
1383330 1479.0
1383340 1478.0
1383350 1478.0
1383360 1476.9
1383370 1477.1
1383380 1477.1
1383390 1477.1
1383400 1477.2
1383410 1477.2
1383420 1477.2
1383430 1477.1
1383440 1476.8
1383450 1476.8
1383460 1476.6
1383470 1475.8
1383480 1475.8
1383490 1476.2
1383500 1479.2
1383510 1479.2
1383520 1482.5
1383530 1484.9
1383540 1484.9
1383550 1490.3
1383560 1495.1
1383570 1495.1
1383580 1499.1
1383590 1502.1
1383600 1504.4
1383610 1504.4
1383620 1507.7
1383630 1511.2
1383640 1511.2
1383650 1514.3
1383660 1517.4
1383670 1517.4
1383680 1521.5
1383690 1525.9
1383700 1525.9
1383710 1530.7
1383720 1535.5
1383730 1535.5
1383740 1539.6
1383750 1543.1
1383760 1546.2
1383770 1546.2
1383780 1549.0
1383790 1551.7
1383800 1551.7
1383810 1554.3
1383820 1556.4
1383830 1556.4
1383840 1558.5
1383850 1561.5
1383860 1561.5
1383870 1565.9
1383880 1569.9
1383890 1569.9
1383900 1574.1
1383910 1578.7
1383920 1582.8
1383930 1582.8
1383940 1586.6
1383950 1590.0
1383960 1590.0
1383970 1593.4
1383980 1596.5
1383990 1596.5
1384000 1599.3
1384010 1601.6
1384020 1601.6
1384030 1603.4
1384040 1604.9
1384050 1604.9
1384060 1606.6
1384070 1608.8
1384080 1608.8
1384090 1612.1
1384100 1615.5
1384110 1618.4
1384120 1618.4
1384130 1620.2
1384140 1621.3
1384150 1626.5
1384160 1627.3
1384170 1627.8
1384180 1627.8
1384190 1627.4
1384200 1626.5
1384210 1626.5
1384220 1625.1
1384230 1623.5
1384240 1623.5
1384250 1622.6
1384260 1622.0
1384270 1620.8
1384280 1620.8
1384290 1619.4
1384300 1618.4
1384310 1618.4
1384320 1617.6
1384330 1616.9
1384340 1616.9
1384350 1615.6
1384360 1613.9
1384370 1613.9
1384380 1613.8
1384390 1613.8
1384400 1613.8
1384410 1614.3
1384420 1614.4
1384430 1614.2
1384440 1614.2
1384450 1613.7
1384460 1611.8
1384470 1611.8
1384480 1609.0
1384490 1606.4
1384500 1606.4
1384510 1605.5
1384520 1606.0
1384530 1606.0
1384540 1607.0
1384550 1607.4
1384560 1607.4
1384570 1607.9
1384580 1607.7
1384590 1606.8
1384600 1606.8
1384610 1604.8
1384620 1602.8
1384630 1602.8
1384640 1601.9
1384650 1601.8
1384660 1601.8
1384670 1601.7
1384680 1601.7
1384690 1601.7
1384700 1601.2
1384710 1601.3
1384720 1601.3
1384730 1601.2
1384740 1600.7
1384750 1600.7
1384760 1600.7
1384770 1600.3
1384780 1598.9
1384790 1598.9
1384800 1597.9
1384810 1597.8
1384820 1597.8
1384830 1597.9
1384840 1598.0
1384850 1598.0
1384860 1598.0
1384870 1597.8
1384880 1597.8
1384890 1596.7
1384900 1596.4
1384910 1596.4
1384920 1596.2
1384930 1595.8
1384940 1595.0
1384950 1595.0
1384960 1594.2
1384970 1593.3
1384980 1593.3
1384990 1592.5
1385000 1591.6
1385010 1591.6
1385020 1590.6
1385030 1589.8
1385040 1589.8
1385050 1589.1
1385060 1588.6
1385070 1588.6
1385080 1587.7
1385090 1586.4
1385100 1583.9
1385110 1583.9
1385120 1582.9
1385130 1582.8
1385140 1582.8
1385150 1582.0
1385160 1580.9
1385170 1580.9
1385180 1580.3
1385190 1580.0
1385200 1580.0
1385210 1579.3
1385220 1578.1
1385230 1578.1
1385240 1575.6
1385250 1570.2
1385260 1570.2
1385270 1563.8
1385280 1559.3
1385290 1559.0
1385300 1559.0
1385310 1560.9
1385320 1562.4
1385330 1562.4
1385340 1564.8
1385350 1567.5
1385360 1567.5
1385370 1570.1
1385380 1571.9
1385390 1571.9
1385400 1573.6
1385410 1575.1
1385420 1578.4
1385430 1579.9
1385440 1581.1
1385450 1582.4
1385460 1582.4
1385470 1583.7
1385480 1584.9
1385490 1584.9
1385500 1586.2
1385510 1588.3
1385520 1588.3
1385530 1589.1
1385540 1590.4
1385550 1590.4
1385560 1592.9
1385570 1594.1
1385580 1594.1
1385590 1595.0
1385600 1596.4
1385610 1598.0
1385620 1598.0
1385630 1600.3
1385640 1602.4
1385650 1602.4
1385660 1604.9
1385670 1607.2
1385680 1607.2
1385690 1609.2
1385700 1610.7
1385710 1610.7
1385720 1612.1
1385730 1613.5
1385740 1613.5
1385750 1614.3
1385760 1615.5
1385770 1618.5
1385780 1618.5
1385790 1621.1
1385800 1622.7
1385810 1622.7
1385820 1624.7
1385830 1627.3
1385840 1627.3
1385850 1630.4
1385860 1633.4
1385870 1633.4
1385880 1636.5
1385890 1639.4
1385900 1639.4
1385910 1642.5
1385920 1645.9
1385930 1645.9
1385940 1648.9
1385950 1651.3
1385960 1653.5
1385970 1653.5
1385980 1655.5
1385990 1657.6
1386000 1657.6
1386010 1659.4
1386020 1660.8
1386030 1660.8
1386040 1662.3
1386050 1664.3
1386060 1664.3
1386070 1666.7
1386080 1669.1
1386090 1669.1
1386100 1671.4
1386110 1673.4
1386120 1674.9
1386130 1674.9
1386140 1675.9
1386150 1676.7
1386160 1676.7
1386170 1677.0
1386180 1676.0
1386190 1676.0
1386200 1674.0
1386210 1672.6
1386220 1672.6
1386230 1671.4
1386240 1669.3
1386250 1669.3
1386260 1666.5
1386270 1664.0
1386280 1661.0
1386290 1661.0
1386300 1658.3
1386310 1656.1
1386320 1656.1
1386330 1653.3
1386340 1650.1
1386350 1650.1
1386360 1646.0
1386370 1641.1
1386380 1641.1
1386390 1635.8
1386400 1631.1
1386410 1631.1
1386420 1626.8
1386430 1622.7
1386440 1619.0
1386450 1619.0
1386460 1615.2
1386470 1610.4
1386480 1610.4
1386490 1605.7
1386500 1601.0
1386510 1601.0
1386520 1595.9
1386530 1590.8
1386540 1590.8
1386550 1585.0
1386560 1579.3
1386570 1579.3
1386580 1573.3
1386590 1566.4
1386600 1566.4
1386610 1559.5
1386620 1553.1
1386630 1547.4
1386640 1547.4
1386650 1543.7
1386660 1539.7
1386670 1539.7
1386680 1536.0
1386690 1533.6
1386700 1533.6
1386710 1530.1
1386720 1526.8
1386730 1526.8
1386740 1524.0
1386750 1521.1
1386760 1521.1
1386770 1518.0
1386780 1514.4
1386790 1509.7
1386800 1509.7
1386810 1505.4
1386820 1501.0
1386830 1501.0
1386840 1496.0
1386850 1491.9
1386860 1491.9
1386870 1488.2
1386880 1484.6
1386890 1484.6
1386900 1481.1
1386910 1477.7
1386920 1477.7
1386930 1474.2
1386940 1471.1
1386950 1468.2
1386960 1468.2
1386970 1464.5
1386980 1461.5
1386990 1461.5
1387000 1459.5
1387010 1456.9
1387020 1456.9
1387030 1454.1
1387040 1451.0
1387050 1451.0
1387060 1447.8
1387070 1444.8
1387080 1444.8
1387090 1441.9
1387100 1439.4
1387110 1439.4
1387120 1437.8
1387130 1435.9
1387140 1432.7
1387150 1432.7
1387160 1428.8
1387170 1424.9
1387180 1424.9
1387190 1421.8
1387200 1419.6
1387210 1419.6
1387220 1417.8
1387230 1416.0
1387240 1416.0
1387250 1414.1
1387260 1412.7
1387270 1412.7
1387280 1411.0
1387290 1409.3
1387300 1407.4
1387310 1407.4
1387320 1406.1
1387330 1405.3
1387340 1405.3
1387350 1405.1
1387360 1404.4
1387370 1404.4
1387380 1403.2
1387390 1402.4
1387400 1402.4
1387410 1400.5
1387420 1399.2
1387430 1399.2
1387440 1398.5
1387450 1397.2
1387460 1396.2
1387470 1396.2
1387480 1395.6
1387490 1394.9
1387500 1394.9
1387510 1394.3
1387520 1393.8
1387530 1393.8
1387540 1392.8
1387550 1391.6
1387560 1391.6
1387570 1390.3
1387580 1386.5
1387590 1386.5
1387600 1379.2
1387610 1371.1
1387620 1368.1
1387630 1368.1
1387640 1370.6
1387650 1373.9
1387660 1373.9
1387670 1378.2
1387680 1381.6
1387690 1381.6
1387700 1385.5
1387710 1390.1
1387720 1390.1
1387730 1392.7
1387740 1393.4
1387750 1393.4
1387760 1393.7
1387770 1393.8
1387780 1393.8
1387790 1394.1
1387800 1394.2
1387810 1394.3
1387820 1394.3
1387830 1394.2
1387840 1394.4
1387850 1394.4
1387860 1394.9
1387870 1395.2
1387880 1395.2
1387890 1395.4
1387900 1395.8
1387910 1395.8
1387920 1396.1
1387930 1396.5
1387940 1396.5
1387950 1396.7
1387960 1396.0
1387970 1395.7
1387980 1395.7
1387990 1395.7
1388000 1394.4
1388010 1394.4
1388020 1391.4
1388030 1387.7
1388040 1387.7
1388050 1384.4
1388060 1381.5
1388070 1381.5
1388080 1378.6
1388090 1376.1
1388100 1376.1
1388110 1373.6
1388120 1371.0
1388130 1369.0
1388140 1369.0
1388150 1367.3
1388160 1365.8
1388170 1365.8
1388180 1364.3
1388190 1362.9
1388200 1362.9
1388210 1361.5
1388220 1360.2
1388230 1360.2
1388240 1359.8
1388250 1358.6
1388260 1358.6
1388270 1355.6
1388280 1357.7
1388290 1357.7
1388300 1359.5
1388310 1360.8
1388320 1362.4
1388330 1362.4
1388340 1365.3
1388350 1369.0
1388360 1369.0
1388370 1372.3
1388380 1374.6
1388390 1374.6
1388400 1376.2
1388410 1377.3
1388420 1377.3
1388430 1378.6
1388440 1380.7
1388450 1380.7
1388460 1382.7
1388470 1384.6
1388480 1384.2
1388490 1384.2
1388500 1381.3
1388510 1380.6
1388520 1380.6
1388530 1381.5
1388540 1383.0
1388550 1383.0
1388560 1383.9
1388570 1384.7
1388580 1384.7
1388590 1385.0
1388600 1385.1
1388610 1385.1
1388620 1384.2
1388630 1382.7
1388640 1382.5
1388650 1382.5
1388660 1382.1
1388670 1381.2
1388680 1381.2
1388690 1379.6
1388700 1378.4
1388710 1378.4
1388720 1376.8
1388730 1374.2
1388740 1374.2
1388750 1371.1
1388760 1371.4
1388770 1371.4
1388780 1372.9
1388790 1372.1
1388800 1369.4
1388810 1369.4
1388820 1367.6
1388830 1365.0
1388840 1365.0
1388850 1363.3
1388860 1360.3
1388870 1360.3
1388880 1357.5
1388890 1355.3
1388900 1355.3
1388910 1353.9
1388920 1352.1
1388930 1352.1
1388940 1350.2
1388950 1348.3
1388960 1348.3
1388970 1346.7
1388980 1345.5
1388990 1344.4
1389000 1344.4
1389010 1343.1
1389020 1342.3
1389030 1342.3
1389040 1341.8
1389050 1340.6
1389060 1340.6
1389070 1339.7
1389080 1338.9
1389090 1338.9
1389100 1338.3
1389110 1338.0
1389120 1338.0
1389130 1338.1
1389140 1338.1
1389150 1336.3
1389160 1336.3
1389170 1333.5
1389180 1331.0
1389190 1331.0
1389200 1328.8
1389210 1327.2
1389220 1327.2
1389230 1326.0
1389240 1325.4
1389250 1325.4
1389260 1325.1
1389270 1324.0
1389280 1324.0
1389290 1321.9
1389300 1323.5
1389310 1322.1
1389320 1322.1
1389330 1321.2
1389340 1320.7
1389350 1320.7
1389360 1319.8
1389370 1318.6
1389380 1318.6
1389390 1317.0
1389400 1315.4
1389410 1315.4
1389420 1313.9
1389430 1312.3
1389440 1312.3
1389450 1310.4
1389460 1308.7
1389470 1308.7
1389480 1308.0
1389490 1307.4
1389500 1307.3
1389510 1307.3
1389520 1307.3
1389530 1307.2
1389540 1307.2
1389550 1307.2
1389560 1307.0
1389570 1307.0
1389580 1306.9
1389590 1306.6
1389600 1306.6
1389610 1306.5
1389620 1306.4
1389630 1306.4
1389640 1306.0
1389650 1305.2
1389660 1304.4
1389670 1304.4
1389680 1304.3
1389690 1304.2
1389700 1304.2
1389710 1304.1
1389720 1304.3
1389730 1304.3
1389740 1304.1
1389750 1304.1
1389760 1304.1
1389770 1303.6
1389780 1302.4
1389790 1302.4
1389800 1301.7
1389810 1301.3
1389820 1299.4
1389830 1299.4
1389840 1296.3
1389850 1292.5
1389860 1292.5
1389870 1288.3
1389880 1287.8
1389890 1287.8
1389900 1292.8
1389910 1298.4
1389920 1298.4
1389930 1302.3
1389940 1304.0
1389950 1304.0
1389960 1305.2
1389970 1306.1
1389980 1306.8
1389990 1306.8
1390000 1307.1
1390010 1306.8
1390020 1306.8
1390030 1306.2
1390040 1305.3
1390050 1305.3
1390060 1305.3
1390070 1305.6
1390080 1305.6
1390090 1305.7
1390100 1305.8
1390110 1305.8
1390120 1305.8
1390130 1305.8
1390140 1305.8
1390150 1305.9
1390160 1305.8
1390170 1305.6
1390180 1305.6
1390190 1305.8
1390200 1306.1
1390210 1306.1
1390220 1305.6
1390230 1302.2
1390240 1302.2
1390250 1297.4
1390260 1292.0
1390270 1292.0
1390280 1287.5
1390290 1286.5
1390300 1286.5
1390310 1288.4
1390320 1290.7
1390330 1294.1
1390340 1294.1
1390350 1298.4
1390360 1304.0
1390370 1304.0
1390380 1308.7
1390390 1309.3
1390400 1309.3
1390410 1309.6
1390420 1310.0
1390430 1310.0
1390440 1310.9
1390450 1312.4
1390460 1312.4
1390470 1314.5
1390480 1315.6
1390490 1316.9
1390500 1316.9
1390510 1319.1
1390520 1321.7
1390530 1321.7
1390540 1324.1
1390550 1326.1
1390560 1326.1
1390570 1328.3
1390580 1331.1
1390590 1331.1
1390600 1332.5
1390610 1333.5
1390620 1333.5
1390630 1334.7
1390640 1336.0
1390650 1337.4
1390660 1337.4
1390670 1338.5
1390680 1339.4
1390690 1339.4
1390700 1340.6
1390710 1341.8
1390720 1341.8
1390730 1343.1
1390740 1344.4
1390750 1344.4
1390760 1345.9
1390770 1347.4
1390780 1347.4
1390790 1348.6
1390800 1349.8
1390810 1349.8
1390820 1350.8
1390830 1351.4
1390840 1352.0
1390850 1352.0
1390860 1352.7
1390870 1353.7
1390880 1353.7
1390890 1355.3
1390900 1357.1
1390910 1357.1
1390920 1359.2
1390930 1361.4
1390940 1361.4
1390950 1363.7
1390960 1365.8
1390970 1365.8
1390980 1368.4
1390990 1371.9
1391000 1374.3
1391010 1374.3
1391020 1376.2
1391030 1377.6
1391040 1377.6
1391050 1378.8
1391060 1380.8
1391070 1380.8
1391080 1383.3
1391090 1386.4
1391100 1386.4
1391110 1389.9
1391120 1393.7
1391130 1393.7
1391140 1397.8
1391150 1400.7
1391160 1402.3
1391170 1402.3
1391180 1403.5
1391190 1405.5
1391200 1405.5
1391210 1408.1
1391220 1411.2
1391230 1411.2
1391240 1416.1
1391250 1421.5
1391260 1421.5
1391270 1426.4
1391280 1431.9
1391290 1431.9
1391300 1438.9
1391310 1443.9
1391320 1443.9
1391330 1446.3
1391340 1446.5
1391350 1444.7
1391360 1444.7
1391370 1442.6
1391380 1441.8
1391390 1441.8
1391400 1443.6
1391410 1449.1
1391420 1449.1
1391430 1456.2
1391440 1461.8
1391450 1461.8
1391460 1464.9
1391470 1466.0
1391480 1466.0
1391490 1466.4
1391500 1467.3
1391510 1467.4
1391520 1467.4
1391530 1468.7
1391540 1470.6
1391550 1470.6
1391560 1474.1
1391570 1478.2
1391580 1478.2
1391590 1482.9
1391600 1487.4
1391610 1487.4
1391620 1491.9
1391630 1496.4
1391640 1496.4
1391650 1500.9
1391660 1505.1
1391670 1509.2
1391680 1509.2
1391690 1512.4
1391700 1514.4
1391710 1514.4
1391720 1516.9
1391730 1520.7
1391740 1520.7
1391750 1524.5
1391760 1527.7
1391770 1527.7
1391780 1531.7
1391790 1536.0
1391800 1536.0
1391810 1540.6
1391820 1543.4
1391830 1548.0
1391840 1548.0
1391850 1552.5
1391860 1557.3
1391870 1557.3
1391880 1561.0
1391890 1565.3
1391900 1565.3
1391910 1568.8
1391920 1571.4
1391930 1571.4
1391940 1573.5
1391950 1576.9
1391960 1576.9
1391970 1581.4
1391980 1585.7
1391990 1582.7
1392000 1587.2
1392010 1591.4
1392020 1594.4
1392030 1594.4
1392040 1596.9
1392050 1597.7
1392060 1597.7
1392070 1597.3
1392080 1599.9
1392090 1599.9
1392100 1606.4
1392110 1615.2
1392120 1615.2
1392130 1624.0
1392140 1629.3
1392150 1629.3
1392160 1631.1
1392170 1630.3
1392180 1630.8
1392190 1630.8
1392200 1632.9
1392210 1636.6
1392220 1636.6
1392230 1640.5
1392240 1644.6
1392250 1644.6
1392260 1648.9
1392270 1653.7
1392280 1653.7
1392290 1658.4
1392300 1663.0
1392310 1663.0
1392320 1666.2
1392330 1669.1
1392340 1672.3
1392350 1672.3
1392360 1675.8
1392370 1679.7
1392380 1679.7
1392390 1684.0
1392400 1688.1
1392410 1688.1
1392420 1692.9
1392430 1697.4
1392440 1697.4
1392450 1702.3
1392460 1707.8
1392470 1707.8
1392480 1712.3
1392490 1715.8
1392500 1715.8
1392510 1718.9
1392520 1721.8
1392530 1725.0
1392540 1725.0
1392550 1728.4
1392560 1731.6
1392570 1731.6
1392580 1734.6
1392590 1737.2
1392600 1737.2
1392610 1739.3
1392620 1741.6
1392630 1741.6
1392640 1743.6
1392650 1745.6
1392660 1745.6
1392670 1747.7
1392680 1750.0
1392690 1752.2
1392700 1752.2
1392710 1754.2
1392720 1756.0
1392730 1756.0
1392740 1757.4
1392750 1758.7
1392760 1758.7
1392770 1760.5
1392780 1762.8
1392790 1762.8
1392800 1764.8
1392810 1767.0
1392820 1767.0
1392830 1769.1
1392840 1771.4
1392850 1773.6
1392860 1773.6
1392870 1775.2
1392880 1776.8
1392890 1776.8
1392900 1778.6
1392910 1780.7
1392920 1780.7
1392930 1782.6
1392940 1784.4
1392950 1784.4
1392960 1786.4
1392970 1788.3
1392980 1788.3
1392990 1790.1
1393000 1791.8
1393010 1793.4
1393020 1793.4
1393030 1795.0
1393040 1796.8
1393050 1796.8
1393060 1798.6
1393070 1800.5
1393080 1800.5
1393090 1802.1
1393100 1804.0
1393110 1804.0
1393120 1806.0
1393130 1807.8
1393140 1807.8
1393150 1809.7
1393160 1811.6
1393170 1811.6
1393180 1813.4
1393190 1815.3
1393200 1817.3
1393210 1817.3
1393220 1819.4
1393230 1821.5
1393240 1821.5
1393250 1823.6
1393260 1825.7
1393270 1825.7
1393280 1827.7
1393290 1829.7
1393300 1829.7
1393310 1831.6
1393320 1833.3
1393330 1833.3
1393340 1835.1
1393350 1836.8
1393360 1833.7
1393370 1833.7
1393380 1835.7
1393390 1837.4
1393400 1837.4
1393410 1839.0
1393420 1841.0
1393430 1841.0
1393440 1843.4
1393450 1845.7
1393460 1845.7
1393470 1847.2
1393480 1847.0
1393490 1847.0
1393500 1847.6
1393510 1852.8
1393520 1859.0
1393530 1859.0
1393540 1862.8
1393550 1865.8
1393560 1865.8
1393570 1868.0
1393580 1869.8
1393590 1869.8
1393600 1871.5
1393610 1873.0
1393620 1873.0
1393630 1874.2
1393640 1875.2
1393650 1875.2
1393660 1876.1
1393670 1876.9
1393680 1876.9
1393690 1877.7
1393700 1878.5
1393710 1879.1
1393720 1879.1
1393730 1879.7
1393740 1880.3
1393750 1880.3
1393760 1881.0
1393770 1881.8
1393780 1881.8
1393790 1882.7
1393800 1883.5
1393810 1883.5
1393820 1884.1
1393830 1884.4
1393840 1884.4
1393850 1884.5
1393860 1884.2
1393870 1883.7
1393880 1883.7
1393890 1882.8
1393900 1882.0
1393910 1882.0
1393920 1881.5
1393930 1881.1
1393940 1881.1
1393950 1880.7
1393960 1880.7
1393970 1880.7
1393980 1881.1
1393990 1882.2
1394000 1882.2
1394010 1884.1
1394020 1886.2
1394030 1888.3
1394040 1888.3
1394050 1890.1
1394060 1891.6
1394070 1891.6
1394080 1893.0
1394090 1894.0
1394100 1894.0
1394110 1894.9
1394120 1895.6
1394130 1895.6
1394140 1896.4
1394150 1897.3
1394160 1897.3
1394170 1898.6
1394180 1899.8
1394190 1901.0
1394200 1901.0
1394210 1902.3
1394220 1903.4
1394230 1903.4
1394240 1904.4
1394250 1905.2
1394260 1905.2
1394270 1905.8
1394280 1906.2
1394290 1906.2
1394300 1906.4
1394310 1906.4
1394320 1906.4
1394330 1906.3
1394340 1906.1
1394350 1906.1
1394360 1905.8
1394370 1905.3
1394380 1904.5
1394390 1904.5
1394400 1904.0
1394410 1903.7
1394420 1903.7
1394430 1903.4
1394440 1903.5
1394450 1903.5
1394460 1904.0
1394470 1904.8
1394480 1904.8
1394490 1905.9
1394500 1907.0
1394510 1907.0
1394520 1908.0
1394530 1909.0
1394540 1909.7
1394550 1909.7
1394560 1910.2
1394570 1910.3
1394580 1910.3
1394590 1910.1
1394600 1910.0
1394610 1910.0
1394620 1910.5
1394630 1911.8
1394640 1911.8
1394650 1912.6
1394660 1913.4
1394670 1913.4
1394680 1914.4
1394690 1915.2
1394700 1915.7
1394710 1915.7
1394720 1915.9
1394730 1915.6
1394740 1915.6
1394750 1915.0
1394760 1913.5
1394770 1913.5
1394780 1912.6
1394790 1912.8
1394800 1912.8
1394810 1913.1
1394820 1913.1
1394830 1913.1
1394840 1912.9
1394850 1912.6
1394860 1912.6
1394870 1911.8
1394880 1910.6
1394890 1909.4
1394900 1909.4
1394910 1908.3
1394920 1907.4
1394930 1907.4
1394940 1906.7
1394950 1906.0
1394960 1906.0
1394970 1905.4
1394980 1905.2
1394990 1905.2
1395000 1905.3
1395010 1905.6
1395020 1905.6
1395030 1905.8
1395040 1905.8
1395050 1904.9
1395060 1904.9
1395070 1903.9
1395080 1904.4
1395090 1904.4
1395100 1904.2
1395110 1903.1
1395120 1903.1
1395130 1902.0
1395140 1901.7
1395150 1901.7
1395160 1902.3
1395170 1903.3
1395180 1903.3
1395190 1903.5
1395200 1902.6
1395210 1901.3
1395220 1901.3
1395230 1899.8
1395240 1898.4
1395250 1898.4
1395260 1897.3
1395270 1896.8
1395280 1896.8
1395290 1896.3
1395300 1895.5
1395310 1895.5
1395320 1894.5
1395330 1893.6
1395340 1893.6
1395350 1893.0
1395360 1892.6
1395370 1892.5
1395380 1892.5
1395390 1892.5
1395400 1892.6
1395410 1892.6
1395420 1893.3
1395430 1893.7
1395440 1893.7
1395450 1893.7
1395460 1893.9
1395470 1893.9
1395480 1894.5
1395490 1894.9
1395500 1894.9
1395510 1894.6
1395520 1894.7
1395530 1894.7
1395540 1895.5
1395550 1897.1
1395560 1898.2
1395570 1898.2
1395580 1898.9
1395590 1899.7
1395600 1899.7
1395610 1900.3
1395620 1900.2
1395630 1900.2
1395640 1899.6
1395650 1899.0
1395660 1899.0
1395670 1899.1
1395680 1899.0
1395690 1899.0
1395700 1899.8
1395710 1902.8
1395720 1905.5
1395730 1905.5
1395740 1906.7
1395750 1906.5
1395760 1906.5
1395770 1905.6
1395780 1905.4
1395790 1905.4
1395800 1906.1
1395810 1907.5
1395820 1907.5
1395830 1909.2
1395840 1910.7
1395850 1910.7
1395860 1911.7
1395870 1912.2
1395880 1912.5
1395890 1912.5
1395900 1912.1
1395910 1911.3
1395920 1911.3
1395930 1912.8
1395940 1916.6
1395950 1916.6
1395960 1920.9
1395970 1925.1
1395980 1925.1
1395990 1927.5
1396000 1928.7
1396010 1928.7
1396020 1928.6
1396030 1927.8
1396040 1927.8
1396050 1925.9
1396060 1924.0
1396070 1922.9
1396080 1922.9
1396090 1922.0
1396100 1920.8
1396110 1920.8
1396120 1919.1
1396130 1916.8
1396140 1916.8
1396150 1914.9
1396160 1916.1
1396170 1916.1
1396180 1916.8
1396190 1916.9
1396200 1916.9
1396210 1916.3
1396220 1915.5
1396230 1914.1
1396240 1914.1
1396250 1913.0
1396260 1912.3
1396270 1912.3
1396280 1911.0
1396290 1909.3
1396300 1909.3
1396310 1906.9
1396320 1904.6
1396330 1904.6
1396340 1903.9
1396350 1904.2
1396360 1904.2
1396370 1903.9
1396380 1903.3
1396390 1901.4
1396400 1901.4
1396410 1897.7
1396420 1896.7
1396430 1896.7
1396440 1896.9
1396450 1897.5
1396460 1897.5
1396470 1897.8
1396480 1897.8
1396490 1897.8
1396500 1897.1
1396510 1896.6
1396520 1896.6
1396530 1898.3
1396540 1899.9
1396550 1900.5
1396560 1900.5
1396570 1901.8
1396580 1903.4
1396590 1903.4
1396600 1904.0
1396610 1904.1
1396620 1904.1
1396630 1904.1
1396640 1903.7
1396650 1903.7
1396660 1902.9
1396670 1902.1
1396680 1902.1
1396690 1902.2
1396700 1901.6
1396710 1901.6
1396720 1899.2
1396730 1896.5
1396740 1894.7
1396750 1894.7
1396760 1893.4
1396770 1892.2
1396780 1892.2
1396790 1891.1
1396800 1889.8
1396810 1889.8
1396820 1888.2
1396830 1886.5
1396840 1886.5
1396850 1886.1
1396860 1886.5
1396870 1886.5
1396880 1887.4
1396890 1886.4
1396900 1884.3
1396910 1884.3
1396920 1887.3
1396930 1891.4
1396940 1891.4
1396950 1894.6
1396960 1896.6
1396970 1896.6
1396980 1900.6
1396990 1906.6
1397000 1906.6
1397010 1911.8
1397020 1916.8
1397030 1916.8
1397040 1921.6
1397050 1925.0
1397060 1927.5
1397070 1927.5
1397080 1928.9
1397090 1929.6
1397100 1929.6
1397110 1929.9
1397120 1929.6
1397130 1929.6
1397140 1928.8
1397150 1926.9
1397160 1926.9
1397170 1924.9
1397180 1923.7
1397190 1923.7
1397200 1923.1
1397210 1921.7
1397220 1919.0
1397230 1919.0
1397240 1916.8
1397250 1915.5
1397260 1915.5
1397270 1913.5
1397280 1912.1
1397290 1912.1
1397300 1911.6
1397310 1913.0
1397320 1913.0
1397330 1916.2
1397340 1920.3
1397350 1920.3
1397360 1924.8
1397370 1929.4
1397380 1929.4
1397390 1934.3
1397400 1939.8
1397410 1945.5
1397420 1945.5
1397430 1951.7
1397440 1958.5
1397450 1958.5
1397460 1965.0
1397470 1970.4
1397480 1970.4
1397490 1974.7
1397500 1976.8
1397510 1976.8
1397520 1977.1
1397530 1976.8
1397540 1976.8
1397550 1977.4
1397560 1977.6
1397570 1977.4
1397580 1977.4
1397590 1977.3
1397600 1981.3
1397610 1981.3
1397620 1980.6
1397630 1978.4
1397640 1978.4
1397650 1975.5
1397660 1973.3
1397670 1973.3
1397680 1973.0
1397690 1973.9
1397700 1973.9
1397710 1975.6
1397720 1977.8
1397730 1979.9
1397740 1979.9
1397750 1981.7
1397760 1983.3
1397770 1983.3
1397780 1985.3
1397790 1987.3
1397800 1987.3
1397810 1988.9
1397820 1990.5
1397830 1990.5
1397840 1991.9
1397850 1993.3
1397860 1993.3
1397870 1994.7
1397880 1996.1
1397890 1996.1
1397900 1998.2
1397910 2000.5
1397920 2004.0
1397930 2004.0
1397940 2007.7
1397950 2011.8
1397960 2011.8
1397970 2016.8
1397980 2021.7
1397990 2021.7
1398000 2026.5
1398010 2031.5
1398020 2031.5
1398030 2036.4
1398040 2040.7
1398050 2040.7
1398060 2044.7
1398070 2048.2
1398080 2050.2
1398090 2050.2
1398100 2050.4
1398110 2051.3
1398120 2051.3
1398130 2052.3
1398140 2052.5
1398150 2052.5
1398160 2052.2
1398170 2051.4
1398180 2051.4
1398190 2050.7
1398200 2050.0
1398210 2050.0
1398220 2049.8
1398230 2050.7
1398240 2051.8
1398250 2051.8
1398260 2052.4
1398270 2054.1
1398280 2054.1
1398290 2057.8
1398300 2062.1
1398310 2062.1
1398320 2065.4
1398330 2069.3
1398340 2069.3
1398350 2073.8
1398360 2078.2
1398370 2078.2
1398380 2083.1
1398390 2088.5
1398400 2092.5
1398410 2092.5
1398420 2093.2
1398430 2092.4
1398440 2092.4
1398450 2091.4
1398460 2090.1
1398470 2090.1
1398480 2089.6
1398490 2089.2
1398500 2089.2
1398510 2088.2
1398520 2086.8
1398530 2086.8
1398540 2085.4
1398550 2084.6
1398560 2084.6
1398570 2084.7
1398580 2085.4
1398590 2084.3
1398600 2084.3
1398610 2082.1
1398620 2080.8
1398630 2080.8
1398640 2080.6
1398650 2079.6
1398660 2079.6
1398670 2079.8
1398680 2079.4
1398690 2079.4
1398700 2078.0
1398710 2076.4
1398720 2076.4
1398730 2075.4
1398740 2074.2
1398750 2072.3
1398760 2072.3
1398770 2069.4
1398780 2065.6
1398790 2065.6
1398800 2062.0
1398810 2059.1
1398820 2059.1
1398830 2056.3
1398840 2053.5
1398850 2053.5
1398860 2050.5
1398870 2048.2
1398880 2048.2
1398890 2046.5
1398900 2044.8
1398910 2043.0
1398920 2043.0
1398930 2041.2
1398940 2039.8
1398950 2039.8
1398960 2038.9
1398970 2037.6
1398980 2037.6
1398990 2036.0
1399000 2033.8
1399010 2033.8
1399020 2031.2
1399030 2029.2
1399040 2029.2
1399050 2027.3
1399060 2023.5
1399070 2023.5
1399080 2022.1
1399090 2021.1
1399100 2019.0
1399110 2019.0
1399120 2016.7
1399130 2015.4
1399140 2015.4
1399150 2013.8
1399160 2011.5
1399170 2011.5
1399180 2010.2
1399190 2008.5
1399200 2008.5
1399210 2007.5
1399220 2006.5
1399230 2006.5
1399240 2006.6
1399250 2008.3
1399260 2009.8
1399270 2009.8
1399280 2011.2
1399290 2013.3
1399300 2013.3
1399310 2014.9
1399320 2015.8
1399330 2015.8
1399340 2018.5
1399350 2021.8
1399360 2021.8
1399370 2023.8
1399380 2025.0
1399390 2025.0
1399400 2028.2
1399410 2032.6
1399420 2036.3
1399430 2036.3
1399440 2039.7
1399450 2042.8
1399460 2042.8
1399470 2046.4
1399480 2049.6
1399490 2049.6
1399500 2053.1
1399510 2056.0
1399520 2056.0
1399530 2057.1
1399540 2059.1
1399550 2059.1
1399560 2062.0
1399570 2064.3
1399580 2066.5
1399590 2066.5
1399600 2068.2
1399610 2070.3
1399620 2070.3
1399630 2072.9
1399640 2075.2
1399650 2075.2
1399660 2077.4
1399670 2078.4
1399680 2078.4
1399690 2078.3
1399700 2077.7
1399710 2077.7
1399720 2077.7
1399730 2077.9
1399740 2077.9
1399750 2078.3
1399760 2078.8
1399770 2079.4
1399780 2079.4
1399790 2079.8
1399800 2080.0
1399810 2080.0
1399820 2080.2
1399830 2080.2
1399840 2080.2
1399850 2080.4
1399860 2081.4
1399870 2081.4
1399880 2083.0
1399890 2084.8
1399900 2084.8
1399910 2086.8
1399920 2089.0
1399930 2090.3
1399940 2090.3
1399950 2091.0
1399960 2091.4
1399970 2091.4
1399980 2090.3
1399990 2088.2
