1380000 1103.7
1380010 1103.7
1380020 1103.5
1380030 1103.3
1380040 1103.3
1380050 1103.1
1380060 1102.8
1380070 1102.4
1380080 1102.4
1380090 1102.1
1380100 1102.1
1380110 1102.1
1380120 1102.4
1380130 1102.5
1380140 1102.5
1380150 1102.0
1380160 1101.0
1380170 1101.0
1380180 1099.7
1380190 1098.3
1380200 1098.3
1380210 1096.6
1380220 1095.1
1380230 1095.1
1380240 1094.5
1380250 1093.7
1380260 1092.6
1380270 1092.6
1380280 1091.6
1380290 1090.9
1380300 1090.9
1380310 1090.5
1380320 1090.4
1380330 1090.4
1380340 1090.6
1380350 1091.5
1380360 1091.5
1380370 1092.6
1380380 1093.3
1380390 1093.3
1380400 1092.6
1380410 1090.6
1380420 1090.6
1380430 1090.6
1380440 1090.2
1380450 1090.3
1380460 1090.3
1380470 1090.6
1380480 1090.7
1380490 1090.7
1380500 1090.2
1380510 1089.3
1380520 1089.3
1380530 1088.1
1380540 1087.0
1380550 1087.0
1380560 1086.0
1380570 1084.9
1380580 1084.2
1380590 1084.2
1380600 1083.8
1380610 1083.6
1380620 1083.6
1380630 1083.6
1380640 1083.6
1380650 1083.6
1380660 1083.5
1380670 1083.8
1380680 1083.8
1380690 1084.2
1380700 1084.5
1380710 1084.5
1380720 1084.9
1380730 1085.4
1380740 1085.4
1380750 1086.2
1380760 1087.2
1380770 1088.1
1380780 1088.1
1380790 1088.4
1380800 1088.1
1380810 1088.1
1380820 1087.9
1380830 1088.1
1380840 1088.1
1380850 1088.9
1380860 1089.6
1380870 1089.6
1380880 1090.1
1380890 1090.4
1380900 1090.4
1380910 1089.2
1380920 1088.3
1380930 1087.3
1380940 1087.3
1380950 1086.2
1380960 1085.5
1380970 1085.5
1380980 1085.1
1380990 1085.1
1381000 1085.1
1381010 1084.1
1381020 1084.2
1381030 1084.2
1381040 1084.3
1381050 1084.0
1381060 1084.0
1381070 1084.0
1381080 1084.2
1381090 1084.2
1381100 1084.7
1381110 1086.0
1381120 1084.9
1381130 1084.9
1381140 1084.3
1381150 1084.3
1381160 1084.3
1381170 1084.5
1381180 1085.0
1381190 1085.0
1381200 1085.1
1381210 1084.9
1381220 1084.9
1381230 1085.1
1381240 1084.9
1381250 1084.9
1381260 1084.5
1381270 1084.3
1381280 1083.7
1381290 1083.7
1381300 1083.8
1381310 1083.7
1381320 1083.7
1381330 1083.7
1381340 1083.9
1381350 1083.9
1381360 1083.4
1381370 1083.4
1381380 1083.4
1381390 1083.3
1381400 1082.7
1381410 1082.7
1381420 1082.0
1381430 1082.4
1381440 1081.6
1381450 1081.6
1381460 1081.4
1381470 1081.5
1381480 1081.5
1381490 1081.3
1381500 1081.8
1381510 1081.8
1381520 1081.4
1381530 1081.0
1381540 1081.0
1381550 1081.2
1381560 1080.9
1381570 1080.9
1381580 1080.6
1381590 1080.3
1381600 1080.3
1381610 1080.4
1381620 1080.5
1381630 1080.1
1381640 1080.1
1381650 1079.9
1381660 1079.8
1381670 1079.8
1381680 1079.8
1381690 1079.7
1381700 1079.7
1381710 1079.7
1381720 1079.6
1381730 1079.6
1381740 1079.6
1381750 1079.7
1381760 1079.7
1381770 1079.4
1381780 1079.4
1381790 1079.6
1381800 1079.6
1381810 1079.6
1381820 1079.5
1381830 1079.5
1381840 1079.4
1381850 1079.4
1381860 1079.4
1381870 1079.5
1381880 1079.4
1381890 1079.4
1381900 1079.4
1381910 1079.2
1381920 1079.2
1381930 1079.0
1381940 1078.7
1381950 1078.4
1381960 1078.4
1381970 1078.2
1381980 1078.2
1381990 1078.2
1382000 1078.5
1382010 1078.7
1382020 1078.7
1382030 1079.0
1382040 1079.1
1382050 1079.1
1382060 1078.9
1382070 1078.7
1382080 1078.7
1382090 1078.6
1382100 1078.4
1382110 1078.4
1382120 1078.0
1382130 1077.7
1382140 1077.9
1382150 1077.9
1382160 1078.1
1382170 1078.3
1382180 1078.3
1382190 1078.4
1382200 1078.5
1382210 1078.5
1382220 1078.8
1382230 1079.4
1382240 1079.4
1382250 1078.8
1382260 1078.0
1382270 1078.0
1382280 1077.9
1382290 1078.6
1382300 1078.6
1382310 1078.6
1382320 1078.5
1382330 1078.5
1382340 1078.5
1382350 1078.5
1382360 1078.5
1382370 1078.5
1382380 1078.4
1382390 1078.2
1382400 1078.2
1382410 1078.1
1382420 1078.1
1382430 1078.1
1382440 1078.0
1382450 1078.0
1382460 1078.0
1382470 1078.0
1382480 1078.0
1382490 1078.3
1382500 1078.3
1382510 1078.5
1382520 1078.5
1382530 1078.5
1382540 1078.7
1382550 1079.0
1382560 1079.0
1382570 1079.0
1382580 1078.5
1382590 1078.5
1382600 1078.4
1382610 1078.5
1382620 1078.5
1382630 1078.5
1382640 1078.5
1382650 1078.3
1382660 1078.3
1382670 1078.2
1382680 1078.4
1382690 1078.4
1382700 1078.5
1382710 1078.5
1382720 1078.5
1382730 1078.5
1382740 1078.5
1382750 1078.5
1382760 1078.4
1382770 1078.3
1382780 1078.3
1382790 1078.2
1382800 1078.3
1382810 1078.6
1382820 1078.6
1382830 1078.5
1382840 1078.4
1382850 1078.4
1382860 1078.3
1382870 1078.4
1382880 1078.4
1382890 1078.4
1382900 1078.5
1382910 1078.5
1382920 1078.6
1382930 1078.7
1382940 1078.7
1382950 1078.7
1382960 1078.8
1382970 1078.8
1382980 1078.8
1382990 1078.9
1383000 1078.9
1383010 1078.9
1383020 1079.1
1383030 1079.1
1383040 1079.1
1383050 1079.1
1383060 1079.3
1383070 1079.3
1383080 1079.7
1383090 1080.0
1383100 1080.0
1383110 1080.0
1383120 1079.4
1383130 1079.4
1383140 1079.0
1383150 1078.7
1383160 1078.5
1383170 1078.5
1383180 1078.5
1383190 1078.9
1383200 1078.9
1383210 1079.3
1383220 1079.4
1383230 1079.4
1383240 1079.2
1383250 1079.5
1383260 1079.5
1383270 1079.6
1383280 1079.7
1383290 1079.7
1383300 1079.9
1383310 1080.0
1383320 1080.0
1383330 1080.0
1383340 1080.1
1383350 1080.2
1383360 1080.2
1383370 1080.3
1383380 1080.3
1383390 1080.3
1383400 1080.2
1383410 1079.5
1383420 1079.5
1383430 1079.3
1383440 1079.3
1383450 1079.3
1383460 1079.3
1383470 1079.3
1383480 1079.0
1383490 1079.0
1383500 1078.9
1383510 1079.1
1383520 1079.1
1383530 1079.3
1383540 1079.6
1383550 1079.6
1383560 1079.4
1383570 1078.6
1383580 1078.6
1383590 1078.5
1383600 1078.8
1383610 1078.8
1383620 1079.2
1383630 1080.1
1383640 1080.1
1383650 1081.4
1383660 1082.8
1383670 1084.2
1383680 1084.2
1383690 1085.3
1383700 1086.3
1383710 1086.3
1383720 1087.3
1383730 1088.0
1383740 1088.0
1383750 1088.7
1383760 1090.2
1383770 1090.2
1383780 1093.0
1383790 1095.8
1383800 1095.8
1383810 1099.0
1383820 1101.7
1383830 1104.1
1383840 1104.1
1383850 1106.3
1383860 1108.0
1383870 1108.0
1383880 1109.6
1383890 1111.1
1383900 1111.1
1383910 1112.1
1383920 1112.5
1383930 1112.5
1383940 1112.1
1383950 1111.2
1383960 1111.2
1383970 1109.7
1383980 1107.5
1383990 1105.1
1384000 1105.1
1384010 1102.3
1384020 1099.3
1384030 1099.3
1384040 1096.3
1384050 1093.8
1384060 1093.8
1384070 1091.7
1384080 1089.4
1384090 1089.4
1384100 1087.1
1384110 1084.7
1384120 1084.7
1384130 1082.4
1384140 1080.8
1384150 1080.8
1384160 1080.3
1384170 1080.1
1384180 1079.9
1384190 1079.9
1384200 1079.9
1384210 1079.9
1384220 1079.9
1384230 1080.3
1384240 1082.4
1384250 1082.4
1384260 1083.6
1384270 1081.6
1384280 1081.6
1384290 1078.3
1384300 1076.5
1384310 1076.5
1384320 1076.4
1384330 1076.4
1384340 1076.3
1384350 1076.3
1384360 1076.1
1384370 1076.0
1384380 1076.0
1384390 1076.1
1384400 1076.2
1384410 1076.2
1384420 1076.2
1384430 1076.2
1384440 1076.2
1384450 1076.2
1384460 1076.2
1384470 1076.2
1384480 1076.3
1384490 1076.3
1384500 1076.3
1384510 1076.3
1384520 1076.5
1384530 1076.7
1384540 1076.7
1384550 1077.1
1384560 1077.4
1384570 1077.4
1384580 1077.5
1384590 1077.4
1384600 1077.4
1384610 1077.1
1384620 1076.8
1384630 1076.8
1384640 1076.4
1384650 1075.9
1384660 1075.9
1384670 1075.5
1384680 1075.1
1384690 1075.1
1384700 1075.1
1384710 1075.4
1384720 1075.8
1384730 1075.1
1384740 1075.1
1384750 1075.2
1384760 1075.2
1384770 1075.4
1384780 1075.7
1384790 1075.7
1384800 1076.0
1384810 1076.2
1384820 1076.2
1384830 1076.3
1384840 1076.2
1384850 1076.1
1384860 1076.1
1384870 1075.6
1384880 1075.3
1384890 1075.3
1384900 1075.3
1384910 1075.3
1384920 1075.3
1384930 1075.3
1384940 1075.5
1384950 1075.5
1384960 1075.6
1384970 1075.7
1384980 1075.7
1384990 1075.8
1385000 1076.0
1385010 1076.0
1385020 1076.0
1385030 1076.0
1385040 1076.0
1385050 1076.0
1385060 1075.9
1385070 1075.8
1385080 1075.8
1385090 1075.8
1385100 1075.7
1385110 1075.7
1385120 1075.8
1385130 1076.2
1385140 1076.2
1385150 1076.6
1385160 1077.4
1385170 1077.4
1385180 1078.0
1385190 1077.0
1385200 1075.4
1385210 1075.4
1385220 1074.5
1385230 1074.2
1385240 1074.2
1385250 1073.9
1385260 1073.7
1385270 1073.7
1385280 1074.2
1385290 1074.5
1385300 1074.5
1385310 1074.6
1385320 1074.7
1385330 1074.7
1385340 1074.7
1385350 1074.4
1385360 1074.1
1385370 1074.1
1385380 1073.9
1385390 1073.6
1385400 1073.6
1385410 1073.3
1385420 1073.1
1385430 1073.1
1385440 1072.7
1385450 1072.4
1385460 1072.4
1385470 1072.1
1385480 1071.9
1385490 1071.9
1385500 1071.7
1385510 1071.8
1385520 1071.8
1385530 1071.9
1385540 1072.1
1385550 1072.4
1385560 1072.4
1385570 1072.5
1385580 1072.8
1385590 1072.8
1385600 1073.3
1385610 1073.6
1385620 1073.6
1385630 1073.9
1385640 1074.1
1385650 1074.1
1385660 1074.2
1385670 1074.3
1385680 1074.3
1385690 1074.3
1385700 1074.2
1385710 1074.2
1385720 1074.2
1385730 1074.1
1385740 1074.1
1385750 1074.1
1385760 1074.0
1385770 1073.9
1385780 1073.9
1385790 1073.8
1385800 1073.7
1385810 1073.7
1385820 1073.6
1385830 1073.5
1385840 1073.5
1385850 1073.3
1385860 1073.3
1385870 1073.2
1385880 1073.2
1385890 1073.2
1385900 1073.1
1385910 1073.1
1385920 1073.0
1385930 1072.9
1385940 1072.9
1385950 1072.9
1385960 1072.9
1385970 1072.9
1385980 1072.9
1385990 1072.8
1386000 1072.8
1386010 1072.7
1386020 1072.8
1386030 1072.8
1386040 1072.9
1386050 1072.8
1386060 1072.3
1386070 1072.3
1386080 1071.8
1386090 1072.0
1386100 1072.0
1386110 1072.3
1386120 1072.2
1386130 1072.2
1386140 1072.0
1386150 1071.8
1386160 1071.8
1386170 1071.6
1386180 1071.4
1386190 1071.4
1386200 1071.3
1386210 1071.2
1386220 1071.1
1386230 1071.1
1386240 1071.0
1386250 1070.9
1386260 1070.9
1386270 1070.8
1386280 1070.7
1386290 1070.7
1386300 1070.7
1386310 1070.6
1386320 1070.6
1386330 1070.5
1386340 1070.5
1386350 1070.5
1386360 1070.4
1386370 1070.4
1386380 1070.3
1386390 1070.3
1386400 1070.3
1386410 1070.3
1386420 1070.3
1386430 1070.2
1386440 1070.2
1386450 1070.2
1386460 1070.1
1386470 1070.1
1386480 1070.1
1386490 1070.1
1386500 1070.2
1386510 1070.2
1386520 1070.1
1386530 1070.1
1386540 1070.1
1386550 1070.1
1386560 1070.0
1386570 1069.9
1386580 1069.9
1386590 1069.9
1386600 1070.0
1386610 1070.0
1386620 1069.9
1386630 1069.8
1386640 1069.8
1386650 1069.8
1386660 1069.8
1386670 1069.8
1386680 1069.8
1386690 1069.8
1386700 1069.8
1386710 1069.7
1386720 1069.7
1386730 1069.6
1386740 1069.6
1386750 1069.5
1386760 1069.6
1386770 1069.6
1386780 1069.7
1386790 1069.8
1386800 1069.8
1386810 1069.7
1386820 1069.6
1386830 1069.6
1386840 1069.5
1386850 1069.5
1386860 1069.5
1386870 1069.4
1386880 1069.4
1386890 1069.4
1386900 1069.4
1386910 1069.4
1386920 1069.3
1386930 1069.3
1386940 1069.3
1386950 1069.2
1386960 1069.2
1386970 1069.2
1386980 1069.2
1386990 1069.2
1387000 1069.4
1387010 1069.4
1387020 1069.4
1387030 1069.5
1387040 1069.3
1387050 1069.3
1387060 1069.1
1387070 1069.0
1387080 1069.0
1387090 1069.0
1387100 1069.0
1387110 1068.9
1387120 1068.9
1387130 1068.8
1387140 1068.7
1387150 1068.7
1387160 1068.7
1387170 1068.8
1387180 1068.8
1387190 1068.9
1387200 1068.9
1387210 1068.9
1387220 1068.9
1387230 1068.8
1387240 1068.8
1387250 1068.8
1387260 1068.7
1387270 1068.8
1387280 1068.8
1387290 1068.6
1387300 1069.1
1387310 1069.1
1387320 1069.3
1387330 1069.4
1387340 1069.4
1387350 1069.5
1387360 1069.5
1387370 1069.5
1387380 1069.6
1387390 1069.7
1387400 1069.8
1387410 1069.8
1387420 1070.0
1387430 1070.1
1387440 1070.1
1387450 1070.3
1387460 1070.3
1387470 1070.3
1387480 1070.2
1387490 1070.3
1387500 1070.3
1387510 1070.3
1387520 1070.1
1387530 1070.1
1387540 1070.4
1387550 1070.2
1387560 1070.2
1387570 1070.3
1387580 1070.4
1387590 1070.2
1387600 1070.2
1387610 1070.0
1387620 1069.9
1387630 1069.9
1387640 1070.0
1387650 1070.0
1387660 1070.0
1387670 1069.8
1387680 1070.0
1387690 1070.0
1387700 1069.5
1387710 1069.8
1387720 1069.8
1387730 1070.3
1387740 1070.3
1387750 1071.1
1387760 1071.1
1387770 1070.8
1387780 1070.4
1387790 1070.4
1387800 1070.4
1387810 1070.3
1387820 1070.3
1387830 1070.3
1387840 1070.3
1387850 1070.3
1387860 1070.1
1387870 1069.9
1387880 1069.9
1387890 1070.0
1387900 1069.5
1387910 1067.2
1387920 1067.2
1387930 1067.0
1387940 1068.7
1387950 1068.7
1387960 1070.0
1387970 1069.5
1387980 1069.5
1387990 1068.7
1388000 1068.3
1388010 1068.3
1388020 1068.2
1388030 1068.2
1388040 1068.2
1388050 1068.2
1388060 1068.0
1388070 1068.0
1388080 1067.9
1388090 1067.8
1388100 1068.0
1388110 1068.0
1388120 1068.0
1388130 1067.8
1388140 1067.8
1388150 1067.6
1388160 1067.5
1388170 1067.5
1388180 1067.4
1388190 1067.4
1388200 1067.4
1388210 1067.3
1388220 1067.3
1388230 1067.3
1388240 1067.3
1388250 1067.1
1388260 1067.0
1388270 1067.0
1388280 1067.0
1388290 1066.9
1388300 1066.9
1388310 1067.0
1388320 1067.0
1388330 1067.0
1388340 1067.0
1388350 1066.9
1388360 1066.9
1388370 1067.1
1388380 1067.2
1388390 1067.2
1388400 1067.0
1388410 1066.8
1388420 1066.8
1388430 1066.8
1388440 1066.8
1388450 1066.8
1388460 1066.8
1388470 1066.7
1388480 1066.6
1388490 1066.6
1388500 1066.5
1388510 1066.4
1388520 1066.4
1388530 1066.4
1388540 1066.4
1388550 1066.4
1388560 1066.4
1388570 1066.4
1388580 1066.4
1388590 1067.0
1388600 1067.9
1388610 1068.0
1388620 1068.0
1388630 1068.0
1388640 1067.9
1388650 1067.9
1388660 1067.7
1388670 1067.6
1388680 1067.6
1388690 1067.5
1388700 1067.2
1388710 1067.2
1388720 1067.0
1388730 1066.9
1388740 1066.9
1388750 1066.7
1388760 1066.5
1388770 1066.4
1388780 1066.4
1388790 1066.3
1388800 1066.2
1388810 1066.2
1388820 1066.2
1388830 1066.2
1388840 1066.2
1388850 1066.2
1388860 1066.2
1388870 1066.2
1388880 1066.0
1388890 1065.6
1388900 1065.6
1388910 1065.0
1388920 1064.3
1388930 1063.9
1388940 1063.9
1388950 1063.8
1388960 1063.9
1388970 1063.9
1388980 1064.6
1388990 1065.1
1389000 1065.1
1389010 1065.8
1389020 1066.1
1389030 1066.1
1389040 1066.3
1389050 1066.3
1389060 1066.3
1389070 1066.3
1389080 1066.1
1389090 1066.1
1389100 1065.8
1389110 1065.5
1389120 1065.2
1389130 1065.2
1389140 1065.0
1389150 1065.0
1389160 1065.0
1389170 1065.1
1389180 1065.1
1389190 1065.1
1389200 1065.2
1389210 1065.2
1389220 1065.2
1389230 1065.2
1389240 1065.2
1389250 1065.2
1389260 1065.2
1389270 1065.2
1389280 1065.1
1389290 1065.1
1389300 1065.1
1389310 1065.1
1389320 1065.1
1389330 1065.1
1389340 1065.0
1389350 1065.0
1389360 1065.1
1389370 1065.1
1389380 1065.1
1389390 1065.1
1389400 1065.2
1389410 1065.2
1389420 1065.1
1389430 1065.0
1389440 1065.0
1389450 1065.0
1389460 1064.9
1389470 1064.8
1389480 1064.8
1389490 1064.7
1389500 1064.8
1389510 1064.8
1389520 1064.8
1389530 1064.8
1389540 1064.8
1389550 1064.7
1389560 1064.6
1389570 1064.6
1389580 1064.7
1389590 1064.8
1389600 1064.8
1389610 1064.8
1389620 1064.9
1389630 1064.8
1389640 1064.8
1389650 1064.8
1389660 1064.8
1389670 1064.8
1389680 1064.7
1389690 1064.7
1389700 1064.7
1389710 1064.6
1389720 1064.6
1389730 1064.6
1389740 1064.5
1389750 1064.5
1389760 1064.5
1389770 1064.4
1389780 1064.3
1389790 1064.1
1389800 1064.1
1389810 1064.2
1389820 1064.2
1389830 1064.2
1389840 1064.4
1389850 1064.5
1389860 1064.5
1389870 1064.5
1389880 1064.5
1389890 1064.5
1389900 1064.6
1389910 1064.7
1389920 1064.7
1389930 1064.6
1389940 1064.6
1389950 1064.6
1389960 1064.8
1389970 1065.1
1389980 1065.2
1389990 1065.2
1390000 1065.4
1390010 1065.6
1390020 1065.6
1390030 1066.0
1390040 1066.3
1390050 1066.3
1390060 1066.6
1390070 1066.8
1390080 1066.8
1390090 1066.7
1390100 1066.6
1390110 1066.6
1390120 1066.6
1390130 1066.8
1390140 1067.1
1390150 1067.1
1390160 1067.0
1390170 1067.1
1390180 1067.1
1390190 1067.8
1390200 1068.1
1390210 1068.1
1390220 1068.0
1390230 1068.1
1390240 1068.1
1390250 1068.4
1390260 1068.6
1390270 1068.6
1390280 1068.8
1390290 1068.6
1390300 1068.5
1390310 1068.5
1390320 1068.4
1390330 1068.7
1390340 1068.7
1390350 1069.0
1390360 1069.2
1390370 1069.2
1390380 1069.1
1390390 1069.0
1390400 1069.0
1390410 1069.0
1390420 1069.1
1390430 1069.1
1390440 1069.2
1390450 1069.2
1390460 1069.2
1390470 1069.2
1390480 1069.2
1390490 1069.0
1390500 1069.0
1390510 1068.8
1390520 1068.7
1390530 1068.7
1390540 1068.4
1390550 1068.1
1390560 1068.1
1390570 1067.5
1390580 1066.9
1390590 1066.9
1390600 1066.1
1390610 1065.5
1390620 1065.5
1390630 1065.1
1390640 1064.6
1390650 1064.0
1390660 1064.0
1390670 1063.3
1390680 1062.7
1390690 1062.7
1390700 1061.9
1390710 1061.1
1390720 1061.1
1390730 1060.2
1390740 1059.2
1390750 1059.2
1390760 1058.3
1390770 1057.6
1390780 1057.6
1390790 1057.1
1390800 1056.3
1390810 1055.9
1390820 1055.9
1390830 1055.7
1390840 1055.4
1390850 1055.4
1390860 1055.3
1390870 1055.1
1390880 1055.1
1390890 1055.0
1390900 1054.8
1390910 1054.8
1390920 1054.7
1390930 1054.6
1390940 1054.6
1390950 1054.7
1390960 1054.8
1390970 1054.8
1390980 1054.7
1390990 1054.5
1391000 1054.4
1391010 1054.4
1391020 1054.1
1391030 1053.8
1391040 1053.8
1391050 1053.7
1391060 1053.6
1391070 1053.6
1391080 1053.4
1391090 1053.2
1391100 1053.2
1391110 1053.3
1391120 1053.3
1391130 1053.3
1391140 1053.4
1391150 1052.9
1391160 1052.6
1391170 1052.6
1391180 1052.4
1391190 1051.8
1391200 1051.8
1391210 1051.1
1391220 1050.9
1391230 1050.9
1391240 1051.4
1391250 1052.7
1391260 1059.5
1391270 1061.7
1391280 1061.8
1391290 1061.8
1391300 1061.9
1391310 1061.7
1391320 1061.6
1391330 1061.6
1391340 1061.8
1391350 1061.7
1391360 1061.7
1391370 1061.4
1391380 1061.1
1391390 1061.1
1391400 1061.0
1391410 1060.5
1391420 1060.5
1391430 1059.7
1391440 1059.5
1391450 1059.5
1391460 1059.2
1391470 1058.5
1391480 1058.5
1391490 1059.2
1391500 1061.2
1391510 1063.4
1391520 1063.4
1391530 1066.3
1391540 1069.6
1391550 1069.6
1391560 1073.4
1391570 1077.8
1391580 1077.8
1391590 1082.3
1391600 1086.0
1391610 1086.0
1391620 1089.5
1391630 1093.7
1391640 1093.7
1391650 1097.8
1391660 1101.6
1391670 1104.3
1391680 1104.3
1391690 1106.2
1391700 1108.3
1391710 1108.3
1391720 1110.7
1391730 1112.0
1391740 1112.0
1391750 1111.5
1391760 1109.1
1391770 1109.1
1391780 1106.8
1391790 1105.8
1391800 1105.8
1391810 1104.9
1391820 1103.3
1391830 1102.0
1391840 1102.0
1391850 1101.4
1391860 1101.5
1391870 1101.5
1391880 1101.2
1391890 1102.4
1391900 1102.4
1391910 1102.6
1391920 1103.3
1391930 1103.3
1391940 1108.4
1391950 1114.1
1391960 1114.1
1391970 1118.4
1391980 1116.5
1391990 1116.5
1392000 1113.2
1392010 1113.6
1392020 1116.4
1392030 1116.4
1392040 1117.0
1392050 1119.4
1392060 1119.4
1392070 1122.1
1392080 1122.9
1392090 1122.9
1392100 1123.8
1392110 1124.5
1392120 1124.5
1392130 1125.4
1392140 1127.7
1392150 1127.7
1392160 1128.8
1392170 1131.2
1392180 1136.4
1392190 1136.4
1392200 1142.6
1392210 1146.3
1392220 1146.3
1392230 1150.0
1392240 1154.0
1392250 1154.0
1392260 1159.2
1392270 1163.0
1392280 1163.0
1392290 1167.2
1392300 1172.4
1392310 1172.4
1392320 1176.2
1392330 1180.3
1392340 1186.2
1392350 1186.2
1392360 1191.5
1392370 1190.8
1392380 1190.8
1392390 1188.2
1392400 1186.9
1392410 1186.9
1392420 1186.9
1392430 1187.0
1392440 1187.0
1392450 1187.6
1392460 1189.0
1392470 1189.0
1392480 1189.4
1392490 1189.5
1392500 1189.5
1392510 1186.3
1392520 1180.4
1392530 1177.0
1392540 1177.0
1392550 1175.4
1392560 1176.1
1392570 1176.1
1392580 1185.5
1392590 1198.4
1392600 1198.4
1392610 1209.9
1392620 1216.8
1392630 1216.8
1392640 1221.1
1392650 1224.8
1392660 1224.8
1392670 1230.4
1392680 1236.4
1392690 1242.5
1392700 1242.5
1392710 1244.0
1392720 1242.0
1392730 1242.0
1392740 1239.2
1392750 1236.3
1392760 1236.3
1392770 1235.1
1392780 1238.4
1392790 1238.4
1392800 1240.8
1392810 1245.8
1392820 1245.8
1392830 1249.6
1392840 1251.7
1392850 1253.7
1392860 1253.7
1392870 1255.6
1392880 1254.8
1392890 1254.8
1392900 1256.3
1392910 1259.3
1392920 1259.3
1392930 1261.9
1392940 1263.8
1392950 1263.8
1392960 1265.4
1392970 1267.6
1392980 1267.6
1392990 1269.7
1393000 1269.4
1393010 1269.4
1393020 1267.0
1393030 1265.7
1393040 1267.0
1393050 1267.0
1393060 1269.5
1393070 1271.4
1393080 1271.4
1393090 1272.5
1393100 1272.9
1393110 1272.9
1393120 1273.3
1393130 1273.5
1393140 1273.5
1393150 1273.2
1393160 1273.4
1393170 1273.4
1393180 1272.8
1393190 1272.5
1393200 1273.8
1393210 1273.8
1393220 1273.6
1393230 1272.9
1393240 1272.9
1393250 1271.9
1393260 1271.7
1393270 1271.7
1393280 1271.3
1393290 1270.5
1393300 1270.5
1393310 1268.9
1393320 1265.7
1393330 1265.7
1393340 1263.6
1393350 1263.3
1393360 1261.8
1393370 1261.8
1393380 1259.6
1393390 1256.5
1393400 1256.5
1393410 1253.3
1393420 1247.1
1393430 1247.1
1393440 1240.2
1393450 1235.4
1393460 1235.4
1393470 1230.4
1393480 1223.9
1393490 1223.9
1393500 1218.2
1393510 1214.3
1393520 1214.3
1393530 1210.6
1393540 1206.2
1393550 1201.6
1393560 1201.6
1393570 1197.9
1393580 1194.1
1393590 1194.1
1393600 1187.0
1393610 1179.5
1393620 1179.5
1393630 1172.6
1393640 1165.6
1393650 1165.6
1393660 1157.7
1393670 1150.0
1393680 1150.0
1393690 1145.7
1393700 1152.3
1393710 1159.4
1393720 1159.4
1393730 1166.4
1393740 1177.3
1393750 1177.3
1393760 1186.9
1393770 1194.0
1393780 1194.0
1393790 1200.4
1393800 1207.8
1393810 1207.8
1393820 1214.4
1393830 1220.6
1393840 1220.6
1393850 1228.0
1393860 1235.7
1393870 1243.5
1393880 1243.5
1393890 1251.6
1393900 1260.0
1393910 1260.0
1393920 1266.1
1393930 1267.6
1393940 1267.6
1393950 1268.5
1393960 1269.9
1393970 1269.9
1393980 1271.5
1393990 1273.9
1394000 1275.1
1394010 1278.7
1394020 1283.5
1394030 1283.5
1394040 1288.9
1394050 1294.3
1394060 1299.6
1394070 1299.6
1394080 1304.1
1394090 1306.0
1394100 1306.0
1394110 1308.5
1394120 1310.8
1394130 1310.8
1394140 1312.8
1394150 1315.0
1394160 1315.0
1394170 1318.0
1394180 1320.6
1394190 1320.6
1394200 1322.4
1394210 1324.6
1394220 1326.2
1394230 1326.2
1394240 1327.9
1394250 1330.0
1394260 1330.0
1394270 1333.0
1394280 1335.6
1394290 1335.6
1394300 1337.0
1394310 1337.8
1394320 1337.8
1394330 1338.7
1394340 1339.7
1394350 1339.7
1394360 1340.3
1394370 1340.3
1394380 1340.6
1394390 1340.6
1394400 1341.3
1394410 1342.0
1394420 1342.0
1394430 1341.7
1394440 1341.2
1394450 1341.2
1394460 1341.8
1394470 1342.5
1394480 1342.5
1394490 1343.0
1394500 1343.6
1394510 1343.6
1394520 1344.5
1394530 1345.2
1394540 1345.2
1394550 1345.5
1394560 1345.4
1394570 1345.4
1394580 1345.4
1394590 1345.4
1394600 1345.6
1394610 1345.6
1394620 1345.3
1394630 1344.3
1394640 1344.3
1394650 1339.7
1394660 1335.2
1394670 1335.2
1394680 1330.6
1394690 1323.2
1394700 1323.2
1394710 1314.7
1394720 1307.0
1394730 1301.1
1394740 1301.1
1394750 1299.3
1394760 1298.7
1394770 1298.7
1394780 1294.9
1394790 1293.0
1394800 1293.0
1394810 1290.0
1394820 1284.3
1394830 1284.3
1394840 1278.9
1394850 1272.9
1394860 1272.9
1394870 1267.2
1394880 1262.0
1394890 1262.0
1394900 1257.6
1394910 1253.6
1394920 1250.0
1394930 1250.0
1394940 1246.8
1394950 1243.4
1394960 1243.4
1394970 1240.3
1394980 1238.0
1394990 1238.0
1395000 1236.1
1395010 1234.2
1395020 1234.2
1395030 1232.4
1395040 1231.4
1395050 1231.4
1395060 1228.8
1395070 1225.6
1395080 1224.3
1395090 1224.3
1395100 1225.0
1395110 1227.3
1395120 1227.3
1395130 1227.3
1395140 1224.0
1395150 1224.0
1395160 1220.6
1395170 1215.7
1395180 1215.7
1395190 1210.0
1395200 1205.5
1395210 1205.5
1395220 1202.6
1395230 1199.5
1395240 1196.5
1395250 1196.5
1395260 1193.7
1395270 1189.6
1395280 1189.6
1395290 1183.4
1395300 1179.5
1395310 1179.5
1395320 1180.9
1395330 1190.1
1395340 1190.1
1395350 1199.7
1395360 1208.8
1395370 1208.8
1395380 1217.5
1395390 1224.8
1395400 1227.4
1395410 1238.0
1395420 1255.7
1395430 1265.0
1395440 1265.0
1395450 1272.7
1395460 1279.2
1395470 1279.2
1395480 1284.6
1395490 1292.2
1395500 1292.2
1395510 1301.8
1395520 1312.1
1395530 1312.1
1395540 1324.9
1395550 1330.9
1395560 1330.9
1395570 1334.5
1395580 1337.6
1395590 1340.3
1395600 1340.3
1395610 1342.8
1395620 1345.3
1395630 1345.3
1395640 1348.5
1395650 1351.4
1395660 1351.4
1395670 1354.0
1395680 1356.0
1395690 1356.0
1395700 1357.9
1395710 1360.1
1395720 1360.1
1395730 1362.6
1395740 1365.1
1395750 1367.7
1395760 1367.7
1395770 1370.9
1395780 1374.4
1395790 1374.4
1395800 1378.2
1395810 1381.9
1395820 1381.9
1395830 1385.3
1395840 1388.6
1395850 1388.6
1395860 1391.6
1395870 1394.8
1395880 1394.8
1395890 1397.6
1395900 1400.6
1395910 1400.6
1395920 1403.8
1395930 1407.3
1395940 1410.8
1395950 1410.8
1395960 1414.6
1395970 1418.6
1395980 1418.6
1395990 1423.0
1396000 1428.0
1396010 1428.0
1396020 1433.1
1396030 1438.3
1396040 1438.3
1396050 1444.0
1396060 1450.6
1396070 1450.6
1396080 1457.3
1396090 1464.1
1396100 1471.0
1396110 1471.0
1396120 1478.0
1396130 1484.8
1396140 1484.8
1396150 1491.4
1396160 1497.4
1396170 1497.4
1396180 1502.8
1396190 1507.6
1396200 1507.6
1396210 1511.3
1396220 1514.4
1396230 1514.4
1396240 1517.5
1396250 1521.2
1396260 1524.1
1396270 1524.1
1396280 1526.9
1396290 1530.3
1396300 1530.3
1396310 1532.7
1396320 1534.3
1396330 1534.3
1396340 1534.9
1396350 1535.2
1396360 1535.2
1396370 1535.2
1396380 1535.3
1396390 1535.3
1396400 1535.2
1396410 1534.8
1396420 1534.8
1396430 1534.3
1396440 1533.5
1396450 1532.3
1396460 1532.3
1396470 1532.7
1396480 1536.4
1396490 1536.4
1396500 1542.3
1396510 1547.8
1396520 1547.8
1396530 1552.4
1396540 1555.8
1396550 1555.8
1396560 1558.1
1396570 1559.2
1396580 1559.2
1396590 1559.2
1396600 1558.5
1396610 1557.5
1396620 1557.5
1396630 1555.2
1396640 1553.2
1396650 1553.2
1396660 1552.5
1396670 1556.6
1396680 1556.6
1396690 1564.4
1396700 1572.4
1396710 1572.4
1396720 1580.4
1396730 1588.0
1396740 1588.0
1396750 1595.2
1396760 1600.7
1396770 1604.6
1396780 1604.6
1396790 1607.9
1396800 1611.0
1396810 1611.0
1396820 1614.5
1396830 1623.6
1396840 1623.6
1396850 1627.7
1396860 1632.0
1396870 1632.0
1396880 1636.2
1396890 1639.8
1396900 1639.8
1396910 1643.2
1396920 1646.7
1396930 1646.7
1396940 1650.2
1396950 1653.8
1396960 1656.7
1396970 1656.7
1396980 1659.0
1396990 1660.8
1397000 1660.8
1397010 1661.7
1397020 1662.2
1397030 1662.2
1397040 1662.6
1397050 1663.4
1397060 1663.4
1397070 1663.8
1397080 1664.2
1397090 1664.2
1397100 1664.2
1397110 1663.8
1397120 1663.5
1397130 1663.5
1397140 1662.9
1397150 1662.4
1397160 1662.4
1397170 1660.4
1397180 1657.5
1397190 1657.5
1397200 1657.3
1397210 1655.3
1397220 1655.3
1397230 1650.2
1397240 1642.7
1397250 1642.7
1397260 1634.8
1397270 1626.1
1397280 1617.6
1397290 1617.6
1397300 1611.4
1397310 1612.4
1397320 1612.4
1397330 1614.4
1397340 1615.4
1397350 1615.4
1397360 1616.3
1397370 1617.7
1397380 1617.7
1397390 1618.2
1397400 1616.2
1397410 1616.2
1397420 1611.7
1397430 1602.6
1397440 1602.6
1397450 1594.4
1397460 1587.1
1397470 1580.3
1397480 1580.3
1397490 1574.1
1397500 1567.9
1397510 1567.9
1397520 1563.1
1397530 1557.1
1397540 1557.1
1397550 1551.6
1397560 1546.9
1397570 1546.9
1397580 1543.0
1397590 1538.5
1397600 1538.5
1397610 1534.9
1397620 1535.7
1397630 1531.2
1397640 1531.2
1397650 1530.7
1397660 1537.0
1397670 1537.0
1397680 1545.0
1397690 1553.2
1397700 1553.2
1397710 1561.0
1397720 1568.1
1397730 1568.1
1397740 1575.0
1397750 1581.9
1397760 1581.9
1397770 1588.5
1397780 1594.9
1397790 1601.3
1397800 1601.3
1397810 1607.5
1397820 1613.8
1397830 1613.8
1397840 1620.1
1397850 1626.2
1397860 1626.2
1397870 1632.3
1397880 1638.7
1397890 1638.7
1397900 1645.0
1397910 1650.9
1397920 1650.9
1397930 1655.0
1397940 1657.6
1397950 1657.6
1397960 1658.8
1397970 1657.8
1397980 1651.7
1397990 1651.7
1398000 1643.9
1398010 1635.6
1398020 1635.6
1398030 1631.9
1398040 1629.2
1398050 1629.2
1398060 1626.6
1398070 1620.7
1398080 1620.7
1398090 1613.7
1398100 1605.6
1398110 1605.6
1398120 1596.9
1398130 1589.4
1398140 1583.9
1398150 1583.9
1398160 1579.5
1398170 1574.3
1398180 1574.3
1398190 1563.8
1398200 1551.5
1398210 1551.5
1398220 1542.9
1398230 1537.4
1398240 1537.4
1398250 1530.9
1398260 1523.8
1398270 1523.8
1398280 1524.4
1398290 1521.0
1398300 1516.4
1398310 1516.4
1398320 1511.1
1398330 1506.5
1398340 1506.5
1398350 1500.8
1398360 1495.4
1398370 1495.4
1398380 1489.8
1398390 1482.5
1398400 1482.5
1398410 1474.0
1398420 1467.7
1398430 1467.7
1398440 1462.9
1398450 1457.8
1398460 1457.8
1398470 1450.2
1398480 1442.6
1398490 1437.0
1398500 1437.0
1398510 1435.6
1398520 1431.1
1398530 1431.1
1398540 1423.6
1398550 1416.6
1398560 1416.6
1398570 1410.0
1398580 1405.5
1398590 1405.5
1398600 1403.2
1398610 1400.1
1398620 1400.1
1398630 1397.0
1398640 1394.1
1398650 1389.9
1398660 1389.9
1398670 1383.7
1398680 1380.9
1398690 1380.9
1398700 1384.4
1398710 1393.3
1398720 1393.3
1398730 1404.0
1398740 1417.8
1398750 1417.8
1398760 1427.9
1398770 1436.1
1398780 1436.1
1398790 1442.2
1398800 1445.8
1398810 1448.7
1398820 1448.7
1398830 1452.1
1398840 1457.2
1398850 1457.2
1398860 1462.9
1398870 1469.0
1398880 1469.0
1398890 1475.0
1398900 1481.4
1398910 1481.4
1398920 1488.7
1398930 1496.7
1398940 1496.7
1398950 1504.7
1398960 1512.2
1398970 1512.2
1398980 1520.1
1398990 1528.7
1399000 1537.2
1399010 1537.2
1399020 1545.7
1399030 1557.0
1399040 1557.0
1399050 1567.3
1399060 1579.0
1399070 1579.0
1399080 1588.3
1399090 1595.2
1399100 1595.2
1399110 1601.6
1399120 1608.3
1399130 1608.3
1399140 1615.3
1399150 1622.8
1399160 1630.8
1399170 1630.8
1399180 1638.7
1399190 1645.9
1399200 1645.9
1399210 1653.0
1399220 1659.5
1399230 1659.5
1399240 1665.5
1399250 1671.3
1399260 1671.3
1399270 1676.5
1399280 1680.3
1399290 1680.3
1399300 1683.7
1399310 1687.5
1399320 1687.1
1399330 1687.1
1399340 1683.0
1399350 1683.8
1399360 1683.8
1399370 1687.5
1399380 1692.7
1399390 1692.7
1399400 1699.1
1399410 1703.7
1399420 1703.7
1399430 1707.0
1399440 1708.6
1399450 1708.6
1399460 1709.9
1399470 1714.3
1399480 1714.3
1399490 1719.6
1399500 1724.8
1399510 1729.5
1399520 1729.5
1399530 1733.1
1399540 1736.2
1399550 1736.2
1399560 1739.0
1399570 1742.1
1399580 1742.1
1399590 1744.8
1399600 1746.8
1399610 1746.8
1399620 1750.7
1399630 1754.5
1399640 1754.5
1399650 1756.0
1399660 1758.8
1399670 1764.2
1399680 1764.2
1399690 1769.6
1399700 1774.0
1399710 1774.0
1399720 1777.0
1399730 1778.4
1399740 1778.4
1399750 1771.2
1399760 1778.1
1399770 1778.1
1399780 1783.8
1399790 1787.5
1399800 1787.5
1399810 1790.0
1399820 1792.7
1399830 1796.5
1399840 1796.5
1399850 1797.8
1399860 1799.2
1399870 1799.2
1399880 1802.4
1399890 1804.9
1399900 1804.9
1399910 1806.5
1399920 1808.3
1399930 1808.3
1399940 1810.3
1399950 1814.0
1399960 1814.0
1399970 1815.3
1399980 1819.0
1399990 1819.0
