1380000 1096.3
1380010 1095.9
1380020 1095.4
1380030 1095.4
1380040 1094.7
1380050 1092.9
1380060 1092.9
1380070 1094.7
1380080 1094.9
1380090 1094.9
1380100 1094.9
1380110 1094.8
1380120 1094.8
1380130 1094.7
1380140 1094.5
1380150 1094.5
1380160 1094.1
1380170 1093.7
1380180 1093.9
1380190 1093.9
1380200 1094.7
1380210 1095.0
1380220 1095.0
1380230 1096.2
1380240 1097.9
1380250 1097.9
1380260 1099.8
1380270 1101.8
1380280 1101.8
1380290 1103.6
1380300 1105.1
1380310 1105.1
1380320 1106.0
1380330 1105.8
1380340 1105.6
1380350 1105.6
1380360 1105.5
1380370 1105.8
1380380 1105.8
1380390 1106.3
1380400 1106.3
1380410 1106.3
1380420 1107.3
1380430 1108.2
1380440 1108.2
1380450 1108.4
1380460 1108.5
1380470 1108.5
1380480 1108.1
1380490 1107.3
1380500 1107.3
1380510 1107.4
1380520 1107.8
1380530 1108.2
1380540 1108.2
1380550 1108.8
1380560 1109.5
1380570 1109.5
1380580 1109.4
1380590 1108.5
1380600 1108.5
1380610 1108.3
1380620 1108.7
1380630 1108.7
1380640 1107.6
1380650 1105.1
1380660 1105.1
1380670 1104.3
1380680 1106.3
1380690 1106.1
1380700 1106.1
1380710 1106.1
1380720 1105.5
1380730 1105.5
1380740 1104.0
1380750 1103.5
1380760 1103.5
1380770 1105.9
1380780 1108.9
1380790 1108.9
1380800 1108.9
1380810 1108.1
1380820 1108.1
1380830 1108.0
1380840 1108.6
1380850 1109.4
1380860 1109.4
1380870 1110.0
1380880 1111.4
1380890 1113.4
1380900 1115.1
1380910 1116.0
1380920 1116.0
1380930 1116.9
1380940 1118.5
1380950 1118.5
1380960 1119.0
1380970 1119.0
1380980 1119.0
1380990 1120.4
1381000 1121.4
1381010 1121.4
1381020 1121.7
1381030 1121.9
1381040 1122.1
1381050 1122.1
1381060 1122.0
1381070 1121.9
1381080 1121.9
1381090 1121.8
1381100 1121.4
1381110 1121.4
1381120 1120.9
1381130 1120.2
1381140 1120.2
1381150 1119.5
1381160 1119.4
1381170 1119.4
1381180 1119.5
1381190 1119.2
1381200 1118.7
1381210 1118.7
1381220 1119.3
1381230 1119.7
1381240 1119.7
1381250 1119.8
1381260 1118.4
1381270 1118.4
1381280 1117.3
1381290 1116.5
1381300 1116.5
1381310 1117.2
1381320 1117.7
1381330 1117.7
1381340 1118.5
1381350 1118.3
1381360 1117.2
1381370 1117.2
1381380 1114.8
1381390 1115.1
1381400 1115.1
1381410 1117.0
1381420 1117.1
1381430 1117.1
1381440 1116.3
1381450 1117.4
1381460 1117.4
1381470 1121.4
1381480 1125.6
1381490 1125.6
1381500 1128.2
1381510 1129.0
1381520 1129.0
1381530 1129.8
1381540 1130.3
1381550 1131.0
1381560 1131.0
1381570 1131.9
1381580 1132.9
1381590 1132.9
1381600 1133.5
1381610 1134.5
1381620 1134.5
1381630 1135.1
1381640 1134.4
1381650 1134.4
1381660 1134.3
1381670 1134.9
1381680 1134.9
1381690 1134.8
1381700 1135.4
1381710 1136.3
1381720 1136.3
1381730 1136.4
1381740 1135.5
1381750 1135.5
1381760 1132.2
1381770 1127.8
1381780 1127.8
1381790 1125.6
1381800 1125.7
1381810 1125.7
1381820 1126.2
1381830 1124.1
1381840 1124.1
1381850 1123.6
1381860 1126.2
1381870 1128.5
1381880 1128.5
1381890 1129.8
1381900 1132.9
1381910 1132.9
1381920 1139.6
1381930 1144.9
1381940 1144.9
1381950 1146.8
1381960 1147.4
1381970 1147.4
1381980 1147.3
1381990 1147.5
1382000 1147.5
1382010 1147.9
1382020 1148.4
1382030 1148.4
1382040 1148.3
1382050 1146.2
1382060 1144.3
1382070 1144.3
1382080 1145.1
1382090 1145.8
1382100 1145.8
1382110 1149.1
1382120 1142.6
1382130 1142.6
1382140 1136.9
1382150 1131.5
1382160 1131.5
1382170 1131.5
1382180 1135.3
1382190 1135.3
1382200 1140.2
1382210 1145.1
1382220 1149.8
1382230 1149.8
1382240 1152.3
1382250 1153.4
1382260 1153.4
1382270 1153.1
1382280 1152.2
1382290 1152.2
1382300 1151.9
1382310 1151.1
1382320 1151.1
1382330 1149.1
1382340 1144.0
1382350 1144.0
1382360 1136.8
1382370 1133.1
1382380 1134.4
1382390 1134.4
1382400 1138.4
1382410 1144.8
1382420 1144.8
1382430 1150.5
1382440 1151.4
1382450 1151.4
1382460 1147.3
1382470 1145.5
1382480 1145.5
1382490 1149.5
1382500 1154.7
1382510 1154.7
1382520 1158.5
1382530 1161.9
1382540 1161.9
1382550 1162.8
1382560 1158.8
1382570 1152.9
1382580 1152.9
1382590 1147.2
1382600 1147.0
1382610 1147.0
1382620 1149.4
1382630 1147.2
1382640 1147.2
1382650 1143.3
1382660 1144.1
1382670 1144.1
1382680 1150.4
1382690 1158.5
1382700 1158.5
1382710 1164.9
1382720 1170.4
1382730 1172.8
1382740 1172.8
1382750 1170.9
1382760 1167.7
1382770 1167.7
1382780 1165.0
1382790 1167.5
1382800 1167.5
1382810 1172.5
1382820 1171.8
1382830 1171.8
1382840 1163.9
1382850 1155.5
1382860 1155.5
1382870 1149.1
1382880 1143.8
1382890 1138.0
1382900 1138.0
1382910 1134.4
1382920 1135.0
1382930 1135.0
1382940 1135.8
1382950 1136.1
1382960 1136.1
1382970 1138.1
1382980 1140.9
1382990 1140.9
1383000 1144.8
1383010 1151.6
1383020 1151.6
1383030 1159.8
1383040 1168.0
1383050 1168.0
1383060 1176.3
1383070 1182.5
1383080 1184.5
1383090 1184.5
1383100 1186.1
1383110 1188.2
1383120 1188.2
1383130 1189.2
1383140 1190.0
1383150 1190.0
1383160 1191.1
1383170 1191.3
1383180 1191.3
1383190 1190.1
1383200 1190.1
1383210 1190.1
1383220 1192.0
1383230 1193.4
1383240 1194.3
1383250 1194.3
1383260 1194.7
1383270 1194.3
1383280 1194.3
1383290 1192.5
1383300 1189.5
1383310 1189.5
1383320 1186.8
1383330 1184.7
1383340 1184.7
1383350 1183.3
1383360 1181.6
1383370 1181.6
1383380 1179.9
1383390 1178.4
1383400 1177.1
1383410 1177.1
1383420 1175.6
1383430 1173.1
1383440 1173.1
1383450 1170.3
1383460 1167.8
1383470 1167.8
1383480 1165.8
1383490 1164.6
1383500 1164.6
1383510 1164.0
1383520 1163.6
1383530 1163.6
1383540 1163.7
1383550 1164.1
1383560 1164.1
1383570 1166.0
1383580 1169.2
1383590 1172.6
1383600 1172.6
1383610 1176.3
1383620 1179.6
1383630 1179.6
1383640 1179.7
1383650 1180.9
1383660 1180.9
1383670 1183.7
1383680 1184.4
1383690 1184.4
1383700 1186.0
1383710 1186.7
1383720 1186.7
1383730 1188.8
1383740 1192.1
1383750 1195.2
1383760 1195.2
1383770 1197.1
1383780 1198.6
1383790 1198.6
1383800 1199.8
1383810 1200.9
1383820 1200.9
1383830 1201.5
1383840 1202.5
1383850 1202.5
1383860 1203.5
1383870 1204.5
1383880 1204.5
1383890 1205.6
1383900 1207.2
1383910 1206.3
1383920 1206.3
1383930 1205.7
1383940 1205.9
1383950 1205.9
1383960 1206.2
1383970 1205.9
1383980 1205.9
1383990 1205.2
1384000 1204.1
1384010 1204.1
1384020 1202.5
1384030 1201.4
1384040 1201.4
1384050 1200.9
1384060 1200.5
1384070 1200.5
1384080 1200.2
1384090 1200.0
1384100 1200.0
1384110 1200.0
1384120 1200.2
1384130 1200.6
1384140 1200.6
1384150 1201.2
1384160 1201.7
1384170 1201.7
1384180 1202.3
1384190 1202.6
1384200 1202.6
1384210 1203.0
1384220 1203.8
1384230 1203.8
1384240 1204.3
1384250 1204.6
1384260 1204.1
1384270 1204.1
1384280 1203.6
1384290 1203.6
1384300 1203.6
1384310 1203.9
1384320 1203.8
1384330 1203.8
1384340 1203.8
1384350 1203.6
1384360 1203.6
1384370 1203.1
1384380 1201.3
1384390 1201.3
1384400 1200.4
1384410 1199.7
1384420 1198.5
1384430 1198.5
1384440 1195.2
1384450 1190.1
1384460 1190.1
1384470 1184.5
1384480 1178.9
1384490 1178.9
1384500 1174.1
1384510 1170.1
1384520 1170.1
1384530 1166.3
1384540 1163.6
1384550 1163.6
1384560 1162.3
1384570 1161.1
1384580 1161.1
1384590 1160.1
1384600 1159.2
1384610 1160.1
1384620 1160.1
1384630 1160.6
1384640 1159.7
1384650 1159.7
1384660 1157.7
1384670 1155.7
1384680 1155.7
1384690 1154.5
1384700 1152.0
1384710 1152.0
1384720 1146.9
1384730 1140.6
1384740 1140.6
1384750 1131.8
1384760 1124.2
1384770 1116.5
1384780 1116.5
1384790 1109.6
1384800 1108.5
1384810 1108.5
1384820 1107.7
1384830 1106.9
1384840 1106.9
1384850 1116.7
1384860 1124.5
1384870 1124.5
1384880 1126.0
1384890 1130.7
1384900 1130.7
1384910 1135.4
1384920 1133.8
1384930 1133.4
1384940 1133.4
1384950 1138.2
1384960 1144.8
1384970 1144.8
1384980 1151.0
1384990 1153.1
1385000 1153.1
1385010 1153.0
1385020 1152.0
1385030 1152.0
1385040 1150.8
1385050 1149.3
1385060 1149.3
1385070 1147.1
1385080 1144.4
1385090 1144.4
1385100 1141.5
1385110 1139.1
1385120 1137.8
1385130 1137.8
1385140 1138.0
1385150 1138.4
1385160 1138.4
1385170 1139.3
1385180 1140.4
1385190 1140.4
1385200 1141.2
1385210 1141.7
1385220 1141.7
1385230 1141.5
1385240 1140.6
1385250 1140.6
1385260 1138.4
1385270 1136.5
1385280 1136.2
1385290 1136.2
1385300 1136.0
1385310 1135.6
1385320 1135.6
1385330 1135.1
1385340 1131.8
1385350 1131.8
1385360 1128.6
1385370 1130.5
1385380 1130.5
1385390 1134.8
1385400 1135.7
1385410 1135.7
1385420 1136.1
1385430 1135.8
1385440 1135.2
1385450 1135.2
1385460 1134.1
1385470 1132.5
1385480 1132.5
1385490 1131.2
1385500 1130.8
1385510 1130.8
1385520 1131.6
1385530 1132.1
1385540 1132.1
1385550 1132.7
1385560 1133.2
1385570 1133.2
1385580 1133.7
1385590 1132.2
1385600 1132.2
1385610 1129.8
1385620 1129.9
1385630 1133.1
1385640 1133.1
1385650 1136.8
1385660 1138.6
1385670 1138.6
1385680 1139.2
1385690 1138.9
1385700 1138.9
1385710 1136.0
1385720 1132.2
1385730 1132.2
1385740 1129.5
1385750 1129.1
1385760 1129.1
1385770 1130.2
1385780 1131.2
1385790 1131.8
1385800 1131.8
1385810 1135.2
1385820 1140.4
1385830 1140.4
1385840 1142.0
1385850 1138.8
1385860 1138.8
1385870 1134.9
1385880 1135.2
1385890 1135.2
1385900 1132.7
1385910 1136.3
1385920 1136.3
1385930 1140.5
1385940 1143.5
1385950 1145.5
1385960 1145.5
1385970 1147.8
1385980 1150.1
1385990 1150.1
1386000 1151.0
1386010 1150.9
1386020 1150.9
1386030 1150.6
1386040 1151.3
1386050 1151.3
1386060 1150.5
1386070 1148.1
1386080 1148.1
1386090 1147.8
1386100 1149.6
1386110 1149.6
1386120 1152.0
1386130 1153.3
1386140 1153.6
1386150 1153.6
1386160 1153.6
1386170 1153.2
1386180 1153.2
1386190 1152.0
1386200 1149.2
1386210 1149.2
1386220 1148.8
1386230 1149.1
1386240 1149.1
1386250 1148.6
1386260 1148.2
1386270 1148.2
1386280 1148.1
1386290 1148.2
1386300 1146.9
1386310 1146.9
1386320 1143.4
1386330 1146.4
1386340 1146.4
1386350 1146.2
1386360 1145.6
1386370 1145.6
1386380 1145.0
1386390 1144.3
1386400 1144.3
1386410 1143.7
1386420 1143.7
1386430 1143.7
1386440 1143.8
1386450 1142.0
1386460 1138.8
1386470 1138.8
1386480 1135.5
1386490 1133.9
1386500 1133.9
1386510 1129.7
1386520 1125.3
1386530 1125.3
1386540 1121.8
1386550 1119.3
1386560 1119.3
1386570 1113.8
1386580 1113.0
1386590 1113.0
1386600 1114.3
1386610 1121.0
1386620 1121.0
1386630 1126.7
1386640 1129.7
1386650 1132.6
1386660 1132.6
1386670 1138.2
1386680 1140.9
1386690 1140.9
1386700 1140.7
1386710 1140.1
1386720 1140.1
1386730 1139.1
1386740 1138.2
1386750 1138.2
1386760 1138.0
1386770 1138.2
1386780 1138.2
1386790 1138.5
1386800 1138.0
1386810 1137.3
1386820 1137.3
1386830 1136.1
1386840 1135.4
1386850 1135.4
1386860 1134.5
1386870 1135.3
1386880 1135.3
1386890 1135.8
1386900 1135.7
1386910 1135.7
1386920 1135.1
1386930 1134.5
1386940 1134.5
1386950 1134.0
1386960 1133.9
1386970 1135.2
1386980 1135.2
1386990 1134.6
1387000 1131.4
1387010 1131.4
1387020 1129.2
1387030 1128.4
1387040 1128.4
1387050 1128.6
1387060 1127.1
1387070 1127.1
1387080 1125.7
1387090 1124.8
1387100 1124.8
1387110 1124.1
1387120 1123.2
1387130 1123.2
1387140 1122.2
1387150 1121.2
1387160 1120.1
1387170 1122.6
1387180 1121.4
1387190 1120.5
1387200 1120.5
1387210 1120.1
1387220 1119.3
1387230 1119.3
1387240 1118.2
1387250 1117.3
1387260 1117.3
1387270 1116.1
1387280 1113.3
1387290 1113.3
1387300 1108.7
1387310 1103.8
1387320 1103.1
1387330 1103.1
1387340 1103.4
1387350 1109.0
1387360 1109.0
1387370 1114.1
1387380 1114.2
1387390 1114.2
1387400 1113.7
1387410 1113.5
1387420 1113.5
1387430 1113.3
1387440 1112.8
1387450 1112.8
1387460 1111.9
1387470 1111.5
1387480 1111.9
1387490 1111.9
1387500 1112.0
1387510 1108.7
1387520 1108.7
1387530 1101.8
1387540 1092.8
1387550 1092.8
1387560 1084.9
1387570 1084.0
1387580 1084.0
1387590 1085.9
1387600 1088.8
1387610 1088.8
1387620 1089.5
1387630 1088.5
1387640 1088.5
1387650 1087.3
1387660 1086.1
1387670 1084.6
1387680 1084.6
1387690 1082.1
1387700 1081.6
1387710 1081.6
1387720 1081.7
1387730 1081.8
1387740 1081.8
1387750 1083.2
1387760 1085.0
1387770 1085.0
1387780 1089.5
1387790 1095.2
1387800 1095.2
1387810 1102.7
1387820 1110.5
1387830 1114.0
1387840 1114.0
1387850 1113.8
1387860 1113.4
1387870 1113.4
1387880 1113.0
1387890 1111.7
1387900 1111.7
1387910 1111.0
1387920 1110.7
1387930 1110.7
1387940 1109.8
1387950 1109.3
1387960 1109.3
1387970 1108.5
1387980 1107.8
1387990 1108.0
1388000 1108.0
1388010 1108.7
1388020 1109.7
1388030 1109.7
1388040 1110.8
1388050 1111.2
1388060 1111.2
1388070 1111.0
1388080 1106.6
1388090 1106.6
1388100 1101.0
1388110 1099.8
1388120 1099.8
1388130 1102.8
1388140 1110.7
1388150 1110.7
1388160 1115.1
1388170 1115.7
1388180 1115.5
1388190 1115.5
1388200 1115.5
1388210 1115.1
1388220 1115.1
1388230 1114.0
1388240 1113.2
1388250 1113.2
1388260 1112.6
1388270 1111.6
1388280 1111.6
1388290 1110.9
1388300 1111.3
1388310 1111.3
1388320 1112.2
1388330 1112.4
1388340 1111.7
1388350 1111.7
1388360 1109.3
1388370 1107.6
1388380 1107.6
1388390 1109.3
1388400 1111.1
1388410 1111.1
1388420 1112.0
1388430 1112.6
1388440 1112.6
1388450 1113.2
1388460 1113.8
1388470 1119.9
1388480 1121.3
1388490 1121.5
1388500 1121.6
1388510 1121.6
1388520 1123.3
1388530 1124.9
1388540 1124.9
1388550 1124.7
1388560 1123.9
1388570 1123.9
1388580 1127.3
1388590 1128.0
1388600 1128.0
1388610 1127.3
1388620 1128.7
1388630 1128.7
1388640 1129.9
1388650 1130.5
1388660 1130.5
1388670 1130.7
1388680 1130.5
1388690 1130.7
1388700 1130.7
1388710 1131.6
1388720 1132.9
1388730 1132.9
1388740 1134.2
1388750 1135.3
1388760 1135.3
1388770 1135.3
1388780 1137.2
1388790 1137.2
1388800 1134.8
1388810 1127.6
1388820 1127.6
1388830 1126.2
1388840 1129.7
1388850 1137.3
1388860 1137.3
1388870 1142.9
1388880 1143.4
1388890 1143.4
1388900 1143.7
1388910 1144.2
1388920 1144.2
1388930 1144.6
1388940 1145.1
1388950 1145.1
1388960 1146.0
1388970 1146.9
1388980 1146.9
1388990 1147.6
1389000 1148.6
1389010 1149.9
1389020 1149.9
1389030 1150.1
1389040 1152.2
1389050 1152.2
1389060 1154.2
1389070 1154.4
1389080 1154.4
1389090 1155.5
1389100 1158.1
1389110 1158.1
1389120 1159.6
1389130 1160.0
1389140 1160.0
1389150 1160.1
1389160 1159.0
1389170 1159.0
1389180 1159.5
1389190 1162.5
1389200 1165.4
1389210 1165.4
1389220 1166.8
1389230 1167.5
1389240 1167.5
1389250 1168.0
1389260 1168.9
1389270 1168.9
1389280 1169.8
1389290 1170.0
1389300 1170.0
1389310 1170.2
1389320 1170.2
1389330 1170.2
1389340 1169.6
1389350 1169.4
1389360 1168.1
1389370 1168.1
1389380 1168.1
1389390 1168.7
1389400 1168.7
1389410 1168.3
1389420 1167.8
1389430 1167.8
1389440 1166.8
1389450 1167.4
1389460 1167.4
1389470 1167.7
1389480 1165.4
1389490 1165.4
1389500 1159.8
1389510 1155.3
1389520 1159.3
1389530 1159.3
1389540 1161.1
1389550 1154.7
1389560 1154.7
1389570 1149.5
1389580 1152.3
1389590 1152.3
1389600 1159.6
1389610 1155.9
1389620 1155.9
1389630 1148.4
1389640 1143.0
1389650 1143.0
1389660 1142.9
1389670 1150.8
1389680 1150.8
1389690 1158.6
1389700 1164.4
1389710 1162.9
1389720 1162.9
1389730 1159.0
1389740 1158.4
1389750 1158.4
1389760 1161.6
1389770 1161.9
1389780 1161.9
1389790 1163.9
1389800 1159.7
1389810 1159.7
1389820 1154.8
1389830 1150.4
1389840 1150.4
1389850 1153.8
1389860 1161.5
1389870 1168.0
1389880 1168.0
1389890 1174.8
1389900 1180.0
1389910 1180.0
1389920 1182.2
1389930 1183.5
1389940 1183.5
1389950 1183.7
1389960 1183.1
1389970 1183.1
1389980 1182.4
1389990 1179.2
1390000 1179.2
1390010 1174.0
1390020 1170.6
1390030 1173.9
1390040 1173.9
1390050 1182.2
1390060 1193.0
1390070 1193.0
1390080 1202.1
1390090 1210.3
1390100 1210.3
1390110 1215.0
1390120 1217.1
1390130 1217.1
1390140 1218.3
1390150 1218.4
1390160 1218.4
1390170 1218.4
1390180 1217.5
1390190 1217.5
1390200 1209.1
1390210 1198.2
1390220 1206.9
1390230 1206.9
1390240 1219.7
1390250 1223.6
1390260 1223.6
1390270 1224.0
1390280 1225.7
1390290 1225.7
1390300 1223.5
1390310 1217.5
1390320 1217.5
1390330 1213.1
1390340 1209.4
1390350 1209.4
1390360 1213.7
1390370 1223.3
1390380 1229.5
1390390 1229.5
1390400 1228.0
1390410 1224.7
1390420 1224.7
1390430 1224.4
1390440 1230.5
1390450 1230.5
1390460 1233.5
1390470 1233.2
1390480 1233.2
1390490 1232.5
1390500 1230.8
1390510 1230.8
1390520 1228.6
1390530 1228.1
1390540 1229.9
1390550 1229.9
1390560 1232.1
1390570 1230.3
1390580 1230.3
1390590 1229.0
1390600 1228.8
1390610 1228.8
1390620 1228.6
1390630 1224.6
1390640 1224.6
1390650 1214.2
1390660 1207.2
1390670 1207.2
1390680 1213.3
1390690 1224.4
1390700 1224.4
1390710 1227.0
1390720 1231.2
1390730 1234.7
1390740 1234.7
1390750 1238.4
1390760 1240.9
1390770 1240.9
1390780 1241.4
1390790 1242.2
1390800 1242.2
1390810 1242.5
1390820 1242.8
1390830 1242.8
1390840 1243.6
1390850 1245.9
1390860 1245.9
1390870 1249.7
1390880 1255.3
1390890 1261.4
1390900 1261.4
1390910 1264.5
1390920 1266.3
1390930 1266.3
1390940 1267.4
1390950 1269.5
1390960 1269.5
1390970 1272.0
1390980 1274.7
1390990 1274.7
1391000 1278.0
1391010 1281.2
1391020 1281.2
1391030 1283.8
1391040 1287.5
1391050 1290.6
1391060 1290.6
1391070 1293.2
1391080 1297.1
1391090 1297.1
1391100 1302.1
1391110 1306.9
1391120 1306.9
1391130 1316.0
1391140 1319.5
1391150 1319.5
1391160 1320.8
1391170 1320.9
1391180 1320.9
1391190 1320.9
1391200 1320.7
1391210 1320.7
1391220 1317.6
1391230 1315.6
1391240 1313.2
1391250 1313.2
1391260 1309.5
1391270 1310.3
1391280 1310.3
1391290 1310.7
1391300 1309.8
1391310 1309.8
1391320 1309.1
1391330 1309.1
1391340 1309.1
1391350 1308.6
1391360 1307.3
1391370 1307.3
1391380 1305.1
1391390 1302.2
1391400 1299.8
1391410 1299.8
1391420 1299.7
1391430 1300.7
1391440 1300.7
1391450 1301.7
1391460 1303.9
1391470 1303.9
1391480 1307.3
1391490 1309.6
1391500 1309.6
1391510 1310.2
1391520 1310.2
1391530 1310.2
1391540 1310.3
1391550 1310.6
1391560 1311.0
1391570 1311.0
1391580 1311.1
1391590 1310.6
1391600 1310.6
1391610 1308.4
1391620 1305.6
1391630 1305.6
1391640 1303.5
1391650 1302.1
1391660 1302.1
1391670 1301.5
1391680 1301.0
1391690 1301.0
1391700 1301.4
1391710 1301.7
1391720 1302.0
1391730 1302.0
1391740 1301.4
1391750 1300.3
1391760 1300.3
1391770 1300.4
1391780 1301.0
1391790 1301.0
1391800 1302.2
1391810 1303.3
1391820 1303.3
1391830 1304.2
1391840 1304.9
1391850 1304.9
1391860 1307.2
1391870 1309.4
1391880 1309.4
1391890 1311.1
1391900 1312.9
1391910 1315.6
1391920 1315.6
1391930 1317.7
1391940 1319.4
1391950 1319.4
1391960 1320.5
1391970 1321.4
1391980 1321.4
1391990 1322.5
1392000 1323.1
1392010 1323.1
1392020 1322.3
1392030 1323.2
1392040 1323.2
1392050 1329.3
1392060 1335.4
1392070 1339.7
1392080 1339.7
1392090 1341.2
1392100 1343.9
1392110 1343.9
1392120 1348.7
1392130 1354.1
1392140 1354.1
1392150 1359.2
1392160 1366.9
1392170 1366.9
1392180 1375.5
1392190 1384.3
1392200 1384.3
1392210 1392.3
1392220 1399.6
1392230 1406.7
1392240 1406.7
1392250 1409.4
1392260 1408.6
1392270 1408.6
1392280 1407.3
1392290 1406.2
1392300 1406.2
1392310 1404.9
1392320 1404.3
1392330 1404.3
1392340 1403.7
1392350 1402.7
1392360 1402.7
1392370 1401.1
1392380 1400.1
1392390 1400.1
1392400 1397.8
1392410 1393.8
1392420 1393.6
1392430 1393.6
1392440 1393.6
1392450 1391.2
1392460 1391.2
1392470 1388.2
1392480 1384.5
1392490 1388.6
1392500 1381.6
1392510 1375.4
1392520 1375.4
1392530 1372.5
1392540 1366.1
1392550 1366.1
1392560 1357.7
1392570 1352.3
1392580 1355.4
1392590 1355.4
1392600 1363.9
1392610 1371.2
1392620 1371.2
1392630 1377.2
1392640 1381.4
1392650 1381.4
1392660 1380.7
1392670 1381.5
1392680 1381.5
1392690 1385.2
1392700 1388.3
1392710 1388.3
1392720 1386.8
1392730 1382.4
1392740 1380.9
1392750 1380.9
1392760 1384.7
1392770 1389.5
1392780 1389.5
1392790 1394.8
1392800 1400.7
1392810 1400.7
1392820 1406.4
1392830 1411.6
1392840 1411.6
1392850 1415.0
1392860 1416.3
1392870 1416.3
1392880 1418.7
1392890 1421.3
1392900 1421.3
1392910 1423.6
1392920 1425.4
1392930 1427.1
1392940 1427.1
1392950 1429.0
1392960 1431.1
1392970 1431.1
1392980 1433.0
1392990 1434.4
1393000 1434.4
1393010 1435.5
1393020 1436.7
1393030 1436.7
1393040 1437.7
1393050 1438.9
1393060 1438.9
1393070 1439.7
1393080 1439.9
1393090 1439.4
1393100 1439.4
1393110 1439.0
1393120 1439.1
1393130 1439.1
1393140 1439.2
1393150 1439.3
1393160 1439.3
1393170 1438.4
1393180 1435.9
1393190 1435.9
1393200 1432.9
1393210 1427.4
1393220 1427.4
1393230 1422.6
1393240 1420.6
1393250 1419.4
1393260 1419.4
1393270 1417.6
1393280 1414.4
1393290 1414.4
1393300 1411.0
1393310 1408.6
1393320 1408.6
1393330 1406.3
1393340 1404.2
1393350 1404.2
1393360 1402.6
1393370 1400.2
1393380 1400.2
1393390 1396.5
1393400 1392.0
1393410 1392.0
1393420 1387.9
1393430 1384.2
1393440 1381.5
1393450 1381.5
1393460 1380.0
1393470 1378.3
1393480 1378.3
1393490 1374.4
1393500 1370.0
1393510 1370.0
1393520 1368.2
1393530 1366.3
1393540 1366.3
1393550 1362.1
1393560 1357.6
1393570 1357.6
1393580 1353.8
1393590 1350.4
1393600 1346.4
1393610 1346.4
1393620 1342.2
1393630 1336.7
1393640 1336.7
1393650 1330.3
1393660 1323.9
1393670 1323.9
1393680 1317.1
1393690 1311.4
1393700 1311.4
1393710 1306.0
1393720 1297.3
1393730 1297.3
1393740 1295.7
1393750 1302.1
1393760 1310.1
1393770 1310.1
1393780 1319.7
1393790 1330.3
1393800 1330.3
1393810 1340.2
1393820 1346.1
1393830 1346.1
1393840 1344.7
1393850 1340.4
1393860 1340.4
1393870 1341.9
1393880 1339.1
1393890 1339.1
1393900 1334.2
1393910 1325.9
1393920 1325.9
1393930 1316.6
1393940 1308.8
1393950 1302.0
1393960 1302.0
1393970 1295.0
1393980 1293.4
1393990 1293.4
1394000 1302.8
1394010 1312.4
1394020 1312.4
1394030 1314.3
1394040 1309.6
1394050 1309.6
1394060 1304.7
1394070 1305.3
1394080 1305.3
1394090 1310.8
1394100 1318.2
1394110 1325.3
1394120 1325.3
1394130 1329.3
1394140 1330.9
1394150 1330.9
1394160 1336.7
1394170 1342.1
1394180 1342.1
1394190 1344.3
1394200 1346.4
1394210 1346.4
1394220 1352.9
1394230 1358.7
1394240 1358.7
1394250 1363.1
1394260 1366.7
1394270 1371.1
1394280 1371.1
1394290 1375.7
1394300 1379.7
1394310 1379.7
1394320 1384.8
1394330 1391.9
1394340 1391.9
1394350 1399.6
1394360 1406.3
1394370 1406.3
1394380 1411.8
1394390 1416.9
1394400 1416.9
1394410 1421.4
1394420 1425.5
1394430 1425.5
1394440 1430.3
1394450 1435.7
1394460 1441.6
1394470 1441.6
1394480 1446.1
1394490 1450.1
1394500 1450.1
1394510 1455.3
1394520 1461.3
1394530 1461.3
1394540 1466.9
1394550 1472.5
1394560 1472.5
1394570 1477.4
1394580 1482.2
1394590 1482.2
1394600 1486.8
1394610 1491.5
1394620 1495.7
1394630 1495.7
1394640 1499.7
1394650 1503.9
1394660 1503.9
1394670 1508.7
1394680 1512.5
1394690 1512.5
1394700 1516.2
1394710 1520.2
1394720 1520.2
1394730 1523.6
1394740 1525.9
1394750 1525.9
1394760 1527.4
1394770 1529.4
1394780 1531.3
1394790 1531.3
1394800 1532.5
1394810 1533.8
1394820 1533.8
1394830 1535.6
1394840 1537.0
1394850 1537.0
1394860 1537.7
1394870 1538.0
1394880 1538.0
1394890 1538.7
1394900 1539.5
1394910 1539.5
1394920 1539.5
1394930 1539.1
1394940 1539.1
1394950 1538.9
1394960 1538.2
1394970 1535.4
1394980 1535.4
1394990 1532.3
1395000 1530.6
1395010 1530.6
1395020 1528.9
1395030 1527.2
1395040 1527.2
1395050 1526.5
1395060 1526.3
1395070 1526.3
1395080 1525.9
1395090 1525.3
1395100 1525.3
1395110 1523.3
1395120 1519.9
1395130 1515.3
1395140 1515.3
1395150 1510.1
1395160 1504.1
1395170 1504.1
1395180 1497.9
1395190 1492.9
1395200 1492.9
1395210 1490.9
1395220 1490.3
1395230 1490.3
1395240 1488.4
1395250 1484.6
1395260 1491.1
1395270 1486.8
1395280 1484.0
1395290 1481.8
1395300 1481.8
1395310 1479.1
1395320 1475.9
1395330 1475.9
1395340 1472.4
1395350 1468.8
1395360 1468.8
1395370 1465.1
1395380 1461.5
1395390 1461.5
1395400 1458.1
1395410 1454.3
1395420 1454.3
1395430 1449.6
1395440 1444.6
1395450 1444.6
1395460 1440.0
1395470 1435.4
1395480 1430.7
1395490 1430.7
1395500 1425.6
1395510 1420.8
1395520 1420.8
1395530 1417.1
1395540 1413.5
1395550 1413.5
1395560 1411.9
1395570 1407.6
1395580 1407.6
1395590 1401.3
1395600 1395.8
1395610 1395.8
1395620 1390.3
1395630 1384.4
1395640 1378.7
1395650 1378.7
1395660 1373.4
1395670 1366.8
1395680 1366.8
1395690 1357.0
1395700 1345.1
1395710 1345.1
1395720 1334.0
1395730 1325.6
1395740 1325.6
1395750 1317.1
1395760 1308.3
1395770 1308.3
1395780 1309.1
1395790 1318.1
1395800 1326.5
1395810 1326.5
1395820 1334.7
1395830 1344.2
1395840 1344.2
1395850 1354.1
1395860 1363.0
1395870 1363.0
1395880 1370.7
1395890 1379.1
1395900 1379.1
1395910 1387.7
1395920 1396.0
1395930 1396.0
1395940 1402.9
1395950 1409.7
1395960 1409.7
1395970 1416.1
1395980 1422.6
1395990 1428.7
1396000 1428.7
1396010 1435.1
1396020 1441.0
1396030 1441.0
1396040 1446.3
1396050 1451.7
1396060 1451.7
1396070 1457.1
1396080 1462.8
1396090 1462.8
1396100 1468.2
1396110 1473.6
1396120 1473.6
1396130 1479.3
1396140 1485.0
1396150 1490.5
1396160 1490.5
1396170 1495.8
1396180 1500.8
1396190 1500.8
1396200 1505.6
1396210 1510.7
1396220 1510.7
1396230 1516.3
1396240 1521.5
1396250 1521.5
1396260 1526.5
1396270 1531.8
1396280 1531.8
1396290 1535.9
1396300 1537.8
1396310 1536.4
1396320 1536.4
1396330 1536.6
1396340 1531.9
1396350 1531.9
1396360 1530.6
1396370 1533.2
1396380 1533.2
1396390 1536.0
1396400 1537.5
1396410 1537.5
1396420 1539.7
1396430 1543.4
1396440 1543.4
1396450 1547.8
1396460 1552.6
1396470 1552.6
1396480 1558.2
1396490 1563.7
1396500 1568.6
1396510 1568.6
1396520 1573.9
1396530 1579.5
1396540 1579.5
1396550 1585.4
1396560 1591.5
1396570 1591.5
1396580 1597.9
1396590 1604.2
1396600 1604.2
1396610 1610.4
1396620 1617.1
1396630 1617.1
1396640 1624.2
1396650 1631.6
1396660 1638.7
1396670 1638.7
1396680 1646.0
1396690 1651.7
1396700 1651.7
1396710 1659.0
1396720 1666.0
1396730 1666.0
1396740 1673.0
1396750 1679.5
1396760 1679.5
1396770 1686.2
1396780 1692.9
1396790 1692.9
1396800 1700.0
1396810 1707.5
1396820 1715.4
1396830 1715.4
1396840 1723.1
1396850 1731.1
1396860 1731.1
1396870 1739.0
1396880 1746.6
1396890 1746.6
1396900 1755.1
1396910 1765.5
1396920 1765.5
1396930 1778.5
1396940 1788.2
1396950 1788.2
1396960 1795.1
1396970 1800.1
1396980 1800.1
1396990 1805.9
1397000 1811.6
1397010 1818.1
1397020 1818.1
1397030 1825.5
1397040 1836.1
1397050 1836.1
1397060 1848.3
1397070 1858.9
1397080 1858.9
1397090 1870.1
1397100 1879.4
1397110 1879.4
1397120 1888.6
1397130 1899.5
1397140 1899.5
1397150 1908.3
1397160 1915.9
1397170 1924.4
1397180 1924.4
1397190 1932.3
1397200 1937.6
1397210 1937.6
1397220 1939.5
1397230 1938.0
1397240 1938.0
1397250 1933.7
1397260 1928.3
1397270 1928.3
1397280 1922.6
1397290 1916.5
1397300 1916.5
1397310 1909.3
1397320 1901.7
1397330 1894.0
1397340 1894.0
1397350 1886.9
1397360 1879.7
1397370 1879.7
1397380 1872.7
1397390 1866.4
1397400 1866.4
1397410 1860.0
1397420 1853.7
1397430 1853.7
1397440 1848.2
1397450 1842.2
1397460 1842.2
1397470 1836.3
1397480 1831.1
1397490 1831.1
1397500 1826.7
1397510 1823.3
1397520 1820.0
1397530 1820.0
1397540 1815.4
1397550 1809.1
1397560 1809.1
1397570 1803.1
1397580 1800.8
1397590 1800.8
1397600 1799.5
1397610 1798.2
1397620 1798.2
1397630 1795.5
1397640 1792.4
1397650 1792.4
1397660 1789.3
1397670 1786.1
1397680 1782.8
1397690 1782.8
1397700 1779.4
1397710 1775.5
1397720 1775.5
1397730 1771.9
1397740 1769.7
1397750 1769.7
1397760 1768.4
1397770 1766.3
1397780 1766.3
1397790 1762.8
1397800 1758.9
1397810 1758.9
1397820 1753.8
1397830 1748.4
1397840 1745.6
1397850 1745.6
1397860 1743.2
1397870 1746.0
1397880 1746.0
1397890 1749.5
1397900 1752.4
1397910 1752.4
1397920 1756.3
1397930 1760.6
1397940 1760.6
1397950 1764.3
1397960 1767.9
1397970 1767.9
1397980 1772.2
1397990 1777.7
1398000 1777.7
1398010 1782.6
1398020 1789.4
1398030 1795.4
1398040 1795.4
1398050 1801.5
1398060 1808.0
1398070 1808.0
1398080 1814.2
1398090 1820.0
1398100 1820.0
1398110 1825.5
1398120 1830.0
1398130 1831.7
1398140 1834.5
1398150 1833.5
1398160 1833.5
1398170 1830.2
1398180 1825.2
1398190 1819.3
1398200 1819.3
1398210 1812.4
1398220 1804.4
1398230 1804.4
1398240 1796.0
1398250 1788.3
1398260 1788.3
1398270 1780.9
1398280 1772.9
1398290 1772.9
1398300 1767.8
1398310 1763.1
1398320 1763.1
1398330 1756.2
1398340 1749.7
1398350 1744.3
1398360 1744.3
1398370 1738.4
1398380 1733.8
1398390 1733.8
1398400 1728.7
1398410 1723.0
1398420 1723.0
1398430 1716.9
1398440 1710.9
1398450 1710.9
1398460 1704.6
1398470 1698.1
1398480 1698.1
1398490 1691.8
1398500 1685.8
1398510 1685.8
1398520 1679.9
1398530 1674.3
1398540 1668.9
1398550 1668.9
1398560 1663.9
1398570 1659.8
1398580 1659.8
1398590 1655.9
1398600 1652.2
1398610 1652.2
1398620 1648.8
1398630 1645.3
1398640 1645.3
1398650 1641.5
1398660 1637.2
1398670 1637.2
1398680 1633.2
1398690 1628.8
1398700 1624.3
1398710 1624.3
1398720 1620.0
1398730 1616.0
1398740 1616.0
1398750 1611.7
1398760 1607.4
1398770 1607.4
1398780 1603.1
1398790 1598.4
1398800 1598.4
1398810 1594.6
1398820 1589.2
1398830 1589.2
1398840 1580.9
1398850 1572.5
1398860 1563.9
1398870 1563.9
1398880 1552.4
1398890 1543.5
1398900 1543.5
1398910 1533.6
1398920 1527.4
1398930 1527.4
1398940 1518.0
1398950 1508.4
1398960 1508.4
1398970 1495.8
1398980 1485.8
1398990 1485.8
1399000 1482.8
1399010 1486.0
1399020 1486.0
1399030 1493.4
1399040 1502.9
1399050 1508.8
1399060 1508.8
1399070 1509.7
1399080 1510.0
1399090 1510.0
1399100 1512.8
1399110 1519.0
1399120 1519.0
1399130 1527.4
1399140 1535.0
1399150 1535.0
1399160 1541.7
1399170 1548.8
1399180 1548.8
1399190 1556.6
1399200 1564.8
1399210 1572.4
1399220 1572.4
1399230 1579.2
1399240 1586.4
1399250 1586.4
1399260 1594.3
1399270 1602.4
1399280 1602.4
1399290 1610.6
1399300 1618.4
1399310 1618.4
1399320 1625.6
1399330 1631.7
1399340 1631.7
1399350 1637.8
1399360 1643.6
1399370 1650.8
1399380 1650.8
1399390 1658.5
1399400 1665.2
1399410 1665.2
1399420 1671.4
1399430 1676.5
1399440 1676.5
1399450 1681.7
1399460 1686.5
1399470 1686.5
1399480 1690.9
1399490 1694.3
1399500 1694.3
1399510 1698.6
1399520 1703.0
1399530 1703.0
1399540 1707.9
1399550 1713.7
1399560 1717.7
1399570 1717.7
1399580 1721.8
1399590 1723.4
1399600 1723.4
1399610 1735.5
1399620 1739.1
1399630 1739.1
1399640 1743.0
1399650 1748.1
1399660 1748.1
1399670 1752.7
1399680 1760.3
1399690 1760.3
1399700 1768.4
1399710 1775.5
1399720 1780.1
1399730 1780.1
1399740 1783.5
1399750 1785.2
1399760 1785.2
1399770 1790.1
1399780 1795.1
1399790 1795.1
1399800 1799.7
1399810 1805.5
1399820 1805.5
1399830 1811.2
1399840 1817.4
1399850 1817.4
1399860 1824.8
1399870 1832.1
1399880 1838.7
1399890 1838.7
1399900 1848.6
1399910 1869.9
1399920 1869.9
1399930 1883.9
1399940 1896.2
1399950 1896.2
1399960 1907.2
1399970 1910.0
1399980 1910.0
1399990 1918.1
