1380000 1632.4
1380010 1632.8
1380020 1633.9
1380030 1633.9
1380040 1634.7
1380050 1636.0
1380060 1636.0
1380070 1636.3
1380080 1635.8
1380090 1635.8
1380100 1636.0
1380110 1637.6
1380120 1637.6
1380130 1638.7
1380140 1639.8
1380150 1639.8
1380160 1639.7
1380170 1638.2
1380180 1638.2
1380190 1636.3
1380200 1634.0
1380210 1632.3
1380220 1632.3
1380230 1630.0
1380240 1628.4
1380250 1628.4
1380260 1625.9
1380270 1623.9
1380280 1623.9
1380290 1621.0
1380300 1619.1
1380310 1619.1
1380320 1616.2
1380330 1610.7
1380340 1610.7
1380350 1608.7
1380360 1608.2
1380370 1609.6
1380380 1609.6
1380390 1610.6
1380400 1611.2
1380410 1611.2
1380420 1610.5
1380430 1608.6
1380440 1608.6
1380450 1604.2
1380460 1599.1
1380470 1599.1
1380480 1594.8
1380490 1591.7
1380500 1591.7
1380510 1590.9
1380520 1591.1
1380530 1591.5
1380540 1591.5
1380550 1589.3
1380560 1585.7
1380570 1585.7
1380580 1583.7
1380590 1590.0
1380600 1590.0
1380610 1596.6
1380620 1602.2
1380630 1602.2
1380640 1599.0
1380650 1598.2
1380660 1598.2
1380670 1594.9
1380680 1593.3
1380690 1593.3
1380700 1590.9
1380710 1588.2
1380720 1584.8
1380730 1584.8
1380740 1579.3
1380750 1573.5
1380760 1573.5
1380770 1569.1
1380780 1569.2
1380790 1569.2
1380800 1571.0
1380810 1571.7
1380820 1571.7
1380830 1571.7
1380840 1571.5
1380850 1571.5
1380860 1571.4
1380870 1571.7
1380880 1572.9
1380890 1572.9
1380900 1573.4
1380910 1572.3
1380920 1572.3
1380930 1570.5
1380940 1569.6
1380950 1569.6
1380960 1569.2
1380970 1568.6
1380980 1568.6
1380990 1569.1
1381000 1570.2
1381010 1570.2
1381020 1571.7
1381030 1573.1
1381040 1573.1
1381050 1574.2
1381060 1574.9
1381070 1575.8
1381080 1575.8
1381090 1576.8
1381100 1577.2
1381110 1577.2
1381120 1577.0
1381130 1576.6
1381140 1576.6
1381150 1576.3
1381160 1575.2
1381170 1575.2
1381180 1573.6
1381190 1571.0
1381200 1571.0
1381210 1568.2
1381220 1566.8
1381230 1565.4
1381240 1565.4
1381250 1562.6
1381260 1559.5
1381270 1559.5
1381280 1556.9
1381290 1553.9
1381300 1553.9
1381310 1552.2
1381320 1552.3
1381330 1552.3
1381340 1549.6
1381350 1550.0
1381360 1550.0
1381370 1551.4
1381380 1552.0
1381390 1552.4
1381400 1552.4
1381410 1551.8
1381420 1550.3
1381430 1550.3
1381440 1548.2
1381450 1545.3
1381460 1545.3
1381470 1543.2
1381480 1541.7
1381490 1541.7
1381500 1539.5
1381510 1537.4
1381520 1537.4
1381530 1537.2
1381540 1538.5
1381550 1538.5
1381560 1538.4
1381570 1537.4
1381580 1536.6
1381590 1536.6
1381600 1536.1
1381610 1535.0
1381620 1535.0
1381630 1534.1
1381640 1533.2
1381650 1533.2
1381660 1532.0
1381670 1529.9
1381680 1529.9
1381690 1528.0
1381700 1527.5
1381710 1527.5
1381720 1527.9
1381730 1528.1
1381740 1528.3
1381750 1528.3
1381760 1529.1
1381770 1530.1
1381780 1530.1
1381790 1531.1
1381800 1531.1
1381810 1531.1
1381820 1531.1
1381830 1532.6
1381840 1532.6
1381850 1534.7
1381860 1537.2
1381870 1530.1
1381880 1531.1
1381890 1532.6
1381900 1534.0
1381910 1534.0
1381920 1534.7
1381930 1534.8
1381940 1534.8
1381950 1534.2
1381960 1532.9
1381970 1532.9
1381980 1531.6
1381990 1531.7
1382000 1531.7
1382010 1532.7
1382020 1533.3
1382030 1533.3
1382040 1533.0
1382050 1532.5
1382060 1532.5
1382070 1532.0
1382080 1531.6
1382090 1531.6
1382100 1531.6
1382110 1530.9
1382120 1529.9
1382130 1529.9
1382140 1530.1
1382150 1530.6
1382160 1530.6
1382170 1529.7
1382180 1527.5
1382190 1527.5
1382200 1525.0
1382210 1522.7
1382220 1522.7
1382230 1520.8
1382240 1519.8
1382250 1517.8
1382260 1517.8
1382270 1516.6
1382280 1515.6
1382290 1515.6
1382300 1514.4
1382310 1513.5
1382320 1513.5
1382330 1513.0
1382340 1511.9
1382350 1511.9
1382360 1510.3
1382370 1509.4
1382380 1509.4
1382390 1508.6
1382400 1507.3
1382410 1507.3
1382420 1506.2
1382430 1505.7
1382440 1505.4
1382450 1505.4
1382460 1504.5
1382470 1503.0
1382480 1503.0
1382490 1500.9
1382500 1498.9
1382510 1498.9
1382520 1497.4
1382530 1496.7
1382540 1496.7
1382550 1496.2
1382560 1496.2
1382570 1496.2
1382580 1496.6
1382590 1497.2
1382600 1497.5
1382610 1497.5
1382620 1497.5
1382630 1497.2
1382640 1497.2
1382650 1496.6
1382660 1495.6
1382670 1495.6
1382680 1492.8
1382690 1488.6
1382700 1488.6
1382710 1484.8
1382720 1481.5
1382730 1481.5
1382740 1478.5
1382750 1475.9
1382760 1474.1
1382770 1474.1
1382780 1472.7
1382790 1471.1
1382800 1471.1
1382810 1469.9
1382820 1469.0
1382830 1469.0
1382840 1468.5
1382850 1468.4
1382860 1468.4
1382870 1468.3
1382880 1468.2
1382890 1468.2
1382900 1468.4
1382910 1468.1
1382920 1468.1
1382930 1466.9
1382940 1464.8
1382950 1462.1
1382960 1462.1
1382970 1458.9
1382980 1455.6
1382990 1455.6
1383000 1452.5
1383010 1449.8
1383020 1449.8
1383030 1447.1
1383040 1444.5
1383050 1444.5
1383060 1441.9
1383070 1439.2
1383080 1439.2
1383090 1436.2
1383100 1430.2
1383110 1427.3
1383120 1427.3
1383130 1424.4
1383140 1421.7
1383150 1421.7
1383160 1419.1
1383170 1415.8
1383180 1415.8
1383190 1412.8
1383200 1410.5
1383210 1410.5
1383220 1408.2
1383230 1405.8
1383240 1405.8
1383250 1403.1
1383260 1400.3
1383270 1400.3
1383280 1397.3
1383290 1394.2
1383300 1391.4
1383310 1391.4
1383320 1388.9
1383330 1385.4
1383340 1385.4
1383350 1381.4
1383360 1377.2
1383370 1377.2
1383380 1371.8
1383390 1365.5
1383400 1365.5
1383410 1361.8
1383420 1362.9
1383430 1362.9
1383440 1359.3
1383450 1354.2
1383460 1349.3
1383470 1349.3
1383480 1344.7
1383490 1340.3
1383500 1340.3
1383510 1337.4
1383520 1334.5
1383530 1334.5
1383540 1329.9
1383550 1325.9
1383560 1325.9
1383570 1321.4
1383580 1314.7
1383590 1314.7
1383600 1308.4
1383610 1302.6
1383620 1296.5
1383630 1296.5
1383640 1292.6
1383650 1290.3
1383660 1290.3
1383670 1288.0
1383680 1285.3
1383690 1285.3
1383700 1280.5
1383710 1273.6
1383720 1273.6
1383730 1266.1
1383740 1260.1
1383750 1260.1
1383760 1257.1
1383770 1250.7
1383780 1250.7
1383790 1242.6
1383800 1234.2
1383810 1227.6
1383820 1227.6
1383830 1221.6
1383840 1216.1
1383850 1216.1
1383860 1210.1
1383870 1204.1
1383880 1204.1
1383890 1199.6
1383900 1195.2
1383910 1195.2
1383920 1190.4
1383930 1186.0
1383940 1186.0
1383950 1182.0
1383960 1178.1
1383970 1174.4
1383980 1174.4
1383990 1171.3
1384000 1168.5
1384010 1168.5
1384020 1165.1
1384030 1158.4
1384040 1158.4
1384050 1151.3
1384060 1145.2
1384070 1145.2
1384080 1138.5
1384090 1133.1
1384100 1133.1
1384110 1128.8
1384120 1123.7
1384130 1123.7
1384140 1117.4
1384150 1110.3
1384160 1103.1
1384170 1103.1
1384180 1097.1
1384190 1096.0
1384200 1096.0
1384210 1095.9
1384220 1094.5
1384230 1094.5
1384240 1093.0
1384250 1094.4
1384260 1094.4
1384270 1095.4
1384280 1097.8
1384290 1097.8
1384300 1104.2
1384310 1112.5
1384320 1121.6
1384330 1121.6
1384340 1128.3
1384350 1130.7
1384360 1130.7
1384370 1136.7
1384380 1145.6
1384390 1145.6
1384400 1158.7
1384410 1171.5
1384420 1171.5
1384430 1183.1
1384440 1192.0
1384450 1192.0
1384460 1197.4
1384470 1200.8
1384480 1204.3
1384490 1204.3
1384500 1208.0
1384510 1211.6
1384520 1211.6
1384530 1214.9
1384540 1217.1
1384550 1217.1
1384560 1219.7
1384570 1223.5
1384580 1223.5
1384590 1226.8
1384600 1228.9
1384610 1228.9
1384620 1230.4
1384630 1231.1
1384640 1231.1
1384650 1231.2
1384660 1231.8
1384670 1232.9
1384680 1232.9
1384690 1233.6
1384700 1234.5
1384710 1234.5
1384720 1235.0
1384730 1235.6
1384740 1235.6
1384750 1236.9
1384760 1239.3
1384770 1239.3
1384780 1242.8
1384790 1246.7
1384800 1246.7
1384810 1250.6
1384820 1253.8
1384830 1256.0
1384840 1256.0
1384850 1258.0
1384860 1260.1
1384870 1260.1
1384880 1261.3
1384890 1262.1
1384900 1262.1
1384910 1262.5
1384920 1261.3
1384930 1261.3
1384940 1259.0
1384950 1256.8
1384960 1256.8
1384970 1254.0
1384980 1248.4
1384990 1241.8
1385000 1241.8
1385010 1237.5
1385020 1231.0
1385030 1231.0
1385040 1224.0
1385050 1223.2
1385060 1223.2
1385070 1227.8
1385080 1231.2
1385090 1231.2
1385100 1233.7
1385110 1235.5
1385120 1235.5
1385130 1235.3
1385140 1237.6
1385150 1237.6
1385160 1244.3
1385170 1251.7
1385180 1259.9
1385190 1259.9
1385200 1270.6
1385210 1282.0
1385220 1282.0
1385230 1293.9
1385240 1301.5
1385250 1301.5
1385260 1310.9
1385270 1319.1
1385280 1319.1
1385290 1325.3
1385300 1331.4
1385310 1331.4
1385320 1337.1
1385330 1340.9
1385340 1344.1
1385350 1344.1
1385360 1346.8
1385370 1348.3
1385380 1348.3
1385390 1350.5
1385400 1350.8
1385410 1350.8
1385420 1350.0
1385430 1346.2
1385440 1346.2
1385450 1342.5
1385460 1342.5
1385470 1342.5
1385480 1346.1
1385490 1350.0
1385500 1350.0
1385510 1352.6
1385520 1353.0
1385530 1350.8
1385540 1350.8
1385550 1354.1
1385560 1359.7
1385570 1359.7
1385580 1364.0
1385590 1367.2
1385600 1367.2
1385610 1370.2
1385620 1370.6
1385630 1370.6
1385640 1373.8
1385650 1377.1
1385660 1377.1
1385670 1380.7
1385680 1383.8
1385690 1387.0
1385700 1387.0
1385710 1389.8
1385720 1391.4
1385730 1391.4
1385740 1392.4
1385750 1394.7
1385760 1394.7
1385770 1397.5
1385780 1399.9
1385790 1399.9
1385800 1403.5
1385810 1406.6
1385820 1406.6
1385830 1409.6
1385840 1412.4
1385850 1415.2
1385860 1415.2
1385870 1418.1
1385880 1420.5
1385890 1420.5
1385900 1422.8
1385910 1425.4
1385920 1425.4
1385930 1427.7
1385940 1429.5
1385950 1429.5
1385960 1430.8
1385970 1431.3
1385980 1431.3
1385990 1431.6
1386000 1433.9
1386010 1433.9
1386020 1435.9
1386030 1437.2
1386040 1440.1
1386050 1440.1
1386060 1443.2
1386070 1445.5
1386080 1445.5
1386090 1447.5
1386100 1449.2
1386110 1449.2
1386120 1450.7
1386130 1451.5
1386140 1451.5
1386150 1451.1
1386160 1450.3
1386170 1450.3
1386180 1449.7
1386190 1449.6
1386200 1451.4
1386210 1451.4
1386220 1453.4
1386230 1454.4
1386240 1454.4
1386250 1455.2
1386260 1455.9
1386270 1455.9
1386280 1456.9
1386290 1457.9
1386300 1457.9
1386310 1457.8
1386320 1458.1
1386330 1458.1
1386340 1459.8
1386350 1460.7
1386360 1460.7
1386370 1460.9
1386380 1461.3
1386390 1461.8
1386400 1461.8
1386410 1462.6
1386420 1462.0
1386430 1462.0
1386440 1462.2
1386450 1462.9
1386460 1462.9
1386470 1463.1
1386480 1463.5
1386490 1463.5
1386500 1464.1
1386510 1463.8
1386520 1463.8
1386530 1465.3
1386540 1467.6
1386550 1468.0
1386560 1468.0
1386570 1467.1
1386580 1468.8
1386590 1468.8
1386600 1469.6
1386610 1470.2
1386620 1470.2
1386630 1469.9
1386640 1469.9
1386650 1469.9
1386660 1471.0
1386670 1472.2
1386680 1472.2
1386690 1473.4
1386700 1474.3
1386710 1474.9
1386720 1474.9
1386730 1475.7
1386740 1476.3
1386750 1476.3
1386760 1477.1
1386770 1477.5
1386780 1477.5
1386790 1477.4
1386800 1476.8
1386810 1476.8
1386820 1476.0
1386830 1475.4
1386840 1475.4
1386850 1475.1
1386860 1475.3
1386870 1475.3
1386880 1475.2
1386890 1475.3
1386900 1475.5
1386910 1470.0
1386920 1469.5
1386930 1468.5
1386940 1468.5
1386950 1468.6
1386960 1468.8
1386970 1468.8
1386980 1468.3
1386990 1468.5
1387000 1468.5
1387010 1469.4
1387020 1470.1
1387030 1470.1
1387040 1469.8
1387050 1469.3
1387060 1468.8
1387070 1468.8
1387080 1468.1
1387090 1467.3
1387100 1467.3
1387110 1466.8
1387120 1465.1
1387130 1465.1
1387140 1463.4
1387150 1461.8
1387160 1461.8
1387170 1458.8
1387180 1456.8
1387190 1456.8
1387200 1455.0
1387210 1452.8
1387220 1452.8
1387230 1452.0
1387240 1450.5
1387250 1449.0
1387260 1449.0
1387270 1448.2
1387280 1446.8
1387290 1446.8
1387300 1444.9
1387310 1443.3
1387320 1443.3
1387330 1440.3
1387340 1437.7
1387350 1437.7
1387360 1437.9
1387370 1438.1
1387380 1438.1
1387390 1435.9
1387400 1428.4
1387410 1422.4
1387420 1422.4
1387430 1421.0
1387440 1418.8
1387450 1418.8
1387460 1416.4
1387470 1413.8
1387480 1413.8
1387490 1411.2
1387500 1407.9
1387510 1407.9
1387520 1403.9
1387530 1399.9
1387540 1399.9
1387550 1396.2
1387560 1395.1
1387570 1393.5
1387580 1393.5
1387590 1390.5
1387600 1384.8
1387610 1384.8
1387620 1380.9
1387630 1377.9
1387640 1377.9
1387650 1374.9
1387660 1368.4
1387670 1368.4
1387680 1361.4
1387690 1363.1
1387700 1363.1
1387710 1372.9
1387720 1379.9
1387730 1379.9
1387740 1387.3
1387750 1394.9
1387760 1401.9
1387770 1401.9
1387780 1407.6
1387790 1410.2
1387800 1410.2
1387810 1411.5
1387820 1413.0
1387830 1413.0
1387840 1414.3
1387850 1416.5
1387860 1416.5
1387870 1419.2
1387880 1421.7
1387890 1421.7
1387900 1423.2
1387910 1423.8
1387920 1423.9
1387930 1423.9
1387940 1423.5
1387950 1423.4
1387960 1423.4
1387970 1423.6
1387980 1424.1
1387990 1424.1
1388000 1424.5
1388010 1424.8
1388020 1424.8
1388030 1425.0
1388040 1425.2
1388050 1425.2
1388060 1425.3
1388070 1425.3
1388080 1425.2
1388090 1425.2
1388100 1425.1
1388110 1425.0
1388120 1425.0
1388130 1424.6
1388140 1424.1
1388150 1424.1
1388160 1423.6
1388170 1423.3
1388180 1423.3
1388190 1423.5
1388200 1423.5
1388210 1416.6
1388220 1416.1
1388230 1415.8
1388240 1415.8
1388250 1415.5
1388260 1415.0
1388270 1414.0
1388280 1414.0
1388290 1412.1
1388300 1409.1
1388310 1409.1
1388320 1405.3
1388330 1402.0
1388340 1402.0
1388350 1398.4
1388360 1396.2
1388370 1396.2
1388380 1396.5
1388390 1397.5
1388400 1397.5
1388410 1398.3
1388420 1400.3
1388430 1403.1
1388440 1403.1
1388450 1404.7
1388460 1406.2
1388470 1406.2
1388480 1409.3
1388490 1412.5
1388500 1412.5
1388510 1414.4
1388520 1415.3
1388530 1415.3
1388540 1416.8
1388550 1418.7
1388560 1418.7
1388570 1420.3
1388580 1421.2
1388590 1421.2
1388600 1422.0
1388610 1423.3
1388620 1424.4
1388630 1424.4
1388640 1424.9
1388650 1424.9
1388660 1424.9
1388670 1424.9
1388680 1425.0
1388690 1425.0
1388700 1424.6
1388710 1423.5
1388720 1423.5
1388730 1422.0
1388740 1420.3
1388750 1420.3
1388760 1418.6
1388770 1416.7
1388780 1414.0
1388790 1414.0
1388800 1411.1
1388810 1409.7
1388820 1409.7
1388830 1406.6
1388840 1400.5
1388850 1400.5
1388860 1397.0
1388870 1396.0
1388880 1396.0
1388890 1393.1
1388900 1387.2
1388910 1387.2
1388920 1383.3
1388930 1382.9
1388940 1385.1
1388950 1385.1
1388960 1387.9
1388970 1389.9
1388980 1389.9
1388990 1389.8
1389000 1390.3
1389010 1390.3
1389020 1390.5
1389030 1391.3
1389040 1391.3
1389050 1390.3
1389060 1389.3
1389070 1389.3
1389080 1388.5
1389090 1387.1
1389100 1387.1
1389110 1385.2
1389120 1384.6
1389130 1385.3
1389140 1385.3
1389150 1386.1
1389160 1386.5
1389170 1386.5
1389180 1386.5
1389190 1385.9
1389200 1385.9
1389210 1384.6
1389220 1384.4
1389230 1384.4
1389240 1384.6
1389250 1383.9
1389260 1383.9
1389270 1383.2
1389280 1382.7
1389290 1382.0
1389300 1382.0
1389310 1381.2
1389320 1380.2
1389330 1380.2
1389340 1379.2
1389350 1378.0
1389360 1378.0
1389370 1376.3
1389380 1374.8
1389390 1374.8
1389400 1373.6
1389410 1372.7
1389420 1372.7
1389430 1371.9
1389440 1371.3
1389450 1371.3
1389460 1370.6
1389470 1369.6
1389480 1368.7
1389490 1368.7
1389500 1367.6
1389510 1365.7
1389520 1365.7
1389530 1357.5
1389540 1356.9
1389550 1356.9
1389560 1356.1
1389570 1355.2
1389580 1355.2
1389590 1355.6
1389600 1354.7
1389610 1354.7
1389620 1353.2
1389630 1351.7
1389640 1350.1
1389650 1350.1
1389660 1348.8
1389670 1347.4
1389680 1347.4
1389690 1345.9
1389700 1344.3
1389710 1344.3
1389720 1343.0
1389730 1341.8
1389740 1341.8
1389750 1341.2
1389760 1340.4
1389770 1340.4
1389780 1338.8
1389790 1337.3
1389800 1335.3
1389810 1335.3
1389820 1333.1
1389830 1331.0
1389840 1331.0
1389850 1329.0
1389860 1327.4
1389870 1327.4
1389880 1326.0
1389890 1324.9
1389900 1324.9
1389910 1323.5
1389920 1322.0
1389930 1322.0
1389940 1320.8
1389950 1320.2
1389960 1320.2
1389970 1318.8
1389980 1316.2
1389990 1313.2
1390000 1313.2
1390010 1310.9
1390020 1308.7
1390030 1308.7
1390040 1306.4
1390050 1304.1
1390060 1304.1
1390070 1301.9
1390080 1299.8
1390090 1299.8
1390100 1298.2
1390110 1296.7
1390120 1296.7
1390130 1295.0
1390140 1292.3
1390150 1288.2
1390160 1288.2
1390170 1282.2
1390180 1274.3
1390190 1274.3
1390200 1267.7
1390210 1261.5
1390220 1261.5
1390230 1255.5
1390240 1250.6
1390250 1250.6
1390260 1246.7
1390270 1242.6
1390280 1242.6
1390290 1238.9
1390300 1234.7
1390310 1227.9
1390320 1227.9
1390330 1222.8
1390340 1217.6
1390350 1217.6
1390360 1215.1
1390370 1215.7
1390380 1215.7
1390390 1215.1
1390400 1213.0
1390410 1213.0
1390420 1216.9
1390430 1220.8
1390440 1220.8
1390450 1217.9
1390460 1217.0
1390470 1217.0
1390480 1218.6
1390490 1220.2
1390500 1220.3
1390510 1220.3
1390520 1220.1
1390530 1219.8
1390540 1219.8
1390550 1219.7
1390560 1219.6
1390570 1219.6
1390580 1219.3
1390590 1218.6
1390600 1218.6
1390610 1217.8
1390620 1217.3
1390630 1217.3
1390640 1216.9
1390650 1216.4
1390660 1215.8
1390670 1215.8
1390680 1215.3
1390690 1214.6
1390700 1214.6
1390710 1213.6
1390720 1212.9
1390730 1212.9
1390740 1212.5
1390750 1212.2
1390760 1212.2
1390770 1211.3
1390780 1209.9
1390790 1209.9
1390800 1208.5
1390810 1207.4
1390820 1207.4
1390830 1206.9
1390840 1205.9
1390850 1204.4
1390860 1204.4
1390870 1202.4
1390880 1201.4
1390890 1201.4
1390900 1200.9
1390910 1200.0
1390920 1200.0
1390930 1197.5
1390940 1194.5
1390950 1194.5
1390960 1189.4
1390970 1182.8
1390980 1182.8
1390990 1179.6
1391000 1176.3
1391010 1178.0
1391020 1178.0
1391030 1179.9
1391040 1182.6
1391050 1182.6
1391060 1186.1
1391070 1187.8
1391080 1187.8
1391090 1187.3
1391100 1186.2
1391110 1186.2
1391120 1185.0
1391130 1184.0
1391140 1184.0
1391150 1183.0
1391160 1182.8
1391170 1182.8
1391180 1182.8
1391190 1183.0
1391200 1184.4
1391210 1184.4
1391220 1186.8
1391230 1189.8
1391240 1189.8
1391250 1192.8
1391260 1196.6
1391270 1196.6
1391280 1201.0
1391290 1206.2
1391300 1206.2
1391310 1211.9
1391320 1217.8
1391330 1217.8
1391340 1224.8
1391350 1232.7
1391360 1240.5
1391370 1240.5
1391380 1247.6
1391390 1249.2
1391400 1249.2
1391410 1246.1
1391420 1243.1
1391430 1243.1
1391440 1240.9
1391450 1239.1
1391460 1239.1
1391470 1236.9
1391480 1235.3
1391490 1235.3
1391500 1234.2
1391510 1232.7
1391520 1230.8
1391530 1230.8
1391540 1228.4
1391550 1225.6
1391560 1225.6
1391570 1222.7
1391580 1219.9
1391590 1219.9
1391600 1217.1
1391610 1214.2
1391620 1214.2
1391630 1211.3
1391640 1208.2
1391650 1208.2
1391660 1204.8
1391670 1201.1
1391680 1197.9
1391690 1197.9
1391700 1195.3
1391710 1192.6
1391720 1192.6
1391730 1190.0
1391740 1187.8
1391750 1187.8
1391760 1186.1
1391770 1184.5
1391780 1184.5
1391790 1182.5
1391800 1180.9
1391810 1180.9
1391820 1179.4
1391830 1177.5
1391840 1177.5
1391850 1175.7
1391860 1174.1
1391870 1172.6
1391880 1172.6
1391890 1171.3
1391900 1170.4
1391910 1170.4
1391920 1169.3
1391930 1168.2
1391940 1168.2
1391950 1167.0
1391960 1165.8
1391970 1165.8
1391980 1165.2
1391990 1164.7
1392000 1164.7
1392010 1164.3
1392020 1162.8
1392030 1161.1
1392040 1161.1
1392050 1159.9
1392060 1158.4
1392070 1158.4
1392080 1157.2
1392090 1156.2
1392100 1156.2
1392110 1155.5
1392120 1155.2
1392130 1155.2
1392140 1154.8
1392150 1154.5
1392160 1154.5
1392170 1154.0
1392180 1153.7
1392190 1153.7
1392200 1153.4
1392210 1152.9
1392220 1150.6
1392230 1150.6
1392240 1149.6
1392250 1148.4
1392260 1148.4
1392270 1146.6
1392280 1144.3
1392290 1144.3
1392300 1142.4
1392310 1140.4
1392320 1140.4
1392330 1138.9
1392340 1137.4
1392350 1137.4
1392360 1136.1
1392370 1135.2
1392380 1133.5
1392390 1133.5
1392400 1130.7
1392410 1127.8
1392420 1127.8
1392430 1124.5
1392440 1121.4
1392450 1121.4
1392460 1120.9
1392470 1122.1
1392480 1122.1
1392490 1122.4
1392500 1121.7
1392510 1121.7
1392520 1120.8
1392530 1119.7
1392540 1118.1
1392550 1118.1
1392560 1116.1
1392570 1114.0
1392580 1114.0
1392590 1112.0
1392600 1110.0
1392610 1110.0
1392620 1107.6
1392630 1104.8
1392640 1104.8
1392650 1101.9
1392660 1098.9
1392670 1098.9
1392680 1095.6
1392690 1091.9
1392700 1091.9
1392710 1087.9
1392720 1083.6
1392730 1079.2
1392740 1079.2
1392750 1075.1
1392760 1071.2
1392770 1071.2
1392780 1067.9
1392790 1065.6
1392800 1065.6
1392810 1065.5
1392820 1066.2
1392830 1066.2
1392840 1066.6
1392850 1066.2
1392860 1066.2
1392870 1065.0
1392880 1059.2
1392890 1051.9
1392900 1051.9
1392910 1045.3
1392920 1041.4
1392930 1041.4
1392940 1040.2
1392950 1040.1
1392960 1040.1
1392970 1039.6
1392980 1039.1
1392990 1039.1
1393000 1038.6
1393010 1038.7
1393020 1038.7
1393030 1038.6
1393040 1038.8
1393050 1038.8
1393060 1038.9
1393070 1038.4
1393080 1036.3
1393090 1036.3
1393100 1035.8
1393110 1035.7
1393120 1035.7
1393130 1033.2
1393140 1032.3
1393150 1032.3
1393160 1031.3
1393170 1030.5
1393180 1030.5
1393190 1030.1
1393200 1028.5
1393210 1028.5
1393220 1025.6
1393230 1022.6
1393240 1019.5
1393250 1019.5
1393260 1017.4
1393270 1015.8
1393280 1015.8
1393290 1015.9
1393300 1016.5
1393310 1016.5
1393320 1015.4
1393330 1014.6
1393340 1014.6
1393350 1014.2
1393360 1014.2
1393370 1014.2
1393380 1013.9
1393390 1012.7
1393400 1011.6
1393410 1011.6
1393420 1010.5
1393430 1009.5
1393440 1009.5
1393450 1007.9
1393460 1006.6
1393470 1006.6
1393480 1005.5
1393490 1004.6
1393500 1004.6
1393510 1003.9
1393520 1003.1
1393530 1003.1
1393540 1000.3
1393550 998.5
1393560 998.5
1393570 997.4
1393580 996.4
1393590 995.5
1393600 995.5
1393610 994.8
1393620 994.2
1393630 994.2
1393640 993.3
1393650 992.7
1393660 992.7
1393670 992.1
1393680 991.4
1393690 991.4
1393700 990.9
1393710 990.4
1393720 990.4
1393730 990.0
1393740 989.8
1393750 989.7
1393760 989.7
1393770 989.6
1393780 989.2
1393790 989.2
1393800 989.3
1393810 989.5
1393820 989.5
1393830 989.8
1393840 989.7
1393850 989.7
1393860 989.6
1393870 989.4
1393880 989.4
1393890 988.9
1393900 988.5
1393910 988.0
1393920 988.0
1393930 987.6
1393940 987.2
1393950 987.2
1393960 986.6
1393970 986.1
1393980 986.1
1393990 985.9
1394000 984.6
1394010 984.6
1394020 983.4
1394030 982.8
1394040 982.8
1394050 982.5
1394060 982.2
1394070 982.2
1394080 982.1
1394090 981.7
1394100 981.2
1394110 981.2
1394120 981.0
1394130 980.7
1394140 980.7
1394150 980.5
1394160 980.3
1394170 980.3
1394180 980.3
1394190 980.3
1394200 980.3
1394210 980.1
1394220 979.8
1394230 979.8
1394240 979.8
1394250 979.7
1394260 979.6
1394270 979.6
1394280 979.5
1394290 979.3
1394300 979.3
1394310 979.0
1394320 978.9
1394330 978.9
1394340 978.8
1394350 978.6
1394360 978.6
1394370 978.6
1394380 978.6
1394390 978.6
1394400 978.6
1394410 978.5
1394420 978.5
1394430 978.5
1394440 978.5
1394450 978.6
1394460 978.6
1394470 978.6
1394480 978.5
1394490 978.5
1394500 978.7
1394510 979.1
1394520 979.1
1394530 979.6
1394540 980.3
1394550 980.3
1394560 980.9
1394570 981.6
1394580 981.6
1394590 982.4
1394600 983.2
1394610 984.0
1394620 984.0
1394630 984.6
1394640 985.1
1394650 985.1
1394660 985.8
1394670 985.9
1394680 985.9
1394690 986.2
1394700 986.5
1394710 986.5
1394720 986.6
1394730 986.2
1394740 986.2
1394750 986.2
1394760 986.5
1394770 986.9
1394780 986.9
1394790 987.2
1394800 987.4
1394810 987.4
1394820 987.9
1394830 988.3
1394840 988.3
1394850 989.4
1394860 989.6
1394870 989.6
1394880 989.9
1394890 990.2
1394900 990.2
1394910 990.7
1394920 987.9
1394930 987.9
1394940 989.2
1394950 989.1
1394960 987.7
1394970 987.7
1394980 986.4
1394990 985.4
1395000 985.4
1395010 984.4
1395020 983.4
1395030 983.4
1395040 982.8
1395050 981.8
1395060 981.8
1395070 981.0
1395080 980.5
1395090 980.5
1395100 979.9
1395110 978.8
1395120 978.3
1395130 978.3
1395140 977.6
1395150 975.6
1395160 975.6
1395170 971.7
1395180 969.2
1395190 969.2
1395200 969.2
1395210 969.2
1395220 969.2
1395230 968.7
1395240 968.5
1395250 968.5
1395260 968.4
1395270 968.5
1395280 968.5
1395290 967.5
1395300 965.8
1395310 964.8
1395320 964.8
1395330 964.2
1395340 963.5
1395350 963.5
1395360 962.9
1395370 962.3
1395380 962.3
1395390 961.7
1395400 961.0
1395410 961.0
1395420 960.3
1395430 959.7
1395440 959.7
1395450 959.2
1395460 958.7
1395470 958.3
1395480 958.3
1395490 957.9
1395500 957.6
1395510 957.6
1395520 957.3
1395530 957.0
1395540 957.0
1395550 956.7
1395560 956.5
1395570 956.5
1395580 956.2
1395590 955.9
1395600 955.9
1395610 955.7
1395620 955.3
1395630 954.8
1395640 954.8
1395650 954.5
1395660 954.3
1395670 954.3
1395680 954.1
1395690 953.8
1395700 953.8
1395710 953.7
1395720 953.4
1395730 953.4
1395740 953.4
1395750 953.2
1395760 953.2
1395770 953.1
1395780 952.8
1395790 952.8
1395800 952.6
1395810 952.4
1395820 952.3
1395830 952.3
1395840 952.0
1395850 951.5
1395860 951.5
1395870 950.7
1395880 949.8
1395890 949.8
1395900 949.6
1395910 949.1
1395920 949.1
1395930 948.8
1395940 948.5
1395950 948.5
1395960 948.3
1395970 948.0
1395980 947.9
1395990 947.9
1396000 947.8
1396010 947.5
1396020 947.5
1396030 947.4
1396040 947.2
1396050 947.2
1396060 947.3
1396070 947.2
1396080 947.2
1396090 947.0
1396100 946.9
1396110 946.9
1396120 946.7
1396130 946.7
1396140 947.0
1396150 947.0
1396160 947.1
1396170 947.5
1396180 947.5
1396190 947.7
1396200 947.9
1396210 947.9
1396220 947.6
1396230 946.8
1396240 946.8
1396250 945.6
1396260 944.9
1396270 944.9
1396280 944.6
1396290 944.5
1396300 944.5
1396310 944.5
1396320 944.7
1396330 944.6
1396340 944.6
1396350 944.7
1396360 944.8
1396370 944.8
1396380 944.5
1396390 943.7
1396400 942.0
1396410 941.6
1396420 941.3
1396430 941.3
1396440 940.7
1396450 940.2
1396460 940.2
1396470 939.7
1396480 940.0
1396490 941.0
1396500 941.0
1396510 942.3
1396520 943.0
1396530 943.0
1396540 944.3
1396550 945.1
1396560 945.1
1396570 946.7
1396580 949.1
1396590 949.1
1396600 949.5
1396610 950.7
1396620 950.7
1396630 953.4
1396640 955.8
1396650 955.8
1396660 957.0
1396670 955.2
1396680 949.9
1396690 949.9
1396700 949.8
1396710 956.6
1396720 956.6
1396730 960.5
1396740 963.0
1396750 963.0
1396760 965.1
1396770 966.5
1396780 966.5
1396790 968.0
1396800 969.8
1396810 969.8
1396820 971.7
1396830 972.6
1396840 972.8
1396850 972.8
1396860 973.2
1396870 974.9
1396880 974.9
1396890 978.6
1396900 982.0
1396910 982.0
1396920 984.7
1396930 986.8
1396940 986.8
1396950 988.7
1396960 991.3
1396970 991.3
1396980 993.2
1396990 995.8
1397000 998.6
1397010 998.6
1397020 1000.6
1397030 1003.0
1397040 1003.0
1397050 1004.5
1397060 1004.2
1397070 1004.2
1397080 1004.1
1397090 1003.5
1397100 1003.5
1397110 1004.8
1397120 1006.0
1397130 1006.0
1397140 1005.1
1397150 1003.2
1397160 1003.2
1397170 1000.6
1397180 1000.0
1397190 999.8
1397200 999.8
1397210 998.4
1397220 995.8
1397230 995.8
1397240 999.2
1397250 1000.7
1397260 1000.7
1397270 1002.4
1397280 1003.8
1397290 1003.8
1397300 1004.8
1397310 1004.2
1397320 1004.2
1397330 1007.8
1397340 1014.9
1397350 1019.2
1397360 1019.2
1397370 1024.2
1397380 1028.9
1397390 1028.9
1397400 1032.9
1397410 1035.9
1397420 1035.9
1397430 1035.9
1397440 1034.7
1397450 1034.7
1397460 1035.1
1397470 1031.2
1397480 1031.2
1397490 1026.1
1397500 1023.0
1397510 1023.0
1397520 1021.0
1397530 1026.9
1397540 1030.6
1397550 1030.6
1397560 1034.9
1397570 1039.5
1397580 1039.5
1397590 1044.8
1397600 1037.5
1397610 1037.5
1397620 1029.2
1397630 1028.9
1397640 1028.9
1397650 1036.7
1397660 1039.7
1397670 1039.7
1397680 1039.1
1397690 1033.8
1397700 1034.1
1397710 1034.1
1397720 1041.8
1397730 1040.9
1397740 1040.9
1397750 1040.0
1397760 1048.5
1397770 1048.5
1397780 1061.3
1397790 1069.4
1397800 1069.4
1397810 1074.9
1397820 1082.2
1397830 1082.2
1397840 1093.1
1397850 1095.9
1397860 1098.2
1397870 1098.2
1397880 1100.1
1397890 1101.5
1397900 1101.5
1397910 1102.2
1397920 1103.9
1397930 1103.9
1397940 1104.1
1397950 1097.9
1397960 1097.9
1397970 1086.3
1397980 1075.4
1397990 1075.4
1398000 1053.5
1398010 1022.9
1398020 1022.9
1398030 1009.2
1398040 1004.6
1398050 998.7
1398060 998.7
1398070 984.9
1398080 980.9
1398090 980.9
1398100 991.6
1398110 1001.3
1398120 1001.3
1398130 1011.8
1398140 1020.7
1398150 1020.7
1398160 1027.5
1398170 1031.1
1398180 1031.1
1398190 1034.7
1398200 1042.0
1398210 1051.2
1398220 1051.2
1398230 1063.1
1398240 1079.6
1398250 1079.6
1398260 1088.6
1398270 1089.9
1398280 1089.9
1398290 1091.4
1398300 1102.3
1398310 1102.3
1398320 1112.4
1398330 1121.4
1398340 1121.4
1398350 1128.4
1398360 1133.7
1398370 1134.8
1398380 1134.8
1398390 1135.5
1398400 1137.5
1398410 1137.5
1398420 1140.0
1398430 1141.7
1398440 1141.7
1398450 1146.7
1398460 1149.4
1398470 1149.4
1398480 1151.0
1398490 1155.3
1398500 1155.3
1398510 1158.2
1398520 1157.3
1398530 1157.3
1398540 1158.8
1398550 1161.1
1398560 1162.6
1398570 1162.6
1398580 1165.5
1398590 1162.7
1398600 1162.7
1398610 1169.2
1398620 1173.4
1398630 1173.4
1398640 1171.5
1398650 1174.3
1398660 1174.3
1398670 1181.0
1398680 1185.2
1398690 1185.2
1398700 1187.0
1398710 1188.0
1398720 1185.2
1398730 1185.2
1398740 1189.0
1398750 1189.6
1398760 1189.6
1398770 1184.9
1398780 1184.3
1398790 1184.3
1398800 1190.9
1398810 1197.4
1398820 1197.4
1398830 1201.1
1398840 1204.4
1398850 1204.4
1398860 1206.8
1398870 1208.9
1398880 1208.9
1398890 1211.8
1398900 1213.4
1398910 1208.5
1398920 1208.5
1398930 1207.3
1398940 1212.4
1398950 1212.4
1398960 1213.8
1398970 1211.7
1398980 1211.7
1398990 1215.9
1399000 1222.9
1399010 1222.9
1399020 1229.6
1399030 1235.8
1399040 1235.8
1399050 1239.0
1399060 1234.5
1399070 1232.9
1399080 1232.9
1399090 1236.6
1399100 1247.2
1399110 1247.2
1399120 1249.7
1399130 1252.3
1399140 1252.3
1399150 1251.5
1399160 1251.3
1399170 1251.3
1399180 1256.4
1399190 1261.7
1399200 1261.7
1399210 1266.7
1399220 1270.5
1399230 1272.2
1399240 1272.2
1399250 1264.7
1399260 1268.4
1399270 1268.4
1399280 1274.9
1399290 1279.4
1399300 1279.4
1399310 1291.6
1399320 1295.4
1399330 1295.4
1399340 1297.7
1399350 1298.4
1399360 1298.4
1399370 1300.0
1399380 1309.2
1399390 1309.2
1399400 1312.8
1399410 1315.0
1399420 1310.8
1399430 1310.8
1399440 1301.3
1399450 1303.9
1399460 1303.9
1399470 1307.8
1399480 1312.8
1399490 1312.8
1399500 1316.6
1399510 1321.1
1399520 1321.1
1399530 1322.0
1399540 1330.1
1399550 1330.1
1399560 1343.7
1399570 1358.8
1399580 1366.1
1399590 1366.1
1399600 1369.3
1399610 1374.5
1399620 1374.5
1399630 1378.3
1399640 1380.2
1399650 1380.2
1399660 1380.3
1399670 1377.8
1399680 1377.8
1399690 1380.6
1399700 1384.3
1399710 1384.3
1399720 1386.9
1399730 1394.5
1399740 1394.5
1399750 1399.8
1399760 1403.1
1399770 1405.2
1399780 1405.2
1399790 1407.1
1399800 1408.8
1399810 1408.8
1399820 1410.5
1399830 1413.4
1399840 1413.4
1399850 1416.9
1399860 1421.1
1399870 1421.1
1399880 1423.9
1399890 1426.1
1399900 1426.1
1399910 1429.0
1399920 1430.2
1399930 1430.4
1399940 1430.4
1399950 1430.5
1399960 1429.3
1399970 1429.3
1399980 1429.8
1399990 1429.8
