1380000 1723.6
1380010 1724.8
1380020 1725.5
1380030 1725.5
1380040 1725.1
1380050 1724.9
1380060 1720.0
1380070 1720.0
1380080 1721.0
1380090 1722.0
1380100 1722.0
1380110 1722.5
1380120 1722.5
1380130 1722.5
1380140 1722.9
1380150 1722.9
1380160 1722.9
1380170 1722.1
1380180 1721.9
1380190 1721.9
1380200 1722.1
1380210 1721.7
1380220 1721.7
1380230 1721.1
1380240 1720.8
1380250 1720.5
1380260 1720.5
1380270 1719.9
1380280 1719.3
1380290 1719.3
1380300 1719.4
1380310 1719.6
1380320 1719.6
1380330 1719.1
1380340 1718.2
1380350 1718.2
1380360 1717.5
1380370 1717.9
1380380 1717.9
1380390 1718.7
1380400 1719.4
1380410 1720.0
1380420 1720.0
1380430 1720.3
1380440 1718.9
1380450 1718.9
1380460 1716.1
1380470 1713.1
1380480 1713.1
1380490 1710.2
1380500 1707.3
1380510 1707.3
1380520 1702.3
1380530 1695.2
1380540 1695.2
1380550 1687.4
1380560 1679.5
1380570 1676.1
1380580 1676.1
1380590 1681.9
1380600 1686.3
1380610 1686.3
1380620 1687.4
1380630 1687.9
1380640 1687.9
1380650 1690.4
1380660 1693.1
1380670 1693.1
1380680 1694.4
1380690 1696.0
1380700 1696.0
1380710 1698.4
1380720 1702.4
1380730 1702.4
1380740 1706.5
1380750 1708.6
1380760 1706.0
1380770 1706.0
1380780 1705.1
1380790 1704.0
1380800 1704.0
1380810 1701.0
1380820 1698.3
1380830 1698.3
1380840 1695.8
1380850 1694.0
1380860 1694.0
1380870 1693.1
1380880 1693.5
1380890 1693.5
1380900 1696.5
1380910 1699.4
1380920 1697.7
1380930 1697.7
1380940 1693.7
1380950 1689.4
1380960 1689.4
1380970 1687.8
1380980 1686.4
1380990 1686.4
1381000 1685.3
1381010 1684.8
1381020 1684.8
1381030 1684.2
1381040 1682.9
1381050 1682.9
1381060 1681.5
1381070 1680.2
1381080 1680.2
1381090 1678.7
1381100 1677.5
1381110 1676.3
1381120 1676.3
1381130 1675.7
1381140 1675.4
1381150 1675.4
1381160 1674.8
1381170 1674.0
1381180 1674.0
1381190 1674.3
1381200 1674.6
1381210 1674.6
1381220 1674.1
1381230 1671.2
1381240 1671.2
1381250 1669.3
1381260 1669.8
1381270 1664.7
1381280 1664.7
1381290 1664.5
1381300 1660.7
1381310 1660.7
1381320 1654.6
1381330 1654.0
1381340 1654.0
1381350 1654.5
1381360 1653.5
1381370 1653.5
1381380 1651.4
1381390 1649.2
1381400 1649.2
1381410 1646.5
1381420 1642.8
1381430 1639.6
1381440 1639.6
1381450 1637.9
1381460 1636.4
1381470 1636.4
1381480 1635.3
1381490 1634.3
1381500 1634.3
1381510 1634.0
1381520 1634.4
1381530 1634.4
1381540 1634.0
1381550 1633.0
1381560 1633.0
1381570 1632.2
1381580 1631.0
1381590 1631.0
1381600 1630.2
1381610 1630.1
1381620 1630.8
1381630 1630.8
1381640 1631.1
1381650 1632.1
1381660 1632.1
1381670 1633.8
1381680 1636.2
1381690 1636.2
1381700 1637.6
1381710 1637.6
1381720 1637.6
1381730 1637.5
1381740 1637.0
1381750 1637.0
1381760 1637.5
1381770 1639.4
1381780 1641.6
1381790 1641.6
1381800 1644.7
1381810 1649.3
1381820 1649.3
1381830 1654.5
1381840 1657.7
1381850 1657.7
1381860 1658.1
1381870 1658.2
1381880 1658.2
1381890 1658.5
1381900 1658.8
1381910 1658.8
1381920 1659.8
1381930 1661.5
1381940 1661.5
1381950 1662.7
1381960 1663.0
1381970 1663.2
1381980 1663.2
1381990 1663.6
1382000 1663.9
1382010 1663.9
1382020 1663.9
1382030 1663.2
1382040 1663.2
1382050 1661.5
1382060 1659.5
1382070 1659.5
1382080 1657.4
1382090 1654.8
1382100 1654.8
1382110 1652.2
1382120 1649.8
1382130 1647.9
1382140 1647.9
1382150 1647.4
1382160 1644.9
1382170 1644.9
1382180 1641.2
1382190 1637.5
1382200 1637.5
1382210 1633.3
1382220 1628.9
1382230 1628.9
1382240 1625.4
1382250 1622.7
1382260 1622.7
1382270 1620.7
1382280 1619.3
1382290 1618.6
1382300 1618.6
1382310 1616.6
1382320 1614.2
1382330 1614.2
1382340 1612.4
1382350 1610.3
1382360 1610.3
1382370 1608.0
1382380 1605.9
1382390 1605.9
1382400 1604.1
1382410 1601.9
1382420 1601.9
1382430 1599.9
1382440 1598.0
1382450 1598.0
1382460 1595.8
1382470 1593.4
1382480 1590.5
1382490 1590.5
1382500 1583.4
1382510 1580.2
1382520 1580.2
1382530 1577.2
1382540 1574.3
1382550 1574.3
1382560 1570.7
1382570 1567.5
1382580 1567.5
1382590 1564.6
1382600 1561.9
1382610 1561.9
1382620 1559.5
1382630 1556.7
1382640 1554.3
1382650 1554.3
1382660 1551.7
1382670 1549.5
1382680 1549.5
1382690 1547.3
1382700 1544.8
1382710 1544.8
1382720 1541.6
1382730 1539.7
1382740 1539.7
1382750 1538.4
1382760 1536.4
1382770 1536.4
1382780 1534.4
1382790 1531.0
1382800 1531.0
1382810 1527.9
1382820 1525.8
1382830 1523.7
1382840 1523.7
1382850 1521.0
1382860 1517.9
1382870 1517.9
1382880 1514.7
1382890 1511.6
1382900 1511.6
1382910 1508.6
1382920 1506.1
1382930 1506.1
1382940 1503.4
1382950 1500.6
1382960 1500.6
1382970 1498.0
1382980 1494.8
1382990 1491.9
1383000 1491.9
1383010 1488.8
1383020 1485.7
1383030 1485.7
1383040 1483.1
1383050 1480.4
1383060 1480.4
1383070 1477.4
1383080 1474.6
1383090 1474.6
1383100 1471.9
1383110 1469.4
1383120 1469.4
1383130 1465.8
1383140 1462.1
1383150 1459.8
1383160 1459.8
1383170 1458.1
1383180 1457.0
1383190 1457.0
1383200 1454.0
1383210 1451.4
1383220 1451.4
1383230 1448.8
1383240 1445.0
1383250 1445.0
1383260 1439.9
1383270 1432.3
1383280 1432.3
1383290 1425.3
1383300 1420.2
1383310 1420.2
1383320 1416.3
1383330 1411.8
1383340 1406.4
1383350 1406.4
1383360 1400.8
1383370 1395.8
1383380 1395.8
1383390 1391.1
1383400 1385.8
1383410 1385.8
1383420 1380.0
1383430 1373.8
1383440 1373.8
1383450 1368.0
1383460 1362.5
1383470 1362.5
1383480 1357.5
1383490 1351.9
1383500 1346.3
1383510 1346.3
1383520 1340.1
1383530 1334.0
1383540 1334.0
1383550 1330.3
1383560 1327.6
1383570 1327.6
1383580 1323.8
1383590 1319.6
1383600 1319.6
1383610 1315.7
1383620 1310.8
1383630 1310.8
1383640 1306.0
1383650 1301.9
1383660 1301.9
1383670 1299.0
1383680 1295.7
1383690 1292.8
1383700 1292.8
1383710 1289.5
1383720 1285.2
1383730 1285.2
1383740 1279.8
1383750 1276.1
1383760 1276.1
1383770 1272.7
1383780 1268.7
1383790 1268.7
1383800 1265.1
1383810 1260.7
1383820 1260.7
1383830 1255.7
1383840 1250.5
1383850 1245.2
1383860 1245.2
1383870 1240.2
1383880 1233.2
1383890 1233.2
1383900 1227.1
1383910 1221.7
1383920 1221.7
1383930 1217.2
1383940 1213.0
1383950 1213.0
1383960 1208.7
1383970 1199.0
1383980 1199.0
1383990 1189.3
1384000 1181.7
1384010 1172.1
1384020 1172.1
1384030 1162.7
1384040 1155.1
1384050 1155.1
1384060 1147.4
1384070 1139.5
1384080 1139.5
1384090 1131.8
1384100 1124.6
1384110 1124.6
1384120 1115.3
1384130 1106.8
1384140 1106.8
1384150 1105.4
1384160 1105.1
1384170 1105.1
1384180 1102.4
1384190 1099.0
1384200 1112.2
1384210 1112.2
1384220 1129.7
1384230 1136.1
1384240 1136.1
1384250 1133.7
1384260 1144.1
1384270 1144.1
1384280 1159.1
1384290 1171.3
1384300 1171.3
1384310 1177.9
1384320 1182.0
1384330 1182.0
1384340 1185.9
1384350 1189.6
1384360 1189.8
1384370 1189.8
1384380 1195.3
1384390 1203.8
1384400 1203.8
1384410 1214.0
1384420 1219.9
1384430 1219.9
1384440 1225.3
1384450 1231.3
1384460 1231.3
1384470 1238.2
1384480 1244.6
1384490 1244.6
1384500 1252.2
1384510 1260.6
1384520 1260.6
1384530 1269.2
1384540 1274.5
1384550 1278.3
1384560 1278.3
1384570 1282.2
1384580 1286.7
1384590 1286.7
1384600 1291.6
1384610 1296.2
1384620 1296.2
1384630 1299.8
1384640 1302.0
1384650 1302.0
1384660 1304.3
1384670 1307.6
1384680 1307.6
1384690 1311.5
1384700 1314.5
1384710 1317.1
1384720 1317.1
1384730 1318.9
1384740 1320.5
1384750 1320.5
1384760 1322.5
1384770 1324.5
1384780 1324.5
1384790 1326.6
1384800 1328.4
1384810 1328.4
1384820 1330.2
1384830 1331.8
1384840 1331.8
1384850 1333.8
1384860 1336.1
1384870 1339.0
1384880 1339.0
1384890 1342.7
1384900 1346.5
1384910 1346.5
1384920 1349.3
1384930 1350.8
1384940 1350.8
1384950 1350.4
1384960 1348.5
1384970 1348.5
1384980 1346.5
1384990 1344.8
1385000 1340.1
1385010 1337.4
1385020 1334.1
1385030 1334.1
1385040 1333.7
1385050 1340.1
1385060 1347.7
1385070 1347.7
1385080 1352.8
1385090 1354.5
1385100 1354.5
1385110 1355.2
1385120 1355.7
1385130 1355.7
1385140 1356.5
1385150 1357.1
1385160 1357.1
1385170 1354.0
1385180 1351.1
1385190 1351.1
1385200 1348.7
1385210 1345.8
1385220 1342.2
1385230 1342.2
1385240 1338.7
1385250 1334.6
1385260 1334.6
1385270 1334.8
1385280 1342.0
1385290 1342.0
1385300 1350.5
1385310 1357.1
1385320 1357.1
1385330 1362.9
1385340 1369.1
1385350 1369.1
1385360 1375.3
1385370 1380.5
1385380 1380.5
1385390 1384.9
1385400 1388.8
1385410 1392.4
1385420 1392.4
1385430 1396.0
1385440 1400.0
1385450 1400.0
1385460 1401.6
1385470 1403.7
1385480 1403.7
1385490 1405.5
1385500 1405.9
1385510 1405.9
1385520 1406.7
1385530 1409.3
1385540 1409.3
1385550 1412.8
1385560 1416.1
1385570 1418.3
1385580 1418.3
1385590 1420.7
1385600 1423.4
1385610 1423.4
1385620 1427.5
1385630 1431.2
1385640 1431.2
1385650 1434.6
1385660 1437.8
1385670 1437.8
1385680 1442.0
1385690 1445.0
1385700 1445.0
1385710 1448.3
1385720 1452.0
1385730 1454.8
1385740 1454.8
1385750 1456.9
1385760 1459.4
1385770 1459.4
1385780 1461.4
1385790 1464.2
1385800 1464.2
1385810 1467.9
1385820 1470.3
1385830 1470.3
1385840 1472.9
1385850 1476.6
1385860 1476.6
1385870 1480.7
1385880 1484.7
1385890 1484.7
1385900 1487.4
1385910 1489.6
1385920 1490.7
1385930 1490.7
1385940 1492.2
1385950 1494.4
1385960 1494.4
1385970 1496.9
1385980 1499.1
1385990 1499.1
1386000 1501.4
1386010 1503.6
1386020 1503.6
1386030 1506.5
1386040 1509.4
1386050 1509.4
1386060 1511.9
1386070 1513.9
1386080 1515.5
1386090 1515.5
1386100 1517.0
1386110 1519.1
1386120 1519.1
1386130 1521.0
1386140 1522.9
1386150 1522.9
1386160 1524.5
1386170 1526.6
1386180 1526.6
1386190 1529.7
1386200 1531.7
1386210 1531.7
1386220 1533.6
1386230 1535.4
1386240 1535.4
1386250 1537.7
1386260 1540.0
1386270 1541.7
1386280 1537.5
1386290 1539.6
1386300 1541.8
1386310 1541.8
1386320 1543.9
1386330 1545.9
1386340 1545.9
1386350 1547.2
1386360 1549.0
1386370 1549.0
1386380 1550.6
1386390 1552.0
1386400 1552.0
1386410 1553.3
1386420 1554.5
1386430 1554.6
1386440 1554.6
1386450 1555.6
1386460 1557.7
1386470 1557.7
1386480 1559.4
1386490 1560.9
1386500 1560.9
1386510 1562.2
1386520 1563.2
1386530 1563.2
1386540 1564.3
1386550 1565.4
1386560 1565.4
1386570 1566.7
1386580 1567.9
1386590 1568.9
1386600 1568.9
1386610 1569.7
1386620 1569.9
1386630 1569.9
1386640 1570.7
1386650 1571.4
1386660 1571.4
1386670 1572.1
1386680 1573.7
1386690 1573.7
1386700 1574.2
1386710 1575.2
1386720 1575.2
1386730 1576.3
1386740 1576.9
1386750 1576.9
1386760 1577.8
1386770 1579.1
1386780 1580.2
1386790 1580.2
1386800 1581.4
1386810 1582.8
1386820 1582.8
1386830 1583.8
1386840 1584.3
1386850 1584.3
1386860 1584.8
1386870 1584.9
1386880 1584.9
1386890 1584.6
1386900 1583.9
1386910 1583.9
1386920 1582.7
1386930 1581.6
1386940 1580.6
1386950 1580.6
1386960 1579.8
1386970 1578.1
1386980 1578.1
1386990 1576.1
1387000 1578.3
1387010 1578.3
1387020 1580.0
1387030 1580.6
1387040 1580.6
1387050 1580.5
1387060 1579.9
1387070 1579.9
1387080 1579.0
1387090 1578.0
1387100 1578.0
1387110 1577.2
1387120 1576.3
1387130 1575.6
1387140 1575.6
1387150 1575.1
1387160 1574.3
1387170 1574.3
1387180 1573.2
1387190 1571.9
1387200 1571.9
1387210 1570.4
1387220 1568.1
1387230 1568.1
1387240 1565.4
1387250 1563.2
1387260 1563.2
1387270 1562.2
1387280 1561.4
1387290 1559.6
1387300 1559.6
1387310 1557.3
1387320 1554.5
1387330 1554.5
1387340 1552.3
1387350 1549.8
1387360 1549.8
1387370 1547.0
1387380 1543.7
1387390 1543.7
1387400 1540.2
1387410 1537.7
1387420 1537.7
1387430 1535.4
1387440 1532.7
1387450 1530.7
1387460 1530.7
1387470 1528.5
1387480 1525.9
1387490 1525.9
1387500 1522.5
1387510 1519.1
1387520 1519.1
1387530 1516.8
1387540 1512.7
1387550 1512.7
1387560 1502.4
1387570 1491.8
1387580 1491.2
1387590 1483.5
1387600 1473.0
1387610 1473.0
1387620 1463.4
1387630 1454.6
1387640 1444.5
1387650 1444.5
1387660 1435.5
1387670 1427.7
1387680 1427.7
1387690 1419.8
1387700 1414.0
1387710 1414.0
1387720 1419.0
1387730 1429.3
1387740 1429.3
1387750 1437.3
1387760 1444.2
1387770 1444.2
1387780 1451.9
1387790 1463.2
1387800 1471.8
1387810 1471.8
1387820 1477.6
1387830 1483.6
1387840 1483.6
1387850 1489.9
1387860 1496.7
1387870 1496.7
1387880 1502.6
1387890 1506.3
1387900 1506.3
1387910 1509.1
1387920 1510.9
1387930 1510.9
1387940 1512.6
1387950 1513.9
1387960 1513.9
1387970 1515.3
1387980 1516.7
1387990 1518.1
1388000 1518.1
1388010 1519.6
1388020 1521.5
1388030 1521.5
1388040 1523.4
1388050 1525.1
1388060 1525.1
1388070 1526.6
1388080 1528.4
1388090 1528.4
1388100 1530.0
1388110 1531.2
1388120 1531.2
1388130 1532.3
1388140 1532.6
1388150 1532.5
1388160 1532.5
1388170 1532.6
1388180 1533.0
1388190 1533.0
1388200 1532.9
1388210 1532.8
1388220 1532.8
1388230 1532.5
1388240 1532.5
1388250 1532.5
1388260 1532.4
1388270 1529.5
1388280 1529.5
1388290 1526.2
1388300 1523.1
1388310 1520.1
1388320 1520.1
1388330 1517.0
1388340 1513.8
1388350 1513.8
1388360 1512.6
1388370 1513.9
1388380 1513.9
1388390 1514.5
1388400 1513.1
1388410 1513.1
1388420 1511.6
1388430 1509.4
1388440 1509.4
1388450 1507.6
1388460 1506.9
1388470 1506.9
1388480 1507.7
1388490 1509.0
1388500 1509.0
1388510 1509.0
1388520 1507.2
1388530 1505.3
1388540 1505.3
1388550 1503.8
1388560 1501.8
1388570 1501.8
1388580 1500.1
1388590 1499.0
1388600 1499.0
1388610 1498.0
1388620 1497.4
1388630 1497.4
1388640 1496.4
1388650 1496.0
1388660 1495.0
1388670 1495.0
1388680 1495.4
1388690 1497.1
1388700 1497.1
1388710 1497.4
1388720 1496.8
1388730 1496.8
1388740 1495.2
1388750 1493.5
1388760 1493.5
1388770 1493.4
1388780 1494.8
1388790 1494.8
1388800 1498.2
1388810 1502.6
1388820 1508.3
1388830 1508.3
1388840 1514.3
1388850 1515.3
1388860 1515.3
1388870 1514.2
1388880 1513.5
1388890 1506.5
1388900 1506.9
1388910 1506.5
1388920 1506.5
1388930 1506.3
1388940 1506.7
1388950 1506.7
1388960 1507.0
1388970 1507.7
1388980 1507.7
1388990 1508.6
1389000 1509.3
1389010 1509.6
1389020 1509.6
1389030 1509.6
1389040 1509.5
1389050 1509.5
1389060 1509.4
1389070 1509.2
1389080 1509.2
1389090 1509.1
1389100 1508.5
1389110 1508.5
1389120 1507.7
1389130 1507.4
1389140 1507.4
1389150 1507.0
1389160 1506.3
1389170 1505.6
1389180 1505.6
1389190 1505.0
1389200 1504.5
1389210 1504.5
1389220 1503.6
1389230 1501.4
1389240 1501.4
1389250 1498.0
1389260 1495.4
1389270 1495.4
1389280 1493.6
1389290 1491.8
1389300 1491.8
1389310 1490.1
1389320 1488.7
1389330 1488.7
1389340 1487.9
1389350 1487.6
1389360 1487.0
1389370 1487.0
1389380 1486.1
1389390 1485.2
1389400 1485.2
1389410 1484.2
1389420 1482.5
1389430 1482.5
1389440 1479.5
1389450 1476.2
1389460 1476.2
1389470 1473.2
1389480 1470.6
1389490 1470.6
1389500 1468.4
1389510 1465.7
1389520 1462.5
1389530 1462.5
1389540 1459.6
1389550 1457.6
1389560 1457.6
1389570 1456.3
1389580 1455.0
1389590 1455.0
1389600 1453.5
1389610 1452.0
1389620 1452.0
1389630 1450.5
1389640 1449.2
1389650 1449.2
1389660 1447.2
1389670 1444.3
1389680 1440.9
1389690 1440.9
1389700 1436.4
1389710 1432.3
1389720 1432.3
1389730 1429.1
1389740 1423.7
1389750 1423.7
1389760 1417.4
1389770 1411.3
1389780 1411.3
1389790 1406.3
1389800 1401.2
1389810 1401.2
1389820 1395.6
1389830 1389.7
1389840 1389.7
1389850 1383.5
1389860 1378.9
1389870 1372.0
1389880 1372.0
1389890 1366.6
1389900 1363.4
1389910 1363.4
1389920 1360.1
1389930 1355.3
1389940 1355.3
1389950 1349.5
1389960 1343.5
1389970 1343.5
1389980 1338.2
1389990 1333.3
1390000 1333.3
1390010 1327.4
1390020 1320.5
1390030 1314.5
1390040 1314.5
1390050 1310.6
1390060 1307.5
1390070 1307.5
1390080 1304.7
1390090 1302.0
1390100 1302.0
1390110 1299.0
1390120 1294.2
1390130 1294.2
1390140 1290.1
1390150 1285.7
1390160 1285.7
1390170 1279.6
1390180 1273.3
1390190 1273.3
1390200 1267.3
1390210 1262.3
1390220 1256.2
1390230 1256.2
1390240 1251.9
1390250 1250.5
1390260 1250.5
1390270 1249.9
1390280 1249.7
1390290 1249.7
1390300 1249.8
1390310 1249.9
1390320 1249.9
1390330 1250.0
1390340 1250.1
1390350 1250.1
1390360 1250.0
1390370 1249.5
1390380 1249.0
1390390 1249.0
1390400 1249.3
1390410 1248.8
1390420 1248.8
1390430 1248.4
1390440 1248.2
1390450 1248.2
1390460 1246.7
1390470 1241.7
1390480 1241.7
1390490 1235.5
1390500 1234.5
1390510 1234.5
1390520 1239.3
1390530 1240.7
1390540 1242.6
1390550 1242.6
1390560 1246.8
1390570 1251.6
1390580 1251.6
1390590 1254.6
1390600 1254.8
1390610 1254.8
1390620 1254.2
1390630 1253.3
1390640 1253.3
1390650 1251.6
1390660 1249.4
1390670 1249.4
1390680 1247.6
1390690 1246.2
1390700 1246.2
1390710 1245.3
1390720 1245.2
1390730 1245.5
1390740 1245.5
1390750 1245.2
1390760 1245.4
1390770 1245.4
1390780 1246.1
1390790 1245.3
1390800 1245.3
1390810 1242.3
1390820 1241.5
1390830 1241.5
1390840 1242.5
1390850 1243.3
1390860 1243.3
1390870 1244.8
1390880 1245.2
1390890 1244.4
1390900 1244.4
1390910 1247.2
1390920 1250.6
1390930 1250.6
1390940 1251.4
1390950 1250.7
1390960 1250.7
1390970 1250.8
1390980 1253.9
1390990 1253.9
1391000 1255.8
1391010 1257.1
1391020 1257.1
1391030 1259.1
1391040 1263.8
1391050 1263.8
1391060 1269.8
1391070 1275.4
1391080 1281.0
1391090 1281.0
1391100 1287.5
1391110 1293.9
1391120 1293.9
1391130 1295.1
1391140 1293.7
1391150 1293.7
1391160 1292.2
1391170 1290.7
1391180 1290.7
1391190 1289.5
1391200 1288.3
1391210 1288.3
1391220 1287.0
1391230 1285.4
1391240 1283.7
1391250 1283.7
1391260 1281.8
1391270 1280.0
1391280 1280.0
1391290 1278.3
1391300 1275.6
1391310 1275.6
1391320 1273.6
1391330 1271.7
1391340 1271.7
1391350 1269.5
1391360 1266.9
1391370 1266.9
1391380 1264.0
1391390 1260.5
1391400 1257.0
1391410 1257.0
1391420 1252.9
1391430 1247.0
1391440 1247.0
1391450 1242.9
1391460 1240.7
1391470 1240.7
1391480 1238.9
1391490 1237.4
1391500 1237.4
1391510 1236.2
1391520 1235.2
1391530 1235.2
1391540 1234.0
1391550 1231.5
1391560 1229.2
1391570 1226.3
1391580 1223.6
1391590 1221.6
1391600 1221.6
1391610 1220.0
1391620 1218.5
1391630 1218.5
1391640 1216.9
1391650 1215.5
1391660 1215.5
1391670 1213.6
1391680 1211.5
1391690 1211.5
1391700 1210.1
1391710 1209.0
1391720 1209.0
1391730 1208.0
1391740 1207.2
1391750 1206.7
1391760 1206.7
1391770 1206.4
1391780 1206.3
1391790 1206.3
1391800 1206.6
1391810 1207.0
1391820 1207.0
1391830 1207.3
1391840 1206.9
1391850 1206.9
1391860 1206.2
1391870 1205.1
1391880 1205.1
1391890 1203.3
1391900 1201.5
1391910 1200.1
1391920 1200.1
1391930 1198.8
1391940 1197.6
1391950 1197.6
1391960 1196.5
1391970 1195.5
1391980 1195.5
1391990 1193.9
1392000 1192.1
1392010 1192.1
1392020 1190.6
1392030 1189.1
1392040 1189.1
1392050 1187.6
1392060 1186.2
1392070 1186.2
1392080 1184.2
1392090 1182.3
1392100 1180.7
1392110 1180.7
1392120 1179.4
1392130 1177.9
1392140 1177.9
1392150 1176.4
1392160 1175.0
1392170 1175.0
1392180 1173.5
1392190 1172.1
1392200 1172.1
1392210 1170.8
1392220 1169.7
1392230 1169.7
1392240 1168.9
1392250 1167.7
1392260 1166.2
1392270 1166.2
1392280 1164.4
1392290 1162.7
1392300 1162.7
1392310 1161.4
1392320 1159.9
1392330 1159.9
1392340 1158.4
1392350 1157.0
1392360 1157.0
1392370 1155.6
1392380 1154.1
1392390 1154.1
1392400 1152.5
1392410 1151.2
1392420 1151.2
1392430 1150.1
1392440 1148.9
1392450 1147.8
1392460 1147.8
1392470 1147.7
1392480 1148.0
1392490 1148.0
1392500 1148.2
1392510 1148.8
1392520 1148.8
1392530 1149.7
1392540 1151.3
1392550 1151.3
1392560 1153.6
1392570 1153.6
1392580 1153.6
1392590 1148.9
1392600 1142.3
1392610 1135.2
1392620 1135.2
1392630 1127.1
1392640 1120.8
1392650 1120.8
1392660 1115.5
1392670 1108.1
1392680 1108.1
1392690 1101.0
1392700 1097.2
1392710 1097.2
1392720 1095.9
1392730 1096.3
1392740 1096.3
1392750 1097.8
1392760 1099.0
1392770 1099.7
1392780 1099.7
1392790 1100.5
1392800 1101.5
1392810 1101.5
1392820 1102.6
1392830 1104.5
1392840 1104.5
1392850 1106.2
1392860 1106.0
1392870 1106.0
1392880 1105.4
1392890 1104.2
1392900 1104.2
1392910 1103.1
1392920 1101.8
1392930 1101.0
1392940 1099.6
1392950 1098.4
1392960 1097.2
1392970 1097.2
1392980 1096.1
1392990 1095.2
1393000 1095.2
1393010 1094.3
1393020 1093.2
1393030 1093.2
1393040 1091.8
1393050 1090.1
1393060 1090.1
1393070 1088.3
1393080 1086.1
1393090 1086.1
1393100 1084.1
1393110 1081.8
1393120 1079.3
1393130 1079.3
1393140 1076.0
1393150 1072.1
1393160 1072.1
1393170 1066.8
1393180 1060.8
1393190 1060.8
1393200 1059.1
1393210 1062.8
1393220 1062.8
1393230 1067.1
1393240 1069.3
1393250 1069.3
1393260 1069.3
1393270 1065.7
1393280 1065.7
1393290 1063.3
1393300 1063.2
1393310 1065.4
1393320 1065.4
1393330 1068.4
1393340 1070.1
1393350 1070.1
1393360 1070.5
1393370 1070.0
1393380 1070.0
1393390 1068.7
1393400 1067.0
1393410 1067.0
1393420 1066.3
1393430 1065.9
1393440 1065.9
1393450 1064.5
1393460 1062.9
1393470 1061.8
1393480 1061.8
1393490 1062.2
1393500 1062.5
1393510 1062.5
1393520 1062.2
1393530 1061.5
1393540 1061.5
1393550 1060.7
1393560 1060.6
1393570 1060.6
1393580 1060.2
1393590 1059.5
1393600 1059.5
1393610 1058.7
1393620 1055.8
1393630 1054.0
1393640 1054.0
1393650 1053.4
1393660 1053.7
1393670 1053.7
1393680 1054.8
1393690 1056.2
1393700 1056.2
1393710 1057.3
1393720 1056.1
1393730 1056.1
1393740 1052.4
1393750 1046.9
1393760 1046.9
1393770 1040.7
1393780 1036.0
1393790 1036.0
1393800 1038.6
1393810 1041.6
1393820 1037.5
1393830 1037.5
1393840 1039.8
1393850 1045.1
1393860 1045.1
1393870 1046.0
1393880 1045.9
1393890 1045.9
1393900 1045.5
1393910 1045.1
1393920 1045.1
1393930 1044.8
1393940 1044.2
1393950 1044.2
1393960 1042.6
1393970 1040.1
1393980 1038.3
1393990 1038.3
1394000 1039.3
1394010 1040.5
1394020 1040.5
1394030 1041.5
1394040 1042.2
1394050 1042.2
1394060 1041.9
1394070 1041.3
1394080 1041.3
1394090 1040.6
1394100 1040.1
1394110 1040.1
1394120 1039.9
1394130 1040.3
1394140 1040.3
1394150 1041.0
1394160 1041.7
1394170 1042.1
1394180 1042.1
1394190 1042.0
1394200 1041.2
1394210 1041.2
1394220 1040.0
1394230 1038.5
1394240 1038.5
1394250 1037.0
1394260 1036.2
1394270 1036.2
1394280 1035.8
1394290 1035.6
1394300 1035.6
1394310 1033.4
1394320 1033.4
1394330 1033.0
1394340 1033.0
1394350 1032.6
1394360 1032.3
1394370 1032.3
1394380 1032.2
1394390 1031.7
1394400 1031.7
1394410 1030.9
1394420 1030.2
1394430 1030.2
1394440 1030.1
1394450 1030.5
1394460 1030.5
1394470 1031.3
1394480 1032.1
1394490 1032.5
1394500 1032.5
1394510 1032.7
1394520 1032.7
1394530 1032.7
1394540 1032.6
1394550 1032.5
1394560 1032.5
1394570 1032.6
1394580 1032.7
1394590 1032.7
1394600 1032.7
1394610 1031.4
1394620 1031.4
1394630 1027.6
1394640 1023.4
1394650 1023.4
1394660 1018.9
1394670 1015.3
1394680 1010.0
1394690 1010.0
1394700 1006.0
1394710 1007.0
1394720 1007.0
1394730 1007.9
1394740 1008.0
1394750 1008.0
1394760 1008.0
1394770 1008.1
1394780 1008.1
1394790 1008.2
1394800 1008.2
1394810 1008.2
1394820 1008.1
1394830 1008.0
1394840 1007.9
1394850 1007.9
1394860 1006.7
1394870 1004.2
1394880 1004.2
1394890 1005.8
1394900 1007.6
1394910 1007.6
1394920 1008.0
1394930 1008.6
1394940 1008.6
1394950 1009.3
1394960 1012.2
1394970 1012.2
1394980 1019.2
1394990 1025.4
1395000 1025.4
1395010 1027.0
1395020 1026.6
1395030 1026.3
1395040 1026.3
1395050 1025.9
1395060 1025.4
1395070 1025.4
1395080 1024.9
1395090 1024.3
1395100 1024.3
1395110 1023.9
1395120 1023.6
1395130 1023.6
1395140 1023.3
1395150 1023.1
1395160 1023.1
1395170 1022.7
1395180 1022.5
1395190 1022.4
1395200 1022.4
1395210 1022.5
1395220 1022.1
1395230 1022.1
1395240 1020.7
1395250 1020.4
1395260 1020.4
1395270 1019.1
1395280 1017.6
1395290 1017.6
1395300 1016.4
1395310 1015.2
1395320 1015.2
1395330 1013.7
1395340 1012.4
1395350 1011.3
1395360 1011.3
1395370 1010.9
1395380 1010.4
1395390 1010.4
1395400 1009.7
1395410 1008.8
1395420 1008.8
1395430 1007.3
1395440 1004.5
1395450 1004.5
1395460 1001.6
1395470 998.4
1395480 998.4
1395490 994.9
1395500 992.5
1395510 992.5
1395520 991.5
1395530 989.9
1395540 986.5
1395550 986.5
1395560 982.9
1395570 977.6
1395580 977.6
1395590 972.0
1395600 969.6
1395610 969.6
1395620 966.6
1395630 963.1
1395640 963.1
1395650 961.2
1395660 959.5
1395670 959.5
1395680 958.1
1395690 957.1
1395700 956.5
1395710 956.2
1395720 956.1
1395730 955.7
1395740 955.7
1395750 954.5
1395760 953.8
1395770 953.8
1395780 953.4
1395790 953.2
1395800 953.2
1395810 953.0
1395820 952.7
1395830 952.7
1395840 952.3
1395850 952.0
1395860 951.7
1395870 951.7
1395880 951.4
1395890 951.0
1395900 951.0
1395910 950.8
1395920 950.5
1395930 950.5
1395940 950.3
1395950 950.0
1395960 950.0
1395970 949.6
1395980 949.3
1395990 949.3
1396000 949.0
1396010 948.8
1396020 948.8
1396030 948.6
1396040 948.4
1396050 948.1
1396060 948.1
1396070 947.8
1396080 947.6
1396090 947.6
1396100 947.4
1396110 947.3
1396120 947.3
1396130 947.0
1396140 946.7
1396150 946.7
1396160 946.5
1396170 946.3
1396180 946.3
1396190 946.0
1396200 945.8
1396210 945.7
1396220 945.7
1396230 945.6
1396240 945.6
1396250 945.6
1396260 945.5
1396270 945.4
1396280 945.4
1396290 945.1
1396300 944.7
1396310 944.7
1396320 944.1
1396330 943.6
1396340 943.6
1396350 943.2
1396360 942.9
1396370 942.9
1396380 942.8
1396390 942.7
1396400 942.5
1396410 942.5
1396420 942.4
1396430 942.2
1396440 942.2
1396450 942.1
1396460 941.9
1396470 941.9
1396480 941.6
1396490 941.4
1396500 941.4
1396510 941.3
1396520 941.1
1396530 941.1
1396540 941.0
1396550 940.8
1396560 940.6
1396570 940.6
1396580 940.3
1396590 940.0
1396600 940.0
1396610 940.0
1396620 939.9
1396630 939.9
1396640 939.6
1396650 939.5
1396660 939.5
1396670 939.5
1396680 939.4
1396690 939.4
1396700 939.3
1396710 939.2
1396720 939.0
1396730 939.0
1396740 938.9
1396750 938.7
1396760 938.7
1396770 938.6
1396780 938.5
1396790 938.5
1396800 938.2
1396810 937.8
1396820 937.8
1396830 937.5
1396840 937.2
1396850 937.2
1396860 937.0
1396870 936.9
1396880 936.9
1396890 936.8
1396900 936.6
1396910 936.5
1396920 936.5
1396930 936.3
1396940 936.1
1396950 936.1
1396960 935.8
1396970 935.6
1396980 935.6
1396990 935.0
1397000 935.1
1397010 935.1
1397020 934.7
1397030 934.1
1397040 934.1
1397050 934.0
1397060 934.3
1397070 935.0
1397080 935.0
1397090 935.4
1397100 935.1
1397110 935.1
1397120 935.0
1397130 935.2
1397140 935.2
1397150 935.1
1397160 934.9
1397170 934.9
1397180 934.7
1397190 934.6
1397200 934.6
1397210 934.3
1397220 933.7
1397230 933.7
1397240 933.8
1397250 933.8
1397260 933.7
1397270 933.7
1397280 933.3
1397290 933.0
1397300 933.0
1397310 932.9
1397320 932.9
1397330 932.9
1397340 932.8
1397350 932.8
1397360 932.8
1397370 932.6
1397380 932.4
1397390 932.4
1397400 932.4
1397410 932.4
1397420 932.2
1397430 932.2
1397440 931.9
1397450 931.4
1397460 931.4
1397470 929.9
1397480 928.6
1397490 928.6
1397500 928.9
1397510 930.5
1397520 930.5
1397530 929.7
1397540 926.7
1397550 926.7
1397560 925.8
1397570 926.4
1397580 926.5
1397590 926.5
1397600 926.5
1397610 926.4
1397620 926.4
1397630 926.4
1397640 926.2
1397650 926.2
1397660 926.1
1397670 926.7
1397680 926.7
1397690 926.5
1397700 925.7
1397710 925.7
1397720 925.4
1397730 925.8
1397740 925.8
1397750 926.6
1397760 927.4
1397770 928.1
1397780 928.1
1397790 928.8
1397800 929.5
1397810 929.5
1397820 930.1
1397830 931.6
1397840 931.6
1397850 931.4
1397860 930.0
1397870 930.0
1397880 930.5
1397890 930.5
1397900 930.5
1397910 933.8
1397920 938.2
1397930 941.7
1397940 941.7
1397950 943.4
1397960 943.5
1397970 943.5
1397980 942.9
1397990 942.8
1398000 942.8
1398010 942.3
1398020 941.0
1398030 941.0
1398040 939.8
1398050 938.6
1398060 938.6
1398070 937.4
1398080 937.1
1398090 937.1
1398100 937.1
1398110 937.8
1398120 940.4
1398130 940.4
1398140 944.3
1398150 947.7
1398160 947.7
1398170 951.6
1398180 955.0
1398190 955.0
1398200 958.8
1398210 962.3
1398220 962.3
1398230 964.0
1398240 964.6
1398250 964.6
1398260 963.1
1398270 968.2
1398280 977.3
1398290 977.3
1398300 981.5
1398310 983.8
1398320 983.8
1398330 986.3
1398340 988.7
1398350 988.7
1398360 991.1
1398370 993.7
1398380 993.7
1398390 995.5
1398400 996.1
1398410 996.1
1398420 996.0
1398430 998.0
1398440 1000.7
1398450 1000.7
1398460 1002.3
1398470 1002.8
1398480 1002.8
1398490 1004.7
1398500 1002.8
1398510 1002.8
1398520 1005.7
1398530 1008.8
1398540 1008.8
1398550 1010.2
1398560 1010.8
1398570 1010.8
1398580 1012.1
1398590 1012.9
1398600 1018.8
1398610 1016.9
1398620 1018.8
1398630 1022.3
1398640 1022.3
1398650 1025.0
1398660 1026.6
1398670 1026.6
1398680 1024.6
1398690 1027.6
1398700 1027.6
1398710 1028.9
1398720 1028.3
1398730 1028.3
1398740 1032.1
1398750 1033.6
1398760 1033.6
1398770 1033.9
1398780 1032.8
1398790 1029.2
1398800 1029.2
1398810 1029.1
1398820 1035.3
1398830 1035.3
1398840 1038.7
1398850 1037.2
1398860 1037.2
1398870 1031.6
1398880 1025.0
1398890 1025.0
1398900 1032.5
1398910 1040.9
1398920 1040.9
1398930 1050.2
1398940 1059.6
1398950 1059.6
1398960 1063.6
1398970 1062.1
1398980 1068.3
1398990 1068.3
1399000 1074.6
1399010 1076.7
1399020 1076.7
1399030 1074.7
1399040 1077.6
1399050 1077.6
1399060 1081.4
1399070 1083.4
1399080 1083.4
1399090 1081.7
1399100 1086.7
1399110 1086.7
1399120 1089.9
1399130 1093.7
1399140 1097.3
1399150 1097.3
1399160 1100.9
1399170 1104.5
1399180 1104.5
1399190 1107.3
1399200 1110.2
1399210 1110.2
1399220 1113.0
1399230 1115.3
1399240 1115.3
1399250 1118.6
1399260 1122.1
1399270 1122.1
1399280 1125.1
1399290 1126.6
1399300 1125.2
1399310 1125.2
1399320 1122.5
1399330 1118.6
1399340 1118.6
1399350 1119.6
1399360 1126.5
1399370 1126.5
1399380 1137.5
1399390 1145.2
1399400 1145.2
1399410 1149.3
1399420 1151.4
1399430 1151.4
1399440 1154.6
1399450 1157.5
1399460 1157.5
1399470 1158.5
1399480 1158.7
1399490 1162.7
1399500 1162.7
1399510 1166.3
1399520 1169.3
1399530 1169.3
1399540 1170.8
1399550 1169.1
1399560 1169.1
1399570 1164.9
1399580 1167.4
1399590 1167.4
1399600 1173.0
1399610 1178.1
1399620 1178.1
1399630 1181.2
1399640 1184.9
1399650 1186.1
1399660 1186.1
1399670 1186.9
1399680 1191.5
1399690 1191.5
1399700 1197.1
1399710 1203.3
1399720 1203.3
1399730 1208.4
1399740 1210.5
1399750 1210.5
1399760 1212.3
1399770 1216.9
1399780 1216.9
1399790 1219.7
1399800 1223.3
1399810 1226.2
1399820 1226.2
1399830 1228.0
1399840 1229.2
1399850 1229.2
1399860 1231.8
1399870 1234.7
1399880 1234.7
1399890 1238.1
1399900 1241.4
1399910 1241.4
1399920 1244.0
1399930 1247.5
1399940 1247.5
1399950 1248.9
1399960 1250.9
1399970 1250.9
1399980 1254.2
1399990 1256.9
