1380000 1825.4
1380010 1825.4
1380020 1830.8
1380030 1836.7
1380040 1836.7
1380050 1842.5
1380060 1848.4
1380070 1854.0
1380080 1854.0
1380090 1859.9
1380100 1863.6
1380110 1863.6
1380120 1865.3
1380130 1870.4
1380140 1870.4
1380150 1874.7
1380160 1877.7
1380170 1877.7
1380180 1879.8
1380190 1881.1
1380200 1881.1
1380210 1882.0
1380220 1882.2
1380230 1881.8
1380240 1881.8
1380250 1880.1
1380260 1877.3
1380270 1877.3
1380280 1874.9
1380290 1873.2
1380300 1873.2
1380310 1871.0
1380320 1868.6
1380330 1868.6
1380340 1866.5
1380350 1864.2
1380360 1864.2
1380370 1861.8
1380380 1858.9
1380390 1855.6
1380400 1855.6
1380410 1850.6
1380420 1843.9
1380430 1843.9
1380440 1839.3
1380450 1837.9
1380460 1837.9
1380470 1840.4
1380480 1845.0
1380490 1845.0
1380500 1847.4
1380510 1848.7
1380520 1848.7
1380530 1849.0
1380540 1850.0
1380550 1842.5
1380560 1843.0
1380570 1843.1
1380580 1840.5
1380590 1840.5
1380600 1834.9
1380610 1830.7
1380620 1830.7
1380630 1829.3
1380640 1828.6
1380650 1828.6
1380660 1829.0
1380670 1830.4
1380680 1830.4
1380690 1833.2
1380700 1835.7
1380710 1835.7
1380720 1836.7
1380730 1836.9
1380740 1836.0
1380750 1836.0
1380760 1834.5
1380770 1834.1
1380780 1834.1
1380790 1834.8
1380800 1834.9
1380810 1834.9
1380820 1834.5
1380830 1833.9
1380840 1833.9
1380850 1833.5
1380860 1833.5
1380870 1833.5
1380880 1833.3
1380890 1833.1
1380900 1833.1
1380910 1833.3
1380920 1832.7
1380930 1831.0
1380940 1831.0
1380950 1829.8
1380960 1829.3
1380970 1829.3
1380980 1829.6
1380990 1829.5
1381000 1829.5
1381010 1829.2
1381020 1828.8
1381030 1828.8
1381040 1828.2
1381050 1827.1
1381060 1827.1
1381070 1825.3
1381080 1823.6
1381090 1824.6
1381100 1824.6
1381110 1825.8
1381120 1825.9
1381130 1825.9
1381140 1825.2
1381150 1824.5
1381160 1824.5
1381170 1823.9
1381180 1823.7
1381190 1823.7
1381200 1823.2
1381210 1822.0
1381220 1822.0
1381230 1820.5
1381240 1818.5
1381250 1816.5
1381260 1816.5
1381270 1815.0
1381280 1814.0
1381290 1814.0
1381300 1813.0
1381310 1811.5
1381320 1811.5
1381330 1809.4
1381340 1807.8
1381350 1807.8
1381360 1807.3
1381370 1806.8
1381380 1806.8
1381390 1806.9
1381400 1807.8
1381410 1807.8
1381420 1810.2
1381430 1810.9
1381440 1810.5
1381450 1810.5
1381460 1809.3
1381470 1808.4
1381480 1808.4
1381490 1808.4
1381500 1808.4
1381510 1808.4
1381520 1808.3
1381530 1808.5
1381540 1808.5
1381550 1808.7
1381560 1808.3
1381570 1808.3
1381580 1807.4
1381590 1807.3
1381600 1807.4
1381610 1807.4
1381620 1807.1
1381630 1806.5
1381640 1806.5
1381650 1805.1
1381660 1803.4
1381670 1803.4
1381680 1801.3
1381690 1799.4
1381700 1799.4
1381710 1797.6
1381720 1795.8
1381730 1795.8
1381740 1793.0
1381750 1789.6
1381760 1789.6
1381770 1783.6
1381780 1783.8
1381790 1784.1
1381800 1784.1
1381810 1783.3
1381820 1781.5
1381830 1781.5
1381840 1780.0
1381850 1778.8
1381860 1778.8
1381870 1777.6
1381880 1776.1
1381890 1776.1
1381900 1773.9
1381910 1771.1
1381920 1771.1
1381930 1768.9
1381940 1767.3
1381950 1766.0
1381960 1766.0
1381970 1763.8
1381980 1760.7
1381990 1760.7
1382000 1757.9
1382010 1755.9
1382020 1755.9
1382030 1753.3
1382040 1750.2
1382050 1750.2
1382060 1747.2
1382070 1743.5
1382080 1743.5
1382090 1738.2
1382100 1732.0
1382110 1732.0
1382120 1727.7
1382130 1724.0
1382140 1718.3
1382150 1718.3
1382160 1713.3
1382170 1708.7
1382180 1708.7
1382190 1702.7
1382200 1699.1
1382210 1699.1
1382220 1696.3
1382230 1689.1
1382240 1689.1
1382250 1680.8
1382260 1673.8
1382270 1673.8
1382280 1669.5
1382290 1666.0
1382300 1663.1
1382310 1663.1
1382320 1659.6
1382330 1656.5
1382340 1656.5
1382350 1653.4
1382360 1650.8
1382370 1650.8
1382380 1647.5
1382390 1647.6
1382400 1647.6
1382410 1646.8
1382420 1642.1
1382430 1642.1
1382440 1638.3
1382450 1634.2
1382460 1627.8
1382470 1627.8
1382480 1622.1
1382490 1617.8
1382500 1617.8
1382510 1615.3
1382520 1609.5
1382530 1609.5
1382540 1601.3
1382550 1594.1
1382560 1594.1
1382570 1588.1
1382580 1583.0
1382590 1583.0
1382600 1577.4
1382610 1572.1
1382620 1572.1
1382630 1567.4
1382640 1562.6
1382650 1557.6
1382660 1557.6
1382670 1552.7
1382680 1548.0
1382690 1548.0
1382700 1543.4
1382710 1539.7
1382720 1539.7
1382730 1536.3
1382740 1532.9
1382750 1532.9
1382760 1529.8
1382770 1527.0
1382780 1527.0
1382790 1524.5
1382800 1521.2
1382810 1517.4
1382820 1517.4
1382830 1513.4
1382840 1509.3
1382850 1509.3
1382860 1505.3
1382870 1500.5
1382880 1500.5
1382890 1496.4
1382900 1491.8
1382910 1491.8
1382920 1487.1
1382930 1482.8
1382940 1482.8
1382950 1479.0
1382960 1475.2
1382970 1475.2
1382980 1470.9
1382990 1466.6
1383000 1464.5
1383010 1464.5
1383020 1460.4
1383030 1456.5
1383040 1456.5
1383050 1452.4
1383060 1448.6
1383070 1448.6
1383080 1445.1
1383090 1441.9
1383100 1441.9
1383110 1437.8
1383120 1432.9
1383130 1432.9
1383140 1426.6
1383150 1421.9
1383160 1419.2
1383170 1419.2
1383180 1417.6
1383190 1416.0
1383200 1416.0
1383210 1410.2
1383220 1404.6
1383230 1404.6
1383240 1399.8
1383250 1395.5
1383260 1395.5
1383270 1390.5
1383280 1384.3
1383290 1384.3
1383300 1378.8
1383310 1373.6
1383320 1368.1
1383330 1368.1
1383340 1361.6
1383350 1356.0
1383360 1356.0
1383370 1351.1
1383380 1346.3
1383390 1346.3
1383400 1341.3
1383410 1335.8
1383420 1335.8
1383430 1332.2
1383440 1328.6
1383450 1328.6
1383460 1325.3
1383470 1322.1
1383480 1322.1
1383490 1318.3
1383500 1313.9
1383510 1309.9
1383520 1309.9
1383530 1305.7
1383540 1300.8
1383550 1300.8
1383560 1296.2
1383570 1289.6
1383580 1289.6
1383590 1283.0
1383600 1275.1
1383610 1275.1
1383620 1266.9
1383630 1259.2
1383640 1259.2
1383650 1251.7
1383660 1245.3
1383670 1237.0
1383680 1237.0
1383690 1228.2
1383700 1220.0
1383710 1220.0
1383720 1212.8
1383730 1206.5
1383740 1206.5
1383750 1198.8
1383760 1189.6
1383770 1189.6
1383780 1180.2
1383790 1171.5
1383800 1171.5
1383810 1165.6
1383820 1160.2
1383830 1160.2
1383840 1153.7
1383850 1148.3
1383860 1143.6
1383870 1143.6
1383880 1137.3
1383890 1130.6
1383900 1130.6
1383910 1127.2
1383920 1122.4
1383930 1122.4
1383940 1116.1
1383950 1120.7
1383960 1120.7
1383970 1124.7
1383980 1125.2
1383990 1125.2
1384000 1128.1
1384010 1131.8
1384020 1135.9
1384030 1135.9
1384040 1139.4
1384050 1141.9
1384060 1141.9
1384070 1150.7
1384080 1159.0
1384090 1159.0
1384100 1165.3
1384110 1171.5
1384120 1171.5
1384130 1178.2
1384140 1184.0
1384150 1184.0
1384160 1188.9
1384170 1195.2
1384180 1201.7
1384190 1201.7
1384200 1207.9
1384210 1214.1
1384220 1214.1
1384230 1220.4
1384240 1226.7
1384250 1223.6
1384260 1229.9
1384270 1236.9
1384280 1236.9
1384290 1248.8
1384300 1262.9
1384310 1262.9
1384320 1272.7
1384330 1283.0
1384340 1283.0
1384350 1293.7
1384360 1302.8
1384370 1308.3
1384380 1308.3
1384390 1313.2
1384400 1318.4
1384410 1318.4
1384420 1324.3
1384430 1330.3
1384440 1330.3
1384450 1334.8
1384460 1340.0
1384470 1340.0
1384480 1345.6
1384490 1350.5
1384500 1350.5
1384510 1355.7
1384520 1361.5
1384530 1367.8
1384540 1367.8
1384550 1376.5
1384560 1384.2
1384570 1384.2
1384580 1389.1
1384590 1393.0
1384600 1393.0
1384610 1395.7
1384620 1398.3
1384630 1398.3
1384640 1401.2
1384650 1406.2
1384660 1406.2
1384670 1412.5
1384680 1416.3
1384690 1416.3
1384700 1419.4
1384710 1424.3
1384720 1429.9
1384730 1429.9
1384740 1434.3
1384750 1438.2
1384760 1438.2
1384770 1442.7
1384780 1446.5
1384790 1446.5
1384800 1449.8
1384810 1452.3
1384820 1452.3
1384830 1454.2
1384840 1455.9
1384850 1455.9
1384860 1457.4
1384870 1458.6
1384880 1460.1
1384890 1460.1
1384900 1461.6
1384910 1463.0
1384920 1463.0
1384930 1464.4
1384940 1465.7
1384950 1465.7
1384960 1466.7
1384970 1467.6
1384980 1467.6
1384990 1468.9
1385000 1470.2
1385010 1470.2
1385020 1471.3
1385030 1470.1
1385040 1468.0
1385050 1468.0
1385060 1469.0
1385070 1468.9
1385080 1468.9
1385090 1468.2
1385100 1467.7
1385110 1467.7
1385120 1470.3
1385130 1471.9
1385140 1471.9
1385150 1475.0
1385160 1478.6
1385170 1478.6
1385180 1481.3
1385190 1484.5
1385200 1484.5
1385210 1487.1
1385220 1489.4
1385230 1489.9
1385240 1489.9
1385250 1490.1
1385260 1490.8
1385270 1490.8
1385280 1490.8
1385290 1489.7
1385300 1489.7
1385310 1488.8
1385320 1488.9
1385330 1488.9
1385340 1489.6
1385350 1491.0
1385360 1491.0
1385370 1491.8
1385380 1492.2
1385390 1491.9
1385400 1491.9
1385410 1491.7
1385420 1492.2
1385430 1492.2
1385440 1491.6
1385450 1490.4
1385460 1490.4
1385470 1487.8
1385480 1480.4
1385490 1480.4
1385500 1472.7
1385510 1480.0
1385520 1472.6
1385530 1482.9
1385540 1490.0
1385550 1490.0
1385560 1493.6
1385570 1495.9
1385580 1502.3
1385590 1502.3
1385600 1509.1
1385610 1515.6
1385620 1515.6
1385630 1521.4
1385640 1525.8
1385650 1525.8
1385660 1529.9
1385670 1534.4
1385680 1534.4
1385690 1538.8
1385700 1542.5
1385710 1542.5
1385720 1545.4
1385730 1548.1
1385740 1550.8
1385750 1550.8
1385760 1553.7
1385770 1556.3
1385780 1556.3
1385790 1559.2
1385800 1562.9
1385810 1562.9
1385820 1566.2
1385830 1569.9
1385840 1569.9
1385850 1573.7
1385860 1578.5
1385870 1578.5
1385880 1583.3
1385890 1587.1
1385900 1590.4
1385910 1590.4
1385920 1593.4
1385930 1596.3
1385940 1596.3
1385950 1599.4
1385960 1603.2
1385970 1603.2
1385980 1606.8
1385990 1609.9
1386000 1609.9
1386010 1613.4
1386020 1616.3
1386030 1616.3
1386040 1619.4
1386050 1621.6
1386060 1621.6
1386070 1621.9
1386080 1623.5
1386090 1627.0
1386100 1627.0
1386110 1630.1
1386120 1632.2
1386130 1632.2
1386140 1634.2
1386150 1636.8
1386160 1636.8
1386170 1640.1
1386180 1642.6
1386190 1642.6
1386200 1646.1
1386210 1649.2
1386220 1649.2
1386230 1652.7
1386240 1657.0
1386250 1660.1
1386260 1660.1
1386270 1661.8
1386280 1664.2
1386290 1664.2
1386300 1667.1
1386310 1670.3
1386320 1670.3
1386330 1673.6
1386340 1675.9
1386350 1675.9
1386360 1677.4
1386370 1679.5
1386380 1679.5
1386390 1682.7
1386400 1685.5
1386410 1685.5
1386420 1687.7
1386430 1690.2
1386440 1692.5
1386450 1692.5
1386460 1694.7
1386470 1696.8
1386480 1696.8
1386490 1699.1
1386500 1701.6
1386510 1701.6
1386520 1703.9
1386530 1705.6
1386540 1705.6
1386550 1706.6
1386560 1707.6
1386570 1707.6
1386580 1708.8
1386590 1709.4
1386600 1708.6
1386610 1708.6
1386620 1708.5
1386630 1708.0
1386640 1708.0
1386650 1707.9
1386660 1707.9
1386670 1707.9
1386680 1707.4
1386690 1707.0
1386700 1707.0
1386710 1706.8
1386720 1708.1
1386730 1708.1
1386740 1708.3
1386750 1708.0
1386760 1707.8
1386770 1707.8
1386780 1707.8
1386790 1708.0
1386800 1708.0
1386810 1703.0
1386820 1702.2
1386830 1702.2
1386840 1702.3
1386850 1702.6
1386860 1702.6
1386870 1700.8
1386880 1699.8
1386890 1699.8
1386900 1698.7
1386910 1696.7
1386920 1696.7
1386930 1695.5
1386940 1694.7
1386950 1693.5
1386960 1693.5
1386970 1691.4
1386980 1689.4
1386990 1689.4
1387000 1687.8
1387010 1685.6
1387020 1685.6
1387030 1683.3
1387040 1680.9
1387050 1680.9
1387060 1678.9
1387070 1676.9
1387080 1676.9
1387090 1675.0
1387100 1672.9
1387110 1670.8
1387120 1670.8
1387130 1667.9
1387140 1665.8
1387150 1665.8
1387160 1662.7
1387170 1659.2
1387180 1659.2
1387190 1656.8
1387200 1654.1
1387210 1654.1
1387220 1651.1
1387230 1647.4
1387240 1647.4
1387250 1643.6
1387260 1641.0
1387270 1641.0
1387280 1638.5
1387290 1637.5
1387300 1635.9
1387310 1635.9
1387320 1632.8
1387330 1629.6
1387340 1629.6
1387350 1626.4
1387360 1623.0
1387370 1623.0
1387380 1618.4
1387390 1612.7
1387400 1612.7
1387410 1606.5
1387420 1600.9
1387430 1600.9
1387440 1596.1
1387450 1591.0
1387460 1585.4
1387470 1585.4
1387480 1580.1
1387490 1575.6
1387500 1575.6
1387510 1571.9
1387520 1567.0
1387530 1567.0
1387540 1561.7
1387550 1557.0
1387560 1557.0
1387570 1551.5
1387580 1544.6
1387590 1544.6
1387600 1538.2
1387610 1531.1
1387620 1525.3
1387630 1525.3
1387640 1529.5
1387650 1538.2
1387660 1538.2
1387670 1547.6
1387680 1555.8
1387690 1555.8
1387700 1561.5
1387710 1567.3
1387720 1567.3
1387730 1575.9
1387740 1584.1
1387750 1584.1
1387760 1590.7
1387770 1596.2
1387780 1596.2
1387790 1601.1
1387800 1604.8
1387810 1607.4
1387820 1607.4
1387830 1610.3
1387840 1614.1
1387850 1614.1
1387860 1618.0
1387870 1622.9
1387880 1622.9
1387890 1629.3
1387900 1635.6
1387910 1635.6
1387920 1641.5
1387930 1646.3
1387940 1646.3
1387950 1649.9
1387960 1653.8
1387970 1657.7
1387980 1657.7
1387990 1659.9
1388000 1661.5
1388010 1661.5
1388020 1662.6
1388030 1664.0
1388040 1664.0
1388050 1665.1
1388060 1665.5
1388070 1665.5
1388080 1666.7
1388090 1667.7
1388100 1667.7
1388110 1665.5
1388120 1666.6
1388130 1666.6
1388140 1667.2
1388150 1667.8
1388160 1668.2
1388170 1668.2
1388180 1669.0
1388190 1670.2
1388200 1670.2
1388210 1670.6
1388220 1669.9
1388230 1669.9
1388240 1667.4
1388250 1664.3
1388260 1664.3
1388270 1661.8
1388280 1659.2
1388290 1659.2
1388300 1658.3
1388310 1657.2
1388320 1654.7
1388330 1654.7
1388340 1652.6
1388350 1651.4
1388360 1651.4
1388370 1649.7
1388380 1648.1
1388390 1648.1
1388400 1646.1
1388410 1643.9
1388420 1643.9
1388430 1642.5
1388440 1641.1
1388450 1641.1
1388460 1639.6
1388470 1638.1
1388480 1636.5
1388490 1636.5
1388500 1635.8
1388510 1635.4
1388520 1635.4
1388530 1636.5
1388540 1638.5
1388550 1638.5
1388560 1640.8
1388570 1641.7
1388580 1641.7
1388590 1640.5
1388600 1639.2
1388610 1639.2
1388620 1638.1
1388630 1636.7
1388640 1636.7
1388650 1634.7
1388660 1632.3
1388670 1630.5
1388680 1630.5
1388690 1630.0
1388700 1632.0
1388710 1632.0
1388720 1635.7
1388730 1639.3
1388740 1639.3
1388750 1644.8
1388760 1651.8
1388770 1651.8
1388780 1659.6
1388790 1666.8
1388800 1666.8
1388810 1670.5
1388820 1670.2
1388830 1666.9
1388840 1666.9
1388850 1661.3
1388860 1657.1
1388870 1657.1
1388880 1652.8
1388890 1647.9
1388900 1647.9
1388910 1643.6
1388920 1640.0
1388930 1640.0
1388940 1636.6
1388950 1633.6
1388960 1633.6
1388970 1628.8
1388980 1622.9
1388990 1622.9
1389000 1616.7
1389010 1610.4
1389020 1605.0
1389030 1605.0
1389040 1602.1
1389050 1599.3
1389060 1599.3
1389070 1595.6
1389080 1592.4
1389090 1592.4
1389100 1588.2
1389110 1584.0
1389120 1584.0
1389130 1580.0
1389140 1576.7
1389150 1576.7
1389160 1572.8
1389170 1567.7
1389180 1563.0
1389190 1563.0
1389200 1557.8
1389210 1552.2
1389220 1552.2
1389230 1547.6
1389240 1544.2
1389250 1544.2
1389260 1540.1
1389270 1536.3
1389280 1536.3
1389290 1533.2
1389300 1530.1
1389310 1530.1
1389320 1525.3
1389330 1518.8
1389340 1512.0
1389350 1512.0
1389360 1504.6
1389370 1498.8
1389380 1498.8
1389390 1494.3
1389400 1490.3
1389410 1490.3
1389420 1487.2
1389430 1485.8
1389440 1485.8
1389450 1482.5
1389460 1479.8
1389470 1479.8
1389480 1476.7
1389490 1473.2
1389500 1473.2
1389510 1470.7
1389520 1468.6
1389530 1466.0
1389540 1466.0
1389550 1462.4
1389560 1459.4
1389570 1459.4
1389580 1454.9
1389590 1451.3
1389600 1451.3
1389610 1447.2
1389620 1443.4
1389630 1443.4
1389640 1440.0
1389650 1435.9
1389660 1435.9
1389670 1430.7
1389680 1425.1
1389690 1418.8
1389700 1418.8
1389710 1414.4
1389720 1409.4
1389730 1409.4
1389740 1406.8
1389750 1405.2
1389760 1405.2
1389770 1403.2
1389780 1398.9
1389790 1398.9
1389800 1394.0
1389810 1389.1
1389820 1389.1
1389830 1385.5
1389840 1382.2
1389850 1382.2
1389860 1378.8
1389870 1376.6
1389880 1374.6
1389890 1374.6
1389900 1372.0
1389910 1367.4
1389920 1367.4
1389930 1362.6
1389940 1358.3
1389950 1358.3
1389960 1354.2
1389970 1351.3
1389980 1351.3
1389990 1348.9
1390000 1345.1
1390010 1345.1
1390020 1339.0
1390030 1333.6
1390040 1330.2
1390050 1330.2
1390060 1327.3
1390070 1323.7
1390080 1323.7
1390090 1318.8
1390100 1314.9
1390110 1314.9
1390120 1311.7
1390130 1307.6
1390140 1307.6
1390150 1303.3
1390160 1300.4
1390170 1300.4
1390180 1298.0
1390190 1296.3
1390200 1295.3
1390210 1295.3
1390220 1295.2
1390230 1295.3
1390240 1295.3
1390250 1294.7
1390260 1292.7
1390270 1292.7
1390280 1293.2
1390290 1290.8
1390300 1290.8
1390310 1284.6
1390320 1282.6
1390330 1282.6
1390340 1279.0
1390350 1281.0
1390360 1281.0
1390370 1286.3
1390380 1289.7
1390390 1290.6
1390400 1290.6
1390410 1291.3
1390420 1295.1
1390430 1295.1
1390440 1303.1
1390450 1311.2
1390460 1311.2
1390470 1318.6
1390480 1326.0
1390490 1326.0
1390500 1334.1
1390510 1342.1
1390520 1342.1
1390530 1349.9
1390540 1358.0
1390550 1366.2
1390560 1366.2
1390570 1374.3
1390580 1382.3
1390590 1382.3
1390600 1391.2
1390610 1399.3
1390620 1399.3
1390630 1404.3
1390640 1408.7
1390650 1408.7
1390660 1411.5
1390670 1413.0
1390680 1413.0
1390690 1414.2
1390700 1415.4
1390710 1415.4
1390720 1416.2
1390730 1416.7
1390740 1417.9
1390750 1417.9
1390760 1413.3
1390770 1415.4
1390780 1415.4
1390790 1417.6
1390800 1421.0
1390810 1421.0
1390820 1423.8
1390830 1426.0
1390840 1426.0
1390850 1426.5
1390860 1426.7
1390870 1426.7
1390880 1425.8
1390890 1425.4
1390900 1425.4
1390910 1425.4
1390920 1424.7
1390930 1422.9
1390940 1422.9
1390950 1420.3
1390960 1417.7
1390970 1417.7
1390980 1415.3
1390990 1413.6
1391000 1413.6
1391010 1411.3
1391020 1409.2
1391030 1409.2
1391040 1407.0
1391050 1404.5
1391060 1402.7
1391070 1402.7
1391080 1401.1
1391090 1398.7
1391100 1398.7
1391110 1396.4
1391120 1394.4
1391130 1394.4
1391140 1392.0
1391150 1390.0
1391160 1390.0
1391170 1388.0
1391180 1384.8
1391190 1384.8
1391200 1382.0
1391210 1381.0
1391220 1381.0
1391230 1378.8
1391240 1376.3
1391250 1373.2
1391260 1373.2
1391270 1369.9
1391280 1366.2
1391290 1366.2
1391300 1362.7
1391310 1359.8
1391320 1359.8
1391330 1356.9
1391340 1353.7
1391350 1353.7
1391360 1350.4
1391370 1347.4
1391380 1347.4
1391390 1343.7
1391400 1339.2
1391410 1334.9
1391420 1334.9
1391430 1332.3
1391440 1328.2
1391450 1328.2
1391460 1325.5
1391470 1324.0
1391480 1324.0
1391490 1322.2
1391500 1319.7
1391510 1319.7
1391520 1316.6
1391530 1314.3
1391540 1314.3
1391550 1311.7
1391560 1308.3
1391570 1308.3
1391580 1305.3
1391590 1303.1
1391600 1301.5
1391610 1301.5
1391620 1299.9
1391630 1298.4
1391640 1298.4
1391650 1297.2
1391660 1296.2
1391670 1296.2
1391680 1295.5
1391690 1294.2
1391700 1294.2
1391710 1291.4
1391720 1289.0
1391730 1289.0
1391740 1287.5
1391750 1287.3
1391760 1288.4
1391770 1288.4
1391780 1288.8
1391790 1287.8
1391800 1287.8
1391810 1286.8
1391820 1285.7
1391830 1285.7
1391840 1284.0
1391850 1279.0
1391860 1279.0
1391870 1273.1
1391880 1268.6
1391890 1268.6
1391900 1265.8
1391910 1265.2
1391920 1265.0
1391930 1265.0
1391940 1266.0
1391950 1267.5
1391960 1267.5
1391970 1269.6
1391980 1271.8
1391990 1271.8
1392000 1273.1
1392010 1272.1
1392020 1272.1
1392030 1270.5
1392040 1267.9
1392050 1267.9
1392060 1265.1
1392070 1262.2
1392080 1262.2
1392090 1261.0
1392100 1259.9
1392110 1258.3
1392120 1256.4
1392130 1254.8
1392140 1251.2
1392150 1251.2
1392160 1246.2
1392170 1240.0
1392180 1240.0
1392190 1233.4
1392200 1229.7
1392210 1229.7
1392220 1227.0
1392230 1225.7
1392240 1225.7
1392250 1222.6
1392260 1216.1
1392270 1208.4
1392280 1208.4
1392290 1200.0
1392300 1195.1
1392310 1195.1
1392320 1196.0
1392330 1202.8
1392340 1202.8
1392350 1212.5
1392360 1216.1
1392370 1216.1
1392380 1217.0
1392390 1216.8
1392400 1216.8
1392410 1215.4
1392420 1216.2
1392430 1216.2
1392440 1217.4
1392450 1217.6
1392460 1216.8
1392470 1216.8
1392480 1212.8
1392490 1207.2
1392500 1207.2
1392510 1203.2
1392520 1198.7
1392530 1198.7
1392540 1195.7
1392550 1193.5
1392560 1193.5
1392570 1191.7
1392580 1190.8
1392590 1190.8
1392600 1190.3
1392610 1190.6
1392620 1191.7
1392630 1191.7
1392640 1192.1
1392650 1191.2
1392660 1191.2
1392670 1189.8
1392680 1188.5
1392690 1188.5
1392700 1186.2
1392710 1184.6
1392720 1184.6
1392730 1183.7
1392740 1182.2
1392750 1182.2
1392760 1180.5
1392770 1177.9
1392780 1176.0
1392790 1176.0
1392800 1174.8
1392810 1173.7
1392820 1173.7
1392830 1172.6
1392840 1171.2
1392850 1171.2
1392860 1169.6
1392870 1167.9
1392880 1167.9
1392890 1166.2
1392900 1164.0
1392910 1164.0
1392920 1162.1
1392930 1159.3
1392940 1159.3
1392950 1154.9
1392960 1150.3
1392970 1145.7
1392980 1145.7
1392990 1145.9
1393000 1150.9
1393010 1150.9
1393020 1153.8
1393030 1154.1
1393040 1154.1
1393050 1152.7
1393060 1151.7
1393070 1151.7
1393080 1150.6
1393090 1149.7
1393100 1149.7
1393110 1149.0
1393120 1148.0
1393130 1146.8
1393140 1146.8
1393150 1145.0
1393160 1143.4
1393170 1143.4
1393180 1142.0
1393190 1140.1
1393200 1140.1
1393210 1138.6
1393220 1137.2
1393230 1137.2
1393240 1136.0
1393250 1135.1
1393260 1135.1
1393270 1134.2
1393280 1133.3
1393290 1133.3
1393300 1132.5
1393310 1131.8
1393320 1131.0
1393330 1131.0
1393340 1130.0
1393350 1129.1
1393360 1129.1
1393370 1128.5
1393380 1127.9
1393390 1127.9
1393400 1126.4
1393410 1124.8
1393420 1124.8
1393430 1123.1
1393440 1121.8
1393450 1121.8
1393460 1121.0
1393470 1120.2
1393480 1119.2
1393490 1116.6
1393500 1114.6
1393510 1113.2
1393520 1113.2
1393530 1112.2
1393540 1111.4
1393550 1111.4
1393560 1110.5
1393570 1109.5
1393580 1109.5
1393590 1108.2
1393600 1106.9
1393610 1106.9
1393620 1106.0
1393630 1105.3
1393640 1104.2
1393650 1104.2
1393660 1103.1
1393670 1101.5
1393680 1101.5
1393690 1100.0
1393700 1098.3
1393710 1098.3
1393720 1096.8
1393730 1097.6
1393740 1097.6
1393750 1100.5
1393760 1101.2
1393770 1101.2
1393780 1100.9
1393790 1100.3
1393800 1100.3
1393810 1098.8
1393820 1097.2
1393830 1096.5
1393840 1096.5
1393850 1096.8
1393860 1097.6
1393870 1097.6
1393880 1098.1
1393890 1098.2
1393900 1098.2
1393910 1099.2
1393920 1099.8
1393930 1099.8
1393940 1099.9
1393950 1099.9
1393960 1099.9
1393970 1099.6
1393980 1099.4
1393990 1100.7
1394000 1100.7
1394010 1101.3
1394020 1101.7
1394030 1101.7
1394040 1102.1
1394050 1102.6
1394060 1102.6
1394070 1103.1
1394080 1103.6
1394090 1103.6
1394100 1104.2
1394110 1104.8
1394120 1104.8
1394130 1105.6
1394140 1106.2
1394150 1106.2
1394160 1106.5
1394170 1106.7
1394180 1107.0
1394190 1107.0
1394200 1107.1
1394210 1107.2
1394220 1107.2
1394230 1107.2
1394240 1107.1
1394250 1107.1
1394260 1106.8
1394270 1106.4
1394280 1106.4
1394290 1105.8
1394300 1105.0
1394310 1105.0
1394320 1104.1
1394330 1103.4
1394340 1103.0
1394350 1103.0
1394360 1102.9
1394370 1103.2
1394380 1103.2
1394390 1103.9
1394400 1104.9
1394410 1104.9
1394420 1105.9
1394430 1106.6
1394440 1106.6
1394450 1107.2
1394460 1108.1
1394470 1108.1
1394480 1109.4
1394490 1111.3
1394500 1110.6
1394510 1110.6
1394520 1104.9
1394530 1097.6
1394540 1097.6
1394550 1090.3
1394560 1082.6
1394570 1082.6
1394580 1075.5
1394590 1068.1
1394600 1068.1
1394610 1062.0
1394620 1056.3
1394630 1056.3
1394640 1050.1
1394650 1044.2
1394660 1044.2
1394670 1038.6
1394680 1035.9
1394690 1035.7
1394700 1035.7
1394710 1035.7
1394720 1035.7
1394730 1035.7
1394740 1034.9
1394750 1032.1
1394760 1032.1
1394770 1033.2
1394780 1037.3
1394790 1037.3
1394800 1041.9
1394810 1046.1
1394820 1046.1
1394830 1053.5
1394840 1060.4
1394850 1067.5
1394860 1067.5
1394870 1076.0
1394880 1081.0
1394890 1081.0
1394900 1090.9
1394910 1095.2
1394920 1095.2
1394930 1094.7
1394940 1091.6
1394950 1091.6
1394960 1088.1
1394970 1085.3
1394980 1085.3
1394990 1082.2
1395000 1078.8
1395010 1078.8
1395020 1074.6
1395030 1070.9
1395040 1068.9
1395050 1068.9
1395060 1066.8
1395070 1064.8
1395080 1064.8
1395090 1064.1
1395100 1063.5
1395110 1063.5
1395120 1063.1
1395130 1062.7
1395140 1062.7
1395150 1062.5
1395160 1062.9
1395170 1062.9
1395180 1064.0
1395190 1064.5
1395200 1064.6
1395210 1064.6
1395220 1065.3
1395230 1067.0
1395240 1067.0
1395250 1068.8
1395260 1071.1
1395270 1071.1
1395280 1073.9
1395290 1077.7
1395300 1077.7
1395310 1081.7
1395320 1084.8
1395330 1084.8
1395340 1086.8
1395350 1087.3
1395360 1090.2
1395370 1090.2
1395380 1094.9
1395390 1097.3
1395400 1097.3
1395410 1097.9
1395420 1097.9
1395430 1097.9
1395440 1097.7
1395450 1097.3
1395460 1097.3
1395470 1097.1
1395480 1096.6
1395490 1096.6
1395500 1096.0
1395510 1095.4
1395520 1095.4
1395530 1094.9
1395540 1094.5
1395550 1094.5
1395560 1094.5
1395570 1093.9
1395580 1093.6
1395590 1093.6
1395600 1093.3
1395610 1093.0
1395620 1093.0
1395630 1092.9
1395640 1093.2
1395650 1093.2
1395660 1093.6
1395670 1093.2
1395680 1093.2
1395690 1092.8
1395700 1093.6
1395710 1094.3
1395720 1094.3
1395730 1094.2
1395740 1093.7
1395750 1093.7
1395760 1091.2
1395770 1086.0
1395780 1086.0
1395790 1085.0
1395800 1086.4
1395810 1086.4
1395820 1086.0
1395830 1085.6
1395840 1085.6
1395850 1085.2
1395860 1085.1
1395870 1085.1
1395880 1085.6
1395890 1086.3
1395900 1086.5
1395910 1086.5
1395920 1086.3
1395930 1086.7
1395940 1086.7
1395950 1087.6
1395960 1088.0
1395970 1088.0
1395980 1087.6
1395990 1086.7
1396000 1086.7
1396010 1085.8
1396020 1085.0
1396030 1085.0
1396040 1084.4
1396050 1083.8
1396060 1082.5
1396070 1082.5
1396080 1079.1
1396090 1075.1
1396100 1075.1
1396110 1071.7
1396120 1069.4
1396130 1069.4
1396140 1068.5
1396150 1067.6
1396160 1067.6
1396170 1066.6
1396180 1065.7
1396190 1065.7
1396200 1064.7
1396210 1063.2
1396220 1060.9
1396230 1060.9
1396240 1058.4
1396250 1057.5
1396260 1057.5
1396270 1057.2
1396280 1056.9
1396290 1056.9
1396300 1050.5
1396310 1049.3
1396320 1049.3
1396330 1047.1
1396340 1044.8
1396350 1044.8
1396360 1042.8
1396370 1041.1
1396380 1041.1
1396390 1039.6
1396400 1038.2
1396410 1036.6
1396420 1036.6
1396430 1034.3
1396440 1029.8
1396450 1029.8
1396460 1026.5
1396470 1025.1
1396480 1025.1
1396490 1024.9
1396500 1024.8
1396510 1024.8
1396520 1024.7
1396530 1022.8
1396540 1022.8
1396550 1019.6
1396560 1015.0
1396570 1011.2
1396580 1011.2
1396590 1008.4
1396600 1005.9
1396610 1005.9
1396620 1004.1
1396630 1002.4
1396640 1002.4
1396650 1000.6
1396660 998.0
1396670 998.0
1396680 995.6
1396690 993.5
1396700 993.5
1396710 991.6
1396720 989.8
1396730 989.8
1396740 988.0
1396750 987.5
1396760 988.1
1396770 988.1
1396780 989.5
1396790 990.3
1396800 990.3
1396810 989.1
1396820 987.8
1396830 987.8
1396840 987.8
1396850 985.9
1396860 985.9
1396870 987.5
1396880 988.3
1396890 988.3
1396900 989.4
1396910 991.6
1396920 995.9
1396930 995.9
1396940 1000.2
1396950 1002.5
1396960 1002.5
1396970 1001.7
1396980 997.7
1396990 997.7
1397000 990.4
1397010 990.4
1397020 990.4
1397030 990.6
1397040 985.5
1397050 985.5
1397060 980.5
1397070 977.8
1397080 976.9
1397090 976.9
1397100 977.4
1397110 977.5
1397120 977.5
1397130 977.6
1397140 977.0
1397150 977.0
1397160 975.5
1397170 973.9
1397180 973.9
1397190 972.1
1397200 970.5
1397210 970.5
1397220 968.7
1397230 967.1
1397240 967.1
1397250 966.3
1397260 964.1
1397270 961.6
1397280 961.6
1397290 959.9
1397300 959.3
1397310 959.3
1397320 958.8
1397330 958.2
1397340 958.2
1397350 957.9
1397360 957.3
1397370 957.3
1397380 957.2
1397390 957.5
1397400 957.5
1397410 957.5
1397420 957.3
1397430 956.4
1397440 956.4
1397450 955.1
1397460 954.2
1397470 954.2
1397480 954.2
1397490 954.2
1397500 954.2
1397510 954.0
1397520 954.2
1397530 954.2
1397540 954.3
1397550 954.4
1397560 954.4
1397570 954.4
1397580 954.4
1397590 954.4
1397600 954.4
1397610 954.2
1397620 953.3
1397630 953.3
1397640 951.7
1397650 950.0
1397660 950.0
1397670 948.1
1397680 946.1
1397690 946.1
1397700 944.1
1397710 941.9
1397720 941.9
1397730 934.4
1397740 932.9
1397750 932.9
1397760 931.5
1397770 930.7
1397780 930.5
1397790 930.5
1397800 930.4
1397810 930.2
1397820 930.2
1397830 930.4
1397840 930.4
1397850 930.4
1397860 930.7
1397870 931.1
1397880 931.1
1397890 931.8
1397900 932.6
1397910 932.6
1397920 933.3
1397930 934.0
1397940 934.6
1397950 934.6
1397960 935.2
1397970 935.7
1397980 935.7
1397990 936.1
1398000 934.9
1398010 934.9
1398020 935.1
1398030 936.1
1398040 936.1
1398050 935.8
1398060 934.6
1398070 934.6
1398080 933.6
1398090 932.7
1398100 932.7
1398110 931.2
1398120 929.9
1398130 929.0
1398140 929.0
1398150 928.5
1398160 928.1
1398170 928.1
1398180 927.8
1398190 926.4
1398200 926.4
1398210 925.1
1398220 924.3
1398230 924.3
1398240 923.5
1398250 923.0
1398260 923.0
1398270 922.5
1398280 922.0
1398290 921.6
1398300 921.6
1398310 921.2
1398320 920.8
1398330 920.8
1398340 920.4
1398350 919.7
1398360 919.7
1398370 919.3
1398380 919.2
1398390 919.2
1398400 919.3
1398410 919.2
1398420 919.2
1398430 919.2
1398440 919.7
1398450 919.7
1398460 920.0
1398470 919.6
1398480 919.0
1398490 919.0
1398500 918.4
1398510 918.1
1398520 918.1
1398530 918.0
1398540 918.5
1398550 918.5
1398560 918.2
1398570 918.1
1398580 918.1
1398590 918.2
1398600 918.3
1398610 918.3
1398620 918.0
1398630 917.7
1398640 917.2
1398650 917.2
1398660 917.1
1398670 916.7
1398680 916.7
1398690 916.5
1398700 916.4
1398710 916.4
1398720 916.3
1398730 916.1
1398740 916.1
1398750 916.3
1398760 915.7
1398770 915.7
1398780 915.6
1398790 915.8
1398800 915.8
1398810 915.6
1398820 915.2
1398830 915.1
1398840 915.1
1398850 914.9
1398860 914.8
1398870 914.8
1398880 914.8
1398890 915.4
1398900 915.4
1398910 914.8
1398920 912.9
1398930 912.9
1398940 911.7
1398950 912.1
1398960 912.1
1398970 913.4
1398980 915.1
1398990 915.6
1399000 915.6
1399010 915.3
1399020 915.0
1399030 915.0
1399040 914.9
1399050 915.1
1399060 915.1
1399070 915.8
1399080 916.8
1399090 916.8
1399100 917.1
1399110 918.2
1399120 918.2
1399130 920.2
1399140 922.4
1399150 921.8
1399160 921.8
1399170 923.9
1399180 924.8
1399190 924.8
1399200 934.5
1399210 937.5
1399220 937.5
1399230 939.2
1399240 940.9
1399250 940.9
1399260 943.0
1399270 944.5
1399280 944.5
1399290 944.1
1399300 946.0
1399310 946.0
1399320 950.9
1399330 954.3
1399340 956.7
1399350 956.7
1399360 959.0
1399370 959.8
1399380 959.8
1399390 958.2
1399400 964.8
1399410 964.8
1399420 970.0
1399430 972.3
1399440 972.3
1399450 974.4
1399460 975.8
1399470 975.8
1399480 977.5
1399490 979.3
1399500 983.7
1399510 983.7
1399520 986.5
1399530 989.7
1399540 989.7
1399550 992.4
1399560 992.4
1399570 992.4
1399580 995.9
1399590 1000.9
1399600 1000.9
1399610 1004.9
1399620 1008.5
1399630 1008.5
1399640 1011.5
1399650 1013.3
1399660 1013.3
1399670 1016.0
1399680 1019.5
1399690 1022.3
1399700 1022.3
1399710 1024.1
1399720 1024.3
1399730 1024.3
1399740 1028.5
1399750 1033.9
1399760 1033.9
1399770 1038.1
1399780 1041.1
1399790 1041.1
1399800 1044.0
1399810 1046.9
1399820 1046.9
1399830 1051.1
1399840 1054.6
1399850 1058.8
1399860 1058.8
1399870 1061.6
1399880 1063.8
1399890 1063.8
1399900 1065.7
1399910 1067.7
1399920 1067.7
1399930 1070.0
1399940 1072.3
1399950 1072.3
1399960 1074.3
1399970 1075.9
1399980 1075.9
1399990 1077.8
