1380000 1889.7
1380010 1892.8
1380020 1892.8
1380030 1898.1
1380040 1902.2
1380050 1902.2
1380060 1905.8
1380070 1908.7
1380080 1908.7
1380090 1911.3
1380100 1914.3
1380110 1914.3
1380120 1918.4
1380130 1923.2
1380140 1928.2
1380150 1928.2
1380160 1932.3
1380170 1936.2
1380180 1936.2
1380190 1940.7
1380200 1945.7
1380210 1945.7
1380220 1949.3
1380230 1950.9
1380240 1950.9
1380250 1951.7
1380260 1952.3
1380270 1952.3
1380280 1953.1
1380290 1953.8
1380300 1953.8
1380310 1954.3
1380320 1955.5
1380330 1955.0
1380340 1955.0
1380350 1954.1
1380360 1951.7
1380370 1951.7
1380380 1947.8
1380390 1942.3
1380400 1942.3
1380410 1935.7
1380420 1930.8
1380430 1930.8
1380440 1929.8
1380450 1930.3
1380460 1930.3
1380470 1931.0
1380480 1933.5
1380490 1935.6
1380500 1935.6
1380510 1936.7
1380520 1938.9
1380530 1938.9
1380540 1940.8
1380550 1934.6
1380560 1934.6
1380570 1935.1
1380580 1935.1
1380590 1935.1
1380600 1932.7
1380610 1927.6
1380620 1927.6
1380630 1922.4
1380640 1917.6
1380650 1917.6
1380660 1914.2
1380670 1911.4
1380680 1910.1
1380690 1910.1
1380700 1908.2
1380710 1909.8
1380720 1909.8
1380730 1913.4
1380740 1917.2
1380750 1917.2
1380760 1919.4
1380770 1922.2
1380780 1922.2
1380790 1922.4
1380800 1919.9
1380810 1919.9
1380820 1916.9
1380830 1914.3
1380840 1911.5
1380850 1911.5
1380860 1909.9
1380870 1908.5
1380880 1908.5
1380890 1906.3
1380900 1904.0
1380910 1904.0
1380920 1901.9
1380930 1902.0
1380940 1902.0
1380950 1903.1
1380960 1903.1
1380970 1903.1
1380980 1903.4
1380990 1904.1
1381000 1904.2
1381010 1904.2
1381020 1903.2
1381030 1901.7
1381040 1901.7
1381050 1900.6
1381060 1899.8
1381070 1899.8
1381080 1898.4
1381090 1896.9
1381100 1896.9
1381110 1895.7
1381120 1894.4
1381130 1894.4
1381140 1892.7
1381150 1890.9
1381160 1890.9
1381170 1888.7
1381180 1886.2
1381190 1884.7
1381200 1884.7
1381210 1883.8
1381220 1882.7
1381230 1882.7
1381240 1881.3
1381250 1880.4
1381260 1880.4
1381270 1879.0
1381280 1876.6
1381290 1876.6
1381300 1873.8
1381310 1870.0
1381320 1870.0
1381330 1867.3
1381340 1865.9
1381350 1864.9
1381360 1864.9
1381370 1864.4
1381380 1863.4
1381390 1863.4
1381400 1862.9
1381410 1862.1
1381420 1862.1
1381430 1860.4
1381440 1858.8
1381450 1858.8
1381460 1857.4
1381470 1855.4
1381480 1855.4
1381490 1853.1
1381500 1851.5
1381510 1851.5
1381520 1849.5
1381530 1845.5
1381540 1841.6
1381550 1841.6
1381560 1839.5
1381570 1836.9
1381580 1836.9
1381590 1833.8
1381600 1831.8
1381610 1831.8
1381620 1830.9
1381630 1829.1
1381640 1829.1
1381650 1826.6
1381660 1823.9
1381670 1823.9
1381680 1821.1
1381690 1818.3
1381700 1814.7
1381710 1814.7
1381720 1811.2
1381730 1808.0
1381740 1808.0
1381750 1805.6
1381760 1803.9
1381770 1803.9
1381780 1801.1
1381790 1797.9
1381800 1797.9
1381810 1794.0
1381820 1790.1
1381830 1790.1
1381840 1786.7
1381850 1782.6
1381860 1779.2
1381870 1779.2
1381880 1775.1
1381890 1770.9
1381900 1770.9
1381910 1766.7
1381920 1762.9
1381930 1762.9
1381940 1760.5
1381950 1757.3
1381960 1757.3
1381970 1754.5
1381980 1751.2
1381990 1751.2
1382000 1747.4
1382010 1744.0
1382020 1744.0
1382030 1740.9
1382040 1737.0
1382050 1732.9
1382060 1732.9
1382070 1729.5
1382080 1726.0
1382090 1726.0
1382100 1721.5
1382110 1716.2
1382120 1716.2
1382130 1711.4
1382140 1707.3
1382150 1707.3
1382160 1702.2
1382170 1697.4
1382180 1697.4
1382190 1691.8
1382200 1686.8
1382210 1680.6
1382220 1680.6
1382230 1674.0
1382240 1668.0
1382250 1668.0
1382260 1664.0
1382270 1660.4
1382280 1660.4
1382290 1656.4
1382300 1651.7
1382310 1651.7
1382320 1648.1
1382330 1646.2
1382340 1646.2
1382350 1644.9
1382360 1640.4
1382370 1640.4
1382380 1634.3
1382390 1629.5
1382400 1625.0
1382410 1625.0
1382420 1618.8
1382430 1611.4
1382440 1611.4
1382450 1602.1
1382460 1594.0
1382470 1594.0
1382480 1588.8
1382490 1584.5
1382500 1584.5
1382510 1580.1
1382520 1575.7
1382530 1575.7
1382540 1570.9
1382550 1565.4
1382560 1561.2
1382570 1561.2
1382580 1557.2
1382590 1553.0
1382600 1553.0
1382610 1548.1
1382620 1543.0
1382630 1543.0
1382640 1538.9
1382650 1534.9
1382660 1534.9
1382670 1530.9
1382680 1526.7
1382690 1526.7
1382700 1521.1
1382710 1514.6
1382720 1514.6
1382730 1508.0
1382740 1501.6
1382750 1495.2
1382760 1495.2
1382770 1489.5
1382780 1483.9
1382790 1483.9
1382800 1480.5
1382810 1477.5
1382820 1477.5
1382830 1475.7
1382840 1473.1
1382850 1473.1
1382860 1469.1
1382870 1464.6
1382880 1464.6
1382890 1459.9
1382900 1453.8
1382910 1446.1
1382920 1446.1
1382930 1441.4
1382940 1436.0
1382950 1436.0
1382960 1430.1
1382970 1425.1
1382980 1425.1
1382990 1420.8
1383000 1420.7
1383010 1420.7
1383020 1417.6
1383030 1414.3
1383040 1414.3
1383050 1412.8
1383060 1411.7
1383070 1411.4
1383080 1411.4
1383090 1411.7
1383100 1409.2
1383110 1409.2
1383120 1405.4
1383130 1400.6
1383140 1400.6
1383150 1395.1
1383160 1389.8
1383170 1389.8
1383180 1384.7
1383190 1379.4
1383200 1379.4
1383210 1372.4
1383220 1364.6
1383230 1364.6
1383240 1357.9
1383250 1353.2
1383260 1348.5
1383270 1348.5
1383280 1343.4
1383290 1339.3
1383300 1339.3
1383310 1335.2
1383320 1329.9
1383330 1329.9
1383340 1324.6
1383350 1319.3
1383360 1319.3
1383370 1313.7
1383380 1306.3
1383390 1306.3
1383400 1299.8
1383410 1294.0
1383420 1288.7
1383430 1288.7
1383440 1283.4
1383450 1278.1
1383460 1278.1
1383470 1273.6
1383480 1269.4
1383490 1269.4
1383500 1264.7
1383510 1259.2
1383520 1259.2
1383530 1253.9
1383540 1248.2
1383550 1248.2
1383560 1242.7
1383570 1236.3
1383580 1236.3
1383590 1229.6
1383600 1222.5
1383610 1215.2
1383620 1215.2
1383630 1209.5
1383640 1205.1
1383650 1205.1
1383660 1202.1
1383670 1198.2
1383680 1198.2
1383690 1194.5
1383700 1189.7
1383710 1189.7
1383720 1182.6
1383730 1174.3
1383740 1174.3
1383750 1167.2
1383760 1160.4
1383770 1154.0
1383780 1154.0
1383790 1148.7
1383800 1143.3
1383810 1143.3
1383820 1138.2
1383830 1135.3
1383840 1135.3
1383850 1131.2
1383860 1125.1
1383870 1125.1
1383880 1128.2
1383890 1144.5
1383900 1144.5
1383910 1154.3
1383920 1160.8
1383930 1164.7
1383940 1164.7
1383950 1168.5
1383960 1172.6
1383970 1172.6
1383980 1175.9
1383990 1178.6
1384000 1178.6
1384010 1183.0
1384020 1187.2
1384030 1187.2
1384040 1191.1
1384050 1195.4
1384060 1195.4
1384070 1198.2
1384080 1200.9
1384090 1200.9
1384100 1204.3
1384110 1208.1
1384120 1213.0
1384130 1213.0
1384140 1220.1
1384150 1231.1
1384160 1231.1
1384170 1238.4
1384180 1244.3
1384190 1244.3
1384200 1250.7
1384210 1257.7
1384220 1257.7
1384230 1265.0
1384240 1272.3
1384250 1266.9
1384260 1274.6
1384270 1286.4
1384280 1299.0
1384290 1299.0
1384300 1307.1
1384310 1313.4
1384320 1313.4
1384330 1317.8
1384340 1323.9
1384350 1323.9
1384360 1331.7
1384370 1339.3
1384380 1339.3
1384390 1347.8
1384400 1355.6
1384410 1355.6
1384420 1367.9
1384430 1374.6
1384440 1374.6
1384450 1384.3
1384460 1391.0
1384470 1395.4
1384480 1395.4
1384490 1400.2
1384500 1406.7
1384510 1406.7
1384520 1413.6
1384530 1420.9
1384540 1420.9
1384550 1431.4
1384560 1441.3
1384570 1441.3
1384580 1446.0
1384590 1449.0
1384600 1449.0
1384610 1452.3
1384620 1456.9
1384630 1461.8
1384640 1461.8
1384650 1465.8
1384660 1469.6
1384670 1469.6
1384680 1473.7
1384690 1478.0
1384700 1478.0
1384710 1482.4
1384720 1485.4
1384730 1485.4
1384740 1487.3
1384750 1489.8
1384760 1489.8
1384770 1492.9
1384780 1496.1
1384790 1499.2
1384800 1499.2
1384810 1501.3
1384820 1502.8
1384830 1502.8
1384840 1504.4
1384850 1505.6
1384860 1505.6
1384870 1506.5
1384880 1507.8
1384890 1507.8
1384900 1509.4
1384910 1511.0
1384920 1511.0
1384930 1512.7
1384940 1514.2
1384950 1514.2
1384960 1515.4
1384970 1516.7
1384980 1518.0
1384990 1518.0
1385000 1519.6
1385010 1521.4
1385020 1521.4
1385030 1522.9
1385040 1523.6
1385050 1523.6
1385060 1524.5
1385070 1526.5
1385080 1526.5
1385090 1528.4
1385100 1530.1
1385110 1530.1
1385120 1531.4
1385130 1531.4
1385140 1532.7
1385150 1532.7
1385160 1535.2
1385170 1536.7
1385180 1536.7
1385190 1538.8
1385200 1542.3
1385210 1542.3
1385220 1544.7
1385230 1547.2
1385240 1547.2
1385250 1549.6
1385260 1551.8
1385270 1551.8
1385280 1553.8
1385290 1556.0
1385300 1556.0
1385310 1558.6
1385320 1559.6
1385330 1558.0
1385340 1558.0
1385350 1556.5
1385360 1557.9
1385370 1557.9
1385380 1562.8
1385390 1566.3
1385400 1566.3
1385410 1565.3
1385420 1562.0
1385430 1562.0
1385440 1557.8
1385450 1552.3
1385460 1552.3
1385470 1546.4
1385480 1540.5
1385490 1534.6
1385500 1534.6
1385510 1523.3
1385520 1521.4
1385530 1521.4
1385540 1529.5
1385550 1536.3
1385560 1536.3
1385570 1541.6
1385580 1546.8
1385590 1546.8
1385600 1551.9
1385610 1557.8
1385620 1557.8
1385630 1564.4
1385640 1570.6
1385650 1570.6
1385660 1575.6
1385670 1580.5
1385680 1585.4
1385690 1585.4
1385700 1590.0
1385710 1595.2
1385720 1595.2
1385730 1599.7
1385740 1603.1
1385750 1603.1
1385760 1605.9
1385770 1608.4
1385780 1608.4
1385790 1613.3
1385800 1619.0
1385810 1619.0
1385820 1623.0
1385830 1627.3
1385840 1632.0
1385850 1632.0
1385860 1636.3
1385870 1641.0
1385880 1641.0
1385890 1645.1
1385900 1648.6
1385910 1648.6
1385920 1652.5
1385930 1656.6
1385940 1656.6
1385950 1660.7
1385960 1664.4
1385970 1664.4
1385980 1668.1
1385990 1672.1
1386000 1676.7
1386010 1676.7
1386020 1681.7
1386030 1687.2
1386040 1687.2
1386050 1691.5
1386060 1695.3
1386070 1695.3
1386080 1699.4
1386090 1703.0
1386100 1703.0
1386110 1705.9
1386120 1706.7
1386130 1706.7
1386140 1709.3
1386150 1714.5
1386160 1714.5
1386170 1716.7
1386180 1718.0
1386190 1721.8
1386200 1721.8
1386210 1725.2
1386220 1728.6
1386230 1728.6
1386240 1732.5
1386250 1736.7
1386260 1736.7
1386270 1741.2
1386280 1746.0
1386290 1746.0
1386300 1749.3
1386310 1750.9
1386320 1750.9
1386330 1752.8
1386340 1755.6
1386350 1760.5
1386360 1760.5
1386370 1764.0
1386380 1765.2
1386390 1765.2
1386400 1766.8
1386410 1768.5
1386420 1768.5
1386430 1770.1
1386440 1771.0
1386450 1771.0
1386460 1771.4
1386470 1771.5
1386480 1771.5
1386490 1771.9
1386500 1772.0
1386510 1772.0
1386520 1772.1
1386530 1772.0
1386540 1772.3
1386550 1772.3
1386560 1772.0
1386570 1772.0
1386580 1772.0
1386590 1772.0
1386600 1771.7
1386610 1771.7
1386620 1771.3
1386630 1770.7
1386640 1770.7
1386650 1769.9
1386660 1769.1
1386670 1769.1
1386680 1769.0
1386690 1768.9
1386700 1768.8
1386710 1768.8
1386720 1768.8
1386730 1768.5
1386740 1768.5
1386750 1768.5
1386760 1768.0
1386770 1768.0
1386780 1767.4
1386790 1766.9
1386800 1760.4
1386810 1758.3
1386820 1760.3
1386830 1760.3
1386840 1761.8
1386850 1762.8
1386860 1763.3
1386870 1763.3
1386880 1763.2
1386890 1762.8
1386900 1762.8
1386910 1762.0
1386920 1761.1
1386930 1761.1
1386940 1760.4
1386950 1759.4
1386960 1759.4
1386970 1757.5
1386980 1756.1
1386990 1756.1
1387000 1754.3
1387010 1752.1
1387020 1752.1
1387030 1750.2
1387040 1747.5
1387050 1744.3
1387060 1744.3
1387070 1741.6
1387080 1738.4
1387090 1738.4
1387100 1734.9
1387110 1731.2
1387120 1731.2
1387130 1727.9
1387140 1724.4
1387150 1724.4
1387160 1720.3
1387170 1716.2
1387180 1716.2
1387190 1712.0
1387200 1707.4
1387210 1704.0
1387220 1704.0
1387230 1701.3
1387240 1699.0
1387250 1699.0
1387260 1696.2
1387270 1693.0
1387280 1693.0
1387290 1689.9
1387300 1687.4
1387310 1687.4
1387320 1684.9
1387330 1682.2
1387340 1682.2
1387350 1679.8
1387360 1675.5
1387370 1675.5
1387380 1670.7
1387390 1665.8
1387400 1660.0
1387410 1660.0
1387420 1654.1
1387430 1648.8
1387440 1648.8
1387450 1643.4
1387460 1639.6
1387470 1639.6
1387480 1636.6
1387490 1633.1
1387500 1633.1
1387510 1628.7
1387520 1624.9
1387530 1624.9
1387540 1621.3
1387550 1618.5
1387560 1614.9
1387570 1614.9
1387580 1607.3
1387590 1599.6
1387600 1599.6
1387610 1592.7
1387620 1584.4
1387630 1584.4
1387640 1577.5
1387650 1577.5
1387660 1577.5
1387670 1586.5
1387680 1595.9
1387690 1595.9
1387700 1604.6
1387710 1611.7
1387720 1618.6
1387730 1618.6
1387740 1624.8
1387750 1632.3
1387760 1632.3
1387770 1639.2
1387780 1645.7
1387790 1645.7
1387800 1653.1
1387810 1659.5
1387820 1659.5
1387830 1665.7
1387840 1672.3
1387850 1672.3
1387860 1679.0
1387870 1685.1
1387880 1685.1
1387890 1690.4
1387900 1694.8
1387910 1698.5
1387920 1698.5
1387930 1701.5
1387940 1704.5
1387950 1704.5
1387960 1707.6
1387970 1709.8
1387980 1709.8
1387990 1712.6
1388000 1715.0
1388010 1715.0
1388020 1717.1
1388030 1719.3
1388040 1719.3
1388050 1721.4
1388060 1722.8
1388070 1724.0
1388080 1724.0
1388090 1725.0
1388100 1719.5
1388110 1719.5
1388120 1720.4
1388130 1721.5
1388140 1721.5
1388150 1722.6
1388160 1723.8
1388170 1723.8
1388180 1724.7
1388190 1725.5
1388200 1725.5
1388210 1726.6
1388220 1727.3
1388230 1727.3
1388240 1726.4
1388250 1724.2
1388260 1720.7
1388270 1720.7
1388280 1718.7
1388290 1717.5
1388300 1717.5
1388310 1716.3
1388320 1714.3
1388330 1714.3
1388340 1712.9
1388350 1712.8
1388360 1712.8
1388370 1712.4
1388380 1711.7
1388390 1711.7
1388400 1710.3
1388410 1710.5
1388420 1710.4
1388430 1710.4
1388440 1709.7
1388450 1707.9
1388460 1707.9
1388470 1705.4
1388480 1703.3
1388490 1703.3
1388500 1703.6
1388510 1703.9
1388520 1703.9
1388530 1703.5
1388540 1702.7
1388550 1702.7
1388560 1700.6
1388570 1698.4
1388580 1695.7
1388590 1695.7
1388600 1692.7
1388610 1690.9
1388620 1690.9
1388630 1690.0
1388640 1689.3
1388650 1689.3
1388660 1690.1
1388670 1694.3
1388680 1694.3
1388690 1697.8
1388700 1697.7
1388710 1697.7
1388720 1694.6
1388730 1688.8
1388740 1688.8
1388750 1684.6
1388760 1683.3
1388770 1680.5
1388780 1680.5
1388790 1677.7
1388800 1675.3
1388810 1675.3
1388820 1672.2
1388830 1669.3
1388840 1669.3
1388850 1664.3
1388860 1657.7
1388870 1657.7
1388880 1651.0
1388890 1645.6
1388900 1645.6
1388910 1641.7
1388920 1637.9
1388930 1632.9
1388940 1632.9
1388950 1627.5
1388960 1623.2
1388970 1623.2
1388980 1619.7
1388990 1616.2
1389000 1616.2
1389010 1612.0
1389020 1607.5
1389030 1607.5
1389040 1603.2
1389050 1598.0
1389060 1598.0
1389070 1592.5
1389080 1587.2
1389090 1587.2
1389100 1581.4
1389110 1576.3
1389120 1572.6
1389130 1572.6
1389140 1570.0
1389150 1567.8
1389160 1567.8
1389170 1565.5
1389180 1562.2
1389190 1562.2
1389200 1559.6
1389210 1557.7
1389220 1557.7
1389230 1555.2
1389240 1552.8
1389250 1552.8
1389260 1550.0
1389270 1546.7
1389280 1543.2
1389290 1543.2
1389300 1539.8
1389310 1535.5
1389320 1535.5
1389330 1530.8
1389340 1525.6
1389350 1525.6
1389360 1520.5
1389370 1516.4
1389380 1516.4
1389390 1512.9
1389400 1509.5
1389410 1509.5
1389420 1503.5
1389430 1500.1
1389440 1495.7
1389450 1495.7
1389460 1491.1
1389470 1486.4
1389480 1486.4
1389490 1482.1
1389500 1478.9
1389510 1478.9
1389520 1476.1
1389530 1473.3
1389540 1473.3
1389550 1469.5
1389560 1464.8
1389570 1464.8
1389580 1459.8
1389590 1455.5
1389600 1455.5
1389610 1451.8
1389620 1448.2
1389630 1445.1
1389640 1445.1
1389650 1441.3
1389660 1435.8
1389670 1435.8
1389680 1432.6
1389690 1429.0
1389700 1429.0
1389710 1423.7
1389720 1418.5
1389730 1418.5
1389740 1416.6
1389750 1415.0
1389760 1415.0
1389770 1413.3
1389780 1412.2
1389790 1411.5
1389800 1411.5
1389810 1410.3
1389820 1407.4
1389830 1407.4
1389840 1404.9
1389850 1401.1
1389860 1401.1
1389870 1398.2
1389880 1395.4
1389890 1395.4
1389900 1391.2
1389910 1388.6
1389920 1388.6
1389930 1386.6
1389940 1383.1
1389950 1383.1
1389960 1380.3
1389970 1379.2
1389980 1377.8
1389990 1377.8
1390000 1375.9
1390010 1372.7
1390020 1372.7
1390030 1368.7
1390040 1364.5
1390050 1364.5
1390060 1359.8
1390070 1356.7
1390080 1356.7
1390090 1353.5
1390100 1349.9
1390110 1349.9
1390120 1345.8
1390130 1341.3
1390140 1336.9
1390150 1336.9
1390160 1332.4
1390170 1325.7
1390180 1325.7
1390190 1319.6
1390200 1315.2
1390210 1315.2
1390220 1311.6
1390230 1302.8
1390240 1302.8
1390250 1299.3
1390260 1302.8
1390270 1302.8
1390280 1310.9
1390290 1317.1
1390300 1320.8
1390310 1320.8
1390320 1324.7
1390330 1328.1
1390340 1328.1
1390350 1331.6
1390360 1336.6
1390370 1336.6
1390380 1342.8
1390390 1349.3
1390400 1349.3
1390410 1355.6
1390420 1361.5
1390430 1361.5
1390440 1368.3
1390450 1374.0
1390460 1374.0
1390470 1378.7
1390480 1384.0
1390490 1389.5
1390500 1389.5
1390510 1393.9
1390520 1399.1
1390530 1399.1
1390540 1405.8
1390550 1413.8
1390560 1413.8
1390570 1423.5
1390580 1433.2
1390590 1433.2
1390600 1442.3
1390610 1451.3
1390620 1451.3
1390630 1460.9
1390640 1471.5
1390650 1480.8
1390660 1480.8
1390670 1489.1
1390680 1496.5
1390690 1496.5
1390700 1502.4
1390710 1508.1
1390720 1508.1
1390730 1511.6
1390740 1513.1
1390750 1509.3
1390760 1511.8
1390770 1513.0
1390780 1513.0
1390790 1513.3
1390800 1513.5
1390810 1513.5
1390820 1512.9
1390830 1512.2
1390840 1512.2
1390850 1512.2
1390860 1512.2
1390870 1511.4
1390880 1511.4
1390890 1510.0
1390900 1508.3
1390910 1508.3
1390920 1506.1
1390930 1503.5
1390940 1503.5
1390950 1500.4
1390960 1497.1
1390970 1497.1
1390980 1494.1
1390990 1491.5
1391000 1489.1
1391010 1489.1
1391020 1486.8
1391030 1483.1
1391040 1483.1
1391050 1479.6
1391060 1475.5
1391070 1475.5
1391080 1471.3
1391090 1467.8
1391100 1467.8
1391110 1464.1
1391120 1460.6
1391130 1460.6
1391140 1456.9
1391150 1452.8
1391160 1448.2
1391170 1448.2
1391180 1444.6
1391190 1441.8
1391200 1441.8
1391210 1438.5
1391220 1434.9
1391230 1434.9
1391240 1430.2
1391250 1424.6
1391260 1424.6
1391270 1421.2
1391280 1416.5
1391290 1416.5
1391300 1410.9
1391310 1405.8
1391320 1405.8
1391330 1400.8
1391340 1395.7
1391350 1390.8
1391360 1390.8
1391370 1386.4
1391380 1382.5
1391390 1382.5
1391400 1379.2
1391410 1376.0
1391420 1376.0
1391430 1372.6
1391440 1370.2
1391450 1370.2
1391460 1368.9
1391470 1367.7
1391480 1367.7
1391490 1369.8
1391500 1369.5
1391510 1365.5
1391520 1365.5
1391530 1359.4
1391540 1354.9
1391550 1354.9
1391560 1349.5
1391570 1345.2
1391580 1345.2
1391590 1341.7
1391600 1338.9
1391610 1338.9
1391620 1337.1
1391630 1336.1
1391640 1336.1
1391650 1335.7
1391660 1336.2
1391670 1336.2
1391680 1336.7
1391690 1336.2
1391700 1332.3
1391710 1332.3
1391720 1326.5
1391730 1320.7
1391740 1320.7
1391750 1316.6
1391760 1314.8
1391770 1314.8
1391780 1313.4
1391790 1313.0
1391800 1313.0
1391810 1315.6
1391820 1317.2
1391830 1317.2
1391840 1316.2
1391850 1314.0
1391860 1311.9
1391870 1311.9
1391880 1310.2
1391890 1308.7
1391900 1308.7
1391910 1307.6
1391920 1306.8
1391930 1306.8
1391940 1305.7
1391950 1303.0
1391960 1303.0
1391970 1296.8
1391980 1290.1
1391990 1290.1
1392000 1285.5
1392010 1283.2
1392020 1282.4
1392030 1282.4
1392040 1281.0
1392050 1276.1
1392060 1276.1
1392070 1268.6
1392080 1263.7
1392090 1263.7
1392100 1262.7
1392110 1262.9
1392120 1262.9
1392130 1267.9
1392140 1271.0
1392150 1271.0
1392160 1273.8
1392170 1276.2
1392180 1276.2
1392190 1277.9
1392200 1279.4
1392210 1281.1
1392220 1281.1
1392230 1280.5
1392240 1278.5
1392250 1278.5
1392260 1275.9
1392270 1273.1
1392280 1273.1
1392290 1270.0
1392300 1268.1
1392310 1268.1
1392320 1266.9
1392330 1266.0
1392340 1266.0
1392350 1265.0
1392360 1263.4
1392370 1259.7
1392380 1259.7
1392390 1253.6
1392400 1248.3
1392410 1248.3
1392420 1246.1
1392430 1245.4
1392440 1245.4
1392450 1245.3
1392460 1245.4
1392470 1245.4
1392480 1244.5
1392490 1242.6
1392500 1242.6
1392510 1239.4
1392520 1237.6
1392530 1237.6
1392540 1236.3
1392550 1234.2
1392560 1232.5
1392570 1232.5
1392580 1231.0
1392590 1229.7
1392600 1229.7
1392610 1228.4
1392620 1226.8
1392630 1226.8
1392640 1225.3
1392650 1223.7
1392660 1223.7
1392670 1222.3
1392680 1221.2
1392690 1221.2
1392700 1220.2
1392710 1219.4
1392720 1218.4
1392730 1218.4
1392740 1217.6
1392750 1216.0
1392760 1216.0
1392770 1215.4
1392780 1213.7
1392790 1213.7
1392800 1211.6
1392810 1207.6
1392820 1207.6
1392830 1204.1
1392840 1200.6
1392850 1200.6
1392860 1195.7
1392870 1191.4
1392880 1189.9
1392890 1189.9
1392900 1190.1
1392910 1191.8
1392920 1191.8
1392930 1193.3
1392940 1194.7
1392950 1194.7
1392960 1195.1
1392970 1193.7
1392980 1193.7
1392990 1192.2
1393000 1190.6
1393010 1190.6
1393020 1189.0
1393030 1187.8
1393040 1187.8
1393050 1186.7
1393060 1186.2
1393070 1185.9
1393080 1185.9
1393090 1185.4
1393100 1184.4
1393110 1184.4
1393120 1182.4
1393130 1181.5
1393140 1181.5
1393150 1179.8
1393160 1177.9
1393170 1177.9
1393180 1175.5
1393190 1173.8
1393200 1173.8
1393210 1172.4
1393220 1171.1
1393230 1169.5
1393240 1169.5
1393250 1167.3
1393260 1165.5
1393270 1165.5
1393280 1163.6
1393290 1162.2
1393300 1162.2
1393310 1160.9
1393320 1159.3
1393330 1159.3
1393340 1157.9
1393350 1156.3
1393360 1156.3
1393370 1153.9
1393380 1152.2
1393390 1152.2
1393400 1150.8
1393410 1149.6
1393420 1148.2
1393430 1148.2
1393440 1146.7
1393450 1145.4
1393460 1145.4
1393470 1144.5
1393480 1142.2
1393490 1142.2
1393500 1140.4
1393510 1138.9
1393520 1138.9
1393530 1137.3
1393540 1135.8
1393550 1135.8
1393560 1134.9
1393570 1133.7
1393580 1132.1
1393590 1132.1
1393600 1131.2
1393610 1130.7
1393620 1130.7
1393630 1128.9
1393640 1128.6
1393650 1128.6
1393660 1128.9
1393670 1129.2
1393680 1129.2
1393690 1129.3
1393700 1128.9
1393710 1128.9
1393720 1128.2
1393730 1127.3
1393740 1127.3
1393750 1126.7
1393760 1126.1
1393770 1125.7
1393780 1125.7
1393790 1125.5
1393800 1125.0
1393810 1125.0
1393820 1124.1
1393830 1122.8
1393840 1122.8
1393850 1121.9
1393860 1121.4
1393870 1121.4
1393880 1121.7
1393890 1122.0
1393900 1122.0
1393910 1122.3
1393920 1122.9
1393930 1124.8
1393940 1124.8
1393950 1126.0
1393960 1126.5
1393970 1126.5
1393980 1126.8
1393990 1126.9
1394000 1126.9
1394010 1127.0
1394020 1127.3
1394030 1127.3
1394040 1127.8
1394050 1128.0
1394060 1128.0
1394070 1128.3
1394080 1128.8
1394090 1129.5
1394100 1129.5
1394110 1130.6
1394120 1131.8
1394130 1131.8
1394140 1133.0
1394150 1134.4
1394160 1134.4
1394170 1136.0
1394180 1137.2
1394190 1137.2
1394200 1137.8
1394210 1138.2
1394220 1138.2
1394230 1138.7
1394240 1139.2
1394250 1139.2
1394260 1140.1
1394270 1141.9
1394280 1143.7
1394290 1143.7
1394300 1144.9
1394310 1145.1
1394320 1145.1
1394330 1144.3
1394340 1143.4
1394350 1143.4
1394360 1142.6
1394370 1142.3
1394380 1142.3
1394390 1142.5
1394400 1142.9
1394410 1142.9
1394420 1143.3
1394430 1143.8
1394440 1144.4
1394450 1144.4
1394460 1144.5
1394470 1144.7
1394480 1144.7
1394490 1142.0
1394500 1134.8
1394510 1134.8
1394520 1121.0
1394530 1106.6
1394540 1106.6
1394550 1094.7
1394560 1085.4
1394570 1085.4
1394580 1077.4
1394590 1069.9
1394600 1069.9
1394610 1063.1
1394620 1058.1
1394630 1054.7
1394640 1054.7
1394650 1051.6
1394660 1050.2
1394670 1050.2
1394680 1048.8
1394690 1046.1
1394700 1046.1
1394710 1047.4
1394720 1054.6
1394730 1054.6
1394740 1064.9
1394750 1075.1
1394760 1075.1
1394770 1084.2
1394780 1091.4
1394790 1098.4
1394800 1098.4
1394810 1105.2
1394820 1111.9
1394830 1111.9
1394840 1118.5
1394850 1124.9
1394860 1124.9
1394870 1131.8
1394880 1138.3
1394890 1138.3
1394900 1141.8
1394910 1141.5
1394920 1141.5
1394930 1141.9
1394940 1142.7
1394950 1143.0
1394960 1143.0
1394970 1142.9
1394980 1142.4
1394990 1142.4
1395000 1141.5
1395010 1141.0
1395020 1141.0
1395030 1141.6
1395040 1141.7
1395050 1141.7
1395060 1141.2
1395070 1140.6
1395080 1140.6
1395090 1139.1
1395100 1137.4
1395110 1137.4
1395120 1136.3
1395130 1136.1
1395140 1136.9
1395150 1136.9
1395160 1137.2
1395170 1136.9
1395180 1136.9
1395190 1136.6
1395200 1136.5
1395210 1136.5
1395220 1136.1
1395230 1135.7
1395240 1135.7
1395250 1135.4
1395260 1135.2
1395270 1135.2
1395280 1135.1
1395290 1135.1
1395300 1135.0
1395310 1135.0
1395320 1134.9
1395330 1134.9
1395340 1134.9
1395350 1135.2
1395360 1135.8
1395370 1135.8
1395380 1136.3
1395390 1136.7
1395400 1136.7
1395410 1136.4
1395420 1135.6
1395430 1135.6
1395440 1135.0
1395450 1134.4
1395460 1134.4
1395470 1133.7
1395480 1133.1
1395490 1132.7
1395500 1132.7
1395510 1132.5
1395520 1132.4
1395530 1132.4
1395540 1132.0
1395550 1131.5
1395560 1131.5
1395570 1131.1
1395580 1130.5
1395590 1130.5
1395600 1130.1
1395610 1129.9
1395620 1129.9
1395630 1129.7
1395640 1129.5
1395650 1129.3
1395660 1129.3
1395670 1129.0
1395680 1128.8
1395690 1128.8
1395700 1129.0
1395710 1129.2
1395720 1129.2
1395730 1129.0
1395740 1127.6
1395750 1127.6
1395760 1126.6
1395770 1126.9
1395780 1126.9
1395790 1126.5
1395800 1125.3
1395810 1124.8
1395820 1124.8
1395830 1124.7
1395840 1124.9
1395850 1124.9
1395860 1125.0
1395870 1125.0
1395880 1125.0
1395890 1125.2
1395900 1125.3
1395910 1125.3
1395920 1125.5
1395930 1125.8
1395940 1125.8
1395950 1126.0
1395960 1126.2
1395970 1126.2
1395980 1126.1
1395990 1125.7
1396000 1125.5
1396010 1125.5
1396020 1125.3
1396030 1125.1
1396040 1125.1
1396050 1124.6
1396060 1124.4
1396070 1124.4
1396080 1124.4
1396090 1124.7
1396100 1124.7
1396110 1124.9
1396120 1124.9
1396130 1124.9
1396140 1124.5
1396150 1123.6
1396160 1122.3
1396170 1122.3
1396180 1121.0
1396190 1120.1
1396200 1120.1
1396210 1119.4
1396220 1118.7
1396230 1118.7
1396240 1118.1
1396250 1117.3
1396260 1117.3
1396270 1116.5
1396280 1115.5
1396290 1110.5
1396300 1108.7
1396310 1106.2
1396320 1106.2
1396330 1103.5
1396340 1101.2
1396350 1099.1
1396360 1099.1
1396370 1097.6
1396380 1096.6
1396390 1096.6
1396400 1095.6
1396410 1094.7
1396420 1094.7
1396430 1093.8
1396440 1092.6
1396450 1092.6
1396460 1091.2
1396470 1089.8
1396480 1089.8
1396490 1088.3
1396500 1086.8
1396510 1085.5
1396520 1085.5
1396530 1084.5
1396540 1083.7
1396550 1083.7
1396560 1083.0
1396570 1082.6
1396580 1082.6
1396590 1082.2
1396600 1082.0
1396610 1082.0
1396620 1081.6
1396630 1080.3
1396640 1080.3
1396650 1077.7
1396660 1077.1
1396670 1077.7
1396680 1077.7
1396690 1077.2
1396700 1076.0
1396710 1076.0
1396720 1080.5
1396730 1083.4
1396740 1083.4
1396750 1082.5
1396760 1081.6
1396770 1081.6
1396780 1080.7
1396790 1079.9
1396800 1079.9
1396810 1079.0
1396820 1078.6
1396830 1078.6
1396840 1078.3
1396850 1078.6
1396860 1079.4
1396870 1079.4
1396880 1079.8
1396890 1079.4
1396900 1079.4
1396910 1078.5
1396920 1076.9
1396930 1076.9
1396940 1074.8
1396950 1072.3
1396960 1072.3
1396970 1069.5
1396980 1067.2
1396990 1067.2
1397000 1067.1
1397010 1068.9
1397020 1071.3
1397030 1071.3
1397040 1073.2
1397050 1073.9
1397060 1073.9
1397070 1073.6
1397080 1072.9
1397090 1072.9
1397100 1071.9
1397110 1071.1
1397120 1071.1
1397130 1070.1
1397140 1069.1
1397150 1069.1
1397160 1067.5
1397170 1064.5
1397180 1064.5
1397190 1061.1
1397200 1058.3
1397210 1056.1
1397220 1056.1
1397230 1054.3
1397240 1053.3
1397250 1053.3
1397260 1052.4
1397270 1050.6
1397280 1050.6
1397290 1046.9
1397300 1042.5
1397310 1042.5
1397320 1038.5
1397330 1035.5
1397340 1035.5
1397350 1033.7
1397360 1032.7
1397370 1031.5
1397380 1031.5
1397390 1030.2
1397400 1029.0
1397410 1029.0
1397420 1027.8
1397430 1027.0
1397440 1027.0
1397450 1026.5
1397460 1025.6
1397470 1025.6
1397480 1022.9
1397490 1020.3
1397500 1020.3
1397510 1019.1
1397520 1017.9
1397530 1016.6
1397540 1016.6
1397550 1014.6
1397560 1012.3
1397570 1012.3
1397580 1009.2
1397590 1005.7
1397600 1005.7
1397610 1003.4
1397620 1001.5
1397630 1001.5
1397640 999.5
1397650 998.8
1397660 998.8
1397670 996.6
1397680 994.2
1397690 994.2
1397700 992.2
1397710 989.9
1397720 987.7
1397730 982.6
1397740 980.4
1397750 977.2
1397760 977.2
1397770 973.9
1397780 970.5
1397790 970.5
1397800 965.9
1397810 961.1
1397820 961.1
1397830 956.2
1397840 953.6
1397850 953.6
1397860 953.3
1397870 953.3
1397880 952.8
1397890 952.8
1397900 952.2
1397910 951.6
1397920 951.6
1397930 950.6
1397940 949.7
1397950 949.7
1397960 948.9
1397970 947.3
1397980 947.3
1397990 947.8
1398000 948.9
1398010 948.9
1398020 950.5
1398030 951.2
1398040 951.2
1398050 950.4
1398060 949.8
1398070 949.0
1398080 949.0
1398090 948.0
1398100 947.2
1398110 947.2
1398120 946.0
1398130 944.7
1398140 944.7
1398150 943.9
1398160 940.4
1398170 940.4
1398180 933.8
1398190 929.1
1398200 929.1
1398210 925.2
1398220 922.8
1398230 921.5
1398240 921.5
1398250 921.0
1398260 920.8
1398270 920.8
1398280 920.6
1398290 920.5
1398300 920.5
1398310 920.4
1398320 920.2
1398330 920.2
1398340 920.0
1398350 919.9
1398360 919.9
1398370 919.5
1398380 918.4
1398390 918.3
1398400 918.3
1398410 918.0
1398420 917.5
1398430 917.5
1398440 917.5
1398450 918.0
1398460 918.0
1398470 918.2
1398480 918.2
1398490 918.2
1398500 917.9
1398510 917.0
1398520 917.0
1398530 916.9
1398540 916.8
1398550 916.8
1398560 916.1
1398570 915.9
1398580 916.7
1398590 916.7
1398600 916.0
1398610 916.2
1398620 916.2
1398630 916.5
1398640 916.0
1398650 916.0
1398660 915.8
1398670 916.6
1398680 916.6
1398690 916.8
1398700 915.6
1398710 915.6
1398720 914.2
1398730 913.8
1398740 913.6
1398750 913.6
1398760 913.8
1398770 913.9
1398780 913.9
1398790 912.8
1398800 912.3
1398810 912.3
1398820 913.8
1398830 914.4
1398840 914.4
1398850 914.6
1398860 914.5
1398870 914.5
1398880 913.8
1398890 913.3
1398900 913.3
1398910 914.0
1398920 914.2
1398930 913.8
1398940 913.8
1398950 913.9
1398960 913.7
1398970 913.7
1398980 913.8
1398990 912.4
1399000 912.4
1399010 911.5
1399020 911.1
1399030 911.1
1399040 910.4
1399050 909.5
1399060 909.5
1399070 910.0
1399080 911.0
1399090 912.6
1399100 912.6
1399110 912.7
1399120 911.6
1399130 911.6
1399140 911.8
1399150 911.8
1399160 911.8
1399170 911.4
1399180 911.0
1399190 910.9
1399200 910.6
1399210 911.6
1399220 911.6
1399230 911.8
1399240 911.7
1399250 911.7
1399260 911.5
1399270 911.6
1399280 911.6
1399290 911.6
1399300 911.6
1399310 911.7
1399320 911.7
1399330 911.7
1399340 910.9
1399350 910.9
1399360 910.5
1399370 911.3
1399380 911.3
1399390 911.4
1399400 911.3
1399410 911.3
1399420 911.0
1399430 910.9
1399440 910.9
1399450 910.9
1399460 910.9
1399470 910.9
1399480 910.9
1399490 910.8
1399500 910.9
1399510 910.9
1399520 911.0
1399530 911.0
1399540 911.0
1399550 911.5
1399560 912.1
1399570 912.1
1399580 912.8
1399590 913.6
1399600 914.5
1399610 914.5
1399620 915.3
1399630 916.1
1399640 916.1
1399650 917.3
1399660 918.5
1399670 918.5
1399680 919.3
1399690 920.4
1399700 920.4
1399710 923.4
1399720 928.0
1399730 928.0
1399740 931.7
1399750 934.6
1399760 934.6
1399770 940.0
1399780 945.9
1399790 950.9
1399800 950.9
1399810 954.5
1399820 957.2
1399830 957.2
1399840 960.0
1399850 961.1
1399860 961.1
1399870 963.0
1399880 965.6
1399890 965.6
1399900 967.9
1399910 970.1
1399920 970.1
1399930 971.7
1399940 972.2
1399950 971.8
1399960 971.8
1399970 971.9
1399980 972.6
1399990 972.6
