1380000 2165.3
1380010 2166.6
1380020 2168.4
1380030 2169.8
1380040 2169.8
1380050 2170.4
1380060 2171.3
1380070 2171.3
1380080 2172.3
1380090 2174.0
1380100 2174.0
1380110 2173.6
1380120 2171.6
1380130 2171.6
1380140 2169.9
1380150 2167.6
1380160 2167.6
1380170 2165.8
1380180 2164.5
1380190 2164.3
1380200 2164.3
1380210 2163.3
1380220 2160.9
1380230 2160.9
1380240 2158.8
1380250 2157.1
1380260 2157.1
1380270 2154.4
1380280 2151.0
1380290 2151.0
1380300 2147.2
1380310 2142.9
1380320 2142.9
1380330 2139.0
1380340 2135.0
1380350 2131.0
1380360 2131.0
1380370 2126.9
1380380 2122.1
1380390 2122.1
1380400 2118.0
1380410 2112.6
1380420 2112.6
1380430 2107.7
1380440 2104.2
1380450 2104.2
1380460 2100.4
1380470 2096.8
1380480 2096.8
1380490 2091.9
1380500 2086.1
1380510 2086.1
1380520 2080.7
1380530 2075.9
1380540 2071.9
1380550 2071.9
1380560 2068.5
1380570 2065.4
1380580 2065.4
1380590 2062.7
1380600 2059.3
1380610 2059.3
1380620 2055.3
1380630 2051.0
1380640 2051.0
1380650 2046.9
1380660 2043.0
1380670 2043.0
1380680 2038.1
1380690 2033.8
1380700 2030.5
1380710 2030.5
1380720 2026.8
1380730 2022.2
1380740 2022.2
1380750 2017.4
1380760 2010.7
1380770 2010.7
1380780 2005.2
1380790 2000.1
1380800 2000.1
1380810 1995.8
1380820 1993.4
1380830 1994.9
1380840 1993.1
1380850 1991.5
1380860 1991.5
1380870 1988.7
1380880 1985.6
1380890 1981.4
1380900 1981.4
1380910 1977.0
1380920 1973.4
1380930 1973.4
1380940 1969.8
1380950 1965.3
1380960 1965.3
1380970 1961.2
1380980 1957.8
1380990 1957.8
1381000 1954.5
1381010 1950.6
1381020 1950.6
1381030 1947.0
1381040 1944.1
1381050 1941.5
1381060 1941.5
1381070 1938.3
1381080 1935.8
1381090 1935.8
1381100 1932.5
1381110 1928.2
1381120 1928.2
1381130 1923.8
1381140 1919.9
1381150 1919.9
1381160 1917.4
1381170 1914.4
1381180 1914.4
1381190 1910.5
1381200 1907.6
1381210 1907.6
1381220 1904.8
1381230 1900.2
1381240 1895.9
1381250 1895.9
1381260 1891.4
1381270 1887.2
1381280 1887.2
1381290 1882.6
1381300 1878.1
1381310 1878.1
1381320 1873.9
1381330 1869.8
1381340 1869.8
1381350 1864.6
1381360 1859.6
1381370 1859.6
1381380 1853.6
1381390 1846.2
1381400 1840.4
1381410 1840.4
1381420 1834.8
1381430 1827.7
1381440 1827.7
1381450 1822.1
1381460 1816.2
1381470 1816.2
1381480 1809.2
1381490 1803.9
1381500 1803.9
1381510 1799.1
1381520 1794.1
1381530 1794.1
1381540 1788.8
1381550 1782.6
1381560 1776.7
1381570 1776.7
1381580 1771.9
1381590 1768.6
1381600 1768.6
1381610 1765.0
1381620 1761.4
1381630 1761.4
1381640 1758.3
1381650 1755.9
1381660 1755.9
1381670 1751.2
1381680 1744.3
1381690 1744.3
1381700 1736.4
1381710 1729.1
1381720 1729.1
1381730 1723.0
1381740 1717.7
1381750 1713.7
1381760 1713.7
1381770 1710.1
1381780 1707.2
1381790 1707.2
1381800 1703.5
1381810 1700.9
1381820 1700.9
1381830 1697.5
1381840 1693.2
1381850 1693.2
1381860 1690.1
1381870 1687.4
1381880 1687.4
1381890 1684.5
1381900 1681.8
1381910 1678.8
1381920 1678.8
1381930 1675.4
1381940 1671.9
1381950 1671.9
1381960 1668.2
1381970 1664.6
1381980 1664.6
1381990 1662.1
1382000 1660.8
1382010 1660.8
1382020 1657.1
1382030 1652.8
1382040 1652.8
1382050 1649.5
1382060 1646.7
1382070 1646.7
1382080 1642.2
1382090 1635.9
1382100 1630.0
1382110 1630.0
1382120 1627.9
1382130 1623.2
1382140 1623.2
1382150 1618.4
1382160 1613.1
1382170 1613.1
1382180 1606.4
1382190 1599.6
1382200 1599.6
1382210 1593.9
1382220 1589.4
1382230 1589.4
1382240 1584.9
1382250 1580.5
1382260 1573.8
1382270 1573.8
1382280 1567.2
1382290 1560.7
1382300 1560.7
1382310 1554.8
1382320 1550.8
1382330 1550.8
1382340 1547.6
1382350 1544.9
1382360 1544.9
1382370 1541.5
1382380 1538.1
1382390 1538.1
1382400 1534.1
1382410 1528.9
1382420 1528.9
1382430 1523.5
1382440 1518.6
1382450 1514.2
1382460 1514.2
1382470 1510.2
1382480 1507.2
1382490 1507.2
1382500 1504.4
1382510 1499.0
1382520 1499.0
1382530 1492.2
1382540 1486.4
1382550 1486.4
1382560 1481.4
1382570 1476.9
1382580 1476.9
1382590 1472.4
1382600 1467.6
1382610 1462.6
1382620 1462.6
1382630 1457.4
1382640 1452.6
1382650 1452.6
1382660 1448.3
1382670 1444.1
1382680 1444.1
1382690 1439.9
1382700 1434.7
1382710 1434.7
1382720 1429.4
1382730 1423.6
1382740 1423.6
1382750 1418.1
1382760 1411.6
1382770 1404.9
1382780 1404.9
1382790 1396.4
1382800 1387.5
1382810 1387.5
1382820 1379.0
1382830 1373.3
1382840 1373.3
1382850 1369.1
1382860 1365.3
1382870 1365.3
1382880 1361.6
1382890 1358.7
1382900 1358.7
1382910 1356.7
1382920 1354.8
1382930 1354.8
1382940 1352.3
1382950 1350.4
1382960 1349.4
1382970 1349.4
1382980 1347.7
1382990 1344.2
1383000 1344.2
1383010 1338.6
1383020 1332.6
1383030 1332.6
1383040 1326.4
1383050 1321.3
1383060 1321.3
1383070 1316.0
1383080 1310.5
1383090 1310.5
1383100 1305.0
1383110 1300.1
1383120 1296.3
1383130 1296.3
1383140 1292.8
1383150 1289.2
1383160 1289.2
1383170 1285.9
1383180 1281.7
1383190 1281.7
1383200 1274.7
1383210 1267.6
1383220 1267.6
1383230 1261.9
1383240 1257.2
1383250 1257.2
1383260 1252.8
1383270 1246.6
1383280 1246.6
1383290 1244.2
1383300 1238.6
1383310 1232.3
1383320 1232.3
1383330 1225.7
1383340 1217.1
1383350 1217.1
1383360 1210.3
1383370 1204.0
1383380 1204.0
1383390 1196.2
1383400 1189.7
1383410 1189.7
1383420 1183.3
1383430 1179.3
1383440 1179.3
1383450 1176.7
1383460 1175.6
1383470 1175.4
1383480 1175.4
1383490 1175.2
1383500 1175.1
1383510 1175.1
1383520 1174.9
1383530 1174.8
1383540 1174.8
1383550 1174.9
1383560 1173.3
1383570 1173.3
1383580 1173.2
1383590 1175.9
1383600 1175.9
1383610 1181.1
1383620 1187.3
1383630 1187.3
1383640 1192.5
1383650 1197.7
1383660 1203.3
1383670 1203.3
1383680 1208.7
1383690 1214.5
1383700 1214.5
1383710 1220.6
1383720 1226.5
1383730 1226.5
1383740 1231.8
1383750 1237.2
1383760 1237.2
1383770 1242.3
1383780 1247.9
1383790 1247.9
1383800 1253.4
1383810 1257.8
1383820 1260.5
1383830 1260.5
1383840 1261.4
1383850 1263.6
1383860 1263.6
1383870 1266.3
1383880 1269.0
1383890 1269.0
1383900 1271.5
1383910 1270.1
1383920 1270.1
1383930 1269.1
1383940 1272.5
1383950 1272.5
1383960 1277.9
1383970 1282.4
1383980 1284.9
1383990 1284.9
1384000 1287.7
1384010 1292.6
1384020 1292.6
1384030 1303.4
1384040 1316.0
1384050 1316.0
1384060 1323.9
1384070 1327.2
1384080 1327.2
1384090 1329.8
1384100 1331.7
1384110 1331.7
1384120 1335.5
1384130 1339.5
1384140 1339.5
1384150 1341.1
1384160 1342.2
1384170 1346.6
1384180 1346.6
1384190 1351.9
1384200 1357.0
1384210 1357.0
1384220 1362.7
1384230 1366.2
1384240 1366.2
1384250 1368.7
1384260 1371.6
1384270 1371.6
1384280 1377.3
1384290 1386.7
1384300 1386.7
1384310 1395.7
1384320 1403.4
1384330 1411.0
1384340 1411.0
1384350 1418.3
1384360 1425.1
1384370 1425.1
1384380 1432.1
1384390 1439.2
1384400 1439.2
1384410 1446.8
1384420 1453.7
1384430 1453.7
1384440 1459.2
1384450 1464.8
1384460 1464.8
1384470 1470.6
1384480 1476.2
1384490 1476.2
1384500 1480.8
1384510 1485.5
1384520 1490.0
1384530 1490.0
1384540 1501.6
1384550 1503.8
1384560 1503.8
1384570 1507.2
1384580 1512.4
1384590 1512.4
1384600 1519.9
1384610 1527.8
1384620 1527.8
1384630 1535.9
1384640 1543.9
1384650 1543.9
1384660 1551.8
1384670 1558.3
1384680 1564.3
1384690 1564.3
1384700 1572.4
1384710 1581.4
1384720 1581.4
1384730 1589.4
1384740 1596.4
1384750 1596.4
1384760 1602.8
1384770 1609.1
1384780 1609.1
1384790 1615.8
1384800 1622.6
1384810 1622.6
1384820 1629.4
1384830 1636.5
1384840 1636.5
1384850 1644.1
1384860 1652.1
1384870 1659.0
1384880 1659.0
1384890 1664.3
1384900 1668.8
1384910 1668.8
1384920 1673.5
1384930 1678.2
1384940 1678.2
1384950 1682.5
1384960 1686.1
1384970 1686.1
1384980 1690.3
1384990 1694.3
1385000 1694.3
1385010 1698.1
1385020 1701.9
1385030 1705.8
1385040 1705.8
1385050 1709.9
1385060 1714.6
1385070 1714.6
1385080 1719.5
1385090 1724.2
1385100 1724.2
1385110 1729.0
1385120 1733.8
1385130 1733.8
1385140 1738.2
1385150 1742.1
1385160 1742.1
1385170 1746.0
1385180 1749.6
1385190 1753.4
1385200 1753.4
1385210 1757.4
1385220 1761.0
1385230 1761.0
1385240 1764.1
1385250 1767.6
1385260 1767.6
1385270 1771.3
1385280 1775.2
1385290 1775.2
1385300 1778.5
1385310 1781.8
1385320 1781.8
1385330 1784.5
1385340 1786.8
1385350 1786.8
1385360 1789.9
1385370 1793.7
1385380 1797.0
1385390 1797.0
1385400 1800.2
1385410 1803.5
1385420 1803.5
1385430 1806.7
1385440 1809.7
1385450 1809.7
1385460 1812.3
1385470 1814.6
1385480 1814.6
1385490 1816.7
1385500 1819.2
1385510 1819.2
1385520 1821.6
1385530 1823.0
1385540 1823.2
1385550 1823.2
1385560 1822.7
1385570 1822.4
1385580 1822.4
1385590 1821.0
1385600 1818.7
1385610 1818.7
1385620 1817.2
1385630 1816.5
1385640 1816.5
1385650 1814.7
1385660 1813.8
1385670 1813.8
1385680 1811.7
1385690 1812.2
1385700 1812.2
1385710 1812.4
1385720 1813.6
1385730 1815.6
1385740 1815.6
1385750 1817.7
1385760 1818.1
1385770 1818.1
1385780 1820.7
1385790 1825.2
1385800 1825.2
1385810 1827.4
1385820 1830.8
1385830 1830.8
1385840 1832.9
1385850 1833.5
1385860 1833.5
1385870 1834.8
1385880 1836.4
1385890 1836.9
1385900 1836.9
1385910 1837.5
1385920 1838.4
1385930 1838.4
1385940 1837.9
1385950 1837.8
1385960 1837.8
1385970 1838.1
1385980 1839.0
1385990 1839.0
1386000 1840.3
1386010 1842.8
1386020 1842.8
1386030 1846.4
1386040 1849.9
1386050 1852.5
1386060 1852.5
1386070 1853.8
1386080 1854.5
1386090 1854.5
1386100 1854.9
1386110 1854.7
1386120 1854.7
1386130 1854.5
1386140 1854.1
1386150 1854.1
1386160 1853.7
1386170 1854.7
1386180 1854.7
1386190 1858.0
1386200 1859.9
1386210 1859.9
1386220 1860.9
1386230 1862.5
1386240 1864.8
1386250 1864.8
1386260 1867.9
1386270 1872.0
1386280 1872.0
1386290 1875.8
1386300 1878.6
1386310 1878.6
1386320 1880.3
1386330 1882.5
1386340 1882.5
1386350 1885.2
1386360 1888.4
1386370 1888.4
1386380 1892.0
1386390 1896.1
1386400 1900.5
1386410 1900.5
1386420 1905.0
1386430 1909.1
1386440 1909.1
1386450 1913.0
1386460 1917.0
1386470 1917.0
1386480 1921.4
1386490 1925.3
1386500 1925.3
1386510 1928.7
1386520 1930.6
1386530 1930.6
1386540 1932.7
1386550 1934.7
1386560 1934.7
1386570 1936.8
1386580 1938.1
1386590 1938.8
1386600 1938.8
1386610 1939.5
1386620 1939.9
1386630 1939.9
1386640 1939.8
1386650 1939.3
1386660 1939.3
1386670 1938.9
1386680 1938.5
1386690 1938.5
1386700 1937.1
1386710 1935.6
1386720 1935.6
1386730 1933.8
1386740 1931.4
1386750 1929.2
1386760 1929.2
1386770 1927.2
1386780 1925.3
1386790 1925.3
1386800 1923.1
1386810 1921.3
1386820 1921.3
1386830 1920.2
1386840 1918.6
1386850 1918.6
1386860 1916.5
1386870 1914.3
1386880 1914.3
1386890 1912.1
1386900 1909.8
1386910 1909.8
1386920 1906.9
1386930 1903.3
1386940 1899.8
1386950 1899.8
1386960 1897.0
1386970 1894.4
1386980 1894.4
1386990 1891.4
1387000 1887.9
1387010 1887.9
1387020 1884.7
1387030 1881.5
1387040 1881.5
1387050 1878.7
1387060 1875.9
1387070 1875.9
1387080 1873.2
1387090 1870.7
1387100 1866.3
1387110 1866.3
1387120 1863.8
1387130 1861.3
1387140 1861.3
1387150 1858.6
1387160 1856.0
1387170 1856.0
1387180 1853.1
1387190 1850.2
1387200 1850.2
1387210 1847.8
1387220 1845.5
1387230 1845.5
1387240 1842.4
1387250 1839.1
1387260 1837.2
1387270 1837.2
1387280 1835.5
1387290 1832.9
1387300 1832.9
1387310 1829.7
1387320 1825.8
1387330 1825.8
1387340 1822.1
1387350 1818.7
1387360 1818.7
1387370 1814.1
1387380 1809.1
1387390 1809.1
1387400 1804.9
1387410 1800.0
1387420 1800.0
1387430 1795.4
1387440 1791.7
1387450 1789.3
1387460 1789.3
1387470 1787.8
1387480 1786.1
1387490 1786.1
1387500 1782.7
1387510 1777.9
1387520 1777.9
1387530 1770.4
1387540 1763.0
1387550 1763.0
1387560 1756.1
1387570 1748.4
1387580 1748.4
1387590 1749.7
1387600 1758.0
1387610 1765.4
1387620 1765.4
1387630 1772.9
1387640 1779.8
1387650 1779.8
1387660 1785.2
1387670 1789.8
1387680 1789.8
1387690 1796.4
1387700 1802.9
1387710 1802.9
1387720 1809.1
1387730 1814.6
1387740 1814.6
1387750 1818.7
1387760 1822.3
1387770 1822.3
1387780 1825.7
1387790 1829.3
1387800 1833.5
1387810 1833.5
1387820 1838.1
1387830 1843.5
1387840 1843.5
1387850 1848.3
1387860 1851.8
1387870 1851.8
1387880 1854.9
1387890 1858.1
1387900 1858.1
1387910 1862.0
1387920 1866.5
1387930 1866.5
1387940 1871.4
1387950 1876.7
1387960 1882.0
1387970 1882.0
1387980 1887.5
1387990 1893.7
1388000 1893.7
1388010 1899.6
1388020 1904.6
1388030 1904.6
1388040 1909.2
1388050 1913.5
1388060 1913.5
1388070 1917.2
1388080 1920.4
1388090 1920.4
1388100 1923.0
1388110 1924.6
1388120 1924.6
1388130 1923.1
1388140 1918.1
1388150 1912.9
1388160 1912.9
1388170 1907.3
1388180 1902.5
1388190 1902.5
1388200 1897.8
1388210 1893.2
1388220 1893.2
1388230 1889.1
1388240 1883.2
1388250 1883.2
1388260 1877.6
1388270 1874.4
1388280 1874.4
1388290 1872.7
1388300 1869.5
1388310 1866.2
1388320 1866.2
1388330 1861.9
1388340 1856.3
1388350 1856.3
1388360 1853.5
1388370 1850.1
1388380 1850.1
1388390 1846.5
1388400 1842.4
1388410 1841.0
1388420 1835.0
1388430 1829.5
1388440 1829.5
1388450 1823.8
1388460 1819.6
1388470 1815.9
1388480 1815.9
1388490 1812.3
1388500 1807.8
1388510 1807.8
1388520 1803.9
1388530 1799.8
1388540 1799.8
1388550 1795.4
1388560 1791.2
1388570 1791.2
1388580 1786.4
1388590 1782.0
1388600 1782.0
1388610 1778.7
1388620 1775.3
1388630 1775.3
1388640 1772.0
1388650 1766.8
1388660 1762.3
1388670 1762.3
1388680 1757.1
1388690 1753.7
1388700 1753.7
1388710 1752.2
1388720 1749.0
1388730 1749.0
1388740 1741.7
1388750 1736.8
1388760 1736.8
1388770 1730.4
1388780 1724.6
1388790 1724.6
1388800 1720.0
1388810 1714.9
1388820 1711.5
1388830 1711.5
1388840 1709.1
1388850 1704.6
1388860 1704.6
1388870 1699.3
1388880 1694.5
1388890 1694.5
1388900 1692.8
1388910 1690.7
1388920 1690.7
1388930 1688.5
1388940 1685.7
1388950 1685.7
1388960 1682.4
1388970 1678.6
1388980 1678.6
1388990 1674.2
1389000 1671.0
1389010 1668.6
1389020 1668.6
1389030 1667.3
1389040 1665.9
1389050 1665.9
1389060 1663.7
1389070 1661.4
1389080 1661.4
1389090 1659.8
1389100 1658.1
1389110 1658.1
1389120 1655.7
1389130 1653.4
1389140 1653.4
1389150 1651.6
1389160 1649.1
1389170 1645.8
1389180 1645.8
1389190 1643.4
1389200 1641.3
1389210 1641.3
1389220 1637.5
1389230 1634.5
1389240 1634.5
1389250 1632.6
1389260 1631.2
1389270 1631.2
1389280 1630.0
1389290 1628.9
1389300 1628.9
1389310 1628.1
1389320 1627.1
1389330 1624.1
1389340 1624.1
1389350 1619.7
1389360 1614.4
1389370 1614.4
1389380 1608.2
1389390 1601.5
1389400 1601.5
1389410 1595.9
1389420 1591.4
1389430 1591.4
1389440 1586.9
1389450 1581.0
1389460 1581.0
1389470 1574.2
1389480 1569.3
1389490 1569.3
1389500 1563.6
1389510 1557.6
1389520 1551.9
1389530 1551.9
1389540 1545.9
1389550 1539.7
1389560 1539.7
1389570 1533.3
1389580 1528.1
1389590 1528.1
1389600 1523.9
1389610 1520.1
1389620 1520.1
1389630 1515.0
1389640 1510.4
1389650 1510.4
1389660 1506.5
1389670 1502.2
1389680 1497.0
1389690 1497.0
1389700 1492.6
1389710 1487.8
1389720 1487.8
1389730 1483.9
1389740 1478.1
1389750 1478.1
1389760 1472.8
1389770 1467.5
1389780 1467.5
1389790 1461.2
1389800 1454.9
1389810 1454.9
1389820 1447.7
1389830 1441.1
1389840 1441.1
1389850 1433.9
1389860 1425.9
1389870 1418.8
1389880 1418.8
1389890 1412.5
1389900 1408.1
1389910 1408.1
1389920 1402.8
1389930 1393.7
1389940 1393.7
1389950 1391.4
1389960 1399.4
1389970 1399.4
1389980 1407.9
1389990 1415.1
1390000 1415.1
1390010 1419.8
1390020 1425.0
1390030 1430.9
1390040 1430.9
1390050 1435.8
1390060 1440.1
1390070 1440.1
1390080 1444.1
1390090 1447.7
1390100 1447.7
1390110 1451.2
1390120 1455.8
1390130 1455.8
1390140 1461.0
1390150 1466.0
1390160 1466.0
1390170 1471.1
1390180 1476.5
1390190 1476.5
1390200 1481.6
1390210 1486.1
1390220 1491.5
1390230 1491.5
1390240 1497.1
1390250 1503.9
1390260 1503.9
1390270 1511.1
1390280 1519.2
1390290 1519.2
1390300 1527.1
1390310 1534.9
1390320 1534.9
1390330 1540.4
1390340 1543.9
1390350 1543.9
1390360 1548.3
1390370 1554.4
1390380 1559.7
1390390 1559.7
1390400 1564.6
1390410 1568.6
1390420 1568.6
1390430 1574.5
1390440 1578.3
1390450 1578.3
1390460 1582.3
1390470 1585.2
1390480 1585.2
1390490 1587.3
1390500 1589.0
1390510 1589.0
1390520 1590.3
1390530 1592.2
1390540 1594.7
1390550 1594.7
1390560 1597.7
1390570 1601.8
1390580 1601.8
1390590 1607.0
1390600 1612.7
1390610 1612.7
1390620 1619.1
1390630 1625.3
1390640 1625.3
1390650 1630.5
1390660 1637.2
1390670 1637.2
1390680 1642.5
1390690 1648.4
1390700 1648.4
1390710 1655.9
1390720 1663.4
1390730 1669.9
1390740 1669.9
1390750 1676.2
1390760 1683.4
1390770 1683.4
1390780 1691.1
1390790 1698.5
1390800 1698.5
1390810 1705.2
1390820 1711.5
1390830 1711.5
1390840 1719.0
1390850 1724.7
1390860 1724.7
1390870 1723.7
1390880 1719.3
1390890 1714.6
1390900 1714.6
1390910 1710.1
1390920 1705.3
1390930 1705.3
1390940 1700.9
1390950 1696.8
1390960 1696.8
1390970 1692.9
1390980 1689.5
1390990 1689.5
1391000 1687.5
1391010 1686.4
1391020 1686.4
1391030 1684.8
1391040 1681.4
1391050 1681.4
1391060 1677.3
1391070 1669.9
1391080 1666.3
1391090 1666.3
1391100 1663.0
1391110 1659.4
1391120 1659.4
1391130 1655.9
1391140 1651.5
1391150 1651.5
1391160 1648.1
1391170 1644.4
1391180 1644.4
1391190 1640.3
1391200 1635.6
1391210 1635.6
1391220 1629.8
1391230 1624.2
1391240 1623.7
1391250 1623.7
1391260 1625.6
1391270 1623.1
1391280 1623.1
1391290 1618.5
1391300 1613.2
1391310 1613.2
1391320 1607.6
1391330 1601.7
1391340 1601.7
1391350 1595.8
1391360 1589.7
1391370 1589.7
1391380 1582.6
1391390 1575.9
1391400 1575.9
1391410 1570.1
1391420 1562.1
1391430 1553.7
1391440 1553.7
1391450 1545.1
1391460 1537.6
1391470 1537.6
1391480 1529.3
1391490 1518.6
1391500 1518.6
1391510 1516.0
1391520 1519.7
1391530 1519.7
1391540 1519.4
1391550 1519.6
1391560 1519.6
1391570 1520.7
1391580 1520.8
1391590 1520.5
1391600 1520.5
1391610 1519.7
1391620 1518.4
1391630 1518.4
1391640 1519.1
1391650 1520.5
1391660 1520.5
1391670 1521.8
1391680 1524.7
1391690 1524.7
1391700 1526.6
1391710 1527.6
1391720 1527.6
1391730 1529.4
1391740 1530.9
1391750 1533.2
1391760 1533.2
1391770 1536.1
1391780 1538.4
1391790 1538.4
1391800 1541.2
1391810 1544.3
1391820 1544.3
1391830 1546.6
1391840 1549.2
1391850 1549.2
1391860 1550.3
1391870 1551.0
1391880 1551.0
1391890 1553.1
1391900 1555.2
1391910 1555.2
1391920 1557.2
1391930 1559.2
1391940 1560.0
1391950 1560.0
1391960 1560.0
1391970 1559.8
1391980 1559.8
1391990 1559.3
1392000 1558.7
1392010 1558.7
1392020 1558.0
1392030 1557.0
1392040 1557.0
1392050 1555.8
1392060 1554.5
1392070 1554.5
1392080 1552.8
1392090 1551.2
1392100 1549.2
1392110 1549.2
1392120 1547.1
1392130 1545.5
1392140 1545.5
1392150 1543.4
1392160 1540.9
1392170 1540.9
1392180 1538.4
1392190 1534.9
1392200 1534.9
1392210 1530.2
1392220 1525.4
1392230 1525.4
1392240 1520.5
1392250 1514.9
1392260 1514.9
1392270 1509.0
1392280 1503.1
1392290 1498.4
1392300 1498.4
1392310 1495.2
1392320 1492.5
1392330 1492.5
1392340 1491.5
1392350 1488.5
1392360 1488.5
1392370 1484.6
1392380 1479.6
1392390 1479.6
1392400 1474.8
1392410 1470.8
1392420 1470.8
1392430 1459.9
1392440 1455.9
1392450 1451.4
1392460 1451.4
1392470 1447.7
1392480 1443.8
1392490 1443.8
1392500 1440.9
1392510 1438.4
1392520 1438.4
1392530 1438.6
1392540 1438.8
1392550 1438.8
1392560 1438.5
1392570 1437.8
1392580 1437.8
1392590 1437.6
1392600 1437.0
1392610 1436.4
1392620 1436.4
1392630 1435.9
1392640 1434.9
1392650 1434.9
1392660 1432.6
1392670 1430.7
1392680 1430.7
1392690 1429.0
1392700 1426.7
1392710 1426.7
1392720 1424.5
1392730 1422.3
1392740 1422.3
1392750 1419.9
1392760 1418.0
1392770 1418.0
1392780 1416.2
1392790 1414.3
1392800 1413.1
1392810 1413.1
1392820 1412.4
1392830 1412.1
1392840 1412.1
1392850 1411.4
1392860 1409.8
1392870 1409.8
1392880 1407.9
1392890 1405.6
1392900 1405.6
1392910 1402.6
1392920 1398.8
1392930 1398.8
1392940 1393.7
1392950 1388.4
1392960 1384.3
1392970 1384.3
1392980 1381.0
1392990 1378.2
1393000 1378.2
1393010 1375.0
1393020 1370.8
1393030 1370.8
1393040 1366.9
1393050 1362.7
1393060 1362.7
1393070 1358.3
1393080 1353.6
1393090 1353.6
1393100 1349.4
1393110 1346.6
1393120 1346.6
1393130 1344.0
1393140 1341.7
1393150 1338.6
1393160 1338.6
1393170 1335.1
1393180 1331.7
1393190 1331.7
1393200 1327.9
1393210 1324.0
1393220 1324.0
1393230 1320.3
1393240 1317.1
1393250 1317.1
1393260 1313.5
1393270 1309.0
1393280 1309.0
1393290 1304.0
1393300 1300.0
1393310 1294.7
1393320 1294.7
1393330 1291.0
1393340 1288.1
1393350 1288.1
1393360 1285.2
1393370 1284.1
1393380 1284.1
1393390 1283.6
1393400 1282.8
1393410 1282.8
1393420 1281.9
1393430 1279.8
1393440 1279.8
1393450 1276.2
1393460 1272.3
1393470 1272.3
1393480 1270.3
1393490 1269.4
1393500 1267.5
1393510 1267.5
1393520 1267.1
1393530 1267.1
1393540 1267.1
1393550 1266.1
1393560 1265.0
1393570 1265.0
1393580 1262.7
1393590 1260.8
1393600 1260.8
1393610 1259.3
1393620 1258.7
1393630 1258.7
1393640 1258.2
1393650 1256.2
1393660 1253.5
1393670 1253.5
1393680 1250.9
1393690 1248.1
1393700 1248.1
1393710 1245.3
1393720 1242.6
1393730 1242.6
1393740 1240.3
1393750 1238.2
1393760 1238.2
1393770 1235.9
1393780 1233.8
1393790 1233.8
1393800 1230.4
1393810 1229.0
1393820 1227.8
1393830 1227.8
1393840 1226.8
1393850 1226.1
1393860 1226.1
1393870 1225.3
1393880 1224.3
1393890 1224.3
1393900 1223.2
1393910 1223.1
1393920 1223.1
1393930 1220.0
1393940 1213.0
1393950 1213.0
1393960 1206.3
1393970 1199.7
1393980 1199.7
1393990 1194.9
1394000 1190.1
1394010 1183.7
1394020 1183.7
1394030 1176.3
1394040 1169.3
1394050 1169.3
1394060 1161.8
1394070 1156.0
1394080 1156.0
1394090 1149.8
1394100 1142.9
1394110 1142.9
1394120 1135.2
1394130 1126.9
1394140 1126.9
1394150 1119.9
1394160 1117.6
1394170 1118.0
1394180 1118.0
1394190 1124.8
1394200 1133.7
1394210 1133.7
1394220 1141.3
1394230 1144.9
1394240 1144.9
1394250 1149.4
1394260 1155.6
1394270 1155.6
1394280 1162.4
1394290 1165.5
1394300 1165.5
1394310 1164.4
1394320 1163.6
1394330 1163.6
1394340 1165.7
1394350 1169.5
1394360 1173.9
1394370 1173.9
1394380 1179.5
1394390 1184.8
1394400 1184.8
1394410 1184.2
1394420 1180.1
1394430 1180.1
1394440 1178.0
1394450 1177.3
1394460 1177.3
1394470 1177.2
1394480 1177.5
1394490 1177.5
1394500 1178.3
1394510 1179.4
1394520 1180.4
1394530 1180.4
1394540 1181.3
1394550 1182.0
1394560 1182.0
1394570 1182.4
1394580 1182.3
1394590 1182.3
1394600 1182.2
1394610 1182.3
1394620 1182.3
1394630 1182.7
1394640 1183.4
1394650 1183.4
1394660 1184.2
1394670 1185.3
1394680 1185.3
1394690 1186.8
1394700 1188.6
1394710 1190.1
1394720 1190.1
1394730 1191.3
1394740 1192.8
1394750 1192.8
1394760 1194.2
1394770 1195.6
1394780 1195.6
1394790 1197.1
1394800 1198.9
1394810 1198.9
1394820 1201.2
1394830 1203.2
1394840 1203.2
1394850 1204.2
1394860 1205.1
1394870 1206.5
1394880 1206.5
1394890 1207.9
1394900 1209.4
1394910 1209.4
1394920 1211.1
1394930 1212.9
1394940 1212.9
1394950 1214.5
1394960 1215.7
1394970 1215.7
1394980 1214.5
1394990 1211.4
1395000 1211.4
1395010 1212.9
1395020 1215.0
1395030 1217.6
1395040 1217.6
1395050 1219.5
1395060 1220.3
1395070 1220.3
1395080 1220.8
1395090 1221.4
1395100 1221.4
1395110 1222.2
1395120 1222.9
1395130 1222.9
1395140 1223.7
1395150 1224.2
1395160 1224.2
1395170 1224.4
1395180 1224.3
1395190 1224.3
1395200 1222.0
1395210 1221.6
1395220 1221.0
1395230 1221.0
1395240 1220.3
1395250 1219.8
1395260 1219.8
1395270 1219.2
1395280 1218.5
1395290 1218.5
1395300 1217.9
1395310 1217.6
1395320 1217.6
1395330 1217.9
1395340 1218.7
1395350 1218.7
1395360 1219.5
1395370 1220.2
1395380 1220.9
1395390 1220.9
1395400 1221.6
1395410 1222.4
1395420 1222.4
1395430 1221.5
1395440 1220.5
1395450 1220.5
1395460 1220.3
1395470 1220.5
1395480 1220.5
1395490 1221.2
1395500 1221.9
1395510 1221.9
1395520 1222.4
1395530 1222.5
1395540 1222.5
1395550 1222.3
1395560 1222.2
1395570 1222.3
1395580 1222.3
1395590 1222.6
1395600 1222.8
1395610 1222.8
1395620 1222.7
1395630 1222.0
1395640 1222.0
1395650 1220.9
1395660 1219.6
1395670 1219.6
1395680 1217.9
1395690 1214.7
1395700 1214.7
1395710 1210.7
1395720 1207.7
1395730 1206.0
1395740 1206.0
1395750 1204.8
1395760 1202.8
1395770 1202.8
1395780 1199.7
1395790 1196.9
1395800 1196.9
1395810 1195.7
1395820 1194.5
1395830 1194.5
1395840 1192.6
1395850 1190.7
1395860 1190.7
1395870 1188.6
1395880 1187.1
1395890 1187.1
1395900 1185.8
1395910 1184.9
1395920 1184.6
1395930 1184.6
1395940 1184.5
1395950 1184.6
1395960 1184.6
1395970 1184.8
1395980 1185.0
1395990 1185.0
1396000 1185.5
1396010 1185.9
1396020 1185.9
1396030 1186.0
1396040 1186.3
1396050 1186.3
1396060 1186.9
1396070 1187.4
1396080 1187.9
1396090 1187.9
1396100 1188.4
1396110 1188.6
1396120 1188.6
1396130 1189.1
1396140 1189.8
1396150 1189.8
1396160 1190.6
1396170 1191.5
1396180 1191.5
1396190 1192.3
1396200 1192.9
1396210 1192.9
1396220 1193.4
1396230 1193.7
1396240 1194.1
1396250 1194.1
1396260 1194.3
1396270 1194.6
1396280 1194.6
1396290 1195.0
1396300 1195.6
1396310 1195.6
1396320 1195.8
1396330 1196.2
1396340 1196.2
1396350 1196.7
1396360 1196.1
1396370 1196.1
1396380 1194.9
1396390 1195.0
1396400 1195.0
1396410 1194.8
1396420 1193.5
1396430 1192.3
1396440 1192.3
1396450 1191.8
1396460 1191.9
1396470 1191.9
1396480 1192.6
1396490 1193.7
1396500 1193.7
1396510 1195.4
1396520 1197.6
1396530 1197.6
1396540 1199.6
1396550 1201.3
1396560 1201.3
1396570 1202.5
1396580 1203.5
1396590 1204.4
1396600 1204.4
1396610 1204.9
1396620 1203.2
1396630 1203.2
1396640 1203.2
1396650 1203.4
1396660 1203.4
1396670 1203.7
1396680 1203.9
1396690 1203.9
1396700 1203.6
1396710 1203.2
1396720 1203.2
1396730 1202.8
1396740 1202.5
1396750 1202.5
1396760 1202.0
1396770 1201.5
1396780 1200.9
1396790 1200.9
1396800 1200.4
1396810 1199.8
1396820 1199.8
1396830 1199.0
1396840 1198.2
1396850 1198.2
1396860 1197.2
1396870 1196.2
1396880 1196.2
1396890 1195.1
1396900 1193.9
1396910 1193.9
1396920 1192.3
1396930 1190.8
1396940 1189.8
1396950 1189.8
1396960 1189.1
1396970 1188.3
1396980 1188.3
1396990 1187.2
1397000 1186.1
1397010 1186.1
1397020 1185.0
1397030 1183.9
1397040 1183.9
1397050 1182.7
1397060 1181.3
1397070 1181.3
1397080 1180.0
1397090 1178.6
1397100 1176.9
1397110 1176.9
1397120 1175.4
1397130 1174.3
1397140 1174.3
1397150 1173.3
1397160 1172.4
1397170 1172.4
1397180 1171.7
1397190 1171.0
1397200 1171.0
1397210 1170.9
1397220 1170.6
1397230 1170.6
1397240 1170.2
1397250 1169.9
1397260 1169.9
1397270 1169.7
1397280 1169.6
1397290 1169.7
1397300 1169.7
1397310 1170.0
1397320 1169.9
1397330 1169.9
1397340 1167.0
1397350 1161.2
1397360 1161.2
1397370 1154.8
1397380 1144.6
1397390 1144.6
1397400 1132.0
1397410 1120.8
1397420 1120.8
1397430 1110.3
1397440 1098.9
1397450 1090.1
1397460 1090.1
1397470 1080.9
1397480 1072.1
1397490 1072.1
1397500 1064.6
1397510 1061.1
1397520 1061.1
1397530 1067.2
1397540 1076.0
1397550 1076.0
1397560 1082.2
1397570 1086.5
1397580 1086.5
1397590 1086.7
1397600 1086.9
1397610 1086.9
1397620 1086.6
1397630 1085.0
1397640 1082.1
1397650 1082.1
1397660 1078.4
1397670 1077.3
1397680 1077.3
1397690 1078.7
1397700 1079.6
1397710 1079.6
1397720 1081.9
1397730 1086.4
1397740 1086.4
1397750 1089.5
1397760 1090.9
1397770 1090.9
1397780 1090.5
1397790 1088.6
1397800 1089.7
1397810 1089.7
1397820 1093.8
1397830 1098.4
1397840 1098.4
1397850 1105.6
1397860 1113.3
1397870 1113.3
1397880 1119.0
1397890 1125.4
1397900 1125.4
1397910 1133.5
1397920 1142.2
1397930 1142.2
1397940 1148.9
1397950 1151.6
1397960 1151.6
1397970 1151.5
1397980 1149.9
1397990 1147.2
1398000 1147.2
1398010 1145.4
1398020 1143.4
1398030 1143.4
1398040 1141.6
1398050 1139.8
1398060 1139.8
1398070 1133.8
1398080 1131.5
1398090 1131.5
1398100 1129.6
1398110 1127.6
1398120 1127.6
1398130 1126.2
1398140 1124.9
1398150 1123.5
1398160 1123.5
1398170 1122.1
1398180 1120.6
1398190 1120.6
1398200 1119.3
1398210 1118.2
1398220 1118.2
1398230 1116.8
1398240 1115.0
1398250 1115.0
1398260 1113.3
1398270 1111.9
1398280 1111.9
1398290 1110.6
1398300 1109.3
1398310 1107.8
1398320 1107.8
1398330 1105.9
1398340 1104.2
1398350 1104.2
1398360 1102.7
1398370 1101.6
1398380 1101.6
1398390 1100.7
1398400 1100.1
1398410 1100.1
1398420 1099.2
1398430 1098.2
1398440 1098.2
1398450 1097.4
1398460 1096.6
1398470 1096.6
1398480 1095.8
1398490 1094.6
1398500 1093.1
1398510 1093.1
1398520 1091.6
1398530 1090.7
1398540 1090.7
1398550 1090.0
1398560 1088.8
1398570 1088.8
1398580 1088.6
1398590 1090.0
1398600 1090.0
1398610 1091.3
1398620 1092.5
1398630 1092.5
1398640 1093.1
1398650 1093.5
1398660 1093.6
1398670 1093.6
1398680 1093.5
1398690 1092.6
1398700 1092.6
1398710 1091.1
1398720 1089.3
1398730 1089.3
1398740 1087.6
1398750 1084.9
1398760 1084.9
1398770 1081.9
1398780 1080.2
1398790 1080.2
1398800 1078.2
1398810 1076.2
1398820 1076.2
1398830 1074.8
1398840 1073.2
1398850 1071.6
1398860 1071.6
1398870 1070.3
1398880 1069.4
1398890 1069.4
1398900 1068.4
1398910 1067.0
1398920 1067.0
1398930 1065.8
1398940 1064.9
1398950 1064.9
1398960 1064.0
1398970 1063.2
1398980 1063.2
1398990 1062.7
1399000 1062.0
1399010 1061.3
1399020 1061.3
1399030 1060.4
1399040 1059.4
1399050 1059.4
1399060 1058.2
1399070 1056.8
1399080 1056.8
1399090 1055.2
1399100 1053.6
1399110 1053.6
1399120 1052.0
1399130 1050.2
1399140 1050.2
1399150 1047.7
1399160 1044.9
1399170 1044.9
1399180 1041.6
1399190 1038.5
1399200 1035.8
1399210 1035.8
1399220 1033.5
1399230 1031.3
1399240 1031.3
1399250 1028.9
1399260 1026.4
1399270 1026.4
1399280 1023.9
1399290 1021.5
1399300 1021.5
1399310 1019.0
1399320 1016.4
1399330 1016.4
1399340 1014.3
1399350 1013.6
1399360 1010.0
1399370 1010.0
1399380 1002.7
1399390 995.7
1399400 995.7
1399410 991.5
1399420 986.5
1399430 986.5
1399440 982.4
1399450 982.7
1399460 982.7
1399470 982.0
1399480 978.9
1399490 978.9
1399500 974.6
1399510 970.4
1399520 966.4
1399530 966.4
1399540 956.6
1399550 951.9
1399560 951.9
1399570 947.3
1399580 943.7
1399590 943.7
1399600 941.9
1399610 940.4
1399620 940.4
1399630 937.6
1399640 934.1
1399650 934.1
1399660 930.1
1399670 926.2
1399680 926.2
1399690 923.0
1399700 919.8
1399710 917.0
1399720 917.0
1399730 914.8
1399740 913.7
1399750 913.7
1399760 911.9
1399770 908.7
1399780 908.7
1399790 906.5
1399800 906.2
1399810 906.2
1399820 905.7
1399830 904.6
1399840 904.6
1399850 903.7
1399860 902.7
1399870 902.2
1399880 902.2
1399890 901.5
1399900 900.9
1399910 900.9
1399920 901.0
1399930 901.8
1399940 901.8
1399950 903.0
1399960 903.9
1399970 903.9
1399980 906.2
1399990 911.9
