1380000 2206.5
1380010 2208.0
1380020 2208.0
1380030 2210.5
1380040 2210.7
1380050 2210.7
1380060 2210.9
1380070 2210.3
1380080 2210.3
1380090 2207.1
1380100 2203.7
1380110 2203.7
1380120 2201.3
1380130 2198.6
1380140 2196.0
1380150 2196.0
1380160 2193.5
1380170 2191.8
1380180 2191.8
1380190 2189.9
1380200 2188.0
1380210 2188.0
1380220 2185.5
1380230 2183.6
1380240 2183.6
1380250 2181.4
1380260 2178.8
1380270 2178.8
1380280 2177.1
1380290 2175.4
1380300 2175.4
1380310 2172.7
1380320 2171.2
1380330 2169.8
1380340 2169.8
1380350 2168.6
1380360 2167.3
1380370 2167.3
1380380 2165.6
1380390 2163.5
1380400 2163.5
1380410 2161.3
1380420 2159.0
1380430 2159.0
1380440 2156.2
1380450 2153.5
1380460 2153.5
1380470 2150.4
1380480 2146.5
1380490 2141.6
1380500 2141.6
1380510 2136.9
1380520 2133.6
1380530 2133.6
1380540 2130.6
1380550 2127.3
1380560 2127.3
1380570 2123.6
1380580 2119.8
1380590 2119.8
1380600 2115.1
1380610 2110.3
1380620 2110.3
1380630 2104.9
1380640 2099.5
1380650 2099.5
1380660 2094.7
1380670 2090.1
1380680 2085.0
1380690 2085.0
1380700 2080.5
1380710 2075.4
1380720 2075.4
1380730 2068.8
1380740 2063.4
1380750 2063.4
1380760 2057.9
1380770 2052.9
1380780 2052.9
1380790 2050.2
1380800 2046.1
1380810 2046.1
1380820 2040.5
1380830 2036.5
1380840 2033.3
1380850 2033.3
1380860 2030.6
1380870 2027.8
1380880 2027.8
1380890 2023.8
1380900 2020.6
1380910 2020.6
1380920 2017.9
1380930 2015.8
1380940 2015.8
1380950 2013.1
1380960 2009.7
1380970 2009.7
1380980 2006.1
1380990 2003.0
1381000 2003.0
1381010 1999.2
1381020 1995.5
1381030 1991.1
1381040 1991.1
1381050 1986.8
1381060 1980.6
1381070 1980.6
1381080 1977.4
1381090 1977.2
1381100 1977.2
1381110 1974.7
1381120 1971.7
1381130 1971.7
1381140 1972.2
1381150 1976.9
1381160 1976.9
1381170 1979.1
1381180 1975.4
1381190 1966.8
1381200 1966.8
1381210 1956.7
1381220 1947.2
1381230 1947.2
1381240 1939.0
1381250 1932.7
1381260 1932.7
1381270 1925.5
1381280 1919.6
1381290 1919.6
1381300 1915.3
1381310 1909.9
1381320 1909.9
1381330 1904.1
1381340 1898.7
1381350 1898.7
1381360 1894.3
1381370 1889.7
1381380 1884.6
1381390 1884.6
1381400 1879.8
1381410 1875.3
1381420 1875.3
1381430 1871.5
1381440 1868.0
1381450 1868.0
1381460 1864.6
1381470 1861.1
1381480 1861.1
1381490 1856.3
1381500 1850.7
1381510 1850.7
1381520 1845.4
1381530 1840.5
1381540 1837.1
1381550 1837.1
1381560 1833.4
1381570 1828.8
1381580 1828.8
1381590 1822.7
1381600 1817.4
1381610 1817.4
1381620 1813.2
1381630 1809.6
1381640 1809.6
1381650 1806.3
1381660 1802.5
1381670 1802.5
1381680 1797.9
1381690 1792.7
1381700 1792.7
1381710 1788.4
1381720 1783.3
1381730 1777.9
1381740 1777.9
1381750 1773.6
1381760 1770.0
1381770 1770.0
1381780 1767.4
1381790 1763.9
1381800 1763.9
1381810 1759.6
1381820 1755.8
1381830 1755.8
1381840 1752.3
1381850 1748.8
1381860 1748.8
1381870 1745.8
1381880 1743.4
1381890 1741.0
1381900 1741.0
1381910 1739.0
1381920 1736.3
1381930 1736.3
1381940 1732.9
1381950 1731.0
1381960 1731.0
1381970 1728.9
1381980 1725.1
1381990 1725.1
1382000 1718.8
1382010 1712.7
1382020 1712.7
1382030 1708.3
1382040 1705.0
1382050 1705.0
1382060 1701.6
1382070 1697.8
1382080 1694.2
1382090 1694.2
1382100 1688.5
1382110 1682.3
1382120 1682.3
1382130 1676.8
1382140 1672.4
1382150 1672.4
1382160 1668.4
1382170 1664.4
1382180 1664.4
1382190 1660.4
1382200 1656.3
1382210 1656.3
1382220 1652.1
1382230 1648.3
1382240 1644.9
1382250 1644.9
1382260 1641.2
1382270 1637.4
1382280 1637.4
1382290 1633.6
1382300 1629.6
1382310 1629.6
1382320 1625.8
1382330 1622.9
1382340 1622.9
1382350 1619.8
1382360 1617.5
1382370 1617.5
1382380 1615.9
1382390 1614.3
1382400 1612.8
1382410 1612.8
1382420 1611.5
1382430 1610.6
1382440 1610.6
1382450 1609.2
1382460 1607.5
1382470 1607.5
1382480 1605.4
1382490 1603.0
1382500 1603.0
1382510 1600.9
1382520 1597.2
1382530 1597.2
1382540 1593.9
1382550 1591.0
1382560 1591.0
1382570 1586.2
1382580 1581.7
1382590 1577.7
1382600 1577.7
1382610 1573.4
1382620 1568.3
1382630 1568.3
1382640 1563.8
1382650 1558.7
1382660 1558.7
1382670 1551.7
1382680 1545.2
1382690 1545.2
1382700 1538.7
1382710 1532.7
1382720 1532.7
1382730 1525.8
1382740 1520.0
1382750 1514.8
1382760 1514.8
1382770 1509.5
1382780 1504.3
1382790 1504.3
1382800 1499.8
1382810 1495.3
1382820 1495.3
1382830 1491.0
1382840 1486.0
1382850 1486.0
1382860 1482.2
1382870 1479.5
1382880 1479.5
1382890 1476.2
1382900 1473.0
1382910 1473.0
1382920 1468.3
1382930 1460.7
1382940 1453.7
1382950 1453.7
1382960 1447.5
1382970 1440.8
1382980 1440.8
1382990 1432.9
1383000 1425.4
1383010 1425.4
1383020 1419.7
1383030 1415.8
1383040 1415.8
1383050 1411.3
1383060 1406.6
1383070 1406.6
1383080 1397.4
1383090 1387.4
1383100 1380.2
1383110 1380.2
1383120 1375.1
1383130 1369.9
1383140 1369.9
1383150 1363.2
1383160 1356.3
1383170 1356.3
1383180 1348.0
1383190 1338.5
1383200 1338.5
1383210 1329.3
1383220 1321.4
1383230 1321.4
1383240 1312.3
1383250 1303.2
1383260 1303.2
1383270 1295.3
1383280 1284.4
1383290 1274.3
1383300 1274.3
1383310 1265.4
1383320 1256.0
1383330 1256.0
1383340 1248.0
1383350 1240.3
1383360 1240.3
1383370 1231.8
1383380 1223.3
1383390 1223.3
1383400 1216.0
1383410 1211.4
1383420 1211.4
1383430 1208.5
1383440 1209.8
1383450 1211.8
1383460 1211.8
1383470 1212.1
1383480 1213.3
1383490 1213.3
1383500 1214.2
1383510 1217.8
1383520 1217.8
1383530 1224.3
1383540 1231.5
1383550 1231.5
1383560 1244.5
1383570 1253.0
1383580 1253.0
1383590 1259.0
1383600 1265.3
1383610 1265.3
1383620 1272.1
1383630 1278.8
1383640 1285.2
1383650 1285.2
1383660 1291.3
1383670 1297.8
1383680 1297.8
1383690 1304.7
1383700 1312.6
1383710 1312.6
1383720 1322.3
1383730 1331.5
1383740 1331.5
1383750 1346.3
1383760 1357.9
1383770 1357.9
1383780 1366.6
1383790 1376.5
1383800 1386.1
1383810 1386.1
1383820 1395.0
1383830 1404.2
1383840 1404.2
1383850 1413.2
1383860 1421.7
1383870 1421.7
1383880 1430.8
1383890 1439.7
1383900 1439.7
1383910 1448.8
1383920 1457.6
1383930 1457.6
1383940 1465.8
1383950 1469.4
1383960 1469.4
1383970 1476.3
1383980 1485.3
1383990 1494.5
1384000 1494.5
1384010 1505.0
1384020 1515.2
1384030 1515.2
1384040 1528.7
1384050 1541.8
1384060 1541.8
1384070 1550.6
1384080 1558.8
1384090 1558.8
1384100 1562.1
1384110 1563.8
1384120 1563.8
1384130 1569.9
1384140 1572.1
1384150 1576.6
1384160 1576.6
1384170 1584.2
1384180 1589.5
1384190 1589.5
1384200 1596.9
1384210 1602.8
1384220 1602.8
1384230 1609.1
1384240 1615.4
1384250 1615.4
1384260 1619.2
1384270 1619.1
1384280 1619.1
1384290 1622.2
1384300 1626.9
1384310 1626.9
1384320 1630.7
1384330 1633.5
1384340 1635.3
1384350 1635.3
1384360 1637.7
1384370 1641.3
1384380 1641.3
1384390 1643.9
1384400 1648.3
1384410 1648.3
1384420 1653.4
1384430 1655.1
1384440 1653.3
1384450 1657.9
1384460 1661.9
1384470 1661.9
1384480 1668.7
1384490 1677.6
1384500 1684.8
1384510 1684.8
1384520 1691.2
1384530 1690.8
1384540 1690.8
1384550 1694.1
1384560 1701.4
1384570 1701.4
1384580 1707.7
1384590 1710.6
1384600 1710.6
1384610 1709.8
1384620 1712.5
1384630 1712.5
1384640 1716.9
1384650 1719.3
1384660 1719.3
1384670 1721.8
1384680 1726.8
1384690 1733.8
1384700 1733.8
1384710 1738.3
1384720 1740.7
1384730 1740.7
1384740 1745.8
1384750 1751.5
1384760 1751.5
1384770 1756.9
1384780 1762.7
1384790 1762.7
1384800 1767.5
1384810 1771.1
1384820 1771.1
1384830 1775.3
1384840 1780.1
1384850 1783.9
1384860 1783.9
1384870 1786.1
1384880 1788.8
1384890 1788.8
1384900 1793.6
1384910 1798.1
1384920 1798.1
1384930 1801.4
1384940 1803.3
1384950 1803.3
1384960 1805.0
1384970 1806.8
1384980 1806.8
1384990 1809.4
1385000 1812.2
1385010 1814.7
1385020 1814.7
1385030 1817.9
1385040 1820.9
1385050 1820.9
1385060 1823.7
1385070 1825.4
1385080 1825.4
1385090 1826.4
1385100 1828.8
1385110 1828.8
1385120 1831.2
1385130 1835.0
1385140 1835.0
1385150 1838.9
1385160 1842.9
1385170 1842.9
1385180 1845.5
1385190 1847.2
1385200 1848.4
1385210 1848.4
1385220 1851.4
1385230 1856.9
1385240 1856.9
1385250 1863.6
1385260 1869.7
1385270 1869.7
1385280 1873.8
1385290 1877.7
1385300 1877.7
1385310 1881.1
1385320 1885.5
1385330 1885.5
1385340 1889.3
1385350 1892.1
1385360 1895.3
1385370 1895.3
1385380 1898.9
1385390 1900.9
1385400 1900.9
1385410 1901.9
1385420 1903.1
1385430 1903.1
1385440 1905.1
1385450 1907.2
1385460 1907.2
1385470 1908.6
1385480 1910.1
1385490 1910.1
1385500 1910.8
1385510 1912.6
1385520 1912.6
1385530 1914.4
1385540 1915.2
1385550 1916.9
1385560 1916.9
1385570 1918.6
1385580 1921.5
1385590 1921.5
1385600 1925.1
1385610 1928.2
1385620 1928.2
1385630 1931.4
1385640 1935.1
1385650 1935.1
1385660 1939.2
1385670 1943.8
1385680 1943.8
1385690 1947.4
1385700 1952.1
1385710 1959.6
1385720 1959.6
1385730 1963.4
1385740 1967.0
1385750 1967.0
1385760 1970.3
1385770 1974.7
1385780 1974.7
1385790 1980.6
1385800 1985.0
1385810 1985.0
1385820 1988.2
1385830 1989.7
1385840 1989.7
1385850 1990.1
1385860 1991.0
1385870 1991.0
1385880 1991.7
1385890 1992.7
1385900 1993.9
1385910 1993.9
1385920 1995.5
1385930 1997.8
1385940 1997.8
1385950 2000.4
1385960 2003.1
1385970 2003.1
1385980 2006.0
1385990 2009.7
1386000 2009.7
1386010 2013.3
1386020 2016.8
1386030 2016.8
1386040 2022.0
1386050 2027.9
1386060 2033.1
1386070 2033.1
1386080 2038.9
1386090 2044.6
1386100 2044.6
1386110 2049.0
1386120 2053.1
1386130 2053.1
1386140 2058.1
1386150 2063.8
1386160 2063.8
1386170 2069.3
1386180 2074.2
1386190 2074.2
1386200 2079.5
1386210 2084.8
1386220 2084.8
1386230 2090.2
1386240 2094.8
1386250 2099.0
1386260 2099.0
1386270 2102.7
1386280 2106.9
1386290 2106.9
1386300 2111.6
1386310 2116.0
1386320 2116.0
1386330 2120.4
1386340 2124.7
1386350 2124.7
1386360 2128.1
1386370 2130.7
1386380 2130.7
1386390 2133.5
1386400 2137.1
1386410 2139.8
1386420 2139.8
1386430 2142.1
1386440 2143.6
1386450 2143.6
1386460 2144.3
1386470 2144.3
1386480 2144.3
1386490 2143.7
1386500 2143.0
1386510 2143.0
1386520 2141.9
1386530 2140.8
1386540 2140.8
1386550 2140.1
1386560 2141.3
1386570 2141.3
1386580 2143.3
1386590 2145.4
1386600 2146.9
1386610 2146.9
1386620 2148.0
1386630 2148.8
1386640 2148.8
1386650 2150.2
1386660 2151.1
1386670 2151.1
1386680 2152.9
1386690 2155.0
1386700 2155.0
1386710 2157.3
1386720 2159.8
1386730 2159.8
1386740 2162.8
1386750 2165.5
1386760 2167.6
1386770 2167.6
1386780 2169.3
1386790 2170.1
1386800 2170.1
1386810 2170.5
1386820 2170.5
1386830 2170.5
1386840 2170.5
1386850 2170.6
1386860 2170.6
1386870 2170.9
1386880 2171.4
1386890 2171.4
1386900 2171.8
1386910 2172.3
1386920 2172.3
1386930 2171.7
1386940 2170.4
1386950 2169.1
1386960 2169.1
1386970 2170.1
1386980 2171.1
1386990 2171.1
1387000 2171.8
1387010 2173.0
1387020 2173.0
1387030 2174.6
1387040 2175.3
1387050 2175.3
1387060 2174.9
1387070 2174.4
1387080 2174.4
1387090 2175.1
1387100 2175.3
1387110 2175.4
1387120 2175.4
1387130 2175.8
1387140 2176.5
1387150 2176.5
1387160 2176.9
1387170 2177.4
1387180 2177.4
1387190 2178.4
1387200 2179.8
1387210 2179.8
1387220 2181.1
1387230 2181.3
1387240 2181.3
1387250 2180.5
1387260 2177.6
1387270 2174.7
1387280 2174.7
1387290 2174.1
1387300 2174.0
1387310 2174.0
1387320 2173.2
1387330 2172.4
1387340 2172.4
1387350 2172.0
1387360 2172.0
1387370 2172.0
1387380 2172.4
1387390 2173.4
1387400 2173.4
1387410 2175.1
1387420 2176.3
1387430 2176.3
1387440 2177.2
1387450 2178.1
1387460 2179.0
1387470 2179.0
1387480 2179.7
1387490 2180.0
1387500 2180.0
1387510 2179.7
1387520 2179.1
1387530 2179.1
1387540 2179.2
1387550 2179.9
1387560 2179.9
1387570 2180.4
1387580 2179.7
1387590 2179.7
1387600 2178.8
1387610 2178.4
1387620 2177.6
1387630 2177.6
1387640 2176.6
1387650 2174.8
1387660 2174.8
1387670 2173.4
1387680 2172.7
1387690 2172.7
1387700 2172.2
1387710 2170.5
1387720 2170.5
1387730 2167.9
1387740 2166.5
1387750 2166.5
1387760 2167.0
1387770 2168.1
1387780 2168.1
1387790 2168.4
1387800 2168.2
1387810 2168.4
1387820 2168.4
1387830 2168.3
1387840 2167.8
1387850 2167.8
1387860 2166.7
1387870 2166.0
1387880 2166.0
1387890 2163.4
1387900 2160.5
1387910 2160.5
1387920 2161.2
1387930 2161.8
1387940 2161.8
1387950 2162.2
1387960 2163.0
1387970 2163.3
1387980 2163.3
1387990 2162.3
1388000 2159.9
1388010 2159.9
1388020 2159.0
1388030 2156.8
1388040 2156.8
1388050 2151.7
1388060 2151.4
1388070 2151.4
1388080 2151.6
1388090 2152.4
1388100 2152.4
1388110 2153.5
1388120 2154.3
1388130 2154.3
1388140 2155.1
1388150 2155.4
1388160 2154.6
1388170 2154.6
1388180 2151.7
1388190 2149.9
1388200 2149.9
1388210 2148.2
1388220 2147.2
1388230 2147.2
1388240 2145.8
1388250 2143.9
1388260 2143.9
1388270 2145.7
1388280 2147.3
1388290 2147.3
1388300 2143.9
1388310 2143.0
1388320 2140.9
1388330 2140.9
1388340 2137.1
1388350 2134.3
1388360 2134.3
1388370 2132.7
1388380 2131.8
1388390 2131.8
1388400 2130.9
1388410 2129.3
1388420 2129.3
1388430 2127.3
1388440 2125.9
1388450 2125.9
1388460 2125.0
1388470 2123.0
1388480 2123.0
1388490 2120.5
1388500 2118.5
1388510 2117.6
1388520 2117.6
1388530 2116.2
1388540 2114.4
1388550 2114.4
1388560 2113.0
1388570 2111.7
1388580 2111.7
1388590 2110.2
1388600 2108.7
1388610 2108.7
1388620 2107.5
1388630 2106.3
1388640 2106.3
1388650 2104.7
1388660 2101.3
1388670 2095.4
1388680 2095.4
1388690 2088.9
1388700 2083.2
1388710 2083.2
1388720 2078.1
1388730 2069.6
1388740 2069.6
1388750 2059.4
1388760 2053.5
1388770 2053.5
1388780 2051.2
1388790 2046.7
1388800 2046.7
1388810 2035.1
1388820 2026.9
1388830 2026.9
1388840 2021.6
1388850 2018.7
1388860 2016.7
1388870 2016.7
1388880 2014.0
1388890 2011.4
1388900 2011.4
1388910 2012.8
1388920 2016.6
1388930 2016.6
1388940 2017.4
1388950 2010.9
1388960 2010.9
1388970 2003.7
1388980 1996.4
1388990 1996.4
1389000 1988.5
1389010 1978.8
1389020 1969.0
1389030 1969.0
1389040 1958.9
1389050 1949.8
1389060 1949.8
1389070 1940.8
1389080 1931.5
1389090 1931.5
1389100 1924.6
1389110 1917.4
1389120 1917.4
1389130 1910.1
1389140 1902.2
1389150 1902.2
1389160 1892.9
1389170 1883.5
1389180 1883.5
1389190 1875.8
1389200 1869.0
1389210 1862.5
1389220 1862.5
1389230 1856.6
1389240 1849.8
1389250 1849.8
1389260 1842.6
1389270 1837.1
1389280 1837.1
1389290 1832.7
1389300 1828.7
1389310 1828.7
1389320 1825.4
1389330 1821.2
1389340 1821.2
1389350 1817.3
1389360 1813.2
1389370 1809.7
1389380 1809.7
1389390 1806.6
1389400 1804.0
1389410 1804.0
1389420 1801.8
1389430 1799.4
1389440 1799.4
1389450 1796.6
1389460 1793.2
1389470 1793.2
1389480 1789.2
1389490 1784.9
1389500 1784.9
1389510 1779.0
1389520 1771.7
1389530 1763.8
1389540 1763.8
1389550 1756.2
1389560 1749.1
1389570 1749.1
1389580 1743.2
1389590 1738.2
1389600 1738.2
1389610 1731.5
1389620 1726.7
1389630 1726.7
1389640 1719.9
1389650 1713.5
1389660 1713.5
1389670 1706.8
1389680 1700.3
1389690 1700.3
1389700 1698.4
1389710 1701.5
1389720 1705.9
1389730 1705.9
1389740 1710.6
1389750 1712.2
1389760 1712.2
1389770 1712.2
1389780 1711.5
1389790 1711.5
1389800 1708.4
1389810 1705.0
1389820 1705.0
1389830 1700.5
1389840 1696.7
1389850 1696.7
1389860 1693.4
1389870 1691.2
1389880 1688.6
1389890 1688.6
1389900 1687.5
1389910 1682.3
1389920 1682.3
1389930 1681.6
1389940 1687.9
1389950 1687.9
1389960 1696.0
1389970 1704.4
1389980 1704.4
1389990 1712.3
1390000 1719.0
1390010 1719.0
1390020 1726.0
1390030 1734.0
1390040 1734.0
1390050 1741.7
1390060 1748.5
1390070 1754.8
1390080 1754.8
1390090 1761.0
1390100 1767.3
1390110 1767.3
1390120 1773.7
1390130 1779.1
1390140 1779.1
1390150 1783.5
1390160 1788.6
1390170 1788.6
1390180 1793.5
1390190 1798.8
1390200 1798.8
1390210 1805.6
1390220 1812.3
1390230 1819.9
1390240 1819.9
1390250 1827.4
1390260 1833.8
1390270 1833.8
1390280 1838.7
1390290 1843.5
1390300 1843.5
1390310 1848.0
1390320 1852.2
1390330 1852.2
1390340 1857.9
1390350 1863.7
1390360 1863.7
1390370 1868.6
1390380 1875.1
1390390 1875.1
1390400 1882.8
1390410 1888.9
1390420 1895.9
1390430 1895.9
1390440 1903.8
1390450 1908.9
1390460 1908.9
1390470 1914.1
1390480 1918.9
1390490 1918.9
1390500 1925.4
1390510 1934.3
1390520 1934.3
1390530 1942.7
1390540 1947.8
1390550 1947.8
1390560 1953.1
1390570 1959.3
1390580 1967.1
1390590 1967.1
1390600 1974.4
1390610 1978.1
1390620 1978.1
1390630 1982.2
1390640 1989.2
1390650 1989.2
1390660 2002.3
1390670 2014.5
1390680 2014.5
1390690 2024.6
1390700 2034.5
1390710 2034.5
1390720 2039.2
1390730 2044.4
1390740 2044.4
1390750 2045.5
1390760 2046.3
1390770 2046.9
1390780 2046.9
1390790 2046.2
1390800 2043.8
1390810 2043.8
1390820 2039.4
1390830 2037.5
1390840 2037.5
1390850 2039.0
1390860 2039.9
1390870 2039.9
1390880 2040.3
1390890 2040.0
1390900 2040.0
1390910 2038.2
1390920 2036.0
1390930 2034.5
1390940 2034.5
1390950 2032.9
1390960 2032.8
1390970 2032.8
1390980 2030.3
1390990 2027.2
1391000 2027.2
1391010 2023.5
1391020 2020.0
1391030 2020.0
1391040 2016.6
1391050 2013.4
1391060 2013.4
1391070 2010.1
1391080 2006.2
1391090 2006.2
1391100 2003.1
1391110 2000.8
1391120 1996.3
1391130 1996.3
1391140 1991.2
1391150 1987.7
1391160 1987.7
1391170 1983.9
1391180 1980.0
1391190 1980.0
1391200 1977.4
1391210 1975.9
1391220 1975.9
1391230 1973.9
1391240 1970.5
1391250 1970.5
1391260 1967.5
1391270 1964.4
1391280 1960.7
1391290 1960.7
1391300 1957.7
1391310 1955.6
1391320 1955.6
1391330 1951.8
1391340 1947.1
1391350 1947.1
1391360 1942.1
1391370 1936.7
1391380 1936.7
1391390 1930.8
1391400 1926.1
1391410 1926.1
1391420 1922.2
1391430 1918.6
1391440 1914.9
1391450 1914.9
1391460 1911.4
1391470 1908.7
1391480 1908.7
1391490 1906.2
1391500 1904.6
1391510 1904.6
1391520 1902.8
1391530 1899.0
1391540 1899.0
1391550 1894.6
1391560 1892.3
1391570 1892.3
1391580 1891.7
1391590 1891.7
1391600 1891.7
1391610 1890.5
1391620 1885.4
1391630 1880.3
1391640 1880.3
1391650 1877.9
1391660 1876.5
1391670 1876.5
1391680 1872.9
1391690 1867.8
1391700 1867.8
1391710 1864.2
1391720 1860.5
1391730 1860.5
1391740 1855.8
1391750 1849.5
1391760 1849.5
1391770 1841.6
1391780 1835.5
1391790 1828.9
1391800 1828.9
1391810 1821.8
1391820 1817.1
1391830 1817.1
1391840 1813.3
1391850 1809.2
1391860 1809.2
1391870 1805.0
1391880 1801.0
1391890 1801.0
1391900 1796.9
1391910 1792.0
1391920 1792.0
1391930 1787.0
1391940 1782.4
1391950 1782.4
1391960 1776.7
1391970 1770.6
1391980 1765.7
1391990 1765.7
1392000 1760.7
1392010 1755.9
1392020 1755.9
1392030 1751.7
1392040 1746.3
1392050 1746.3
1392060 1741.3
1392070 1737.6
1392080 1737.6
1392090 1733.2
1392100 1727.6
1392110 1727.6
1392120 1723.1
1392130 1718.9
1392140 1713.5
1392150 1713.5
1392160 1708.4
1392170 1703.0
1392180 1703.0
1392190 1697.2
1392200 1691.5
1392210 1691.5
1392220 1686.8
1392230 1683.1
1392240 1683.1
1392250 1680.0
1392260 1676.7
1392270 1676.7
1392280 1673.0
1392290 1668.6
1392300 1668.6
1392310 1664.0
1392320 1659.4
1392330 1655.2
1392340 1655.2
1392350 1651.4
1392360 1647.6
1392370 1647.6
1392380 1643.9
1392390 1640.9
1392400 1640.9
1392410 1637.9
1392420 1635.1
1392430 1635.1
1392440 1631.8
1392450 1627.4
1392460 1627.4
1392470 1622.8
1392480 1617.2
1392490 1612.1
1392500 1612.1
1392510 1605.1
1392520 1600.4
1392530 1600.4
1392540 1596.2
1392550 1591.6
1392560 1591.6
1392570 1586.4
1392580 1581.2
1392590 1581.2
1392600 1576.6
1392610 1572.0
1392620 1572.0
1392630 1568.0
1392640 1563.7
1392650 1563.7
1392660 1558.6
1392670 1553.5
1392680 1547.8
1392690 1547.8
1392700 1542.2
1392710 1538.5
1392720 1538.5
1392730 1534.6
1392740 1531.3
1392750 1531.3
1392760 1529.6
1392770 1526.6
1392780 1526.6
1392790 1522.3
1392800 1518.8
1392810 1518.8
1392820 1514.8
1392830 1510.2
1392840 1506.2
1392850 1506.2
1392860 1502.3
1392870 1499.4
1392880 1499.4
1392890 1496.4
1392900 1493.4
1392910 1493.4
1392920 1489.8
1392930 1486.9
1392940 1486.9
1392950 1483.4
1392960 1478.9
1392970 1478.9
1392980 1474.3
1392990 1469.3
1393000 1469.3
1393010 1464.5
1393020 1460.5
1393030 1456.4
1393040 1456.4
1393050 1453.2
1393060 1449.6
1393070 1449.6
1393080 1445.8
1393090 1442.0
1393100 1442.0
1393110 1437.2
1393120 1432.8
1393130 1432.8
1393140 1426.6
1393150 1418.2
1393160 1418.2
1393170 1409.0
1393180 1397.1
1393190 1387.1
1393200 1387.1
1393210 1379.2
1393220 1370.0
1393230 1370.0
1393240 1362.2
1393250 1358.9
1393260 1358.9
1393270 1359.5
1393280 1363.5
1393290 1363.5
1393300 1371.0
1393310 1378.3
1393320 1378.3
1393330 1384.9
1393340 1389.4
1393350 1389.4
1393360 1391.1
1393370 1398.3
1393380 1407.6
1393390 1407.6
1393400 1416.8
1393410 1425.7
1393420 1425.7
1393430 1435.5
1393440 1443.6
1393450 1443.6
1393460 1449.5
1393470 1455.4
1393480 1455.4
1393490 1462.6
1393500 1468.7
1393510 1468.7
1393520 1474.4
1393530 1479.9
1393540 1485.3
1393550 1485.3
1393560 1488.4
1393570 1491.3
1393580 1491.3
1393590 1494.2
1393600 1497.6
1393610 1497.6
1393620 1501.2
1393630 1503.7
1393640 1503.7
1393650 1505.3
1393660 1506.3
1393670 1506.3
1393680 1507.1
1393690 1508.9
1393700 1508.2
1393710 1508.2
1393720 1507.9
1393730 1506.0
1393740 1506.0
1393750 1503.0
1393760 1497.6
1393770 1497.6
1393780 1489.6
1393790 1486.8
1393800 1486.8
1393810 1493.3
1393820 1499.5
1393830 1499.5
1393840 1501.6
1393850 1503.3
1393860 1503.3
1393870 1508.4
1393880 1515.3
1393890 1521.8
1393900 1521.8
1393910 1529.1
1393920 1536.6
1393930 1536.6
1393940 1543.6
1393950 1548.8
1393960 1548.8
1393970 1552.6
1393980 1555.8
1393990 1555.8
1394000 1560.2
1394010 1565.3
1394020 1565.3
1394030 1569.8
1394040 1574.8
1394050 1579.3
1394060 1579.3
1394070 1583.2
1394080 1587.7
1394090 1587.7
1394100 1593.1
1394110 1597.3
1394120 1597.3
1394130 1602.8
1394140 1608.1
1394150 1608.1
1394160 1612.9
1394170 1617.6
1394180 1617.6
1394190 1622.4
1394200 1627.5
1394210 1627.5
1394220 1632.6
1394230 1638.1
1394240 1643.6
1394250 1643.6
1394260 1648.8
1394270 1654.2
1394280 1654.2
1394290 1659.9
1394300 1665.8
1394310 1665.8
1394320 1671.8
1394330 1677.3
1394340 1677.3
1394350 1682.5
1394360 1687.0
1394370 1687.0
1394380 1691.5
1394390 1695.2
1394400 1698.7
1394410 1698.7
1394420 1702.6
1394430 1707.4
1394440 1707.4
1394450 1714.0
1394460 1720.2
1394470 1720.2
1394480 1725.6
1394490 1730.3
1394500 1730.3
1394510 1734.7
1394520 1738.9
1394530 1738.9
1394540 1742.6
1394550 1746.7
1394560 1746.7
1394570 1751.2
1394580 1756.2
1394590 1761.1
1394600 1761.1
1394610 1765.3
1394620 1769.8
1394630 1769.8
1394640 1775.5
1394650 1779.9
1394660 1779.9
1394670 1784.0
1394680 1787.8
1394690 1787.8
1394700 1791.4
1394710 1794.4
1394720 1794.4
1394730 1796.6
1394740 1798.4
1394750 1799.6
1394760 1799.6
1394770 1801.3
1394780 1802.8
1394790 1802.8
1394800 1804.3
1394810 1805.5
1394820 1805.5
1394830 1806.7
1394840 1807.9
1394850 1807.9
1394860 1809.0
1394870 1810.4
1394880 1810.4
1394890 1812.2
1394900 1814.1
1394910 1814.1
1394920 1815.8
1394930 1817.1
1394940 1817.5
1394950 1817.5
1394960 1816.2
1394970 1814.5
1394980 1814.5
1394990 1812.9
1395000 1811.3
1395010 1811.3
1395020 1809.8
1395030 1807.3
1395040 1807.3
1395050 1803.6
1395060 1799.3
1395070 1799.3
1395080 1795.3
1395090 1783.4
1395100 1778.7
1395110 1778.7
1395120 1773.9
1395130 1771.1
1395140 1771.1
1395150 1768.1
1395160 1766.5
1395170 1766.5
1395180 1767.7
1395190 1769.0
1395200 1769.0
1395210 1770.1
1395220 1769.6
1395230 1769.6
1395240 1768.6
1395250 1766.8
1395260 1766.8
1395270 1764.2
1395280 1760.8
1395290 1757.3
1395300 1757.3
1395310 1753.7
1395320 1750.2
1395330 1750.2
1395340 1746.1
1395350 1741.2
1395360 1741.2
1395370 1737.0
1395380 1732.9
1395390 1732.9
1395400 1728.5
1395410 1724.0
1395420 1724.0
1395430 1718.5
1395440 1713.7
1395450 1710.0
1395460 1710.0
1395470 1705.8
1395480 1700.9
1395490 1700.9
1395500 1695.3
1395510 1689.3
1395520 1689.3
1395530 1683.2
1395540 1677.1
1395550 1677.1
1395560 1671.1
1395570 1665.7
1395580 1665.7
1395590 1660.3
1395600 1653.9
1395610 1653.9
1395620 1647.2
1395630 1640.8
1395640 1634.3
1395650 1634.3
1395660 1627.9
1395670 1620.7
1395680 1620.7
1395690 1613.9
1395700 1609.0
1395710 1609.0
1395720 1602.0
1395730 1593.2
1395740 1593.2
1395750 1585.7
1395760 1577.8
1395770 1577.8
1395780 1571.9
1395790 1567.4
1395800 1561.1
1395810 1561.1
1395820 1553.5
1395830 1546.7
1395840 1546.7
1395850 1540.7
1395860 1534.1
1395870 1534.1
1395880 1527.1
1395890 1520.3
1395900 1520.3
1395910 1512.7
1395920 1504.5
1395930 1504.5
1395940 1497.2
1395950 1490.2
1395960 1490.2
1395970 1484.9
1395980 1479.5
1395990 1473.3
1396000 1473.3
1396010 1469.1
1396020 1464.7
1396030 1464.7
1396040 1459.0
1396050 1451.2
1396060 1451.2
1396070 1443.4
1396080 1437.1
1396090 1437.1
1396100 1430.0
1396110 1423.9
1396120 1423.9
1396130 1419.1
1396140 1414.0
1396150 1411.8
1396160 1411.8
1396170 1414.7
1396180 1416.2
1396190 1416.2
1396200 1413.5
1396210 1410.8
1396220 1410.8
1396230 1408.4
1396240 1405.1
1396250 1405.1
1396260 1401.0
1396270 1397.0
1396280 1397.0
1396290 1392.8
1396300 1388.7
1396310 1385.0
1396320 1385.0
1396330 1380.3
1396340 1375.1
1396350 1375.1
1396360 1370.2
1396370 1365.8
1396380 1365.8
1396390 1361.1
1396400 1356.1
1396410 1356.1
1396420 1349.7
1396430 1342.9
1396440 1342.9
1396450 1333.9
1396460 1321.8
1396470 1321.8
1396480 1311.2
1396490 1306.8
1396500 1306.8
1396510 1306.6
1396520 1311.0
1396530 1316.6
1396540 1316.6
1396550 1322.7
1396560 1329.8
1396570 1329.8
1396580 1336.7
1396590 1343.2
1396600 1343.2
1396610 1349.7
1396620 1356.0
1396630 1356.0
1396640 1361.4
1396650 1366.5
1396660 1372.0
1396670 1372.0
1396680 1377.5
1396690 1381.7
1396700 1381.7
1396710 1385.4
1396720 1389.4
1396730 1389.4
1396740 1393.5
1396750 1398.5
1396760 1398.5
1396770 1402.9
1396780 1406.0
1396790 1406.0
1396800 1407.6
1396810 1407.5
1396820 1407.5
1396830 1408.0
1396840 1409.1
1396850 1410.2
1396860 1410.2
1396870 1410.9
1396880 1411.3
1396890 1411.3
1396900 1411.9
1396910 1412.1
1396920 1412.1
1396930 1412.2
1396940 1412.4
1396950 1412.4
1396960 1412.5
1396970 1412.1
1396980 1412.1
1396990 1411.7
1397000 1411.2
1397010 1410.7
1397020 1410.7
1397030 1410.3
1397040 1410.8
1397050 1410.8
1397060 1411.1
1397070 1410.7
1397080 1410.7
1397090 1410.1
1397100 1409.7
1397110 1409.7
1397120 1409.0
1397130 1408.4
1397140 1408.4
1397150 1407.9
1397160 1407.4
1397170 1407.4
1397180 1406.9
1397190 1406.5
1397200 1406.1
1397210 1406.1
1397220 1403.6
1397230 1400.7
1397240 1400.7
1397250 1399.1
1397260 1397.6
1397270 1397.6
1397280 1396.0
1397290 1391.1
1397300 1391.1
1397310 1384.8
1397320 1373.7
1397330 1373.7
1397340 1366.2
1397350 1362.3
1397360 1357.3
1397370 1357.3
1397380 1352.7
1397390 1347.8
1397400 1347.8
1397410 1350.0
1397420 1359.7
1397430 1359.7
1397440 1369.1
1397450 1378.6
1397460 1378.6
1397470 1386.7
1397480 1394.6
1397490 1394.6
1397500 1400.7
1397510 1403.8
1397520 1403.8
1397530 1405.2
1397540 1407.9
1397550 1411.8
1397560 1411.8
1397570 1416.4
1397580 1420.6
1397590 1420.6
1397600 1423.2
1397610 1425.3
1397620 1425.3
1397630 1427.7
1397640 1430.8
1397650 1430.8
1397660 1434.4
1397670 1436.4
1397680 1436.4
1397690 1437.8
1397700 1438.3
1397710 1439.9
1397720 1439.9
1397730 1442.4
1397740 1445.4
1397750 1445.4
1397760 1447.9
1397770 1450.3
1397780 1450.3
1397790 1452.7
1397800 1454.4
1397810 1454.4
1397820 1455.7
1397830 1456.9
1397840 1456.9
1397850 1456.1
1397860 1456.6
1397870 1456.6
1397880 1457.4
1397890 1457.1
1397900 1457.0
1397910 1457.0
1397920 1456.9
1397930 1457.2
1397940 1457.2
1397950 1451.3
1397960 1451.8
1397970 1451.8
1397980 1451.9
1397990 1452.5
1398000 1452.5
1398010 1450.0
1398020 1446.8
1398030 1446.8
1398040 1444.7
1398050 1441.8
1398060 1442.9
1398070 1442.9
1398080 1444.3
1398090 1443.1
1398100 1443.1
1398110 1444.4
1398120 1445.7
1398130 1445.7
1398140 1445.6
1398150 1444.2
1398160 1444.2
1398170 1444.2
1398180 1444.3
1398190 1444.3
1398200 1440.4
1398210 1439.9
1398220 1439.9
1398230 1442.8
1398240 1442.3
1398250 1442.3
1398260 1442.3
1398270 1443.3
1398280 1443.1
1398290 1443.1
1398300 1441.7
1398310 1440.4
1398320 1440.4
1398330 1437.9
1398340 1435.9
1398350 1435.9
1398360 1433.2
1398370 1424.2
1398380 1424.2
1398390 1417.1
1398400 1420.9
1398410 1427.1
1398420 1427.1
1398430 1430.5
1398440 1433.5
1398450 1433.5
1398460 1433.8
1398470 1433.0
1398480 1433.0
1398490 1432.9
1398500 1432.4
1398510 1432.4
1398520 1431.4
1398530 1430.5
1398540 1430.5
1398550 1430.3
1398560 1428.8
1398570 1426.7
1398580 1426.7
1398590 1426.2
1398600 1424.9
1398610 1424.9
1398620 1424.2
1398630 1422.5
1398640 1422.5
1398650 1420.7
1398660 1419.7
1398670 1419.7
1398680 1420.4
1398690 1420.0
1398700 1420.0
1398710 1419.6
1398720 1418.8
1398730 1418.8
1398740 1417.2
1398750 1415.7
1398760 1414.9
1398770 1414.9
1398780 1413.5
1398790 1410.9
1398800 1410.9
1398810 1409.0
1398820 1409.1
1398830 1409.1
1398840 1409.0
1398850 1408.3
1398860 1408.3
1398870 1406.4
1398880 1404.5
1398890 1404.5
1398900 1403.5
1398910 1401.6
1398920 1399.4
1398930 1399.4
1398940 1397.7
1398950 1396.3
1398960 1396.3
1398970 1394.2
1398980 1391.1
1398990 1391.1
1399000 1387.7
1399010 1385.6
1399020 1385.6
1399030 1383.7
1399040 1381.5
1399050 1381.5
1399060 1379.5
1399070 1377.7
1399080 1377.7
1399090 1375.5
1399100 1373.2
1399110 1370.4
1399120 1370.4
1399130 1368.1
1399140 1366.4
1399150 1366.4
1399160 1365.0
1399170 1363.7
1399180 1363.7
1399190 1362.1
1399200 1360.2
1399210 1360.2
1399220 1357.1
1399230 1352.3
1399240 1352.3
1399250 1347.3
1399260 1342.4
1399270 1342.3
1399280 1342.3
1399290 1342.8
1399300 1340.1
1399310 1340.1
1399320 1339.5
1399330 1338.7
1399340 1338.7
1399350 1337.4
1399360 1336.1
1399370 1336.1
1399380 1334.4
1399390 1332.3
1399400 1332.3
1399410 1329.8
1399420 1325.2
1399430 1325.2
1399440 1324.1
1399450 1322.7
1399460 1321.2
1399470 1321.2
1399480 1319.5
1399490 1318.7
1399500 1318.7
1399510 1318.2
1399520 1317.4
1399530 1317.4
1399540 1316.2
1399550 1314.3
1399560 1314.3
1399570 1311.7
1399580 1309.1
1399590 1309.1
1399600 1307.4
1399610 1306.2
1399620 1305.0
1399630 1305.0
1399640 1303.7
1399650 1302.0
1399660 1302.0
1399670 1300.1
1399680 1298.7
1399690 1298.7
1399700 1298.0
1399710 1297.7
1399720 1297.7
1399730 1297.6
1399740 1296.8
1399750 1296.8
1399760 1295.4
1399770 1294.3
1399780 1294.3
1399790 1293.5
1399800 1292.7
1399810 1292.1
1399820 1292.1
1399830 1291.9
1399840 1291.1
1399850 1291.1
1399860 1289.7
1399870 1287.9
1399880 1287.9
1399890 1286.2
1399900 1284.6
1399910 1284.6
1399920 1282.9
1399930 1281.7
1399940 1281.7
1399950 1280.7
1399960 1279.7
1399970 1278.3
1399980 1278.3
1399990 1277.3
