1380000 2162.4
1380010 2158.9
1380020 2155.4
1380030 2155.4
1380040 2152.5
1380050 2150.3
1380060 2150.3
1380070 2148.5
1380080 2147.0
1380090 2145.7
1380100 2145.7
1380110 2144.3
1380120 2143.1
1380130 2143.1
1380140 2142.4
1380150 2140.8
1380160 2140.8
1380170 2139.0
1380180 2138.0
1380190 2138.0
1380200 2136.3
1380210 2133.3
1380220 2133.3
1380230 2130.7
1380240 2129.6
1380250 2129.6
1380260 2128.4
1380270 2127.1
1380280 2124.7
1380290 2124.7
1380300 2121.5
1380310 2119.0
1380320 2119.0
1380330 2117.6
1380340 2116.3
1380350 2116.3
1380360 2116.0
1380370 2116.0
1380380 2116.0
1380390 2115.1
1380400 2114.0
1380410 2114.0
1380420 2112.0
1380430 2110.0
1380440 2107.5
1380450 2107.5
1380460 2105.6
1380470 2104.2
1380480 2104.2
1380490 2099.3
1380500 2093.9
1380510 2093.9
1380520 2088.2
1380530 2084.0
1380540 2084.0
1380550 2080.3
1380560 2076.8
1380570 2076.8
1380580 2072.3
1380590 2068.2
1380600 2068.2
1380610 2065.1
1380620 2062.5
1380630 2059.9
1380640 2059.9
1380650 2057.3
1380660 2054.6
1380670 2054.6
1380680 2051.9
1380690 2049.5
1380700 2049.5
1380710 2046.9
1380720 2044.3
1380730 2044.3
1380740 2042.6
1380750 2041.7
1380760 2041.7
1380770 2041.1
1380780 2040.4
1380790 2039.6
1380800 2039.6
1380810 2038.5
1380820 2036.7
1380830 2036.7
1380840 2034.6
1380850 2032.7
1380860 2032.7
1380870 2030.1
1380880 2026.9
1380890 2026.9
1380900 2023.8
1380910 2020.5
1380920 2020.5
1380930 2016.3
1380940 2012.8
1380950 2010.5
1380960 2010.5
1380970 2007.4
1380980 2003.0
1380990 2003.0
1381000 1998.5
1381010 1995.2
1381020 1995.2
1381030 1993.9
1381040 1991.6
1381050 1991.6
1381060 1989.4
1381070 1985.6
1381080 1985.6
1381090 1981.3
1381100 1977.0
1381110 1977.0
1381120 1975.2
1381130 1976.1
1381140 1975.4
1381150 1975.4
1381160 1972.9
1381170 1970.6
1381180 1970.6
1381190 1965.5
1381200 1959.4
1381210 1959.4
1381220 1954.5
1381230 1949.8
1381240 1949.8
1381250 1945.1
1381260 1941.4
1381270 1941.4
1381280 1938.2
1381290 1935.4
1381300 1932.5
1381310 1932.5
1381320 1929.6
1381330 1926.0
1381340 1926.0
1381350 1919.2
1381360 1914.9
1381370 1914.9
1381380 1911.3
1381390 1907.3
1381400 1907.3
1381410 1902.1
1381420 1895.2
1381430 1895.2
1381440 1888.0
1381450 1882.2
1381460 1882.2
1381470 1877.8
1381480 1874.0
1381490 1869.6
1381500 1869.6
1381510 1864.4
1381520 1860.0
1381530 1860.0
1381540 1855.2
1381550 1851.0
1381560 1851.0
1381570 1847.9
1381580 1843.2
1381590 1843.2
1381600 1836.6
1381610 1830.4
1381620 1830.4
1381630 1825.5
1381640 1820.9
1381650 1815.6
1381660 1815.6
1381670 1808.9
1381680 1801.3
1381690 1801.3
1381700 1795.3
1381710 1790.7
1381720 1790.7
1381730 1786.7
1381740 1783.2
1381750 1783.2
1381760 1778.9
1381770 1773.9
1381780 1773.9
1381790 1768.6
1381800 1764.2
1381810 1764.2
1381820 1760.2
1381830 1756.4
1381840 1751.7
1381850 1751.7
1381860 1747.2
1381870 1744.2
1381880 1744.2
1381890 1741.5
1381900 1738.5
1381910 1738.5
1381920 1735.2
1381930 1732.1
1381940 1732.1
1381950 1728.7
1381960 1725.6
1381970 1725.6
1381980 1722.7
1381990 1720.7
1382000 1718.9
1382010 1718.9
1382020 1716.6
1382030 1712.1
1382040 1712.1
1382050 1706.7
1382060 1702.0
1382070 1702.0
1382080 1697.2
1382090 1692.3
1382100 1692.3
1382110 1688.1
1382120 1684.6
1382130 1684.6
1382140 1680.6
1382150 1676.4
1382160 1676.4
1382170 1672.5
1382180 1668.4
1382190 1663.8
1382200 1663.8
1382210 1658.8
1382220 1654.7
1382230 1654.7
1382240 1650.9
1382250 1647.1
1382260 1647.1
1382270 1643.3
1382280 1639.8
1382290 1639.8
1382300 1635.6
1382310 1631.2
1382320 1631.2
1382330 1626.5
1382340 1622.0
1382350 1618.2
1382360 1618.2
1382370 1613.3
1382380 1608.4
1382390 1608.4
1382400 1604.7
1382410 1600.1
1382420 1600.1
1382430 1595.0
1382440 1591.1
1382450 1591.1
1382460 1586.9
1382470 1583.5
1382480 1583.5
1382490 1582.1
1382500 1581.3
1382510 1581.3
1382520 1577.1
1382530 1568.5
1382540 1561.1
1382550 1561.1
1382560 1556.9
1382570 1555.0
1382580 1555.0
1382590 1553.8
1382600 1549.4
1382610 1549.4
1382620 1541.9
1382630 1534.4
1382640 1534.4
1382650 1527.0
1382660 1520.3
1382670 1520.3
1382680 1515.1
1382690 1510.2
1382700 1504.9
1382710 1504.9
1382720 1498.6
1382730 1491.3
1382740 1491.3
1382750 1484.9
1382760 1479.5
1382770 1479.5
1382780 1474.1
1382790 1468.9
1382800 1468.9
1382810 1463.8
1382820 1458.9
1382830 1458.9
1382840 1453.5
1382850 1448.1
1382860 1442.4
1382870 1442.4
1382880 1436.0
1382890 1429.8
1382900 1429.8
1382910 1424.7
1382920 1420.4
1382930 1420.4
1382940 1415.7
1382950 1409.6
1382960 1409.6
1382970 1401.3
1382980 1393.6
1382990 1393.6
1383000 1386.3
1383010 1381.1
1383020 1381.1
1383030 1377.6
1383040 1375.6
1383050 1374.2
1383060 1374.2
1383070 1372.9
1383080 1371.4
1383090 1371.4
1383100 1366.7
1383110 1363.1
1383120 1363.1
1383130 1361.5
1383140 1357.4
1383150 1357.4
1383160 1353.0
1383170 1350.2
1383180 1350.2
1383190 1347.3
1383200 1342.1
1383210 1338.5
1383220 1338.5
1383230 1331.4
1383240 1322.5
1383250 1322.5
1383260 1316.1
1383270 1311.0
1383280 1311.0
1383290 1303.6
1383300 1297.1
1383310 1297.1
1383320 1290.5
1383330 1282.2
1383340 1282.2
1383350 1273.4
1383360 1264.5
1383370 1264.5
1383380 1257.7
1383390 1252.0
1383400 1249.3
1383410 1249.3
1383420 1246.1
1383430 1240.8
1383440 1240.8
1383450 1233.0
1383460 1227.6
1383470 1227.6
1383480 1223.4
1383490 1219.5
1383500 1219.5
1383510 1214.9
1383520 1206.8
1383530 1206.8
1383540 1200.0
1383550 1202.5
1383560 1207.1
1383570 1207.1
1383580 1213.2
1383590 1221.5
1383600 1221.5
1383610 1230.1
1383620 1237.1
1383630 1237.1
1383640 1243.5
1383650 1250.9
1383660 1250.9
1383670 1260.5
1383680 1275.0
1383690 1275.0
1383700 1292.7
1383710 1302.7
1383720 1302.7
1383730 1308.1
1383740 1312.2
1383750 1317.8
1383760 1317.8
1383770 1324.8
1383780 1331.5
1383790 1331.5
1383800 1337.1
1383810 1340.3
1383820 1334.4
1383830 1338.0
1383840 1342.0
1383850 1342.0
1383860 1346.4
1383870 1351.4
1383880 1351.4
1383890 1356.5
1383900 1362.7
1383910 1368.2
1383920 1368.2
1383930 1371.8
1383940 1374.8
1383950 1374.8
1383960 1372.9
1383970 1369.1
1383980 1369.1
1383990 1368.9
1384000 1370.1
1384010 1370.1
1384020 1369.5
1384030 1375.7
1384040 1375.7
1384050 1386.7
1384060 1391.6
1384070 1391.6
1384080 1390.2
1384090 1390.6
1384100 1393.2
1384110 1393.2
1384120 1392.0
1384130 1393.8
1384140 1393.8
1384150 1397.9
1384160 1400.9
1384170 1400.9
1384180 1403.8
1384190 1408.1
1384200 1408.1
1384210 1408.0
1384220 1408.0
1384230 1408.0
1384240 1413.6
1384250 1422.1
1384260 1429.0
1384270 1429.0
1384280 1431.8
1384290 1439.4
1384300 1439.4
1384310 1446.7
1384320 1452.8
1384330 1452.8
1384340 1456.8
1384350 1458.0
1384360 1458.0
1384370 1465.8
1384380 1477.6
1384390 1477.6
1384400 1489.9
1384410 1500.0
1384420 1508.6
1384430 1508.6
1384440 1516.7
1384450 1525.7
1384460 1525.7
1384470 1535.7
1384480 1545.7
1384490 1545.7
1384500 1556.8
1384510 1569.6
1384520 1569.6
1384530 1581.3
1384540 1590.2
1384550 1590.2
1384560 1596.4
1384570 1602.4
1384580 1602.4
1384590 1610.8
1384600 1619.6
1384610 1627.0
1384620 1627.0
1384630 1635.1
1384640 1642.7
1384650 1642.7
1384660 1648.3
1384670 1654.5
1384680 1654.5
1384690 1660.5
1384700 1666.6
1384710 1666.6
1384720 1673.8
1384730 1680.3
1384740 1680.3
1384750 1684.0
1384760 1688.9
1384770 1694.1
1384780 1694.1
1384790 1699.4
1384800 1705.0
1384810 1705.0
1384820 1712.1
1384830 1718.5
1384840 1718.5
1384850 1721.8
1384860 1724.9
1384870 1724.9
1384880 1727.9
1384890 1731.9
1384900 1731.9
1384910 1737.1
1384920 1743.0
1384930 1743.0
1384940 1748.4
1384950 1753.3
1384960 1757.9
1384970 1757.9
1384980 1762.2
1384990 1766.4
1385000 1766.4
1385010 1770.7
1385020 1774.8
1385030 1774.8
1385040 1779.6
1385050 1784.7
1385060 1784.7
1385070 1790.1
1385080 1800.8
1385090 1800.8
1385100 1809.2
1385110 1816.8
1385120 1825.2
1385130 1825.2
1385140 1834.2
1385150 1841.3
1385160 1841.3
1385170 1847.2
1385180 1852.9
1385190 1852.9
1385200 1858.1
1385210 1864.7
1385220 1864.7
1385230 1872.7
1385240 1880.4
1385250 1880.4
1385260 1886.2
1385270 1891.0
1385280 1891.0
1385290 1895.8
1385300 1900.4
1385310 1905.0
1385320 1905.0
1385330 1909.4
1385340 1913.6
1385350 1913.6
1385360 1917.7
1385370 1922.2
1385380 1922.2
1385390 1926.1
1385400 1930.1
1385410 1930.1
1385420 1934.4
1385430 1939.2
1385440 1939.2
1385450 1943.7
1385460 1947.4
1385470 1950.9
1385480 1950.9
1385490 1954.7
1385500 1958.8
1385510 1958.8
1385520 1962.9
1385530 1967.2
1385540 1967.2
1385550 1971.3
1385560 1975.5
1385570 1975.5
1385580 1980.9
1385590 1986.3
1385600 1986.3
1385610 1990.9
1385620 1995.1
1385630 1995.1
1385640 1999.6
1385650 2004.9
1385660 2011.3
1385670 2011.3
1385680 2017.6
1385690 2021.6
1385700 2021.6
1385710 2024.9
1385720 2029.4
1385730 2029.4
1385740 2033.7
1385750 2037.3
1385760 2037.3
1385770 2041.0
1385780 2046.0
1385790 2046.0
1385800 2051.1
1385810 2055.3
1385820 2058.3
1385830 2058.3
1385840 2061.9
1385850 2065.0
1385860 2065.0
1385870 2067.4
1385880 2069.7
1385890 2069.7
1385900 2071.6
1385910 2073.3
1385920 2073.3
1385930 2074.4
1385940 2075.8
1385950 2075.8
1385960 2077.3
1385970 2078.5
1385980 2078.5
1385990 2079.5
1386000 2080.2
1386010 2081.1
1386020 2081.1
1386030 2082.2
1386040 2082.8
1386050 2082.8
1386060 2083.7
1386070 2084.8
1386080 2084.8
1386090 2086.2
1386100 2087.0
1386110 2087.0
1386120 2087.0
1386130 2087.0
1386140 2087.0
1386150 2087.4
1386160 2087.2
1386170 2087.0
1386180 2087.0
1386190 2087.5
1386200 2088.3
1386210 2088.3
1386220 2089.7
1386230 2091.4
1386240 2091.4
1386250 2092.7
1386260 2094.0
1386270 2094.0
1386280 2096.3
1386290 2099.3
1386300 2099.3
1386310 2101.4
1386320 2103.2
1386330 2104.5
1386340 2104.5
1386350 2105.6
1386360 2106.7
1386370 2106.7
1386380 2107.5
1386390 2108.9
1386400 2108.9
1386410 2109.7
1386420 2110.3
1386430 2110.3
1386440 2110.6
1386450 2110.3
1386460 2110.3
1386470 2110.3
1386480 2110.7
1386490 2110.7
1386500 2111.1
1386510 2112.2
1386520 2114.4
1386530 2114.4
1386540 2116.6
1386550 2117.6
1386560 2117.6
1386570 2118.2
1386580 2119.0
1386590 2119.0
1386600 2119.8
1386610 2120.4
1386620 2120.4
1386630 2120.6
1386640 2120.6
1386650 2120.6
1386660 2120.6
1386670 2120.1
1386680 2119.5
1386690 2119.5
1386700 2119.3
1386710 2119.3
1386720 2119.3
1386730 2119.4
1386740 2119.0
1386750 2119.0
1386760 2118.4
1386770 2117.7
1386780 2117.7
1386790 2116.3
1386800 2114.8
1386810 2114.8
1386820 2113.0
1386830 2110.6
1386840 2110.6
1386850 2108.6
1386860 2108.0
1386870 2108.2
1386880 2108.2
1386890 2108.8
1386900 2109.2
1386910 2109.2
1386920 2109.1
1386930 2109.5
1386940 2109.5
1386950 2109.7
1386960 2109.4
1386970 2109.4
1386980 2108.4
1386990 2106.4
1387000 2106.4
1387010 2103.8
1387020 2101.8
1387030 2099.3
1387040 2099.3
1387050 2096.2
1387060 2093.1
1387070 2093.1
1387080 2090.6
1387090 2088.5
1387100 2088.5
1387110 2086.8
1387120 2085.1
1387130 2085.1
1387140 2082.5
1387150 2079.0
1387160 2079.0
1387170 2080.1
1387180 2083.2
1387190 2083.2
1387200 2086.9
1387210 2090.4
1387220 2092.7
1387230 2092.7
1387240 2095.4
1387250 2097.4
1387260 2097.4
1387270 2098.7
1387280 2100.2
1387290 2100.2
1387300 2101.2
1387310 2102.1
1387320 2102.1
1387330 2103.1
1387340 2103.1
1387350 2103.1
1387360 2102.1
1387370 2100.4
1387380 2098.5
1387390 2098.5
1387400 2095.9
1387410 2093.2
1387420 2093.2
1387430 2090.0
1387440 2086.3
1387450 2086.3
1387460 2082.3
1387470 2078.1
1387480 2078.1
1387490 2074.4
1387500 2070.2
1387510 2070.2
1387520 2065.0
1387530 2060.2
1387540 2060.2
1387550 2056.4
1387560 2053.5
1387570 2050.2
1387580 2050.2
1387590 2045.9
1387600 2041.9
1387610 2041.9
1387620 2038.8
1387630 2035.8
1387640 2035.8
1387650 2032.8
1387660 2028.3
1387670 2028.3
1387680 2025.5
1387690 2022.7
1387700 2022.7
1387710 2020.7
1387720 2019.6
1387730 2020.1
1387740 2020.1
1387750 2021.9
1387760 2024.1
1387770 2024.1
1387780 2025.8
1387790 2027.3
1387800 2027.3
1387810 2029.8
1387820 2033.2
1387830 2033.2
1387840 2036.5
1387850 2039.2
1387860 2039.2
1387870 2042.1
1387880 2045.2
1387890 2048.0
1387900 2048.0
1387910 2049.8
1387920 2050.6
1387930 2050.6
1387940 2051.3
1387950 2052.6
1387960 2052.6
1387970 2053.9
1387980 2055.1
1387990 2055.1
1388000 2056.0
1388010 2056.7
1388020 2056.7
1388030 2057.3
1388040 2057.5
1388050 2057.5
1388060 2057.0
1388070 2056.3
1388080 2056.2
1388090 2056.2
1388100 2055.6
1388110 2054.5
1388120 2054.5
1388130 2054.4
1388140 2054.6
1388150 2054.6
1388160 2054.5
1388170 2054.4
1388180 2054.4
1388190 2054.0
1388200 2053.0
1388210 2053.0
1388220 2050.7
1388230 2047.9
1388240 2045.5
1388250 2045.5
1388260 2043.6
1388270 2041.4
1388280 2041.4
1388290 2038.6
1388300 2035.0
1388310 2035.0
1388320 2035.1
1388330 2035.9
1388340 2035.9
1388350 2035.5
1388360 2036.2
1388370 2036.2
1388380 2038.4
1388390 2040.7
1388400 2040.7
1388410 2041.1
1388420 2038.6
1388430 2033.7
1388440 2033.7
1388450 2032.7
1388460 2031.6
1388470 2031.6
1388480 2029.0
1388490 2027.3
1388500 2027.3
1388510 2024.4
1388520 2022.1
1388530 2022.1
1388540 2020.7
1388550 2019.5
1388560 2019.5
1388570 2017.0
1388580 2013.0
1388590 2007.7
1388600 2007.7
1388610 2002.0
1388620 1995.8
1388630 1995.8
1388640 1989.7
1388650 1983.7
1388660 1983.7
1388670 1976.8
1388680 1969.1
1388690 1969.1
1388700 1961.3
1388710 1954.1
1388720 1954.1
1388730 1947.7
1388740 1942.2
1388750 1942.2
1388760 1938.0
1388770 1934.7
1388780 1930.5
1388790 1930.5
1388800 1925.6
1388810 1920.7
1388820 1920.7
1388830 1916.2
1388840 1911.4
1388850 1911.4
1388860 1907.0
1388870 1901.9
1388880 1901.9
1388890 1896.7
1388900 1890.9
1388910 1890.9
1388920 1885.1
1388930 1877.8
1388940 1870.1
1388950 1870.1
1388960 1862.7
1388970 1858.8
1388980 1858.8
1388990 1854.4
1389000 1849.3
1389010 1849.3
1389020 1841.7
1389030 1834.7
1389040 1834.7
1389050 1827.6
1389060 1820.6
1389070 1820.6
1389080 1814.3
1389090 1809.5
1389100 1809.5
1389110 1806.1
1389120 1800.5
1389130 1795.2
1389140 1795.2
1389150 1790.1
1389160 1787.0
1389170 1787.0
1389180 1783.5
1389190 1777.9
1389200 1777.9
1389210 1774.0
1389220 1771.3
1389230 1771.3
1389240 1765.9
1389250 1759.0
1389260 1759.0
1389270 1754.9
1389280 1748.2
1389290 1739.2
1389300 1739.2
1389310 1731.4
1389320 1726.0
1389330 1726.0
1389340 1720.6
1389350 1715.6
1389360 1715.6
1389370 1709.9
1389380 1702.4
1389390 1702.4
1389400 1694.1
1389410 1683.5
1389420 1683.5
1389430 1672.4
1389440 1663.3
1389450 1656.3
1389460 1656.3
1389470 1647.7
1389480 1636.4
1389490 1636.4
1389500 1628.5
1389510 1621.3
1389520 1621.3
1389530 1615.8
1389540 1610.9
1389550 1610.9
1389560 1605.5
1389570 1599.8
1389580 1599.8
1389590 1595.6
1389600 1595.5
1389610 1595.5
1389620 1599.1
1389630 1604.0
1389640 1606.7
1389650 1606.7
1389660 1603.0
1389670 1595.9
1389680 1595.9
1389690 1588.6
1389700 1581.8
1389710 1581.8
1389720 1574.7
1389730 1567.3
1389740 1567.3
1389750 1561.1
1389760 1556.2
1389770 1556.2
1389780 1551.5
1389790 1551.5
1389800 1562.0
1389810 1562.0
1389820 1570.7
1389830 1578.0
1389840 1578.0
1389850 1586.8
1389860 1589.5
1389870 1589.5
1389880 1588.3
1389890 1591.3
1389900 1591.3
1389910 1597.8
1389920 1605.3
1389930 1605.3
1389940 1613.0
1389950 1621.6
1389960 1621.6
1389970 1632.1
1389980 1640.8
1389990 1648.9
1390000 1648.9
1390010 1657.9
1390020 1667.4
1390030 1667.4
1390040 1677.3
1390050 1686.8
1390060 1686.8
1390070 1695.7
1390080 1703.0
1390090 1703.0
1390100 1709.7
1390110 1715.5
1390120 1715.5
1390130 1720.2
1390140 1724.3
1390150 1728.8
1390160 1728.8
1390170 1734.9
1390180 1741.3
1390190 1741.3
1390200 1746.8
1390210 1753.5
1390220 1753.5
1390230 1760.9
1390240 1769.0
1390250 1769.0
1390260 1776.7
1390270 1783.0
1390280 1783.0
1390290 1788.6
1390300 1796.0
1390310 1796.0
1390320 1802.9
1390330 1809.7
1390340 1815.4
1390350 1815.4
1390360 1822.1
1390370 1829.6
1390380 1829.6
1390390 1836.9
1390400 1842.2
1390410 1842.2
1390420 1847.5
1390430 1852.7
1390440 1852.7
1390450 1858.5
1390460 1864.7
1390470 1864.7
1390480 1870.3
1390490 1875.0
1390500 1880.0
1390510 1880.0
1390520 1886.5
1390530 1894.2
1390540 1894.2
1390550 1901.6
1390560 1907.1
1390570 1907.1
1390580 1913.8
1390590 1920.3
1390600 1920.3
1390610 1927.6
1390620 1936.5
1390630 1936.5
1390640 1939.7
1390650 1939.6
1390660 1939.6
1390670 1938.6
1390680 1934.4
1390690 1930.2
1390700 1930.2
1390710 1926.0
1390720 1921.2
1390730 1921.2
1390740 1915.9
1390750 1910.6
1390760 1910.6
1390770 1906.4
1390780 1904.8
1390790 1904.8
1390800 1905.3
1390810 1908.0
1390820 1908.0
1390830 1910.3
1390840 1912.2
1390850 1912.9
1390860 1912.9
1390870 1912.6
1390880 1912.1
1390890 1912.1
1390900 1911.1
1390910 1909.6
1390920 1909.6
1390930 1907.5
1390940 1906.2
1390950 1906.2
1390960 1907.1
1390970 1909.5
1390980 1909.5
1390990 1912.1
1391000 1914.3
1391010 1916.8
1391020 1916.8
1391030 1919.2
1391040 1920.0
1391050 1920.0
1391060 1920.2
1391070 1919.3
1391080 1919.3
1391090 1917.1
1391100 1914.0
1391110 1914.0
1391120 1910.4
1391130 1906.2
1391140 1906.2
1391150 1901.9
1391160 1897.6
1391170 1897.6
1391180 1893.4
1391190 1889.1
1391200 1885.0
1391210 1885.0
1391220 1881.4
1391230 1877.9
1391240 1877.9
1391250 1874.1
1391260 1870.4
1391270 1870.4
1391280 1867.1
1391290 1862.7
1391300 1862.7
1391310 1858.6
1391320 1855.3
1391330 1855.3
1391340 1851.5
1391350 1847.6
1391360 1845.0
1391370 1845.0
1391380 1844.3
1391390 1844.1
1391400 1844.1
1391410 1844.1
1391420 1843.6
1391430 1843.6
1391440 1841.6
1391450 1840.3
1391460 1840.3
1391470 1838.9
1391480 1837.9
1391490 1837.9
1391500 1837.5
1391510 1837.1
1391520 1837.1
1391530 1836.5
1391540 1836.6
1391550 1837.6
1391560 1837.6
1391570 1839.1
1391580 1840.9
1391590 1840.9
1391600 1842.7
1391610 1845.2
1391620 1845.2
1391630 1847.4
1391640 1849.9
1391650 1846.7
1391660 1849.6
1391670 1852.4
1391680 1852.4
1391690 1855.2
1391700 1858.0
1391710 1859.4
1391720 1859.4
1391730 1860.9
1391740 1863.5
1391750 1863.5
1391760 1866.2
1391770 1868.7
1391780 1868.7
1391790 1870.1
1391800 1869.9
1391810 1869.9
1391820 1870.0
1391830 1869.5
1391840 1869.5
1391850 1867.0
1391860 1862.1
1391870 1862.1
1391880 1856.9
1391890 1852.6
1391900 1848.4
1391910 1848.4
1391920 1844.6
1391930 1841.5
1391940 1841.5
1391950 1839.4
1391960 1838.2
1391970 1838.2
1391980 1835.0
1391990 1831.5
1392000 1831.5
1392010 1829.6
1392020 1827.8
1392030 1827.8
1392040 1827.9
1392050 1828.1
1392060 1827.1
1392070 1827.1
1392080 1823.3
1392090 1819.8
1392100 1819.8
1392110 1815.4
1392120 1809.7
1392130 1809.7
1392140 1805.1
1392150 1798.7
1392160 1798.7
1392170 1793.5
1392180 1789.4
1392190 1789.4
1392200 1784.9
1392210 1780.7
1392220 1780.7
1392230 1778.0
1392240 1774.4
1392250 1769.0
1392260 1769.0
1392270 1764.6
1392280 1761.0
1392290 1761.0
1392300 1757.4
1392310 1754.0
1392320 1754.0
1392330 1750.8
1392340 1745.3
1392350 1745.3
1392360 1740.2
1392370 1737.8
1392380 1737.8
1392390 1735.1
1392400 1730.7
1392410 1725.7
1392420 1725.7
1392430 1722.5
1392440 1719.3
1392450 1719.3
1392460 1715.3
1392470 1711.9
1392480 1711.9
1392490 1707.9
1392500 1703.8
1392510 1703.8
1392520 1695.6
1392530 1686.5
1392540 1686.5
1392550 1677.9
1392560 1664.5
1392570 1653.5
1392580 1653.5
1392590 1647.2
1392600 1641.4
1392610 1641.4
1392620 1635.3
1392630 1629.9
1392640 1629.9
1392650 1624.0
1392660 1616.6
1392670 1616.6
1392680 1609.7
1392690 1603.8
1392700 1603.8
1392710 1597.3
1392720 1590.9
1392730 1590.9
1392740 1584.9
1392750 1580.0
1392760 1575.3
1392770 1575.3
1392780 1568.9
1392790 1563.2
1392800 1563.2
1392810 1557.2
1392820 1550.9
1392830 1550.9
1392840 1546.2
1392850 1542.4
1392860 1542.4
1392870 1538.3
1392880 1534.1
1392890 1534.1
1392900 1531.7
1392910 1529.2
1392920 1525.7
1392930 1525.7
1392940 1523.4
1392950 1519.4
1392960 1519.4
1392970 1514.8
1392980 1510.3
1392990 1510.3
1393000 1505.7
1393010 1500.5
1393020 1505.1
1393030 1498.3
1393040 1491.6
1393050 1491.6
1393060 1485.0
1393070 1480.9
1393080 1480.9
1393090 1477.7
1393100 1476.6
1393110 1473.3
1393120 1473.3
1393130 1468.1
1393140 1462.2
1393150 1462.2
1393160 1452.2
1393170 1444.9
1393180 1444.9
1393190 1441.0
1393200 1439.7
1393210 1439.7
1393220 1437.3
1393230 1433.6
1393240 1433.6
1393250 1431.5
1393260 1427.5
1393270 1421.7
1393280 1421.7
1393290 1413.0
1393300 1404.6
1393310 1404.6
1393320 1399.5
1393330 1396.0
1393340 1396.0
1393350 1388.4
1393360 1382.0
1393370 1382.0
1393380 1369.3
1393390 1360.5
1393400 1360.5
1393410 1354.6
1393420 1346.1
1393430 1346.1
1393440 1336.8
1393450 1328.8
1393460 1316.7
1393470 1316.7
1393480 1307.6
1393490 1298.9
1393500 1298.9
1393510 1292.3
1393520 1285.6
1393530 1285.6
1393540 1279.6
1393550 1272.7
1393560 1272.7
1393570 1266.4
1393580 1260.6
1393590 1260.6
1393600 1255.8
1393610 1256.7
1393620 1261.6
1393630 1261.6
1393640 1265.6
1393650 1275.3
1393660 1275.3
1393670 1289.0
1393680 1302.1
1393690 1302.1
1393700 1308.5
1393710 1311.9
1393720 1311.9
1393730 1323.5
1393740 1326.9
1393750 1326.9
1393760 1326.6
1393770 1330.8
1393780 1330.8
1393790 1330.4
1393800 1326.4
1393810 1324.4
1393820 1324.4
1393830 1323.4
1393840 1324.2
1393850 1324.2
1393860 1326.0
1393870 1328.1
1393880 1328.1
1393890 1329.7
1393900 1328.5
1393910 1328.5
1393920 1328.8
1393930 1333.3
1393940 1333.3
1393950 1334.9
1393960 1337.1
1393970 1335.0
1393980 1335.0
1393990 1332.3
1394000 1337.4
1394010 1337.4
1394020 1350.4
1394030 1367.5
1394040 1367.5
1394050 1381.5
1394060 1387.6
1394070 1387.6
1394080 1398.2
1394090 1403.8
1394100 1403.8
1394110 1409.8
1394120 1421.7
1394130 1430.5
1394140 1430.5
1394150 1434.3
1394160 1440.2
1394170 1440.2
1394180 1446.4
1394190 1451.5
1394200 1451.5
1394210 1455.9
1394220 1458.7
1394230 1458.7
1394240 1463.0
1394250 1467.3
1394260 1467.3
1394270 1471.9
1394280 1476.8
1394290 1476.8
1394300 1480.7
1394310 1485.1
1394320 1490.2
1394330 1490.2
1394340 1496.3
1394350 1502.6
1394360 1502.6
1394370 1508.8
1394380 1514.8
1394390 1514.8
1394400 1516.0
1394410 1521.8
1394420 1521.8
1394430 1528.1
1394440 1534.5
1394450 1534.5
1394460 1541.0
1394470 1547.3
1394480 1553.7
1394490 1553.7
1394500 1559.6
1394510 1564.6
1394520 1564.6
1394530 1568.8
1394540 1568.2
1394550 1568.2
1394560 1565.9
1394570 1564.4
1394580 1564.4
1394590 1563.9
1394600 1563.2
1394610 1563.2
1394620 1562.3
1394630 1561.6
1394640 1561.6
1394650 1561.1
1394660 1560.2
1394670 1559.7
1394680 1559.7
1394690 1559.3
1394700 1557.1
1394710 1557.1
1394720 1554.1
1394730 1551.0
1394740 1551.0
1394750 1548.9
1394760 1547.3
1394770 1547.3
1394780 1546.4
1394790 1546.0
1394800 1546.0
1394810 1544.3
1394820 1542.0
1394830 1540.7
1394840 1540.7
1394850 1539.4
1394860 1538.0
1394870 1538.0
1394880 1537.8
1394890 1536.2
1394900 1536.2
1394910 1533.3
1394920 1530.1
1394930 1530.1
1394940 1526.3
1394950 1524.4
1394960 1524.4
1394970 1523.0
1394980 1522.3
1394990 1522.3
1395000 1522.8
1395010 1522.4
1395020 1522.0
1395030 1522.0
1395040 1522.0
1395050 1522.4
1395060 1522.4
1395070 1522.7
1395080 1522.2
1395090 1522.2
1395100 1521.7
1395110 1522.1
1395120 1522.1
1395130 1523.9
1395140 1524.9
1395150 1524.9
1395160 1523.9
1395170 1521.7
1395180 1519.9
1395190 1519.9
1395200 1519.6
1395210 1519.8
1395220 1519.8
1395230 1520.2
1395240 1520.0
1395250 1520.0
1395260 1519.3
1395270 1518.0
1395280 1518.0
1395290 1516.9
1395300 1516.7
1395310 1516.7
1395320 1517.1
1395330 1517.6
1395340 1517.6
1395350 1517.8
1395360 1517.2
1395370 1516.7
1395380 1516.7
1395390 1515.9
1395400 1514.8
1395410 1514.8
1395420 1514.6
1395430 1515.4
1395440 1515.4
1395450 1517.1
1395460 1518.6
1395470 1518.6
1395480 1519.1
1395490 1519.4
1395500 1519.4
1395510 1520.3
1395520 1522.2
1395530 1525.7
1395540 1525.7
1395550 1530.4
1395560 1534.0
1395570 1534.0
1395580 1539.0
1395590 1543.1
1395600 1543.1
1395610 1544.2
1395620 1544.2
1395630 1544.2
1395640 1545.6
1395650 1548.0
1395660 1548.0
1395670 1551.2
1395680 1554.6
1395690 1558.2
1395700 1558.2
1395710 1560.5
1395720 1560.6
1395730 1560.6
1395740 1560.1
1395750 1560.1
1395760 1560.1
1395770 1560.1
1395780 1558.8
1395790 1558.8
1395800 1556.6
1395810 1551.4
1395820 1551.4
1395830 1549.4
1395840 1547.3
1395850 1547.3
1395860 1545.7
1395870 1544.2
1395880 1542.3
1395890 1542.3
1395900 1540.0
1395910 1537.3
1395920 1537.3
1395930 1534.6
1395940 1531.9
1395950 1531.9
1395960 1529.0
1395970 1526.0
1395980 1526.0
1395990 1523.1
1396000 1520.4
1396010 1520.4
1396020 1517.9
1396030 1514.8
1396040 1511.4
1396050 1511.4
1396060 1508.1
1396070 1504.9
1396080 1504.9
1396090 1501.6
1396100 1497.5
1396110 1497.5
1396120 1492.9
1396130 1488.1
1396140 1488.1
1396150 1482.8
1396160 1476.2
1396170 1476.2
1396180 1468.7
1396190 1462.4
1396200 1462.4
1396210 1456.7
1396220 1452.3
1396230 1448.4
1396240 1448.4
1396250 1443.9
1396260 1439.1
1396270 1439.1
1396280 1434.8
1396290 1430.0
1396300 1430.0
1396310 1425.7
1396320 1422.2
1396330 1422.2
1396340 1418.1
1396350 1413.3
1396360 1413.3
1396370 1408.0
1396380 1402.5
1396390 1397.7
1396400 1397.7
1396410 1393.3
1396420 1389.0
1396430 1389.0
1396440 1384.5
1396450 1379.7
1396460 1379.7
1396470 1375.2
1396480 1370.9
1396490 1370.9
1396500 1366.9
1396510 1363.0
1396520 1363.0
1396530 1359.5
1396540 1355.8
1396550 1355.8
1396560 1351.7
1396570 1349.4
1396580 1349.0
1396590 1349.0
1396600 1348.1
1396610 1347.3
1396620 1347.3
1396630 1346.1
1396640 1345.1
1396650 1345.1
1396660 1344.1
1396670 1342.3
1396680 1342.3
1396690 1340.1
1396700 1337.6
1396710 1337.6
1396720 1334.5
1396730 1331.3
1396740 1327.6
1396750 1327.6
1396760 1324.2
1396770 1321.5
1396780 1321.5
1396790 1319.3
1396800 1317.2
1396810 1317.2
1396820 1314.9
1396830 1312.6
1396840 1312.6
1396850 1310.4
1396860 1308.6
1396870 1308.6
1396880 1306.3
1396890 1303.6
1396900 1303.6
1396910 1300.8
1396920 1298.1
1396930 1295.1
1396940 1295.1
1396950 1291.0
1396960 1286.2
1396970 1286.2
1396980 1281.0
1396990 1275.8
1397000 1275.8
1397010 1270.6
1397020 1265.7
1397030 1265.7
1397040 1261.2
1397050 1257.3
1397060 1257.3
1397070 1253.0
1397080 1248.3
1397090 1244.7
1397100 1244.7
1397110 1239.8
1397120 1231.8
1397130 1231.8
1397140 1223.7
1397150 1216.3
1397160 1216.3
1397170 1210.3
1397180 1205.3
1397190 1205.3
1397200 1202.8
1397210 1203.2
1397220 1203.2
1397230 1205.4
1397240 1205.2
1397250 1207.6
1397260 1207.6
1397270 1209.9
1397280 1212.3
1397290 1212.3
1397300 1214.6
1397310 1218.1
1397320 1218.1
1397330 1223.9
1397340 1230.8
1397350 1230.8
1397360 1238.8
1397370 1246.7
1397380 1246.7
1397390 1253.2
1397400 1257.4
1397410 1257.4
1397420 1259.1
1397430 1255.7
1397440 1246.6
1397450 1246.6
1397460 1237.5
1397470 1227.5
1397480 1227.5
1397490 1224.3
1397500 1231.4
1397510 1231.4
1397520 1242.1
1397530 1248.5
1397540 1248.5
1397550 1254.1
1397560 1258.7
1397570 1258.7
1397580 1261.1
1397590 1261.8
1397600 1262.3
1397610 1262.3
1397620 1262.8
1397630 1263.6
1397640 1263.6
1397650 1264.4
1397660 1265.0
1397670 1265.0
1397680 1265.7
1397690 1265.9
1397700 1265.9
1397710 1265.8
1397720 1266.0
1397730 1266.0
1397740 1266.3
1397750 1266.6
1397760 1266.6
1397770 1267.1
1397780 1267.9
1397790 1268.3
1397800 1268.3
1397810 1268.8
1397820 1269.6
1397830 1269.6
1397840 1270.7
1397850 1271.9
1397860 1271.9
1397870 1273.4
1397880 1274.7
1397890 1274.7
1397900 1275.8
1397910 1277.8
1397920 1277.8
1397930 1281.0
1397940 1282.9
1397950 1284.2
1397960 1284.2
1397970 1287.5
1397980 1290.1
1397990 1290.1
1398000 1291.3
1398010 1293.7
1398020 1293.7
1398030 1296.1
1398040 1300.9
1398050 1300.9
1398060 1302.9
1398070 1304.8
1398080 1304.8
1398090 1305.4
1398100 1305.3
1398110 1305.3
1398120 1305.1
1398130 1304.6
1398140 1303.7
1398150 1303.7
1398160 1302.0
1398170 1300.0
1398180 1300.0
1398190 1297.8
1398200 1294.6
1398210 1294.6
1398220 1291.3
1398230 1288.1
1398240 1288.1
1398250 1284.9
1398260 1282.8
1398270 1282.8
1398280 1281.6
1398290 1280.3
1398300 1280.4
1398310 1280.4
1398320 1281.2
1398330 1282.0
1398340 1282.0
1398350 1282.4
1398360 1282.4
1398370 1282.4
1398380 1282.1
1398390 1281.7
1398400 1281.7
1398410 1281.0
1398420 1280.1
1398430 1280.1
1398440 1279.4
1398450 1279.3
1398460 1279.3
1398470 1279.4
1398480 1279.0
1398490 1278.7
1398500 1278.7
1398510 1278.4
1398520 1277.9
1398530 1277.9
1398540 1277.3
1398550 1276.5
1398560 1276.5
1398570 1276.0
1398580 1275.6
1398590 1275.6
1398600 1274.8
1398610 1274.0
1398620 1274.0
1398630 1273.2
1398640 1272.8
1398650 1272.3
1398660 1272.3
1398670 1271.8
1398680 1270.9
1398690 1270.9
1398700 1269.3
1398710 1268.7
1398720 1268.7
1398730 1267.7
1398740 1266.6
1398750 1266.6
1398760 1265.5
1398770 1264.5
1398780 1264.5
1398790 1263.4
1398800 1262.4
1398810 1261.5
1398820 1261.5
1398830 1260.8
1398840 1260.1
1398850 1260.1
1398860 1259.3
1398870 1258.3
1398880 1258.3
1398890 1257.2
1398900 1256.1
1398910 1256.1
1398920 1255.2
1398930 1254.5
1398940 1254.5
1398950 1253.8
1398960 1253.5
1398970 1253.5
1398980 1252.8
1398990 1252.2
1399000 1251.6
1399010 1251.6
1399020 1250.9
1399030 1250.1
1399040 1250.1
1399050 1249.3
1399060 1248.7
1399070 1248.7
1399080 1248.1
1399090 1247.0
1399100 1247.0
1399110 1246.0
1399120 1245.2
1399130 1245.2
1399140 1244.2
1399150 1243.2
1399160 1242.0
1399170 1242.0
1399180 1240.6
1399190 1238.7
1399200 1238.7
1399210 1236.3
1399220 1233.7
1399230 1233.7
1399240 1232.2
1399250 1232.1
1399260 1232.1
1399270 1232.6
1399280 1233.3
1399290 1233.3
1399300 1233.8
1399310 1233.8
1399320 1233.8
1399330 1233.2
1399340 1231.9
1399350 1229.5
1399360 1229.5
1399370 1225.5
1399380 1221.2
1399390 1221.2
1399400 1217.5
1399410 1212.3
1399420 1212.3
1399430 1208.8
1399440 1211.8
1399450 1211.8
1399460 1214.5
1399470 1216.0
1399480 1216.0
1399490 1214.7
1399500 1210.4
1399510 1205.1
1399520 1205.1
1399530 1200.0
1399540 1194.0
1399550 1194.0
1399560 1188.7
1399570 1183.1
1399580 1183.1
1399590 1176.8
1399600 1169.8
1399610 1169.8
1399620 1161.9
1399630 1152.6
1399640 1152.6
1399650 1147.7
1399660 1154.9
1399670 1154.9
1399680 1163.7
1399690 1170.1
1399700 1174.1
1399710 1174.1
1399720 1175.9
1399730 1175.4
1399740 1175.4
1399750 1173.4
1399760 1170.5
1399770 1170.5
1399780 1167.1
1399790 1163.6
1399800 1163.6
1399810 1160.6
1399820 1161.1
1399830 1161.1
1399840 1162.3
1399850 1162.1
1399860 1161.5
1399870 1161.5
1399880 1160.5
1399890 1159.4
1399900 1159.4
1399910 1157.9
1399920 1155.9
1399930 1155.9
1399940 1153.9
1399950 1152.2
1399960 1152.2
1399970 1151.3
1399980 1150.7
1399990 1150.7
