1380000 1549.9
1380010 1544.5
1380020 1563.1
1380030 1574.9
1380040 1574.9
1380050 1582.3
1380060 1588.2
1380070 1590.3
1380080 1590.3
1380090 1591.2
1380100 1593.1
1380110 1593.1
1380120 1595.7
1380130 1599.1
1380140 1599.1
1380150 1603.0
1380160 1606.9
1380170 1606.9
1380180 1610.7
1380190 1614.8
1380200 1614.8
1380210 1618.3
1380220 1621.5
1380230 1621.5
1380240 1624.1
1380250 1626.3
1380260 1626.9
1380270 1626.9
1380280 1624.8
1380290 1622.9
1380300 1622.9
1380310 1625.3
1380320 1630.2
1380330 1630.2
1380340 1634.1
1380350 1636.7
1380360 1636.7
1380370 1639.2
1380380 1640.2
1380390 1640.2
1380400 1636.3
1380410 1631.7
1380420 1631.7
1380430 1634.9
1380440 1639.1
1380450 1644.3
1380460 1644.3
1380470 1649.3
1380480 1652.4
1380490 1652.4
1380500 1656.9
1380510 1661.1
1380520 1661.1
1380530 1664.0
1380540 1666.3
1380550 1666.3
1380560 1668.7
1380570 1671.3
1380580 1671.3
1380590 1674.0
1380600 1677.1
1380610 1680.0
1380620 1680.0
1380630 1683.6
1380640 1687.1
1380650 1687.1
1380660 1690.3
1380670 1693.4
1380680 1693.4
1380690 1696.3
1380700 1698.3
1380710 1698.3
1380720 1700.5
1380730 1703.8
1380740 1703.8
1380750 1706.9
1380760 1710.7
1380770 1710.7
1380780 1714.6
1380790 1717.5
1380800 1720.0
1380810 1720.0
1380820 1722.1
1380830 1724.9
1380840 1724.9
1380850 1728.4
1380860 1732.8
1380870 1732.8
1380880 1737.4
1380890 1741.2
1380900 1741.2
1380910 1744.4
1380920 1746.7
1380930 1746.7
1380940 1749.5
1380950 1753.6
1380960 1756.9
1380970 1756.9
1380980 1760.2
1380990 1764.5
1381000 1764.5
1381010 1768.6
1381020 1772.3
1381030 1772.3
1381040 1775.8
1381050 1779.8
1381060 1779.8
1381070 1783.9
1381080 1789.2
1381090 1789.2
1381100 1795.7
1381110 1802.1
1381120 1802.1
1381130 1808.3
1381140 1814.7
1381150 1820.4
1381160 1820.4
1381170 1824.8
1381180 1827.2
1381190 1827.2
1381200 1828.8
1381210 1828.7
1381220 1827.9
1381230 1828.4
1381240 1828.4
1381250 1828.4
1381260 1828.9
1381270 1829.3
1381280 1829.3
1381290 1829.6
1381300 1830.5
1381310 1832.4
1381320 1832.4
1381330 1833.5
1381340 1834.4
1381350 1834.4
1381360 1835.3
1381370 1836.9
1381380 1836.9
1381390 1838.5
1381400 1840.7
1381410 1840.7
1381420 1842.1
1381430 1843.3
1381440 1843.3
1381450 1844.4
1381460 1845.6
1381470 1845.6
1381480 1846.8
1381490 1848.6
1381500 1849.8
1381510 1849.8
1381520 1850.7
1381530 1851.7
1381540 1851.7
1381550 1852.4
1381560 1853.2
1381570 1853.2
1381580 1854.0
1381590 1854.8
1381600 1854.8
1381610 1855.7
1381620 1856.9
1381630 1856.9
1381640 1858.2
1381650 1859.4
1381660 1859.4
1381670 1860.7
1381680 1861.9
1381690 1863.2
1381700 1863.2
1381710 1864.5
1381720 1865.8
1381730 1865.8
1381740 1867.2
1381750 1868.4
1381760 1868.4
1381770 1869.3
1381780 1871.9
1381790 1871.9
1381800 1874.8
1381810 1877.3
1381820 1877.3
1381830 1879.7
1381840 1881.9
1381850 1884.1
1381860 1884.1
1381870 1886.9
1381880 1889.4
1381890 1889.4
1381900 1891.5
1381910 1893.2
1381920 1893.2
1381930 1894.5
1381940 1895.5
1381950 1895.5
1381960 1896.3
1381970 1896.9
1381980 1896.9
1381990 1897.4
1382000 1898.0
1382010 1898.0
1382020 1898.8
1382030 1900.3
1382040 1902.6
1382050 1902.6
1382060 1905.0
1382070 1907.2
1382080 1907.2
1382090 1909.5
1382100 1911.8
1382110 1911.8
1382120 1913.5
1382130 1915.5
1382140 1915.5
1382150 1917.0
1382160 1918.4
1382170 1918.4
1382180 1920.6
1382190 1922.6
1382200 1923.9
1382210 1923.9
1382220 1925.0
1382230 1924.9
1382240 1924.9
1382250 1923.5
1382260 1922.3
1382270 1922.3
1382280 1921.3
1382290 1917.5
1382300 1917.5
1382310 1911.3
1382320 1905.8
1382330 1905.8
1382340 1903.9
1382350 1910.9
1382360 1910.9
1382370 1918.3
1382380 1916.1
1382390 1913.3
1382400 1913.3
1382410 1916.9
1382420 1920.4
1382430 1920.4
1382440 1924.8
1382450 1924.5
1382460 1924.5
1382470 1928.6
1382480 1932.3
1382490 1932.3
1382500 1937.9
1382510 1943.7
1382520 1943.7
1382530 1945.8
1382540 1946.1
1382550 1946.1
1382560 1949.3
1382570 1953.2
1382580 1956.8
1382590 1956.8
1382600 1960.1
1382610 1962.4
1382620 1962.4
1382630 1962.9
1382640 1962.7
1382650 1962.7
1382660 1963.8
1382670 1965.4
1382680 1965.4
1382690 1968.0
1382700 1972.1
1382710 1972.1
1382720 1976.1
1382730 1973.6
1382740 1967.1
1382750 1967.1
1382760 1960.5
1382770 1957.4
1382780 1957.4
1382790 1959.7
1382800 1965.8
1382810 1965.8
1382820 1967.7
1382830 1966.2
1382840 1966.2
1382850 1964.6
1382860 1970.2
1382870 1970.2
1382880 1978.6
1382890 1984.8
1382900 1984.8
1382910 1991.5
1382920 2001.0
1382930 2012.2
1382940 2012.2
1382950 2021.8
1382960 2026.2
1382970 2026.2
1382980 2028.5
1382990 2032.2
1383000 2032.2
1383010 2037.0
1383020 2042.3
1383030 2042.3
1383040 2042.9
1383050 2040.9
1383060 2040.9
1383070 2039.1
1383080 2039.9
1383090 2044.8
1383100 2044.8
1383110 2051.7
1383120 2059.3
1383130 2059.3
1383140 2066.9
1383150 2074.3
1383160 2074.3
1383170 2081.6
1383180 2088.3
1383190 2088.3
1383200 2091.6
1383210 2093.4
1383220 2093.4
1383230 2095.7
1383240 2098.1
1383250 2098.1
1383260 2101.8
1383270 2105.7
1383280 2111.4
1383290 2111.4
1383300 2119.4
1383310 2127.0
1383320 2127.0
1383330 2133.6
1383340 2138.0
1383350 2138.0
1383360 2141.5
1383370 2144.8
1383380 2144.8
1383390 2147.4
1383400 2150.3
1383410 2150.3
1383420 2152.8
1383430 2156.0
1383440 2157.6
1383450 2157.6
1383460 2159.2
1383470 2160.4
1383480 2160.4
1383490 2162.5
1383500 2165.4
1383510 2165.4
1383520 2166.5
1383530 2167.6
1383540 2167.6
1383550 2169.1
1383560 2170.9
1383570 2170.9
1383580 2173.0
1383590 2175.0
1383600 2175.0
1383610 2177.9
1383620 2179.9
1383630 2180.2
1383640 2180.2
1383650 2180.5
1383660 2181.4
1383670 2181.4
1383680 2182.3
1383690 2182.7
1383700 2177.0
1383710 2177.7
1383720 2178.7
1383730 2178.7
1383740 2179.6
1383750 2180.4
1383760 2180.4
1383770 2181.7
1383780 2182.8
1383790 2182.8
1383800 2180.2
1383810 2176.2
1383820 2172.0
1383830 2172.0
1383840 2167.6
1383850 2164.1
1383860 2164.1
1383870 2161.7
1383880 2157.7
1383890 2157.7
1383900 2152.6
1383910 2148.3
1383920 2148.3
1383930 2143.6
1383940 2138.4
1383950 2138.4
1383960 2135.4
1383970 2133.6
1383980 2131.7
1383990 2131.7
1384000 2128.4
1384010 2122.8
1384020 2122.8
1384030 2116.6
1384040 2111.2
1384050 2111.2
1384060 2106.3
1384070 2100.4
1384080 2100.4
1384090 2095.0
1384100 2090.0
1384110 2090.0
1384120 2085.1
1384130 2080.9
1384140 2080.9
1384150 2077.3
1384160 2073.5
1384170 2070.5
1384180 2070.5
1384190 2066.9
1384200 2062.6
1384210 2062.6
1384220 2056.0
1384230 2051.0
1384240 2051.0
1384250 2049.0
1384260 2045.1
1384270 2045.1
1384280 2039.9
1384290 2034.2
1384300 2034.2
1384310 2028.7
1384320 2023.9
1384330 2019.4
1384340 2019.4
1384350 2014.9
1384360 2010.1
1384370 2010.1
1384380 2005.9
1384390 2002.1
1384400 2002.1
1384410 1998.1
1384420 1994.2
1384430 1994.2
1384440 1990.6
1384450 1987.1
1384460 1987.1
1384470 1983.9
1384480 1981.2
1384490 1981.2
1384500 1978.3
1384510 1974.8
1384520 1970.7
1384530 1970.7
1384540 1966.4
1384550 1962.3
1384560 1962.3
1384570 1958.0
1384580 1953.6
1384590 1953.6
1384600 1949.2
1384610 1945.1
1384620 1945.1
1384630 1941.0
1384640 1937.2
1384650 1937.2
1384660 1933.8
1384670 1928.8
1384680 1923.3
1384690 1923.3
1384700 1916.4
1384710 1910.7
1384720 1910.7
1384730 1904.7
1384740 1898.7
1384750 1898.7
1384760 1892.5
1384770 1887.0
1384780 1887.0
1384790 1882.4
1384800 1877.6
1384810 1877.6
1384820 1872.3
1384830 1866.9
1384840 1866.9
1384850 1863.0
1384860 1858.4
1384870 1852.9
1384880 1852.9
1384890 1847.8
1384900 1842.6
1384910 1842.6
1384920 1838.4
1384930 1834.2
1384940 1834.2
1384950 1828.2
1384960 1821.4
1384970 1821.4
1384980 1814.9
1384990 1808.5
1385000 1808.5
1385010 1802.1
1385020 1796.3
1385030 1796.3
1385040 1791.3
1385050 1786.3
1385060 1780.5
1385070 1780.5
1385080 1775.0
1385090 1768.5
1385100 1768.5
1385110 1763.1
1385120 1758.2
1385130 1758.2
1385140 1753.5
1385150 1750.4
1385160 1750.4
1385170 1746.1
1385180 1740.4
1385190 1740.4
1385200 1735.0
1385210 1729.5
1385220 1725.2
1385230 1725.2
1385240 1721.6
1385250 1716.6
1385260 1716.6
1385270 1710.9
1385280 1705.8
1385290 1705.8
1385300 1700.4
1385310 1696.7
1385320 1696.7
1385330 1695.9
1385340 1692.1
1385350 1692.1
1385360 1686.2
1385370 1681.4
1385380 1681.4
1385390 1677.3
1385400 1672.5
1385410 1666.1
1385420 1666.1
1385430 1661.1
1385440 1656.2
1385450 1656.2
1385460 1648.3
1385470 1639.1
1385480 1639.1
1385490 1626.4
1385500 1616.4
1385510 1616.4
1385520 1607.7
1385530 1602.1
1385540 1602.1
1385550 1599.4
1385560 1595.5
1385570 1593.4
1385580 1593.4
1385590 1590.6
1385600 1586.6
1385610 1586.6
1385620 1582.1
1385630 1579.9
1385640 1579.9
1385650 1578.8
1385660 1577.7
1385670 1577.7
1385680 1578.4
1385690 1583.6
1385700 1583.6
1385710 1587.1
1385720 1585.3
1385730 1585.3
1385740 1581.7
1385750 1574.4
1385760 1569.4
1385770 1569.4
1385780 1569.1
1385790 1568.2
1385800 1568.2
1385810 1565.8
1385820 1562.4
1385830 1562.4
1385840 1559.8
1385850 1557.4
1385860 1557.4
1385870 1554.3
1385880 1548.5
1385890 1548.5
1385900 1542.2
1385910 1536.0
1385920 1530.5
1385930 1530.5
1385940 1526.4
1385950 1522.6
1385960 1522.6
1385970 1516.2
1385980 1511.0
1385990 1511.0
1386000 1507.0
1386010 1502.3
1386020 1502.3
1386030 1496.6
1386040 1490.2
1386050 1490.2
1386060 1485.4
1386070 1480.5
1386080 1480.5
1386090 1474.9
1386100 1468.8
1386110 1463.3
1386120 1463.3
1386130 1459.4
1386140 1456.7
1386150 1456.7
1386160 1453.1
1386170 1447.0
1386180 1447.0
1386190 1441.5
1386200 1436.6
1386210 1436.6
1386220 1431.6
1386230 1424.7
1386240 1424.7
1386250 1420.7
1386260 1416.8
1386270 1416.8
1386280 1412.9
1386290 1410.3
1386300 1408.0
1386310 1408.0
1386320 1405.4
1386330 1401.5
1386340 1401.5
1386350 1398.9
1386360 1397.6
1386370 1397.6
1386380 1399.7
1386390 1404.4
1386400 1404.4
1386410 1409.7
1386420 1415.4
1386430 1415.4
1386440 1420.5
1386450 1422.5
1386460 1424.5
1386470 1424.5
1386480 1428.0
1386490 1432.6
1386500 1432.6
1386510 1437.7
1386520 1444.1
1386530 1444.1
1386540 1450.9
1386550 1458.0
1386560 1458.0
1386570 1464.7
1386580 1470.6
1386590 1470.6
1386600 1476.1
1386610 1481.4
1386620 1481.4
1386630 1486.8
1386640 1491.6
1386650 1496.5
1386660 1496.5
1386670 1502.6
1386680 1509.6
1386690 1509.6
1386700 1517.0
1386710 1524.5
1386720 1524.5
1386730 1532.3
1386740 1540.4
1386750 1540.4
1386760 1548.6
1386770 1557.6
1386780 1557.6
1386790 1567.0
1386800 1575.9
1386810 1588.2
1386820 1588.2
1386830 1601.5
1386840 1611.4
1386850 1611.4
1386860 1618.9
1386870 1628.7
1386880 1628.7
1386890 1641.9
1386900 1651.6
1386910 1651.6
1386920 1661.5
1386930 1669.0
1386940 1669.0
1386950 1679.0
1386960 1689.4
1386970 1689.4
1386980 1693.2
1386990 1700.2
1387000 1708.8
1387010 1708.8
1387020 1716.1
1387030 1722.2
1387040 1722.2
1387050 1728.2
1387060 1733.1
1387070 1733.1
1387080 1737.7
1387090 1742.1
1387100 1742.1
1387110 1747.5
1387120 1753.7
1387130 1753.7
1387140 1759.0
1387150 1764.0
1387160 1768.9
1387170 1768.9
1387180 1774.7
1387190 1781.3
1387200 1781.3
1387210 1787.1
1387220 1792.3
1387230 1792.3
1387240 1799.0
1387250 1806.4
1387260 1806.4
1387270 1812.7
1387280 1818.9
1387290 1818.9
1387300 1825.1
1387310 1831.0
1387320 1831.0
1387330 1836.2
1387340 1841.0
1387350 1845.8
1387360 1845.8
1387370 1850.2
1387380 1855.0
1387390 1855.0
1387400 1859.6
1387410 1862.5
1387420 1862.5
1387430 1865.1
1387440 1868.4
1387450 1868.4
1387460 1874.0
1387470 1880.3
1387480 1880.3
1387490 1886.1
1387500 1893.0
1387510 1893.0
1387520 1903.4
1387530 1907.5
1387540 1911.7
1387550 1911.7
1387560 1915.9
1387570 1920.4
1387580 1920.4
1387590 1924.7
1387600 1929.1
1387610 1929.1
1387620 1933.1
1387630 1937.8
1387640 1937.8
1387650 1943.1
1387660 1948.1
1387670 1948.1
1387680 1952.5
1387690 1957.6
1387700 1963.0
1387710 1963.0
1387720 1968.8
1387730 1975.0
1387740 1975.0
1387750 1981.5
1387760 1988.1
1387770 1988.1
1387780 1994.5
1387790 2000.6
1387800 2000.6
1387810 2006.6
1387820 2012.4
1387830 2012.4
1387840 2019.0
1387850 2026.7
1387860 2026.7
1387870 2034.3
1387880 2041.6
1387890 2047.5
1387900 2047.5
1387910 2052.5
1387920 2057.4
1387930 2057.4
1387940 2062.9
1387950 2068.6
1387960 2068.6
1387970 2073.4
1387980 2078.0
1387990 2078.0
1388000 2082.1
1388010 2087.7
1388020 2087.7
1388030 2093.5
1388040 2098.8
1388050 2104.2
1388060 2104.2
1388070 2109.8
1388080 2114.9
1388090 2114.9
1388100 2120.0
1388110 2125.6
1388120 2125.6
1388130 2131.1
1388140 2136.7
1388150 2136.7
1388160 2142.6
1388170 2148.8
1388180 2148.8
1388190 2155.1
1388200 2161.3
1388210 2161.3
1388220 2167.4
1388230 2173.5
1388240 2178.6
1388250 2178.6
1388260 2185.1
1388270 2191.5
1388280 2191.5
1388290 2197.2
1388300 2202.7
1388310 2202.7
1388320 2208.6
1388330 2214.2
1388340 2214.2
1388350 2219.7
1388360 2223.8
1388370 2223.8
1388380 2226.3
1388390 2229.7
1388400 2229.7
1388410 2233.1
1388420 2236.7
1388430 2240.0
1388440 2240.0
1388450 2244.1
1388460 2248.1
1388470 2248.1
1388480 2252.2
1388490 2256.9
1388500 2256.9
1388510 2261.2
1388520 2264.8
1388530 2264.8
1388540 2268.5
1388550 2271.5
1388560 2271.5
1388570 2274.9
1388580 2279.5
1388590 2283.4
1388600 2283.4
1388610 2287.2
1388620 2291.6
1388630 2291.6
1388640 2296.9
1388650 2302.3
1388660 2302.3
1388670 2308.1
1388680 2314.3
1388690 2314.3
1388700 2320.4
1388710 2325.7
1388720 2325.7
1388730 2330.0
1388740 2335.3
1388750 2335.3
1388760 2340.9
1388770 2345.8
1388780 2349.2
1388790 2349.2
1388800 2352.0
1388810 2353.7
1388820 2353.7
1388830 2355.0
1388840 2354.2
1388850 2354.2
1388860 2351.2
1388870 2347.2
1388880 2347.2
1388890 2343.4
1388900 2340.9
1388910 2340.9
1388920 2340.1
1388930 2337.9
1388940 2337.2
1388950 2337.2
1388960 2331.8
1388970 2325.1
1388980 2325.1
1388990 2321.7
1389000 2323.4
1389010 2323.4
1389020 2328.0
1389030 2325.3
1389040 2325.3
1389050 2318.3
1389060 2314.7
1389070 2314.7
1389080 2306.3
1389090 2297.7
1389100 2297.7
1389110 2289.8
1389120 2284.6
1389130 2280.0
1389140 2280.0
1389150 2273.1
1389160 2267.1
1389170 2267.1
1389180 2262.7
1389190 2259.4
1389200 2259.4
1389210 2254.0
1389220 2248.6
1389230 2248.6
1389240 2243.5
1389250 2238.4
1389260 2238.4
1389270 2237.5
1389280 2236.1
1389290 2233.4
1389300 2233.4
1389310 2230.7
1389320 2228.5
1389330 2228.5
1389340 2226.8
1389350 2225.4
1389360 2225.4
1389370 2224.8
1389380 2224.1
1389390 2224.1
1389400 2223.1
1389410 2221.7
1389420 2221.7
1389430 2220.0
1389440 2218.2
1389450 2218.2
1389460 2217.4
1389470 2217.9
1389480 2217.7
1389490 2217.7
1389500 2216.5
1389510 2215.6
1389520 2215.6
1389530 2217.0
1389540 2219.7
1389550 2219.7
1389560 2222.3
1389570 2223.0
1389580 2223.0
1389590 2223.3
1389600 2223.6
1389610 2223.6
1389620 2222.8
1389630 2220.2
1389640 2220.2
1389650 2217.7
1389660 2214.0
1389670 2211.3
1389680 2211.3
1389690 2211.1
1389700 2212.7
1389710 2212.7
1389720 2216.0
1389730 2220.1
1389740 2220.1
1389750 2223.7
1389760 2225.5
1389770 2225.5
1389780 2227.1
1389790 2228.5
1389800 2228.5
1389810 2228.5
1389820 2230.1
1389830 2232.9
1389840 2232.9
1389850 2234.3
1389860 2235.9
1389870 2235.9
1389880 2236.3
1389890 2238.7
1389900 2238.7
1389910 2242.2
1389920 2247.0
1389930 2247.0
1389940 2253.7
1389950 2261.0
1389960 2261.0
1389970 2269.4
1389980 2278.3
1389990 2278.3
1390000 2286.7
1390010 2294.8
1390020 2301.7
1390030 2301.7
1390040 2308.7
1390050 2315.5
1390060 2315.5
1390070 2323.0
1390080 2330.6
1390090 2330.6
1390100 2338.3
1390110 2346.9
1390120 2346.9
1390130 2356.3
1390140 2364.4
1390150 2364.4
1390160 2363.9
1390170 2370.2
1390180 2378.2
1390190 2378.2
1390200 2387.3
1390210 2396.7
1390220 2396.7
1390230 2406.7
1390240 2416.3
1390250 2416.3
1390260 2425.9
1390270 2433.6
1390280 2433.6
1390290 2441.7
1390300 2450.0
1390310 2450.0
1390320 2456.4
1390330 2465.2
1390340 2465.2
1390350 2475.0
1390360 2484.6
1390370 2494.4
1390380 2494.4
1390390 2506.3
1390400 2518.3
1390410 2518.3
1390420 2528.4
1390430 2536.6
1390440 2536.6
1390450 2542.5
1390460 2549.2
1390470 2549.2
1390480 2555.2
1390490 2559.6
1390500 2559.6
1390510 2563.1
1390520 2567.0
1390530 2571.1
1390540 2571.1
1390550 2576.2
1390560 2582.3
1390570 2582.3
1390580 2588.9
1390590 2594.6
1390600 2594.6
1390610 2600.1
1390620 2606.0
1390630 2606.0
1390640 2611.7
1390650 2617.4
1390660 2617.4
1390670 2624.2
1390680 2632.8
1390690 2632.8
1390700 2639.6
1390710 2640.4
1390720 2640.1
1390730 2640.1
1390740 2642.5
1390750 2646.7
1390760 2646.7
1390770 2650.4
1390780 2654.1
1390790 2654.1
1390800 2658.0
1390810 2661.0
1390820 2661.0
1390830 2663.6
1390840 2665.8
1390850 2665.8
1390860 2667.3
1390870 2668.6
1390880 2668.6
1390890 2669.3
1390900 2670.0
1390910 2669.5
1390920 2669.5
1390930 2668.6
1390940 2669.0
1390950 2669.0
1390960 2669.3
1390970 2669.4
1390980 2669.4
1390990 2668.5
1391000 2666.5
1391010 2666.5
1391020 2663.6
1391030 2660.5
1391040 2660.5
1391050 2658.3
1391060 2656.4
1391070 2654.7
1391080 2654.7
1391090 2653.5
1391100 2653.7
1391110 2653.7
1391120 2654.8
1391130 2654.7
1391140 2654.7
1391150 2652.3
1391160 2648.2
1391170 2648.2
1391180 2643.7
1391190 2638.9
1391200 2638.9
1391210 2633.8
1391220 2628.5
1391230 2628.5
1391240 2623.6
1391250 2619.7
1391260 2616.1
1391270 2616.1
1391280 2612.0
1391290 2608.5
1391300 2608.5
1391310 2606.7
1391320 2605.4
1391330 2605.4
1391340 2603.2
1391350 2597.6
1391360 2597.6
1391370 2591.6
1391380 2586.0
1391390 2586.0
1391400 2579.7
1391410 2572.5
1391420 2565.7
1391430 2565.7
1391440 2559.3
1391450 2554.0
1391460 2554.0
1391470 2549.6
1391480 2546.4
1391490 2546.4
1391500 2540.1
1391510 2539.3
1391520 2539.3
1391530 2540.8
1391540 2540.5
1391550 2540.5
1391560 2538.2
1391570 2534.3
1391580 2534.3
1391590 2531.3
1391600 2530.0
1391610 2530.6
1391620 2530.6
1391630 2531.3
1391640 2530.7
1391650 2530.7
1391660 2529.5
1391670 2531.6
1391680 2531.6
1391690 2532.7
1391700 2534.2
1391710 2534.2
1391720 2534.5
1391730 2532.3
1391740 2532.3
1391750 2529.1
1391760 2526.1
1391770 2524.2
1391780 2524.2
1391790 2523.4
1391800 2522.8
1391810 2522.8
1391820 2521.9
1391830 2521.5
1391840 2521.5
1391850 2522.2
1391860 2523.3
1391870 2523.3
1391880 2524.3
1391890 2523.8
1391900 2523.8
1391910 2523.5
1391920 2525.8
1391930 2525.8
1391940 2528.7
1391950 2529.7
1391960 2527.8
1391970 2527.8
1391980 2520.7
1391990 2514.7
1392000 2514.7
1392010 2510.9
1392020 2508.5
1392030 2508.5
1392040 2507.0
1392050 2505.2
1392060 2505.2
1392070 2503.8
1392080 2502.4
1392090 2502.4
1392100 2500.7
1392110 2498.6
1392120 2498.6
1392130 2496.7
1392140 2495.5
1392150 2495.7
1392160 2495.7
1392170 2496.8
1392180 2498.2
1392190 2498.2
1392200 2499.4
1392210 2500.3
1392220 2500.3
1392230 2500.8
1392240 2501.6
1392250 2501.6
1392260 2502.0
1392270 2502.2
1392280 2502.2
1392290 2503.0
1392300 2505.0
1392310 2508.7
1392320 2508.7
1392330 2514.9
1392340 2520.3
1392350 2520.3
1392360 2518.3
1392370 2508.8
1392380 2508.8
1392390 2497.0
1392400 2486.9
1392410 2486.9
1392420 2478.8
1392430 2471.4
1392440 2471.4
1392450 2463.8
1392460 2456.8
1392470 2456.8
1392480 2450.6
1392490 2443.7
1392500 2437.1
1392510 2437.1
1392520 2431.6
1392530 2427.6
1392540 2427.6
1392550 2424.4
1392560 2421.4
1392570 2421.4
1392580 2419.2
1392590 2418.1
1392600 2418.1
1392610 2417.3
1392620 2416.6
1392630 2416.6
1392640 2415.9
1392650 2415.6
1392660 2416.0
1392670 2416.0
1392680 2416.2
1392690 2416.6
1392700 2416.6
1392710 2417.0
1392720 2417.6
1392730 2417.6
1392740 2419.3
1392750 2421.3
1392760 2421.3
1392770 2423.5
1392780 2425.3
1392790 2425.3
1392800 2424.9
1392810 2422.6
1392820 2422.6
1392830 2419.0
1392840 2416.1
1392850 2413.0
1392860 2413.0
1392870 2406.7
1392880 2404.5
1392890 2404.5
1392900 2403.4
1392910 2402.2
1392920 2402.2
1392930 2400.2
1392940 2397.6
1392950 2397.6
1392960 2395.2
1392970 2392.5
1392980 2392.5
1392990 2390.1
1393000 2388.2
1393010 2385.0
1393020 2385.0
1393030 2381.4
1393040 2377.9
1393050 2377.9
1393060 2375.3
1393070 2373.2
1393080 2373.2
1393090 2370.2
1393100 2367.2
1393110 2367.2
1393120 2364.5
1393130 2362.8
1393140 2362.8
1393150 2362.5
1393160 2361.9
1393170 2361.9
1393180 2361.3
1393190 2359.8
1393200 2358.3
1393210 2358.3
1393220 2356.9
1393230 2356.0
1393240 2356.0
1393250 2355.6
1393260 2356.6
1393270 2356.6
1393280 2357.9
1393290 2360.3
1393300 2360.3
1393310 2362.6
1393320 2365.8
1393330 2365.8
1393340 2369.4
1393350 2373.6
1393360 2373.6
1393370 2377.6
1393380 2381.8
1393390 2386.6
1393400 2386.6
1393410 2391.1
1393420 2395.2
1393430 2395.2
1393440 2399.7
1393450 2405.1
1393460 2405.1
1393470 2411.0
1393480 2416.2
1393490 2416.2
1393500 2421.1
1393510 2422.3
1393520 2422.3
1393530 2416.7
1393540 2411.4
1393550 2412.9
1393560 2412.9
1393570 2413.4
1393580 2413.5
1393590 2413.5
1393600 2413.3
1393610 2412.8
1393620 2412.8
1393630 2412.5
1393640 2411.8
1393650 2411.8
1393660 2410.2
1393670 2409.2
1393680 2409.2
1393690 2408.2
1393700 2407.8
1393710 2407.8
1393720 2407.9
1393730 2408.0
1393740 2407.1
1393750 2407.1
1393760 2405.1
1393770 2404.2
1393780 2404.2
1393790 2405.4
1393800 2407.9
1393810 2407.9
1393820 2410.1
1393830 2410.7
1393840 2410.7
1393850 2407.8
1393860 2403.9
1393870 2403.9
1393880 2400.9
1393890 2398.0
1393900 2395.8
1393910 2395.8
1393920 2394.7
1393930 2394.2
1393940 2394.2
1393950 2394.3
1393960 2395.3
1393970 2395.3
1393980 2397.8
1393990 2400.5
1394000 2400.5
1394010 2403.2
1394020 2406.0
1394030 2406.0
1394040 2407.2
1394050 2407.9
1394060 2407.9
1394070 2406.5
1394080 2405.7
1394090 2405.8
1394100 2405.8
1394110 2409.6
1394120 2410.4
1394130 2410.4
1394140 2410.1
1394150 2407.5
1394160 2407.5
1394170 2403.9
1394180 2402.3
1394190 2402.3
1394200 2401.1
1394210 2398.6
1394220 2398.6
1394230 2396.5
1394240 2395.2
1394250 2395.2
1394260 2393.9
1394270 2395.5
1394280 2397.2
1394290 2397.2
1394300 2399.4
1394310 2402.3
1394320 2402.3
1394330 2404.2
1394340 2404.5
1394350 2404.5
1394360 2403.3
1394370 2400.7
1394380 2400.7
1394390 2397.0
1394400 2392.4
1394410 2392.4
1394420 2388.6
1394430 2385.2
1394440 2382.1
1394450 2382.1
1394460 2379.3
1394470 2375.4
1394480 2375.4
1394490 2373.2
1394500 2373.1
1394510 2373.1
1394520 2373.6
1394530 2374.6
1394540 2374.6
1394550 2377.1
1394560 2380.2
1394570 2380.2
1394580 2382.7
1394590 2385.2
1394600 2385.2
1394610 2388.0
1394620 2391.1
1394630 2395.6
1394640 2395.6
1394650 2401.0
1394660 2406.8
1394670 2406.8
1394680 2412.9
1394690 2419.5
1394700 2419.5
1394710 2426.6
1394720 2433.7
1394730 2433.7
1394740 2440.3
1394750 2449.9
1394760 2449.9
1394770 2458.6
1394780 2467.5
1394790 2475.7
1394800 2475.7
1394810 2483.2
1394820 2488.3
1394830 2488.3
1394840 2491.0
1394850 2494.9
1394860 2494.9
1394870 2498.5
1394880 2503.1
1394890 2503.1
1394900 2510.6
1394910 2520.5
1394920 2520.5
1394930 2527.7
1394940 2526.6
1394950 2526.6
1394960 2523.9
1394970 2521.0
1394980 2518.6
1394990 2518.6
1395000 2516.9
1395010 2515.9
1395020 2515.9
1395030 2515.0
1395040 2513.5
1395050 2513.5
1395060 2511.9
1395070 2511.6
1395080 2511.6
1395090 2512.3
1395100 2512.4
1395110 2512.4
1395120 2509.7
1395130 2506.4
1395140 2503.0
1395150 2503.0
1395160 2499.1
1395170 2493.9
1395180 2493.9
1395190 2487.9
1395200 2482.5
1395210 2482.5
1395220 2478.1
1395230 2473.8
1395240 2473.8
1395250 2469.6
1395260 2465.6
1395270 2465.6
1395280 2462.3
1395290 2459.2
1395300 2459.2
1395310 2455.7
1395320 2452.2
1395330 2449.2
1395340 2449.2
1395350 2447.1
1395360 2444.2
1395370 2444.2
1395380 2440.8
1395390 2437.1
1395400 2437.1
1395410 2434.0
1395420 2431.3
1395430 2431.3
1395440 2429.5
1395450 2428.1
1395460 2428.1
1395470 2428.8
1395480 2431.2
1395490 2435.0
1395500 2435.0
1395510 2439.3
1395520 2444.8
1395530 2444.8
1395540 2450.0
1395550 2452.8
1395560 2452.8
1395570 2455.2
1395580 2457.0
1395590 2457.0
1395600 2457.6
1395610 2458.5
1395620 2458.5
1395630 2459.3
1395640 2458.3
1395650 2458.3
1395660 2450.9
1395670 2449.9
1395680 2447.3
1395690 2447.3
1395700 2445.7
1395710 2446.9
1395720 2446.9
1395730 2449.4
1395740 2453.7
1395750 2453.7
1395760 2458.7
1395770 2463.8
1395780 2463.8
1395790 2470.2
1395800 2472.8
1395810 2472.8
1395820 2472.3
1395830 2474.8
1395840 2474.8
1395850 2476.3
1395860 2474.5
1395870 2471.5
1395880 2471.5
1395890 2466.7
1395900 2460.6
1395910 2460.6
1395920 2456.5
1395930 2453.0
1395940 2453.0
1395950 2448.9
1395960 2444.6
1395970 2444.6
1395980 2440.2
1395990 2434.8
1396000 2434.8
1396010 2430.5
1396020 2426.4
1396030 2424.0
1396040 2424.0
1396050 2422.6
1396060 2420.3
1396070 2420.3
1396080 2416.3
1396090 2411.5
1396100 2411.5
1396110 2407.1
1396120 2404.7
1396130 2404.7
1396140 2400.4
1396150 2395.1
1396160 2395.1
1396170 2388.6
1396180 2383.4
1396190 2383.4
1396200 2378.1
1396210 2375.0
1396220 2372.0
1396230 2372.0
1396240 2364.3
1396250 2356.5
1396260 2356.5
1396270 2352.2
1396280 2346.1
1396290 2346.1
1396300 2340.0
1396310 2334.7
1396320 2334.7
1396330 2328.9
1396340 2322.8
1396350 2322.8
1396360 2316.7
1396370 2310.6
1396380 2305.6
1396390 2305.6
1396400 2302.0
1396410 2298.2
1396420 2298.2
1396430 2294.0
1396440 2290.2
1396450 2290.2
1396460 2287.6
1396470 2283.9
1396480 2283.9
1396490 2280.6
1396500 2275.7
1396510 2275.7
1396520 2270.3
1396530 2266.8
1396540 2266.8
1396550 2263.8
1396560 2261.5
1396570 2262.1
1396580 2262.1
1396590 2260.9
1396600 2256.4
1396610 2256.4
1396620 2253.4
1396630 2252.8
1396640 2252.8
1396650 2250.5
1396660 2245.6
1396670 2245.6
1396680 2240.1
1396690 2234.3
1396700 2234.3
1396710 2227.4
1396720 2218.5
1396730 2210.7
1396740 2210.7
1396750 2203.3
1396760 2196.4
1396770 2196.4
1396780 2190.0
1396790 2184.5
1396800 2184.5
1396810 2178.8
1396820 2172.8
1396830 2172.8
1396840 2166.7
1396850 2158.6
1396860 2158.6
1396870 2150.5
1396880 2143.7
1396890 2143.7
1396900 2137.4
1396910 2131.1
1396920 2124.3
1396930 2124.3
1396940 2117.1
1396950 2111.6
1396960 2111.6
1396970 2108.1
1396980 2104.0
1396990 2104.0
1397000 2099.8
1397010 2096.1
1397020 2096.1
1397030 2093.0
1397040 2089.4
1397050 2089.4
1397060 2085.4
1397070 2082.2
1397080 2082.2
1397090 2081.3
1397100 2077.3
1397110 2071.0
1397120 2071.0
1397130 2066.3
1397140 2062.2
1397150 2062.2
1397160 2058.5
1397170 2054.4
1397180 2054.4
1397190 2049.4
1397200 2043.9
1397210 2043.9
1397220 2037.9
1397230 2032.4
1397240 2032.4
1397250 2026.8
1397260 2021.4
1397270 2016.4
1397280 2016.4
1397290 2013.0
1397300 2010.4
1397310 2010.4
1397320 2006.5
1397330 2002.3
1397340 2002.3
1397350 1997.7
1397360 1993.3
1397370 1993.3
1397380 1988.3
1397390 1982.6
1397400 1982.6
1397410 1976.4
1397420 1969.4
1397430 1969.4
1397440 1962.2
1397450 1954.9
1397460 1948.6
1397470 1948.6
1397480 1942.5
1397490 1939.5
1397500 1939.5
1397510 1939.3
1397520 1938.3
1397530 1938.3
1397540 1937.8
1397550 1937.3
1397560 1937.3
1397570 1934.2
1397580 1929.4
1397590 1929.4
1397600 1924.2
1397610 1920.4
1397620 1917.9
1397630 1917.9
1397640 1915.7
1397650 1914.5
1397660 1914.5
1397670 1909.1
1397680 1903.3
1397690 1903.3
1397700 1901.7
1397710 1900.0
1397720 1900.0
1397730 1897.8
1397740 1893.8
1397750 1893.8
1397760 1890.8
1397770 1889.0
1397780 1889.0
1397790 1885.6
1397800 1881.3
1397810 1877.2
1397820 1877.2
1397830 1873.1
1397840 1868.3
1397850 1868.3
1397860 1862.7
1397870 1856.7
1397880 1856.7
1397890 1851.3
1397900 1845.9
1397910 1845.9
1397920 1840.2
1397930 1834.6
1397940 1834.6
1397950 1828.6
1397960 1822.9
1397970 1817.3
1397980 1817.3
1397990 1811.0
1398000 1805.8
1398010 1805.8
1398020 1801.3
1398030 1796.2
1398040 1796.2
1398050 1790.9
1398060 1786.3
1398070 1786.3
1398080 1782.4
1398090 1777.7
1398100 1777.7
1398110 1772.6
1398120 1767.7
1398130 1767.7
1398140 1762.7
1398150 1757.1
1398160 1749.7
1398170 1749.7
1398180 1740.8
1398190 1731.8
1398200 1731.8
1398210 1723.3
1398220 1714.9
1398230 1714.9
1398240 1707.0
1398250 1699.5
1398260 1699.5
1398270 1692.3
1398280 1684.2
1398290 1684.2
1398300 1676.8
1398310 1670.2
1398320 1670.2
1398330 1663.5
1398340 1656.8
1398350 1651.0
1398360 1651.0
1398370 1644.5
1398380 1637.6
1398390 1637.6
1398400 1630.7
1398410 1623.5
1398420 1623.5
1398430 1616.0
1398440 1607.3
1398450 1607.3
1398460 1600.1
1398470 1594.7
1398480 1594.7
1398490 1590.5
1398500 1586.2
1398510 1582.2
1398520 1582.2
1398530 1578.4
1398540 1575.5
1398550 1575.8
1398560 1573.6
1398570 1569.6
1398580 1569.6
1398590 1564.5
1398600 1559.8
1398610 1559.8
1398620 1555.0
1398630 1549.4
1398640 1549.4
1398650 1543.0
1398660 1535.7
1398670 1535.7
1398680 1528.5
1398690 1522.3
1398700 1516.6
1398710 1516.6
1398720 1510.8
1398730 1504.8
1398740 1504.8
1398750 1501.6
1398760 1499.7
1398770 1499.7
1398780 1497.7
1398790 1496.4
1398800 1496.4
1398810 1495.2
1398820 1493.6
1398830 1493.6
1398840 1491.0
1398850 1486.7
1398860 1480.8
1398870 1480.8
1398880 1473.6
1398890 1466.1
1398900 1466.1
1398910 1459.3
1398920 1453.5
1398930 1453.5
1398940 1447.9
1398950 1441.9
1398960 1441.9
1398970 1435.5
1398980 1432.8
1398990 1432.8
1399000 1432.4
1399010 1431.2
1399020 1431.2
1399030 1430.2
1399040 1431.2
1399050 1433.4
1399060 1433.4
1399070 1435.3
1399080 1437.5
1399090 1437.5
1399100 1439.8
1399110 1442.4
1399120 1442.4
1399130 1445.9
1399140 1449.5
1399150 1449.5
1399160 1453.4
1399170 1458.0
1399180 1458.0
1399190 1462.5
1399200 1466.2
1399210 1469.0
1399220 1469.0
1399230 1472.1
1399240 1475.9
1399250 1475.9
1399260 1479.8
1399270 1483.8
1399280 1483.8
1399290 1487.5
1399300 1491.8
1399310 1491.8
1399320 1496.5
1399330 1501.0
1399340 1501.0
1399350 1505.9
1399360 1511.8
1399370 1511.8
1399380 1518.4
1399390 1524.7
1399400 1530.8
1399410 1530.8
1399420 1538.7
1399430 1549.6
1399440 1549.6
1399450 1560.3
1399460 1570.1
1399470 1570.1
1399480 1579.5
1399490 1589.5
1399500 1589.5
1399510 1601.2
1399520 1612.0
1399530 1612.0
1399540 1624.3
1399550 1637.9
1399560 1637.9
1399570 1648.1
1399580 1651.4
1399590 1653.0
1399600 1653.0
1399610 1656.1
1399620 1662.4
1399630 1662.4
1399640 1675.5
1399650 1680.6
1399660 1680.6
1399670 1683.4
1399680 1700.2
1399690 1700.2
1399700 1709.1
1399710 1713.4
1399720 1713.4
1399730 1718.7
1399740 1724.8
1399750 1730.0
1399760 1730.0
1399770 1734.4
1399780 1740.4
1399790 1740.4
1399800 1746.5
1399810 1751.5
1399820 1751.5
1399830 1756.0
1399840 1760.6
1399850 1760.6
1399860 1765.7
1399870 1769.7
1399880 1769.7
1399890 1770.0
1399900 1770.1
1399910 1770.1
1399920 1772.0
1399930 1776.6
1399940 1782.5
1399950 1782.5
1399960 1790.1
1399970 1795.0
1399980 1795.0
1399990 1798.2
