1380000 2307.8
1380010 2307.8
1380020 2312.6
1380030 2316.4
1380040 2316.4
1380050 2320.3
1380060 2324.7
1380070 2324.7
1380080 2330.1
1380090 2334.3
1380100 2337.8
1380110 2337.8
1380120 2341.8
1380130 2345.3
1380140 2345.3
1380150 2347.2
1380160 2348.1
1380170 2348.1
1380180 2350.7
1380190 2353.6
1380200 2353.6
1380210 2357.3
1380220 2361.7
1380230 2361.7
1380240 2365.5
1380250 2369.8
1380260 2374.9
1380270 2374.9
1380280 2379.9
1380290 2384.5
1380300 2384.5
1380310 2388.9
1380320 2391.0
1380330 2391.0
1380340 2393.2
1380350 2395.6
1380360 2395.6
1380370 2397.0
1380380 2403.6
1380390 2403.6
1380400 2403.6
1380410 2402.2
1380420 2402.2
1380430 2400.2
1380440 2398.9
1380450 2397.2
1380460 2397.2
1380470 2397.4
1380480 2398.6
1380490 2398.6
1380500 2398.8
1380510 2398.1
1380520 2398.1
1380530 2399.6
1380540 2401.6
1380550 2401.6
1380560 2401.7
1380570 2400.9
1380580 2400.9
1380590 2403.0
1380600 2406.1
1380610 2406.1
1380620 2408.4
1380630 2412.1
1380640 2416.8
1380650 2416.8
1380660 2422.3
1380670 2426.2
1380680 2426.2
1380690 2430.5
1380700 2434.1
1380710 2434.1
1380720 2437.6
1380730 2440.4
1380740 2440.4
1380750 2442.8
1380760 2445.7
1380770 2445.7
1380780 2449.4
1380790 2453.9
1380800 2458.3
1380810 2458.3
1380820 2463.0
1380830 2467.6
1380840 2467.6
1380850 2471.5
1380860 2474.3
1380870 2474.3
1380880 2477.7
1380890 2482.5
1380900 2482.5
1380910 2487.6
1380920 2492.2
1380930 2492.2
1380940 2496.5
1380950 2501.4
1380960 2501.4
1380970 2506.7
1380980 2512.4
1380990 2518.5
1381000 2518.5
1381010 2524.0
1381020 2529.9
1381030 2529.9
1381040 2536.4
1381050 2543.3
1381060 2543.3
1381070 2550.5
1381080 2557.9
1381090 2557.9
1381100 2565.4
1381110 2572.7
1381120 2572.7
1381130 2579.5
1381140 2583.4
1381150 2583.4
1381160 2580.2
1381170 2574.6
1381180 2571.6
1381190 2571.6
1381200 2567.8
1381210 2562.9
1381220 2562.9
1381230 2566.4
1381240 2575.5
1381250 2575.5
1381260 2577.0
1381270 2573.8
1381280 2573.8
1381290 2572.2
1381300 2568.6
1381310 2568.6
1381320 2563.8
1381330 2558.5
1381340 2553.3
1381350 2553.3
1381360 2547.8
1381370 2542.0
1381380 2542.0
1381390 2535.2
1381400 2527.4
1381410 2527.4
1381420 2518.4
1381430 2511.1
1381440 2511.1
1381450 2506.8
1381460 2504.0
1381470 2504.0
1381480 2501.6
1381490 2499.6
1381500 2499.6
1381510 2497.3
1381520 2494.8
1381530 2491.6
1381540 2491.6
1381550 2487.6
1381560 2486.7
1381570 2486.7
1381580 2484.8
1381590 2481.9
1381600 2473.1
1381610 2470.5
1381620 2469.4
1381630 2469.4
1381640 2469.5
1381650 2469.3
1381660 2469.3
1381670 2467.8
1381680 2465.7
1381690 2465.7
1381700 2464.2
1381710 2463.8
1381720 2461.0
1381730 2461.0
1381740 2458.1
1381750 2457.9
1381760 2457.9
1381770 2458.6
1381780 2458.0
1381790 2458.0
1381800 2456.4
1381810 2455.6
1381820 2455.6
1381830 2453.5
1381840 2451.3
1381850 2451.3
1381860 2449.0
1381870 2446.4
1381880 2444.1
1381890 2444.1
1381900 2441.9
1381910 2439.5
1381920 2439.5
1381930 2436.8
1381940 2434.3
1381950 2434.3
1381960 2432.8
1381970 2431.7
1381980 2431.7
1381990 2430.5
1382000 2429.3
1382010 2429.3
1382020 2428.4
1382030 2428.5
1382040 2428.5
1382050 2429.4
1382060 2430.2
1382070 2431.3
1382080 2431.3
1382090 2432.4
1382100 2433.8
1382110 2433.8
1382120 2435.3
1382130 2436.7
1382140 2436.7
1382150 2438.1
1382160 2439.2
1382170 2439.2
1382180 2440.3
1382190 2441.7
1382200 2441.7
1382210 2443.5
1382220 2445.5
1382230 2445.5
1382240 2446.9
1382250 2447.5
1382260 2448.1
1382270 2448.1
1382280 2449.2
1382290 2449.6
1382300 2449.6
1382310 2449.9
1382320 2450.0
1382330 2450.0
1382340 2450.6
1382350 2450.8
1382360 2450.8
1382370 2450.7
1382380 2451.2
1382390 2451.2
1382400 2452.1
1382410 2453.4
1382420 2455.3
1382430 2455.3
1382440 2457.2
1382450 2459.1
1382460 2459.1
1382470 2460.7
1382480 2462.2
1382490 2462.2
1382500 2464.6
1382510 2467.7
1382520 2467.7
1382530 2469.3
1382540 2469.7
1382550 2469.7
1382560 2468.1
1382570 2466.8
1382580 2466.8
1382590 2465.9
1382600 2467.7
1382610 2470.5
1382620 2470.5
1382630 2474.0
1382640 2477.5
1382650 2477.5
1382660 2479.5
1382670 2482.8
1382680 2482.8
1382690 2486.6
1382700 2488.8
1382710 2488.8
1382720 2490.9
1382730 2491.6
1382740 2491.6
1382750 2492.3
1382760 2493.9
1382770 2493.9
1382780 2496.4
1382790 2498.5
1382800 2500.0
1382810 2500.0
1382820 2504.1
1382830 2509.0
1382840 2509.0
1382850 2516.2
1382860 2523.4
1382870 2523.4
1382880 2531.7
1382890 2538.7
1382900 2538.7
1382910 2543.0
1382920 2545.1
1382930 2545.1
1382940 2546.9
1382950 2548.6
1382960 2550.0
1382970 2550.0
1382980 2550.6
1382990 2550.5
1383000 2550.5
1383010 2550.1
1383020 2549.6
1383030 2549.6
1383040 2549.3
1383050 2549.1
1383060 2549.1
1383070 2549.3
1383080 2550.2
1383090 2550.2
1383100 2551.5
1383110 2552.7
1383120 2552.7
1383130 2554.3
1383140 2556.0
1383150 2557.9
1383160 2557.9
1383170 2560.2
1383180 2562.1
1383190 2562.1
1383200 2563.3
1383210 2565.2
1383220 2565.2
1383230 2566.9
1383240 2568.8
1383250 2568.8
1383260 2571.1
1383270 2573.7
1383280 2573.7
1383290 2576.7
1383300 2579.7
1383310 2579.7
1383320 2582.3
1383330 2584.1
1383340 2584.7
1383350 2584.7
1383360 2584.9
1383370 2584.7
1383380 2584.7
1383390 2584.2
1383400 2584.0
1383410 2584.0
1383420 2584.1
1383430 2584.7
1383440 2584.7
1383450 2586.3
1383460 2588.3
1383470 2588.3
1383480 2590.6
1383490 2593.2
1383500 2595.6
1383510 2595.6
1383520 2597.2
1383530 2598.5
1383540 2598.5
1383550 2598.0
1383560 2595.6
1383570 2595.6
1383580 2593.5
1383590 2592.6
1383600 2592.6
1383610 2592.9
1383620 2594.1
1383630 2594.1
1383640 2595.9
1383650 2598.3
1383660 2598.3
1383670 2600.7
1383680 2602.5
1383690 2603.8
1383700 2603.8
1383710 2604.5
1383720 2605.9
1383730 2605.9
1383740 2608.4
1383750 2612.6
1383760 2612.6
1383770 2615.1
1383780 2617.3
1383790 2617.3
1383800 2620.9
1383810 2625.3
1383820 2625.3
1383830 2630.4
1383840 2636.4
1383850 2636.4
1383860 2643.2
1383870 2649.7
1383880 2655.7
1383890 2655.7
1383900 2657.9
1383910 2653.6
1383920 2653.6
1383930 2646.3
1383940 2636.9
1383950 2636.9
1383960 2628.2
1383970 2620.0
1383980 2620.0
1383990 2611.5
1384000 2602.4
1384010 2602.4
1384020 2593.6
1384030 2585.5
1384040 2576.4
1384050 2576.4
1384060 2567.4
1384070 2559.0
1384080 2555.5
1384090 2549.4
1384100 2543.9
1384110 2543.9
1384120 2538.6
1384130 2533.9
1384140 2533.9
1384150 2529.6
1384160 2526.8
1384170 2526.8
1384180 2526.0
1384190 2526.8
1384200 2526.8
1384210 2524.1
1384220 2516.9
1384230 2507.3
1384240 2507.3
1384250 2499.6
1384260 2492.9
1384270 2492.9
1384280 2485.7
1384290 2479.6
1384300 2479.6
1384310 2473.9
1384320 2468.4
1384330 2468.4
1384340 2463.1
1384350 2457.8
1384360 2457.8
1384370 2451.1
1384380 2442.1
1384390 2442.1
1384400 2431.0
1384410 2418.5
1384420 2408.2
1384430 2408.2
1384440 2399.6
1384450 2393.1
1384460 2393.1
1384470 2386.8
1384480 2381.0
1384490 2381.0
1384500 2375.6
1384510 2370.6
1384520 2370.6
1384530 2365.8
1384540 2361.5
1384550 2361.5
1384560 2358.1
1384570 2355.0
1384580 2352.1
1384590 2352.1
1384600 2349.5
1384610 2347.3
1384620 2347.3
1384630 2345.3
1384640 2343.1
1384650 2343.1
1384660 2340.5
1384670 2338.4
1384680 2338.4
1384690 2336.2
1384700 2334.2
1384710 2334.2
1384720 2331.9
1384730 2329.2
1384740 2329.2
1384750 2325.6
1384760 2322.4
1384770 2319.4
1384780 2319.4
1384790 2317.0
1384800 2314.6
1384810 2314.6
1384820 2312.1
1384830 2310.0
1384840 2310.0
1384850 2308.1
1384860 2306.5
1384870 2306.5
1384880 2304.7
1384890 2302.6
1384900 2302.6
1384910 2301.5
1384920 2301.8
1384930 2301.8
1384940 2301.9
1384950 2300.4
1384960 2296.6
1384970 2296.6
1384980 2291.1
1384990 2284.3
1385000 2284.3
1385010 2279.0
1385020 2273.9
1385030 2273.9
1385040 2269.3
1385050 2265.0
1385060 2265.0
1385070 2261.1
1385080 2257.2
1385090 2257.2
1385100 2254.2
1385110 2252.4
1385120 2249.6
1385130 2249.6
1385140 2246.3
1385150 2243.8
1385160 2243.8
1385170 2242.9
1385180 2241.6
1385190 2241.6
1385200 2237.7
1385210 2231.5
1385220 2231.5
1385230 2225.0
1385240 2217.2
1385250 2217.2
1385260 2207.1
1385270 2200.3
1385280 2200.3
1385290 2194.0
1385300 2186.9
1385310 2182.0
1385320 2182.0
1385330 2177.4
1385340 2169.5
1385350 2169.5
1385360 2164.6
1385370 2159.1
1385380 2159.1
1385390 2154.9
1385400 2153.1
1385410 2153.1
1385420 2152.5
1385430 2152.8
1385440 2152.8
1385450 2151.6
1385460 2148.9
1385470 2148.9
1385480 2145.6
1385490 2142.3
1385500 2140.0
1385510 2140.0
1385520 2136.6
1385530 2131.8
1385540 2131.8
1385550 2126.7
1385560 2121.5
1385570 2121.5
1385580 2116.0
1385590 2110.6
1385600 2110.6
1385610 2105.2
1385620 2099.8
1385630 2099.8
1385640 2095.2
1385650 2091.6
1385660 2088.8
1385670 2088.8
1385680 2085.2
1385690 2081.1
1385700 2081.1
1385710 2077.6
1385720 2075.1
1385730 2075.1
1385740 2072.2
1385750 2067.3
1385760 2067.3
1385770 2062.3
1385780 2063.8
1385790 2063.8
1385800 2065.4
1385810 2066.5
1385820 2066.5
1385830 2066.8
1385840 2066.5
1385850 2066.5
1385860 2066.5
1385870 2067.3
1385880 2067.9
1385890 2067.9
1385900 2067.7
1385910 2066.8
1385920 2066.8
1385930 2063.9
1385940 2059.9
1385950 2059.9
1385960 2056.7
1385970 2054.1
1385980 2054.1
1385990 2052.4
1386000 2051.7
1386010 2051.7
1386020 2047.7
1386030 2041.7
1386040 2036.2
1386050 2036.2
1386060 2031.6
1386070 2027.2
1386080 2027.2
1386090 2022.8
1386100 2016.7
1386110 2016.7
1386120 2010.3
1386130 2004.2
1386140 2004.2
1386150 1998.1
1386160 1992.6
1386170 1992.6
1386180 1985.8
1386190 1979.7
1386200 1974.6
1386210 1974.6
1386220 1971.0
1386230 1968.4
1386240 1968.4
1386250 1966.5
1386260 1964.1
1386270 1964.1
1386280 1959.7
1386290 1953.1
1386300 1953.1
1386310 1946.9
1386320 1941.5
1386330 1941.5
1386340 1935.4
1386350 1929.4
1386360 1929.4
1386370 1922.9
1386380 1916.3
1386390 1911.0
1386400 1911.0
1386410 1905.4
1386420 1898.8
1386430 1898.8
1386440 1892.4
1386450 1885.0
1386460 1885.0
1386470 1878.4
1386480 1874.1
1386490 1874.1
1386500 1869.7
1386510 1864.9
1386520 1864.9
1386530 1860.5
1386540 1857.4
1386550 1857.4
1386560 1854.9
1386570 1852.2
1386580 1848.8
1386590 1848.8
1386600 1845.0
1386610 1841.6
1386620 1839.5
1386630 1836.1
1386640 1832.5
1386650 1832.5
1386660 1828.4
1386670 1822.9
1386680 1822.9
1386690 1815.2
1386700 1807.0
1386710 1807.0
1386720 1798.6
1386730 1790.9
1386740 1785.2
1386750 1785.2
1386760 1780.6
1386770 1776.0
1386780 1776.0
1386790 1769.8
1386800 1763.1
1386810 1763.1
1386820 1756.3
1386830 1748.4
1386840 1748.4
1386850 1740.1
1386860 1731.7
1386870 1731.7
1386880 1723.6
1386890 1715.2
1386900 1715.2
1386910 1707.3
1386920 1699.8
1386930 1691.1
1386940 1691.1
1386950 1681.8
1386960 1673.2
1386970 1673.2
1386980 1661.3
1386990 1650.4
1387000 1650.4
1387010 1642.9
1387020 1635.8
1387030 1635.8
1387040 1627.0
1387050 1617.2
1387060 1617.2
1387070 1610.6
1387080 1607.7
1387090 1607.7
1387100 1603.9
1387110 1600.2
1387120 1597.2
1387130 1597.2
1387140 1593.3
1387150 1589.6
1387160 1589.6
1387170 1586.2
1387180 1582.8
1387190 1582.8
1387200 1579.4
1387210 1576.2
1387220 1576.2
1387230 1573.2
1387240 1569.5
1387250 1569.5
1387260 1565.6
1387270 1562.0
1387280 1558.9
1387290 1558.9
1387300 1556.3
1387310 1553.4
1387320 1553.4
1387330 1551.1
1387340 1548.9
1387350 1548.9
1387360 1546.8
1387370 1544.9
1387380 1544.9
1387390 1543.2
1387400 1541.4
1387410 1541.4
1387420 1539.6
1387430 1538.1
1387440 1538.1
1387450 1536.6
1387460 1535.2
1387470 1533.9
1387480 1533.9
1387490 1532.8
1387500 1531.5
1387510 1531.5
1387520 1530.2
1387530 1529.1
1387540 1529.1
1387550 1528.1
1387560 1527.0
1387570 1527.0
1387580 1526.3
1387590 1526.5
1387600 1526.5
1387610 1527.0
1387620 1526.9
1387630 1526.9
1387640 1529.4
1387650 1535.2
1387660 1543.5
1387670 1543.5
1387680 1549.5
1387690 1554.3
1387700 1554.3
1387710 1560.1
1387720 1566.2
1387730 1566.2
1387740 1572.3
1387750 1578.4
1387760 1578.4
1387770 1584.2
1387780 1589.9
1387790 1589.9
1387800 1595.4
1387810 1601.2
1387820 1606.6
1387830 1606.6
1387840 1612.2
1387850 1618.1
1387860 1618.1
1387870 1624.2
1387880 1629.7
1387890 1629.7
1387900 1634.3
1387910 1638.6
1387920 1640.4
1387930 1645.5
1387940 1650.8
1387950 1650.8
1387960 1656.7
1387970 1662.7
1387980 1662.7
1387990 1668.4
1388000 1674.0
1388010 1680.1
1388020 1680.1
1388030 1686.5
1388040 1693.5
1388050 1693.5
1388060 1701.4
1388070 1708.0
1388080 1708.0
1388090 1714.5
1388100 1721.9
1388110 1721.9
1388120 1730.0
1388130 1738.4
1388140 1738.4
1388150 1743.9
1388160 1749.5
1388170 1749.5
1388180 1756.3
1388190 1761.7
1388200 1768.8
1388210 1768.8
1388220 1775.9
1388230 1781.5
1388240 1781.5
1388250 1787.7
1388260 1795.4
1388270 1795.4
1388280 1803.7
1388290 1810.9
1388300 1810.9
1388310 1817.2
1388320 1821.7
1388330 1821.7
1388340 1826.4
1388350 1831.6
1388360 1837.3
1388370 1837.3
1388380 1842.6
1388390 1848.7
1388400 1848.7
1388410 1855.4
1388420 1862.1
1388430 1862.1
1388440 1869.2
1388450 1876.8
1388460 1876.8
1388470 1883.8
1388480 1890.4
1388490 1890.4
1388500 1897.0
1388510 1903.6
1388520 1903.6
1388530 1910.2
1388540 1916.4
1388550 1922.3
1388560 1922.3
1388570 1927.2
1388580 1932.9
1388590 1932.9
1388600 1938.7
1388610 1944.1
1388620 1944.1
1388630 1949.3
1388640 1955.2
1388650 1955.2
1388660 1962.5
1388670 1969.6
1388680 1969.6
1388690 1976.7
1388700 1980.9
1388710 1980.9
1388720 1980.9
1388730 1976.9
1388740 1971.6
1388750 1971.6
1388760 1970.4
1388770 1972.3
1388780 1972.3
1388790 1970.6
1388800 1968.9
1388810 1968.9
1388820 1966.2
1388830 1965.6
1388840 1965.6
1388850 1964.5
1388860 1963.6
1388870 1963.6
1388880 1961.0
1388890 1957.9
1388900 1956.6
1388910 1956.6
1388920 1953.0
1388930 1948.3
1388940 1948.3
1388950 1946.4
1388960 1946.2
1388970 1946.2
1388980 1946.8
1388990 1948.3
1389000 1948.3
1389010 1950.8
1389020 1953.5
1389030 1953.5
1389040 1954.6
1389050 1954.6
1389060 1954.6
1389070 1955.0
1389080 1955.4
1389090 1955.9
1389100 1955.9
1389110 1955.5
1389120 1954.4
1389130 1954.4
1389140 1952.0
1389150 1949.9
1389160 1949.9
1389170 1949.9
1389180 1950.7
1389190 1950.7
1389200 1951.8
1389210 1954.2
1389220 1954.2
1389230 1956.7
1389240 1963.3
1389250 1963.3
1389260 1965.8
1389270 1967.9
1389280 1971.0
1389290 1971.0
1389300 1974.8
1389310 1978.9
1389320 1978.9
1389330 1983.2
1389340 1986.5
1389350 1986.5
1389360 1989.6
1389370 1993.1
1389380 1993.1
1389390 1996.6
1389400 2000.4
1389410 2000.4
1389420 2004.0
1389430 2007.9
1389440 2011.4
1389450 2011.4
1389460 2014.8
1389470 2018.5
1389480 2018.5
1389490 2022.4
1389500 2027.7
1389510 2027.7
1389520 2032.8
1389530 2037.7
1389540 2037.7
1389550 2042.2
1389560 2047.3
1389570 2047.3
1389580 2052.2
1389590 2056.7
1389600 2056.7
1389610 2061.4
1389620 2066.0
1389630 2070.6
1389640 2070.6
1389650 2075.3
1389660 2079.8
1389670 2079.8
1389680 2083.4
1389690 2087.0
1389700 2087.0
1389710 2090.7
1389720 2094.2
1389730 2094.2
1389740 2097.7
1389750 2101.7
1389760 2101.7
1389770 2105.9
1389780 2110.0
1389790 2110.0
1389800 2113.9
1389810 2118.6
1389820 2123.5
1389830 2123.5
1389840 2128.3
1389850 2132.6
1389860 2132.6
1389870 2136.6
1389880 2140.4
1389890 2140.4
1389900 2143.6
1389910 2145.9
1389920 2145.9
1389930 2148.1
1389940 2149.8
1389950 2149.8
1389960 2151.6
1389970 2153.6
1389980 2155.7
1389990 2155.7
1390000 2157.2
1390010 2157.8
1390020 2157.8
1390030 2157.7
1390040 2157.7
1390050 2157.7
1390060 2158.1
1390070 2159.2
1390080 2159.2
1390090 2160.3
1390100 2160.9
1390110 2160.9
1390120 2161.0
1390130 2161.9
1390140 2161.9
1390150 2163.4
1390160 2165.9
1390170 2169.7
1390180 2169.7
1390190 2173.7
1390200 2178.2
1390210 2178.2
1390220 2183.7
1390230 2189.4
1390240 2189.4
1390250 2193.8
1390260 2197.3
1390270 2197.3
1390280 2200.2
1390290 2202.8
1390300 2202.8
1390310 2204.6
1390320 2206.4
1390330 2206.4
1390340 2208.4
1390350 2210.6
1390360 2213.1
1390370 2213.1
1390380 2215.9
1390390 2218.8
1390400 2218.8
1390410 2221.7
1390420 2224.6
1390430 2224.6
1390440 2227.4
1390450 2230.4
1390460 2230.4
1390470 2233.6
1390480 2237.6
1390490 2237.6
1390500 2242.8
1390510 2249.2
1390520 2255.9
1390530 2255.9
1390540 2263.1
1390550 2270.1
1390560 2270.1
1390570 2276.1
1390580 2282.7
1390590 2282.7
1390600 2289.9
1390610 2296.7
1390620 2296.7
1390630 2301.8
1390640 2304.7
1390650 2304.7
1390660 2307.5
1390670 2310.3
1390680 2310.3
1390690 2313.0
1390700 2317.0
1390710 2320.6
1390720 2320.6
1390730 2324.2
1390740 2328.1
1390750 2328.1
1390760 2332.5
1390770 2337.5
1390780 2337.5
1390790 2342.0
1390800 2346.4
1390810 2346.4
1390820 2349.8
1390830 2350.3
1390840 2350.3
1390850 2351.1
1390860 2352.4
1390870 2352.4
1390880 2354.0
1390890 2356.2
1390900 2359.1
1390910 2359.1
1390920 2362.2
1390930 2366.0
1390940 2366.0
1390950 2370.4
1390960 2374.4
1390970 2374.4
1390980 2378.5
1390990 2382.6
1391000 2382.6
1391010 2387.0
1391020 2391.4
1391030 2391.4
1391040 2395.9
1391050 2400.0
1391060 2403.9
1391070 2403.9
1391080 2408.1
1391090 2413.2
1391100 2413.2
1391110 2419.6
1391120 2426.9
1391130 2426.9
1391140 2432.4
1391150 2437.2
1391160 2437.2
1391170 2442.1
1391180 2446.9
1391190 2446.9
1391200 2451.8
1391210 2456.9
1391220 2456.9
1391230 2461.3
1391240 2465.6
1391250 2470.2
1391260 2470.2
1391270 2475.4
1391280 2480.5
1391290 2480.5
1391300 2486.0
1391310 2492.2
1391320 2492.2
1391330 2498.6
1391340 2504.8
1391350 2504.8
1391360 2513.6
1391370 2521.5
1391380 2521.5
1391390 2526.1
1391400 2528.6
1391410 2528.6
1391420 2529.9
1391430 2530.5
1391440 2531.5
1391450 2531.5
1391460 2534.1
1391470 2537.8
1391480 2537.8
1391490 2541.9
1391500 2545.6
1391510 2545.6
1391520 2549.7
1391530 2553.5
1391540 2553.5
1391550 2557.1
1391560 2560.0
1391570 2560.0
1391580 2561.8
1391590 2565.7
1391600 2569.7
1391610 2569.7
1391620 2572.7
1391630 2575.8
1391640 2575.8
1391650 2579.3
1391660 2582.5
1391670 2582.5
1391680 2585.9
1391690 2589.2
1391700 2589.2
1391710 2593.1
1391720 2598.8
1391730 2598.8
1391740 2605.9
1391750 2613.2
1391760 2613.2
1391770 2620.7
1391780 2626.6
1391790 2632.3
1391800 2632.3
1391810 2638.5
1391820 2644.2
1391830 2644.2
1391840 2649.5
1391850 2654.4
1391860 2654.4
1391870 2658.4
1391880 2663.3
1391890 2663.3
1391900 2669.2
1391910 2677.1
1391920 2682.1
1391930 2689.2
1391940 2696.8
1391950 2696.8
1391960 2704.7
1391970 2711.3
1391980 2718.7
1391990 2718.7
1392000 2726.2
1392010 2728.7
1392020 2728.7
1392030 2728.1
1392040 2728.2
1392050 2728.2
1392060 2728.9
1392070 2728.1
1392080 2728.1
1392090 2727.0
1392100 2726.5
1392110 2726.5
1392120 2726.3
1392130 2725.9
1392140 2725.0
1392150 2725.0
1392160 2720.8
1392170 2713.4
1392180 2713.4
1392190 2707.2
1392200 2701.7
1392210 2701.7
1392220 2698.9
1392230 2697.8
1392240 2697.8
1392250 2696.1
1392260 2694.9
1392270 2694.9
1392280 2695.2
1392290 2694.2
1392300 2694.2
1392310 2690.2
1392320 2684.0
1392330 2680.0
1392340 2680.0
1392350 2679.6
1392360 2680.8
1392370 2680.8
1392380 2681.5
1392390 2682.9
1392400 2682.9
1392410 2683.3
1392420 2682.9
1392430 2682.9
1392440 2684.2
1392450 2689.2
1392460 2689.2
1392470 2695.2
1392480 2699.9
1392490 2699.9
1392500 2703.9
1392510 2707.1
1392520 2710.0
1392530 2710.0
1392540 2715.4
1392550 2721.0
1392560 2721.0
1392570 2725.1
1392580 2729.2
1392590 2729.2
1392600 2733.4
1392610 2736.6
1392620 2736.6
1392630 2734.7
1392640 2731.3
1392650 2731.3
1392660 2728.1
1392670 2726.5
1392680 2729.7
1392690 2729.7
1392700 2736.2
1392710 2743.6
1392720 2743.6
1392730 2744.8
1392740 2737.3
1392750 2737.3
1392760 2728.2
1392770 2724.9
1392780 2724.9
1392790 2726.0
1392800 2718.6
1392810 2718.6
1392820 2707.4
1392830 2701.2
1392840 2701.2
1392850 2697.6
1392860 2693.9
1392870 2686.9
1392880 2686.9
1392890 2680.5
1392900 2677.0
1392910 2677.0
1392920 2675.5
1392930 2677.2
1392940 2677.2
1392950 2678.6
1392960 2678.8
1392970 2678.8
1392980 2679.7
1392990 2676.7
1393000 2676.7
1393010 2669.1
1393020 2660.3
1393030 2660.3
1393040 2652.4
1393050 2647.1
1393060 2640.2
1393070 2640.2
1393080 2633.7
1393090 2625.8
1393100 2625.8
1393110 2616.7
1393120 2607.6
1393130 2607.6
1393140 2601.7
1393150 2595.3
1393160 2595.3
1393170 2586.3
1393180 2579.4
1393190 2579.4
1393200 2571.9
1393210 2564.3
1393220 2559.0
1393230 2559.0
1393240 2555.4
1393250 2550.1
1393260 2550.1
1393270 2544.9
1393280 2542.0
1393290 2532.7
1393300 2528.7
1393310 2524.3
1393320 2524.3
1393330 2519.5
1393340 2515.3
1393350 2515.3
1393360 2509.8
1393370 2504.1
1393380 2504.1
1393390 2497.8
1393400 2492.4
1393410 2488.6
1393420 2488.6
1393430 2484.3
1393440 2480.0
1393450 2480.0
1393460 2474.2
1393470 2467.3
1393480 2467.3
1393490 2462.0
1393500 2456.2
1393510 2456.2
1393520 2449.6
1393530 2444.0
1393540 2444.0
1393550 2437.0
1393560 2427.7
1393570 2427.7
1393580 2415.0
1393590 2409.3
1393600 2408.3
1393610 2408.3
1393620 2405.9
1393630 2401.5
1393640 2401.5
1393650 2394.1
1393660 2385.5
1393670 2385.5
1393680 2376.9
1393690 2370.2
1393700 2370.2
1393710 2363.2
1393720 2351.0
1393730 2351.0
1393740 2322.5
1393750 2300.1
1393760 2280.8
1393770 2280.8
1393780 2263.9
1393790 2259.4
1393800 2259.4
1393810 2245.2
1393820 2226.3
1393830 2226.3
1393840 2212.1
1393850 2199.9
1393860 2199.9
1393870 2184.9
1393880 2170.1
1393890 2170.1
1393900 2155.1
1393910 2142.2
1393920 2142.2
1393930 2133.1
1393940 2125.3
1393950 2118.6
1393960 2118.6
1393970 2112.9
1393980 2107.2
1393990 2107.2
1394000 2101.1
1394010 2094.7
1394020 2094.7
1394030 2088.4
1394040 2082.2
1394050 2082.2
1394060 2075.8
1394070 2069.9
1394080 2069.9
1394090 2063.8
1394100 2057.9
1394110 2057.9
1394120 2052.5
1394130 2047.4
1394140 2042.5
1394150 2042.5
1394160 2037.4
1394170 2032.4
1394180 2032.4
1394190 2027.8
1394200 2023.5
1394210 2023.5
1394220 2019.3
1394230 2015.2
1394240 2015.2
1394250 2011.3
1394260 2008.2
1394270 2008.2
1394280 2007.4
1394290 2009.9
1394300 2013.4
1394310 2013.4
1394320 2016.1
1394330 2018.5
1394340 2018.5
1394350 2020.1
1394360 2021.7
1394370 2021.7
1394380 2023.2
1394390 2024.1
1394400 2024.1
1394410 2024.8
1394420 2025.7
1394430 2025.7
1394440 2026.3
1394450 2026.6
1394460 2026.6
1394470 2026.5
1394480 2026.4
1394490 2027.4
1394500 2027.4
1394510 2029.5
1394520 2031.5
1394530 2031.5
1394540 2033.5
1394550 2035.5
1394560 2035.5
1394570 2037.2
1394580 2037.7
1394590 2037.7
1394600 2037.7
1394610 2035.5
1394620 2035.5
1394630 2032.0
1394640 2029.5
1394650 2029.5
1394660 2028.4
1394670 2027.3
1394680 2025.5
1394690 2019.2
1394700 2016.3
1394710 2012.2
1394720 2012.2
1394730 2012.2
1394740 2013.3
1394750 2013.3
1394760 2013.1
1394770 2012.2
1394780 2012.2
1394790 2013.1
1394800 2016.8
1394810 2016.8
1394820 2018.6
1394830 2018.2
1394840 2018.2
1394850 2018.2
1394860 2019.8
1394870 2021.7
1394880 2021.7
1394890 2021.6
1394900 2021.8
1394910 2021.8
1394920 2024.0
1394930 2025.1
1394940 2025.1
1394950 2024.7
1394960 2025.8
1394970 2025.8
1394980 2027.1
1394990 2027.8
1395000 2027.8
1395010 2029.3
1395020 2031.7
1395030 2031.8
1395040 2031.8
1395050 2026.5
1395060 2018.3
1395070 2018.3
1395080 2011.3
1395090 2006.9
1395100 2006.9
1395110 2002.3
1395120 1997.9
1395130 1997.9
1395140 1993.7
1395150 1988.9
1395160 1988.9
1395170 1982.7
1395180 1975.5
1395190 1975.5
1395200 1968.3
1395210 1961.5
1395220 1955.4
1395230 1955.4
1395240 1946.9
1395250 1937.0
1395260 1937.0
1395270 1927.2
1395280 1917.9
1395290 1917.9
1395300 1908.9
1395310 1900.7
1395320 1900.7
1395330 1894.2
1395340 1887.4
1395350 1887.4
1395360 1879.3
1395370 1872.0
1395380 1865.9
1395390 1865.9
1395400 1860.9
1395410 1855.4
1395420 1855.4
1395430 1849.2
1395440 1842.8
1395450 1842.8
1395460 1834.9
1395470 1825.1
1395480 1825.1
1395490 1814.0
1395500 1801.5
1395510 1801.5
1395520 1787.8
1395530 1779.0
1395540 1779.0
1395550 1772.4
1395560 1766.9
1395570 1761.2
1395580 1761.2
1395590 1755.5
1395600 1750.2
1395610 1750.2
1395620 1745.0
1395630 1739.2
1395640 1739.2
1395650 1733.9
1395660 1728.0
1395670 1728.0
1395680 1722.3
1395690 1716.5
1395700 1716.5
1395710 1710.0
1395720 1703.8
1395730 1703.8
1395740 1698.3
1395750 1692.9
1395760 1686.7
1395770 1686.7
1395780 1680.4
1395790 1673.7
1395800 1673.7
1395810 1666.6
1395820 1660.4
1395830 1660.4
1395840 1654.5
1395850 1649.3
1395860 1649.3
1395870 1644.0
1395880 1639.5
1395890 1639.5
1395900 1636.6
1395910 1634.0
1395920 1631.3
1395930 1631.3
1395940 1628.8
1395950 1626.9
1395960 1626.9
1395970 1625.0
1395980 1623.2
1395990 1623.2
1396000 1621.5
1396010 1620.1
1396020 1620.1
1396030 1619.4
1396040 1618.8
1396050 1618.8
1396060 1617.9
1396070 1617.5
1396080 1617.5
1396090 1616.3
1396100 1614.1
1396110 1613.8
1396120 1613.8
1396130 1614.4
1396140 1615.3
1396150 1615.3
1396160 1616.6
1396170 1617.2
1396180 1617.2
1396190 1617.7
1396200 1618.6
1396210 1618.6
1396220 1619.9
1396230 1621.3
1396240 1621.3
1396250 1622.6
1396260 1623.6
1396270 1623.6
1396280 1624.8
1396290 1627.2
1396300 1630.0
1396310 1630.0
1396320 1632.5
1396330 1634.7
1396340 1634.7
1396350 1636.9
1396360 1639.0
1396370 1639.0
1396380 1642.8
1396390 1648.9
1396400 1648.9
1396410 1654.6
1396420 1659.7
1396430 1659.7
1396440 1664.3
1396450 1668.8
1396460 1673.5
1396470 1673.5
1396480 1678.5
1396490 1683.9
1396500 1683.9
1396510 1689.8
1396520 1694.8
1396530 1694.8
1396540 1692.1
1396550 1684.5
1396560 1684.5
1396570 1679.3
1396580 1678.3
1396590 1678.3
1396600 1680.7
1396610 1684.9
1396620 1684.9
1396630 1692.0
1396640 1697.6
1396650 1701.7
1396660 1701.7
1396670 1704.8
1396680 1706.2
1396690 1706.2
1396700 1709.3
1396710 1712.4
1396720 1712.4
1396730 1716.0
1396740 1721.6
1396750 1721.6
1396760 1727.9
1396770 1732.8
1396780 1732.8
1396790 1737.3
1396800 1742.0
1396810 1742.0
1396820 1746.4
1396830 1749.8
1396840 1751.8
1396850 1751.8
1396860 1753.9
1396870 1755.9
1396880 1755.9
1396890 1757.7
1396900 1759.4
1396910 1759.4
1396920 1761.5
1396930 1765.4
1396940 1765.4
1396950 1769.7
1396960 1773.3
1396970 1773.3
1396980 1776.1
1396990 1779.8
1397000 1784.4
1397010 1784.4
1397020 1790.6
1397030 1797.1
1397040 1797.1
1397050 1803.4
1397060 1810.4
1397070 1810.4
1397080 1815.7
1397090 1818.7
1397100 1818.7
1397110 1820.6
1397120 1823.8
1397130 1823.8
1397140 1829.6
1397150 1835.9
1397160 1835.9
1397170 1843.5
1397180 1850.3
1397190 1855.7
1397200 1855.7
1397210 1860.7
1397220 1865.3
1397230 1865.3
1397240 1870.4
1397250 1874.6
1397260 1874.6
1397270 1878.4
1397280 1882.0
1397290 1882.0
1397300 1885.7
1397310 1888.7
1397320 1888.7
1397330 1891.4
1397340 1894.5
1397350 1894.5
1397360 1898.1
1397370 1901.8
1397380 1904.6
1397390 1904.6
1397400 1906.5
1397410 1908.8
1397420 1908.8
1397430 1911.3
1397440 1914.3
1397450 1914.3
1397460 1917.3
1397470 1920.1
1397480 1920.1
1397490 1924.2
1397500 1929.4
1397510 1929.4
1397520 1935.4
1397530 1941.8
1397540 1947.4
1397550 1947.4
1397560 1953.8
1397570 1958.7
1397580 1958.7
1397590 1962.9
1397600 1966.8
1397610 1966.8
1397620 1970.0
1397630 1972.5
1397640 1972.5
1397650 1974.3
1397660 1975.3
1397670 1975.3
1397680 1976.7
1397690 1978.0
1397700 1978.0
1397710 1979.9
1397720 1981.0
1397730 1984.6
1397740 1984.6
1397750 1988.4
1397760 1990.1
1397770 1990.1
1397780 1992.3
1397790 1994.9
1397800 1994.9
1397810 1996.8
1397820 1998.3
1397830 1998.3
1397840 2000.9
1397850 2005.1
1397860 2005.1
1397870 2008.3
1397880 2010.8
1397890 2010.8
1397900 2012.7
1397910 2013.8
1397920 2015.5
1397930 2015.5
1397940 2018.0
1397950 2019.5
1397960 2019.5
1397970 2020.8
1397980 2021.7
1397990 2021.7
1398000 2022.3
1398010 2022.1
1398020 2022.1
1398030 2021.0
1398040 2019.4
1398050 2019.4
1398060 2020.7
1398070 2024.8
1398080 2031.1
1398090 2031.1
1398100 2037.6
1398110 2043.0
1398120 2043.0
1398130 2047.7
1398140 2052.7
1398150 2052.7
1398160 2057.1
1398170 2060.9
1398180 2060.9
1398190 2064.8
1398200 2069.2
1398210 2069.2
1398220 2073.9
1398230 2078.3
1398240 2078.3
1398250 2081.7
1398260 2084.1
1398270 2086.9
1398280 2086.9
1398290 2091.3
1398300 2096.7
1398310 2096.7
1398320 2102.8
1398330 2109.7
1398340 2109.7
1398350 2117.5
1398360 2123.9
1398370 2123.9
1398380 2130.5
1398390 2138.0
1398400 2138.0
1398410 2146.4
1398420 2152.0
1398430 2152.0
1398440 2154.2
1398450 2157.5
1398460 2162.6
1398470 2162.6
1398480 2168.6
1398490 2173.9
1398500 2173.9
1398510 2179.1
1398520 2184.8
1398530 2184.8
1398540 2190.2
1398550 2195.8
1398560 2195.8
1398570 2196.9
1398580 2195.7
1398590 2195.7
1398600 2196.3
1398610 2200.4
1398620 2207.7
1398630 2207.7
1398640 2216.8
1398650 2225.1
1398660 2225.1
1398670 2232.4
1398680 2237.9
1398690 2237.9
1398700 2242.4
1398710 2246.9
1398720 2246.9
1398730 2251.5
1398740 2257.2
1398750 2257.2
1398760 2263.6
1398770 2270.2
1398780 2270.2
1398790 2276.5
1398800 2281.3
1398810 2285.1
1398820 2285.1
1398830 2289.6
1398840 2295.2
1398850 2295.2
1398860 2300.3
1398870 2305.6
1398880 2305.6
1398890 2312.0
1398900 2318.2
1398910 2318.2
1398920 2323.4
1398930 2327.9
1398940 2327.9
1398950 2331.4
1398960 2334.2
1398970 2334.2
1398980 2339.4
1398990 2344.6
1399000 2350.3
1399010 2350.3
1399020 2356.8
1399030 2360.1
1399040 2360.1
1399050 2362.8
1399060 2365.2
1399070 2365.2
1399080 2372.7
1399090 2385.8
1399100 2385.8
1399110 2394.1
1399120 2399.9
1399130 2399.9
1399140 2405.7
1399150 2411.4
1399160 2417.0
1399170 2417.0
1399180 2422.3
1399190 2427.5
1399200 2427.5
1399210 2433.1
1399220 2439.2
1399230 2439.2
1399240 2444.2
1399250 2450.7
1399260 2450.7
1399270 2457.3
1399280 2459.9
1399290 2459.9
1399300 2462.2
1399310 2467.5
1399320 2467.5
1399330 2475.4
1399340 2481.3
1399350 2488.9
1399360 2488.9
1399370 2495.8
1399380 2499.5
1399390 2499.5
1399400 2505.3
1399410 2512.3
1399420 2512.3
1399430 2520.0
1399440 2528.1
1399450 2528.1
1399460 2528.9
1399470 2522.5
1399480 2522.5
1399490 2515.9
1399500 2509.6
1399510 2509.6
1399520 2501.3
1399530 2493.8
1399540 2486.8
1399550 2486.8
1399560 2478.7
1399570 2469.5
1399580 2469.5
1399590 2462.7
1399600 2456.5
1399610 2456.5
1399620 2451.5
1399630 2446.8
1399640 2446.8
1399650 2442.4
1399660 2438.1
1399670 2438.1
1399680 2433.1
1399690 2426.8
1399700 2420.5
1399710 2420.5
1399720 2414.9
1399730 2409.6
1399740 2409.6
1399750 2404.8
1399760 2400.7
1399770 2400.7
1399780 2397.7
1399790 2396.5
1399800 2396.5
1399810 2394.7
1399820 2390.7
1399830 2390.7
1399840 2386.4
1399850 2381.2
1399860 2381.2
1399870 2373.8
1399880 2367.7
1399890 2363.0
1399900 2363.0
1399910 2358.7
1399920 2354.9
1399930 2354.9
1399940 2351.6
1399950 2347.0
1399960 2347.0
1399970 2341.3
1399980 2335.2
1399990 2335.2
