1380000 2052.8
1380010 2052.8
1380020 2053.4
1380030 2053.4
1380040 2054.2
1380050 2054.3
1380060 2054.3
1380070 2054.3
1380080 2054.6
1380090 2054.6
1380100 2055.5
1380110 2055.6
1380120 2055.6
1380130 2056.2
1380140 2056.4
1380150 2056.4
1380160 2056.5
1380170 2055.2
1380180 2055.2
1380190 2054.8
1380200 2055.0
1380210 2055.4
1380220 2055.4
1380230 2055.1
1380240 2050.4
1380250 2050.4
1380260 2048.7
1380270 2047.3
1380280 2047.3
1380290 2046.0
1380300 2044.8
1380310 2044.8
1380320 2043.3
1380330 2041.6
1380340 2041.6
1380350 2040.3
1380360 2039.4
1380370 2038.3
1380380 2038.3
1380390 2037.3
1380400 2036.6
1380410 2036.6
1380420 2036.0
1380430 2035.4
1380440 2035.4
1380450 2035.4
1380460 2035.7
1380470 2035.7
1380480 2036.4
1380490 2037.1
1380500 2037.1
1380510 2037.6
1380520 2037.6
1380530 2037.6
1380540 2037.7
1380550 2037.7
1380560 2038.0
1380570 2038.0
1380580 2038.2
1380590 2038.6
1380600 2038.6
1380610 2039.4
1380620 2040.0
1380630 2040.0
1380640 2040.5
1380650 2041.2
1380660 2041.2
1380670 2043.4
1380680 2046.4
1380690 2046.4
1380700 2049.0
1380710 2051.1
1380720 2051.1
1380730 2053.0
1380740 2055.0
1380750 2056.3
1380760 2056.3
1380770 2058.3
1380780 2060.8
1380790 2060.8
1380800 2063.4
1380810 2065.2
1380820 2065.2
1380830 2067.5
1380840 2070.0
1380850 2070.0
1380860 2073.0
1380870 2076.6
1380880 2076.6
1380890 2080.4
1380900 2083.2
1380910 2083.2
1380920 2085.3
1380930 2088.3
1380940 2091.2
1380950 2091.2
1380960 2093.9
1380970 2096.6
1380980 2096.6
1380990 2098.8
1381000 2100.4
1381010 2100.4
1381020 2102.1
1381030 2103.5
1381040 2103.5
1381050 2104.1
1381060 2104.5
1381070 2104.5
1381080 2106.3
1381090 2108.7
1381100 2110.8
1381110 2110.8
1381120 2112.2
1381130 2113.8
1381140 2113.8
1381150 2116.8
1381160 2120.3
1381170 2120.3
1381180 2123.5
1381190 2127.3
1381200 2127.3
1381210 2131.1
1381220 2134.4
1381230 2134.4
1381240 2137.9
1381250 2142.2
1381260 2142.2
1381270 2146.1
1381280 2149.2
1381290 2152.1
1381300 2152.1
1381310 2155.0
1381320 2158.1
1381330 2158.1
1381340 2161.3
1381350 2163.8
1381360 2163.8
1381370 2164.9
1381380 2166.8
1381390 2166.8
1381400 2171.2
1381410 2174.5
1381420 2174.5
1381430 2178.5
1381440 2182.6
1381450 2182.6
1381460 2189.2
1381470 2191.6
1381480 2193.0
1381490 2193.0
1381500 2195.9
1381510 2198.9
1381520 2198.9
1381530 2200.9
1381540 2202.1
1381550 2202.1
1381560 2203.8
1381570 2203.4
1381580 2203.4
1381590 2204.3
1381600 2207.7
1381610 2207.7
1381620 2210.1
1381630 2211.0
1381640 2212.0
1381650 2212.0
1381660 2213.9
1381670 2217.7
1381680 2217.7
1381690 2222.7
1381700 2227.4
1381710 2227.4
1381720 2230.1
1381730 2232.5
1381740 2232.5
1381750 2234.9
1381760 2237.8
1381770 2237.8
1381780 2241.3
1381790 2245.4
1381800 2245.4
1381810 2250.2
1381820 2256.1
1381830 2262.4
1381840 2262.4
1381850 2268.6
1381860 2274.8
1381870 2274.8
1381880 2281.1
1381890 2288.1
1381900 2288.1
1381910 2295.4
1381920 2302.0
1381930 2302.0
1381940 2307.5
1381950 2312.2
1381960 2312.2
1381970 2317.2
1381980 2322.7
1381990 2322.7
1382000 2327.7
1382010 2332.5
1382020 2337.0
1382030 2337.0
1382040 2340.7
1382050 2344.5
1382060 2344.5
1382070 2349.0
1382080 2354.0
1382090 2354.0
1382100 2359.0
1382110 2364.1
1382120 2364.1
1382130 2370.5
1382140 2378.1
1382150 2378.1
1382160 2385.8
1382170 2391.6
1382180 2391.6
1382190 2396.1
1382200 2400.6
1382210 2404.3
1382220 2404.3
1382230 2407.4
1382240 2410.6
1382250 2410.6
1382260 2414.2
1382270 2417.1
1382280 2417.1
1382290 2418.4
1382300 2419.7
1382310 2419.7
1382320 2422.2
1382330 2424.6
1382340 2424.6
1382350 2426.5
1382360 2428.3
1382370 2429.2
1382380 2429.2
1382390 2429.8
1382400 2430.9
1382410 2430.9
1382420 2432.4
1382430 2434.1
1382440 2434.1
1382450 2435.9
1382460 2437.7
1382470 2437.7
1382480 2439.3
1382490 2440.7
1382500 2440.7
1382510 2442.0
1382520 2444.4
1382530 2444.4
1382540 2446.0
1382550 2447.5
1382560 2449.7
1382570 2449.7
1382580 2452.2
1382590 2454.8
1382600 2454.8
1382610 2457.5
1382620 2459.8
1382630 2459.8
1382640 2462.3
1382650 2464.9
1382660 2464.9
1382670 2467.8
1382680 2471.5
1382690 2466.5
1382700 2469.8
1382710 2474.6
1382720 2474.6
1382730 2481.0
1382740 2487.2
1382750 2490.8
1382760 2490.8
1382770 2489.9
1382780 2488.6
1382790 2488.6
1382800 2488.3
1382810 2489.3
1382820 2489.3
1382830 2491.0
1382840 2492.6
1382850 2492.6
1382860 2494.0
1382870 2495.1
1382880 2495.1
1382890 2496.5
1382900 2498.6
1382910 2501.6
1382920 2501.6
1382930 2504.8
1382940 2508.5
1382950 2508.5
1382960 2511.3
1382970 2514.0
1382980 2514.0
1382990 2518.0
1383000 2522.1
1383010 2522.1
1383020 2524.9
1383030 2526.6
1383040 2526.6
1383050 2528.7
1383060 2530.9
1383070 2530.9
1383080 2532.5
1383090 2536.3
1383100 2541.8
1383110 2541.8
1383120 2547.5
1383130 2553.4
1383140 2553.4
1383150 2559.5
1383160 2564.1
1383170 2564.1
1383180 2562.8
1383190 2561.4
1383200 2561.4
1383210 2560.8
1383220 2560.1
1383230 2560.1
1383240 2558.1
1383250 2554.0
1383260 2554.0
1383270 2550.0
1383280 2548.3
1383290 2548.6
1383300 2548.6
1383310 2550.0
1383320 2549.7
1383330 2549.7
1383340 2545.5
1383350 2541.5
1383360 2541.5
1383370 2539.6
1383380 2538.1
1383390 2538.1
1383400 2537.0
1383410 2535.1
1383420 2535.1
1383430 2532.9
1383440 2531.6
1383450 2531.6
1383460 2530.2
1383470 2529.6
1383480 2529.0
1383490 2529.0
1383500 2528.0
1383510 2526.8
1383520 2526.8
1383530 2525.0
1383540 2522.8
1383550 2522.8
1383560 2519.9
1383570 2513.8
1383580 2513.8
1383590 2508.3
1383600 2505.2
1383610 2505.2
1383620 2501.9
1383630 2500.8
1383640 2500.5
1383650 2500.5
1383660 2501.1
1383670 2501.3
1383680 2501.3
1383690 2501.9
1383700 2504.1
1383710 2504.1
1383720 2504.8
1383730 2502.7
1383740 2502.7
1383750 2501.3
1383760 2500.1
1383770 2500.1
1383780 2499.3
1383790 2497.9
1383800 2497.9
1383810 2496.9
1383820 2498.0
1383830 2500.2
1383840 2500.2
1383850 2501.3
1383860 2499.7
1383870 2499.7
1383880 2499.4
1383890 2500.3
1383900 2500.3
1383910 2503.3
1383920 2506.7
1383930 2506.7
1383940 2511.3
1383950 2514.9
1383960 2514.9
1383970 2521.0
1383980 2528.1
1383990 2528.1
1384000 2535.2
1384010 2544.4
1384020 2553.7
1384030 2553.7
1384040 2559.9
1384050 2567.0
1384060 2567.0
1384070 2571.7
1384080 2575.9
1384090 2575.9
1384100 2581.3
1384110 2587.4
1384120 2587.4
1384130 2594.1
1384140 2603.2
1384150 2603.2
1384160 2612.9
1384170 2621.5
1384180 2629.5
1384190 2629.5
1384200 2635.0
1384210 2635.2
1384220 2635.2
1384230 2637.0
1384240 2639.2
1384250 2639.2
1384260 2641.4
1384270 2643.5
1384280 2643.5
1384290 2643.9
1384300 2637.7
1384310 2637.7
1384320 2634.3
1384330 2633.4
1384340 2633.4
1384350 2634.8
1384360 2637.0
1384370 2638.6
1384380 2638.6
1384390 2640.9
1384400 2645.0
1384410 2645.0
1384420 2649.0
1384430 2653.6
1384440 2653.6
1384450 2658.4
1384460 2663.4
1384470 2663.4
1384480 2668.1
1384490 2672.9
1384500 2672.9
1384510 2677.9
1384520 2682.5
1384530 2682.5
1384540 2688.0
1384550 2695.7
1384560 2702.7
1384570 2702.7
1384580 2701.8
1384590 2696.8
1384600 2696.8
1384610 2691.9
1384620 2685.5
1384630 2685.5
1384640 2678.0
1384650 2665.9
1384660 2665.9
1384670 2655.5
1384680 2645.6
1384690 2645.6
1384700 2638.4
1384710 2629.9
1384720 2629.9
1384730 2618.8
1384740 2608.5
1384750 2604.1
1384760 2604.1
1384770 2601.0
1384780 2597.6
1384790 2597.6
1384800 2598.5
1384810 2599.3
1384820 2599.3
1384830 2600.3
1384840 2601.4
1384850 2601.4
1384860 2603.4
1384870 2606.6
1384880 2606.6
1384890 2610.8
1384900 2615.0
1384910 2621.9
1384920 2621.9
1384930 2624.4
1384940 2627.6
1384950 2627.6
1384960 2634.6
1384970 2640.1
1384980 2640.1
1384990 2642.1
1385000 2644.1
1385010 2644.1
1385020 2646.6
1385030 2649.9
1385040 2649.9
1385050 2653.1
1385060 2653.9
1385070 2653.9
1385080 2659.5
1385090 2665.9
1385100 2672.0
1385110 2672.0
1385120 2678.2
1385130 2683.7
1385140 2683.7
1385150 2686.7
1385160 2689.8
1385170 2689.8
1385180 2694.0
1385190 2699.0
1385200 2704.1
1385210 2704.0
1385220 2696.9
1385230 2696.9
1385240 2689.1
1385250 2681.7
1385260 2681.7
1385270 2674.7
1385280 2668.9
1385290 2663.9
1385300 2663.9
1385310 2658.7
1385320 2652.0
1385330 2652.0
1385340 2644.4
1385350 2636.3
1385360 2636.3
1385370 2627.5
1385380 2618.9
1385390 2618.9
1385400 2609.4
1385410 2600.1
1385420 2600.1
1385430 2592.1
1385440 2583.9
1385450 2575.1
1385460 2575.1
1385470 2567.2
1385480 2560.3
1385490 2560.3
1385500 2553.5
1385510 2546.1
1385520 2546.1
1385530 2537.1
1385540 2529.0
1385550 2529.0
1385560 2523.3
1385570 2516.2
1385580 2516.2
1385590 2509.7
1385600 2501.3
1385610 2501.3
1385620 2491.7
1385630 2483.3
1385640 2474.7
1385650 2474.7
1385660 2465.3
1385670 2455.8
1385680 2455.8
1385690 2446.2
1385700 2438.0
1385710 2438.0
1385720 2429.2
1385730 2420.1
1385740 2420.1
1385750 2411.7
1385760 2403.6
1385770 2403.6
1385780 2396.3
1385790 2389.0
1385800 2389.0
1385810 2382.0
1385820 2375.5
1385830 2369.4
1385840 2369.4
1385850 2362.0
1385860 2355.1
1385870 2355.1
1385880 2348.3
1385890 2341.9
1385900 2341.9
1385910 2335.3
1385920 2328.4
1385930 2328.4
1385940 2321.6
1385950 2314.8
1385960 2314.8
1385970 2308.0
1385980 2301.1
1385990 2301.1
1386000 2295.1
1386010 2288.8
1386020 2282.1
1386030 2282.1
1386040 2274.7
1386050 2267.1
1386060 2267.1
1386070 2259.9
1386080 2253.2
1386090 2253.2
1386100 2245.5
1386110 2237.0
1386120 2237.0
1386130 2230.4
1386140 2224.6
1386150 2224.6
1386160 2218.7
1386170 2209.9
1386180 2201.0
1386190 2201.0
1386200 2193.0
1386210 2185.8
1386220 2185.8
1386230 2179.5
1386240 2173.3
1386250 2173.3
1386260 2166.6
1386270 2161.3
1386280 2161.3
1386290 2156.7
1386300 2149.8
1386310 2149.8
1386320 2143.6
1386330 2138.0
1386340 2138.0
1386350 2131.9
1386360 2125.7
1386370 2118.4
1386380 2118.4
1386390 2110.8
1386400 2102.0
1386410 2102.0
1386420 2095.0
1386430 2087.7
1386440 2087.7
1386450 2081.1
1386460 2075.7
1386470 2072.5
1386480 2066.4
1386490 2062.1
1386500 2062.1
1386510 2057.3
1386520 2053.1
1386530 2053.1
1386540 2046.8
1386550 2039.7
1386560 2035.1
1386570 2035.1
1386580 2034.6
1386590 2032.7
1386600 2032.7
1386610 2029.2
1386620 2025.8
1386630 2025.8
1386640 2022.8
1386650 2019.8
1386660 2019.8
1386670 2016.5
1386680 2012.7
1386690 2012.7
1386700 2008.3
1386710 2004.0
1386720 1999.4
1386730 1999.4
1386740 1994.8
1386750 1990.3
1386760 1990.3
1386770 1986.3
1386780 1982.2
1386790 1982.2
1386800 1978.1
1386810 1974.0
1386820 1974.0
1386830 1969.9
1386840 1965.8
1386850 1965.8
1386860 1962.0
1386870 1957.9
1386880 1957.9
1386890 1952.3
1386900 1946.5
1386910 1941.3
1386920 1941.3
1386930 1936.5
1386940 1931.8
1386950 1931.8
1386960 1926.5
1386970 1921.5
1386980 1921.5
1386990 1916.6
1387000 1912.1
1387010 1912.1
1387020 1906.7
1387030 1901.2
1387040 1901.2
1387050 1895.9
1387060 1891.6
1387070 1891.6
1387080 1885.6
1387090 1880.5
1387100 1875.7
1387110 1875.7
1387120 1871.0
1387130 1865.9
1387140 1865.9
1387150 1861.1
1387160 1855.9
1387170 1855.9
1387180 1850.0
1387190 1842.0
1387200 1842.0
1387210 1832.8
1387220 1822.8
1387230 1822.8
1387240 1816.3
1387250 1812.8
1387260 1812.8
1387270 1810.4
1387280 1808.4
1387290 1804.0
1387300 1804.0
1387310 1798.8
1387320 1793.9
1387330 1793.9
1387340 1790.7
1387350 1788.7
1387360 1788.7
1387370 1784.9
1387380 1780.1
1387390 1780.1
1387400 1774.4
1387410 1767.7
1387420 1767.7
1387430 1758.8
1387440 1750.8
1387450 1742.1
1387460 1742.1
1387470 1734.6
1387480 1728.3
1387490 1728.3
1387500 1722.6
1387510 1717.2
1387520 1717.2
1387530 1711.9
1387540 1706.6
1387550 1706.6
1387560 1697.7
1387570 1688.7
1387580 1688.7
1387590 1675.2
1387600 1659.0
1387610 1659.0
1387620 1647.6
1387630 1645.8
1387640 1641.3
1387650 1641.3
1387660 1633.8
1387670 1626.2
1387680 1626.2
1387690 1620.1
1387700 1613.7
1387710 1613.7
1387720 1607.5
1387730 1602.3
1387740 1602.3
1387750 1598.1
1387760 1594.8
1387770 1597.0
1387780 1595.5
1387790 1593.1
1387800 1593.1
1387810 1589.3
1387820 1589.0
1387830 1591.7
1387840 1591.7
1387850 1593.3
1387860 1594.7
1387870 1594.7
1387880 1596.1
1387890 1597.9
1387900 1597.9
1387910 1599.6
1387920 1601.0
1387930 1601.0
1387940 1602.4
1387950 1604.4
1387960 1604.4
1387970 1606.2
1387980 1607.7
1387990 1609.1
1388000 1609.1
1388010 1610.7
1388020 1612.4
1388030 1612.4
1388040 1614.7
1388050 1617.5
1388060 1617.5
1388070 1620.1
1388080 1622.3
1388090 1622.3
1388100 1624.4
1388110 1626.3
1388120 1626.3
1388130 1628.2
1388140 1631.0
1388150 1631.0
1388160 1634.1
1388170 1636.9
1388180 1638.9
1388190 1638.9
1388200 1640.7
1388210 1642.5
1388220 1642.5
1388230 1644.5
1388240 1646.9
1388250 1646.9
1388260 1649.3
1388270 1651.9
1388280 1651.9
1388290 1654.9
1388300 1658.3
1388310 1658.3
1388320 1660.5
1388330 1662.3
1388340 1662.3
1388350 1663.9
1388360 1665.4
1388370 1668.3
1388380 1668.3
1388390 1671.3
1388400 1674.1
1388410 1674.1
1388420 1677.3
1388430 1680.2
1388440 1680.2
1388450 1682.9
1388460 1686.9
1388470 1686.9
1388480 1689.9
1388490 1692.4
1388500 1692.4
1388510 1695.5
1388520 1699.3
1388530 1699.3
1388540 1702.7
1388550 1706.2
1388560 1709.7
1388570 1709.7
1388580 1713.3
1388590 1716.9
1388600 1716.9
1388610 1720.2
1388620 1724.1
1388630 1724.1
1388640 1728.1
1388650 1732.1
1388660 1732.1
1388670 1736.1
1388680 1740.3
1388690 1740.3
1388700 1744.7
1388710 1749.2
1388720 1753.5
1388730 1753.5
1388740 1757.1
1388750 1759.2
1388760 1759.2
1388770 1760.6
1388780 1763.1
1388790 1763.1
1388800 1766.4
1388810 1770.4
1388820 1770.4
1388830 1774.1
1388840 1778.2
1388850 1778.2
1388860 1782.8
1388870 1788.2
1388880 1788.2
1388890 1793.1
1388900 1797.1
1388910 1801.1
1388920 1801.1
1388930 1804.3
1388940 1809.4
1388950 1809.4
1388960 1817.5
1388970 1824.4
1388980 1824.4
1388990 1835.5
1389000 1847.0
1389010 1847.0
1389020 1856.0
1389030 1865.3
1389040 1865.3
1389050 1876.8
1389060 1887.9
1389070 1887.9
1389080 1895.4
1389090 1904.1
1389100 1911.2
1389110 1911.2
1389120 1918.8
1389130 1927.0
1389140 1927.0
1389150 1935.4
1389160 1943.4
1389170 1943.4
1389180 1950.8
1389190 1958.7
1389200 1958.7
1389210 1966.2
1389220 1971.8
1389230 1971.8
1389240 1976.7
1389250 1981.8
1389260 1986.7
1389270 1986.7
1389280 1992.4
1389290 1999.2
1389300 1999.2
1389310 2008.0
1389320 2016.0
1389330 2016.0
1389340 2023.1
1389350 2031.2
1389360 2031.2
1389370 2040.0
1389380 2050.4
1389390 2050.4
1389400 2064.7
1389410 2076.8
1389420 2076.8
1389430 2084.9
1389440 2092.1
1389450 2099.1
1389460 2099.1
1389470 2106.2
1389480 2114.5
1389490 2114.5
1389500 2123.6
1389510 2131.9
1389520 2131.9
1389530 2139.7
1389540 2146.6
1389550 2146.6
1389560 2153.8
1389570 2161.1
1389580 2161.1
1389590 2168.6
1389600 2176.0
1389610 2176.0
1389620 2178.5
1389630 2181.6
1389640 2186.7
1389650 2186.7
1389660 2192.7
1389670 2198.4
1389680 2198.4
1389690 2203.0
1389700 2208.1
1389710 2208.1
1389720 2215.7
1389730 2223.0
1389740 2223.0
1389750 2229.9
1389760 2237.6
1389770 2237.6
1389780 2245.2
1389790 2255.3
1389800 2255.3
1389810 2265.8
1389820 2271.8
1389830 2277.4
1389840 2277.4
1389850 2287.3
1389860 2294.4
1389870 2294.4
1389880 2298.2
1389890 2301.3
1389900 2301.3
1389910 2304.7
1389920 2308.9
1389930 2308.9
1389940 2314.0
1389950 2321.4
1389960 2321.4
1389970 2327.5
1389980 2334.9
1389990 2344.1
1390000 2344.1
1390010 2351.3
1390020 2356.9
1390030 2356.9
1390040 2362.9
1390050 2368.0
1390060 2368.0
1390070 2373.8
1390080 2380.5
1390090 2380.5
1390100 2386.9
1390110 2393.6
1390120 2393.6
1390130 2400.3
1390140 2406.3
1390150 2406.3
1390160 2411.9
1390170 2418.0
1390180 2424.6
1390190 2424.6
1390200 2431.3
1390210 2437.8
1390220 2437.8
1390230 2444.2
1390240 2451.4
1390250 2451.4
1390260 2459.4
1390270 2467.5
1390280 2467.5
1390290 2475.0
1390300 2481.9
1390310 2481.9
1390320 2489.0
1390330 2497.1
1390340 2497.1
1390350 2506.5
1390360 2515.4
1390370 2524.0
1390380 2524.0
1390390 2533.2
1390400 2540.3
1390410 2538.7
1390420 2549.2
1390430 2556.1
1390440 2556.1
1390450 2561.3
1390460 2567.0
1390470 2567.0
1390480 2573.7
1390490 2578.9
1390500 2578.9
1390510 2575.3
1390520 2567.0
1390530 2560.9
1390540 2560.9
1390550 2554.6
1390560 2549.6
1390570 2549.6
1390580 2541.0
1390590 2536.9
1390600 2536.9
1390610 2521.3
1390620 2505.8
1390630 2505.8
1390640 2491.9
1390650 2469.5
1390660 2469.5
1390670 2451.5
1390680 2452.1
1390690 2452.1
1390700 2453.3
1390710 2453.6
1390720 2463.1
1390730 2463.1
1390740 2457.4
1390750 2444.6
1390760 2444.6
1390770 2442.1
1390780 2442.1
1390790 2442.1
1390800 2440.8
1390810 2439.1
1390820 2439.1
1390830 2437.8
1390840 2435.3
1390850 2435.3
1390860 2433.8
1390870 2437.2
1390880 2437.2
1390890 2437.9
1390900 2436.3
1390910 2433.1
1390920 2433.1
1390930 2431.8
1390940 2433.6
1390950 2433.6
1390960 2436.0
1390970 2438.7
1390980 2438.7
1390990 2440.0
1391000 2439.8
1391010 2439.8
1391020 2438.3
1391030 2437.4
1391040 2437.4
1391050 2438.1
1391060 2440.5
1391070 2440.5
1391080 2443.6
1391090 2445.9
1391100 2448.2
1391110 2448.2
1391120 2451.0
1391130 2453.5
1391140 2453.5
1391150 2456.5
1391160 2458.5
1391170 2458.5
1391180 2460.8
1391190 2463.2
1391200 2463.2
1391210 2464.5
1391220 2465.5
1391230 2465.5
1391240 2466.2
1391250 2466.3
1391260 2465.7
1391270 2465.7
1391280 2464.6
1391290 2463.9
1391300 2463.9
1391310 2464.9
1391320 2466.5
1391330 2466.5
1391340 2467.8
1391350 2468.4
1391360 2468.4
1391370 2467.4
1391380 2466.1
1391390 2466.1
1391400 2466.9
1391410 2469.7
1391420 2469.7
1391430 2472.4
1391440 2475.1
1391450 2477.3
1391460 2477.3
1391470 2479.4
1391480 2481.6
1391490 2481.6
1391500 2483.4
1391510 2484.5
1391520 2484.5
1391530 2485.5
1391540 2486.9
1391550 2486.9
1391560 2489.1
1391570 2491.6
1391580 2491.6
1391590 2494.1
1391600 2496.9
1391610 2496.9
1391620 2499.3
1391630 2501.3
1391640 2503.1
1391650 2503.1
1391660 2503.3
1391670 2504.2
1391680 2504.2
1391690 2505.6
1391700 2506.8
1391710 2506.8
1391720 2509.2
1391730 2513.9
1391740 2513.9
1391750 2519.8
1391760 2529.1
1391770 2529.1
1391780 2535.7
1391790 2543.4
1391800 2552.6
1391810 2552.6
1391820 2565.8
1391830 2579.3
1391840 2579.3
1391850 2579.8
1391860 2574.3
1391870 2574.3
1391880 2566.7
1391890 2564.3
1391900 2564.3
1391910 2561.6
1391920 2558.8
1391930 2558.8
1391940 2557.3
1391950 2556.3
1391960 2556.3
1391970 2554.5
1391980 2553.7
1391990 2553.5
1392000 2553.5
1392010 2552.5
1392020 2549.9
1392030 2549.9
1392040 2544.3
1392050 2537.9
1392060 2537.9
1392070 2531.4
1392080 2524.5
1392090 2524.5
1392100 2513.8
1392110 2498.6
1392120 2498.6
1392130 2493.1
1392140 2488.0
1392150 2488.0
1392160 2478.3
1392170 2470.9
1392180 2462.1
1392190 2462.1
1392200 2454.7
1392210 2447.8
1392220 2447.8
1392230 2441.3
1392240 2435.1
1392250 2435.1
1392260 2429.5
1392270 2424.7
1392280 2424.7
1392290 2421.2
1392300 2417.9
1392310 2417.9
1392320 2414.3
1392330 2408.9
1392340 2403.3
1392350 2403.3
1392360 2399.2
1392370 2396.3
1392380 2396.3
1392390 2394.5
1392400 2393.8
1392410 2393.8
1392420 2392.7
1392430 2390.1
1392440 2390.1
1392450 2390.1
1392460 2390.4
1392470 2390.4
1392480 2388.3
1392490 2384.0
1392500 2384.0
1392510 2378.6
1392520 2374.1
1392530 2371.4
1392540 2371.4
1392550 2369.9
1392560 2368.8
1392570 2368.8
1392580 2366.0
1392590 2358.1
1392600 2358.1
1392610 2354.6
1392620 2350.9
1392630 2350.9
1392640 2344.8
1392650 2338.4
1392660 2338.4
1392670 2333.6
1392680 2328.6
1392690 2328.6
1392700 2323.1
1392710 2316.8
1392720 2308.3
1392730 2308.3
1392740 2301.6
1392750 2295.8
1392760 2295.8
1392770 2287.4
1392780 2278.5
1392790 2278.5
1392800 2276.0
1392810 2275.4
1392820 2275.4
1392830 2273.1
1392840 2269.3
1392850 2269.3
1392860 2264.7
1392870 2259.8
1392880 2259.8
1392890 2254.7
1392900 2249.2
1392910 2243.6
1392920 2243.6
1392930 2238.1
1392940 2232.7
1392950 2232.7
1392960 2227.7
1392970 2222.7
1392980 2222.7
1392990 2217.8
1393000 2213.0
1393010 2213.0
1393020 2208.7
1393030 2205.4
1393040 2205.4
1393050 2201.9
1393060 2198.3
1393070 2195.4
1393080 2195.4
1393090 2193.0
1393100 2190.6
1393110 2190.6
1393120 2187.9
1393130 2189.0
1393140 2189.0
1393150 2186.5
1393160 2183.9
1393170 2183.9
1393180 2180.9
1393190 2177.8
1393200 2177.8
1393210 2175.9
1393220 2175.1
1393230 2175.1
1393240 2173.7
1393250 2170.7
1393260 2167.1
1393270 2167.1
1393280 2164.8
1393290 2163.2
1393300 2163.2
1393310 2161.4
1393320 2158.9
1393330 2158.9
1393340 2156.3
1393350 2154.2
1393360 2154.2
1393370 2152.1
1393380 2147.9
1393390 2147.9
1393400 2142.6
1393410 2140.0
1393420 2140.0
1393430 2137.6
1393440 2135.0
1393450 2131.5
1393460 2131.5
1393470 2127.3
1393480 2123.9
1393490 2123.9
1393500 2121.6
1393510 2119.9
1393520 2119.9
1393530 2117.9
1393540 2116.1
1393550 2116.1
1393560 2115.0
1393570 2114.8
1393580 2114.8
1393590 2115.2
1393600 2114.9
1393610 2113.4
1393620 2113.4
1393630 2111.9
1393640 2110.5
1393650 2110.5
1393660 2108.4
1393670 2105.6
1393680 2105.6
1393690 2103.3
1393700 2101.0
1393710 2101.0
1393720 2098.7
1393730 2096.5
1393740 2096.5
1393750 2094.8
1393760 2095.1
1393770 2095.1
1393780 2099.9
1393790 2102.7
1393800 2103.9
1393810 2103.9
1393820 2105.0
1393830 2104.0
1393840 2104.0
1393850 2101.6
1393860 2101.3
1393870 2101.3
1393880 2101.4
1393890 2100.8
1393900 2100.8
1393910 2101.4
1393920 2101.6
1393930 2101.6
1393940 2100.3
1393950 2098.5
1393960 2098.5
1393970 2096.8
1393980 2096.3
1393990 2096.4
1394000 2096.4
1394010 2095.5
1394020 2095.5
1394030 2095.5
1394040 2096.1
1394050 2094.8
1394060 2094.8
1394070 2093.7
1394080 2094.3
1394090 2094.3
1394100 2094.4
1394110 2095.7
1394120 2095.7
1394130 2096.2
1394140 2095.9
1394150 2095.9
1394160 2096.0
1394170 2096.5
1394180 2095.5
1394190 2095.5
1394200 2095.6
1394210 2097.4
1394220 2097.4
1394230 2100.2
1394240 2103.0
1394250 2103.0
1394260 2105.4
1394270 2106.1
1394280 2106.1
1394290 2107.4
1394300 2110.4
1394310 2110.4
1394320 2112.1
1394330 2112.5
1394340 2112.8
1394350 2112.8
1394360 2113.9
1394370 2116.5
1394380 2116.5
1394390 2120.1
1394400 2123.1
1394410 2123.1
1394420 2122.9
1394430 2120.8
1394440 2120.8
1394450 2117.7
1394460 2113.0
1394470 2113.0
1394480 2104.4
1394490 2093.4
1394500 2093.4
1394510 2081.9
1394520 2083.5
1394530 2078.5
1394540 2078.5
1394550 2071.7
1394560 2066.7
1394570 2066.7
1394580 2064.3
1394590 2061.1
1394600 2061.1
1394610 2057.6
1394620 2053.7
1394630 2053.7
1394640 2050.7
1394650 2049.0
1394660 2049.0
1394670 2046.7
1394680 2042.4
1394690 2042.4
1394700 2034.9
1394710 2025.2
1394720 2010.6
1394730 2010.6
1394740 1997.6
1394750 1986.2
1394760 1986.2
1394770 1975.3
1394780 1965.0
1394790 1965.0
1394800 1956.5
1394810 1949.6
1394820 1949.6
1394830 1941.8
1394840 1933.7
1394850 1933.7
1394860 1925.0
1394870 1916.5
1394880 1907.3
1394890 1907.3
1394900 1898.0
1394910 1888.7
1394920 1888.7
1394930 1883.3
1394940 1879.0
1394950 1879.0
1394960 1875.9
1394970 1871.7
1394980 1871.7
1394990 1867.9
1395000 1863.4
1395010 1863.4
1395020 1858.6
1395030 1855.0
1395040 1855.0
1395050 1852.3
1395060 1849.1
1395070 1846.2
1395080 1846.2
1395090 1845.8
1395100 1843.2
1395110 1843.2
1395120 1841.7
1395130 1838.2
1395140 1838.2
1395150 1834.0
1395160 1831.3
1395170 1831.3
1395180 1829.4
1395190 1826.4
1395200 1826.4
1395210 1823.1
1395220 1819.9
1395230 1819.9
1395240 1816.9
1395250 1815.2
1395260 1813.5
1395270 1813.5
1395280 1813.1
1395290 1813.0
1395300 1813.0
1395310 1812.5
1395320 1812.0
1395330 1812.0
1395340 1812.1
1395350 1811.7
1395360 1811.7
1395370 1811.9
1395380 1812.0
1395390 1812.0
1395400 1812.0
1395410 1813.2
1395420 1813.2
1395430 1815.4
1395440 1817.9
1395450 1819.7
1395460 1819.7
1395470 1821.7
1395480 1823.7
1395490 1823.7
1395500 1826.2
1395510 1829.2
1395520 1829.2
1395530 1832.2
1395540 1835.4
1395550 1835.4
1395560 1838.7
1395570 1841.0
1395580 1841.0
1395590 1844.2
1395600 1847.0
1395610 1848.8
1395620 1848.8
1395630 1851.4
1395640 1855.8
1395650 1855.8
1395660 1860.1
1395670 1865.1
1395680 1865.1
1395690 1870.6
1395700 1876.9
1395710 1876.9
1395720 1883.2
1395730 1888.5
1395740 1888.5
1395750 1892.9
1395760 1897.9
1395770 1897.9
1395780 1903.0
1395790 1908.8
1395800 1913.3
1395810 1913.3
1395820 1917.3
1395830 1920.6
1395840 1920.6
1395850 1924.3
1395860 1926.5
1395870 1926.5
1395880 1926.4
1395890 1929.7
1395900 1929.7
1395910 1937.8
1395920 1950.3
1395930 1950.3
1395940 1970.5
1395950 1981.2
1395960 1981.2
1395970 1991.1
1395980 1996.3
1395990 2002.2
1396000 2002.2
1396010 2009.5
1396020 2017.8
1396030 2017.8
1396040 2024.2
1396050 2031.1
1396060 2031.1
1396070 2037.4
1396080 2044.1
1396090 2044.1
1396100 2051.3
1396110 2057.8
1396120 2057.8
1396130 2064.1
1396140 2068.3
1396150 2071.4
1396160 2071.4
1396170 2075.7
1396180 2080.8
1396190 2080.8
1396200 2085.0
1396210 2089.9
1396220 2089.9
1396230 2095.7
1396240 2101.5
1396250 2101.5
1396260 2106.5
1396270 2113.1
1396280 2113.1
1396290 2118.9
1396300 2126.6
1396310 2126.6
1396320 2136.7
1396330 2142.3
1396340 2145.2
1396350 2145.2
1396360 2147.4
1396370 2152.0
1396380 2152.0
1396390 2156.6
1396400 2162.2
1396410 2162.2
1396420 2166.8
1396430 2170.3
1396440 2170.3
1396450 2175.4
1396460 2181.4
1396470 2181.4
1396480 2187.7
1396490 2191.2
1396500 2191.2
1396510 2194.2
1396520 2196.3
1396530 2200.0
1396540 2200.0
1396550 2207.0
1396560 2216.6
1396570 2216.6
1396580 2224.1
1396590 2231.2
1396600 2231.2
1396610 2237.9
1396620 2244.6
1396630 2244.6
1396640 2253.0
1396650 2261.2
1396660 2261.2
1396670 2269.9
1396680 2278.0
1396690 2278.0
1396700 2286.0
1396710 2294.7
1396720 2303.5
1396730 2303.5
1396740 2313.7
1396750 2325.7
1396760 2325.7
1396770 2337.0
1396780 2343.7
1396790 2343.7
1396800 2348.1
1396810 2353.6
1396820 2353.6
1396830 2363.3
1396840 2373.8
1396850 2373.8
1396860 2380.0
1396870 2387.2
1396880 2397.2
1396890 2397.2
1396900 2409.6
1396910 2421.4
1396920 2421.4
1396930 2437.3
1396940 2445.9
1396950 2445.9
1396960 2438.0
1396970 2434.8
1396980 2434.8
1396990 2429.2
1397000 2416.0
1397010 2416.0
1397020 2405.6
1397030 2397.9
1397040 2397.9
1397050 2390.7
1397060 2384.6
1397070 2380.7
1397080 2380.7
1397090 2378.4
1397100 2373.8
1397110 2373.8
1397120 2368.8
1397130 2363.0
1397140 2363.0
1397150 2355.0
1397160 2348.8
1397170 2348.8
1397180 2343.1
1397190 2338.0
1397200 2338.0
1397210 2333.1
1397220 2327.9
1397230 2327.9
1397240 2322.4
1397250 2317.3
1397260 2313.4
1397270 2313.4
1397280 2309.9
1397290 2306.4
1397300 2306.4
1397310 2303.8
1397320 2301.7
1397330 2301.7
1397340 2299.3
1397350 2297.7
1397360 2297.7
1397370 2289.7
1397380 2288.1
1397390 2288.1
1397400 2291.8
1397410 2293.1
1397420 2295.3
1397430 2295.3
1397440 2299.8
1397450 2305.0
1397460 2305.0
1397470 2308.0
1397480 2309.8
1397490 2309.8
1397500 2311.8
1397510 2313.3
1397520 2313.3
1397530 2314.2
1397540 2315.0
1397550 2315.0
1397560 2315.7
1397570 2317.0
1397580 2317.0
1397590 2317.4
1397600 2317.0
1397610 2316.6
1397620 2316.6
1397630 2316.6
1397640 2317.2
1397650 2317.2
1397660 2318.7
1397670 2320.5
1397680 2320.5
1397690 2322.9
1397700 2324.7
1397710 2324.7
1397720 2326.9
1397730 2329.0
1397740 2329.0
1397750 2331.0
1397760 2334.3
1397770 2334.3
1397780 2339.4
1397790 2347.6
1397800 2355.0
1397810 2355.0
1397820 2360.0
1397830 2364.0
1397840 2364.0
1397850 2368.8
1397860 2373.7
1397870 2373.7
1397880 2378.0
1397890 2382.2
1397900 2382.2
1397910 2385.6
1397920 2387.7
1397930 2387.7
1397940 2388.8
1397950 2389.1
1397960 2389.5
1397970 2389.5
1397980 2390.4
1397990 2391.5
1398000 2391.5
1398010 2392.5
1398020 2393.7
1398030 2393.7
1398040 2395.1
1398050 2397.0
1398060 2397.0
1398070 2399.6
1398080 2403.4
1398090 2403.4
1398100 2408.0
1398110 2411.7
1398120 2411.7
1398130 2413.8
1398140 2416.3
1398150 2419.4
1398160 2419.4
1398170 2423.0
1398180 2427.3
1398190 2427.3
1398200 2431.0
1398210 2435.1
1398220 2435.1
1398230 2439.6
1398240 2442.3
1398250 2442.3
1398260 2443.7
1398270 2445.4
1398280 2445.4
1398290 2450.5
1398300 2452.9
1398310 2452.9
1398320 2452.5
1398330 2451.3
1398340 2450.1
1398350 2450.1
1398360 2449.9
1398370 2450.5
1398380 2450.5
1398390 2452.0
1398400 2452.8
1398410 2452.8
1398420 2452.9
1398430 2453.7
1398440 2453.7
1398450 2454.8
1398460 2455.9
1398470 2455.9
1398480 2455.3
1398490 2454.1
1398500 2454.1
1398510 2453.1
1398520 2451.2
1398530 2450.3
1398540 2450.3
1398550 2452.3
1398560 2454.1
1398570 2454.1
1398580 2454.1
1398590 2453.4
1398600 2453.4
1398610 2451.8
1398620 2450.8
1398630 2450.8
1398640 2451.0
1398650 2453.3
1398660 2453.3
1398670 2456.3
1398680 2459.0
1398690 2461.7
1398700 2461.7
1398710 2463.5
1398720 2464.1
1398730 2464.1
1398740 2464.3
1398750 2465.6
1398760 2465.6
1398770 2466.5
1398780 2466.3
1398790 2466.3
1398800 2468.8
1398810 2473.5
1398820 2473.5
1398830 2481.0
1398840 2488.8
1398850 2488.8
1398860 2496.5
1398870 2504.1
1398880 2511.6
1398890 2511.6
1398900 2518.9
1398910 2526.2
1398920 2526.2
1398930 2533.8
1398940 2541.6
1398950 2541.6
1398960 2549.9
1398970 2556.1
1398980 2556.1
1398990 2558.0
1399000 2559.7
1399010 2559.7
1399020 2555.5
1399030 2545.9
1399040 2545.9
1399050 2533.8
1399060 2524.2
1399070 2518.1
1399080 2518.1
1399090 2512.8
1399100 2509.0
1399110 2509.0
1399120 2506.3
1399130 2503.7
1399140 2503.7
1399150 2501.4
1399160 2499.3
1399170 2499.3
1399180 2497.3
1399190 2495.6
1399200 2495.6
1399210 2495.1
1399220 2495.0
1399230 2494.7
1399240 2494.7
1399250 2494.9
1399260 2493.9
1399270 2493.9
1399280 2492.6
1399290 2492.8
1399300 2492.8
1399310 2495.1
1399320 2497.8
1399330 2497.8
1399340 2500.0
1399350 2502.4
1399360 2502.4
1399370 2504.5
1399380 2506.7
1399390 2506.7
1399400 2509.3
1399410 2511.3
1399420 2513.5
1399430 2513.5
1399440 2517.0
1399450 2521.3
1399460 2521.3
1399470 2525.9
1399480 2530.7
1399490 2530.7
1399500 2535.1
1399510 2537.1
1399520 2537.1
1399530 2535.0
1399540 2529.6
1399550 2529.6
1399560 2524.0
1399570 2518.0
1399580 2518.0
1399590 2511.3
1399600 2503.6
1399610 2496.0
1399620 2496.0
1399630 2488.9
1399640 2481.3
1399650 2481.3
1399660 2474.3
1399670 2470.3
1399680 2470.3
1399690 2465.7
1399700 2460.7
1399710 2460.7
1399720 2455.9
1399730 2452.9
1399740 2452.9
1399750 2450.9
1399760 2447.8
1399770 2447.8
1399780 2445.0
1399790 2442.7
1399800 2440.6
1399810 2440.6
1399820 2437.9
1399830 2435.0
1399840 2435.0
1399850 2433.0
1399860 2430.8
1399870 2430.8
1399880 2428.4
1399890 2426.0
1399900 2426.0
1399910 2423.7
1399920 2422.2
1399930 2422.2
1399940 2421.2
1399950 2421.2
1399960 2422.0
1399970 2422.0
1399980 2423.4
1399990 2423.5
