1380000 2301.6
1380010 2301.6
1380020 2285.9
1380030 2268.0
1380040 2268.0
1380050 2255.3
1380060 2251.6
1380070 2251.6
1380080 2250.0
1380090 2252.8
1380100 2252.8
1380110 2255.4
1380120 2246.3
1380130 2246.3
1380140 2241.1
1380150 2240.8
1380160 2240.8
1380170 2244.7
1380180 2249.5
1380190 2250.7
1380200 2250.7
1380210 2251.0
1380220 2247.3
1380230 2247.3
1380240 2241.4
1380250 2239.4
1380260 2239.4
1380270 2241.7
1380280 2239.2
1380290 2239.2
1380300 2227.3
1380310 2222.7
1380320 2222.7
1380330 2215.6
1380340 2210.3
1380350 2199.3
1380360 2199.3
1380370 2195.6
1380380 2198.6
1380390 2198.6
1380400 2202.4
1380410 2202.2
1380420 2202.2
1380430 2203.8
1380440 2203.6
1380450 2203.6
1380460 2201.9
1380470 2199.9
1380480 2199.9
1380490 2198.2
1380500 2198.2
1380510 2198.2
1380520 2197.5
1380530 2196.4
1380540 2195.9
1380550 2195.9
1380560 2193.8
1380570 2196.3
1380580 2196.3
1380590 2198.9
1380600 2200.7
1380610 2200.7
1380620 2199.2
1380630 2194.9
1380640 2194.9
1380650 2189.5
1380660 2182.9
1380670 2182.9
1380680 2185.8
1380690 2186.1
1380700 2186.1
1380710 2185.0
1380720 2182.8
1380730 2181.4
1380740 2173.6
1380750 2172.1
1380760 2168.5
1380770 2168.5
1380780 2172.5
1380790 2173.8
1380800 2173.8
1380810 2174.7
1380820 2173.4
1380830 2173.4
1380840 2172.2
1380850 2171.7
1380860 2171.7
1380870 2172.4
1380880 2172.2
1380890 2170.9
1380900 2170.9
1380910 2170.3
1380920 2170.1
1380930 2170.1
1380940 2169.7
1380950 2169.7
1380960 2169.7
1380970 2170.0
1380980 2170.1
1380990 2170.1
1381000 2170.1
1381010 2170.2
1381020 2170.2
1381030 2170.9
1381040 2171.9
1381050 2171.9
1381060 2172.3
1381070 2173.3
1381080 2174.5
1381090 2174.5
1381100 2176.1
1381110 2179.6
1381120 2179.6
1381130 2182.9
1381140 2183.5
1381150 2183.5
1381160 2183.3
1381170 2184.6
1381180 2184.6
1381190 2187.6
1381200 2190.7
1381210 2190.7
1381220 2193.7
1381230 2196.9
1381240 2196.9
1381250 2199.2
1381260 2201.8
1381270 2203.8
1381280 2203.8
1381290 2204.5
1381300 2206.6
1381310 2206.6
1381320 2210.4
1381330 2213.5
1381340 2213.5
1381350 2216.4
1381360 2219.2
1381370 2219.2
1381380 2222.2
1381390 2225.8
1381400 2225.8
1381410 2229.0
1381420 2231.1
1381430 2231.1
1381440 2231.7
1381450 2230.5
1381460 2228.2
1381470 2228.2
1381480 2230.5
1381490 2233.3
1381500 2233.3
1381510 2240.6
1381520 2247.9
1381530 2247.9
1381540 2255.3
1381550 2262.8
1381560 2262.8
1381570 2269.1
1381580 2273.0
1381590 2273.0
1381600 2276.5
1381610 2279.9
1381620 2282.7
1381630 2282.7
1381640 2285.3
1381650 2288.0
1381660 2288.0
1381670 2291.0
1381680 2294.0
1381690 2294.0
1381700 2297.1
1381710 2300.4
1381720 2300.4
1381730 2303.6
1381740 2306.6
1381750 2306.6
1381760 2309.2
1381770 2311.8
1381780 2311.8
1381790 2315.2
1381800 2318.8
1381810 2322.4
1381820 2322.4
1381830 2325.9
1381840 2328.9
1381850 2328.9
1381860 2332.6
1381870 2336.5
1381880 2336.5
1381890 2340.4
1381900 2344.0
1381910 2344.0
1381920 2347.9
1381930 2352.3
1381940 2352.3
1381950 2356.7
1381960 2360.2
1381970 2360.2
1381980 2364.8
1381990 2369.5
1382000 2374.3
1382010 2374.3
1382020 2379.4
1382030 2384.6
1382040 2384.6
1382050 2389.8
1382060 2395.2
1382070 2395.2
1382080 2400.7
1382090 2406.1
1382100 2406.1
1382110 2411.7
1382120 2417.2
1382130 2417.2
1382140 2422.7
1382150 2428.3
1382160 2428.3
1382170 2433.9
1382180 2439.5
1382190 2445.1
1382200 2445.1
1382210 2450.8
1382220 2456.4
1382230 2456.4
1382240 2461.9
1382250 2467.5
1382260 2467.5
1382270 2473.2
1382280 2478.9
1382290 2478.9
1382300 2484.3
1382310 2489.4
1382320 2489.4
1382330 2494.5
1382340 2500.1
1382350 2506.9
1382360 2506.9
1382370 2514.5
1382380 2522.1
1382390 2522.1
1382400 2529.4
1382410 2536.3
1382420 2536.3
1382430 2542.4
1382440 2548.1
1382450 2548.1
1382460 2554.8
1382470 2561.8
1382480 2561.8
1382490 2569.3
1382500 2577.0
1382510 2577.0
1382520 2584.8
1382530 2590.9
1382540 2594.5
1382550 2594.5
1382560 2599.9
1382570 2606.7
1382580 2606.7
1382590 2614.9
1382600 2623.8
1382610 2623.8
1382620 2633.8
1382630 2643.8
1382640 2643.8
1382650 2653.2
1382660 2656.8
1382670 2656.8
1382680 2652.1
1382690 2648.5
1382700 2648.5
1382710 2648.2
1382720 2652.6
1382730 2659.6
1382740 2659.6
1382750 2666.6
1382760 2672.7
1382770 2672.7
1382780 2678.1
1382790 2681.5
1382800 2681.5
1382810 2682.8
1382820 2676.5
1382830 2676.5
1382840 2673.4
1382850 2673.1
1382860 2673.1
1382870 2672.9
1382880 2673.3
1382890 2675.5
1382900 2675.5
1382910 2675.8
1382920 2668.0
1382930 2668.0
1382940 2658.2
1382950 2649.2
1382960 2649.2
1382970 2640.9
1382980 2631.4
1382990 2631.4
1383000 2620.1
1383010 2606.3
1383020 2606.3
1383030 2596.6
1383040 2589.4
1383050 2589.4
1383060 2582.7
1383070 2576.6
1383080 2570.9
1383090 2570.9
1383100 2566.1
1383110 2563.2
1383120 2563.2
1383130 2560.8
1383140 2557.2
1383150 2557.2
1383160 2547.1
1383170 2534.2
1383180 2534.2
1383190 2525.9
1383200 2517.5
1383210 2517.5
1383220 2511.2
1383230 2504.9
1383240 2504.9
1383250 2498.5
1383260 2492.3
1383270 2485.9
1383280 2485.9
1383290 2479.4
1383300 2473.9
1383310 2473.9
1383320 2470.0
1383330 2468.3
1383340 2468.3
1383350 2468.9
1383360 2468.8
1383370 2468.8
1383380 2466.8
1383390 2462.4
1383400 2462.4
1383410 2456.0
1383420 2451.0
1383430 2451.0
1383440 2448.2
1383450 2446.2
1383460 2445.5
1383470 2445.5
1383480 2444.5
1383490 2443.9
1383500 2443.9
1383510 2443.7
1383520 2444.4
1383530 2444.4
1383540 2445.8
1383550 2447.2
1383560 2447.2
1383570 2448.5
1383580 2450.2
1383590 2450.2
1383600 2452.7
1383610 2455.4
1383620 2458.5
1383630 2458.5
1383640 2461.8
1383650 2464.7
1383660 2464.7
1383670 2466.4
1383680 2467.4
1383690 2467.4
1383700 2468.5
1383710 2470.0
1383720 2470.0
1383730 2469.9
1383740 2468.4
1383750 2468.4
1383760 2468.4
1383770 2469.4
1383780 2469.4
1383790 2471.1
1383800 2472.5
1383810 2471.0
1383820 2471.0
1383830 2460.7
1383840 2457.4
1383850 2457.4
1383860 2457.1
1383870 2456.2
1383880 2456.2
1383890 2453.5
1383900 2449.9
1383910 2449.9
1383920 2444.9
1383930 2442.5
1383940 2442.5
1383950 2440.5
1383960 2440.3
1383970 2440.3
1383980 2441.3
1383990 2441.4
1384000 2440.3
1384010 2440.3
1384020 2438.2
1384030 2437.2
1384040 2437.2
1384050 2437.8
1384060 2439.3
1384070 2439.3
1384080 2440.8
1384090 2442.8
1384100 2442.8
1384110 2445.4
1384120 2448.2
1384130 2448.2
1384140 2450.5
1384150 2453.3
1384160 2453.3
1384170 2457.0
1384180 2460.9
1384190 2464.9
1384200 2464.9
1384210 2467.1
1384220 2468.5
1384230 2468.5
1384240 2470.1
1384250 2471.7
1384260 2471.7
1384270 2474.2
1384280 2477.6
1384290 2477.6
1384300 2482.3
1384310 2487.5
1384320 2487.5
1384330 2492.9
1384340 2498.1
1384350 2502.3
1384360 2502.3
1384370 2504.7
1384380 2506.9
1384390 2506.9
1384400 2510.1
1384410 2514.0
1384420 2514.0
1384430 2518.4
1384440 2523.9
1384450 2522.9
1384460 2529.1
1384470 2535.6
1384480 2535.6
1384490 2542.5
1384500 2550.0
1384510 2550.0
1384520 2558.8
1384530 2566.4
1384540 2575.5
1384550 2575.5
1384560 2584.2
1384570 2580.0
1384580 2580.0
1384590 2570.0
1384600 2559.3
1384610 2559.3
1384620 2550.1
1384630 2542.0
1384640 2542.0
1384650 2535.2
1384660 2523.3
1384670 2523.3
1384680 2508.0
1384690 2497.9
1384700 2497.9
1384710 2487.2
1384720 2480.3
1384730 2474.2
1384740 2474.2
1384750 2469.5
1384760 2466.8
1384770 2466.8
1384780 2464.3
1384790 2463.4
1384800 2463.4
1384810 2464.2
1384820 2464.5
1384830 2464.5
1384840 2464.5
1384850 2465.4
1384860 2465.4
1384870 2466.5
1384880 2467.3
1384890 2470.8
1384900 2470.8
1384910 2477.0
1384920 2486.2
1384930 2486.2
1384940 2497.7
1384950 2508.5
1384960 2508.5
1384970 2519.1
1384980 2529.6
1384990 2529.6
1385000 2538.7
1385010 2547.9
1385020 2547.9
1385030 2554.8
1385040 2555.1
1385050 2555.1
1385060 2557.5
1385070 2560.7
1385080 2563.5
1385090 2563.5
1385100 2566.1
1385110 2566.9
1385120 2566.9
1385130 2566.3
1385140 2565.1
1385150 2565.1
1385160 2563.0
1385170 2565.1
1385180 2565.1
1385190 2569.5
1385200 2571.6
1385210 2571.6
1385220 2567.7
1385230 2567.5
1385240 2567.5
1385250 2573.0
1385260 2573.3
1385270 2574.1
1385280 2574.1
1385290 2576.6
1385300 2582.3
1385310 2582.3
1385320 2587.5
1385330 2589.7
1385340 2589.7
1385350 2594.8
1385360 2601.3
1385370 2601.3
1385380 2607.8
1385390 2613.4
1385400 2613.4
1385410 2616.6
1385420 2620.6
1385430 2620.6
1385440 2628.0
1385450 2636.5
1385460 2644.0
1385470 2644.0
1385480 2642.8
1385490 2635.1
1385500 2635.1
1385510 2627.1
1385520 2619.6
1385530 2619.6
1385540 2612.6
1385550 2603.9
1385560 2603.9
1385570 2594.4
1385580 2587.3
1385590 2587.3
1385600 2582.2
1385610 2575.3
1385620 2568.1
1385630 2568.1
1385640 2562.0
1385650 2555.5
1385660 2555.5
1385670 2550.4
1385680 2544.8
1385690 2544.8
1385700 2538.1
1385710 2532.4
1385720 2525.7
1385730 2522.2
1385740 2521.6
1385750 2521.6
1385760 2514.1
1385770 2503.5
1385780 2503.5
1385790 2494.4
1385800 2488.7
1385810 2482.0
1385820 2482.0
1385830 2475.0
1385840 2468.7
1385850 2468.7
1385860 2462.0
1385870 2456.6
1385880 2456.6
1385890 2451.9
1385900 2446.6
1385910 2446.6
1385920 2441.6
1385930 2437.3
1385940 2437.3
1385950 2432.9
1385960 2428.1
1385970 2428.1
1385980 2423.3
1385990 2417.8
1386000 2411.7
1386010 2411.7
1386020 2405.6
1386030 2399.2
1386040 2399.2
1386050 2392.5
1386060 2385.3
1386070 2385.3
1386080 2378.0
1386090 2370.6
1386100 2370.6
1386110 2363.2
1386120 2355.9
1386130 2355.9
1386140 2348.6
1386150 2342.2
1386160 2342.2
1386170 2336.4
1386180 2331.2
1386190 2325.4
1386200 2325.4
1386210 2319.1
1386220 2312.9
1386230 2312.9
1386240 2307.0
1386250 2301.2
1386260 2301.2
1386270 2295.5
1386280 2289.6
1386290 2289.6
1386300 2284.1
1386310 2278.2
1386320 2278.2
1386330 2271.4
1386340 2264.4
1386350 2257.9
1386360 2257.9
1386370 2251.2
1386380 2246.1
1386390 2246.1
1386400 2242.1
1386410 2238.3
1386420 2238.3
1386430 2234.6
1386440 2231.3
1386450 2231.3
1386460 2226.1
1386470 2219.9
1386480 2219.9
1386490 2214.4
1386500 2210.1
1386510 2210.1
1386520 2206.4
1386530 2202.7
1386540 2197.0
1386550 2197.0
1386560 2188.8
1386570 2181.9
1386580 2181.9
1386590 2176.5
1386600 2171.6
1386610 2171.6
1386620 2166.3
1386630 2160.5
1386640 2160.5
1386650 2153.9
1386660 2147.3
1386670 2147.3
1386680 2141.2
1386690 2134.8
1386700 2134.8
1386710 2129.0
1386720 2123.4
1386730 2118.0
1386740 2118.0
1386750 2112.3
1386760 2106.2
1386770 2106.2
1386780 2099.5
1386790 2093.8
1386800 2093.8
1386810 2089.1
1386820 2083.4
1386830 2083.4
1386840 2075.2
1386850 2066.8
1386860 2066.8
1386870 2059.2
1386880 2051.5
1386890 2045.3
1386900 2045.3
1386910 2040.1
1386920 2034.6
1386930 2034.6
1386940 2029.6
1386950 2023.2
1386960 2023.2
1386970 2016.1
1386980 2008.7
1386990 2008.7
1387000 2001.6
1387010 1995.4
1387020 1995.4
1387030 1989.4
1387040 1982.8
1387050 1982.8
1387060 1977.5
1387070 1973.3
1387080 1970.7
1387090 1970.7
1387100 1969.7
1387110 1966.8
1387120 1966.8
1387130 1963.2
1387140 1959.9
1387150 1959.9
1387160 1956.8
1387170 1953.6
1387180 1953.6
1387190 1949.2
1387200 1942.9
1387210 1942.9
1387220 1938.3
1387230 1934.8
1387240 1934.8
1387250 1932.5
1387260 1928.1
1387270 1923.1
1387280 1923.1
1387290 1917.5
1387300 1909.0
1387310 1909.0
1387320 1899.9
1387330 1890.8
1387340 1890.8
1387350 1886.2
1387360 1883.2
1387370 1883.2
1387380 1880.2
1387390 1877.2
1387400 1877.2
1387410 1874.5
1387420 1871.0
1387430 1871.0
1387440 1867.5
1387450 1863.2
1387460 1858.3
1387470 1858.3
1387480 1852.4
1387490 1843.2
1387500 1843.2
1387510 1832.8
1387520 1823.4
1387530 1823.4
1387540 1813.5
1387550 1802.9
1387560 1802.9
1387570 1789.4
1387580 1778.7
1387590 1778.7
1387600 1769.1
1387610 1758.5
1387620 1741.3
1387630 1741.3
1387640 1713.2
1387650 1694.1
1387660 1694.1
1387670 1683.9
1387680 1675.1
1387690 1675.1
1387700 1665.9
1387710 1657.0
1387720 1657.0
1387730 1648.2
1387740 1639.5
1387750 1639.5
1387760 1631.1
1387770 1623.0
1387780 1623.0
1387790 1615.9
1387800 1610.0
1387810 1606.9
1387820 1606.9
1387830 1605.3
1387840 1604.1
1387850 1604.1
1387860 1603.7
1387870 1602.8
1387880 1602.8
1387890 1604.3
1387900 1606.6
1387910 1606.6
1387920 1607.8
1387930 1608.7
1387940 1608.7
1387950 1610.3
1387960 1611.6
1387970 1611.6
1387980 1612.6
1387990 1614.2
1388000 1615.5
1388010 1615.5
1388020 1616.6
1388030 1618.0
1388040 1618.0
1388050 1619.1
1388060 1620.2
1388070 1620.2
1388080 1621.3
1388090 1622.5
1388100 1622.5
1388110 1623.8
1388120 1625.6
1388130 1625.6
1388140 1627.1
1388150 1628.4
1388160 1628.4
1388170 1629.3
1388180 1629.3
1388190 1630.4
1388200 1630.4
1388210 1631.9
1388220 1632.2
1388230 1632.2
1388240 1633.3
1388250 1633.7
1388260 1633.7
1388270 1633.7
1388280 1635.2
1388290 1635.2
1388300 1637.5
1388310 1641.3
1388320 1641.3
1388330 1647.6
1388340 1652.6
1388350 1657.1
1388360 1657.1
1388370 1661.7
1388380 1666.2
1388390 1666.2
1388400 1671.5
1388410 1677.2
1388420 1677.2
1388430 1683.6
1388440 1689.5
1388450 1689.5
1388460 1694.9
1388470 1701.6
1388480 1701.6
1388490 1707.7
1388500 1713.4
1388510 1713.4
1388520 1719.3
1388530 1725.6
1388540 1732.1
1388550 1732.1
1388560 1739.4
1388570 1744.5
1388580 1744.5
1388590 1751.1
1388600 1757.2
1388610 1757.2
1388620 1763.5
1388630 1770.8
1388640 1770.8
1388650 1777.1
1388660 1782.7
1388670 1782.7
1388680 1788.4
1388690 1794.0
1388700 1794.0
1388710 1799.6
1388720 1804.8
1388730 1810.1
1388740 1810.1
1388750 1815.4
1388760 1819.9
1388770 1819.9
1388780 1825.7
1388790 1831.9
1388800 1831.9
1388810 1837.8
1388820 1843.7
1388830 1843.7
1388840 1850.4
1388850 1858.2
1388860 1858.2
1388870 1865.9
1388880 1873.9
1388890 1880.9
1388900 1880.9
1388910 1887.3
1388920 1893.7
1388930 1893.7
1388940 1899.6
1388950 1905.3
1388960 1905.3
1388970 1910.8
1388980 1916.2
1388990 1916.2
1389000 1921.2
1389010 1925.9
1389020 1925.9
1389030 1930.9
1389040 1936.2
1389050 1936.2
1389060 1941.1
1389070 1946.3
1389080 1951.2
1389090 1951.2
1389100 1955.6
1389110 1961.4
1389120 1961.4
1389130 1967.2
1389140 1973.0
1389150 1973.0
1389160 1978.7
1389170 1983.9
1389180 1983.9
1389190 1990.3
1389200 1998.2
1389210 1998.2
1389220 2005.4
1389230 2011.4
1389240 2011.4
1389250 2016.0
1389260 2021.4
1389270 2028.8
1389280 2028.8
1389290 2034.7
1389300 2037.1
1389310 2037.1
1389320 2038.4
1389330 2037.4
1389340 2037.4
1389350 2038.1
1389360 2042.7
1389370 2042.7
1389380 2042.5
1389390 2040.1
1389400 2040.1
1389410 2038.5
1389420 2038.8
1389430 2038.8
1389440 2038.5
1389450 2038.7
1389460 2041.2
1389470 2041.2
1389480 2042.9
1389490 2048.6
1389500 2048.6
1389510 2054.3
1389520 2049.7
1389530 2049.7
1389540 2046.8
1389550 2044.9
1389560 2044.9
1389570 2044.1
1389580 2046.1
1389590 2046.1
1389600 2048.2
1389610 2050.4
1389620 2050.2
1389630 2059.2
1389640 2058.8
1389650 2060.4
1389660 2060.4
1389670 2061.2
1389680 2061.3
1389690 2061.3
1389700 2063.0
1389710 2063.6
1389720 2063.6
1389730 2064.8
1389740 2067.2
1389750 2067.2
1389760 2069.8
1389770 2072.4
1389780 2072.4
1389790 2076.0
1389800 2079.8
1389810 2084.1
1389820 2084.1
1389830 2088.9
1389840 2093.3
1389850 2093.3
1389860 2097.9
1389870 2103.7
1389880 2103.7
1389890 2108.6
1389900 2111.6
1389910 2111.6
1389920 2115.2
1389930 2119.4
1389940 2119.4
1389950 2123.3
1389960 2126.2
1389970 2126.2
1389980 2127.6
1389990 2128.2
1390000 2129.2
1390010 2129.2
1390020 2129.4
1390030 2130.1
1390040 2130.1
1390050 2131.6
1390060 2134.0
1390070 2134.0
1390080 2137.5
1390090 2140.7
1390100 2140.7
1390110 2143.6
1390120 2146.5
1390130 2146.5
1390140 2149.9
1390150 2154.3
1390160 2158.4
1390170 2158.4
1390180 2162.0
1390190 2164.6
1390200 2164.6
1390210 2168.2
1390220 2171.7
1390230 2171.7
1390240 2175.8
1390250 2179.5
1390260 2179.5
1390270 2183.1
1390280 2186.8
1390290 2186.8
1390300 2190.6
1390310 2194.4
1390320 2194.4
1390330 2196.8
1390340 2198.9
1390350 2201.0
1390360 2201.0
1390370 2202.2
1390380 2203.2
1390390 2203.2
1390400 2204.7
1390410 2206.3
1390420 2206.3
1390430 2207.8
1390440 2209.4
1390450 2209.4
1390460 2211.4
1390470 2213.9
1390480 2213.9
1390490 2216.3
1390500 2219.0
1390510 2219.0
1390520 2221.0
1390530 2222.9
1390540 2224.8
1390550 2224.8
1390560 2225.8
1390570 2227.5
1390580 2227.5
1390590 2229.1
1390600 2230.4
1390610 2230.4
1390620 2232.7
1390630 2234.7
1390640 2234.7
1390650 2236.9
1390660 2239.1
1390670 2239.1
1390680 2240.9
1390690 2242.5
1390700 2242.5
1390710 2244.3
1390720 2246.2
1390730 2248.4
1390740 2248.4
1390750 2250.7
1390760 2253.1
1390770 2253.1
1390780 2255.2
1390790 2257.5
1390800 2257.5
1390810 2259.9
1390820 2261.8
1390830 2261.8
1390840 2263.7
1390850 2266.0
1390860 2266.0
1390870 2268.3
1390880 2270.7
1390890 2273.0
1390900 2273.0
1390910 2274.9
1390920 2276.6
1390930 2276.6
1390940 2278.8
1390950 2280.8
1390960 2280.8
1390970 2284.9
1390980 2287.3
1390990 2287.3
1391000 2289.8
1391010 2291.9
1391020 2291.9
1391030 2294.0
1391040 2296.1
1391050 2296.1
1391060 2298.2
1391070 2301.5
1391080 2307.2
1391090 2307.2
1391100 2313.8
1391110 2320.4
1391120 2320.4
1391130 2327.0
1391140 2334.5
1391150 2334.5
1391160 2343.0
1391170 2350.1
1391180 2350.1
1391190 2357.2
1391200 2364.4
1391210 2364.4
1391220 2371.8
1391230 2379.4
1391240 2379.4
1391250 2387.2
1391260 2394.6
1391270 2402.1
1391280 2402.1
1391290 2408.4
1391300 2413.1
1391310 2413.1
1391320 2417.4
1391330 2421.4
1391340 2421.4
1391350 2425.1
1391360 2429.1
1391370 2429.1
1391380 2433.3
1391390 2437.6
1391400 2437.6
1391410 2442.3
1391420 2447.1
1391430 2447.1
1391440 2452.3
1391450 2457.5
1391460 2462.9
1391470 2462.9
1391480 2468.3
1391490 2473.6
1391500 2473.6
1391510 2479.0
1391520 2484.7
1391530 2484.7
1391540 2490.3
1391550 2495.8
1391560 2495.8
1391570 2501.4
1391580 2507.2
1391590 2507.2
1391600 2513.0
1391610 2518.8
1391620 2524.5
1391630 2524.5
1391640 2529.8
1391650 2535.2
1391660 2535.2
1391670 2541.6
1391680 2551.7
1391690 2551.7
1391700 2563.6
1391710 2579.1
1391720 2579.1
1391730 2593.1
1391740 2602.1
1391750 2602.1
1391760 2610.0
1391770 2618.2
1391780 2618.2
1391790 2626.8
1391800 2634.0
1391810 2639.6
1391820 2639.6
1391830 2645.4
1391840 2649.3
1391850 2649.3
1391860 2660.8
1391870 2671.1
1391880 2671.1
1391890 2680.0
1391900 2690.5
1391910 2690.5
1391920 2701.7
1391930 2709.6
1391940 2709.6
1391950 2699.7
1391960 2685.2
1391970 2685.2
1391980 2671.3
1391990 2656.0
1392000 2645.0
1392010 2645.0
1392020 2646.9
1392030 2653.7
1392040 2653.7
1392050 2659.6
1392060 2662.8
1392070 2662.8
1392080 2665.8
1392090 2671.8
1392100 2671.8
1392110 2671.8
1392120 2666.3
1392130 2666.3
1392140 2666.9
1392150 2665.9
1392160 2664.6
1392170 2664.6
1392180 2665.4
1392190 2660.5
1392200 2660.5
1392210 2630.1
1392220 2610.0
1392230 2610.0
1392240 2590.4
1392250 2573.1
1392260 2573.1
1392270 2560.1
1392280 2543.5
1392290 2543.5
1392300 2529.5
1392310 2513.6
1392320 2513.6
1392330 2475.4
1392340 2465.5
1392350 2464.9
1392360 2464.9
1392370 2456.0
1392380 2450.6
1392390 2450.6
1392400 2454.1
1392410 2456.2
1392420 2456.2
1392430 2440.0
1392440 2422.1
1392450 2422.1
1392460 2405.0
1392470 2378.4
1392480 2378.4
1392490 2354.3
1392500 2343.1
1392510 2343.1
1392520 2336.8
1392530 2331.4
1392540 2326.5
1392550 2326.5
1392560 2321.4
1392570 2316.2
1392580 2316.2
1392590 2310.8
1392600 2305.0
1392610 2305.0
1392620 2299.5
1392630 2294.1
1392640 2294.1
1392650 2288.5
1392660 2282.9
1392670 2282.9
1392680 2277.3
1392690 2271.9
1392700 2271.9
1392710 2266.8
1392720 2261.8
1392730 2257.1
1392740 2257.1
1392750 2252.5
1392760 2248.0
1392770 2248.0
1392780 2243.9
1392790 2240.0
1392800 2240.0
1392810 2236.3
1392820 2232.6
1392830 2232.6
1392840 2229.1
1392850 2225.7
1392860 2225.7
1392870 2222.5
1392880 2219.8
1392890 2217.3
1392900 2217.3
1392910 2215.2
1392920 2212.9
1392930 2212.9
1392940 2210.7
1392950 2208.7
1392960 2208.7
1392970 2206.9
1392980 2205.2
1392990 2205.2
1393000 2203.4
1393010 2201.2
1393020 2201.2
1393030 2198.9
1393040 2197.0
1393050 2197.0
1393060 2195.1
1393070 2193.5
1393080 2192.8
1393090 2192.8
1393100 2193.1
1393110 2193.6
1393120 2193.6
1393130 2194.2
1393140 2194.2
1393150 2194.2
1393160 2192.2
1393170 2189.1
1393180 2189.1
1393190 2186.7
1393200 2185.3
1393210 2185.3
1393220 2184.4
1393230 2184.5
1393240 2184.5
1393250 2184.6
1393260 2185.8
1393270 2186.4
1393280 2186.4
1393290 2186.4
1393300 2186.3
1393310 2186.3
1393320 2186.3
1393330 2186.2
1393340 2186.2
1393350 2186.1
1393360 2186.0
1393370 2186.0
1393380 2185.6
1393390 2185.2
1393400 2185.2
1393410 2184.7
1393420 2184.2
1393430 2184.7
1393440 2184.7
1393450 2184.6
1393460 2184.3
1393470 2184.3
1393480 2183.6
1393490 2183.0
1393500 2183.0
1393510 2182.3
1393520 2180.4
1393530 2180.4
1393540 2179.7
1393550 2179.0
1393560 2179.0
1393570 2177.8
1393580 2176.4
1393590 2176.4
1393600 2174.3
1393610 2171.6
1393620 2168.3
1393630 2168.3
1393640 2164.8
1393650 2160.6
1393660 2160.6
1393670 2155.8
1393680 2151.1
1393690 2151.1
1393700 2146.2
1393710 2141.1
1393720 2141.1
1393730 2136.1
1393740 2130.6
1393750 2130.6
1393760 2123.8
1393770 2117.4
1393780 2117.4
1393790 2112.0
1393800 2106.6
1393810 2102.0
1393820 2102.0
1393830 2096.9
1393840 2091.9
1393850 2091.9
1393860 2087.8
1393870 2083.1
1393880 2083.1
1393890 2078.3
1393900 2074.3
1393910 2074.3
1393920 2073.3
1393930 2072.4
1393940 2072.4
1393950 2071.2
1393960 2071.3
1393970 2071.3
1393980 2072.2
1393990 2072.5
1394000 2072.8
1394010 2072.8
1394020 2072.5
1394030 2071.9
1394040 2071.9
1394050 2071.1
1394060 2070.9
1394070 2070.9
1394080 2071.0
1394090 2070.3
1394100 2070.3
1394110 2069.6
1394120 2068.7
1394130 2068.7
1394140 2068.1
1394150 2067.5
1394160 2066.9
1394170 2066.9
1394180 2066.7
1394190 2066.1
1394200 2066.1
1394210 2066.3
1394220 2065.9
1394230 2065.9
1394240 2064.8
1394250 2064.0
1394260 2064.0
1394270 2062.3
1394280 2057.3
1394290 2057.3
1394300 2052.5
1394310 2048.5
1394320 2048.5
1394330 2046.4
1394340 2042.9
1394350 2037.5
1394360 2037.5
1394370 2031.9
1394380 2026.7
1394390 2026.7
1394400 2021.7
1394410 2017.3
1394420 2017.3
1394430 2011.9
1394440 2007.5
1394450 2007.5
1394460 2003.8
1394470 1999.8
1394480 1999.8
1394490 1996.2
1394500 1991.8
1394510 1991.8
1394520 1986.2
1394530 1980.4
1394540 1979.6
1394550 1979.6
1394560 1979.3
1394570 1977.9
1394580 1977.9
1394590 1975.5
1394600 1972.7
1394610 1972.7
1394620 1969.4
1394630 1966.0
1394640 1966.0
1394650 1963.1
1394660 1959.6
1394670 1959.6
1394680 1956.1
1394690 1952.9
1394700 1952.9
1394710 1950.8
1394720 1948.9
1394730 1947.3
1394740 1947.3
1394750 1946.4
1394760 1945.2
1394770 1945.2
1394780 1942.9
1394790 1939.9
1394800 1939.9
1394810 1936.8
1394820 1933.9
1394830 1933.9
1394840 1931.4
1394850 1930.7
1394860 1930.7
1394870 1933.7
1394880 1934.6
1394890 1935.1
1394900 1935.1
1394910 1936.2
1394920 1936.3
1394930 1936.3
1394940 1936.3
1394950 1936.4
1394960 1936.4
1394970 1935.5
1394980 1935.2
1394990 1935.2
1395000 1935.1
1395010 1934.5
1395020 1934.5
1395030 1933.7
1395040 1933.5
1395050 1933.5
1395060 1932.0
1395070 1929.0
1395080 1924.8
1395090 1924.8
1395100 1918.0
1395110 1914.7
1395120 1914.7
1395130 1919.4
1395140 1920.4
1395150 1920.4
1395160 1921.4
1395170 1924.4
1395180 1924.4
1395190 1925.5
1395200 1926.6
1395210 1926.6
1395220 1929.4
1395230 1932.3
1395240 1932.3
1395250 1937.3
1395260 1942.1
1395270 1945.4
1395280 1945.4
1395290 1947.2
1395300 1948.5
1395310 1948.5
1395320 1949.3
1395330 1949.5
1395340 1949.5
1395350 1949.1
1395360 1948.8
1395370 1948.8
1395380 1948.3
1395390 1947.2
1395400 1947.2
1395410 1949.3
1395420 1950.7
1395430 1952.1
1395440 1952.1
1395450 1954.4
1395460 1954.2
1395470 1954.2
1395480 1950.4
1395490 1945.8
1395500 1945.8
1395510 1945.8
1395520 1952.2
1395530 1952.2
1395540 1961.2
1395550 1971.3
1395560 1971.3
1395570 1979.9
1395580 1986.0
1395590 1986.0
1395600 1990.2
1395610 1992.5
1395620 1994.7
1395630 1994.7
1395640 1998.2
1395650 2001.7
1395660 2001.7
1395670 2005.0
1395680 2007.9
1395690 2007.9
1395700 2013.1
1395710 2019.3
1395720 2019.3
1395730 2026.0
1395740 2032.6
1395750 2032.6
1395760 2039.4
1395770 2047.2
1395780 2047.2
1395790 2054.5
1395800 2060.1
1395810 2064.9
1395820 2064.9
1395830 2070.2
1395840 2076.2
1395850 2076.2
1395860 2084.0
1395870 2092.2
1395880 2092.2
1395890 2099.9
1395900 2108.4
1395910 2108.4
1395920 2117.7
1395930 2126.5
1395940 2126.5
1395950 2132.9
1395960 2138.4
1395970 2138.4
1395980 2144.6
1395990 2150.0
1396000 2154.5
1396010 2154.5
1396020 2158.8
1396030 2164.4
1396040 2164.4
1396050 2170.7
1396060 2175.4
1396070 2175.4
1396080 2177.2
1396090 2177.3
1396100 2177.3
1396110 2175.2
1396120 2176.2
1396130 2176.2
1396140 2180.9
1396150 2185.2
1396160 2187.5
1396170 2187.5
1396180 2190.0
1396190 2193.5
1396200 2193.5
1396210 2198.0
1396220 2203.2
1396230 2203.2
1396240 2207.9
1396250 2215.9
1396260 2215.9
1396270 2224.0
1396280 2232.5
1396290 2232.5
1396300 2235.5
1396310 2237.8
1396320 2237.8
1396330 2242.5
1396340 2247.9
1396350 2249.3
1396360 2249.3
1396370 2249.9
1396380 2251.4
1396390 2251.4
1396400 2254.0
1396410 2259.5
1396420 2259.5
1396430 2263.4
1396440 2263.7
1396450 2263.7
1396460 2264.9
1396470 2266.2
1396480 2266.2
1396490 2270.0
1396500 2276.3
1396510 2276.3
1396520 2284.3
1396530 2293.4
1396540 2301.6
1396550 2301.6
1396560 2310.9
1396570 2319.7
1396580 2319.7
1396590 2327.1
1396600 2334.5
1396610 2334.5
1396620 2342.5
1396630 2349.7
1396640 2349.7
1396650 2356.3
1396660 2363.4
1396670 2363.4
1396680 2370.6
1396690 2378.5
1396700 2388.3
1396710 2388.3
1396720 2398.4
1396730 2408.1
1396740 2408.1
1396750 2417.8
1396760 2427.0
1396770 2427.0
1396780 2437.3
1396790 2445.7
1396800 2445.7
1396810 2452.1
1396820 2457.6
1396830 2457.6
1396840 2464.5
1396850 2470.5
1396860 2470.5
1396870 2475.9
1396880 2480.8
1396890 2485.9
1396900 2485.9
1396910 2488.6
1396920 2488.8
1396930 2488.8
1396940 2488.8
1396950 2491.5
1396960 2491.5
1396970 2494.7
1396980 2498.6
1396990 2498.6
1397000 2502.1
1397010 2506.6
1397020 2506.6
1397030 2509.9
1397040 2511.0
1397050 2511.0
1397060 2515.8
1397070 2523.3
1397080 2529.9
1397090 2529.9
1397100 2535.3
1397110 2539.2
1397120 2539.2
1397130 2539.5
1397140 2541.4
1397150 2541.4
1397160 2544.8
1397170 2541.6
1397180 2541.6
1397190 2537.3
1397200 2533.6
1397210 2533.6
1397220 2529.1
1397230 2522.9
1397240 2522.9
1397250 2514.6
1397260 2505.8
1397270 2499.2
1397280 2499.2
1397290 2496.2
1397300 2494.1
1397310 2494.1
1397320 2490.3
1397330 2488.8
1397340 2488.8
1397350 2486.0
1397360 2483.2
1397370 2483.2
1397380 2481.7
1397390 2481.6
1397400 2481.6
1397410 2481.7
1397420 2481.9
1397430 2482.1
1397440 2482.1
1397450 2483.6
1397460 2484.2
1397470 2484.2
1397480 2484.5
1397490 2484.5
1397500 2484.5
1397510 2485.8
1397520 2488.8
1397530 2488.8
1397540 2491.6
1397550 2493.5
1397560 2493.5
1397570 2495.5
1397580 2497.6
1397590 2497.6
1397600 2499.0
1397610 2499.2
1397620 2497.0
1397630 2497.0
1397640 2498.2
1397650 2501.5
1397660 2501.5
1397670 2505.6
1397680 2509.3
1397690 2509.3
1397700 2512.4
1397710 2513.3
1397720 2513.3
1397730 2511.6
1397740 2512.3
1397750 2512.3
1397760 2518.6
1397770 2531.0
1397780 2531.0
1397790 2540.7
1397800 2549.5
1397810 2551.2
1397820 2551.2
1397830 2555.9
1397840 2561.3
1397850 2561.3
1397860 2565.6
1397870 2563.8
1397880 2563.8
1397890 2560.3
1397900 2560.7
1397910 2560.7
1397920 2559.4
1397930 2557.9
1397940 2557.9
1397950 2552.9
1397960 2555.1
1397970 2554.6
1397980 2565.1
1397990 2577.0
1398000 2589.7
1398010 2589.7
1398020 2602.2
1398030 2616.5
1398040 2616.5
1398050 2620.8
1398060 2622.7
1398070 2622.7
1398080 2623.1
1398090 2623.5
1398100 2623.5
1398110 2624.6
1398120 2629.8
1398130 2629.8
1398140 2627.5
1398150 2623.8
1398160 2619.9
1398170 2619.9
1398180 2617.9
1398190 2612.3
1398200 2612.3
1398210 2606.3
1398220 2603.3
1398230 2603.3
1398240 2603.5
1398250 2607.3
1398260 2607.3
1398270 2608.5
1398280 2606.8
1398290 2606.8
1398300 2603.6
1398310 2603.4
1398320 2603.4
1398330 2602.8
1398340 2601.9
1398350 2600.1
1398360 2600.1
1398370 2599.0
1398380 2598.2
1398390 2598.2
1398400 2596.8
1398410 2593.9
1398420 2593.9
1398430 2589.7
1398440 2585.1
1398450 2585.1
1398460 2584.0
1398470 2584.2
1398480 2584.2
1398490 2581.7
1398500 2578.8
1398510 2578.8
1398520 2579.3
1398530 2578.8
1398540 2578.4
1398550 2578.4
1398560 2578.8
1398570 2579.0
1398580 2579.0
1398590 2579.6
1398600 2579.9
1398610 2579.9
1398620 2577.7
1398630 2579.3
1398640 2579.3
1398650 2579.6
1398660 2577.2
1398670 2577.2
1398680 2577.6
1398690 2579.8
1398700 2581.3
1398710 2581.3
1398720 2584.0
1398730 2590.4
1398740 2590.4
1398750 2592.5
1398760 2592.1
1398770 2592.1
1398780 2592.0
1398790 2594.7
1398800 2594.7
1398810 2598.1
1398820 2602.3
1398830 2602.3
1398840 2606.6
1398850 2611.2
1398860 2611.2
1398870 2618.4
1398880 2625.1
1398890 2630.0
1398900 2630.0
1398910 2633.2
1398920 2637.5
1398930 2637.5
1398940 2645.3
1398950 2653.9
1398960 2653.9
1398970 2659.5
1398980 2670.7
1398990 2670.7
1399000 2685.5
1399010 2698.8
1399020 2698.8
1399030 2707.6
1399040 2708.9
1399050 2708.9
1399060 2693.6
1399070 2677.2
1399080 2675.4
1399090 2675.4
1399100 2673.7
1399110 2671.6
1399120 2671.6
1399130 2660.5
1399140 2650.4
1399150 2650.4
1399160 2645.5
1399170 2642.8
1399180 2642.8
1399190 2636.8
1399200 2625.7
1399210 2625.7
1399220 2624.0
1399230 2624.8
1399240 2624.8
1399250 2625.4
1399260 2619.5
1399270 2615.9
1399280 2615.9
1399290 2614.5
1399300 2611.7
1399310 2611.7
1399320 2608.0
1399330 2605.4
1399340 2605.4
1399350 2602.9
1399360 2598.6
1399370 2598.6
1399380 2596.1
1399390 2596.7
1399400 2596.7
1399410 2598.3
1399420 2600.0
1399430 2601.4
1399440 2612.1
1399450 2609.6
1399460 2607.5
1399470 2607.5
1399480 2608.6
1399490 2607.7
1399500 2607.7
1399510 2606.5
1399520 2598.5
1399530 2598.5
1399540 2585.2
1399550 2576.7
1399560 2576.7
1399570 2568.4
1399580 2562.2
1399590 2562.2
1399600 2557.1
1399610 2553.7
1399620 2552.2
1399630 2552.2
1399640 2550.1
1399650 2549.1
1399660 2549.1
1399670 2548.6
1399680 2548.1
1399690 2548.1
1399700 2546.7
1399710 2545.1
1399720 2545.1
1399730 2544.5
1399740 2544.6
1399750 2544.6
1399760 2544.5
1399770 2545.2
1399780 2545.2
1399790 2545.8
1399800 2545.1
1399810 2543.7
1399820 2543.7
1399830 2541.6
1399840 2541.6
1399850 2541.6
1399860 2540.0
1399870 2536.9
1399880 2536.9
1399890 2535.8
1399900 2534.4
1399910 2534.4
1399920 2530.3
1399930 2526.1
1399940 2526.1
1399950 2523.0
1399960 2520.1
1399970 2520.1
1399980 2516.2
1399990 2512.5
