1380000 2460.0
1380010 2462.5
1380020 2464.9
1380030 2464.9
1380040 2467.2
1380050 2469.1
1380060 2470.9
1380070 2470.9
1380080 2472.6
1380090 2474.2
1380100 2474.2
1380110 2475.6
1380120 2476.9
1380130 2476.9
1380140 2478.1
1380150 2479.4
1380160 2479.4
1380170 2481.3
1380180 2483.5
1380190 2483.5
1380200 2485.3
1380210 2487.3
1380220 2487.3
1380230 2489.0
1380240 2490.4
1380250 2491.9
1380260 2491.9
1380270 2492.9
1380280 2493.6
1380290 2493.6
1380300 2494.9
1380310 2496.2
1380320 2496.2
1380330 2497.2
1380340 2498.4
1380350 2498.4
1380360 2499.4
1380370 2500.9
1380380 2500.9
1380390 2503.2
1380400 2506.3
1380410 2506.3
1380420 2510.0
1380430 2513.7
1380440 2517.2
1380450 2517.2
1380460 2520.5
1380470 2523.2
1380480 2523.2
1380490 2525.3
1380500 2527.4
1380510 2527.4
1380520 2529.2
1380530 2530.8
1380540 2530.8
1380550 2532.0
1380560 2532.5
1380570 2532.5
1380580 2532.7
1380590 2532.8
1380600 2532.8
1380610 2533.2
1380620 2533.9
1380630 2534.6
1380640 2534.6
1380650 2535.5
1380660 2536.6
1380670 2536.6
1380680 2537.9
1380690 2539.5
1380700 2539.5
1380710 2541.6
1380720 2545.3
1380730 2545.3
1380740 2547.4
1380750 2550.2
1380760 2550.2
1380770 2553.4
1380780 2558.1
1380790 2564.8
1380800 2564.8
1380810 2572.8
1380820 2579.2
1380830 2579.2
1380840 2585.9
1380850 2592.9
1380860 2592.9
1380870 2600.2
1380880 2608.8
1380890 2608.8
1380900 2617.8
1380910 2625.6
1380920 2625.6
1380930 2632.1
1380940 2638.1
1380950 2638.1
1380960 2643.9
1380970 2651.0
1380980 2657.2
1380990 2657.2
1381000 2661.0
1381010 2663.8
1381020 2663.8
1381030 2667.3
1381040 2671.6
1381050 2671.6
1381060 2675.6
1381070 2679.8
1381080 2679.8
1381090 2684.9
1381100 2691.1
1381110 2691.1
1381120 2697.9
1381130 2704.8
1381140 2704.8
1381150 2711.5
1381160 2718.3
1381170 2725.1
1381180 2725.1
1381190 2732.7
1381200 2736.6
1381210 2736.6
1381220 2732.9
1381230 2727.4
1381240 2727.4
1381250 2722.5
1381260 2715.1
1381270 2715.1
1381280 2706.6
1381290 2697.9
1381300 2697.9
1381310 2688.9
1381320 2676.1
1381330 2676.1
1381340 2662.8
1381350 2654.2
1381360 2648.1
1381370 2648.1
1381380 2643.9
1381390 2641.4
1381400 2641.4
1381410 2639.5
1381420 2638.3
1381430 2638.3
1381440 2638.7
1381450 2640.5
1381460 2640.5
1381470 2642.6
1381480 2645.6
1381490 2645.6
1381500 2646.9
1381510 2647.7
1381520 2649.8
1381530 2649.8
1381540 2652.3
1381550 2656.3
1381560 2656.3
1381570 2659.0
1381580 2659.4
1381590 2659.4
1381600 2658.6
1381610 2655.3
1381620 2655.3
1381630 2650.0
1381640 2649.5
1381650 2649.5
1381660 2649.9
1381670 2647.9
1381680 2647.9
1381690 2646.6
1381700 2647.4
1381710 2648.7
1381720 2648.7
1381730 2647.2
1381740 2644.9
1381750 2644.9
1381760 2644.2
1381770 2643.4
1381780 2643.4
1381790 2641.4
1381800 2639.9
1381810 2639.9
1381820 2638.1
1381830 2636.7
1381840 2636.7
1381850 2636.6
1381860 2637.3
1381870 2637.3
1381880 2638.6
1381890 2638.3
1381900 2638.6
1381910 2638.6
1381920 2639.3
1381930 2640.1
1381940 2641.2
1381950 2642.0
1381960 2643.6
1381970 2643.6
1381980 2644.8
1381990 2646.0
1382000 2646.0
1382010 2647.9
1382020 2649.4
1382030 2649.4
1382040 2650.2
1382050 2649.8
1382060 2649.8
1382070 2650.0
1382080 2651.2
1382090 2653.2
1382100 2653.2
1382110 2656.3
1382120 2660.3
1382130 2660.3
1382140 2663.8
1382150 2666.7
1382160 2666.7
1382170 2668.8
1382180 2669.8
1382190 2669.8
1382200 2670.2
1382210 2670.1
1382220 2670.1
1382230 2669.2
1382240 2668.1
1382250 2668.1
1382260 2668.0
1382270 2668.8
1382280 2670.5
1382290 2670.5
1382300 2672.5
1382310 2676.6
1382320 2676.6
1382330 2680.8
1382340 2683.9
1382350 2683.9
1382360 2685.3
1382370 2684.4
1382380 2684.4
1382390 2685.6
1382400 2686.5
1382410 2686.5
1382420 2686.8
1382430 2686.7
1382440 2688.6
1382450 2688.6
1382460 2690.4
1382470 2693.2
1382480 2693.2
1382490 2697.1
1382500 2699.0
1382510 2699.0
1382520 2699.9
1382530 2699.9
1382540 2699.9
1382550 2701.2
1382560 2702.8
1382570 2702.8
1382580 2703.8
1382590 2704.0
1382600 2704.0
1382610 2702.6
1382620 2701.7
1382630 2700.5
1382640 2700.5
1382650 2700.1
1382660 2700.1
1382670 2700.1
1382680 2700.2
1382690 2700.8
1382700 2700.8
1382710 2702.0
1382720 2703.7
1382730 2703.7
1382740 2706.4
1382750 2709.4
1382760 2709.4
1382770 2711.3
1382780 2712.9
1382790 2712.9
1382800 2715.2
1382810 2717.3
1382820 2718.2
1382830 2718.2
1382840 2715.8
1382850 2713.7
1382860 2713.7
1382870 2712.7
1382880 2713.0
1382890 2713.0
1382900 2713.1
1382910 2712.9
1382920 2712.9
1382930 2713.8
1382940 2714.5
1382950 2714.5
1382960 2714.8
1382970 2714.6
1382980 2714.6
1382990 2714.8
1383000 2714.5
1383010 2714.9
1383020 2714.9
1383030 2716.0
1383040 2714.4
1383050 2714.4
1383060 2712.9
1383070 2712.5
1383080 2712.5
1383090 2712.8
1383100 2713.2
1383110 2713.2
1383120 2716.1
1383130 2721.7
1383140 2721.7
1383150 2726.6
1383160 2732.3
1383170 2732.3
1383180 2740.5
1383190 2745.6
1383200 2747.9
1383210 2747.9
1383220 2747.9
1383230 2748.7
1383240 2748.7
1383250 2750.2
1383260 2750.8
1383270 2750.8
1383280 2751.5
1383290 2745.8
1383300 2745.8
1383310 2738.1
1383320 2733.2
1383330 2733.2
1383340 2726.6
1383350 2721.1
1383360 2715.9
1383370 2715.9
1383380 2707.4
1383390 2697.2
1383400 2697.2
1383410 2684.0
1383420 2670.7
1383430 2670.7
1383440 2657.8
1383450 2647.5
1383460 2647.5
1383470 2634.3
1383480 2624.4
1383490 2624.4
1383500 2616.0
1383510 2607.3
1383520 2607.3
1383530 2598.9
1383540 2592.1
1383550 2587.3
1383560 2587.3
1383570 2583.5
1383580 2580.3
1383590 2580.3
1383600 2577.3
1383610 2572.2
1383620 2572.2
1383630 2562.9
1383640 2552.4
1383650 2552.4
1383660 2541.7
1383670 2532.1
1383680 2532.1
1383690 2524.0
1383700 2516.0
1383710 2516.0
1383720 2507.4
1383730 2499.1
1383740 2490.3
1383750 2490.3
1383760 2482.6
1383770 2475.8
1383780 2475.8
1383790 2469.8
1383800 2464.6
1383810 2464.6
1383820 2460.3
1383830 2454.6
1383840 2454.6
1383850 2447.8
1383860 2442.0
1383870 2442.0
1383880 2437.6
1383890 2435.1
1383900 2435.1
1383910 2430.1
1383920 2421.4
1383930 2415.0
1383940 2415.0
1383950 2410.3
1383960 2407.1
1383970 2407.1
1383980 2404.4
1383990 2400.8
1384000 2400.8
1384010 2395.3
1384020 2389.8
1384030 2389.8
1384040 2382.0
1384050 2373.5
1384060 2373.5
1384070 2368.6
1384080 2365.3
1384090 2362.6
1384100 2362.6
1384110 2360.9
1384120 2359.5
1384130 2359.5
1384140 2358.2
1384150 2350.5
1384160 2350.5
1384170 2339.8
1384180 2327.8
1384190 2327.8
1384200 2316.3
1384210 2306.0
1384220 2306.0
1384230 2294.0
1384240 2283.1
1384250 2283.1
1384260 2271.3
1384270 2259.9
1384280 2251.6
1384290 2251.6
1384300 2242.2
1384310 2228.7
1384320 2228.7
1384330 2213.8
1384340 2202.2
1384350 2202.2
1384360 2193.6
1384370 2186.2
1384380 2186.2
1384390 2179.0
1384400 2172.2
1384410 2172.2
1384420 2165.4
1384430 2158.5
1384440 2157.8
1384450 2151.4
1384460 2145.2
1384470 2139.3
1384480 2139.3
1384490 2133.0
1384500 2126.5
1384510 2126.5
1384520 2120.7
1384530 2115.3
1384540 2115.3
1384550 2109.4
1384560 2100.7
1384570 2100.7
1384580 2089.4
1384590 2084.4
1384600 2084.4
1384610 2091.5
1384620 2097.5
1384630 2097.5
1384640 2096.1
1384650 2094.0
1384660 2093.1
1384670 2093.1
1384680 2092.2
1384690 2090.8
1384700 2090.8
1384710 2088.7
1384720 2087.6
1384730 2087.6
1384740 2085.9
1384750 2083.6
1384760 2083.6
1384770 2081.9
1384780 2080.0
1384790 2080.0
1384800 2076.9
1384810 2073.5
1384820 2073.5
1384830 2069.0
1384840 2064.7
1384850 2058.5
1384860 2058.5
1384870 2053.7
1384880 2048.7
1384890 2048.7
1384900 2042.7
1384910 2039.4
1384920 2039.4
1384930 2036.7
1384940 2035.9
1384950 2035.9
1384960 2036.1
1384970 2036.1
1384980 2036.1
1384990 2037.8
1385000 2040.1
1385010 2041.8
1385020 2041.8
1385030 2041.7
1385040 2040.5
1385050 2040.5
1385060 2040.2
1385070 2037.9
1385080 2037.9
1385090 2033.5
1385100 2028.1
1385110 2028.1
1385120 2024.5
1385130 2024.5
1385140 2024.5
1385150 2020.3
1385160 2017.0
1385170 2017.0
1385180 2014.4
1385190 2013.8
1385200 2012.2
1385210 2012.2
1385220 2009.7
1385230 2009.5
1385240 2009.5
1385250 2010.1
1385260 2009.9
1385270 2009.9
1385280 2007.5
1385290 2007.0
1385300 2007.0
1385310 2005.7
1385320 2001.0
1385330 2001.0
1385340 1999.0
1385350 1997.2
1385360 1997.2
1385370 1990.0
1385380 1988.0
1385390 1986.8
1385400 1986.8
1385410 1983.5
1385420 1978.1
1385430 1978.1
1385440 1972.0
1385450 1968.8
1385460 1968.8
1385470 1969.7
1385480 1969.2
1385490 1969.2
1385500 1969.0
1385510 1966.6
1385520 1966.6
1385530 1961.3
1385540 1957.8
1385550 1957.8
1385560 1952.7
1385570 1946.4
1385580 1942.5
1385590 1942.5
1385600 1940.7
1385610 1938.5
1385620 1938.5
1385630 1936.2
1385640 1935.8
1385650 1935.8
1385660 1935.0
1385670 1934.0
1385680 1934.0
1385690 1933.4
1385700 1932.6
1385710 1939.5
1385720 1937.2
1385730 1934.6
1385740 1934.6
1385750 1933.0
1385760 1930.8
1385770 1928.5
1385780 1928.5
1385790 1925.4
1385800 1923.6
1385810 1923.6
1385820 1919.8
1385830 1916.4
1385840 1916.4
1385850 1913.9
1385860 1912.0
1385870 1912.0
1385880 1910.4
1385890 1910.1
1385900 1910.1
1385910 1909.8
1385920 1909.1
1385930 1908.2
1385940 1908.2
1385950 1907.9
1385960 1907.6
1385970 1907.6
1385980 1906.8
1385990 1903.5
1386000 1903.5
1386010 1897.8
1386020 1894.0
1386030 1894.0
1386040 1891.9
1386050 1890.2
1386060 1890.2
1386070 1887.9
1386080 1884.0
1386090 1884.0
1386100 1879.6
1386110 1875.6
1386120 1871.7
1386130 1871.7
1386140 1867.6
1386150 1863.4
1386160 1863.4
1386170 1858.5
1386180 1853.1
1386190 1853.1
1386200 1847.7
1386210 1843.5
1386220 1843.5
1386230 1839.8
1386240 1837.2
1386250 1837.2
1386260 1834.9
1386270 1832.2
1386280 1832.2
1386290 1829.0
1386300 1825.7
1386310 1822.3
1386320 1822.3
1386330 1819.0
1386340 1815.5
1386350 1815.5
1386360 1811.9
1386370 1807.6
1386380 1807.6
1386390 1804.3
1386400 1801.6
1386410 1801.6
1386420 1799.9
1386430 1798.3
1386440 1798.3
1386450 1795.8
1386460 1792.9
1386470 1792.9
1386480 1789.2
1386490 1785.6
1386500 1782.5
1386510 1782.5
1386520 1779.6
1386530 1776.7
1386540 1776.7
1386550 1773.4
1386560 1769.7
1386570 1769.7
1386580 1765.7
1386590 1762.2
1386600 1762.2
1386610 1759.4
1386620 1756.5
1386630 1756.5
1386640 1754.1
1386650 1750.5
1386660 1747.2
1386670 1747.2
1386680 1744.2
1386690 1741.2
1386700 1741.2
1386710 1738.2
1386720 1735.1
1386730 1735.1
1386740 1731.7
1386750 1728.6
1386760 1728.6
1386770 1725.3
1386780 1719.7
1386790 1719.7
1386800 1715.5
1386810 1713.3
1386820 1713.3
1386830 1711.6
1386840 1710.9
1386850 1710.6
1386860 1710.6
1386870 1710.4
1386880 1710.3
1386890 1710.3
1386900 1709.8
1386910 1709.0
1386920 1709.0
1386930 1708.0
1386940 1707.0
1386950 1707.0
1386960 1706.3
1386970 1705.9
1386980 1705.9
1386990 1708.4
1387000 1706.3
1387010 1706.3
1387020 1703.4
1387030 1703.0
1387040 1703.2
1387050 1703.2
1387060 1703.7
1387070 1704.6
1387080 1704.6
1387090 1704.9
1387100 1704.6
1387110 1704.6
1387120 1704.9
1387130 1706.2
1387140 1706.2
1387150 1707.6
1387160 1709.3
1387170 1709.3
1387180 1711.8
1387190 1714.6
1387200 1714.6
1387210 1717.5
1387220 1720.6
1387230 1723.5
1387240 1723.5
1387250 1725.6
1387260 1726.9
1387270 1726.9
1387280 1727.8
1387290 1729.2
1387300 1729.2
1387310 1730.9
1387320 1731.4
1387330 1731.4
1387340 1730.9
1387350 1731.3
1387360 1731.3
1387370 1735.1
1387380 1741.1
1387390 1741.1
1387400 1747.5
1387410 1752.8
1387420 1757.7
1387430 1757.7
1387440 1763.4
1387450 1768.9
1387460 1768.9
1387470 1772.8
1387480 1778.5
1387490 1778.5
1387500 1784.1
1387510 1788.6
1387520 1788.6
1387530 1791.4
1387540 1793.4
1387550 1793.4
1387560 1796.5
1387570 1800.2
1387580 1802.8
1387590 1802.8
1387600 1800.8
1387610 1795.8
1387620 1795.8
1387630 1795.8
1387640 1802.3
1387650 1802.3
1387660 1813.8
1387670 1825.9
1387680 1825.9
1387690 1833.5
1387700 1836.6
1387710 1836.6
1387720 1841.6
1387730 1848.4
1387740 1848.4
1387750 1855.5
1387760 1863.0
1387770 1870.2
1387780 1870.2
1387790 1876.5
1387800 1880.5
1387810 1880.5
1387820 1882.9
1387830 1886.9
1387840 1886.9
1387850 1893.7
1387860 1900.8
1387870 1900.8
1387880 1907.1
1387890 1913.5
1387900 1913.5
1387910 1920.2
1387920 1927.1
1387930 1927.1
1387940 1934.0
1387950 1941.0
1387960 1948.4
1387970 1948.4
1387980 1955.7
1387990 1962.6
1388000 1962.6
1388010 1968.7
1388020 1974.8
1388030 1974.8
1388040 1980.7
1388050 1987.3
1388060 1987.3
1388070 1993.2
1388080 1998.2
1388090 1998.2
1388100 2003.1
1388110 2008.6
1388120 2008.6
1388130 2014.9
1388140 2021.5
1388150 2028.4
1388160 2028.4
1388170 2034.4
1388180 2039.1
1388190 2039.1
1388200 2045.1
1388210 2050.3
1388220 2050.3
1388230 2053.3
1388240 2058.0
1388250 2058.0
1388260 2061.1
1388270 2061.9
1388280 2061.9
1388290 2056.4
1388300 2061.0
1388310 2061.0
1388320 2066.2
1388330 2071.6
1388340 2076.3
1388350 2076.3
1388360 2080.4
1388370 2085.5
1388380 2085.5
1388390 2092.2
1388400 2099.5
1388410 2099.5
1388420 2107.5
1388430 2116.0
1388440 2116.0
1388450 2123.9
1388460 2132.3
1388470 2132.3
1388480 2141.1
1388490 2149.7
1388500 2157.9
1388510 2157.9
1388520 2165.2
1388530 2172.8
1388540 2172.8
1388550 2180.4
1388560 2185.3
1388570 2185.3
1388580 2187.7
1388590 2187.1
1388600 2187.1
1388610 2188.0
1388620 2193.5
1388630 2193.5
1388640 2201.6
1388650 2208.2
1388660 2208.2
1388670 2209.9
1388680 2209.6
1388690 2211.0
1388700 2211.0
1388710 2214.8
1388720 2220.3
1388730 2220.3
1388740 2225.7
1388750 2229.9
1388760 2229.9
1388770 2233.4
1388780 2236.7
1388790 2236.7
1388800 2241.0
1388810 2246.6
1388820 2246.6
1388830 2251.5
1388840 2255.9
1388850 2255.9
1388860 2261.3
1388870 2266.3
1388880 2269.4
1388890 2269.4
1388900 2272.5
1388910 2277.9
1388920 2277.9
1388930 2282.4
1388940 2285.6
1388950 2285.6
1388960 2289.2
1388970 2293.6
1388980 2293.6
1388990 2296.9
1389000 2299.9
1389010 2299.9
1389020 2303.7
1389030 2305.8
1389040 2305.8
1389050 2305.9
1389060 2305.6
1389070 2305.9
1389080 2305.9
1389090 2306.3
1389100 2308.6
1389110 2308.6
1389120 2311.7
1389130 2313.8
1389140 2313.8
1389150 2317.3
1389160 2320.9
1389170 2320.9
1389180 2324.4
1389190 2327.1
1389200 2327.1
1389210 2329.0
1389220 2331.8
1389230 2338.4
1389240 2338.4
1389250 2344.8
1389260 2352.2
1389270 2352.2
1389280 2357.4
1389290 2361.5
1389300 2361.5
1389310 2364.6
1389320 2365.4
1389330 2365.4
1389340 2368.2
1389350 2373.5
1389360 2373.5
1389370 2380.0
1389380 2386.3
1389390 2386.3
1389400 2393.5
1389410 2401.3
1389420 2409.2
1389430 2409.2
1389440 2417.6
1389450 2425.7
1389460 2425.7
1389470 2432.9
1389480 2438.4
1389490 2438.4
1389500 2444.3
1389510 2452.1
1389520 2452.1
1389530 2459.7
1389540 2464.8
1389550 2464.8
1389560 2467.6
1389570 2470.4
1389580 2470.4
1389590 2474.4
1389600 2478.3
1389610 2477.3
1389620 2477.3
1389630 2481.6
1389640 2488.6
1389650 2488.6
1389660 2496.3
1389670 2501.8
1389680 2501.8
1389690 2506.4
1389700 2509.2
1389710 2509.2
1389720 2512.4
1389730 2516.0
1389740 2516.0
1389750 2520.7
1389760 2524.7
1389770 2524.7
1389780 2528.8
1389790 2533.0
1389800 2536.9
1389810 2536.9
1389820 2538.4
1389830 2539.9
1389840 2539.9
1389850 2541.8
1389860 2544.1
1389870 2544.1
1389880 2545.4
1389890 2547.0
1389900 2547.0
1389910 2550.1
1389920 2555.4
1389930 2555.4
1389940 2561.5
1389950 2565.7
1389960 2565.7
1389970 2567.9
1389980 2567.4
1389990 2568.5
1390000 2568.5
1390010 2569.2
1390020 2570.1
1390030 2570.1
1390040 2574.1
1390050 2578.6
1390060 2578.6
1390070 2583.1
1390080 2586.8
1390090 2586.8
1390100 2590.0
1390110 2590.6
1390120 2590.6
1390130 2589.4
1390140 2587.1
1390150 2588.0
1390160 2588.0
1390170 2590.8
1390180 2593.1
1390190 2593.1
1390200 2593.3
1390210 2593.7
1390220 2593.7
1390230 2594.2
1390240 2592.5
1390250 2592.5
1390260 2589.5
1390270 2586.2
1390280 2586.2
1390290 2583.6
1390300 2582.0
1390310 2582.0
1390320 2578.6
1390330 2574.9
1390340 2571.9
1390350 2571.9
1390360 2569.9
1390370 2568.7
1390380 2568.7
1390390 2568.1
1390400 2566.1
1390410 2566.1
1390420 2563.4
1390430 2561.3
1390440 2561.3
1390450 2557.7
1390460 2551.2
1390470 2551.2
1390480 2545.1
1390490 2540.4
1390500 2540.4
1390510 2534.2
1390520 2528.6
1390530 2524.7
1390540 2524.7
1390550 2521.3
1390560 2517.6
1390570 2517.6
1390580 2513.6
1390590 2509.4
1390600 2509.4
1390610 2504.5
1390620 2501.3
1390630 2501.3
1390640 2497.6
1390650 2495.4
1390660 2495.4
1390670 2494.0
1390680 2494.7
1390690 2494.7
1390700 2493.5
1390710 2493.7
1390720 2492.6
1390730 2492.6
1390740 2489.8
1390750 2490.7
1390760 2490.7
1390770 2491.2
1390780 2492.1
1390790 2492.1
1390800 2494.2
1390810 2496.5
1390820 2496.5
1390830 2498.7
1390840 2499.8
1390850 2499.8
1390860 2501.1
1390870 2501.9
1390880 2502.5
1390890 2502.5
1390900 2504.2
1390910 2506.9
1390920 2506.9
1390930 2510.3
1390940 2513.4
1390950 2507.0
1390960 2509.5
1390970 2513.6
1390980 2513.6
1390990 2518.4
1391000 2523.2
1391010 2523.2
1391020 2529.3
1391030 2535.6
1391040 2535.6
1391050 2541.0
1391060 2543.9
1391070 2542.8
1391080 2542.8
1391090 2541.3
1391100 2540.1
1391110 2540.1
1391120 2538.8
1391130 2540.3
1391140 2540.3
1391150 2541.1
1391160 2541.4
1391170 2541.4
1391180 2541.0
1391190 2540.9
1391200 2540.9
1391210 2541.3
1391220 2541.3
1391230 2541.3
1391240 2541.5
1391250 2543.5
1391260 2547.2
1391270 2547.2
1391280 2552.1
1391290 2558.6
1391300 2558.6
1391310 2564.1
1391320 2568.3
1391330 2568.3
1391340 2571.5
1391350 2573.5
1391360 2573.5
1391370 2574.4
1391380 2574.1
1391390 2574.1
1391400 2573.1
1391410 2573.9
1391420 2573.9
1391430 2576.2
1391440 2580.3
1391450 2584.6
1391460 2584.6
1391470 2588.3
1391480 2590.9
1391490 2590.9
1391500 2593.9
1391510 2596.7
1391520 2596.7
1391530 2599.0
1391540 2601.3
1391550 2601.3
1391560 2603.6
1391570 2605.8
1391580 2605.8
1391590 2607.6
1391600 2610.2
1391610 2610.2
1391620 2613.7
1391630 2617.7
1391640 2623.3
1391650 2623.3
1391660 2629.3
1391670 2638.6
1391680 2638.6
1391690 2649.4
1391700 2656.9
1391710 2656.9
1391720 2662.1
1391730 2668.3
1391740 2668.3
1391750 2675.4
1391760 2683.5
1391770 2683.5
1391780 2689.1
1391790 2683.4
1391800 2675.2
1391810 2675.2
1391820 2666.3
1391830 2654.3
1391840 2654.3
1391850 2643.3
1391860 2635.6
1391870 2635.6
1391880 2628.6
1391890 2622.4
1391900 2622.4
1391910 2616.6
1391920 2611.1
1391930 2611.1
1391940 2607.4
1391950 2606.1
1391960 2606.1
1391970 2604.6
1391980 2602.8
1391990 2600.9
1392000 2600.9
1392010 2598.7
1392020 2596.0
1392030 2596.0
1392040 2592.9
1392050 2589.2
1392060 2589.2
1392070 2585.6
1392080 2583.8
1392090 2583.8
1392100 2582.3
1392110 2583.0
1392120 2583.0
1392130 2582.9
1392140 2580.3
1392150 2580.3
1392160 2579.3
1392170 2579.1
1392180 2579.6
1392190 2579.6
1392200 2578.7
1392210 2578.0
1392220 2578.0
1392230 2577.8
1392240 2577.6
1392250 2577.6
1392260 2577.6
1392270 2577.3
1392280 2577.3
1392290 2577.5
1392300 2577.6
1392310 2574.7
1392320 2574.1
1392330 2573.5
1392340 2573.5
1392350 2573.8
1392360 2575.8
1392370 2579.5
1392380 2579.5
1392390 2582.8
1392400 2583.9
1392410 2583.9
1392420 2583.1
1392430 2581.0
1392440 2581.0
1392450 2579.2
1392460 2577.0
1392470 2577.0
1392480 2575.3
1392490 2573.8
1392500 2573.8
1392510 2573.7
1392520 2575.0
1392530 2575.0
1392540 2579.3
1392550 2584.4
1392560 2588.9
1392570 2588.9
1392580 2593.3
1392590 2597.0
1392600 2597.0
1392610 2600.5
1392620 2605.6
1392630 2605.6
1392640 2611.1
1392650 2615.8
1392660 2615.8
1392670 2620.6
1392680 2625.4
1392690 2625.4
1392700 2630.3
1392710 2636.0
1392720 2643.4
1392730 2643.4
1392740 2656.4
1392750 2661.9
1392760 2661.9
1392770 2659.8
1392780 2657.8
1392790 2657.8
1392800 2655.7
1392810 2654.9
1392820 2654.9
1392830 2654.7
1392840 2653.8
1392850 2653.8
1392860 2650.8
1392870 2647.8
1392880 2647.8
1392890 2645.7
1392900 2644.1
1392910 2643.2
1392920 2643.2
1392930 2641.1
1392940 2637.6
1392950 2637.6
1392960 2634.2
1392970 2631.9
1392980 2631.9
1392990 2631.9
1393000 2630.6
1393010 2630.6
1393020 2628.6
1393030 2625.1
1393040 2625.1
1393050 2623.7
1393060 2623.0
1393070 2623.0
1393080 2620.9
1393090 2617.7
1393100 2615.3
1393110 2615.3
1393120 2614.0
1393130 2612.7
1393140 2612.7
1393150 2611.3
1393160 2609.2
1393170 2609.2
1393180 2606.7
1393190 2602.9
1393200 2602.9
1393210 2597.4
1393220 2594.1
1393230 2594.1
1393240 2593.3
1393250 2591.3
1393260 2591.3
1393270 2587.7
1393280 2584.6
1393290 2581.0
1393300 2581.0
1393310 2576.7
1393320 2570.3
1393330 2570.3
1393340 2561.7
1393350 2555.4
1393360 2555.4
1393370 2552.6
1393380 2551.3
1393390 2551.3
1393400 2550.6
1393410 2549.2
1393420 2549.2
1393430 2547.8
1393440 2547.7
1393450 2547.3
1393460 2547.3
1393470 2545.1
1393480 2541.4
1393490 2541.4
1393500 2537.2
1393510 2534.1
1393520 2534.1
1393530 2532.4
1393540 2531.4
1393550 2531.4
1393560 2530.8
1393570 2530.6
1393580 2530.6
1393590 2530.2
1393600 2529.7
1393610 2529.7
1393620 2528.5
1393630 2527.2
1393640 2526.6
1393650 2526.6
1393660 2527.0
1393670 2527.6
1393680 2527.6
1393690 2529.0
1393700 2527.9
1393710 2527.9
1393720 2525.6
1393730 2523.3
1393740 2523.3
1393750 2521.8
1393760 2521.7
1393770 2521.7
1393780 2522.7
1393790 2523.3
1393800 2523.3
1393810 2523.7
1393820 2522.0
1393830 2515.6
1393840 2515.6
1393850 2508.5
1393860 2503.5
1393870 2503.5
1393880 2499.2
1393890 2496.8
1393900 2496.8
1393910 2496.1
1393920 2496.0
1393930 2496.0
1393940 2496.0
1393950 2496.1
1393960 2496.1
1393970 2496.1
1393980 2496.1
1393990 2496.1
1394000 2496.1
1394010 2496.2
1394020 2496.2
1394030 2496.2
1394040 2496.3
1394050 2496.2
1394060 2496.2
1394070 2496.2
1394080 2496.6
1394090 2496.6
1394100 2497.7
1394110 2499.0
1394120 2499.0
1394130 2499.7
1394140 2500.2
1394150 2500.2
1394160 2500.9
1394170 2501.2
1394180 2501.2
1394190 2501.1
1394200 2501.2
1394210 2501.4
1394220 2501.4
1394230 2502.9
1394240 2503.8
1394250 2503.8
1394260 2505.6
1394270 2507.0
1394280 2507.0
1394290 2507.0
1394300 2506.7
1394310 2506.7
1394320 2507.7
1394330 2510.1
1394340 2510.1
1394350 2510.4
1394360 2509.8
1394370 2509.8
1394380 2509.8
1394390 2508.1
1394400 2505.5
1394410 2505.5
1394420 2503.2
1394430 2501.7
1394440 2501.7
1394450 2499.0
1394460 2498.4
1394470 2498.4
1394480 2493.9
1394490 2485.8
1394500 2485.8
1394510 2476.9
1394520 2467.5
1394530 2467.5
1394540 2461.3
1394550 2458.6
1394560 2452.2
1394570 2452.2
1394580 2442.9
1394590 2438.3
1394600 2438.3
1394610 2436.7
1394620 2430.1
1394630 2430.1
1394640 2425.4
1394650 2427.0
1394660 2427.0
1394670 2430.0
1394680 2435.8
1394690 2435.8
1394700 2442.4
1394710 2445.3
1394720 2445.3
1394730 2446.3
1394740 2447.2
1394750 2448.6
1394760 2448.6
1394770 2450.3
1394780 2451.8
1394790 2451.8
1394800 2453.0
1394810 2455.0
1394820 2455.0
1394830 2457.2
1394840 2460.9
1394850 2460.9
1394860 2464.9
1394870 2467.7
1394880 2467.7
1394890 2471.1
1394900 2475.0
1394910 2475.0
1394920 2479.3
1394930 2483.1
1394940 2486.9
1394950 2486.9
1394960 2490.3
1394970 2493.7
1394980 2493.7
1394990 2497.9
1395000 2503.0
1395010 2503.0
1395020 2508.4
1395030 2513.5
1395040 2513.5
1395050 2518.4
1395060 2523.0
1395070 2523.0
1395080 2527.5
1395090 2535.8
1395100 2539.4
1395110 2539.4
1395120 2542.7
1395130 2545.6
1395140 2545.6
1395150 2548.5
1395160 2552.3
1395170 2552.3
1395180 2557.5
1395190 2562.5
1395200 2562.5
1395210 2567.9
1395220 2574.5
1395230 2574.5
1395240 2581.2
1395250 2588.5
1395260 2588.5
1395270 2597.8
1395280 2602.3
1395290 2601.7
1395300 2601.7
1395310 2608.4
1395320 2612.6
1395330 2612.6
1395340 2620.0
1395350 2626.8
1395360 2626.8
1395370 2626.9
1395380 2622.5
1395390 2622.5
1395400 2617.5
1395410 2614.9
1395420 2614.9
1395430 2616.0
1395440 2614.8
1395450 2614.8
1395460 2614.0
1395470 2613.0
1395480 2612.2
1395490 2612.2
1395500 2612.7
1395510 2613.6
1395520 2613.6
1395530 2616.1
1395540 2617.8
1395550 2617.8
1395560 2618.8
1395570 2619.6
1395580 2619.6
1395590 2619.6
1395600 2618.8
1395610 2618.8
1395620 2620.5
1395630 2622.2
1395640 2622.2
1395650 2623.8
1395660 2617.6
1395670 2609.4
1395680 2609.4
1395690 2601.5
1395700 2595.9
1395710 2595.9
1395720 2591.0
1395730 2585.5
1395740 2585.5
1395750 2580.0
1395760 2575.2
1395770 2575.2
1395780 2571.1
1395790 2567.5
1395800 2567.5
1395810 2564.0
1395820 2561.4
1395830 2561.4
1395840 2559.6
1395850 2557.4
1395860 2555.9
1395870 2555.9
1395880 2554.1
1395890 2551.4
1395900 2551.4
1395910 2550.6
1395920 2549.7
1395930 2549.7
1395940 2546.1
1395950 2542.9
1395960 2542.9
1395970 2541.9
1395980 2541.4
1395990 2541.4
1396000 2540.4
1396010 2539.9
1396020 2540.5
1396030 2540.5
1396040 2539.9
1396050 2537.4
1396060 2537.4
1396070 2536.2
1396080 2536.2
1396090 2536.2
1396100 2534.6
1396110 2533.8
1396120 2533.8
1396130 2533.2
1396140 2532.8
1396150 2532.8
1396160 2531.8
1396170 2531.1
1396180 2531.1
1396190 2531.3
1396200 2532.7
1396210 2534.4
1396220 2534.4
1396230 2534.3
1396240 2530.7
1396250 2530.7
1396260 2527.1
1396270 2524.4
1396280 2524.4
1396290 2521.9
1396300 2520.2
1396310 2520.2
1396320 2518.2
1396330 2517.6
1396340 2517.6
1396350 2517.4
1396360 2515.8
1396370 2515.8
1396380 2514.1
1396390 2512.1
1396400 2510.3
1396410 2510.3
1396420 2507.9
1396430 2504.8
1396440 2504.8
1396450 2500.4
1396460 2497.4
1396470 2497.4
1396480 2494.9
1396490 2493.1
1396500 2493.1
1396510 2500.8
1396520 2499.4
1396530 2499.4
1396540 2497.6
1396550 2495.4
1396560 2495.4
1396570 2493.1
1396580 2489.9
1396590 2485.6
1396600 2485.6
1396610 2480.6
1396620 2473.9
1396630 2473.9
1396640 2461.3
1396650 2451.9
1396660 2451.9
1396670 2445.6
1396680 2438.8
1396690 2438.8
1396700 2433.6
1396710 2428.8
1396720 2428.8
1396730 2425.0
1396740 2420.2
1396750 2420.2
1396760 2414.4
1396770 2406.0
1396780 2389.0
1396790 2389.0
1396800 2375.0
1396810 2365.4
1396820 2365.4
1396830 2354.9
1396840 2345.2
1396850 2345.2
1396860 2339.1
1396870 2334.2
1396880 2334.2
1396890 2329.4
1396900 2324.2
1396910 2324.2
1396920 2318.9
1396930 2313.5
1396940 2307.8
1396950 2307.8
1396960 2302.3
1396970 2296.9
1396980 2296.9
1396990 2291.7
1397000 2287.3
1397010 2287.3
1397020 2285.5
1397030 2285.2
1397040 2285.2
1397050 2283.0
1397060 2278.7
1397070 2278.7
1397080 2274.0
1397090 2269.3
1397100 2269.3
1397110 2264.9
1397120 2260.8
1397130 2257.6
1397140 2257.6
1397150 2255.0
1397160 2252.6
1397170 2252.6
1397180 2251.4
1397190 2249.8
1397200 2249.8
1397210 2246.8
1397220 2243.0
1397230 2243.0
1397240 2238.8
1397250 2234.4
1397260 2234.4
1397270 2229.4
1397280 2225.4
1397290 2225.4
1397300 2224.1
1397310 2222.2
1397320 2220.2
1397330 2220.2
1397340 2214.1
1397350 2208.8
1397360 2208.8
1397370 2206.0
1397380 2208.4
1397390 2208.4
1397400 2215.6
1397410 2220.0
1397420 2220.0
1397430 2222.3
1397440 2229.3
1397450 2229.3
1397460 2237.3
1397470 2239.7
1397480 2239.7
1397490 2241.4
1397500 2243.9
1397510 2245.5
1397520 2245.5
1397530 2245.8
1397540 2246.7
1397550 2246.7
1397560 2248.5
1397570 2249.2
1397580 2249.2
1397590 2247.9
1397600 2245.5
1397610 2245.5
1397620 2244.1
1397630 2242.0
1397640 2242.0
1397650 2237.7
1397660 2234.5
1397670 2228.7
1397680 2228.7
1397690 2227.6
1397700 2227.1
1397710 2227.1
1397720 2224.4
1397730 2220.5
1397740 2220.5
1397750 2216.9
1397760 2218.8
1397770 2218.8
1397780 2227.6
1397790 2234.3
1397800 2234.3
1397810 2235.9
1397820 2237.6
1397830 2237.6
1397840 2236.8
1397850 2236.3
1397860 2230.1
1397870 2230.1
1397880 2223.7
1397890 2218.6
1397900 2218.6
1397910 2214.3
1397920 2208.0
1397930 2208.0
1397940 2204.8
1397950 2205.5
1397960 2223.6
1397970 2218.1
1397980 2209.3
1397990 2209.3
1398000 2202.3
1398010 2196.1
1398020 2196.1
1398030 2189.8
1398040 2183.9
1398050 2176.9
1398060 2176.9
1398070 2169.5
1398080 2162.7
1398090 2162.7
1398100 2155.1
1398110 2147.8
1398120 2147.8
1398130 2140.7
1398140 2134.6
1398150 2134.6
1398160 2129.7
1398170 2123.8
1398180 2123.8
1398190 2116.5
1398200 2102.8
1398210 2102.8
1398220 2096.9
1398230 2093.6
1398240 2090.8
1398250 2090.8
1398260 2087.5
1398270 2082.9
1398280 2082.9
1398290 2076.6
1398300 2069.8
1398310 2069.8
1398320 2063.5
1398330 2059.9
1398340 2059.9
1398350 2056.5
1398360 2053.2
1398370 2053.2
1398380 2051.3
1398390 2047.1
1398400 2047.1
1398410 2045.4
1398420 2045.0
1398430 2044.4
1398440 2044.4
1398450 2041.9
1398460 2038.9
1398470 2038.9
1398480 2035.6
1398490 2032.2
1398500 2032.2
1398510 2028.8
1398520 2026.9
1398530 2026.9
1398540 2027.4
1398550 2029.4
1398560 2029.4
1398570 2031.4
1398580 2032.1
1398590 2032.5
1398600 2032.5
1398610 2032.6
1398620 2031.7
1398630 2031.7
1398640 2030.0
1398650 2028.6
1398660 2028.6
1398670 2026.8
1398680 2024.4
1398690 2024.4
1398700 2022.7
1398710 2017.5
1398720 2017.5
1398730 2012.0
1398740 2013.3
1398750 2013.3
1398760 2015.6
1398770 2012.9
1398780 2011.0
1398790 2011.0
1398800 2008.8
1398810 2005.5
1398820 2005.5
1398830 2002.3
1398840 1999.6
1398850 1999.6
1398860 1997.5
1398870 1995.9
1398880 1995.9
1398890 1995.0
1398900 1991.7
1398910 1991.7
1398920 1990.0
1398930 1989.0
1398940 1989.0
1398950 1985.7
1398960 1982.5
1398970 1980.8
1398980 1980.8
1398990 1979.7
1399000 1978.3
1399010 1978.3
1399020 1976.7
1399030 1974.3
1399040 1974.3
1399050 1968.4
1399060 1965.8
1399070 1965.8
1399080 1968.0
1399090 1968.2
1399100 1968.2
1399110 1968.9
1399120 1971.0
1399130 1971.0
1399140 1977.0
1399150 1983.1
1399160 1983.5
1399170 1983.5
1399180 1984.5
1399190 1987.0
1399200 1987.0
1399210 1989.1
1399220 1992.0
1399230 1992.0
1399240 1996.0
1399250 1999.9
1399260 1999.9
1399270 2003.3
1399280 2006.4
1399290 2006.4
1399300 2009.3
1399310 2011.2
1399320 2011.2
1399330 2012.8
1399340 2015.4
1399350 2018.8
1399360 2018.8
1399370 2023.0
1399380 2027.5
1399390 2027.5
1399400 2031.6
1399410 2036.4
1399420 2036.4
1399430 2042.4
1399440 2046.2
1399450 2046.2
1399460 2048.9
1399470 2052.4
1399480 2052.4
1399490 2056.9
1399500 2061.0
1399510 2065.2
1399520 2065.2
1399530 2070.4
1399540 2079.1
1399550 2079.1
1399560 2084.3
1399570 2085.9
1399580 2085.9
1399590 2088.2
1399600 2091.8
1399610 2091.8
1399620 2095.6
1399630 2102.1
1399640 2102.1
1399650 2112.4
1399660 2116.8
1399670 2116.8
1399680 2120.6
1399690 2125.6
1399700 2127.8
1399710 2127.8
1399720 2128.4
1399730 2129.6
1399740 2129.6
1399750 2130.7
1399760 2135.1
1399770 2135.1
1399780 2140.0
1399790 2146.5
1399800 2146.5
1399810 2153.4
1399820 2160.4
1399830 2160.4
1399840 2166.9
1399850 2173.2
1399860 2173.2
1399870 2179.3
1399880 2184.8
1399890 2189.6
1399900 2189.6
1399910 2197.3
1399920 2205.8
1399930 2205.8
1399940 2212.0
1399950 2217.1
1399960 2217.1
1399970 2222.8
1399980 2228.4
1399990 2228.4
