1380000 2510.9
1380010 2511.9
1380020 2511.9
1380030 2512.5
1380040 2512.7
1380050 2512.7
1380060 2512.9
1380070 2512.9
1380080 2512.9
1380090 2511.8
1380100 2509.4
1380110 2506.3
1380120 2506.3
1380130 2504.9
1380140 2506.2
1380150 2506.2
1380160 2509.3
1380170 2512.0
1380180 2512.0
1380190 2513.4
1380200 2514.2
1380210 2514.2
1380220 2516.9
1380230 2520.4
1380240 2520.4
1380250 2524.3
1380260 2528.0
1380270 2528.0
1380280 2531.4
1380290 2535.8
1380300 2540.0
1380310 2540.0
1380320 2544.1
1380330 2548.1
1380340 2548.1
1380350 2552.2
1380360 2556.9
1380370 2556.9
1380380 2562.7
1380390 2567.8
1380400 2567.8
1380410 2572.2
1380420 2576.5
1380430 2576.5
1380440 2581.5
1380450 2585.9
1380460 2585.9
1380470 2589.5
1380480 2594.7
1380490 2600.2
1380500 2604.2
1380510 2608.8
1380520 2613.3
1380530 2613.3
1380540 2617.6
1380550 2621.2
1380560 2621.2
1380570 2624.0
1380580 2626.3
1380590 2626.3
1380600 2628.4
1380610 2630.5
1380620 2630.5
1380630 2633.1
1380640 2637.1
1380650 2637.1
1380660 2639.8
1380670 2643.9
1380680 2647.9
1380690 2647.9
1380700 2650.7
1380710 2653.2
1380720 2653.2
1380730 2656.4
1380740 2659.0
1380750 2659.0
1380760 2661.4
1380770 2664.2
1380780 2664.2
1380790 2665.8
1380800 2667.8
1380810 2667.8
1380820 2669.0
1380830 2668.9
1380840 2671.1
1380850 2671.1
1380860 2674.1
1380870 2675.9
1380880 2675.9
1380890 2677.2
1380900 2679.6
1380910 2679.6
1380920 2684.1
1380930 2689.1
1380940 2689.1
1380950 2693.3
1380960 2697.2
1380970 2697.2
1380980 2701.5
1380990 2706.2
1381000 2706.2
1381010 2711.7
1381020 2718.3
1381030 2725.4
1381040 2725.4
1381050 2731.4
1381060 2736.9
1381070 2736.9
1381080 2742.1
1381090 2746.8
1381100 2746.8
1381110 2751.8
1381120 2757.9
1381130 2757.9
1381140 2760.7
1381150 2754.3
1381160 2754.3
1381170 2745.4
1381180 2736.0
1381190 2736.0
1381200 2723.9
1381210 2710.2
1381220 2691.5
1381230 2691.5
1381240 2681.5
1381250 2676.7
1381260 2676.7
1381270 2671.1
1381280 2667.0
1381290 2667.0
1381300 2665.1
1381310 2662.7
1381320 2662.7
1381330 2658.8
1381340 2654.3
1381350 2654.3
1381360 2650.1
1381370 2646.2
1381380 2646.2
1381390 2644.3
1381400 2644.6
1381410 2645.2
1381420 2645.2
1381430 2647.0
1381440 2649.7
1381450 2649.7
1381460 2653.5
1381470 2658.5
1381480 2658.5
1381490 2664.9
1381500 2668.9
1381510 2668.9
1381520 2673.1
1381530 2679.3
1381540 2679.3
1381550 2685.4
1381560 2691.0
1381570 2691.0
1381580 2696.2
1381590 2701.5
1381600 2706.8
1381610 2706.8
1381620 2711.9
1381630 2716.4
1381640 2716.4
1381650 2721.6
1381660 2727.9
1381670 2727.9
1381680 2734.6
1381690 2741.3
1381700 2741.3
1381710 2746.9
1381720 2754.1
1381730 2754.1
1381740 2759.9
1381750 2765.8
1381760 2771.3
1381770 2771.3
1381780 2776.9
1381790 2782.8
1381800 2782.8
1381810 2788.5
1381820 2794.5
1381830 2794.5
1381840 2799.0
1381850 2797.1
1381860 2797.1
1381870 2786.5
1381880 2784.0
1381890 2784.0
1381900 2780.3
1381910 2777.4
1381920 2777.4
1381930 2774.5
1381940 2771.2
1381950 2767.5
1381960 2767.5
1381970 2763.0
1381980 2759.9
1381990 2759.9
1382000 2756.4
1382010 2752.2
1382020 2752.2
1382030 2748.0
1382040 2744.2
1382050 2744.2
1382060 2745.2
1382070 2745.7
1382080 2745.7
1382090 2744.3
1382100 2744.2
1382110 2744.2
1382120 2744.7
1382130 2744.1
1382140 2745.2
1382150 2745.2
1382160 2747.0
1382170 2746.7
1382180 2746.7
1382190 2746.3
1382200 2746.1
1382210 2746.1
1382220 2746.7
1382230 2747.6
1382240 2747.6
1382250 2748.5
1382260 2747.6
1382270 2747.6
1382280 2747.1
1382290 2747.0
1382300 2747.0
1382310 2746.5
1382320 2745.9
1382330 2745.5
1382340 2745.5
1382350 2745.0
1382360 2744.9
1382370 2744.9
1382380 2745.7
1382390 2747.5
1382400 2747.5
1382410 2748.9
1382420 2749.9
1382430 2749.9
1382440 2750.9
1382450 2752.1
1382460 2752.1
1382470 2753.4
1382480 2754.8
1382490 2756.9
1382500 2756.9
1382510 2759.5
1382520 2761.2
1382530 2761.2
1382540 2762.9
1382550 2765.4
1382560 2765.4
1382570 2767.8
1382580 2769.9
1382590 2769.9
1382600 2771.2
1382610 2772.9
1382620 2772.9
1382630 2775.0
1382640 2776.8
1382650 2776.8
1382660 2779.7
1382670 2781.5
1382680 2783.6
1382690 2783.6
1382700 2784.4
1382710 2785.0
1382720 2785.0
1382730 2785.8
1382740 2787.7
1382750 2787.7
1382760 2790.2
1382770 2791.8
1382780 2791.8
1382790 2793.0
1382800 2793.7
1382810 2793.7
1382820 2794.5
1382830 2796.2
1382840 2796.2
1382850 2797.7
1382860 2796.9
1382870 2795.4
1382880 2795.4
1382890 2794.9
1382900 2795.0
1382910 2795.0
1382920 2795.2
1382930 2796.5
1382940 2796.5
1382950 2798.1
1382960 2802.8
1382970 2802.8
1382980 2804.0
1382990 2805.0
1383000 2805.0
1383010 2805.9
1383020 2805.6
1383030 2805.6
1383040 2805.0
1383050 2804.1
1383060 2803.9
1383070 2803.9
1383080 2803.4
1383090 2802.9
1383100 2802.9
1383110 2802.5
1383120 2801.6
1383130 2801.6
1383140 2802.7
1383150 2804.2
1383160 2804.2
1383170 2804.7
1383180 2804.5
1383190 2804.5
1383200 2804.2
1383210 2804.1
1383220 2804.1
1383230 2803.6
1383240 2802.5
1383250 2795.2
1383260 2795.2
1383270 2787.8
1383280 2782.5
1383290 2782.5
1383300 2776.8
1383310 2769.6
1383320 2769.6
1383330 2757.2
1383340 2745.1
1383350 2745.1
1383360 2736.6
1383370 2729.0
1383380 2729.0
1383390 2721.4
1383400 2713.3
1383410 2703.9
1383420 2703.9
1383430 2694.3
1383440 2685.8
1383450 2685.8
1383460 2678.1
1383470 2670.7
1383480 2670.7
1383490 2663.9
1383500 2657.2
1383510 2657.2
1383520 2649.1
1383530 2640.3
1383540 2640.3
1383550 2632.4
1383560 2624.0
1383570 2624.0
1383580 2614.9
1383590 2606.2
1383600 2597.9
1383610 2597.9
1383620 2590.4
1383630 2583.2
1383640 2583.2
1383650 2576.0
1383660 2568.7
1383670 2568.7
1383680 2558.8
1383690 2548.5
1383700 2548.5
1383710 2538.3
1383720 2529.1
1383730 2529.1
1383740 2521.5
1383750 2516.2
1383760 2516.2
1383770 2509.2
1383780 2499.5
1383790 2492.1
1383800 2492.1
1383810 2482.9
1383820 2472.2
1383830 2472.2
1383840 2462.0
1383850 2453.1
1383860 2453.1
1383870 2444.2
1383880 2436.1
1383890 2436.1
1383900 2428.6
1383910 2420.7
1383920 2420.7
1383930 2412.2
1383940 2404.2
1383950 2404.2
1383960 2395.8
1383970 2387.6
1383980 2379.1
1383990 2379.1
1384000 2371.9
1384010 2364.5
1384020 2364.5
1384030 2356.3
1384040 2348.7
1384050 2348.7
1384060 2342.3
1384070 2336.0
1384080 2336.0
1384090 2329.9
1384100 2324.1
1384110 2324.1
1384120 2318.2
1384130 2311.8
1384140 2300.0
1384150 2300.0
1384160 2283.3
1384170 2270.8
1384180 2270.8
1384190 2261.8
1384200 2252.4
1384210 2246.6
1384220 2239.0
1384230 2227.4
1384240 2227.4
1384250 2218.9
1384260 2212.8
1384270 2212.8
1384280 2206.9
1384290 2201.5
1384300 2201.5
1384310 2196.3
1384320 2191.2
1384330 2186.4
1384340 2186.4
1384350 2181.9
1384360 2178.0
1384370 2178.0
1384380 2175.4
1384390 2173.1
1384400 2173.1
1384410 2170.8
1384420 2168.5
1384430 2168.5
1384440 2166.3
1384450 2164.4
1384460 2164.4
1384470 2162.6
1384480 2160.7
1384490 2160.7
1384500 2158.7
1384510 2156.8
1384520 2155.2
1384530 2155.2
1384540 2153.5
1384550 2152.0
1384560 2152.0
1384570 2150.6
1384580 2149.3
1384590 2149.3
1384600 2148.1
1384610 2147.0
1384620 2147.0
1384630 2145.1
1384640 2142.9
1384650 2142.9
1384660 2145.5
1384670 2151.3
1384680 2151.3
1384690 2157.2
1384700 2158.9
1384710 2161.2
1384720 2161.2
1384730 2163.4
1384740 2167.0
1384750 2167.0
1384760 2170.5
1384770 2174.6
1384780 2174.6
1384790 2179.9
1384800 2186.5
1384810 2186.5
1384820 2193.6
1384830 2200.3
1384840 2200.3
1384850 2205.8
1384860 2209.7
1384870 2213.1
1384880 2213.1
1384890 2215.2
1384900 2218.0
1384910 2218.0
1384920 2223.0
1384930 2229.9
1384940 2229.9
1384950 2232.4
1384960 2235.8
1384970 2235.8
1384980 2239.6
1384990 2240.5
1385000 2240.5
1385010 2241.7
1385020 2239.1
1385030 2239.1
1385040 2235.6
1385050 2235.6
1385060 2236.1
1385070 2236.1
1385080 2235.4
1385090 2234.5
1385100 2234.5
1385110 2231.9
1385120 2226.3
1385130 2226.3
1385140 2218.1
1385150 2213.2
1385160 2213.2
1385170 2208.9
1385180 2206.1
1385190 2206.1
1385200 2204.0
1385210 2204.0
1385220 2204.0
1385230 2204.6
1385240 2206.2
1385250 2207.3
1385260 2207.3
1385270 2207.5
1385280 2209.3
1385290 2209.3
1385300 2211.1
1385310 2212.4
1385320 2212.4
1385330 2213.0
1385340 2215.4
1385350 2215.4
1385360 2218.6
1385370 2221.7
1385380 2221.7
1385390 2224.0
1385400 2227.0
1385410 2227.0
1385420 2231.0
1385430 2235.9
1385440 2240.6
1385450 2240.6
1385460 2246.9
1385470 2253.6
1385480 2253.6
1385490 2259.7
1385500 2266.0
1385510 2266.0
1385520 2272.1
1385530 2278.0
1385540 2278.0
1385550 2281.4
1385560 2274.1
1385570 2274.1
1385580 2264.2
1385590 2259.3
1385600 2259.3
1385610 2255.4
1385620 2252.6
1385630 2251.1
1385640 2251.1
1385650 2248.3
1385660 2240.3
1385670 2240.3
1385680 2233.3
1385690 2227.3
1385700 2227.3
1385710 2222.0
1385720 2216.5
1385730 2216.5
1385740 2208.5
1385750 2202.5
1385760 2202.5
1385770 2198.2
1385780 2194.1
1385790 2191.5
1385800 2191.5
1385810 2187.6
1385820 2186.4
1385830 2186.4
1385840 2184.2
1385850 2178.6
1385860 2178.6
1385870 2178.5
1385880 2181.2
1385890 2181.2
1385900 2184.2
1385910 2186.9
1385920 2186.9
1385930 2188.2
1385940 2188.5
1385950 2188.5
1385960 2189.2
1385970 2188.1
1385980 2184.2
1385990 2184.2
1386000 2178.1
1386010 2172.2
1386020 2172.2
1386030 2175.5
1386040 2179.7
1386050 2179.7
1386060 2176.8
1386070 2172.3
1386080 2172.3
1386090 2172.0
1386100 2170.7
1386110 2170.7
1386120 2163.3
1386130 2156.9
1386140 2156.9
1386150 2153.9
1386160 2148.8
1386170 2143.3
1386180 2143.3
1386190 2140.1
1386200 2136.6
1386210 2136.6
1386220 2131.5
1386230 2125.9
1386240 2125.9
1386250 2118.2
1386260 2108.1
1386270 2108.1
1386280 2106.9
1386290 2109.0
1386300 2109.0
1386310 2106.8
1386320 2107.9
1386330 2107.9
1386340 2103.4
1386350 2095.1
1386360 2087.2
1386370 2087.2
1386380 2079.5
1386390 2078.1
1386400 2078.1
1386410 2072.2
1386420 2068.3
1386430 2068.3
1386440 2061.3
1386450 2056.3
1386460 2056.3
1386470 2054.5
1386480 2052.5
1386490 2052.5
1386500 2047.2
1386510 2042.5
1386520 2036.2
1386530 2036.2
1386540 2028.8
1386550 2021.3
1386560 2021.3
1386570 2013.3
1386580 2004.3
1386590 2004.3
1386600 1995.2
1386610 1984.8
1386620 1984.8
1386630 1974.5
1386640 1965.5
1386650 1965.5
1386660 1955.4
1386670 1946.5
1386680 1946.5
1386690 1939.2
1386700 1933.1
1386710 1921.8
1386720 1921.8
1386730 1910.9
1386740 1904.6
1386750 1904.6
1386760 1915.0
1386770 1913.1
1386780 1913.1
1386790 1909.7
1386800 1906.4
1386810 1906.4
1386820 1900.6
1386830 1893.5
1386840 1893.5
1386850 1886.5
1386860 1879.4
1386870 1879.4
1386880 1872.0
1386890 1866.5
1386900 1857.9
1386910 1857.9
1386920 1848.2
1386930 1839.7
1386940 1839.7
1386950 1829.6
1386960 1815.1
1386970 1815.1
1386980 1804.0
1386990 1795.8
1387000 1795.8
1387010 1788.4
1387020 1783.7
1387030 1783.7
1387040 1778.3
1387050 1771.7
1387060 1771.7
1387070 1764.4
1387080 1757.2
1387090 1750.0
1387100 1750.0
1387110 1742.8
1387120 1736.0
1387130 1736.0
1387140 1729.4
1387150 1723.3
1387160 1723.3
1387170 1717.8
1387180 1714.0
1387190 1714.0
1387200 1711.4
1387210 1708.6
1387220 1708.6
1387230 1705.6
1387240 1702.9
1387250 1702.9
1387260 1700.8
1387270 1698.6
1387280 1696.8
1387290 1696.8
1387300 1694.9
1387310 1693.6
1387320 1693.6
1387330 1692.7
1387340 1690.9
1387350 1690.9
1387360 1689.9
1387370 1687.8
1387380 1687.8
1387390 1685.8
1387400 1684.2
1387410 1684.2
1387420 1683.2
1387430 1682.7
1387440 1683.0
1387450 1683.0
1387460 1682.8
1387470 1682.6
1387480 1682.6
1387490 1682.5
1387500 1682.3
1387510 1682.3
1387520 1682.5
1387530 1683.9
1387540 1683.9
1387550 1686.9
1387560 1690.1
1387570 1690.1
1387580 1693.0
1387590 1696.0
1387600 1696.0
1387610 1700.1
1387620 1705.8
1387630 1713.1
1387640 1713.1
1387650 1720.8
1387660 1728.2
1387670 1728.2
1387680 1732.8
1387690 1737.0
1387700 1737.0
1387710 1743.8
1387720 1751.3
1387730 1751.3
1387740 1757.3
1387750 1763.3
1387760 1763.3
1387770 1769.9
1387780 1775.8
1387790 1775.8
1387800 1783.4
1387810 1790.4
1387820 1797.6
1387830 1797.6
1387840 1806.6
1387850 1813.0
1387860 1813.0
1387870 1818.5
1387880 1823.8
1387890 1823.8
1387900 1825.9
1387910 1825.3
1387920 1825.3
1387930 1828.7
1387940 1835.3
1387950 1835.3
1387960 1842.0
1387970 1848.3
1387980 1848.3
1387990 1854.7
1388000 1861.5
1388010 1869.8
1388020 1869.8
1388030 1876.3
1388040 1880.0
1388050 1878.4
1388060 1880.4
1388070 1881.2
1388080 1881.2
1388090 1880.6
1388100 1879.0
1388110 1879.0
1388120 1877.5
1388130 1875.1
1388140 1875.1
1388150 1875.1
1388160 1877.0
1388170 1879.4
1388180 1879.4
1388190 1882.6
1388200 1886.3
1388210 1886.3
1388220 1890.3
1388230 1894.8
1388240 1894.8
1388250 1898.9
1388260 1903.1
1388270 1903.1
1388280 1906.8
1388290 1909.6
1388300 1909.6
1388310 1913.8
1388320 1917.7
1388330 1917.7
1388340 1921.1
1388350 1924.2
1388360 1927.0
1388370 1927.0
1388380 1931.1
1388390 1936.6
1388400 1936.6
1388410 1941.1
1388420 1942.9
1388430 1942.9
1388440 1944.6
1388450 1947.7
1388460 1947.7
1388470 1952.7
1388480 1957.6
1388490 1957.6
1388500 1960.0
1388510 1960.4
1388520 1960.4
1388530 1963.4
1388540 1969.1
1388550 1974.7
1388560 1974.7
1388570 1978.6
1388580 1980.5
1388590 1980.5
1388600 1984.2
1388610 1988.2
1388620 1988.2
1388630 1991.6
1388640 1994.4
1388650 1994.4
1388660 1998.0
1388670 2002.3
1388680 2002.3
1388690 2006.3
1388700 2009.2
1388710 2009.2
1388720 2012.0
1388730 2014.9
1388740 2017.6
1388750 2017.6
1388760 2020.8
1388770 2024.9
1388780 2024.9
1388790 2028.7
1388800 2032.9
1388810 2032.9
1388820 2036.7
1388830 2039.2
1388840 2039.2
1388850 2042.4
1388860 2045.9
1388870 2045.9
1388880 2050.5
1388890 2056.1
1388900 2061.5
1388910 2061.5
1388920 2066.5
1388930 2073.0
1388940 2073.0
1388950 2079.6
1388960 2085.4
1388970 2085.4
1388980 2090.9
1388990 2097.5
1389000 2097.5
1389010 2103.9
1389020 2110.3
1389030 2110.3
1389040 2116.7
1389050 2123.4
1389060 2123.4
1389070 2130.1
1389080 2136.6
1389090 2142.8
1389100 2142.8
1389110 2149.0
1389120 2155.3
1389130 2155.3
1389140 2161.7
1389150 2168.4
1389160 2168.4
1389170 2175.2
1389180 2182.1
1389190 2182.1
1389200 2189.0
1389210 2195.8
1389220 2195.8
1389230 2202.9
1389240 2210.1
1389250 2210.1
1389260 2217.2
1389270 2224.4
1389280 2231.4
1389290 2231.4
1389300 2238.5
1389310 2245.9
1389320 2245.9
1389330 2253.8
1389340 2261.6
1389350 2261.6
1389360 2268.6
1389370 2270.7
1389380 2270.7
1389390 2274.7
1389400 2279.0
1389410 2279.0
1389420 2283.0
1389430 2286.4
1389440 2286.4
1389450 2290.1
1389460 2293.4
1389470 2296.7
1389480 2296.7
1389490 2300.0
1389500 2304.0
1389510 2304.0
1389520 2309.3
1389530 2315.2
1389540 2315.2
1389550 2321.6
1389560 2328.2
1389570 2328.2
1389580 2334.7
1389590 2341.0
1389600 2341.0
1389610 2347.9
1389620 2355.7
1389630 2355.7
1389640 2362.8
1389650 2367.8
1389660 2372.9
1389670 2372.9
1389680 2378.4
1389690 2384.3
1389700 2384.3
1389710 2389.6
1389720 2394.7
1389730 2394.7
1389740 2399.9
1389750 2405.2
1389760 2405.2
1389770 2410.7
1389780 2415.5
1389790 2415.5
1389800 2420.9
1389810 2427.3
1389820 2435.0
1389830 2435.0
1389840 2441.0
1389850 2441.7
1389860 2441.7
1389870 2443.7
1389880 2446.1
1389890 2446.1
1389900 2448.4
1389910 2450.4
1389920 2450.4
1389930 2452.3
1389940 2451.8
1389950 2451.8
1389960 2450.3
1389970 2446.2
1389980 2446.2
1389990 2442.3
1390000 2440.8
1390010 2435.8
1390020 2435.8
1390030 2432.6
1390040 2428.0
1390050 2428.0
1390060 2427.4
1390070 2428.6
1390080 2428.6
1390090 2423.5
1390100 2412.5
1390110 2412.5
1390120 2405.7
1390130 2400.5
1390140 2400.5
1390150 2396.6
1390160 2393.3
1390170 2393.3
1390180 2389.8
1390190 2386.3
1390200 2382.9
1390210 2382.9
1390220 2379.9
1390230 2377.3
1390240 2377.3
1390250 2375.8
1390260 2375.2
1390270 2375.2
1390280 2373.2
1390290 2370.6
1390300 2370.6
1390310 2368.7
1390320 2367.2
1390330 2367.2
1390340 2367.1
1390350 2369.4
1390360 2369.4
1390370 2373.3
1390380 2377.1
1390390 2381.0
1390400 2381.0
1390410 2383.9
1390420 2385.4
1390430 2385.4
1390440 2389.8
1390450 2395.8
1390460 2395.8
1390470 2400.1
1390480 2400.8
1390490 2400.8
1390500 2399.8
1390510 2401.0
1390520 2401.0
1390530 2403.4
1390540 2405.4
1390550 2407.1
1390560 2407.1
1390570 2409.2
1390580 2410.3
1390590 2410.3
1390600 2411.2
1390610 2412.8
1390620 2412.8
1390630 2414.3
1390640 2415.3
1390650 2415.3
1390660 2415.6
1390670 2415.9
1390680 2415.9
1390690 2417.6
1390700 2421.6
1390710 2417.7
1390720 2421.4
1390730 2425.6
1390740 2428.7
1390750 2428.7
1390760 2430.3
1390770 2431.9
1390780 2431.9
1390790 2432.9
1390800 2434.6
1390810 2434.6
1390820 2436.8
1390830 2438.6
1390840 2438.6
1390850 2439.5
1390860 2439.6
1390870 2439.6
1390880 2438.6
1390890 2438.4
1390900 2438.4
1390910 2437.3
1390920 2433.2
1390930 2432.5
1390940 2432.5
1390950 2432.9
1390960 2432.6
1390970 2432.6
1390980 2432.2
1390990 2432.3
1391000 2432.3
1391010 2434.9
1391020 2439.0
1391030 2439.0
1391040 2442.9
1391050 2446.9
1391060 2446.9
1391070 2449.9
1391080 2452.4
1391090 2452.4
1391100 2454.7
1391110 2456.2
1391120 2457.8
1391130 2457.8
1391140 2459.7
1391150 2462.2
1391160 2462.2
1391170 2464.7
1391180 2467.4
1391190 2467.4
1391200 2470.1
1391210 2473.6
1391220 2473.6
1391230 2478.6
1391240 2485.1
1391250 2485.1
1391260 2492.4
1391270 2499.6
1391280 2506.9
1391290 2506.9
1391300 2514.9
1391310 2522.6
1391320 2522.6
1391330 2530.0
1391340 2538.3
1391350 2538.3
1391360 2547.1
1391370 2552.9
1391380 2552.9
1391390 2554.9
1391400 2556.1
1391410 2556.1
1391420 2557.8
1391430 2560.3
1391440 2560.3
1391450 2563.2
1391460 2566.5
1391470 2570.9
1391480 2570.9
1391490 2575.6
1391500 2579.9
1391510 2579.9
1391520 2583.5
1391530 2587.4
1391540 2587.4
1391550 2592.7
1391560 2598.9
1391570 2598.9
1391580 2605.6
1391590 2612.4
1391600 2612.4
1391610 2618.9
1391620 2624.8
1391630 2624.8
1391640 2630.9
1391650 2635.8
1391660 2640.1
1391670 2640.1
1391680 2643.1
1391690 2639.3
1391700 2639.3
1391710 2627.8
1391720 2614.3
1391730 2614.3
1391740 2607.1
1391750 2600.8
1391760 2600.8
1391770 2594.8
1391780 2588.7
1391790 2588.7
1391800 2583.2
1391810 2579.3
1391820 2579.3
1391830 2574.2
1391840 2570.7
1391850 2567.7
1391860 2567.7
1391870 2564.1
1391880 2559.8
1391890 2559.8
1391900 2553.2
1391910 2545.1
1391920 2545.1
1391930 2538.7
1391940 2533.4
1391950 2533.4
1391960 2528.4
1391970 2523.7
1391980 2523.7
1391990 2519.4
1392000 2515.4
1392010 2512.4
1392020 2512.4
1392030 2510.4
1392040 2507.9
1392050 2507.9
1392060 2503.7
1392070 2502.3
1392080 2502.3
1392090 2500.1
1392100 2498.2
1392110 2498.2
1392120 2497.5
1392130 2497.5
1392140 2497.5
1392150 2497.5
1392160 2497.6
1392170 2497.6
1392180 2497.7
1392190 2498.2
1392200 2499.4
1392210 2499.4
1392220 2502.2
1392230 2506.0
1392240 2506.0
1392250 2510.6
1392260 2514.7
1392270 2514.7
1392280 2518.6
1392290 2522.7
1392300 2522.7
1392310 2527.1
1392320 2530.1
1392330 2530.1
1392340 2528.3
1392350 2526.1
1392360 2526.1
1392370 2526.3
1392380 2526.8
1392390 2525.7
1392400 2525.7
1392410 2524.4
1392420 2523.1
1392430 2523.1
1392440 2522.6
1392450 2521.7
1392460 2521.7
1392470 2520.7
1392480 2520.5
1392490 2520.5
1392500 2520.2
1392510 2519.3
1392520 2519.3
1392530 2517.8
1392540 2516.5
1392550 2516.5
1392560 2516.7
1392570 2515.4
1392580 2514.4
1392590 2514.4
1392600 2514.0
1392610 2513.0
1392620 2513.0
1392630 2512.5
1392640 2512.2
1392650 2512.2
1392660 2513.4
1392670 2514.1
1392680 2514.1
1392690 2514.4
1392700 2512.9
1392710 2512.9
1392720 2510.2
1392730 2507.4
1392740 2507.4
1392750 2505.0
1392760 2502.8
1392770 2500.8
1392780 2500.8
1392790 2499.2
1392800 2495.9
1392810 2495.9
1392820 2491.3
1392830 2489.6
1392840 2489.6
1392850 2492.8
1392860 2497.1
1392870 2497.1
1392880 2500.0
1392890 2501.2
1392900 2501.2
1392910 2501.4
1392920 2501.4
1392930 2503.3
1392940 2503.3
1392950 2505.6
1392960 2507.4
1392970 2507.4
1392980 2509.0
1392990 2510.1
1393000 2510.1
1393010 2512.1
1393020 2516.2
1393030 2516.2
1393040 2521.6
1393050 2526.8
1393060 2526.8
1393070 2531.8
1393080 2536.7
1393090 2536.7
1393100 2541.5
1393110 2547.2
1393120 2553.3
1393130 2553.3
1393140 2559.2
1393150 2564.6
1393160 2564.6
1393170 2568.4
1393180 2572.0
1393190 2572.0
1393200 2580.8
1393210 2595.6
1393220 2595.6
1393230 2603.5
1393240 2612.1
1393250 2612.1
1393260 2622.5
1393270 2629.2
1393280 2629.2
1393290 2636.1
1393300 2643.6
1393310 2653.6
1393320 2653.6
1393330 2665.4
1393340 2674.0
1393350 2674.0
1393360 2668.9
1393370 2658.4
1393380 2658.4
1393390 2649.0
1393400 2643.4
1393410 2643.4
1393420 2640.2
1393430 2653.1
1393440 2653.1
1393450 2652.0
1393460 2641.8
1393470 2641.8
1393480 2631.7
1393490 2624.9
1393500 2620.9
1393510 2620.9
1393520 2617.1
1393530 2613.8
1393540 2613.8
1393550 2611.3
1393560 2610.6
1393570 2610.6
1393580 2609.9
1393590 2608.3
1393600 2608.3
1393610 2605.6
1393620 2603.6
1393630 2603.6
1393640 2601.4
1393650 2599.2
1393660 2596.8
1393670 2596.8
1393680 2594.3
1393690 2591.6
1393700 2591.6
1393710 2589.5
1393720 2587.7
1393730 2587.7
1393740 2585.7
1393750 2584.3
1393760 2584.3
1393770 2583.1
1393780 2584.6
1393790 2584.6
1393800 2586.7
1393810 2589.7
1393820 2589.7
1393830 2593.5
1393840 2595.4
1393850 2594.3
1393860 2594.3
1393870 2592.2
1393880 2590.2
1393890 2590.2
1393900 2588.9
1393910 2589.1
1393920 2589.1
1393930 2589.9
1393940 2590.0
1393950 2590.0
1393960 2591.3
1393970 2593.2
1393980 2593.2
1393990 2595.8
1394000 2598.9
1394010 2598.9
1394020 2603.6
1394030 2608.7
1394040 2611.3
1394050 2611.3
1394060 2612.3
1394070 2612.7
1394080 2612.7
1394090 2614.2
1394100 2616.8
1394110 2616.8
1394120 2618.9
1394130 2621.4
1394140 2621.4
1394150 2621.6
1394160 2620.9
1394170 2620.9
1394180 2619.0
1394190 2617.6
1394200 2617.6
1394210 2617.0
1394220 2615.8
1394230 2614.9
1394240 2614.9
1394250 2611.8
1394260 2611.9
1394270 2611.9
1394280 2614.5
1394290 2619.1
1394300 2619.1
1394310 2618.1
1394320 2616.2
1394330 2616.2
1394340 2616.3
1394350 2617.2
1394360 2617.2
1394370 2617.9
1394380 2617.2
1394390 2615.0
1394400 2615.0
1394410 2612.7
1394420 2610.9
1394430 2610.9
1394440 2609.1
1394450 2607.7
1394460 2607.7
1394470 2606.0
1394480 2603.6
1394490 2603.6
1394500 2600.9
1394510 2599.0
1394520 2599.0
1394530 2598.7
1394540 2599.4
1394550 2599.4
1394560 2598.7
1394570 2598.4
1394580 2600.3
1394590 2600.3
1394600 2602.4
1394610 2604.0
1394620 2604.0
1394630 2606.4
1394640 2610.3
1394650 2610.3
1394660 2613.7
1394670 2616.0
1394680 2616.0
1394690 2618.3
1394700 2621.2
1394710 2621.2
1394720 2625.1
1394730 2629.9
1394740 2629.9
1394750 2633.1
1394760 2635.4
1394770 2636.7
1394780 2636.7
1394790 2637.0
1394800 2637.3
1394810 2637.3
1394820 2641.6
1394830 2638.8
1394840 2638.8
1394850 2642.4
1394860 2643.5
1394870 2643.5
1394880 2643.6
1394890 2644.1
1394900 2644.1
1394910 2642.7
1394920 2641.6
1394930 2641.6
1394940 2643.8
1394950 2647.9
1394960 2648.1
1394970 2648.1
1394980 2650.5
1394990 2650.3
1395000 2650.3
1395010 2643.2
1395020 2636.8
1395030 2636.8
1395040 2635.1
1395050 2636.8
1395060 2636.8
1395070 2638.1
1395080 2640.1
1395090 2640.1
1395100 2639.5
1395110 2637.6
1395120 2637.6
1395130 2637.8
1395140 2639.7
1395150 2641.3
1395160 2641.3
1395170 2641.1
1395180 2640.8
1395190 2640.8
1395200 2639.9
1395210 2639.9
1395220 2639.9
1395230 2640.3
1395240 2642.6
1395250 2642.6
1395260 2643.9
1395270 2644.9
1395280 2644.9
1395290 2646.4
1395300 2648.4
1395310 2651.6
1395320 2651.6
1395330 2655.8
1395340 2661.2
1395350 2661.2
1395360 2667.6
1395370 2675.3
1395380 2675.3
1395390 2686.3
1395400 2687.1
1395410 2687.1
1395420 2682.7
1395430 2678.1
1395440 2678.1
1395450 2673.2
1395460 2672.0
1395470 2672.0
1395480 2672.7
1395490 2671.6
1395500 2676.2
1395510 2676.2
1395520 2677.7
1395530 2673.1
1395540 2673.1
1395550 2664.5
1395560 2653.8
1395570 2653.8
1395580 2646.2
1395590 2640.3
1395600 2640.3
1395610 2635.7
1395620 2631.3
1395630 2631.3
1395640 2626.7
1395650 2621.8
1395660 2621.8
1395670 2616.7
1395680 2611.6
1395690 2606.7
1395700 2606.7
1395710 2603.6
1395720 2601.7
1395730 2601.7
1395740 2601.0
1395750 2601.2
1395760 2601.2
1395770 2601.2
1395780 2601.0
1395790 2601.0
1395800 2601.3
1395810 2601.4
1395820 2601.4
1395830 2598.0
1395840 2597.4
1395850 2597.4
1395860 2601.3
1395870 2604.5
1395880 2606.8
1395890 2606.8
1395900 2609.8
1395910 2613.1
1395920 2613.1
1395930 2616.0
1395940 2618.3
1395950 2618.3
1395960 2612.8
1395970 2596.5
1395980 2596.5
1395990 2583.8
1396000 2575.9
1396010 2575.9
1396020 2565.2
1396030 2554.2
1396040 2542.8
1396050 2542.8
1396060 2533.0
1396070 2525.3
1396080 2525.3
1396090 2521.1
1396100 2517.8
1396110 2517.8
1396120 2514.2
1396130 2510.0
1396140 2510.0
1396150 2505.3
1396160 2500.5
1396170 2500.5
1396180 2495.9
1396190 2491.5
1396200 2491.5
1396210 2486.9
1396220 2482.3
1396230 2478.2
1396240 2478.2
1396250 2478.1
1396260 2474.8
1396270 2474.8
1396280 2471.3
1396290 2467.7
1396300 2467.7
1396310 2464.7
1396320 2462.7
1396330 2462.7
1396340 2462.1
1396350 2461.3
1396360 2461.3
1396370 2458.2
1396380 2452.4
1396390 2452.4
1396400 2447.0
1396410 2439.8
1396420 2433.2
1396430 2433.2
1396440 2428.0
1396450 2422.5
1396460 2422.5
1396470 2416.8
1396480 2411.9
1396490 2411.9
1396500 2409.1
1396510 2408.9
1396520 2408.9
1396530 2409.3
1396540 2410.1
1396550 2410.1
1396560 2410.6
1396570 2410.5
1396580 2410.5
1396590 2409.5
1396600 2408.9
1396610 2409.8
1396620 2409.8
1396630 2409.2
1396640 2408.4
1396650 2408.4
1396660 2408.1
1396670 2409.4
1396680 2409.4
1396690 2409.7
1396700 2409.2
1396710 2409.2
1396720 2407.7
1396730 2406.1
1396740 2406.1
1396750 2404.2
1396760 2401.4
1396770 2398.5
1396780 2398.5
1396790 2395.9
1396800 2393.3
1396810 2393.3
1396820 2390.0
1396830 2386.2
1396840 2386.2
1396850 2381.9
1396860 2378.3
1396870 2378.3
1396880 2375.1
1396890 2372.1
1396900 2372.1
1396910 2369.7
1396920 2366.7
1396930 2366.7
1396940 2364.0
1396950 2362.0
1396960 2360.6
1396970 2360.6
1396980 2359.2
1396990 2357.0
1397000 2357.0
1397010 2356.0
1397020 2355.1
1397030 2355.1
1397040 2354.4
1397050 2352.6
1397060 2352.6
1397070 2351.2
1397080 2350.3
1397090 2350.3
1397100 2350.0
1397110 2350.1
1397120 2350.1
1397130 2350.3
1397140 2350.6
1397150 2350.5
1397160 2350.5
1397170 2350.8
1397180 2351.2
1397190 2351.2
1397200 2351.8
1397210 2352.4
1397220 2352.4
1397230 2353.1
1397240 2353.8
1397250 2353.8
1397260 2354.2
1397270 2354.5
1397280 2354.5
1397290 2354.2
1397300 2353.6
1397310 2353.6
1397320 2352.5
1397330 2350.4
1397340 2348.8
1397350 2348.8
1397360 2349.1
1397370 2350.1
1397380 2350.1
1397390 2350.1
1397400 2348.8
1397410 2348.8
1397420 2348.1
1397430 2347.8
1397440 2347.8
1397450 2348.1
1397460 2348.7
1397470 2348.7
1397480 2348.3
1397490 2348.9
1397500 2348.9
1397510 2349.3
1397520 2347.0
1397530 2343.4
1397540 2343.4
1397550 2340.6
1397560 2337.6
1397570 2337.6
1397580 2334.4
1397590 2330.6
1397600 2330.6
1397610 2326.5
1397620 2322.7
1397630 2322.7
1397640 2320.1
1397650 2317.7
1397660 2317.7
1397670 2314.8
1397680 2311.6
1397690 2304.1
1397700 2304.1
1397710 2302.1
1397720 2300.4
1397730 2300.4
1397740 2298.2
1397750 2296.6
1397760 2296.6
1397770 2295.7
1397780 2294.2
1397790 2294.2
1397800 2293.1
1397810 2292.6
1397820 2292.6
1397830 2293.7
1397840 2294.5
1397850 2294.5
1397860 2294.1
1397870 2292.9
1397880 2291.7
1397890 2291.7
1397900 2292.0
1397910 2291.5
1397920 2291.5
1397930 2287.3
1397940 2280.9
1397950 2280.9
1397960 2273.7
1397970 2267.4
1397980 2267.4
1397990 2262.5
1398000 2258.2
1398010 2258.2
1398020 2253.4
1398030 2248.7
1398040 2248.7
1398050 2244.0
1398060 2238.8
1398070 2233.6
1398080 2233.6
1398090 2228.2
1398100 2223.1
1398110 2223.1
1398120 2218.0
1398130 2213.2
1398140 2213.2
1398150 2208.6
1398160 2204.3
1398170 2204.3
1398180 2200.7
1398190 2196.6
1398200 2196.6
1398210 2193.6
1398220 2191.0
1398230 2191.0
1398240 2188.4
1398250 2186.7
1398260 2186.0
1398270 2186.0
1398280 2185.0
1398290 2183.9
1398300 2183.9
1398310 2182.8
1398320 2182.0
1398330 2182.0
1398340 2181.5
1398350 2180.4
1398360 2180.4
1398370 2179.5
1398380 2178.7
1398390 2178.7
1398400 2177.7
1398410 2176.5
1398420 2175.2
1398430 2175.2
1398440 2174.1
1398450 2173.5
1398460 2173.5
1398470 2172.8
1398480 2171.8
1398490 2171.8
1398500 2170.7
1398510 2169.1
1398520 2169.1
1398530 2167.6
1398540 2166.6
1398550 2166.6
1398560 2166.3
1398570 2165.9
1398580 2165.9
1398590 2166.2
1398600 2168.1
1398610 2170.2
1398620 2170.2
1398630 2170.5
1398640 2169.7
1398650 2169.7
1398660 2169.7
1398670 2170.1
1398680 2170.1
1398690 2170.4
1398700 2172.3
1398710 2172.3
1398720 2175.0
1398730 2176.8
1398740 2176.8
1398750 2178.2
1398760 2180.8
1398770 2180.8
1398780 2185.2
1398790 2189.6
1398800 2195.6
1398810 2195.6
1398820 2196.2
1398830 2192.8
1398840 2192.8
1398850 2192.2
1398860 2190.0
1398870 2190.0
1398880 2183.1
1398890 2174.1
1398900 2174.1
1398910 2162.6
1398920 2152.8
1398930 2152.8
1398940 2145.9
1398950 2139.8
1398960 2139.8
1398970 2136.0
1398980 2132.5
1398990 2129.7
1399000 2129.7
1399010 2127.0
1399020 2122.9
1399030 2122.9
1399040 2116.5
1399050 2111.0
1399060 2111.0
1399070 2106.1
1399080 2102.6
1399090 2102.6
1399100 2098.4
1399110 2095.0
1399120 2095.0
1399130 2094.7
1399140 2094.8
1399150 2093.9
1399160 2098.6
1399170 2096.9
1399180 2095.7
1399190 2095.7
1399200 2093.8
1399210 2092.0
1399220 2092.0
1399230 2090.6
1399240 2089.1
1399250 2089.1
1399260 2088.3
1399270 2089.4
1399280 2089.4
1399290 2091.3
1399300 2094.4
1399310 2094.4
1399320 2099.2
1399330 2106.9
1399340 2116.7
1399350 2116.7
1399360 2120.1
1399370 2119.5
1399380 2119.5
1399390 2118.7
1399400 2118.6
1399410 2118.6
1399420 2119.9
1399430 2121.0
1399440 2121.0
1399450 2121.3
1399460 2121.6
1399470 2121.6
1399480 2122.5
1399490 2123.5
1399500 2123.5
1399510 2124.2
1399520 2123.9
1399530 2122.4
1399540 2122.4
1399550 2119.8
1399560 2116.8
1399570 2116.8
1399580 2114.3
1399590 2113.5
1399600 2113.5
1399610 2114.0
1399620 2114.9
1399630 2114.9
1399640 2115.3
1399650 2115.8
1399660 2115.8
1399670 2117.3
1399680 2119.1
1399690 2119.1
1399700 2121.1
1399710 2122.9
1399720 2124.3
1399730 2124.3
1399740 2125.5
1399750 2127.2
1399760 2127.2
1399770 2129.4
1399780 2131.4
1399790 2131.4
1399800 2132.2
1399810 2133.3
1399820 2133.3
1399830 2134.7
1399840 2136.8
1399850 2136.8
1399860 2140.3
1399870 2144.1
1399880 2144.1
1399890 2147.3
1399900 2150.2
1399910 2153.8
1399920 2153.8
1399930 2157.0
1399940 2159.5
1399950 2159.5
1399960 2162.1
1399970 2165.1
1399980 2165.1
1399990 2168.8
