1380000 2577.4
1380010 2580.1
1380020 2582.3
1380030 2582.3
1380040 2583.5
1380050 2584.0
1380060 2584.0
1380070 2584.6
1380080 2586.4
1380090 2586.4
1380100 2588.7
1380110 2591.4
1380120 2594.1
1380130 2594.1
1380140 2596.8
1380150 2600.2
1380160 2600.2
1380170 2604.0
1380180 2608.1
1380190 2608.1
1380200 2613.2
1380210 2619.3
1380220 2619.3
1380230 2624.4
1380240 2629.8
1380250 2629.8
1380260 2636.1
1380270 2642.9
1380280 2642.9
1380290 2649.7
1380300 2657.2
1380310 2665.3
1380320 2665.3
1380330 2672.2
1380340 2677.3
1380350 2677.3
1380360 2682.3
1380370 2688.0
1380380 2688.0
1380390 2693.9
1380400 2700.2
1380410 2700.2
1380420 2706.9
1380430 2713.9
1380440 2713.9
1380450 2720.6
1380460 2726.0
1380470 2726.0
1380480 2731.1
1380490 2737.1
1380500 2743.3
1380510 2743.3
1380520 2749.4
1380530 2755.3
1380540 2755.3
1380550 2761.2
1380560 2765.2
1380570 2765.2
1380580 2758.5
1380590 2745.0
1380600 2745.0
1380610 2737.8
1380620 2734.1
1380630 2734.1
1380640 2723.5
1380650 2709.6
1380660 2699.7
1380670 2699.7
1380680 2692.8
1380690 2686.8
1380700 2686.8
1380710 2680.9
1380720 2674.9
1380730 2674.9
1380740 2669.2
1380750 2663.8
1380760 2663.8
1380770 2658.2
1380780 2650.5
1380790 2650.5
1380800 2642.8
1380810 2636.1
1380820 2636.1
1380830 2629.5
1380840 2622.2
1380850 2609.7
1380860 2609.7
1380870 2594.6
1380880 2585.2
1380890 2585.2
1380900 2578.7
1380910 2572.3
1380920 2572.3
1380930 2561.7
1380940 2551.5
1380950 2551.5
1380960 2544.6
1380970 2538.9
1380980 2538.9
1380990 2533.6
1381000 2528.8
1381010 2528.8
1381020 2525.1
1381030 2523.2
1381040 2522.1
1381050 2522.1
1381060 2521.6
1381070 2521.7
1381080 2521.7
1381090 2522.5
1381100 2526.0
1381110 2526.0
1381120 2529.2
1381130 2532.8
1381140 2532.8
1381150 2531.3
1381160 2523.2
1381170 2523.2
1381180 2512.7
1381190 2505.3
1381200 2505.3
1381210 2497.5
1381220 2491.1
1381230 2484.7
1381240 2484.7
1381250 2480.5
1381260 2478.6
1381270 2478.6
1381280 2476.2
1381290 2470.0
1381300 2470.0
1381310 2465.0
1381320 2461.7
1381330 2461.7
1381340 2459.6
1381350 2458.9
1381360 2458.9
1381370 2460.4
1381380 2462.5
1381390 2462.5
1381400 2462.3
1381410 2461.2
1381420 2460.9
1381430 2460.9
1381440 2461.0
1381450 2460.5
1381460 2460.5
1381470 2459.2
1381480 2457.4
1381490 2457.4
1381500 2454.9
1381510 2453.5
1381520 2453.5
1381530 2453.0
1381540 2453.5
1381550 2453.5
1381560 2454.3
1381570 2455.6
1381580 2455.6
1381590 2458.7
1381600 2460.4
1381610 2463.9
1381620 2463.9
1381630 2467.3
1381640 2469.8
1381650 2469.8
1381660 2470.8
1381670 2469.9
1381680 2469.9
1381690 2467.9
1381700 2466.9
1381710 2466.9
1381720 2467.9
1381730 2470.4
1381740 2470.4
1381750 2473.0
1381760 2475.2
1381770 2472.8
1381780 2472.8
1381790 2474.1
1381800 2476.4
1381810 2476.4
1381820 2477.1
1381830 2474.0
1381840 2474.0
1381850 2476.6
1381860 2479.3
1381870 2479.3
1381880 2481.3
1381890 2482.6
1381900 2482.6
1381910 2485.7
1381920 2488.7
1381930 2488.7
1381940 2490.6
1381950 2493.6
1381960 2498.0
1381970 2498.0
1381980 2500.5
1381990 2502.0
1382000 2502.0
1382010 2505.0
1382020 2508.8
1382030 2508.8
1382040 2509.2
1382050 2508.8
1382060 2508.8
1382070 2509.2
1382080 2510.4
1382090 2510.4
1382100 2511.0
1382110 2508.3
1382120 2508.3
1382130 2505.2
1382140 2500.4
1382150 2495.8
1382160 2495.8
1382170 2492.8
1382180 2487.0
1382190 2487.0
1382200 2479.5
1382210 2473.6
1382220 2473.6
1382230 2471.0
1382240 2470.3
1382250 2470.3
1382260 2468.3
1382270 2466.2
1382280 2466.2
1382290 2466.1
1382300 2466.5
1382310 2466.5
1382320 2467.5
1382330 2471.0
1382340 2473.9
1382350 2473.9
1382360 2472.0
1382370 2472.5
1382380 2472.5
1382390 2478.2
1382400 2484.2
1382410 2484.2
1382420 2489.5
1382430 2493.3
1382440 2493.3
1382450 2496.5
1382460 2500.0
1382470 2500.0
1382480 2504.2
1382490 2508.3
1382500 2508.3
1382510 2512.6
1382520 2518.0
1382530 2524.8
1382540 2524.8
1382550 2531.9
1382560 2537.0
1382570 2537.0
1382580 2540.3
1382590 2543.4
1382600 2543.4
1382610 2547.3
1382620 2551.3
1382630 2551.3
1382640 2555.7
1382650 2560.2
1382660 2560.2
1382670 2565.1
1382680 2570.4
1382690 2576.2
1382700 2576.2
1382710 2581.8
1382720 2584.5
1382730 2584.5
1382740 2583.6
1382750 2581.8
1382760 2581.8
1382770 2576.5
1382780 2572.2
1382790 2572.2
1382800 2567.2
1382810 2563.2
1382820 2563.2
1382830 2561.1
1382840 2562.6
1382850 2562.6
1382860 2565.7
1382870 2564.8
1382880 2563.5
1382890 2563.5
1382900 2564.3
1382910 2566.5
1382920 2566.5
1382930 2569.3
1382940 2570.2
1382950 2570.2
1382960 2567.8
1382970 2564.4
1382980 2564.4
1382990 2563.4
1383000 2560.2
1383010 2560.2
1383020 2555.7
1383030 2552.1
1383040 2552.1
1383050 2547.1
1383060 2542.6
1383070 2537.3
1383080 2537.3
1383090 2530.0
1383100 2524.1
1383110 2524.1
1383120 2521.3
1383130 2515.4
1383140 2515.4
1383150 2509.5
1383160 2505.9
1383170 2505.9
1383180 2504.3
1383190 2502.6
1383200 2502.6
1383210 2497.9
1383220 2492.2
1383230 2492.2
1383240 2484.0
1383250 2479.5
1383260 2474.0
1383270 2474.0
1383280 2468.7
1383290 2468.4
1383300 2468.4
1383310 2467.9
1383320 2466.3
1383330 2466.3
1383340 2463.9
1383350 2461.1
1383360 2461.1
1383370 2460.8
1383380 2461.0
1383390 2461.0
1383400 2460.9
1383410 2462.0
1383420 2462.0
1383430 2463.0
1383440 2463.8
1383450 2464.4
1383460 2464.4
1383470 2463.3
1383480 2461.0
1383490 2461.0
1383500 2456.8
1383510 2450.3
1383520 2450.3
1383530 2443.0
1383540 2437.4
1383550 2437.4
1383560 2434.9
1383570 2434.1
1383580 2434.1
1383590 2433.2
1383600 2432.5
1383610 2432.5
1383620 2431.6
1383630 2430.8
1383640 2429.9
1383650 2429.9
1383660 2428.0
1383670 2426.1
1383680 2426.1
1383690 2429.0
1383700 2427.6
1383710 2427.6
1383720 2427.2
1383730 2427.2
1383740 2427.2
1383750 2426.6
1383760 2426.7
1383770 2426.7
1383780 2426.6
1383790 2426.6
1383800 2427.4
1383810 2427.4
1383820 2428.5
1383830 2429.5
1383840 2429.5
1383850 2430.0
1383860 2429.6
1383870 2429.6
1383880 2424.9
1383890 2415.7
1383900 2415.7
1383910 2407.1
1383920 2397.7
1383930 2397.7
1383940 2388.2
1383950 2379.3
1383960 2379.3
1383970 2370.6
1383980 2362.5
1383990 2355.6
1384000 2355.6
1384010 2350.4
1384020 2344.0
1384030 2344.0
1384040 2331.6
1384050 2322.6
1384060 2322.6
1384070 2314.8
1384080 2307.6
1384090 2307.6
1384100 2299.4
1384110 2288.4
1384120 2288.4
1384130 2277.7
1384140 2267.4
1384150 2267.4
1384160 2258.3
1384170 2250.2
1384180 2242.5
1384190 2242.5
1384200 2235.4
1384210 2227.7
1384220 2227.7
1384230 2220.3
1384240 2212.4
1384250 2212.4
1384260 2203.9
1384270 2195.9
1384280 2195.9
1384290 2183.4
1384300 2174.7
1384310 2174.7
1384320 2173.1
1384330 2166.9
1384340 2166.9
1384350 2147.8
1384360 2132.1
1384370 2118.5
1384380 2118.5
1384390 2104.0
1384400 2099.3
1384410 2099.3
1384420 2095.2
1384430 2088.7
1384440 2088.7
1384450 2084.1
1384460 2082.3
1384470 2082.3
1384480 2077.0
1384490 2071.3
1384500 2071.3
1384510 2060.9
1384520 2051.3
1384530 2051.3
1384540 2043.2
1384550 2032.4
1384560 2025.9
1384570 2025.9
1384580 2020.4
1384590 2015.1
1384600 2015.1
1384610 2009.1
1384620 2002.9
1384630 2002.9
1384640 1996.7
1384650 1990.7
1384660 1990.7
1384670 1984.9
1384680 1979.5
1384690 1979.5
1384700 1974.4
1384710 1968.7
1384720 1962.7
1384730 1962.7
1384740 1957.5
1384750 1953.9
1384760 1953.9
1384770 1949.4
1384780 1944.5
1384790 1944.5
1384800 1940.0
1384810 1935.8
1384820 1935.8
1384830 1931.6
1384840 1927.0
1384850 1927.0
1384860 1922.8
1384870 1918.6
1384880 1918.6
1384890 1914.9
1384900 1910.6
1384910 1906.6
1384920 1906.6
1384930 1903.2
1384940 1899.5
1384950 1899.4
1384960 1895.1
1384970 1891.4
1384980 1891.4
1384990 1888.4
1385000 1884.5
1385010 1884.5
1385020 1880.7
1385030 1877.3
1385040 1877.3
1385050 1874.2
1385060 1871.1
1385070 1871.1
1385080 1867.4
1385090 1863.6
1385100 1860.0
1385110 1860.0
1385120 1856.4
1385130 1851.9
1385140 1851.9
1385150 1846.1
1385160 1840.5
1385170 1840.5
1385180 1837.7
1385190 1835.5
1385200 1835.5
1385210 1833.8
1385220 1827.6
1385230 1827.6
1385240 1826.7
1385250 1829.8
1385260 1829.8
1385270 1832.8
1385280 1837.6
1385290 1842.8
1385300 1842.8
1385310 1848.2
1385320 1856.5
1385330 1856.5
1385340 1864.8
1385350 1872.1
1385360 1872.1
1385370 1880.4
1385380 1889.1
1385390 1889.1
1385400 1896.6
1385410 1904.8
1385420 1904.8
1385430 1913.0
1385440 1919.6
1385450 1919.6
1385460 1925.1
1385470 1930.4
1385480 1936.0
1385490 1936.0
1385500 1941.7
1385510 1947.3
1385520 1947.3
1385530 1956.3
1385540 1963.9
1385550 1963.9
1385560 1968.3
1385570 1973.0
1385580 1973.0
1385590 1978.3
1385600 1983.1
1385610 1983.1
1385620 1988.5
1385630 1995.5
1385640 1995.5
1385650 2000.8
1385660 2004.2
1385670 2008.1
1385680 2008.1
1385690 2012.3
1385700 2015.4
1385710 2015.4
1385720 2022.3
1385730 2031.9
1385740 2031.9
1385750 2041.9
1385760 2049.4
1385770 2049.4
1385780 2054.2
1385790 2057.4
1385800 2057.4
1385810 2060.5
1385820 2064.6
1385830 2068.3
1385840 2068.3
1385850 2073.4
1385860 2082.3
1385870 2082.3
1385880 2090.2
1385890 2095.4
1385900 2095.4
1385910 2100.0
1385920 2102.5
1385930 2102.5
1385940 2102.6
1385950 2101.2
1385960 2101.2
1385970 2101.7
1385980 2104.7
1385990 2104.7
1386000 2108.3
1386010 2112.9
1386020 2114.1
1386030 2114.1
1386040 2114.9
1386050 2117.9
1386060 2117.9
1386070 2122.3
1386080 2125.4
1386090 2125.4
1386100 2126.6
1386110 2127.2
1386120 2127.2
1386130 2127.2
1386140 2125.7
1386150 2125.7
1386160 2122.8
1386170 2119.9
1386180 2119.9
1386190 2117.6
1386200 2117.4
1386210 2119.9
1386220 2119.9
1386230 2115.1
1386240 2120.8
1386250 2120.8
1386260 2124.2
1386270 2124.2
1386280 2124.2
1386290 2123.1
1386300 2125.8
1386310 2125.8
1386320 2130.0
1386330 2131.5
1386340 2131.5
1386350 2133.1
1386360 2140.1
1386370 2140.1
1386380 2146.1
1386390 2148.9
1386400 2154.5
1386410 2154.5
1386420 2161.3
1386430 2170.4
1386440 2170.4
1386450 2174.6
1386460 2174.4
1386470 2174.4
1386480 2173.7
1386490 2173.4
1386500 2173.4
1386510 2173.3
1386520 2172.8
1386530 2172.8
1386540 2171.7
1386550 2170.4
1386560 2170.4
1386570 2169.2
1386580 2168.7
1386590 2170.9
1386600 2170.9
1386610 2173.4
1386620 2174.0
1386630 2174.0
1386640 2174.2
1386650 2173.2
1386660 2173.2
1386670 2170.5
1386680 2166.5
1386690 2166.5
1386700 2162.1
1386710 2157.6
1386720 2157.6
1386730 2153.0
1386740 2148.5
1386750 2144.1
1386760 2144.1
1386770 2140.3
1386780 2137.1
1386790 2137.1
1386800 2135.0
1386810 2133.7
1386820 2133.7
1386830 2132.6
1386840 2131.7
1386850 2131.7
1386860 2130.8
1386870 2128.5
1386880 2128.5
1386890 2125.9
1386900 2123.9
1386910 2123.9
1386920 2121.4
1386930 2119.4
1386940 2118.0
1386950 2118.0
1386960 2115.5
1386970 2110.6
1386980 2110.6
1386990 2109.3
1387000 2108.3
1387010 2108.3
1387020 2105.6
1387030 2104.4
1387040 2104.4
1387050 2105.2
1387060 2106.4
1387070 2106.4
1387080 2106.8
1387090 2106.8
1387100 2106.8
1387110 2106.4
1387120 2105.9
1387130 2105.4
1387140 2105.4
1387150 2105.5
1387160 2106.0
1387170 2106.0
1387180 2106.8
1387190 2106.8
1387200 2106.8
1387210 2105.5
1387220 2104.3
1387230 2104.3
1387240 2103.0
1387250 2100.4
1387260 2100.4
1387270 2098.4
1387280 2097.9
1387290 2097.9
1387300 2098.2
1387310 2098.3
1387320 2098.8
1387330 2098.8
1387340 2099.9
1387350 2101.9
1387360 2101.9
1387370 2106.5
1387380 2109.9
1387390 2109.9
1387400 2113.8
1387410 2119.6
1387420 2119.6
1387430 2124.7
1387440 2129.5
1387450 2129.5
1387460 2133.1
1387470 2135.9
1387480 2135.9
1387490 2139.1
1387500 2144.6
1387510 2146.9
1387520 2140.3
1387530 2144.3
1387540 2147.2
1387550 2147.2
1387560 2149.5
1387570 2152.1
1387580 2152.1
1387590 2155.0
1387600 2159.0
1387610 2159.0
1387620 2161.7
1387630 2163.2
1387640 2163.2
1387650 2162.4
1387660 2159.5
1387670 2155.3
1387680 2155.3
1387690 2151.2
1387700 2148.5
1387710 2148.5
1387720 2147.2
1387730 2147.0
1387740 2147.0
1387750 2146.6
1387760 2145.9
1387770 2145.9
1387780 2147.7
1387790 2150.2
1387800 2150.2
1387810 2153.4
1387820 2158.0
1387830 2158.0
1387840 2162.1
1387850 2167.4
1387860 2172.0
1387870 2172.0
1387880 2177.0
1387890 2181.6
1387900 2181.6
1387910 2184.0
1387920 2190.2
1387930 2190.2
1387940 2196.1
1387950 2200.8
1387960 2200.8
1387970 2205.0
1387980 2209.3
1387990 2209.3
1388000 2213.5
1388010 2217.2
1388020 2217.2
1388030 2222.7
1388040 2230.1
1388050 2237.4
1388060 2237.4
1388070 2243.8
1388080 2250.3
1388090 2250.3
1388100 2259.2
1388110 2267.8
1388120 2267.8
1388130 2274.0
1388140 2280.8
1388150 2280.8
1388160 2289.7
1388170 2297.5
1388180 2297.5
1388190 2301.8
1388200 2304.8
1388210 2304.8
1388220 2307.1
1388230 2309.1
1388240 2312.7
1388250 2312.7
1388260 2318.1
1388270 2323.5
1388280 2323.5
1388290 2328.9
1388300 2334.7
1388310 2334.7
1388320 2339.6
1388330 2342.7
1388340 2342.7
1388350 2345.8
1388360 2350.3
1388370 2350.3
1388380 2354.4
1388390 2359.4
1388400 2359.4
1388410 2364.8
1388420 2370.1
1388430 2375.7
1388440 2375.7
1388450 2381.7
1388460 2387.6
1388470 2387.6
1388480 2393.7
1388490 2400.0
1388500 2400.0
1388510 2406.6
1388520 2410.5
1388530 2410.5
1388540 2412.9
1388550 2414.3
1388560 2414.3
1388570 2415.3
1388580 2413.6
1388590 2413.6
1388600 2407.3
1388610 2399.7
1388620 2392.1
1388630 2392.1
1388640 2385.1
1388650 2378.7
1388660 2378.7
1388670 2372.9
1388680 2367.5
1388690 2367.5
1388700 2363.2
1388710 2361.9
1388720 2361.9
1388730 2361.5
1388740 2361.9
1388750 2361.9
1388760 2363.0
1388770 2363.7
1388780 2362.9
1388790 2362.9
1388800 2362.7
1388810 2363.5
1388820 2363.5
1388830 2360.9
1388840 2362.2
1388850 2362.2
1388860 2364.1
1388870 2365.2
1388880 2365.2
1388890 2365.0
1388900 2365.3
1388910 2365.3
1388920 2365.9
1388930 2366.3
1388940 2366.3
1388950 2366.5
1388960 2367.5
1388970 2369.4
1388980 2369.4
1388990 2372.1
1389000 2375.3
1389010 2375.3
1389020 2379.1
1389030 2383.3
1389040 2383.3
1389050 2387.6
1389060 2391.2
1389070 2391.2
1389080 2394.9
1389090 2399.4
1389100 2399.4
1389110 2404.1
1389120 2409.4
1389130 2409.4
1389140 2415.1
1389150 2420.6
1389160 2426.2
1389170 2426.2
1389180 2431.9
1389190 2437.1
1389200 2437.1
1389210 2441.5
1389220 2444.8
1389230 2444.8
1389240 2447.9
1389250 2450.4
1389260 2450.4
1389270 2454.1
1389280 2459.8
1389290 2459.8
1389300 2465.1
1389310 2470.0
1389320 2470.0
1389330 2475.1
1389340 2480.9
1389350 2487.3
1389360 2487.3
1389370 2492.8
1389380 2497.6
1389390 2497.6
1389400 2502.9
1389410 2508.0
1389420 2508.0
1389430 2513.5
1389440 2521.6
1389450 2521.6
1389460 2528.8
1389470 2535.1
1389480 2535.1
1389490 2540.3
1389500 2538.2
1389510 2538.2
1389520 2535.6
1389530 2536.1
1389540 2536.9
1389550 2536.9
1389560 2539.7
1389570 2541.8
1389580 2541.8
1389590 2545.4
1389600 2550.3
1389610 2550.3
1389620 2553.6
1389630 2550.7
1389640 2550.7
1389650 2548.0
1389660 2546.1
1389670 2546.1
1389680 2543.7
1389690 2542.9
1389700 2543.8
1389710 2543.8
1389720 2544.2
1389730 2545.7
1389740 2545.7
1389750 2547.7
1389760 2550.3
1389770 2550.3
1389780 2553.8
1389790 2558.0
1389800 2558.0
1389810 2562.7
1389820 2567.7
1389830 2567.7
1389840 2573.0
1389850 2578.3
1389860 2578.3
1389870 2583.9
1389880 2589.9
1389890 2596.2
1389900 2596.2
1389910 2602.8
1389920 2609.3
1389930 2609.3
1389940 2615.8
1389950 2622.7
1389960 2622.7
1389970 2629.7
1389980 2636.7
1389990 2636.7
1390000 2643.5
1390010 2650.9
1390020 2650.9
1390030 2660.4
1390040 2673.0
1390050 2673.0
1390060 2686.0
1390070 2698.1
1390080 2707.3
1390090 2707.3
1390100 2712.0
1390110 2718.5
1390120 2718.5
1390130 2725.5
1390140 2734.2
1390150 2734.2
1390160 2757.5
1390170 2763.3
1390180 2763.3
1390190 2771.0
1390200 2776.9
1390210 2776.9
1390220 2777.2
1390230 2777.8
1390240 2777.8
1390250 2778.9
1390260 2782.7
1390270 2786.2
1390280 2786.2
1390290 2789.9
1390300 2793.4
1390310 2793.4
1390320 2797.3
1390330 2798.9
1390340 2798.9
1390350 2797.1
1390360 2795.6
1390370 2795.6
1390380 2793.3
1390390 2795.7
1390400 2795.7
1390410 2794.7
1390420 2794.2
1390430 2794.2
1390440 2794.0
1390450 2792.9
1390460 2792.8
1390470 2792.8
1390480 2794.0
1390490 2790.7
1390500 2790.7
1390510 2781.8
1390520 2776.0
1390530 2776.0
1390540 2776.5
1390550 2776.6
1390560 2776.6
1390570 2776.9
1390580 2770.3
1390590 2770.3
1390600 2761.0
1390610 2746.0
1390620 2736.0
1390630 2736.0
1390640 2728.4
1390650 2721.4
1390660 2721.4
1390670 2712.7
1390680 2703.6
1390690 2703.6
1390700 2693.2
1390710 2687.5
1390720 2687.5
1390730 2683.1
1390740 2677.9
1390750 2677.9
1390760 2673.0
1390770 2668.4
1390780 2668.4
1390790 2665.6
1390800 2663.6
1390810 2661.0
1390820 2661.0
1390830 2656.9
1390840 2648.0
1390850 2648.0
1390860 2636.9
1390870 2630.8
1390880 2630.8
1390890 2626.2
1390900 2622.2
1390910 2622.2
1390920 2618.7
1390930 2615.8
1390940 2615.8
1390950 2612.5
1390960 2608.4
1390970 2608.4
1390980 2603.6
1390990 2598.3
1391000 2592.1
1391010 2592.1
1391020 2585.9
1391030 2579.6
1391040 2579.6
1391050 2573.8
1391060 2568.7
1391070 2568.7
1391080 2564.1
1391090 2560.6
1391100 2560.6
1391110 2558.1
1391120 2555.0
1391130 2555.0
1391140 2550.1
1391150 2548.2
1391160 2548.2
1391170 2547.3
1391180 2547.2
1391190 2546.7
1391200 2546.7
1391210 2545.8
1391220 2543.9
1391230 2543.9
1391240 2541.1
1391250 2537.8
1391260 2537.8
1391270 2532.6
1391280 2525.8
1391290 2525.8
1391300 2524.4
1391310 2521.6
1391320 2521.6
1391330 2516.6
1391340 2514.0
1391350 2514.0
1391360 2506.8
1391370 2492.3
1391380 2483.6
1391390 2483.6
1391400 2477.5
1391410 2472.7
1391420 2472.7
1391430 2469.0
1391440 2466.2
1391450 2466.2
1391460 2463.5
1391470 2460.1
1391480 2460.1
1391490 2457.5
1391500 2456.4
1391510 2456.4
1391520 2455.6
1391530 2455.7
1391540 2455.7
1391550 2455.6
1391560 2455.4
1391570 2455.7
1391580 2455.7
1391590 2456.8
1391600 2459.2
1391610 2459.2
1391620 2460.7
1391630 2463.5
1391640 2463.5
1391650 2467.3
1391660 2468.6
1391670 2468.6
1391680 2468.4
1391690 2470.1
1391700 2470.1
1391710 2471.7
1391720 2471.7
1391730 2473.3
1391740 2473.3
1391750 2475.3
1391760 2478.9
1391770 2478.9
1391780 2480.4
1391790 2482.3
1391800 2482.3
1391810 2486.6
1391820 2490.9
1391830 2490.9
1391840 2498.8
1391850 2505.3
1391860 2505.3
1391870 2507.6
1391880 2507.9
1391890 2507.9
1391900 2508.2
1391910 2510.5
1391920 2516.8
1391930 2516.8
1391940 2517.9
1391950 2515.7
1391960 2515.7
1391970 2523.2
1391980 2535.6
1391990 2535.6
1392000 2543.1
1392010 2546.1
1392020 2546.1
1392030 2548.9
1392040 2552.6
1392050 2552.6
1392060 2555.4
1392070 2559.1
1392080 2559.1
1392090 2562.7
1392100 2565.7
1392110 2568.7
1392120 2568.7
1392130 2571.8
1392140 2574.9
1392150 2574.9
1392160 2577.8
1392170 2579.4
1392180 2579.4
1392190 2580.7
1392200 2583.1
1392210 2583.1
1392220 2581.9
1392230 2580.8
1392240 2580.8
1392250 2581.5
1392260 2585.5
1392270 2585.5
1392280 2590.5
1392290 2593.9
1392300 2596.8
1392310 2596.8
1392320 2602.2
1392330 2606.7
1392340 2606.7
1392350 2609.9
1392360 2613.2
1392370 2613.2
1392380 2616.2
1392390 2619.9
1392400 2619.9
1392410 2623.9
1392420 2627.2
1392430 2627.2
1392440 2630.5
1392450 2633.6
1392460 2633.6
1392470 2636.8
1392480 2639.3
1392490 2641.3
1392500 2641.3
1392510 2644.3
1392520 2646.5
1392530 2646.5
1392540 2648.5
1392550 2651.6
1392560 2651.6
1392570 2654.9
1392580 2658.6
1392590 2658.6
1392600 2661.2
1392610 2664.0
1392620 2664.0
1392630 2667.9
1392640 2670.9
1392650 2674.3
1392660 2674.3
1392670 2679.6
1392680 2684.8
1392690 2684.8
1392700 2689.0
1392710 2693.6
1392720 2693.6
1392730 2698.1
1392740 2703.9
1392750 2703.9
1392760 2710.4
1392770 2715.7
1392780 2715.7
1392790 2721.5
1392800 2728.4
1392810 2728.4
1392820 2734.6
1392830 2743.6
1392840 2752.2
1392850 2752.2
1392860 2749.9
1392870 2735.8
1392880 2735.8
1392890 2722.8
1392900 2712.2
1392910 2712.2
1392920 2704.3
1392930 2696.1
1392940 2696.1
1392950 2685.9
1392960 2674.8
1392970 2674.8
1392980 2666.5
1392990 2658.8
1393000 2658.8
1393010 2651.3
1393020 2645.2
1393030 2639.4
1393040 2639.4
1393050 2632.3
1393060 2627.3
1393070 2627.3
1393080 2624.0
1393090 2622.6
1393100 2622.6
1393110 2622.3
1393120 2621.8
1393130 2621.8
1393140 2620.6
1393150 2619.9
1393160 2619.9
1393170 2619.1
1393180 2617.2
1393190 2617.2
1393200 2614.7
1393210 2612.3
1393220 2610.1
1393230 2610.1
1393240 2608.0
1393250 2606.3
1393260 2606.3
1393270 2604.5
1393280 2603.8
1393290 2603.8
1393300 2603.1
1393310 2602.7
1393320 2602.7
1393330 2602.8
1393340 2602.5
1393350 2602.5
1393360 2603.0
1393370 2602.7
1393380 2602.7
1393390 2601.4
1393400 2600.9
1393410 2600.3
1393420 2600.3
1393430 2599.2
1393440 2597.5
1393450 2597.5
1393460 2596.0
1393470 2593.5
1393480 2593.5
1393490 2590.1
1393500 2586.9
1393510 2586.9
1393520 2582.5
1393530 2578.3
1393540 2578.3
1393550 2574.6
1393560 2569.6
1393570 2561.2
1393580 2561.2
1393590 2550.9
1393600 2543.7
1393610 2543.7
1393620 2537.2
1393630 2531.7
1393640 2531.7
1393650 2526.9
1393660 2521.8
1393670 2521.8
1393680 2517.0
1393690 2512.4
1393700 2512.4
1393710 2508.1
1393720 2504.2
1393730 2504.2
1393740 2500.9
1393750 2499.2
1393760 2498.8
1393770 2498.8
1393780 2497.9
1393790 2497.3
1393800 2497.3
1393810 2496.9
1393820 2496.6
1393830 2496.6
1393840 2496.8
1393850 2498.4
1393860 2498.4
1393870 2500.4
1393880 2501.5
1393890 2501.5
1393900 2502.6
1393910 2501.9
1393920 2501.9
1393930 2500.5
1393940 2501.1
1393950 2503.3
1393960 2503.3
1393970 2505.3
1393980 2503.1
1393990 2503.1
1394000 2487.0
1394010 2471.6
1394020 2471.6
1394030 2462.4
1394040 2457.0
1394050 2457.0
1394060 2452.2
1394070 2447.8
1394080 2447.8
1394090 2443.2
1394100 2440.0
1394110 2440.0
1394120 2444.0
1394130 2459.1
1394140 2474.8
1394150 2474.8
1394160 2484.2
1394170 2493.8
1394180 2493.8
1394190 2503.5
1394200 2510.0
1394210 2510.0
1394220 2511.3
1394230 2490.9
1394240 2490.9
1394250 2462.8
1394260 2480.9
1394270 2480.9
1394280 2470.3
1394290 2453.9
1394300 2453.9
1394310 2441.3
1394320 2435.4
1394330 2425.8
1394340 2425.8
1394350 2417.8
1394360 2411.9
1394370 2411.9
1394380 2403.5
1394390 2396.0
1394400 2396.0
1394410 2393.0
1394420 2391.5
1394430 2391.5
1394440 2391.4
1394450 2391.6
1394460 2391.6
1394470 2390.5
1394480 2386.2
1394490 2383.6
1394500 2383.6
1394510 2380.7
1394520 2377.4
1394530 2377.4
1394540 2373.5
1394550 2370.0
1394560 2370.0
1394570 2368.0
1394580 2362.8
1394590 2362.8
1394600 2357.7
1394610 2353.4
1394620 2353.4
1394630 2349.0
1394640 2346.0
1394650 2346.0
1394660 2349.2
1394670 2348.1
1394680 2342.5
1394690 2342.5
1394700 2340.5
1394710 2344.2
1394720 2344.2
1394730 2348.5
1394740 2347.7
1394750 2347.7
1394760 2344.0
1394770 2338.6
1394780 2338.6
1394790 2335.1
1394800 2342.0
1394810 2342.0
1394820 2350.2
1394830 2355.3
1394840 2355.3
1394850 2358.2
1394860 2355.4
1394870 2351.3
1394880 2351.3
1394890 2346.9
1394900 2342.2
1394910 2342.2
1394920 2335.4
1394930 2327.0
1394940 2327.0
1394950 2317.3
1394960 2310.3
1394970 2310.3
1394980 2307.0
1394990 2314.0
1395000 2314.0
1395010 2322.7
1395020 2326.2
1395030 2326.2
1395040 2328.5
1395050 2332.1
1395060 2335.8
1395070 2335.8
1395080 2339.1
1395090 2342.6
1395100 2342.6
1395110 2346.7
1395120 2348.8
1395130 2348.8
1395140 2351.1
1395150 2353.4
1395160 2353.4
1395170 2354.1
1395180 2353.7
1395190 2353.7
1395200 2352.1
1395210 2349.8
1395220 2349.8
1395230 2348.3
1395240 2346.7
1395250 2345.2
1395260 2345.2
1395270 2344.8
1395280 2345.1
1395290 2345.1
1395300 2345.4
1395310 2347.1
1395320 2347.1
1395330 2351.5
1395340 2356.5
1395350 2356.5
1395360 2362.1
1395370 2368.7
1395380 2368.7
1395390 2375.1
1395400 2380.2
1395410 2380.2
1395420 2383.0
1395430 2385.8
1395440 2388.4
1395450 2388.4
1395460 2391.8
1395470 2396.2
1395480 2396.2
1395490 2402.2
1395500 2410.7
1395510 2410.7
1395520 2418.4
1395530 2423.5
1395540 2423.5
1395550 2428.8
1395560 2433.0
1395570 2433.0
1395580 2435.7
1395590 2437.7
1395600 2440.0
1395610 2440.0
1395620 2444.4
1395630 2448.2
1395640 2448.2
1395650 2451.8
1395660 2457.2
1395670 2457.9
1395680 2459.6
1395690 2460.5
1395700 2460.5
1395710 2461.9
1395720 2464.6
1395730 2464.6
1395740 2468.5
1395750 2474.2
1395760 2474.2
1395770 2480.1
1395780 2484.6
1395790 2489.1
1395800 2489.1
1395810 2494.0
1395820 2499.1
1395830 2499.1
1395840 2504.8
1395850 2510.6
1395860 2510.6
1395870 2516.6
1395880 2522.6
1395890 2522.6
1395900 2528.7
1395910 2535.1
1395920 2535.1
1395930 2541.6
1395940 2547.8
1395950 2547.8
1395960 2554.0
1395970 2563.2
1395980 2571.4
1395990 2571.4
1396000 2577.2
1396010 2581.5
1396020 2581.5
1396030 2586.3
1396040 2590.8
1396050 2590.8
1396060 2594.8
1396070 2600.3
1396080 2600.3
1396090 2608.6
1396100 2619.0
1396110 2619.0
1396120 2629.6
1396130 2636.6
1396140 2636.6
1396150 2637.8
1396160 2633.4
1396170 2629.2
1396180 2629.2
1396190 2624.3
1396200 2619.8
1396210 2619.8
1396220 2615.9
1396230 2611.8
1396240 2611.8
1396250 2608.0
1396260 2603.5
1396270 2603.5
1396280 2598.2
1396290 2592.6
1396300 2592.6
1396310 2587.9
1396320 2583.8
1396330 2583.8
1396340 2579.7
1396350 2574.7
1396360 2570.0
1396370 2570.0
1396380 2567.9
1396390 2562.8
1396400 2562.8
1396410 2555.7
1396420 2548.9
1396430 2548.9
1396440 2541.0
1396450 2529.2
1396460 2529.2
1396470 2517.0
1396480 2506.9
1396490 2506.9
1396500 2499.3
1396510 2494.4
1396520 2491.4
1396530 2491.4
1396540 2489.4
1396550 2488.0
1396560 2488.0
1396570 2485.4
1396580 2482.4
1396590 2482.4
1396600 2478.5
1396610 2476.0
1396620 2476.0
1396630 2472.7
1396640 2469.1
1396650 2469.1
1396660 2465.9
1396670 2462.4
1396680 2462.4
1396690 2459.0
1396700 2456.0
1396710 2454.6
1396720 2454.6
1396730 2454.8
1396740 2454.9
1396750 2454.9
1396760 2455.4
1396770 2455.6
1396780 2455.6
1396790 2453.5
1396800 2451.8
1396810 2451.8
1396820 2449.8
1396830 2446.2
1396840 2446.2
1396850 2439.1
1396860 2432.9
1396870 2432.9
1396880 2427.5
1396890 2422.2
1396900 2417.7
1396910 2417.7
1396920 2413.5
1396930 2408.5
1396940 2408.5
1396950 2402.8
1396960 2400.1
1396970 2400.1
1396980 2396.8
1396990 2392.5
1397000 2392.5
1397010 2388.5
1397020 2384.5
1397030 2384.5
1397040 2378.2
1397050 2370.4
1397060 2370.4
1397070 2364.0
1397080 2358.2
1397090 2353.5
1397100 2348.9
1397110 2345.0
1397120 2341.5
1397130 2341.5
1397140 2338.4
1397150 2334.9
1397160 2334.9
1397170 2331.4
1397180 2329.2
1397190 2329.2
1397200 2328.0
1397210 2327.3
1397220 2327.3
1397230 2327.6
1397240 2328.6
1397250 2328.6
1397260 2329.7
1397270 2330.1
1397280 2329.8
1397290 2329.8
1397300 2330.4
1397310 2330.9
1397320 2330.9
1397330 2331.2
1397340 2329.9
1397350 2329.9
1397360 2328.5
1397370 2327.9
1397380 2327.9
1397390 2326.8
1397400 2326.6
1397410 2326.6
1397420 2326.4
1397430 2326.5
1397440 2327.1
1397450 2327.1
1397460 2327.4
1397470 2326.2
1397480 2326.2
1397490 2324.7
1397500 2323.5
1397510 2323.5
1397520 2323.0
1397530 2322.8
1397540 2322.8
1397550 2322.5
1397560 2320.7
1397570 2320.7
1397580 2317.7
1397590 2314.5
1397600 2314.5
1397610 2311.8
1397620 2303.7
1397630 2295.2
1397640 2295.2
1397650 2285.7
1397660 2278.4
1397670 2278.4
1397680 2272.4
1397690 2267.0
1397700 2267.0
1397710 2262.4
1397720 2258.9
1397730 2258.9
1397740 2255.6
1397750 2251.8
1397760 2251.8
1397770 2248.7
1397780 2244.9
1397790 2244.9
1397800 2240.0
1397810 2234.8
1397820 2228.8
1397830 2228.8
1397840 2223.0
1397850 2216.9
1397860 2216.9
1397870 2210.7
1397880 2204.1
1397890 2204.1
1397900 2198.6
1397910 2193.7
1397920 2193.7
1397930 2189.3
1397940 2185.7
1397950 2185.7
1397960 2183.0
1397970 2180.5
1397980 2180.5
1397990 2178.3
1398000 2176.5
1398010 2173.8
1398020 2173.8
1398030 2171.1
1398040 2169.2
1398050 2169.2
1398060 2167.1
1398070 2163.8
1398080 2163.8
1398090 2162.2
1398100 2162.6
1398110 2162.6
1398120 2162.7
1398130 2163.0
1398140 2163.0
1398150 2162.0
1398160 2160.3
1398170 2160.3
1398180 2158.9
1398190 2160.3
1398200 2162.2
1398210 2162.2
1398220 2164.7
1398230 2167.2
1398240 2167.2
1398250 2169.4
1398260 2170.7
1398270 2170.7
1398280 2171.9
1398290 2174.0
1398300 2174.0
1398310 2177.2
1398320 2179.5
1398330 2179.5
1398340 2182.9
1398350 2187.7
1398360 2187.7
1398370 2192.6
1398380 2196.0
1398390 2199.0
1398400 2199.0
1398410 2199.6
1398420 2198.8
1398430 2198.8
1398440 2199.4
1398450 2200.7
1398460 2200.7
1398470 2202.3
1398480 2203.5
1398490 2203.5
1398500 2204.4
1398510 2204.6
1398520 2204.6
1398530 2204.4
1398540 2204.0
1398550 2199.0
1398560 2199.0
1398570 2196.9
1398580 2195.8
1398590 2195.8
1398600 2194.9
1398610 2193.6
1398620 2193.6
1398630 2192.0
1398640 2189.3
1398650 2189.3
1398660 2187.2
1398670 2185.4
1398680 2185.4
1398690 2184.0
1398700 2182.6
1398710 2182.6
1398720 2181.1
1398730 2178.8
1398740 2175.6
1398750 2175.6
1398760 2172.4
1398770 2168.8
1398780 2168.8
1398790 2164.8
1398800 2159.9
1398810 2159.9
1398820 2154.9
1398830 2150.4
1398840 2150.4
1398850 2145.8
1398860 2141.0
1398870 2141.0
1398880 2135.9
1398890 2131.1
1398900 2131.1
1398910 2125.9
1398920 2120.4
1398930 2114.9
1398940 2114.9
1398950 2109.1
1398960 2102.5
1398970 2102.5
1398980 2097.0
1398990 2091.8
1399000 2091.8
1399010 2086.2
1399020 2080.8
1399030 2080.8
1399040 2076.1
1399050 2072.4
1399060 2072.4
1399070 2068.6
1399080 2064.5
1399090 2064.5
1399100 2059.7
1399110 2055.1
1399120 2050.6
1399130 2050.6
1399140 2046.7
1399150 2043.7
1399160 2043.7
1399170 2041.4
1399180 2038.6
1399190 2038.6
1399200 2033.8
1399210 2027.7
1399220 2027.7
1399230 2024.7
1399240 2024.4
1399250 2024.4
1399260 2021.9
1399270 2019.9
1399280 2019.9
1399290 2017.8
1399300 2015.5
1399310 2012.9
1399320 2012.9
1399330 2011.6
1399340 2009.4
1399350 2009.4
1399360 2007.2
1399370 2005.0
1399380 2005.0
1399390 2002.9
1399400 2000.6
1399410 2000.6
1399420 1998.1
1399430 1996.1
1399440 1996.1
1399450 1994.3
1399460 1992.2
1399470 1990.1
1399480 1990.1
1399490 1988.3
1399500 1985.6
1399510 1985.6
1399520 1981.7
1399530 1978.7
1399540 1978.7
1399550 1977.1
1399560 1976.2
1399570 1976.2
1399580 1974.4
1399590 1972.8
1399600 1972.8
1399610 1971.1
1399620 1968.4
1399630 1968.4
1399640 1965.1
1399650 1960.1
1399660 1953.8
1399670 1953.8
1399680 1948.4
1399690 1944.5
1399700 1944.5
1399710 1940.0
1399720 1932.5
1399730 1932.5
1399740 1926.1
1399750 1920.3
1399760 1920.3
1399770 1914.6
1399780 1910.9
1399790 1910.9
1399800 1907.0
1399810 1901.2
1399820 1901.2
1399830 1894.6
1399840 1887.6
1399850 1879.4
1399860 1879.4
1399870 1871.6
1399880 1864.6
1399890 1864.6
1399900 1859.0
1399910 1853.7
1399920 1853.7
1399930 1848.0
1399940 1842.1
1399950 1842.1
1399960 1835.6
1399970 1830.0
1399980 1830.0
1399990 1827.0
