1380000 2503.0
1380010 2504.3
1380020 2504.3
1380030 2504.4
1380040 2504.3
1380050 2504.3
1380060 2504.9
1380070 2505.8
1380080 2505.8
1380090 2507.3
1380100 2509.7
1380110 2509.7
1380120 2512.8
1380130 2516.2
1380140 2516.2
1380150 2519.3
1380160 2522.4
1380170 2525.4
1380180 2525.4
1380190 2528.3
1380200 2531.6
1380210 2531.6
1380220 2534.7
1380230 2537.2
1380240 2537.2
1380250 2539.6
1380260 2541.7
1380270 2541.7
1380280 2543.8
1380290 2543.8
1380300 2543.8
1380310 2546.2
1380320 2548.5
1380330 2550.3
1380340 2550.3
1380350 2551.3
1380360 2551.5
1380370 2551.5
1380380 2552.3
1380390 2554.2
1380400 2554.2
1380410 2556.6
1380420 2558.2
1380430 2558.2
1380440 2558.0
1380450 2558.6
1380460 2558.6
1380470 2560.5
1380480 2563.3
1380490 2563.3
1380500 2567.6
1380510 2571.8
1380520 2576.1
1380530 2576.1
1380540 2581.3
1380550 2586.9
1380560 2586.9
1380570 2593.1
1380580 2598.7
1380590 2598.7
1380600 2603.1
1380610 2606.6
1380620 2606.6
1380630 2611.3
1380640 2615.8
1380650 2615.8
1380660 2620.4
1380670 2624.3
1380680 2624.3
1380690 2628.0
1380700 2632.4
1380710 2637.6
1380720 2637.6
1380730 2643.0
1380740 2648.4
1380750 2648.4
1380760 2654.3
1380770 2660.8
1380780 2660.8
1380790 2667.1
1380800 2672.8
1380810 2672.8
1380820 2678.5
1380830 2684.1
1380840 2684.1
1380850 2689.8
1380860 2695.1
1380870 2695.1
1380880 2700.3
1380890 2703.4
1380900 2700.2
1380910 2700.2
1380920 2693.8
1380930 2685.9
1380940 2685.9
1380950 2674.8
1380960 2664.7
1380970 2664.7
1380980 2656.9
1380990 2650.8
1381000 2650.8
1381010 2642.2
1381020 2631.1
1381030 2631.1
1381040 2615.8
1381050 2604.9
1381060 2604.9
1381070 2594.4
1381080 2585.2
1381090 2576.8
1381100 2576.8
1381110 2569.0
1381120 2564.1
1381130 2564.1
1381140 2559.9
1381150 2558.0
1381160 2558.0
1381170 2558.5
1381180 2559.1
1381190 2559.1
1381200 2559.2
1381210 2559.8
1381220 2559.8
1381230 2561.2
1381240 2563.9
1381250 2566.1
1381260 2566.1
1381270 2568.0
1381280 2570.9
1381290 2570.9
1381300 2574.4
1381310 2573.6
1381320 2573.6
1381330 2574.1
1381340 2576.7
1381350 2576.7
1381360 2579.1
1381370 2581.9
1381380 2581.9
1381390 2583.6
1381400 2584.3
1381410 2584.3
1381420 2583.8
1381430 2580.4
1381440 2577.3
1381450 2577.3
1381460 2577.5
1381470 2578.0
1381480 2578.0
1381490 2579.0
1381500 2580.6
1381510 2580.6
1381520 2581.9
1381530 2582.4
1381540 2582.4
1381550 2580.1
1381560 2576.6
1381570 2576.6
1381580 2575.5
1381590 2576.8
1381600 2576.8
1381610 2578.7
1381620 2580.7
1381630 2579.6
1381640 2579.6
1381650 2577.3
1381660 2576.4
1381670 2576.4
1381680 2575.3
1381690 2569.8
1381700 2569.8
1381710 2564.6
1381720 2560.4
1381730 2560.4
1381740 2557.3
1381750 2561.4
1381760 2561.4
1381770 2565.3
1381780 2566.4
1381790 2566.4
1381800 2565.7
1381810 2559.4
1381820 2555.8
1381830 2555.8
1381840 2555.3
1381850 2553.2
1381860 2553.2
1381870 2549.2
1381880 2546.7
1381890 2546.7
1381900 2544.1
1381910 2542.8
1381920 2542.8
1381930 2543.8
1381940 2544.5
1381950 2544.5
1381960 2543.0
1381970 2541.9
1381980 2541.9
1381990 2542.0
1382000 2545.8
1382010 2549.9
1382020 2549.9
1382030 2549.0
1382040 2544.6
1382050 2544.6
1382060 2548.1
1382070 2553.7
1382080 2553.7
1382090 2556.3
1382100 2556.3
1382110 2556.3
1382120 2554.7
1382130 2552.3
1382140 2552.3
1382150 2552.1
1382160 2550.6
1382170 2550.3
1382180 2550.3
1382190 2547.6
1382200 2550.3
1382210 2550.3
1382220 2552.3
1382230 2553.4
1382240 2553.4
1382250 2553.7
1382260 2556.4
1382270 2556.4
1382280 2559.9
1382290 2564.3
1382300 2564.3
1382310 2566.7
1382320 2567.5
1382330 2567.5
1382340 2570.9
1382350 2573.2
1382360 2571.5
1382370 2571.5
1382380 2569.9
1382390 2573.3
1382400 2573.3
1382410 2575.4
1382420 2578.1
1382430 2578.1
1382440 2579.2
1382450 2580.7
1382460 2580.7
1382470 2582.3
1382480 2582.6
1382490 2582.6
1382500 2580.2
1382510 2576.2
1382520 2576.2
1382530 2576.2
1382540 2579.0
1382550 2582.6
1382560 2582.6
1382570 2586.3
1382580 2589.2
1382590 2589.2
1382600 2589.3
1382610 2586.6
1382620 2586.6
1382630 2582.6
1382640 2580.0
1382650 2580.0
1382660 2579.2
1382670 2579.9
1382680 2579.9
1382690 2580.1
1382700 2582.5
1382710 2582.5
1382720 2586.8
1382730 2590.3
1382740 2592.1
1382750 2592.1
1382760 2596.7
1382770 2601.1
1382780 2601.1
1382790 2605.0
1382800 2608.6
1382810 2608.6
1382820 2613.5
1382830 2618.3
1382840 2618.3
1382850 2619.7
1382860 2621.0
1382870 2621.0
1382880 2622.9
1382890 2623.1
1382900 2623.1
1382910 2622.9
1382920 2623.3
1382930 2622.3
1382940 2622.3
1382950 2621.3
1382960 2623.6
1382970 2623.6
1382980 2627.0
1382990 2628.6
1383000 2628.6
1383010 2629.7
1383020 2630.9
1383030 2630.9
1383040 2631.2
1383050 2631.6
1383060 2631.6
1383070 2634.8
1383080 2638.9
1383090 2641.7
1383100 2641.7
1383110 2646.7
1383120 2651.5
1383130 2651.5
1383140 2656.5
1383150 2662.3
1383160 2662.3
1383170 2668.6
1383180 2675.0
1383190 2675.0
1383200 2681.2
1383210 2687.2
1383220 2687.2
1383230 2691.9
1383240 2696.0
1383250 2696.0
1383260 2700.6
1383270 2705.5
1383280 2710.5
1383290 2710.5
1383300 2713.9
1383310 2714.0
1383320 2714.0
1383330 2712.8
1383340 2711.4
1383350 2711.4
1383360 2709.2
1383370 2707.3
1383380 2707.3
1383390 2705.5
1383400 2705.2
1383410 2705.2
1383420 2706.2
1383430 2705.3
1383440 2705.3
1383450 2695.8
1383460 2684.9
1383470 2677.0
1383480 2677.0
1383490 2671.8
1383500 2667.1
1383510 2667.1
1383520 2662.1
1383530 2657.1
1383540 2657.1
1383550 2653.7
1383560 2650.9
1383570 2650.9
1383580 2644.8
1383590 2639.3
1383600 2639.3
1383610 2634.5
1383620 2626.8
1383630 2626.8
1383640 2618.0
1383650 2610.8
1383660 2603.7
1383670 2603.7
1383680 2595.9
1383690 2586.8
1383700 2586.8
1383710 2579.0
1383720 2570.2
1383730 2570.2
1383740 2562.0
1383750 2557.7
1383760 2557.7
1383770 2553.1
1383780 2548.1
1383790 2548.1
1383800 2540.7
1383810 2532.7
1383820 2532.7
1383830 2524.6
1383840 2515.7
1383850 2507.2
1383860 2507.2
1383870 2499.6
1383880 2493.0
1383890 2493.0
1383900 2486.5
1383910 2478.9
1383920 2478.9
1383930 2468.4
1383940 2460.6
1383950 2460.6
1383960 2451.3
1383970 2442.8
1383980 2442.8
1383990 2437.9
1384000 2429.3
1384010 2420.9
1384020 2420.9
1384030 2412.7
1384040 2404.4
1384050 2404.4
1384060 2395.5
1384070 2386.7
1384080 2386.7
1384090 2378.9
1384100 2371.0
1384110 2371.0
1384120 2362.9
1384130 2356.7
1384140 2356.7
1384150 2351.1
1384160 2346.3
1384170 2346.3
1384180 2342.2
1384190 2339.2
1384200 2337.5
1384210 2337.5
1384220 2336.0
1384230 2332.9
1384240 2332.9
1384250 2330.1
1384260 2326.9
1384270 2326.9
1384280 2321.3
1384290 2314.3
1384300 2314.3
1384310 2307.0
1384320 2299.8
1384330 2299.8
1384340 2291.8
1384350 2284.0
1384360 2284.0
1384370 2276.5
1384380 2269.5
1384390 2262.3
1384400 2262.3
1384410 2256.6
1384420 2247.0
1384430 2247.0
1384440 2237.2
1384450 2226.3
1384460 2226.3
1384470 2213.1
1384480 2199.4
1384490 2199.4
1384500 2188.8
1384510 2178.8
1384520 2178.8
1384530 2170.4
1384540 2161.9
1384550 2161.9
1384560 2153.5
1384570 2143.4
1384580 2133.9
1384590 2133.9
1384600 2123.6
1384610 2109.9
1384620 2109.9
1384630 2098.7
1384640 2089.9
1384650 2089.9
1384660 2081.9
1384670 2074.5
1384680 2074.5
1384690 2067.4
1384700 2060.8
1384710 2060.8
1384720 2054.6
1384730 2049.1
1384740 2049.1
1384750 2043.1
1384760 2035.7
1384770 2026.4
1384780 2026.4
1384790 2016.1
1384800 2006.6
1384810 2006.6
1384820 1998.7
1384830 1991.5
1384840 1991.5
1384850 1984.2
1384860 1977.4
1384870 1977.4
1384880 1970.1
1384890 1961.7
1384900 1961.7
1384910 1952.9
1384920 1946.0
1384930 1938.7
1384940 1938.7
1384950 1930.0
1384960 1921.1
1384970 1921.1
1384980 1913.2
1384990 1903.9
1385000 1903.9
1385010 1895.9
1385020 1889.8
1385030 1889.8
1385040 1883.3
1385050 1877.0
1385060 1877.0
1385070 1871.6
1385080 1865.3
1385090 1865.3
1385100 1859.2
1385110 1853.4
1385120 1847.4
1385130 1847.4
1385140 1842.1
1385150 1837.6
1385160 1837.6
1385170 1831.8
1385180 1825.6
1385190 1825.6
1385200 1818.4
1385210 1812.7
1385220 1812.7
1385230 1809.0
1385240 1807.0
1385250 1807.7
1385260 1806.5
1385270 1806.0
1385280 1806.0
1385290 1805.6
1385300 1805.1
1385310 1804.9
1385320 1804.9
1385330 1804.8
1385340 1804.5
1385350 1804.5
1385360 1804.4
1385370 1804.3
1385380 1804.3
1385390 1804.3
1385400 1804.2
1385410 1804.2
1385420 1804.0
1385430 1803.5
1385440 1803.5
1385450 1803.0
1385460 1802.6
1385470 1802.6
1385480 1802.2
1385490 1801.8
1385500 1801.1
1385510 1801.1
1385520 1800.6
1385530 1800.2
1385540 1800.2
1385550 1799.6
1385560 1798.8
1385570 1798.8
1385580 1798.3
1385590 1797.8
1385600 1797.8
1385610 1798.4
1385620 1801.0
1385630 1801.0
1385640 1805.9
1385650 1810.4
1385660 1810.4
1385670 1813.7
1385680 1815.9
1385690 1818.2
1385700 1818.2
1385710 1822.7
1385720 1826.2
1385730 1826.2
1385740 1827.9
1385750 1831.2
1385760 1831.2
1385770 1835.4
1385780 1839.8
1385790 1839.8
1385800 1842.2
1385810 1844.8
1385820 1844.8
1385830 1847.1
1385840 1849.0
1385850 1851.7
1385860 1851.7
1385870 1853.4
1385880 1853.9
1385890 1853.9
1385900 1851.9
1385910 1850.9
1385920 1850.9
1385930 1853.4
1385940 1856.3
1385950 1856.3
1385960 1860.7
1385970 1867.5
1385980 1867.5
1385990 1873.5
1386000 1875.3
1386010 1875.3
1386020 1876.7
1386030 1875.9
1386040 1873.0
1386050 1873.0
1386060 1872.1
1386070 1872.3
1386080 1872.3
1386090 1873.1
1386100 1872.9
1386110 1872.9
1386120 1870.7
1386130 1870.7
1386140 1870.7
1386150 1875.0
1386160 1883.5
1386170 1883.5
1386180 1888.3
1386190 1884.9
1386200 1884.9
1386210 1882.6
1386220 1884.4
1386230 1887.8
1386240 1887.8
1386250 1891.5
1386260 1894.7
1386270 1894.7
1386280 1897.2
1386290 1900.2
1386300 1900.2
1386310 1903.0
1386320 1906.5
1386330 1906.5
1386340 1910.5
1386350 1914.2
1386360 1914.2
1386370 1917.9
1386380 1922.4
1386390 1922.4
1386400 1926.6
1386410 1929.3
1386420 1932.6
1386430 1932.6
1386440 1936.4
1386450 1939.9
1386460 1939.9
1386470 1941.6
1386480 1943.6
1386490 1943.6
1386500 1944.3
1386510 1943.9
1386520 1943.9
1386530 1936.0
1386540 1936.5
1386550 1936.5
1386560 1936.4
1386570 1937.1
1386580 1937.1
1386590 1938.0
1386600 1939.4
1386610 1940.8
1386620 1940.8
1386630 1941.1
1386640 1941.4
1386650 1941.4
1386660 1941.0
1386670 1940.9
1386680 1940.9
1386690 1941.0
1386700 1939.3
1386710 1939.3
1386720 1936.9
1386730 1937.9
1386740 1937.9
1386750 1937.2
1386760 1937.1
1386770 1938.1
1386780 1938.1
1386790 1937.7
1386800 1936.7
1386810 1936.7
1386820 1936.1
1386830 1935.7
1386840 1935.7
1386850 1935.2
1386860 1933.2
1386870 1933.2
1386880 1932.3
1386890 1933.0
1386900 1933.0
1386910 1934.8
1386920 1934.8
1386930 1934.8
1386940 1934.0
1386950 1935.3
1386960 1936.0
1386970 1936.0
1386980 1936.6
1386990 1936.4
1387000 1936.4
1387010 1931.7
1387020 1928.0
1387030 1928.0
1387040 1933.7
1387050 1939.0
1387060 1939.0
1387070 1940.0
1387080 1940.9
1387090 1940.9
1387100 1942.3
1387110 1942.8
1387120 1942.8
1387130 1942.7
1387140 1942.2
1387150 1940.4
1387160 1940.4
1387170 1939.8
1387180 1940.4
1387190 1940.4
1387200 1939.1
1387210 1933.8
1387220 1933.8
1387230 1928.1
1387240 1928.0
1387250 1928.0
1387260 1925.9
1387270 1929.9
1387280 1929.9
1387290 1938.1
1387300 1939.1
1387310 1939.1
1387320 1937.6
1387330 1938.5
1387340 1941.0
1387350 1941.0
1387360 1946.4
1387370 1952.7
1387380 1952.7
1387390 1958.0
1387400 1958.3
1387410 1958.3
1387420 1956.8
1387430 1958.6
1387440 1958.6
1387450 1961.4
1387460 1962.3
1387470 1962.3
1387480 1959.7
1387490 1956.6
1387500 1956.6
1387510 1952.1
1387520 1949.2
1387530 1955.1
1387540 1955.1
1387550 1961.3
1387560 1965.9
1387570 1965.9
1387580 1967.9
1387590 1968.0
1387600 1968.0
1387610 1971.1
1387620 1971.2
1387630 1971.2
1387640 1969.8
1387650 1968.0
1387660 1968.0
1387670 1971.4
1387680 1978.8
1387690 1985.4
1387700 1985.4
1387710 1991.6
1387720 1996.8
1387730 1996.8
1387740 2002.1
1387750 2007.6
1387760 2007.6
1387770 2012.6
1387780 2017.2
1387790 2017.2
1387800 2021.5
1387810 2025.5
1387820 2023.0
1387830 2026.6
1387840 2030.4
1387850 2030.4
1387860 2033.9
1387870 2036.6
1387880 2039.2
1387890 2039.2
1387900 2042.1
1387910 2045.1
1387920 2045.1
1387930 2048.7
1387940 2052.6
1387950 2052.6
1387960 2055.5
1387970 2059.4
1387980 2059.4
1387990 2065.2
1388000 2070.6
1388010 2070.6
1388020 2075.7
1388030 2080.8
1388040 2080.8
1388050 2084.8
1388060 2088.2
1388070 2091.5
1388080 2091.5
1388090 2095.1
1388100 2097.0
1388110 2097.0
1388120 2098.5
1388130 2100.3
1388140 2100.3
1388150 2102.2
1388160 2104.6
1388170 2104.6
1388180 2107.4
1388190 2110.6
1388200 2110.6
1388210 2113.9
1388220 2117.1
1388230 2117.1
1388240 2121.4
1388250 2126.4
1388260 2130.0
1388270 2130.0
1388280 2133.7
1388290 2138.0
1388300 2138.0
1388310 2141.5
1388320 2144.9
1388330 2144.9
1388340 2148.6
1388350 2152.9
1388360 2152.9
1388370 2157.6
1388380 2162.5
1388390 2162.5
1388400 2167.6
1388410 2172.4
1388420 2172.4
1388430 2176.6
1388440 2181.0
1388450 2185.5
1388460 2185.5
1388470 2190.1
1388480 2194.9
1388490 2194.9
1388500 2199.5
1388510 2204.4
1388520 2204.4
1388530 2208.7
1388540 2213.2
1388550 2213.2
1388560 2218.2
1388570 2223.6
1388580 2223.6
1388590 2229.7
1388600 2236.4
1388610 2243.0
1388620 2243.0
1388630 2248.4
1388640 2253.2
1388650 2253.2
1388660 2257.4
1388670 2260.9
1388680 2260.9
1388690 2265.6
1388700 2271.1
1388710 2271.1
1388720 2275.9
1388730 2279.9
1388740 2279.9
1388750 2282.9
1388760 2287.5
1388770 2287.5
1388780 2292.8
1388790 2296.7
1388800 2299.3
1388810 2299.3
1388820 2301.1
1388830 2303.3
1388840 2303.3
1388850 2305.3
1388860 2307.1
1388870 2307.1
1388880 2309.0
1388890 2310.6
1388900 2310.6
1388910 2312.4
1388920 2315.6
1388930 2315.6
1388940 2320.1
1388950 2324.9
1388960 2324.9
1388970 2327.8
1388980 2329.9
1388990 2332.7
1389000 2332.7
1389010 2334.9
1389020 2337.7
1389030 2337.7
1389040 2339.8
1389050 2343.7
1389060 2343.7
1389070 2349.1
1389080 2355.3
1389090 2355.3
1389100 2362.0
1389110 2368.9
1389120 2368.9
1389130 2376.3
1389140 2388.5
1389150 2388.5
1389160 2396.5
1389170 2405.1
1389180 2413.2
1389190 2413.2
1389200 2421.0
1389210 2428.6
1389220 2428.6
1389230 2434.4
1389240 2442.8
1389250 2442.8
1389260 2455.0
1389270 2469.9
1389280 2469.9
1389290 2483.9
1389300 2496.7
1389310 2496.7
1389320 2511.4
1389330 2524.9
1389340 2524.9
1389350 2537.0
1389360 2545.9
1389370 2551.9
1389380 2551.9
1389390 2551.8
1389400 2554.6
1389410 2554.6
1389420 2560.8
1389430 2561.6
1389440 2561.6
1389450 2562.4
1389460 2565.4
1389470 2565.4
1389480 2567.9
1389490 2571.8
1389500 2571.8
1389510 2578.9
1389520 2586.7
1389530 2592.0
1389540 2592.0
1389550 2593.1
1389560 2591.7
1389570 2591.7
1389580 2591.4
1389590 2593.0
1389600 2593.0
1389610 2594.5
1389620 2597.2
1389630 2597.2
1389640 2600.2
1389650 2604.9
1389660 2604.9
1389670 2610.2
1389680 2614.5
1389690 2614.5
1389700 2617.2
1389710 2619.1
1389720 2621.0
1389730 2621.0
1389740 2621.4
1389750 2623.6
1389760 2623.6
1389770 2629.6
1389780 2637.0
1389790 2637.0
1389800 2644.7
1389810 2648.0
1389820 2648.0
1389830 2648.9
1389840 2651.8
1389850 2651.8
1389860 2657.3
1389870 2664.6
1389880 2664.6
1389890 2671.8
1389900 2681.1
1389910 2690.8
1389920 2690.8
1389930 2700.5
1389940 2710.1
1389950 2710.1
1389960 2718.7
1389970 2725.3
1389980 2725.3
1389990 2730.5
1390000 2735.1
1390010 2735.1
1390020 2740.0
1390030 2745.0
1390040 2745.0
1390050 2750.4
1390060 2756.1
1390070 2756.1
1390080 2761.7
1390090 2767.3
1390100 2771.7
1390110 2771.7
1390120 2777.7
1390130 2788.8
1390140 2788.8
1390150 2792.3
1390160 2792.2
1390170 2792.2
1390180 2793.3
1390190 2801.3
1390200 2801.3
1390210 2802.7
1390220 2806.8
1390230 2806.8
1390240 2815.3
1390250 2812.2
1390260 2812.2
1390270 2814.2
1390280 2816.5
1390290 2814.2
1390300 2814.2
1390310 2815.3
1390320 2810.8
1390330 2810.8
1390340 2804.8
1390350 2805.1
1390360 2805.1
1390370 2805.0
1390380 2798.4
1390390 2798.4
1390400 2799.3
1390410 2799.2
1390420 2799.2
1390430 2795.5
1390440 2792.8
1390450 2791.6
1390460 2791.6
1390470 2785.4
1390480 2787.4
1390490 2787.4
1390500 2784.4
1390510 2778.9
1390520 2778.9
1390530 2778.3
1390540 2775.1
1390550 2775.1
1390560 2770.0
1390570 2771.5
1390580 2771.5
1390590 2776.7
1390600 2783.0
1390610 2783.0
1390620 2784.3
1390630 2785.9
1390640 2782.8
1390650 2782.8
1390660 2775.7
1390670 2773.3
1390680 2773.3
1390690 2773.2
1390700 2783.2
1390710 2783.2
1390720 2785.0
1390730 2780.9
1390740 2780.9
1390750 2781.2
1390760 2777.5
1390770 2777.5
1390780 2769.7
1390790 2761.7
1390800 2761.7
1390810 2754.1
1390820 2748.5
1390830 2743.9
1390840 2743.9
1390850 2742.1
1390860 2741.1
1390870 2741.1
1390880 2738.3
1390890 2735.0
1390900 2735.0
1390910 2731.9
1390920 2723.4
1390930 2723.4
1390940 2713.9
1390950 2706.2
1390960 2706.2
1390970 2700.6
1390980 2694.5
1390990 2694.5
1391000 2685.6
1391010 2675.2
1391020 2664.5
1391030 2664.5
1391040 2657.5
1391050 2652.7
1391060 2652.7
1391070 2647.5
1391080 2641.8
1391090 2641.8
1391100 2635.0
1391110 2628.4
1391120 2628.4
1391130 2625.4
1391140 2622.6
1391150 2622.6
1391160 2620.0
1391170 2614.2
1391180 2614.2
1391190 2607.7
1391200 2604.4
1391210 2601.6
1391220 2601.6
1391230 2597.0
1391240 2593.1
1391250 2593.1
1391260 2591.6
1391270 2588.9
1391280 2588.9
1391290 2588.4
1391300 2589.7
1391310 2589.7
1391320 2590.5
1391330 2591.2
1391340 2591.2
1391350 2591.1
1391360 2591.2
1391370 2592.1
1391380 2592.1
1391390 2592.7
1391400 2593.2
1391410 2593.2
1391420 2592.7
1391430 2592.9
1391440 2592.9
1391450 2594.5
1391460 2596.1
1391470 2596.1
1391480 2597.2
1391490 2597.3
1391500 2597.3
1391510 2598.2
1391520 2600.6
1391530 2600.6
1391540 2603.3
1391550 2605.0
1391560 2605.5
1391570 2605.5
1391580 2606.0
1391590 2607.2
1391600 2607.2
1391610 2608.0
1391620 2608.6
1391630 2608.6
1391640 2609.6
1391650 2612.5
1391660 2612.5
1391670 2621.6
1391680 2635.5
1391690 2635.5
1391700 2645.7
1391710 2653.3
1391720 2653.3
1391730 2658.7
1391740 2661.5
1391750 2662.7
1391760 2662.7
1391770 2665.6
1391780 2670.9
1391790 2670.9
1391800 2674.9
1391810 2676.7
1391820 2682.2
1391830 2684.7
1391840 2686.9
1391850 2686.9
1391860 2689.3
1391870 2695.8
1391880 2695.8
1391890 2702.1
1391900 2715.5
1391910 2715.5
1391920 2729.6
1391930 2735.2
1391940 2739.2
1391950 2739.2
1391960 2742.3
1391970 2746.0
1391980 2746.0
1391990 2750.2
1392000 2752.2
1392010 2752.2
1392020 2756.6
1392030 2759.5
1392040 2759.5
1392050 2754.0
1392060 2748.4
1392070 2748.4
1392080 2748.2
1392090 2753.0
1392100 2753.0
1392110 2756.5
1392120 2757.4
1392130 2754.0
1392140 2754.0
1392150 2749.1
1392160 2749.7
1392170 2749.7
1392180 2746.4
1392190 2748.5
1392200 2748.5
1392210 2758.5
1392220 2767.5
1392230 2767.5
1392240 2775.7
1392250 2778.0
1392260 2778.0
1392270 2776.9
1392280 2770.1
1392290 2766.8
1392300 2766.8
1392310 2764.5
1392320 2766.1
1392330 2766.1
1392340 2770.6
1392350 2775.9
1392360 2775.9
1392370 2778.0
1392380 2772.5
1392390 2772.5
1392400 2763.4
1392410 2754.5
1392420 2754.5
1392430 2753.1
1392440 2755.3
1392450 2755.3
1392460 2762.0
1392470 2771.7
1392480 2781.4
1392490 2781.4
1392500 2787.1
1392510 2789.6
1392520 2789.6
1392530 2787.6
1392540 2785.6
1392550 2785.6
1392560 2781.9
1392570 2777.1
1392580 2777.1
1392590 2770.9
1392600 2764.2
1392610 2764.2
1392620 2757.7
1392630 2749.4
1392640 2749.4
1392650 2741.3
1392660 2735.9
1392670 2732.0
1392680 2732.0
1392690 2729.1
1392700 2725.9
1392710 2725.9
1392720 2724.0
1392730 2723.2
1392740 2723.2
1392750 2722.5
1392760 2720.9
1392770 2720.9
1392780 2719.1
1392790 2716.4
1392800 2716.4
1392810 2714.6
1392820 2712.7
1392830 2712.7
1392840 2708.0
1392850 2700.9
1392860 2695.9
1392870 2695.9
1392880 2692.7
1392890 2690.3
1392900 2690.3
1392910 2688.0
1392920 2683.7
1392930 2683.7
1392940 2677.1
1392950 2667.6
1392960 2667.6
1392970 2654.7
1392980 2644.0
1392990 2644.0
1393000 2636.8
1393010 2628.7
1393020 2628.7
1393030 2619.0
1393040 2611.2
1393050 2605.5
1393060 2605.5
1393070 2600.9
1393080 2597.1
1393090 2597.1
1393100 2593.8
1393110 2591.0
1393120 2591.0
1393130 2589.0
1393140 2587.2
1393150 2587.2
1393160 2584.0
1393170 2582.1
1393180 2582.1
1393190 2583.2
1393200 2583.2
1393210 2582.5
1393220 2582.5
1393230 2581.3
1393240 2579.8
1393250 2579.8
1393260 2578.5
1393270 2573.3
1393280 2573.3
1393290 2570.1
1393300 2569.5
1393310 2569.5
1393320 2568.3
1393330 2564.4
1393340 2564.4
1393350 2563.5
1393360 2564.1
1393370 2564.1
1393380 2563.0
1393390 2560.2
1393400 2558.9
1393410 2558.9
1393420 2559.3
1393430 2560.4
1393440 2560.4
1393450 2560.5
1393460 2559.9
1393470 2559.9
1393480 2558.9
1393490 2557.0
1393500 2557.0
1393510 2555.4
1393520 2554.1
1393530 2554.1
1393540 2553.1
1393550 2552.7
1393560 2552.7
1393570 2552.7
1393580 2553.2
1393590 2553.3
1393600 2553.3
1393610 2553.7
1393620 2553.6
1393630 2553.6
1393640 2552.6
1393650 2551.5
1393660 2551.5
1393670 2548.3
1393680 2544.3
1393690 2544.3
1393700 2540.9
1393710 2536.5
1393720 2536.5
1393730 2533.2
1393740 2529.0
1393750 2529.0
1393760 2522.9
1393770 2515.2
1393780 2506.0
1393790 2506.0
1393800 2499.7
1393810 2497.8
1393820 2497.8
1393830 2498.5
1393840 2497.1
1393850 2497.1
1393860 2492.1
1393870 2488.1
1393880 2488.1
1393890 2486.1
1393900 2486.1
1393910 2486.1
1393920 2486.5
1393930 2485.8
1393940 2485.8
1393950 2484.1
1393960 2482.3
1393970 2480.4
1393980 2480.4
1393990 2475.0
1394000 2469.2
1394010 2469.2
1394020 2461.5
1394030 2455.7
1394040 2455.7
1394050 2453.4
1394060 2450.4
1394070 2450.4
1394080 2446.5
1394090 2443.5
1394100 2443.5
1394110 2441.6
1394120 2439.1
1394130 2436.6
1394140 2436.6
1394150 2433.2
1394160 2429.7
1394170 2429.7
1394180 2426.1
1394190 2424.4
1394200 2424.4
1394210 2422.4
1394220 2419.1
1394230 2419.1
1394240 2416.2
1394250 2414.1
1394260 2414.1
1394270 2413.2
1394280 2412.6
1394290 2412.6
1394300 2411.2
1394310 2409.9
1394320 2408.9
1394330 2408.9
1394340 2407.4
1394350 2404.8
1394360 2404.8
1394370 2403.5
1394380 2402.8
1394390 2402.8
1394400 2401.7
1394410 2401.8
1394420 2401.8
1394430 2401.8
1394440 2400.4
1394450 2400.4
1394460 2400.6
1394470 2399.7
1394480 2399.7
1394490 2398.2
1394500 2397.3
1394510 2397.3
1394520 2397.3
1394530 2397.7
1394540 2396.8
1394550 2396.8
1394560 2394.8
1394570 2393.6
1394580 2392.1
1394590 2391.4
1394600 2389.8
1394610 2389.8
1394620 2387.3
1394630 2384.7
1394640 2384.7
1394650 2382.9
1394660 2380.4
1394670 2380.4
1394680 2376.1
1394690 2372.6
1394700 2371.1
1394710 2371.1
1394720 2369.4
1394730 2367.8
1394740 2367.8
1394750 2366.3
1394760 2364.3
1394770 2364.3
1394780 2362.0
1394790 2361.1
1394800 2361.1
1394810 2361.5
1394820 2361.2
1394830 2361.2
1394840 2360.6
1394850 2359.6
1394860 2359.6
1394870 2358.7
1394880 2358.1
1394890 2357.7
1394900 2357.7
1394910 2357.4
1394920 2357.2
1394930 2357.2
1394940 2357.0
1394950 2357.4
1394960 2357.4
1394970 2358.6
1394980 2361.0
1394990 2361.0
1395000 2362.2
1395010 2363.1
1395020 2363.1
1395030 2364.1
1395040 2365.7
1395050 2367.6
1395060 2367.6
1395070 2370.2
1395080 2373.9
1395090 2373.9
1395100 2378.1
1395110 2383.0
1395120 2383.0
1395130 2387.0
1395140 2392.2
1395150 2392.2
1395160 2397.0
1395170 2401.6
1395180 2401.6
1395190 2409.3
1395200 2413.2
1395210 2413.2
1395220 2417.8
1395230 2423.7
1395240 2429.3
1395250 2429.3
1395260 2435.7
1395270 2441.8
1395280 2441.8
1395290 2445.1
1395300 2448.6
1395310 2448.6
1395320 2452.1
1395330 2454.7
1395340 2454.7
1395350 2456.2
1395360 2459.2
1395370 2459.2
1395380 2462.4
1395390 2464.4
1395400 2464.4
1395410 2467.6
1395420 2472.7
1395430 2479.7
1395440 2479.7
1395450 2486.0
1395460 2490.6
1395470 2490.6
1395480 2495.8
1395490 2499.7
1395500 2499.7
1395510 2502.1
1395520 2503.4
1395530 2503.4
1395540 2505.5
1395550 2508.9
1395560 2508.9
1395570 2512.8
1395580 2516.0
1395590 2516.0
1395600 2519.1
1395610 2523.4
1395620 2528.8
1395630 2528.8
1395640 2534.6
1395650 2541.2
1395660 2541.2
1395670 2548.6
1395680 2556.3
1395690 2556.3
1395700 2564.8
1395710 2573.4
1395720 2573.4
1395730 2580.8
1395740 2586.3
1395750 2586.3
1395760 2590.9
1395770 2594.4
1395780 2594.4
1395790 2594.9
1395800 2599.2
1395810 2605.0
1395820 2605.0
1395830 2611.1
1395840 2617.6
1395850 2617.6
1395860 2624.3
1395870 2631.8
1395880 2631.8
1395890 2640.2
1395900 2641.4
1395910 2641.4
1395920 2635.3
1395930 2628.8
1395940 2628.8
1395950 2622.7
1395960 2616.8
1395970 2609.4
1395980 2609.4
1395990 2600.8
1396000 2593.1
1396010 2593.1
1396020 2583.7
1396030 2575.7
1396040 2575.7
1396050 2569.0
1396060 2562.8
1396070 2562.8
1396080 2558.3
1396090 2555.5
1396100 2555.5
1396110 2554.5
1396120 2551.7
1396130 2551.7
1396140 2548.3
1396150 2545.5
1396160 2536.3
1396170 2536.3
1396180 2526.5
1396190 2514.9
1396200 2514.9
1396210 2506.7
1396220 2500.2
1396230 2500.2
1396240 2494.4
1396250 2489.9
1396260 2489.9
1396270 2486.4
1396280 2483.7
1396290 2483.7
1396300 2482.6
1396310 2481.0
1396320 2481.0
1396330 2478.5
1396340 2476.6
1396350 2474.3
1396360 2474.3
1396370 2473.0
1396380 2473.2
1396390 2473.2
1396400 2472.9
1396410 2471.2
1396420 2471.2
1396430 2469.2
1396440 2465.7
1396450 2465.7
1396460 2460.9
1396470 2455.3
1396480 2455.3
1396490 2450.7
1396500 2446.8
1396510 2446.8
1396520 2442.7
1396530 2438.0
1396540 2433.8
1396550 2433.8
1396560 2432.0
1396570 2431.2
1396580 2431.2
1396590 2430.6
1396600 2430.0
1396610 2430.0
1396620 2429.7
1396630 2429.6
1396640 2429.6
1396650 2429.3
1396660 2428.7
1396670 2428.7
1396680 2428.2
1396690 2427.9
1396700 2427.9
1396710 2427.6
1396720 2427.3
1396730 2426.9
1396740 2426.9
1396750 2426.2
1396760 2425.0
1396770 2425.0
1396780 2422.7
1396790 2420.8
1396800 2420.8
1396810 2419.8
1396820 2419.7
1396830 2419.7
1396840 2419.0
1396850 2418.6
1396860 2418.6
1396870 2419.7
1396880 2422.3
1396890 2425.4
1396900 2425.4
1396910 2427.6
1396920 2428.1
1396930 2428.1
1396940 2428.1
1396950 2428.1
1396960 2428.1
1396970 2427.2
1396980 2425.5
1396990 2425.5
1397000 2424.5
1397010 2423.0
1397020 2423.0
1397030 2419.9
1397040 2415.4
1397050 2415.4
1397060 2407.4
1397070 2398.8
1397080 2392.4
1397090 2392.4
1397100 2378.5
1397110 2360.7
1397120 2360.7
1397130 2344.7
1397140 2330.6
1397150 2330.6
1397160 2319.4
1397170 2311.2
1397180 2311.2
1397190 2304.8
1397200 2299.4
1397210 2299.4
1397220 2296.0
1397230 2292.4
1397240 2292.4
1397250 2288.4
1397260 2284.5
1397270 2280.7
1397280 2280.7
1397290 2277.0
1397300 2273.3
1397310 2273.3
1397320 2268.1
1397330 2264.0
1397340 2264.0
1397350 2261.2
1397360 2259.7
1397370 2259.7
1397380 2258.7
1397390 2258.0
1397400 2258.0
1397410 2256.8
1397420 2254.6
1397430 2254.6
1397440 2248.6
1397450 2245.1
1397460 2242.1
1397470 2242.1
1397480 2238.6
1397490 2232.6
1397500 2232.6
1397510 2222.3
1397520 2205.6
1397530 2205.6
1397540 2198.5
1397550 2199.6
1397560 2199.6
1397570 2201.8
1397580 2203.1
1397590 2203.1
1397600 2205.8
1397610 2201.9
1397620 2201.9
1397630 2197.0
1397640 2190.8
1397650 2184.3
1397660 2184.3
1397670 2176.8
1397680 2172.2
1397690 2172.2
1397700 2169.2
1397710 2165.7
1397720 2165.7
1397730 2161.9
1397740 2156.7
1397750 2156.7
1397760 2147.0
1397770 2138.0
1397780 2138.0
1397790 2131.9
1397800 2127.0
1397810 2123.0
1397820 2123.0
1397830 2119.6
1397840 2116.5
1397850 2116.5
1397860 2113.4
1397870 2109.9
1397880 2109.9
1397890 2106.4
1397900 2103.1
1397910 2103.1
1397920 2100.0
1397930 2097.4
1397940 2097.4
1397950 2095.3
1397960 2092.6
1397970 2092.6
1397980 2089.9
1397990 2087.5
1398000 2085.2
1398010 2085.2
1398020 2082.8
1398030 2080.7
1398040 2080.7
1398050 2078.1
1398060 2074.4
1398070 2074.4
1398080 2070.2
1398090 2066.1
1398100 2066.1
1398110 2062.2
1398120 2058.8
1398130 2058.8
1398140 2052.9
1398150 2047.6
1398160 2047.6
1398170 2043.7
1398180 2039.6
1398190 2036.8
1398200 2036.8
1398210 2032.7
1398220 2034.0
1398230 2034.0
1398240 2037.8
1398250 2039.4
1398260 2039.4
1398270 2042.5
1398280 2043.3
1398290 2043.3
1398300 2042.6
1398310 2041.5
1398320 2041.5
1398330 2040.6
1398340 2039.6
1398350 2039.6
1398360 2039.9
1398370 2040.0
1398380 2040.1
1398390 2040.1
1398400 2039.3
1398410 2038.8
1398420 2038.8
1398430 2038.4
1398440 2038.0
1398450 2038.0
1398460 2038.2
1398470 2037.5
1398480 2037.5
1398490 2036.0
1398500 2034.3
1398510 2034.3
1398520 2032.6
1398530 2031.1
1398540 2031.1
1398550 2029.4
1398560 2028.0
1398570 2026.5
1398580 2026.5
1398590 2023.9
1398600 2020.6
1398610 2020.6
1398620 2017.1
1398630 2013.6
1398640 2013.6
1398650 2013.1
1398660 2014.0
1398670 2014.0
1398680 2012.4
1398690 2009.5
1398700 2009.5
1398710 2007.0
1398720 2003.4
1398730 1997.9
1398740 1997.9
1398750 1993.7
1398760 1991.0
1398770 1991.0
1398780 1987.6
1398790 1984.1
1398800 1984.1
1398810 1980.8
1398820 1977.0
1398830 1977.0
1398840 1972.8
1398850 1968.4
1398860 1968.4
1398870 1964.4
1398880 1961.1
1398890 1961.1
1398900 1953.8
1398910 1951.4
1398920 1949.3
1398930 1949.3
1398940 1946.6
1398950 1944.0
1398960 1944.0
1398970 1941.9
1398980 1940.4
1398990 1940.4
1399000 1938.6
1399010 1937.2
1399020 1937.2
1399030 1935.0
1399040 1932.5
1399050 1932.5
1399060 1929.8
1399070 1927.3
1399080 1927.3
1399090 1925.3
1399100 1923.1
1399110 1921.0
1399120 1921.0
1399130 1918.7
1399140 1916.7
1399150 1916.7
1399160 1915.3
1399170 1913.6
1399180 1913.6
1399190 1911.5
1399200 1909.5
1399210 1909.5
1399220 1907.1
1399230 1904.5
1399240 1904.5
1399250 1901.6
1399260 1898.6
1399270 1898.6
1399280 1896.1
1399290 1893.4
1399300 1892.0
1399310 1892.0
1399320 1895.5
1399330 1896.6
1399340 1896.6
1399350 1895.7
1399360 1895.3
1399370 1895.3
1399380 1894.4
1399390 1893.3
1399400 1893.3
1399410 1892.5
1399420 1892.7
1399430 1892.7
1399440 1893.0
1399450 1893.1
1399460 1893.1
1399470 1892.9
1399480 1892.3
1399490 1892.0
1399500 1892.0
1399510 1891.8
1399520 1891.1
1399530 1891.1
1399540 1890.2
1399550 1888.9
1399560 1888.9
1399570 1887.4
1399580 1886.5
1399590 1886.5
1399600 1886.0
1399610 1885.8
1399620 1885.8
1399630 1886.0
1399640 1887.2
1399650 1887.8
1399660 1887.8
1399670 1888.1
1399680 1889.1
1399690 1889.1
1399700 1890.0
1399710 1890.3
1399720 1890.3
1399730 1889.5
1399740 1887.1
1399750 1887.1
1399760 1882.5
1399770 1877.6
1399780 1877.6
1399790 1873.1
1399800 1872.6
1399810 1872.6
1399820 1874.0
1399830 1875.4
1399840 1876.7
1399850 1876.7
1399860 1877.5
1399870 1878.3
1399880 1878.3
1399890 1877.4
1399900 1879.3
1399910 1879.3
1399920 1883.1
1399930 1885.9
1399940 1885.9
1399950 1887.5
1399960 1892.0
1399970 1892.0
1399980 1895.7
1399990 1900.5
