1380000 2723.8
1380010 2716.0
1380020 2710.4
1380030 2710.4
1380040 2709.0
1380050 2708.9
1380060 2708.8
1380070 2708.8
1380080 2708.7
1380090 2708.8
1380100 2708.8
1380110 2708.8
1380120 2708.8
1380130 2708.8
1380140 2709.6
1380150 2712.4
1380160 2712.4
1380170 2716.0
1380180 2717.5
1380190 2717.5
1380200 2714.6
1380210 2709.2
1380220 2709.2
1380230 2702.5
1380240 2695.6
1380250 2688.0
1380260 2688.0
1380270 2684.7
1380280 2682.1
1380290 2682.1
1380300 2680.6
1380310 2677.1
1380320 2677.1
1380330 2671.5
1380340 2667.0
1380350 2667.0
1380360 2661.0
1380370 2659.7
1380380 2659.7
1380390 2655.3
1380400 2651.5
1380410 2651.5
1380420 2643.8
1380430 2633.8
1380440 2628.1
1380450 2628.1
1380460 2624.8
1380470 2620.5
1380480 2620.5
1380490 2617.8
1380500 2614.2
1380510 2614.2
1380520 2608.2
1380530 2602.2
1380540 2602.2
1380550 2596.4
1380560 2595.1
1380570 2595.1
1380580 2589.6
1380590 2584.6
1380600 2584.6
1380610 2580.1
1380620 2575.7
1380630 2571.9
1380640 2571.9
1380650 2570.5
1380660 2570.2
1380670 2570.2
1380680 2570.0
1380690 2568.2
1380700 2568.2
1380710 2567.1
1380720 2566.7
1380730 2566.7
1380740 2566.3
1380750 2566.0
1380760 2566.0
1380770 2565.9
1380780 2566.1
1380790 2566.1
1380800 2566.7
1380810 2567.9
1380820 2571.1
1380830 2571.1
1380840 2573.4
1380850 2575.6
1380860 2575.6
1380870 2578.8
1380880 2581.8
1380890 2581.8
1380900 2584.0
1380910 2585.7
1380920 2585.7
1380930 2585.2
1380940 2581.6
1380950 2581.6
1380960 2577.4
1380970 2574.1
1380980 2567.7
1380990 2567.7
1381000 2560.0
1381010 2553.2
1381020 2553.2
1381030 2544.5
1381040 2537.9
1381050 2537.9
1381060 2533.3
1381070 2531.0
1381080 2531.0
1381090 2528.5
1381100 2526.3
1381110 2526.3
1381120 2525.1
1381130 2523.0
1381140 2523.0
1381150 2520.8
1381160 2520.0
1381170 2519.1
1381180 2519.1
1381190 2511.9
1381200 2508.0
1381210 2508.0
1381220 2504.1
1381230 2487.8
1381240 2487.8
1381250 2474.4
1381260 2470.1
1381270 2470.1
1381280 2463.4
1381290 2456.5
1381300 2456.5
1381310 2451.4
1381320 2451.1
1381330 2451.1
1381340 2449.9
1381350 2447.6
1381360 2447.8
1381370 2447.8
1381380 2447.6
1381390 2448.0
1381400 2448.0
1381410 2443.1
1381420 2436.0
1381430 2436.0
1381440 2431.1
1381450 2427.9
1381460 2427.9
1381470 2425.9
1381480 2422.4
1381490 2422.4
1381500 2423.0
1381510 2414.8
1381520 2414.8
1381530 2408.9
1381540 2406.4
1381550 2406.9
1381560 2406.9
1381570 2408.2
1381580 2405.2
1381590 2405.2
1381600 2402.2
1381610 2399.7
1381620 2399.7
1381630 2391.8
1381640 2384.6
1381650 2384.6
1381660 2381.0
1381670 2376.8
1381680 2376.8
1381690 2372.7
1381700 2370.8
1381710 2370.8
1381720 2370.0
1381730 2369.5
1381740 2368.5
1381750 2368.5
1381760 2367.8
1381770 2367.6
1381780 2366.6
1381790 2366.1
1381800 2365.5
1381810 2365.5
1381820 2365.1
1381830 2364.9
1381840 2364.9
1381850 2365.8
1381860 2368.1
1381870 2368.1
1381880 2369.2
1381890 2368.0
1381900 2368.0
1381910 2364.9
1381920 2358.3
1381930 2343.6
1381940 2343.6
1381950 2333.7
1381960 2327.6
1381970 2327.6
1381980 2317.4
1381990 2306.5
1382000 2306.5
1382010 2298.4
1382020 2291.2
1382030 2291.2
1382040 2282.2
1382050 2272.7
1382060 2272.7
1382070 2260.6
1382080 2250.2
1382090 2240.4
1382100 2240.4
1382110 2227.6
1382120 2213.1
1382130 2213.1
1382140 2201.3
1382150 2191.8
1382160 2191.8
1382170 2182.3
1382180 2177.1
1382190 2177.1
1382200 2171.9
1382210 2167.4
1382220 2167.4
1382230 2163.4
1382240 2159.3
1382250 2159.3
1382260 2155.1
1382270 2153.7
1382280 2153.9
1382290 2153.9
1382300 2152.3
1382310 2149.5
1382320 2149.5
1382330 2146.9
1382340 2144.0
1382350 2144.0
1382360 2141.1
1382370 2138.3
1382380 2138.3
1382390 2135.6
1382400 2133.0
1382410 2133.0
1382420 2130.0
1382430 2128.0
1382440 2128.0
1382450 2125.7
1382460 2123.8
1382470 2122.6
1382480 2122.6
1382490 2122.2
1382500 2120.9
1382510 2120.9
1382520 2119.8
1382530 2118.4
1382540 2118.4
1382550 2116.5
1382560 2115.0
1382570 2115.0
1382580 2113.2
1382590 2110.8
1382600 2110.8
1382610 2108.7
1382620 2108.5
1382630 2108.5
1382640 2108.5
1382650 2106.1
1382660 2106.5
1382670 2106.5
1382680 2108.6
1382690 2109.0
1382700 2109.0
1382710 2109.1
1382720 2109.3
1382730 2109.3
1382740 2109.8
1382750 2110.9
1382760 2110.9
1382770 2111.9
1382780 2113.0
1382790 2113.0
1382800 2113.4
1382810 2112.1
1382820 2112.1
1382830 2109.8
1382840 2107.0
1382850 2104.5
1382860 2104.5
1382870 2105.5
1382880 2106.0
1382890 2106.0
1382900 2106.5
1382910 2108.6
1382920 2108.6
1382930 2111.1
1382940 2112.0
1382950 2112.0
1382960 2111.1
1382970 2109.3
1382980 2109.3
1382990 2107.7
1383000 2105.2
1383010 2105.2
1383020 2101.7
1383030 2101.4
1383040 2101.1
1383050 2101.1
1383060 2099.3
1383070 2098.5
1383080 2098.5
1383090 2097.3
1383100 2093.1
1383110 2093.1
1383120 2089.0
1383130 2084.5
1383140 2084.5
1383150 2080.4
1383160 2077.0
1383170 2077.0
1383180 2075.2
1383190 2074.0
1383200 2074.0
1383210 2068.8
1383220 2061.1
1383230 2052.9
1383240 2052.9
1383250 2040.4
1383260 2031.5
1383270 2031.5
1383280 2027.0
1383290 2023.7
1383300 2023.7
1383310 2021.9
1383320 2020.3
1383330 2020.3
1383340 2019.2
1383350 2018.6
1383360 2018.6
1383370 2019.1
1383380 2018.9
1383390 2018.4
1383400 2018.4
1383410 2013.3
1383420 2005.2
1383430 2005.2
1383440 1998.7
1383450 1990.7
1383460 1990.7
1383470 1981.0
1383480 1973.3
1383490 1973.3
1383500 1968.3
1383510 1962.7
1383520 1962.7
1383530 1957.5
1383540 1952.8
1383550 1952.8
1383560 1943.7
1383570 1935.6
1383580 1929.9
1383590 1929.9
1383600 1923.2
1383610 1920.5
1383620 1920.5
1383630 1922.0
1383640 1922.3
1383650 1922.3
1383660 1922.8
1383670 1922.5
1383680 1922.5
1383690 1922.2
1383700 1922.3
1383710 1922.3
1383720 1924.6
1383730 1924.2
1383740 1924.2
1383750 1923.2
1383760 1922.8
1383770 1922.3
1383780 1922.3
1383790 1921.7
1383800 1922.0
1383810 1922.0
1383820 1921.2
1383830 1919.9
1383840 1919.9
1383850 1918.5
1383860 1916.9
1383870 1916.9
1383880 1915.5
1383890 1914.4
1383900 1914.4
1383910 1912.3
1383920 1910.0
1383930 1910.0
1383940 1908.0
1383950 1906.1
1383960 1903.0
1383970 1903.0
1383980 1897.8
1383990 1895.6
1384000 1895.6
1384010 1895.1
1384020 1894.6
1384030 1894.6
1384040 1893.9
1384050 1892.4
1384060 1892.4
1384070 1891.1
1384080 1890.1
1384090 1890.1
1384100 1889.5
1384110 1889.2
1384120 1889.2
1384130 1888.4
1384140 1887.6
1384150 1887.7
1384160 1887.7
1384170 1887.5
1384180 1887.4
1384190 1887.4
1384200 1887.7
1384210 1888.2
1384220 1888.2
1384230 1888.3
1384240 1888.4
1384250 1888.4
1384260 1888.7
1384270 1887.2
1384280 1887.2
1384290 1887.7
1384300 1888.9
1384310 1888.9
1384320 1890.0
1384330 1890.7
1384340 1891.1
1384350 1891.1
1384360 1891.8
1384370 1893.0
1384380 1893.0
1384390 1893.5
1384400 1892.9
1384410 1892.9
1384420 1892.9
1384430 1892.8
1384440 1892.8
1384450 1892.6
1384460 1892.4
1384470 1892.4
1384480 1892.2
1384490 1892.0
1384500 1892.0
1384510 1891.8
1384520 1892.1
1384530 1893.2
1384540 1893.2
1384550 1895.1
1384560 1897.4
1384570 1897.4
1384580 1900.0
1384590 1902.4
1384600 1902.4
1384610 1904.6
1384620 1906.8
1384630 1906.8
1384640 1909.3
1384650 1912.1
1384660 1912.1
1384670 1915.3
1384680 1918.8
1384690 1921.4
1384700 1921.4
1384710 1924.2
1384720 1927.6
1384730 1927.6
1384740 1931.6
1384750 1935.5
1384760 1935.5
1384770 1939.2
1384780 1942.3
1384790 1942.3
1384800 1943.3
1384810 1947.7
1384820 1947.7
1384830 1959.3
1384840 1967.9
1384850 1967.9
1384860 1974.9
1384870 1981.3
1384880 1986.6
1384890 1986.6
1384900 1991.7
1384910 1996.9
1384920 1996.9
1384930 2001.5
1384940 2006.5
1384950 2006.5
1384960 2010.8
1384970 2014.8
1384980 2014.8
1384990 2018.7
1385000 2022.7
1385010 2022.7
1385020 2024.8
1385030 2025.3
1385040 2025.3
1385050 2026.7
1385060 2030.6
1385070 2038.1
1385080 2038.1
1385090 2047.0
1385100 2055.4
1385110 2055.4
1385120 2064.7
1385130 2074.5
1385140 2074.5
1385150 2082.7
1385160 2087.6
1385170 2087.6
1385180 2091.1
1385190 2094.1
1385200 2094.1
1385210 2096.6
1385220 2097.7
1385230 2097.7
1385240 2098.7
1385250 2099.8
1385260 2101.3
1385270 2101.3
1385280 2104.4
1385290 2109.1
1385300 2109.1
1385310 2115.2
1385320 2121.6
1385330 2121.6
1385340 2127.6
1385350 2132.7
1385360 2132.7
1385370 2134.6
1385380 2134.3
1385390 2134.3
1385400 2133.5
1385410 2134.7
1385420 2134.7
1385430 2139.0
1385440 2142.8
1385450 2145.2
1385460 2145.2
1385470 2148.1
1385480 2151.4
1385490 2151.4
1385500 2155.9
1385510 2161.2
1385520 2161.2
1385530 2166.5
1385540 2168.8
1385550 2168.8
1385560 2174.2
1385570 2179.3
1385580 2179.3
1385590 2183.1
1385600 2186.0
1385610 2186.0
1385620 2188.4
1385630 2190.8
1385640 2193.6
1385650 2193.6
1385660 2197.3
1385670 2202.4
1385680 2202.4
1385690 2206.7
1385700 2210.7
1385710 2210.7
1385720 2216.0
1385730 2220.9
1385740 2220.9
1385750 2223.8
1385760 2227.2
1385770 2227.2
1385780 2232.7
1385790 2237.8
1385800 2242.5
1385810 2242.5
1385820 2247.3
1385830 2253.8
1385840 2253.8
1385850 2261.3
1385860 2268.7
1385870 2268.7
1385880 2275.9
1385890 2280.6
1385900 2280.6
1385910 2284.5
1385920 2289.5
1385930 2289.5
1385940 2296.1
1385950 2302.9
1385960 2302.9
1385970 2309.4
1385980 2315.8
1385990 2322.2
1386000 2322.2
1386010 2326.1
1386020 2329.2
1386030 2329.2
1386040 2333.9
1386050 2337.9
1386060 2337.9
1386070 2340.3
1386080 2342.3
1386090 2342.3
1386100 2345.8
1386110 2350.6
1386120 2350.6
1386130 2356.2
1386140 2362.0
1386150 2362.0
1386160 2367.6
1386170 2373.9
1386180 2381.8
1386190 2381.8
1386200 2387.7
1386210 2388.5
1386220 2388.5
1386230 2390.4
1386240 2394.7
1386250 2394.7
1386260 2398.5
1386270 2400.1
1386280 2400.1
1386290 2400.4
1386300 2402.1
1386310 2402.1
1386320 2405.7
1386330 2409.0
1386340 2409.0
1386350 2412.0
1386360 2414.1
1386370 2415.1
1386380 2415.1
1386390 2416.2
1386400 2417.1
1386410 2417.1
1386420 2417.8
1386430 2418.7
1386440 2418.7
1386450 2419.4
1386460 2420.2
1386470 2420.2
1386480 2421.6
1386490 2424.1
1386500 2424.1
1386510 2426.8
1386520 2428.4
1386530 2428.4
1386540 2429.7
1386550 2431.9
1386560 2434.5
1386570 2434.5
1386580 2437.1
1386590 2441.8
1386600 2441.8
1386610 2446.8
1386620 2451.5
1386630 2451.5
1386640 2455.6
1386650 2458.2
1386660 2458.2
1386670 2458.8
1386680 2459.1
1386690 2459.1
1386700 2459.3
1386710 2460.9
1386720 2460.9
1386730 2463.0
1386740 2465.0
1386750 2467.0
1386760 2467.0
1386770 2470.2
1386780 2474.1
1386790 2474.1
1386800 2479.5
1386810 2486.0
1386820 2487.4
1386830 2496.4
1386840 2507.0
1386850 2507.0
1386860 2516.4
1386870 2526.1
1386880 2526.1
1386890 2535.4
1386900 2544.7
1386910 2544.7
1386920 2551.2
1386930 2555.3
1386940 2557.1
1386950 2557.1
1386960 2557.9
1386970 2558.9
1386980 2558.9
1386990 2561.3
1387000 2564.0
1387010 2564.0
1387020 2566.6
1387030 2568.4
1387040 2568.4
1387050 2568.6
1387060 2567.6
1387070 2567.6
1387080 2567.0
1387090 2568.7
1387100 2570.9
1387110 2570.9
1387120 2566.9
1387130 2563.4
1387140 2563.4
1387150 2555.7
1387160 2549.5
1387170 2549.5
1387180 2544.7
1387190 2542.4
1387200 2542.4
1387210 2540.9
1387220 2539.2
1387230 2539.2
1387240 2537.1
1387250 2536.0
1387260 2536.0
1387270 2536.8
1387280 2538.2
1387290 2540.3
1387300 2540.3
1387310 2542.5
1387320 2545.3
1387330 2545.3
1387340 2547.7
1387350 2550.5
1387360 2550.5
1387370 2549.5
1387380 2541.7
1387390 2541.7
1387400 2535.8
1387410 2532.3
1387420 2532.3
1387430 2530.3
1387440 2528.5
1387450 2528.5
1387460 2529.9
1387470 2531.6
1387480 2533.0
1387490 2533.0
1387500 2534.6
1387510 2538.8
1387520 2538.8
1387530 2545.7
1387540 2546.0
1387550 2546.0
1387560 2547.2
1387570 2551.5
1387580 2551.5
1387590 2557.6
1387600 2561.5
1387610 2561.5
1387620 2567.4
1387630 2570.5
1387640 2570.5
1387650 2576.3
1387660 2579.0
1387670 2583.0
1387680 2583.0
1387690 2588.0
1387700 2592.9
1387710 2592.9
1387720 2599.8
1387730 2605.6
1387740 2605.6
1387750 2609.6
1387760 2613.9
1387770 2613.9
1387780 2618.7
1387790 2623.4
1387800 2623.4
1387810 2625.4
1387820 2626.8
1387830 2626.8
1387840 2627.1
1387850 2624.7
1387860 2619.8
1387870 2619.8
1387880 2613.6
1387890 2611.7
1387900 2611.7
1387910 2610.0
1387920 2603.4
1387930 2603.4
1387940 2595.0
1387950 2585.3
1387960 2585.3
1387970 2577.2
1387980 2572.4
1387990 2572.4
1388000 2571.7
1388010 2573.8
1388020 2573.8
1388030 2570.7
1388040 2563.1
1388050 2555.5
1388060 2555.5
1388070 2551.4
1388080 2550.4
1388090 2550.4
1388100 2547.7
1388110 2542.1
1388120 2548.2
1388130 2545.0
1388140 2541.0
1388150 2541.0
1388160 2538.1
1388170 2534.7
1388180 2534.7
1388190 2528.1
1388200 2520.3
1388210 2520.3
1388220 2513.0
1388230 2507.1
1388240 2502.7
1388250 2502.7
1388260 2499.3
1388270 2496.6
1388280 2496.6
1388290 2494.6
1388300 2492.3
1388310 2492.3
1388320 2488.8
1388330 2484.8
1388340 2484.8
1388350 2479.7
1388360 2474.8
1388370 2474.8
1388380 2470.4
1388390 2466.8
1388400 2464.9
1388410 2464.9
1388420 2463.4
1388430 2461.7
1388440 2461.7
1388450 2461.1
1388460 2460.9
1388470 2460.9
1388480 2461.0
1388490 2461.0
1388500 2461.0
1388510 2460.7
1388520 2461.6
1388530 2461.6
1388540 2463.5
1388550 2465.5
1388560 2465.5
1388570 2467.3
1388580 2469.6
1388590 2471.7
1388600 2471.7
1388610 2473.1
1388620 2475.6
1388630 2475.6
1388640 2477.2
1388650 2478.4
1388660 2478.4
1388670 2480.4
1388680 2483.8
1388690 2483.8
1388700 2486.7
1388710 2488.9
1388720 2488.9
1388730 2491.0
1388740 2493.1
1388750 2493.1
1388760 2493.9
1388770 2494.0
1388780 2493.7
1388790 2493.7
1388800 2492.3
1388810 2489.6
1388820 2489.6
1388830 2486.7
1388840 2484.9
1388850 2484.9
1388860 2485.0
1388870 2485.4
1388880 2485.4
1388890 2484.4
1388900 2482.9
1388910 2482.9
1388920 2482.7
1388930 2485.4
1388940 2485.4
1388950 2487.9
1388960 2491.2
1388970 2494.0
1388980 2494.0
1388990 2497.6
1389000 2503.0
1389010 2503.0
1389020 2508.4
1389030 2513.6
1389040 2513.6
1389050 2512.3
1389060 2508.9
1389070 2508.9
1389080 2504.8
1389090 2501.7
1389100 2501.7
1389110 2494.3
1389120 2484.6
1389130 2484.6
1389140 2476.4
1389150 2470.7
1389160 2466.0
1389170 2466.0
1389180 2461.7
1389190 2458.9
1389200 2458.9
1389210 2456.2
1389220 2455.9
1389230 2455.9
1389240 2458.8
1389250 2461.7
1389260 2461.7
1389270 2463.6
1389280 2464.9
1389290 2464.9
1389300 2466.8
1389310 2469.0
1389320 2469.0
1389330 2471.5
1389340 2474.2
1389350 2476.6
1389360 2476.6
1389370 2479.0
1389380 2481.1
1389390 2481.1
1389400 2482.7
1389410 2484.4
1389420 2484.4
1389430 2487.2
1389440 2494.2
1389450 2494.2
1389460 2497.9
1389470 2501.4
1389480 2501.4
1389490 2505.2
1389500 2510.3
1389510 2516.6
1389520 2516.6
1389530 2523.0
1389540 2528.9
1389550 2528.9
1389560 2534.6
1389570 2539.4
1389580 2539.4
1389590 2542.6
1389600 2545.0
1389610 2545.0
1389620 2548.4
1389630 2551.5
1389640 2551.5
1389650 2554.8
1389660 2560.8
1389670 2560.8
1389680 2570.0
1389690 2578.9
1389700 2587.3
1389710 2587.3
1389720 2594.0
1389730 2600.2
1389740 2600.2
1389750 2605.9
1389760 2612.1
1389770 2612.1
1389780 2618.9
1389790 2626.3
1389800 2626.3
1389810 2634.8
1389820 2645.8
1389830 2645.8
1389840 2657.0
1389850 2666.0
1389860 2666.0
1389870 2674.7
1389880 2682.2
1389890 2687.0
1389900 2687.0
1389910 2691.3
1389920 2696.3
1389930 2696.3
1389940 2700.2
1389950 2703.8
1389960 2703.8
1389970 2706.4
1389980 2705.5
1389990 2705.5
1390000 2704.5
1390010 2704.4
1390020 2704.4
1390030 2705.1
1390040 2705.7
1390050 2705.7
1390060 2705.7
1390070 2706.0
1390080 2707.8
1390090 2707.8
1390100 2710.1
1390110 2712.5
1390120 2712.5
1390130 2713.7
1390140 2714.3
1390150 2714.3
1390160 2714.7
1390170 2715.1
1390180 2715.1
1390190 2713.1
1390200 2709.9
1390210 2709.9
1390220 2706.9
1390230 2704.9
1390240 2704.9
1390250 2704.6
1390260 2706.1
1390270 2708.4
1390280 2708.4
1390290 2709.1
1390300 2708.3
1390310 2708.3
1390320 2706.1
1390330 2703.8
1390340 2703.8
1390350 2700.5
1390360 2696.9
1390370 2696.9
1390380 2694.5
1390390 2693.3
1390400 2693.3
1390410 2691.1
1390420 2686.0
1390430 2686.0
1390440 2679.6
1390450 2673.0
1390460 2667.1
1390470 2667.1
1390480 2660.7
1390490 2652.0
1390500 2652.0
1390510 2643.6
1390520 2636.6
1390530 2636.6
1390540 2631.1
1390550 2625.7
1390560 2625.7
1390570 2619.8
1390580 2613.7
1390590 2613.7
1390600 2605.8
1390610 2597.9
1390620 2597.9
1390630 2589.3
1390640 2575.5
1390650 2562.0
1390660 2562.0
1390670 2549.3
1390680 2541.1
1390690 2541.1
1390700 2534.0
1390710 2527.1
1390720 2527.1
1390730 2520.6
1390740 2514.7
1390750 2514.7
1390760 2509.7
1390770 2506.7
1390780 2506.7
1390790 2502.3
1390800 2497.4
1390810 2492.1
1390820 2492.1
1390830 2485.7
1390840 2479.0
1390850 2479.0
1390860 2473.2
1390870 2460.7
1390880 2460.7
1390890 2446.8
1390900 2432.6
1390910 2432.6
1390920 2424.2
1390930 2416.7
1390940 2416.7
1390950 2408.1
1390960 2399.3
1390970 2399.3
1390980 2391.7
1390990 2384.0
1391000 2376.8
1391010 2376.8
1391020 2369.4
1391030 2361.0
1391040 2361.0
1391050 2352.0
1391060 2345.2
1391070 2345.2
1391080 2339.5
1391090 2333.1
1391100 2333.1
1391110 2327.3
1391120 2322.5
1391130 2322.5
1391140 2315.1
1391150 2304.1
1391160 2304.1
1391170 2293.4
1391180 2280.4
1391190 2268.9
1391200 2268.9
1391210 2261.7
1391220 2254.9
1391230 2254.9
1391240 2248.5
1391250 2244.0
1391260 2244.0
1391270 2240.9
1391280 2237.5
1391290 2237.5
1391300 2233.8
1391310 2230.7
1391320 2230.7
1391330 2228.6
1391340 2225.6
1391350 2225.6
1391360 2220.7
1391370 2214.4
1391380 2199.5
1391390 2199.5
1391400 2189.0
1391410 2192.0
1391420 2192.0
1391430 2194.5
1391440 2196.1
1391450 2196.1
1391460 2196.8
1391470 2198.4
1391480 2198.4
1391490 2200.8
1391500 2203.4
1391510 2203.4
1391520 2206.4
1391530 2208.7
1391540 2208.7
1391550 2211.6
1391560 2213.6
1391570 2214.5
1391580 2214.5
1391590 2213.8
1391600 2211.6
1391610 2211.6
1391620 2212.8
1391630 2219.0
1391640 2219.0
1391650 2223.1
1391660 2226.1
1391670 2226.1
1391680 2232.8
1391690 2236.1
1391700 2236.1
1391710 2234.8
1391720 2235.8
1391730 2235.8
1391740 2239.7
1391750 2245.3
1391760 2251.8
1391770 2251.8
1391780 2260.1
1391790 2268.0
1391800 2268.0
1391810 2275.1
1391820 2281.4
1391830 2281.4
1391840 2286.3
1391850 2290.4
1391860 2290.4
1391870 2296.0
1391880 2302.3
1391890 2302.3
1391900 2308.0
1391910 2312.9
1391920 2312.9
1391930 2316.8
1391940 2322.0
1391950 2328.0
1391960 2328.0
1391970 2333.7
1391980 2337.4
1391990 2337.4
1392000 2339.4
1392010 2340.3
1392020 2340.3
1392030 2340.0
1392040 2339.8
1392050 2339.8
1392060 2339.4
1392070 2340.2
1392080 2340.2
1392090 2342.7
1392100 2345.1
1392110 2347.2
1392120 2347.2
1392130 2348.7
1392140 2350.3
1392150 2350.3
1392160 2351.8
1392170 2353.0
1392180 2353.0
1392190 2354.2
1392200 2356.2
1392210 2356.2
1392220 2358.7
1392230 2361.6
1392240 2361.6
1392250 2364.6
1392260 2367.9
1392270 2367.9
1392280 2371.8
1392290 2376.4
1392300 2380.9
1392310 2380.9
1392320 2385.2
1392330 2389.4
1392340 2389.4
1392350 2393.9
1392360 2399.0
1392370 2399.0
1392380 2403.3
1392390 2407.1
1392400 2407.1
1392410 2410.9
1392420 2414.7
1392430 2414.7
1392440 2418.8
1392450 2423.5
1392460 2423.5
1392470 2428.7
1392480 2434.2
1392490 2439.9
1392500 2439.9
1392510 2445.8
1392520 2451.9
1392530 2451.9
1392540 2458.0
1392550 2463.7
1392560 2463.7
1392570 2468.8
1392580 2474.7
1392590 2474.7
1392600 2480.2
1392610 2485.3
1392620 2485.3
1392630 2490.7
1392640 2496.3
1392650 2496.3
1392660 2501.9
1392670 2507.5
1392680 2512.9
1392690 2512.9
1392700 2518.4
1392710 2524.3
1392720 2524.3
1392730 2531.0
1392740 2542.8
1392750 2542.8
1392760 2558.0
1392770 2571.5
1392780 2571.5
1392790 2580.8
1392800 2591.1
1392810 2591.1
1392820 2603.3
1392830 2617.9
1392840 2617.9
1392850 2629.8
1392860 2642.3
1392870 2652.8
1392880 2652.8
1392890 2662.2
1392900 2671.5
1392910 2671.5
1392920 2679.1
1392930 2685.7
1392940 2685.7
1392950 2694.7
1392960 2700.9
1392970 2700.9
1392980 2706.0
1392990 2711.8
1393000 2711.8
1393010 2718.2
1393020 2724.6
1393030 2724.6
1393040 2730.4
1393050 2730.8
1393060 2717.9
1393070 2717.9
1393080 2704.5
1393090 2696.7
1393100 2696.7
1393110 2693.1
1393120 2690.3
1393130 2690.3
1393140 2689.8
1393150 2689.2
1393160 2689.2
1393170 2692.8
1393180 2690.3
1393190 2690.3
1393200 2685.2
1393210 2678.0
1393220 2671.0
1393230 2671.0
1393240 2666.4
1393250 2658.6
1393260 2658.6
1393270 2651.0
1393280 2641.5
1393290 2641.5
1393300 2633.3
1393310 2627.2
1393320 2627.2
1393330 2621.1
1393340 2615.4
1393350 2615.4
1393360 2609.3
1393370 2603.1
1393380 2603.1
1393390 2596.1
1393400 2588.3
1393410 2577.1
1393420 2577.1
1393430 2570.4
1393440 2569.8
1393450 2569.8
1393460 2567.0
1393470 2561.8
1393480 2561.8
1393490 2555.7
1393500 2549.2
1393510 2548.9
1393520 2541.9
1393530 2535.8
1393540 2535.8
1393550 2530.1
1393560 2521.9
1393570 2521.9
1393580 2512.1
1393590 2500.3
1393600 2486.4
1393610 2486.4
1393620 2474.8
1393630 2465.3
1393640 2465.3
1393650 2455.7
1393660 2446.1
1393670 2446.1
1393680 2437.4
1393690 2427.9
1393700 2427.9
1393710 2417.7
1393720 2409.3
1393730 2409.3
1393740 2400.8
1393750 2393.4
1393760 2393.4
1393770 2386.5
1393780 2379.2
1393790 2370.7
1393800 2370.7
1393810 2364.3
1393820 2358.3
1393830 2358.3
1393840 2352.7
1393850 2347.9
1393860 2347.9
1393870 2343.5
1393880 2339.3
1393890 2339.3
1393900 2334.9
1393910 2329.5
1393920 2329.5
1393930 2323.1
1393940 2316.3
1393950 2316.3
1393960 2308.9
1393970 2300.8
1393980 2293.6
1393990 2293.6
1394000 2287.0
1394010 2280.1
1394020 2280.1
1394030 2273.4
1394040 2266.8
1394050 2266.8
1394060 2260.5
1394070 2255.1
1394080 2255.1
1394090 2251.0
1394100 2248.1
1394110 2248.1
1394120 2245.1
1394130 2238.2
1394140 2238.2
1394150 2229.8
1394160 2215.9
1394170 2206.5
1394180 2206.5
1394190 2198.6
1394200 2188.4
1394210 2188.4
1394220 2179.3
1394230 2165.1
1394240 2165.1
1394250 2151.0
1394260 2141.9
1394270 2141.9
1394280 2133.5
1394290 2124.0
1394300 2124.0
1394310 2115.4
1394320 2108.5
1394330 2108.5
1394340 2102.4
1394350 2096.3
1394360 2089.7
1394370 2089.7
1394380 2083.6
1394390 2079.1
1394400 2079.1
1394410 2074.2
1394420 2070.9
1394430 2070.9
1394440 2071.3
1394450 2070.9
1394460 2070.9
1394470 2069.9
1394480 2068.9
1394490 2068.9
1394500 2068.5
1394510 2067.6
1394520 2066.0
1394530 2066.0
1394540 2064.2
1394550 2063.1
1394560 2063.1
1394570 2062.1
1394580 2061.0
1394590 2061.0
1394600 2060.2
1394610 2059.3
1394620 2059.3
1394630 2058.6
1394640 2057.9
1394650 2057.9
1394660 2057.1
1394670 2056.3
1394680 2056.3
1394690 2055.1
1394700 2054.8
1394710 2054.3
1394720 2054.3
1394730 2053.8
1394740 2053.4
1394750 2053.4
1394760 2053.3
1394770 2053.9
1394780 2053.9
1394790 2054.7
1394800 2055.3
1394810 2055.3
1394820 2057.3
1394830 2061.3
1394840 2061.3
1394850 2064.5
1394860 2067.7
1394870 2067.7
1394880 2072.2
1394890 2077.0
1394900 2084.2
1394910 2084.2
1394920 2089.7
1394930 2095.2
1394940 2095.2
1394950 2101.2
1394960 2107.7
1394970 2107.7
1394980 2114.2
1394990 2120.9
1395000 2120.9
1395010 2127.5
1395020 2134.5
1395030 2134.5
1395040 2141.6
1395050 2148.8
1395060 2148.8
1395070 2156.0
1395080 2163.3
1395090 2170.4
1395100 2170.4
1395110 2177.5
1395120 2184.8
1395130 2184.8
1395140 2192.1
1395150 2199.3
1395160 2199.3
1395170 2205.5
1395180 2211.8
1395190 2211.8
1395200 2218.9
1395210 2226.4
1395220 2226.4
1395230 2234.4
1395240 2242.0
1395250 2242.0
1395260 2248.1
1395270 2251.8
1395280 2255.5
1395290 2255.5
1395300 2260.6
1395310 2264.1
1395320 2264.1
1395330 2267.6
1395340 2272.0
1395350 2272.0
1395360 2276.1
1395370 2280.7
1395380 2280.7
1395390 2286.0
1395400 2292.2
1395410 2292.2
1395420 2297.7
1395430 2302.3
1395440 2302.3
1395450 2306.4
1395460 2311.2
1395470 2316.7
1395480 2316.7
1395490 2322.1
1395500 2328.7
1395510 2328.7
1395520 2336.1
1395530 2344.1
1395540 2344.1
1395550 2352.0
1395560 2358.7
1395570 2358.7
1395580 2361.8
1395590 2363.0
1395600 2363.0
1395610 2364.3
1395620 2364.9
1395630 2366.2
1395640 2366.2
1395650 2368.2
1395660 2371.0
1395670 2371.0
1395680 2373.0
1395690 2376.6
1395700 2376.6
1395710 2380.0
1395720 2383.3
1395730 2383.3
1395740 2386.1
1395750 2388.7
1395760 2388.7
1395770 2391.7
1395780 2395.3
1395790 2395.3
1395800 2398.8
1395810 2401.8
1395820 2404.2
1395830 2404.2
1395840 2406.2
1395850 2408.9
1395860 2408.9
1395870 2411.4
1395880 2413.4
1395890 2413.4
1395900 2414.9
1395910 2416.2
1395920 2416.2
1395930 2417.4
1395940 2417.9
1395950 2417.9
1395960 2417.5
1395970 2417.4
1395980 2417.4
1395990 2419.4
1396000 2421.1
1396010 2422.9
1396020 2422.9
1396030 2425.1
1396040 2426.6
1396050 2426.6
1396060 2427.4
1396070 2428.2
1396080 2428.2
1396090 2429.5
1396100 2430.6
1396110 2430.6
1396120 2431.2
1396130 2430.0
1396140 2430.0
1396150 2431.8
1396160 2435.8
1396170 2435.8
1396180 2438.0
1396190 2439.5
1396200 2440.6
1396210 2440.6
1396220 2440.0
1396230 2438.0
1396240 2438.0
1396250 2434.7
1396260 2431.0
1396270 2431.0
1396280 2428.6
1396290 2429.3
1396300 2429.3
1396310 2431.3
1396320 2435.2
1396330 2435.2
1396340 2438.2
1396350 2441.8
1396360 2441.8
1396370 2445.6
1396380 2449.5
1396390 2453.6
1396400 2453.6
1396410 2457.6
1396420 2461.6
1396430 2461.6
1396440 2465.1
1396450 2468.3
1396460 2468.3
1396470 2471.7
1396480 2475.4
1396490 2475.4
1396500 2479.9
1396510 2484.7
1396520 2484.7
1396530 2489.3
1396540 2493.6
1396550 2493.6
1396560 2497.8
1396570 2501.7
1396580 2505.0
1396590 2505.0
1396600 2508.8
1396610 2513.7
1396620 2513.7
1396630 2518.8
1396640 2523.4
1396650 2523.4
1396660 2527.8
1396670 2530.4
1396680 2530.4
1396690 2531.6
1396700 2536.5
1396710 2536.5
1396720 2541.3
1396730 2547.2
1396740 2547.2
1396750 2553.8
1396760 2563.5
1396770 2572.9
1396780 2572.9
1396790 2580.3
1396800 2586.9
1396810 2586.9
1396820 2594.0
1396830 2600.6
1396840 2600.6
1396850 2606.0
1396860 2610.5
1396870 2610.5
1396880 2616.9
1396890 2623.0
1396900 2623.0
1396910 2629.2
1396920 2635.6
1396930 2642.7
1396940 2642.7
1396950 2650.0
1396960 2658.4
1396970 2658.4
1396980 2666.5
1396990 2659.2
1397000 2659.2
1397010 2642.0
1397020 2633.1
1397030 2633.1
1397040 2620.8
1397050 2604.4
1397060 2604.4
1397070 2591.2
1397080 2584.8
1397090 2584.8
1397100 2578.9
1397110 2573.3
1397120 2567.7
1397130 2567.7
1397140 2562.0
1397150 2556.4
1397160 2556.4
1397170 2551.4
1397180 2548.7
1397190 2548.7
1397200 2547.2
1397210 2545.6
1397220 2545.6
1397230 2544.5
1397240 2542.0
1397250 2542.0
1397260 2540.4
1397270 2537.6
1397280 2537.6
1397290 2535.5
1397300 2535.8
1397310 2537.8
1397320 2537.8
1397330 2539.5
1397340 2539.8
1397350 2539.8
1397360 2537.4
1397370 2535.9
1397380 2535.9
1397390 2535.2
1397400 2533.7
1397410 2533.7
1397420 2531.7
1397430 2531.9
1397440 2531.9
1397450 2533.2
1397460 2534.6
1397470 2534.6
1397480 2535.0
1397490 2536.9
1397500 2537.4
1397510 2537.4
1397520 2537.4
1397530 2537.7
1397540 2537.7
1397550 2538.3
1397560 2539.9
1397570 2539.9
1397580 2540.5
1397590 2541.7
1397600 2541.7
1397610 2545.2
1397620 2547.3
1397630 2547.3
1397640 2549.7
1397650 2552.1
1397660 2552.1
1397670 2554.4
1397680 2555.2
1397690 2551.7
1397700 2551.7
1397710 2546.6
1397720 2543.9
1397730 2543.9
1397740 2539.3
1397750 2536.8
1397760 2536.8
1397770 2529.2
1397780 2529.5
1397790 2529.5
1397800 2530.2
1397810 2532.4
1397820 2532.4
1397830 2533.8
1397840 2533.8
1397850 2533.8
1397860 2533.6
1397870 2535.7
1397880 2541.0
1397890 2541.0
1397900 2542.8
1397910 2543.9
1397920 2543.9
1397930 2545.4
1397940 2546.0
1397950 2546.0
1397960 2546.7
1397970 2547.7
1397980 2547.7
1397990 2550.0
1398000 2554.3
1398010 2554.3
1398020 2560.8
1398030 2567.4
1398040 2567.4
1398050 2574.4
1398060 2582.0
1398070 2588.9
1398080 2588.9
1398090 2595.0
1398100 2601.2
1398110 2601.2
1398120 2607.3
1398130 2614.3
1398140 2614.3
1398150 2622.5
1398160 2630.5
1398170 2630.5
1398180 2637.5
1398190 2642.7
1398200 2642.7
1398210 2646.3
1398220 2645.3
1398230 2640.5
1398240 2640.5
1398250 2634.0
1398260 2627.7
1398270 2627.7
1398280 2619.7
1398290 2611.9
1398300 2611.9
1398310 2604.2
1398320 2596.6
1398330 2596.6
1398340 2589.2
1398350 2581.5
1398360 2581.5
1398370 2574.1
1398380 2567.0
1398390 2567.0
1398400 2559.8
1398410 2551.9
1398420 2544.0
1398430 2544.0
1398440 2537.5
1398450 2531.9
1398460 2531.9
1398470 2526.0
1398480 2520.8
1398490 2520.8
1398500 2515.6
1398510 2510.0
1398520 2510.0
1398530 2504.4
1398540 2498.1
1398550 2498.1
1398560 2491.3
1398570 2484.2
1398580 2484.2
1398590 2477.0
1398600 2470.2
1398610 2463.8
1398620 2463.8
1398630 2457.2
1398640 2450.3
1398650 2450.3
1398660 2443.3
1398670 2436.9
1398680 2436.9
1398690 2430.9
1398700 2425.4
1398710 2425.4
1398720 2421.3
1398730 2418.9
1398740 2418.9
1398750 2418.0
1398760 2418.0
1398770 2418.0
1398780 2418.0
1398790 2418.7
1398800 2419.6
1398810 2419.6
1398820 2422.2
1398830 2426.5
1398840 2426.5
1398850 2430.6
1398860 2434.7
1398870 2434.7
1398880 2436.8
1398890 2437.6
1398900 2437.6
1398910 2436.6
1398920 2429.0
1398930 2429.0
1398940 2416.8
1398950 2406.6
1398960 2406.6
1398970 2399.9
1398980 2395.4
1398990 2388.8
1399000 2388.8
1399010 2380.5
1399020 2371.9
1399030 2371.9
1399040 2364.5
1399050 2358.3
1399060 2358.3
1399070 2354.1
1399080 2350.5
1399090 2350.5
1399100 2349.1
1399110 2346.7
1399120 2346.7
1399130 2343.2
1399140 2339.5
1399150 2339.5
1399160 2344.4
1399170 2343.4
1399180 2337.6
1399190 2337.6
1399200 2332.4
1399210 2327.6
1399220 2327.6
1399230 2326.4
1399240 2319.3
1399250 2319.3
1399260 2312.7
1399270 2311.0
1399280 2311.0
1399290 2312.7
1399300 2310.5
1399310 2310.5
1399320 2308.7
1399330 2307.4
1399340 2306.1
1399350 2306.1
1399360 2304.2
1399370 2303.2
1399380 2303.2
1399390 2302.4
1399400 2301.5
1399410 2301.5
1399420 2298.1
1399430 2292.1
1399440 2292.1
1399450 2286.3
1399460 2279.5
1399470 2279.5
1399480 2273.9
1399490 2267.9
1399500 2267.9
1399510 2261.4
1399520 2254.3
1399530 2247.1
1399540 2247.1
1399550 2240.5
1399560 2234.2
1399570 2234.2
1399580 2227.9
1399590 2221.8
1399600 2221.8
1399610 2215.9
1399620 2210.0
1399630 2210.0
1399640 2203.6
1399650 2197.7
1399660 2197.7
1399670 2192.0
1399680 2186.8
1399690 2186.8
1399700 2180.3
1399710 2172.9
1399720 2167.1
1399730 2167.1
1399740 2160.8
1399750 2155.6
1399760 2155.6
1399770 2147.9
1399780 2139.6
1399790 2139.6
1399800 2131.4
1399810 2123.4
1399820 2123.4
1399830 2116.1
1399840 2107.2
1399850 2107.2
1399860 2095.5
1399870 2084.3
1399880 2084.3
1399890 2067.8
1399900 2051.7
1399910 2043.4
1399920 2043.4
1399930 2034.0
1399940 2024.8
1399950 2024.8
1399960 2015.7
1399970 2006.5
1399980 2006.5
1399990 1998.1
