1380000 2796.5
1380010 2782.5
1380020 2768.4
1380030 2768.4
1380040 2754.6
1380050 2745.0
1380060 2738.4
1380070 2738.4
1380080 2732.1
1380090 2726.2
1380100 2728.7
1380110 2724.7
1380120 2719.4
1380130 2719.4
1380140 2713.0
1380150 2708.5
1380160 2708.5
1380170 2700.9
1380180 2690.4
1380190 2690.4
1380200 2680.9
1380210 2676.2
1380220 2676.2
1380230 2673.9
1380240 2671.4
1380250 2670.4
1380260 2670.4
1380270 2670.6
1380280 2671.5
1380290 2671.5
1380300 2671.0
1380310 2670.8
1380320 2670.8
1380330 2671.4
1380340 2672.2
1380350 2672.2
1380360 2673.9
1380370 2677.3
1380380 2677.3
1380390 2679.3
1380400 2681.2
1380410 2685.7
1380420 2685.7
1380430 2692.4
1380440 2699.0
1380450 2699.0
1380460 2704.1
1380470 2706.7
1380480 2706.7
1380490 2707.6
1380500 2710.1
1380510 2710.1
1380520 2705.7
1380530 2696.9
1380540 2696.9
1380550 2686.9
1380560 2678.4
1380570 2678.4
1380580 2675.1
1380590 2671.5
1380600 2666.8
1380610 2666.8
1380620 2663.7
1380630 2662.7
1380640 2662.7
1380650 2660.2
1380660 2658.0
1380670 2658.0
1380680 2658.5
1380690 2657.6
1380700 2657.6
1380710 2658.4
1380720 2660.4
1380730 2660.4
1380740 2662.3
1380750 2663.9
1380760 2663.9
1380770 2667.2
1380780 2669.9
1380790 2671.5
1380800 2671.5
1380810 2675.3
1380820 2680.0
1380830 2680.0
1380840 2687.0
1380850 2694.8
1380860 2694.8
1380870 2703.0
1380880 2710.5
1380890 2710.5
1380900 2720.5
1380910 2730.4
1380920 2730.4
1380930 2736.4
1380940 2743.2
1380950 2743.2
1380960 2748.7
1380970 2749.2
1380980 2744.4
1380990 2744.4
1381000 2739.3
1381010 2734.6
1381020 2734.6
1381030 2730.0
1381040 2726.9
1381050 2726.9
1381060 2729.4
1381070 2737.6
1381080 2737.6
1381090 2744.6
1381100 2743.7
1381110 2743.7
1381120 2738.8
1381130 2742.0
1381140 2742.0
1381150 2745.7
1381160 2748.7
1381170 2753.1
1381180 2753.1
1381190 2757.4
1381200 2763.9
1381210 2763.9
1381220 2765.4
1381230 2765.4
1381240 2765.4
1381250 2762.6
1381260 2760.3
1381270 2760.3
1381280 2758.8
1381290 2758.7
1381300 2758.7
1381310 2748.7
1381320 2740.4
1381330 2740.4
1381340 2733.0
1381350 2729.6
1381360 2727.7
1381370 2727.7
1381380 2717.2
1381390 2697.0
1381400 2697.0
1381410 2684.1
1381420 2679.8
1381430 2679.8
1381440 2673.4
1381450 2667.8
1381460 2667.8
1381470 2664.5
1381480 2662.1
1381490 2662.1
1381500 2659.5
1381510 2657.7
1381520 2657.7
1381530 2657.3
1381540 2657.1
1381550 2657.0
1381560 2657.0
1381570 2657.1
1381580 2656.3
1381590 2656.3
1381600 2654.5
1381610 2649.5
1381620 2649.5
1381630 2642.0
1381640 2626.9
1381650 2626.9
1381660 2621.8
1381670 2619.5
1381680 2619.5
1381690 2618.8
1381700 2617.5
1381710 2617.5
1381720 2614.0
1381730 2611.2
1381740 2608.9
1381750 2608.9
1381760 2607.9
1381770 2606.7
1381780 2606.7
1381790 2606.4
1381800 2605.9
1381810 2605.9
1381820 2606.5
1381830 2606.9
1381840 2606.9
1381850 2606.6
1381860 2607.5
1381870 2607.5
1381880 2609.5
1381890 2612.1
1381900 2612.1
1381910 2615.8
1381920 2619.4
1381930 2621.8
1381940 2621.8
1381950 2622.0
1381960 2616.2
1381970 2616.2
1381980 2607.4
1381990 2599.7
1382000 2599.7
1382010 2589.1
1382020 2576.5
1382030 2576.5
1382040 2566.4
1382050 2560.1
1382060 2560.1
1382070 2551.9
1382080 2543.2
1382090 2531.0
1382100 2531.0
1382110 2517.7
1382120 2506.7
1382130 2506.7
1382140 2498.4
1382150 2491.9
1382160 2491.9
1382170 2483.2
1382180 2476.0
1382190 2476.0
1382200 2470.7
1382210 2467.0
1382220 2467.0
1382230 2463.5
1382240 2460.3
1382250 2460.3
1382260 2456.7
1382270 2453.9
1382280 2450.9
1382290 2450.9
1382300 2447.3
1382310 2444.0
1382320 2444.0
1382330 2440.9
1382340 2437.6
1382350 2437.6
1382360 2434.8
1382370 2432.7
1382380 2432.7
1382390 2432.4
1382400 2433.0
1382410 2433.0
1382420 2432.5
1382430 2431.7
1382440 2431.7
1382450 2431.6
1382460 2432.3
1382470 2433.5
1382480 2433.5
1382490 2434.3
1382500 2435.1
1382510 2435.1
1382520 2434.7
1382530 2433.1
1382540 2433.1
1382550 2425.9
1382560 2426.1
1382570 2426.1
1382580 2426.8
1382590 2427.5
1382600 2427.5
1382610 2428.9
1382620 2428.4
1382630 2428.4
1382640 2427.8
1382650 2427.5
1382660 2427.7
1382670 2427.7
1382680 2428.3
1382690 2428.8
1382700 2428.8
1382710 2428.8
1382720 2429.3
1382730 2429.3
1382740 2429.5
1382750 2429.2
1382760 2429.2
1382770 2429.0
1382780 2428.7
1382790 2428.7
1382800 2428.7
1382810 2430.1
1382820 2430.1
1382830 2432.2
1382840 2435.8
1382850 2440.1
1382860 2440.1
1382870 2445.0
1382880 2451.6
1382890 2451.6
1382900 2457.0
1382910 2461.3
1382920 2461.3
1382930 2464.5
1382940 2467.1
1382950 2467.1
1382960 2470.7
1382970 2475.1
1382980 2475.1
1382990 2480.5
1383000 2485.4
1383010 2485.4
1383020 2490.4
1383030 2496.4
1383040 2502.7
1383050 2502.7
1383060 2509.1
1383070 2515.8
1383080 2515.8
1383090 2524.4
1383100 2537.2
1383110 2537.2
1383120 2549.6
1383130 2561.4
1383140 2561.4
1383150 2559.8
1383160 2550.9
1383170 2550.9
1383180 2540.5
1383190 2530.5
1383200 2530.5
1383210 2522.1
1383220 2514.4
1383230 2505.2
1383240 2505.2
1383250 2492.6
1383260 2479.8
1383270 2479.8
1383280 2469.3
1383290 2460.6
1383300 2460.6
1383310 2450.4
1383320 2440.1
1383330 2440.1
1383340 2430.4
1383350 2420.5
1383360 2420.5
1383370 2411.8
1383380 2404.2
1383390 2404.2
1383400 2397.8
1383410 2391.7
1383420 2386.0
1383430 2386.0
1383440 2380.5
1383450 2375.1
1383460 2375.1
1383470 2369.9
1383480 2364.9
1383490 2364.9
1383500 2360.2
1383510 2356.2
1383520 2356.2
1383530 2352.4
1383540 2349.6
1383550 2349.6
1383560 2348.2
1383570 2347.3
1383580 2345.2
1383590 2345.2
1383600 2341.9
1383610 2336.6
1383620 2336.6
1383630 2336.7
1383640 2342.0
1383650 2342.0
1383660 2344.7
1383670 2345.6
1383680 2345.6
1383690 2346.1
1383700 2345.4
1383710 2345.4
1383720 2343.1
1383730 2339.6
1383740 2339.6
1383750 2335.0
1383760 2330.9
1383770 2327.4
1383780 2327.4
1383790 2318.9
1383800 2316.1
1383810 2316.1
1383820 2313.3
1383830 2310.4
1383840 2310.4
1383850 2308.0
1383860 2305.5
1383870 2305.5
1383880 2303.3
1383890 2302.9
1383900 2302.9
1383910 2303.5
1383920 2302.3
1383930 2302.3
1383940 2300.7
1383950 2300.9
1383960 2301.5
1383970 2301.5
1383980 2301.8
1383990 2302.1
1384000 2302.1
1384010 2303.7
1384020 2306.0
1384030 2306.0
1384040 2307.3
1384050 2307.1
1384060 2307.1
1384070 2308.9
1384080 2310.7
1384090 2310.7
1384100 2312.0
1384110 2312.7
1384120 2312.7
1384130 2313.6
1384140 2315.3
1384150 2316.7
1384160 2316.7
1384170 2316.2
1384180 2315.8
1384190 2315.8
1384200 2317.0
1384210 2319.3
1384220 2319.3
1384230 2322.4
1384240 2325.8
1384250 2325.8
1384260 2327.9
1384270 2328.5
1384280 2328.5
1384290 2327.0
1384300 2327.4
1384310 2327.4
1384320 2327.7
1384330 2327.4
1384340 2327.8
1384350 2327.8
1384360 2328.3
1384370 2328.5
1384380 2328.5
1384390 2327.5
1384400 2328.7
1384410 2328.7
1384420 2331.7
1384430 2331.8
1384440 2331.8
1384450 2330.1
1384460 2330.8
1384470 2330.8
1384480 2331.8
1384490 2332.6
1384500 2332.6
1384510 2332.5
1384520 2332.3
1384530 2333.7
1384540 2333.7
1384550 2334.9
1384560 2335.5
1384570 2335.5
1384580 2337.3
1384590 2342.2
1384600 2342.2
1384610 2348.5
1384620 2352.5
1384630 2352.5
1384640 2356.6
1384650 2360.2
1384660 2360.2
1384670 2361.6
1384680 2362.4
1384690 2362.4
1384700 2362.6
1384710 2362.0
1384720 2361.3
1384730 2361.3
1384740 2362.2
1384750 2363.9
1384760 2363.9
1384770 2363.4
1384780 2361.3
1384790 2361.3
1384800 2357.6
1384810 2354.6
1384820 2354.6
1384830 2351.8
1384840 2348.6
1384850 2348.6
1384860 2345.2
1384870 2341.4
1384880 2341.4
1384890 2338.2
1384900 2336.0
1384910 2333.9
1384920 2333.9
1384930 2331.8
1384940 2329.9
1384950 2329.9
1384960 2328.8
1384970 2327.8
1384980 2327.8
1384990 2325.6
1385000 2322.3
1385010 2322.3
1385020 2319.8
1385030 2317.6
1385040 2317.6
1385050 2315.7
1385060 2308.2
1385070 2308.2
1385080 2307.4
1385090 2308.1
1385100 2309.0
1385110 2309.0
1385120 2309.6
1385130 2310.4
1385140 2310.4
1385150 2311.4
1385160 2312.8
1385170 2312.8
1385180 2315.8
1385190 2320.0
1385200 2320.0
1385210 2324.7
1385220 2329.8
1385230 2329.8
1385240 2335.7
1385250 2342.5
1385260 2349.7
1385270 2349.7
1385280 2355.5
1385290 2357.9
1385300 2357.9
1385310 2358.7
1385320 2359.2
1385330 2359.2
1385340 2359.7
1385350 2360.5
1385360 2360.5
1385370 2362.2
1385380 2364.7
1385390 2364.7
1385400 2367.9
1385410 2371.3
1385420 2371.3
1385430 2374.2
1385440 2377.0
1385450 2379.6
1385460 2379.6
1385470 2382.8
1385480 2386.2
1385490 2386.2
1385500 2389.2
1385510 2391.7
1385520 2391.7
1385530 2393.4
1385540 2395.1
1385550 2395.1
1385560 2396.1
1385570 2396.4
1385580 2396.4
1385590 2396.8
1385600 2398.0
1385610 2398.0
1385620 2402.0
1385630 2407.9
1385640 2413.9
1385650 2413.9
1385660 2420.2
1385670 2427.6
1385680 2427.6
1385690 2435.9
1385700 2442.8
1385710 2442.8
1385720 2445.7
1385730 2444.5
1385740 2444.5
1385750 2442.0
1385760 2439.7
1385770 2439.7
1385780 2438.7
1385790 2439.1
1385800 2439.1
1385810 2440.0
1385820 2440.5
1385830 2440.6
1385840 2440.6
1385850 2440.8
1385860 2440.6
1385870 2440.6
1385880 2440.0
1385890 2439.6
1385900 2439.6
1385910 2439.2
1385920 2439.9
1385930 2439.9
1385940 2441.6
1385950 2443.8
1385960 2443.8
1385970 2446.1
1385980 2448.8
1385990 2448.8
1386000 2452.6
1386010 2457.0
1386020 2461.8
1386030 2461.8
1386040 2467.4
1386050 2473.3
1386060 2473.3
1386070 2479.7
1386080 2486.9
1386090 2486.9
1386100 2494.1
1386110 2501.2
1386120 2501.2
1386130 2508.9
1386140 2516.3
1386150 2516.3
1386160 2524.0
1386170 2533.0
1386180 2533.0
1386190 2539.3
1386200 2544.2
1386210 2545.5
1386220 2545.5
1386230 2544.4
1386240 2543.6
1386250 2543.6
1386260 2543.2
1386270 2543.6
1386280 2543.6
1386290 2544.9
1386300 2546.4
1386310 2546.4
1386320 2548.0
1386330 2551.3
1386340 2551.3
1386350 2553.9
1386360 2556.4
1386370 2556.4
1386380 2559.3
1386390 2563.1
1386400 2568.3
1386410 2568.3
1386420 2573.0
1386430 2576.5
1386440 2576.5
1386450 2578.1
1386460 2578.2
1386470 2578.2
1386480 2576.7
1386490 2577.3
1386500 2577.3
1386510 2578.4
1386520 2578.1
1386530 2578.1
1386540 2577.8
1386550 2578.3
1386560 2578.3
1386570 2579.0
1386580 2578.2
1386590 2576.9
1386600 2576.9
1386610 2575.5
1386620 2574.0
1386630 2574.0
1386640 2573.9
1386650 2577.1
1386660 2577.1
1386670 2580.1
1386680 2584.0
1386690 2584.0
1386700 2588.9
1386710 2593.9
1386720 2593.9
1386730 2599.3
1386740 2605.6
1386750 2605.6
1386760 2612.3
1386770 2619.0
1386780 2626.1
1386790 2626.1
1386800 2637.0
1386810 2647.8
1386820 2647.8
1386830 2657.8
1386840 2666.6
1386850 2666.6
1386860 2675.5
1386870 2674.1
1386880 2674.1
1386890 2662.9
1386900 2652.6
1386910 2652.6
1386920 2643.9
1386930 2635.2
1386940 2624.9
1386950 2624.9
1386960 2617.6
1386970 2611.6
1386980 2611.6
1386990 2605.9
1387000 2600.4
1387010 2600.4
1387020 2595.3
1387030 2590.8
1387040 2590.8
1387050 2586.7
1387060 2582.9
1387070 2582.9
1387080 2578.5
1387090 2573.5
1387100 2573.5
1387110 2568.1
1387120 2562.8
1387130 2557.8
1387140 2557.8
1387150 2552.4
1387160 2546.6
1387170 2546.6
1387180 2540.5
1387190 2534.0
1387200 2534.0
1387210 2529.2
1387220 2524.6
1387230 2524.6
1387240 2520.9
1387250 2518.1
1387260 2518.1
1387270 2515.5
1387280 2513.4
1387290 2513.4
1387300 2512.5
1387310 2513.4
1387320 2514.7
1387330 2514.7
1387340 2512.4
1387350 2509.1
1387360 2509.1
1387370 2505.8
1387380 2502.3
1387390 2502.3
1387400 2499.2
1387410 2496.1
1387420 2496.1
1387430 2492.5
1387440 2489.0
1387450 2489.0
1387460 2486.0
1387470 2482.6
1387480 2482.6
1387490 2478.9
1387500 2475.0
1387510 2472.4
1387520 2472.4
1387530 2469.2
1387540 2465.4
1387550 2465.4
1387560 2461.0
1387570 2456.4
1387580 2456.4
1387590 2451.9
1387600 2448.4
1387610 2448.4
1387620 2446.0
1387630 2440.2
1387640 2440.2
1387650 2439.7
1387660 2438.2
1387670 2438.2
1387680 2435.7
1387690 2431.8
1387700 2426.7
1387710 2426.7
1387720 2419.7
1387730 2414.3
1387740 2414.3
1387750 2409.2
1387760 2403.4
1387770 2403.4
1387780 2397.1
1387790 2390.8
1387800 2390.8
1387810 2385.2
1387820 2380.6
1387830 2380.6
1387840 2376.4
1387850 2372.5
1387860 2372.5
1387870 2368.4
1387880 2363.2
1387890 2357.5
1387900 2357.5
1387910 2351.7
1387920 2345.7
1387930 2345.7
1387940 2339.7
1387950 2334.1
1387960 2334.1
1387970 2329.5
1387980 2325.9
1387990 2325.9
1388000 2323.1
1388010 2320.2
1388020 2320.2
1388030 2316.8
1388040 2311.6
1388050 2311.6
1388060 2304.9
1388070 2295.1
1388080 2287.0
1388090 2287.0
1388100 2281.4
1388110 2274.2
1388120 2274.2
1388130 2268.2
1388140 2261.7
1388150 2261.7
1388160 2255.1
1388170 2250.7
1388180 2250.7
1388190 2246.7
1388200 2242.7
1388210 2242.7
1388220 2240.3
1388230 2237.5
1388240 2237.5
1388250 2231.0
1388260 2223.2
1388270 2217.2
1388280 2217.2
1388290 2212.4
1388300 2208.7
1388310 2208.7
1388320 2199.6
1388330 2186.2
1388340 2186.2
1388350 2176.2
1388360 2168.6
1388370 2168.6
1388380 2161.7
1388390 2157.1
1388400 2157.1
1388410 2158.7
1388420 2162.1
1388430 2160.8
1388440 2160.8
1388450 2156.7
1388460 2152.4
1388470 2152.4
1388480 2147.9
1388490 2143.3
1388500 2143.3
1388510 2138.7
1388520 2132.5
1388530 2132.5
1388540 2124.1
1388550 2114.8
1388560 2114.8
1388570 2106.1
1388580 2097.4
1388590 2097.4
1388600 2088.3
1388610 2080.7
1388620 2073.2
1388630 2073.2
1388640 2065.7
1388650 2058.4
1388660 2058.4
1388670 2051.1
1388680 2044.8
1388690 2044.8
1388700 2041.2
1388710 2039.1
1388720 2039.1
1388730 2037.0
1388740 2035.1
1388750 2035.1
1388760 2033.4
1388770 2031.6
1388780 2031.6
1388790 2029.4
1388800 2027.5
1388810 2026.0
1388820 2026.0
1388830 2025.3
1388840 2025.4
1388850 2025.4
1388860 2027.3
1388870 2028.1
1388880 2028.1
1388890 2028.8
1388900 2028.7
1388910 2028.7
1388920 2027.4
1388930 2026.9
1388940 2030.8
1388950 2030.2
1388960 2029.7
1388970 2029.7
1388980 2028.8
1388990 2029.4
1389000 2030.2
1389010 2030.2
1389020 2031.1
1389030 2031.1
1389040 2031.1
1389050 2031.2
1389060 2031.6
1389070 2031.6
1389080 2031.9
1389090 2032.1
1389100 2032.1
1389110 2033.6
1389120 2034.4
1389130 2034.4
1389140 2033.7
1389150 2033.3
1389160 2033.3
1389170 2034.3
1389180 2036.7
1389190 2038.5
1389200 2038.5
1389210 2039.9
1389220 2044.3
1389230 2044.3
1389240 2049.2
1389250 2052.6
1389260 2052.6
1389270 2054.1
1389280 2052.5
1389290 2052.5
1389300 2055.3
1389310 2063.9
1389320 2063.9
1389330 2074.1
1389340 2083.1
1389350 2083.1
1389360 2089.1
1389370 2095.0
1389380 2100.8
1389390 2100.8
1389400 2106.8
1389410 2115.3
1389420 2115.3
1389430 2124.9
1389440 2133.1
1389450 2133.1
1389460 2140.5
1389470 2149.3
1389480 2149.3
1389490 2156.2
1389500 2160.3
1389510 2160.3
1389520 2163.6
1389530 2168.1
1389540 2168.1
1389550 2171.3
1389560 2174.5
1389570 2177.7
1389580 2177.7
1389590 2181.5
1389600 2183.2
1389610 2183.2
1389620 2186.8
1389630 2191.5
1389640 2191.5
1389650 2201.0
1389660 2206.5
1389670 2206.5
1389680 2209.1
1389690 2214.3
1389700 2214.3
1389710 2221.3
1389720 2226.2
1389730 2226.2
1389740 2227.6
1389750 2228.0
1389760 2228.5
1389770 2228.5
1389780 2230.1
1389790 2232.1
1389800 2232.1
1389810 2234.8
1389820 2237.7
1389830 2237.7
1389840 2240.4
1389850 2243.7
1389860 2243.7
1389870 2246.3
1389880 2248.1
1389890 2248.1
1389900 2249.5
1389910 2247.0
1389920 2247.0
1389930 2241.6
1389940 2240.7
1389950 2242.4
1389960 2242.4
1389970 2242.1
1389980 2243.4
1389990 2243.4
1390000 2243.5
1390010 2243.8
1390020 2243.8
1390030 2245.6
1390040 2247.5
1390050 2247.5
1390060 2248.5
1390070 2250.6
1390080 2250.6
1390090 2254.8
1390100 2257.6
1390110 2259.0
1390120 2259.0
1390130 2261.5
1390140 2264.9
1390150 2264.9
1390160 2265.0
1390170 2263.2
1390180 2263.2
1390190 2256.7
1390200 2254.8
1390210 2254.8
1390220 2253.8
1390230 2250.4
1390240 2250.4
1390250 2252.2
1390260 2258.2
1390270 2264.2
1390280 2271.3
1390290 2276.6
1390300 2277.9
1390310 2277.9
1390320 2280.2
1390330 2284.6
1390340 2284.6
1390350 2287.6
1390360 2286.3
1390370 2286.3
1390380 2279.5
1390390 2271.2
1390400 2271.2
1390410 2264.0
1390420 2257.3
1390430 2257.3
1390440 2250.8
1390450 2244.3
1390460 2244.3
1390470 2239.6
1390480 2238.7
1390490 2238.6
1390500 2238.6
1390510 2232.7
1390520 2224.9
1390530 2224.9
1390540 2217.2
1390550 2208.0
1390560 2208.0
1390570 2197.6
1390580 2189.5
1390590 2189.5
1390600 2181.9
1390610 2174.4
1390620 2174.4
1390630 2168.0
1390640 2161.0
1390650 2161.0
1390660 2154.4
1390670 2147.6
1390680 2140.6
1390690 2140.6
1390700 2133.8
1390710 2127.3
1390720 2127.3
1390730 2121.0
1390740 2114.8
1390750 2114.8
1390760 2109.6
1390770 2105.3
1390780 2105.3
1390790 2100.1
1390800 2095.2
1390810 2095.2
1390820 2091.0
1390830 2087.1
1390840 2087.1
1390850 2082.6
1390860 2077.5
1390870 2070.1
1390880 2070.1
1390890 2059.9
1390900 2046.3
1390910 2046.3
1390920 2032.9
1390930 2019.0
1390940 2019.0
1390950 2007.6
1390960 2003.7
1390970 2003.7
1390980 2003.8
1390990 2005.7
1391000 2005.7
1391010 2006.5
1391020 1997.7
1391030 1997.7
1391040 1989.5
1391050 1983.5
1391060 1977.0
1391070 1977.0
1391080 1968.3
1391090 1958.8
1391100 1958.8
1391110 1954.4
1391120 1949.0
1391130 1949.0
1391140 1938.3
1391150 1930.9
1391160 1930.9
1391170 1928.3
1391180 1924.6
1391190 1924.6
1391200 1922.2
1391210 1918.6
1391220 1918.6
1391230 1912.4
1391240 1904.3
1391250 1900.9
1391260 1900.9
1391270 1903.0
1391280 1900.7
1391290 1900.7
1391300 1896.7
1391310 1893.1
1391320 1893.1
1391330 1889.9
1391340 1886.3
1391350 1886.3
1391360 1882.1
1391370 1878.4
1391380 1878.4
1391390 1874.3
1391400 1870.7
1391410 1870.7
1391420 1867.2
1391430 1863.6
1391440 1860.1
1391450 1860.1
1391460 1858.4
1391470 1857.3
1391480 1857.3
1391490 1861.2
1391500 1864.0
1391510 1864.0
1391520 1866.3
1391530 1868.2
1391540 1868.2
1391550 1870.8
1391560 1874.2
1391570 1874.2
1391580 1877.6
1391590 1880.7
1391600 1880.7
1391610 1884.3
1391620 1889.2
1391630 1892.6
1391640 1892.6
1391650 1895.9
1391660 1897.7
1391670 1897.7
1391680 1900.6
1391690 1904.2
1391700 1904.2
1391710 1907.6
1391720 1911.3
1391730 1911.3
1391740 1914.8
1391750 1919.1
1391760 1919.1
1391770 1923.8
1391780 1927.4
1391790 1928.9
1391800 1928.9
1391810 1930.5
1391820 1935.7
1391830 1935.7
1391840 1942.8
1391850 1949.1
1391860 1949.1
1391870 1954.3
1391880 1958.8
1391890 1958.8
1391900 1963.3
1391910 1967.8
1391920 1967.8
1391930 1972.1
1391940 1976.2
1391950 1976.2
1391960 1980.8
1391970 1987.2
1391980 1994.8
1391990 1994.8
1392000 2002.3
1392010 2009.9
1392020 2009.9
1392030 2017.3
1392040 2025.0
1392050 2025.0
1392060 2032.5
1392070 2039.5
1392080 2039.5
1392090 2045.3
1392100 2051.0
1392110 2051.0
1392120 2057.2
1392130 2064.1
1392140 2064.1
1392150 2071.9
1392160 2080.6
1392170 2089.3
1392180 2089.3
1392190 2097.3
1392200 2106.2
1392210 2106.2
1392220 2115.1
1392230 2124.1
1392240 2124.1
1392250 2131.5
1392260 2138.2
1392270 2138.2
1392280 2142.2
1392290 2147.5
1392300 2147.5
1392310 2154.5
1392320 2162.4
1392330 2162.4
1392340 2170.3
1392350 2177.1
1392360 2183.6
1392370 2183.6
1392380 2191.6
1392390 2198.4
1392400 2198.4
1392410 2204.7
1392420 2209.5
1392430 2209.5
1392440 2214.2
1392450 2219.7
1392460 2219.7
1392470 2225.0
1392480 2228.5
1392490 2228.5
1392500 2232.9
1392510 2239.0
1392520 2239.0
1392530 2246.8
1392540 2255.2
1392550 2263.8
1392560 2263.8
1392570 2271.7
1392580 2278.9
1392590 2278.9
1392600 2286.3
1392610 2293.7
1392620 2293.7
1392630 2302.0
1392640 2310.3
1392650 2310.3
1392660 2319.7
1392670 2329.7
1392680 2329.7
1392690 2340.1
1392700 2348.9
1392710 2348.9
1392720 2358.7
1392730 2370.9
1392740 2380.9
1392750 2380.9
1392760 2387.5
1392770 2394.7
1392780 2394.7
1392790 2401.4
1392800 2407.8
1392810 2407.8
1392820 2414.1
1392830 2419.6
1392840 2419.6
1392850 2425.7
1392860 2432.7
1392870 2432.7
1392880 2440.2
1392890 2448.9
1392900 2448.9
1392910 2457.7
1392920 2467.7
1392930 2478.4
1392940 2478.4
1392950 2489.2
1392960 2498.2
1392970 2498.2
1392980 2505.0
1392990 2511.5
1393000 2511.5
1393010 2524.1
1393020 2535.7
1393030 2535.7
1393040 2543.2
1393050 2549.2
1393060 2549.2
1393070 2556.8
1393080 2561.6
1393090 2561.6
1393100 2565.0
1393110 2573.0
1393120 2581.3
1393130 2581.3
1393140 2582.1
1393150 2575.7
1393160 2575.7
1393170 2568.4
1393180 2561.2
1393190 2561.2
1393200 2552.5
1393210 2545.3
1393220 2545.3
1393230 2539.0
1393240 2532.8
1393250 2532.8
1393260 2527.2
1393270 2522.0
1393280 2518.5
1393290 2518.5
1393300 2515.2
1393310 2513.1
1393320 2513.1
1393330 2510.8
1393340 2509.1
1393350 2509.1
1393360 2508.3
1393370 2508.4
1393380 2508.4
1393390 2507.1
1393400 2502.2
1393410 2502.2
1393420 2496.4
1393430 2490.6
1393440 2490.6
1393450 2485.6
1393460 2483.6
1393470 2483.5
1393480 2483.5
1393490 2482.9
1393500 2483.7
1393510 2483.7
1393520 2484.8
1393530 2484.3
1393540 2484.3
1393550 2483.5
1393560 2478.8
1393570 2478.8
1393580 2472.2
1393590 2465.9
1393600 2465.9
1393610 2458.5
1393620 2451.6
1393630 2451.6
1393640 2444.5
1393650 2435.6
1393660 2427.1
1393670 2427.1
1393680 2418.9
1393690 2410.4
1393700 2410.4
1393710 2401.9
1393720 2394.1
1393730 2394.1
1393740 2386.9
1393750 2379.1
1393760 2379.1
1393770 2371.2
1393780 2364.2
1393790 2364.2
1393800 2358.0
1393810 2352.3
1393820 2352.3
1393830 2346.9
1393840 2341.9
1393850 2336.2
1393860 2336.2
1393870 2330.6
1393880 2325.4
1393890 2325.4
1393900 2321.8
1393910 2319.8
1393920 2319.8
1393930 2318.1
1393940 2316.3
1393950 2316.3
1393960 2314.5
1393970 2313.3
1393980 2313.3
1393990 2312.3
1394000 2311.2
1394010 2311.2
1394020 2310.3
1394030 2309.3
1394040 2307.3
1394050 2307.3
1394060 2305.4
1394070 2303.5
1394080 2303.5
1394090 2302.2
1394100 2300.6
1394110 2300.6
1394120 2299.1
1394130 2297.1
1394140 2297.1
1394150 2294.7
1394160 2292.4
1394170 2292.4
1394180 2290.5
1394190 2289.3
1394200 2289.3
1394210 2288.5
1394220 2288.4
1394230 2288.7
1394240 2288.7
1394250 2288.8
1394260 2288.3
1394270 2288.3
1394280 2288.1
1394290 2288.1
1394300 2288.1
1394310 2288.4
1394320 2288.7
1394330 2288.7
1394340 2289.1
1394350 2289.1
1394360 2289.1
1394370 2286.1
1394380 2286.0
1394390 2286.0
1394400 2285.7
1394410 2285.7
1394420 2283.7
1394430 2283.7
1394440 2280.0
1394450 2275.6
1394460 2275.6
1394470 2270.7
1394480 2265.3
1394490 2265.3
1394500 2260.3
1394510 2255.2
1394520 2255.2
1394530 2250.5
1394540 2245.6
1394550 2245.6
1394560 2240.7
1394570 2235.9
1394580 2235.9
1394590 2231.0
1394600 2226.1
1394610 2221.1
1394620 2221.1
1394630 2216.9
1394640 2214.3
1394650 2214.3
1394660 2210.8
1394670 2206.5
1394680 2206.5
1394690 2203.1
1394700 2199.8
1394710 2199.8
1394720 2191.4
1394730 2181.2
1394740 2181.2
1394750 2178.9
1394760 2174.1
1394770 2168.0
1394780 2168.0
1394790 2163.1
1394800 2157.5
1394810 2157.5
1394820 2148.4
1394830 2140.7
1394840 2140.7
1394850 2132.6
1394860 2124.5
1394870 2124.5
1394880 2114.5
1394890 2107.4
1394900 2107.4
1394910 2101.7
1394920 2093.3
1394930 2093.3
1394940 2087.9
1394950 2082.7
1394960 2077.2
1394970 2077.2
1394980 2071.7
1394990 2066.0
1395000 2066.0
1395010 2060.7
1395020 2057.9
1395030 2057.9
1395040 2056.6
1395050 2053.5
1395060 2053.5
1395070 2048.1
1395080 2038.6
1395090 2038.6
1395100 2028.9
1395110 2024.4
1395120 2024.4
1395130 2021.5
1395140 2019.4
1395150 2017.0
1395160 2017.0
1395170 2014.4
1395180 2007.8
1395190 2007.8
1395200 2004.8
1395210 2010.0
1395220 2010.0
1395230 2009.4
1395240 2008.8
1395250 2008.8
1395260 2010.4
1395270 2013.2
1395280 2013.2
1395290 2016.3
1395300 2019.2
1395310 2019.2
1395320 2022.4
1395330 2026.5
1395340 2031.4
1395350 2031.4
1395360 2038.8
1395370 2047.2
1395380 2047.2
1395390 2057.3
1395400 2067.1
1395410 2067.1
1395420 2073.8
1395430 2077.3
1395440 2077.3
1395450 2080.0
1395460 2083.9
1395470 2083.9
1395480 2088.5
1395490 2092.7
1395500 2092.7
1395510 2097.0
1395520 2102.2
1395530 2108.7
1395540 2108.7
1395550 2115.5
1395560 2122.8
1395570 2122.8
1395580 2127.6
1395590 2131.7
1395600 2131.7
1395610 2137.2
1395620 2143.1
1395630 2143.1
1395640 2148.8
1395650 2153.9
1395660 2153.9
1395670 2158.8
1395680 2163.4
1395690 2163.4
1395700 2167.6
1395710 2169.6
1395720 2169.1
1395730 2169.1
1395740 2170.0
1395750 2172.1
1395760 2172.1
1395770 2175.0
1395780 2178.6
1395790 2181.3
1395800 2184.9
1395810 2188.5
1395820 2188.5
1395830 2192.1
1395840 2195.7
1395850 2195.7
1395860 2199.5
1395870 2203.3
1395880 2203.3
1395890 2206.8
1395900 2210.8
1395910 2214.3
1395920 2214.3
1395930 2219.8
1395940 2226.6
1395950 2226.6
1395960 2233.6
1395970 2240.6
1395980 2240.6
1395990 2246.3
1396000 2250.3
1396010 2250.3
1396020 2253.6
1396030 2258.3
1396040 2258.3
1396050 2264.0
1396060 2269.0
1396070 2269.0
1396080 2271.9
1396090 2275.3
1396100 2280.0
1396110 2280.0
1396120 2285.9
1396130 2292.1
1396140 2292.1
1396150 2297.9
1396160 2302.5
1396170 2302.5
1396180 2305.7
1396190 2308.3
1396200 2308.3
1396210 2311.2
1396220 2314.4
1396230 2314.4
1396240 2319.6
1396250 2324.8
1396260 2324.8
1396270 2329.4
1396280 2334.1
1396290 2338.6
1396300 2338.6
1396310 2342.7
1396320 2345.1
1396330 2345.1
1396340 2344.4
1396350 2343.5
1396360 2343.5
1396370 2342.2
1396380 2339.6
1396390 2339.6
1396400 2333.8
1396410 2327.7
1396420 2327.7
1396430 2324.4
1396440 2320.1
1396450 2316.5
1396460 2316.5
1396470 2316.9
1396480 2316.0
1396490 2316.0
1396500 2319.6
1396510 2323.9
1396520 2323.9
1396530 2325.4
1396540 2321.8
1396550 2321.8
1396560 2316.1
1396570 2315.4
1396580 2315.4
1396590 2316.2
1396600 2316.7
1396610 2316.7
1396620 2316.8
1396630 2318.1
1396640 2320.8
1396650 2320.8
1396660 2322.9
1396670 2324.9
1396680 2324.9
1396690 2326.2
1396700 2323.5
1396710 2323.5
1396720 2322.0
1396730 2323.8
1396740 2323.8
1396750 2325.6
1396760 2326.3
1396770 2326.3
1396780 2326.8
1396790 2328.4
1396800 2328.4
1396810 2333.2
1396820 2340.1
1396830 2347.5
1396840 2347.5
1396850 2355.2
1396860 2362.4
1396870 2362.4
1396880 2367.7
1396890 2372.0
1396900 2372.0
1396910 2376.3
1396920 2381.8
1396930 2381.8
1396940 2385.5
1396950 2387.4
1396960 2387.4
1396970 2388.9
1396980 2390.0
1396990 2390.0
1397000 2390.4
1397010 2391.5
1397020 2392.5
1397030 2392.5
1397040 2394.7
1397050 2396.7
1397060 2396.7
1397070 2397.3
1397080 2394.2
1397090 2394.2
1397100 2388.5
1397110 2386.9
1397120 2386.9
1397130 2387.5
1397140 2387.0
1397150 2387.0
1397160 2386.9
1397170 2385.2
1397180 2385.2
1397190 2383.5
1397200 2382.6
1397210 2385.9
1397220 2393.7
1397230 2400.4
1397240 2404.4
1397250 2404.4
1397260 2405.4
1397270 2407.7
1397280 2407.7
1397290 2407.1
1397300 2404.1
1397310 2404.1
1397320 2406.5
1397330 2412.7
1397340 2412.7
1397350 2415.7
1397360 2416.9
1397370 2416.9
1397380 2415.7
1397390 2419.3
1397400 2425.0
1397410 2425.0
1397420 2430.0
1397430 2432.8
1397440 2432.8
1397450 2434.2
1397460 2437.0
1397470 2437.0
1397480 2440.5
1397490 2443.6
1397500 2443.6
1397510 2447.0
1397520 2451.5
1397530 2451.5
1397540 2457.1
1397550 2463.9
1397560 2463.9
1397570 2471.4
1397580 2477.5
1397590 2480.7
1397600 2480.7
1397610 2481.2
1397620 2484.9
1397630 2484.9
1397640 2489.3
1397650 2494.8
1397660 2494.8
1397670 2501.5
1397680 2509.6
1397690 2509.6
1397700 2518.2
1397710 2526.9
1397720 2526.9
1397730 2534.4
1397740 2539.9
1397750 2539.9
1397760 2542.9
1397770 2544.3
1397780 2548.2
1397790 2548.2
1397800 2553.7
1397810 2560.2
1397820 2560.2
1397830 2564.1
1397840 2568.7
1397850 2568.7
1397860 2573.0
1397870 2574.4
1397880 2574.4
1397890 2575.0
1397900 2576.8
1397910 2576.8
1397920 2578.0
1397930 2579.8
1397940 2582.1
1397950 2582.1
1397960 2584.0
1397970 2587.2
1397980 2587.2
1397990 2590.3
1398000 2592.4
1398010 2592.4
1398020 2596.0
1398030 2600.8
1398040 2600.8
1398050 2605.4
1398060 2609.0
1398070 2609.0
1398080 2611.7
1398090 2613.9
1398100 2613.9
1398110 2615.6
1398120 2617.0
1398130 2617.9
1398140 2617.9
1398150 2618.4
1398160 2618.3
1398170 2618.3
1398180 2617.8
1398190 2612.9
1398200 2612.9
1398210 2607.8
1398220 2602.2
1398230 2602.2
1398240 2596.6
1398250 2591.8
1398260 2591.8
1398270 2586.3
1398280 2582.4
1398290 2582.4
1398300 2581.0
1398310 2575.6
1398320 2568.1
1398330 2568.1
1398340 2560.6
1398350 2550.6
1398360 2550.6
1398370 2545.0
1398380 2542.1
1398390 2542.1
1398400 2538.7
1398410 2530.8
1398420 2530.8
1398430 2526.2
1398440 2523.2
1398450 2523.2
1398460 2522.0
1398470 2520.4
1398480 2520.4
1398490 2517.2
1398500 2516.3
1398510 2517.3
1398520 2517.3
1398530 2517.2
1398540 2517.7
1398550 2517.7
1398560 2517.4
1398570 2515.9
1398580 2515.9
1398590 2514.3
1398600 2513.0
1398610 2513.0
1398620 2510.1
1398630 2507.1
1398640 2507.1
1398650 2504.1
1398660 2501.0
1398670 2501.0
1398680 2498.9
1398690 2494.6
1398700 2486.5
1398710 2486.5
1398720 2476.8
1398730 2469.9
1398740 2469.9
1398750 2466.7
1398760 2467.0
1398770 2467.0
1398780 2466.0
1398790 2462.7
1398800 2462.7
1398810 2459.6
1398820 2456.2
1398830 2456.2
1398840 2455.6
1398850 2454.3
1398860 2454.3
1398870 2453.7
1398880 2451.1
1398890 2446.7
1398900 2446.7
1398910 2443.5
1398920 2441.6
1398930 2441.6
1398940 2440.7
1398950 2437.5
1398960 2437.5
1398970 2428.4
1398980 2414.8
1398990 2414.8
1399000 2402.6
1399010 2394.1
1399020 2394.1
1399030 2386.3
1399040 2377.8
1399050 2377.8
1399060 2369.0
1399070 2362.9
1399080 2358.4
1399090 2358.4
1399100 2353.8
1399110 2349.4
1399120 2349.4
1399130 2343.6
1399140 2337.8
1399150 2337.8
1399160 2333.0
1399170 2326.9
1399180 2326.9
1399190 2314.4
1399200 2305.7
1399210 2305.7
1399220 2297.3
1399230 2290.7
1399240 2290.7
1399250 2287.2
1399260 2283.6
1399270 2279.5
1399280 2279.5
1399290 2276.6
1399300 2272.8
1399310 2272.8
1399320 2266.7
1399330 2260.7
1399340 2260.7
1399350 2254.5
1399360 2247.0
1399370 2247.0
1399380 2238.6
1399390 2231.8
1399400 2231.8
1399410 2227.1
1399420 2224.8
1399430 2224.8
1399440 2224.5
1399450 2225.2
1399460 2224.8
1399470 2224.8
1399480 2220.9
1399490 2213.8
1399500 2213.8
1399510 2207.4
1399520 2203.9
1399530 2203.9
1399540 2202.3
1399550 2201.4
1399560 2201.4
1399570 2198.0
1399580 2190.8
1399590 2190.8
1399600 2184.7
1399610 2176.6
1399620 2165.0
1399630 2165.0
1399640 2157.9
1399650 2152.1
1399660 2152.1
1399670 2146.9
1399680 2141.0
1399690 2141.0
1399700 2136.4
1399710 2130.6
1399720 2130.6
1399730 2124.4
1399740 2118.2
1399750 2118.2
1399760 2112.3
1399770 2106.5
1399780 2106.5
1399790 2101.1
1399800 2095.7
1399810 2090.8
1399820 2090.8
1399830 2085.6
1399840 2079.8
1399850 2079.8
1399860 2074.0
1399870 2068.8
1399880 2068.8
1399890 2063.7
1399900 2058.4
1399910 2058.4
1399920 2053.9
1399930 2049.3
1399940 2049.3
1399950 2043.5
1399960 2037.6
1399970 2037.6
1399980 2032.2
1399990 2027.6
