1380000 2532.1
1380010 2523.4
1380020 2523.4
1380030 2516.0
1380040 2504.9
1380050 2504.9
1380060 2496.0
1380070 2488.6
1380080 2483.1
1380090 2483.1
1380100 2482.4
1380110 2484.3
1380120 2484.3
1380130 2486.3
1380140 2485.2
1380150 2485.2
1380160 2484.1
1380170 2482.1
1380180 2482.1
1380190 2478.4
1380200 2470.4
1380210 2470.4
1380220 2462.5
1380230 2455.1
1380240 2455.1
1380250 2446.2
1380260 2441.1
1380270 2441.7
1380280 2441.7
1380290 2437.4
1380300 2430.9
1380310 2430.9
1380320 2423.3
1380330 2418.8
1380340 2418.8
1380350 2413.9
1380360 2410.6
1380370 2410.6
1380380 2406.3
1380390 2402.9
1380400 2402.9
1380410 2398.2
1380420 2396.2
1380430 2396.2
1380440 2403.5
1380450 2407.0
1380460 2407.8
1380470 2407.8
1380480 2404.9
1380490 2400.1
1380500 2400.1
1380510 2396.7
1380520 2392.7
1380530 2392.7
1380540 2389.5
1380550 2388.0
1380560 2388.0
1380570 2384.2
1380580 2378.1
1380590 2378.1
1380600 2373.4
1380610 2368.4
1380620 2368.4
1380630 2360.8
1380640 2354.3
1380650 2351.8
1380660 2351.8
1380670 2350.1
1380680 2345.9
1380690 2345.9
1380700 2349.0
1380710 2349.7
1380720 2349.7
1380730 2351.0
1380740 2353.4
1380750 2353.4
1380760 2356.0
1380770 2358.5
1380780 2358.5
1380790 2361.5
1380800 2364.8
1380810 2364.8
1380820 2367.7
1380830 2370.4
1380840 2373.0
1380850 2373.0
1380860 2374.8
1380870 2376.8
1380880 2376.8
1380890 2380.0
1380900 2383.7
1380910 2383.7
1380920 2386.0
1380930 2388.6
1380940 2388.6
1380950 2390.7
1380960 2395.2
1380970 2395.2
1380980 2403.1
1380990 2408.7
1381000 2408.7
1381010 2410.0
1381020 2411.7
1381030 2413.0
1381040 2413.0
1381050 2414.1
1381060 2415.1
1381070 2415.1
1381080 2416.5
1381090 2419.1
1381100 2419.1
1381110 2422.5
1381120 2426.4
1381130 2426.4
1381140 2430.3
1381150 2433.9
1381160 2433.9
1381170 2437.5
1381180 2441.2
1381190 2444.6
1381200 2444.6
1381210 2447.6
1381220 2450.9
1381230 2450.9
1381240 2454.6
1381250 2457.0
1381260 2457.0
1381270 2459.7
1381280 2460.2
1381290 2460.2
1381300 2462.5
1381310 2467.2
1381320 2467.2
1381330 2472.0
1381340 2476.3
1381350 2476.3
1381360 2481.2
1381370 2489.6
1381380 2499.2
1381390 2499.2
1381400 2507.2
1381410 2515.5
1381420 2515.5
1381430 2520.8
1381440 2525.3
1381450 2525.3
1381460 2535.4
1381470 2545.3
1381480 2545.3
1381490 2552.8
1381500 2562.4
1381510 2562.4
1381520 2570.7
1381530 2580.7
1381540 2580.7
1381550 2590.1
1381560 2597.3
1381570 2602.7
1381580 2602.7
1381590 2608.1
1381600 2615.9
1381610 2615.9
1381620 2624.0
1381630 2630.7
1381640 2630.7
1381650 2633.2
1381660 2628.3
1381670 2628.3
1381680 2619.9
1381690 2614.4
1381700 2614.4
1381710 2611.1
1381720 2610.8
1381730 2610.8
1381740 2612.6
1381750 2614.1
1381760 2616.3
1381770 2616.3
1381780 2618.3
1381790 2620.3
1381800 2620.3
1381810 2621.0
1381820 2617.6
1381830 2617.6
1381840 2612.9
1381850 2611.1
1381860 2611.1
1381870 2607.3
1381880 2605.1
1381890 2605.1
1381900 2604.9
1381910 2606.7
1381920 2614.6
1381930 2615.5
1381940 2617.1
1381950 2616.9
1381960 2616.9
1381970 2618.1
1381980 2619.4
1381990 2619.4
1382000 2619.2
1382010 2619.0
1382020 2619.0
1382030 2617.4
1382040 2616.9
1382050 2616.9
1382060 2617.7
1382070 2620.3
1382080 2620.3
1382090 2624.2
1382100 2628.5
1382110 2628.5
1382120 2633.0
1382130 2637.4
1382140 2641.3
1382150 2641.3
1382160 2644.5
1382170 2648.0
1382180 2648.0
1382190 2652.6
1382200 2657.1
1382210 2657.1
1382220 2659.6
1382230 2658.8
1382240 2658.8
1382250 2658.3
1382260 2658.3
1382270 2658.3
1382280 2656.1
1382290 2653.8
1382300 2653.8
1382310 2652.3
1382320 2651.8
1382330 2652.7
1382340 2652.7
1382350 2654.7
1382360 2659.8
1382370 2659.8
1382380 2661.6
1382390 2655.6
1382400 2655.6
1382410 2647.4
1382420 2640.9
1382430 2640.9
1382440 2635.9
1382450 2631.9
1382460 2631.9
1382470 2629.1
1382480 2628.3
1382490 2628.3
1382500 2628.7
1382510 2629.7
1382520 2632.5
1382530 2632.5
1382540 2635.4
1382550 2637.3
1382560 2637.3
1382570 2638.0
1382580 2638.7
1382590 2638.7
1382600 2640.0
1382610 2641.6
1382620 2641.6
1382630 2643.2
1382640 2644.9
1382650 2644.9
1382660 2644.6
1382670 2640.0
1382680 2640.0
1382690 2637.3
1382700 2636.7
1382710 2638.2
1382720 2638.2
1382730 2638.8
1382740 2639.1
1382750 2639.1
1382760 2641.5
1382770 2644.1
1382780 2644.1
1382790 2648.1
1382800 2649.3
1382810 2649.3
1382820 2648.1
1382830 2647.0
1382840 2647.0
1382850 2647.4
1382860 2647.3
1382870 2647.3
1382880 2645.5
1382890 2642.8
1382900 2639.1
1382910 2639.1
1382920 2634.9
1382930 2631.1
1382940 2631.1
1382950 2629.1
1382960 2628.9
1382970 2628.9
1382980 2629.9
1382990 2634.1
1383000 2634.1
1383010 2639.9
1383020 2641.8
1383030 2641.8
1383040 2641.9
1383050 2643.4
1383060 2643.4
1383070 2642.4
1383080 2641.3
1383090 2639.6
1383100 2639.6
1383110 2637.3
1383120 2630.9
1383130 2630.9
1383140 2621.0
1383150 2612.4
1383160 2609.9
1383170 2602.7
1383180 2594.9
1383190 2594.9
1383200 2587.6
1383210 2578.2
1383220 2578.2
1383230 2569.0
1383240 2557.1
1383250 2545.2
1383260 2545.2
1383270 2535.5
1383280 2530.3
1383290 2530.3
1383300 2524.8
1383310 2519.3
1383320 2519.3
1383330 2515.1
1383340 2511.7
1383350 2511.7
1383360 2506.9
1383370 2501.6
1383380 2501.6
1383390 2497.2
1383400 2493.6
1383410 2493.6
1383420 2491.0
1383430 2489.5
1383440 2489.7
1383450 2489.7
1383460 2492.2
1383470 2493.7
1383480 2493.7
1383490 2492.4
1383500 2490.6
1383510 2490.6
1383520 2490.2
1383530 2490.4
1383540 2490.4
1383550 2491.2
1383560 2492.0
1383570 2492.0
1383580 2494.0
1383590 2496.8
1383600 2496.8
1383610 2498.4
1383620 2499.7
1383630 2501.4
1383640 2501.4
1383650 2502.7
1383660 2505.5
1383670 2505.5
1383680 2509.9
1383690 2516.0
1383700 2516.0
1383710 2523.3
1383720 2529.9
1383730 2529.9
1383740 2535.8
1383750 2541.4
1383760 2541.4
1383770 2547.5
1383780 2553.7
1383790 2553.7
1383800 2559.7
1383810 2564.9
1383820 2569.8
1383830 2569.8
1383840 2572.5
1383850 2572.7
1383860 2572.7
1383870 2572.5
1383880 2572.4
1383890 2572.4
1383900 2572.1
1383910 2572.6
1383920 2572.6
1383930 2573.5
1383940 2574.3
1383950 2574.3
1383960 2574.2
1383970 2572.7
1383980 2572.7
1383990 2572.1
1384000 2572.5
1384010 2572.7
1384020 2572.7
1384030 2573.6
1384040 2574.6
1384050 2574.6
1384060 2574.4
1384070 2571.9
1384080 2571.9
1384090 2565.9
1384100 2560.4
1384110 2560.4
1384120 2556.7
1384130 2552.9
1384140 2552.9
1384150 2549.5
1384160 2548.8
1384170 2548.8
1384180 2549.6
1384190 2551.1
1384200 2554.4
1384210 2554.4
1384220 2556.0
1384230 2556.3
1384240 2556.3
1384250 2553.7
1384260 2547.9
1384270 2547.9
1384280 2543.7
1384290 2541.5
1384300 2541.5
1384310 2538.5
1384320 2535.2
1384330 2535.2
1384340 2535.0
1384350 2537.4
1384360 2537.4
1384370 2537.7
1384380 2535.2
1384390 2532.6
1384400 2532.6
1384410 2521.5
1384420 2520.0
1384430 2520.0
1384440 2520.4
1384450 2520.7
1384460 2520.7
1384470 2521.0
1384480 2521.0
1384490 2521.0
1384500 2521.4
1384510 2521.9
1384520 2521.9
1384530 2521.5
1384540 2521.3
1384550 2521.3
1384560 2521.3
1384570 2521.5
1384580 2522.2
1384590 2522.2
1384600 2523.4
1384610 2524.2
1384620 2524.2
1384630 2524.6
1384640 2525.2
1384650 2525.2
1384660 2526.4
1384670 2526.2
1384680 2526.2
1384690 2525.4
1384700 2524.2
1384710 2524.2
1384720 2523.1
1384730 2523.3
1384740 2523.3
1384750 2524.8
1384760 2527.1
1384770 2529.9
1384780 2529.9
1384790 2532.5
1384800 2533.4
1384810 2533.4
1384820 2532.2
1384830 2530.0
1384840 2530.0
1384850 2528.3
1384860 2527.2
1384870 2527.2
1384880 2527.8
1384890 2530.2
1384900 2530.2
1384910 2533.7
1384920 2537.9
1384930 2537.9
1384940 2542.5
1384950 2548.0
1384960 2553.8
1384970 2553.8
1384980 2559.9
1384990 2566.1
1385000 2566.1
1385010 2571.7
1385020 2577.1
1385030 2577.1
1385040 2582.0
1385050 2585.0
1385060 2585.0
1385070 2585.4
1385080 2585.2
1385090 2585.2
1385100 2582.8
1385110 2581.2
1385120 2581.2
1385130 2580.8
1385140 2581.3
1385150 2582.4
1385160 2582.4
1385170 2584.2
1385180 2586.3
1385190 2586.3
1385200 2588.0
1385210 2588.8
1385220 2588.8
1385230 2586.3
1385240 2584.5
1385250 2584.5
1385260 2583.9
1385270 2581.4
1385280 2581.4
1385290 2578.4
1385300 2572.4
1385310 2566.8
1385320 2566.8
1385330 2561.6
1385340 2556.2
1385350 2556.2
1385360 2550.5
1385370 2544.5
1385380 2544.5
1385390 2539.6
1385400 2537.0
1385410 2537.0
1385420 2536.4
1385430 2535.4
1385440 2535.4
1385450 2534.7
1385460 2533.0
1385470 2533.0
1385480 2530.5
1385490 2530.3
1385500 2532.1
1385510 2532.1
1385520 2533.2
1385530 2533.8
1385540 2533.8
1385550 2534.3
1385560 2534.8
1385570 2534.8
1385580 2535.6
1385590 2535.0
1385600 2535.0
1385610 2535.7
1385620 2537.9
1385630 2537.9
1385640 2538.3
1385650 2537.0
1385660 2537.0
1385670 2535.9
1385680 2535.2
1385690 2531.8
1385700 2531.8
1385710 2533.6
1385720 2536.3
1385730 2536.3
1385740 2538.8
1385750 2540.2
1385760 2540.2
1385770 2538.8
1385780 2535.9
1385790 2535.9
1385800 2535.2
1385810 2535.4
1385820 2535.4
1385830 2535.4
1385840 2535.7
1385850 2535.7
1385860 2536.8
1385870 2538.5
1385880 2539.6
1385890 2539.6
1385900 2540.6
1385910 2541.7
1385920 2541.7
1385930 2543.6
1385940 2546.5
1385950 2546.5
1385960 2550.0
1385970 2552.3
1385980 2552.3
1385990 2552.3
1386000 2552.2
1386010 2552.2
1386020 2552.6
1386030 2553.7
1386040 2553.7
1386050 2555.3
1386060 2557.3
1386070 2561.5
1386080 2561.5
1386090 2565.9
1386100 2566.1
1386110 2566.1
1386120 2565.1
1386130 2566.3
1386140 2566.3
1386150 2569.3
1386160 2573.0
1386170 2573.0
1386180 2577.5
1386190 2582.6
1386200 2582.6
1386210 2587.8
1386220 2593.2
1386230 2593.2
1386240 2598.8
1386250 2605.0
1386260 2611.9
1386270 2611.9
1386280 2619.4
1386290 2625.8
1386300 2625.8
1386310 2632.6
1386320 2639.8
1386330 2639.8
1386340 2648.1
1386350 2655.6
1386360 2655.6
1386370 2663.1
1386380 2671.6
1386390 2671.6
1386400 2679.5
1386410 2687.5
1386420 2687.5
1386430 2696.1
1386440 2705.3
1386450 2714.3
1386460 2714.3
1386470 2722.3
1386480 2727.5
1386490 2727.5
1386500 2730.0
1386510 2731.6
1386520 2731.6
1386530 2735.5
1386540 2739.2
1386550 2739.2
1386560 2741.2
1386570 2743.2
1386580 2743.2
1386590 2744.8
1386600 2746.2
1386610 2746.2
1386620 2748.4
1386630 2750.4
1386640 2752.9
1386650 2752.9
1386660 2756.1
1386670 2759.6
1386680 2759.6
1386690 2763.1
1386700 2767.6
1386710 2767.6
1386720 2772.1
1386730 2777.2
1386740 2777.2
1386750 2782.3
1386760 2787.6
1386770 2787.6
1386780 2792.6
1386790 2795.7
1386800 2795.7
1386810 2794.7
1386820 2790.9
1386830 2785.1
1386840 2785.1
1386850 2778.4
1386860 2770.3
1386870 2770.3
1386880 2760.8
1386890 2752.2
1386900 2752.2
1386910 2740.6
1386920 2725.8
1386930 2725.8
1386940 2716.1
1386950 2709.1
1386960 2709.1
1386970 2704.0
1386980 2696.0
1386990 2696.0
1387000 2688.5
1387010 2682.1
1387020 2676.5
1387030 2676.5
1387040 2671.4
1387050 2669.2
1387060 2669.2
1387070 2667.2
1387080 2664.9
1387090 2664.9
1387100 2663.0
1387110 2661.7
1387120 2661.7
1387130 2660.3
1387140 2657.9
1387150 2657.9
1387160 2656.4
1387170 2653.9
1387180 2650.4
1387190 2650.4
1387200 2644.8
1387210 2636.2
1387220 2636.2
1387230 2621.1
1387240 2606.0
1387250 2606.0
1387260 2596.2
1387270 2589.8
1387280 2589.8
1387290 2584.1
1387300 2578.5
1387310 2578.5
1387320 2573.4
1387330 2571.4
1387340 2571.4
1387350 2567.0
1387360 2560.1
1387370 2553.6
1387380 2553.6
1387390 2546.6
1387400 2531.6
1387410 2531.6
1387420 2514.4
1387430 2498.3
1387440 2498.3
1387450 2484.9
1387460 2477.7
1387470 2477.7
1387480 2471.2
1387490 2465.6
1387500 2465.6
1387510 2460.3
1387520 2454.5
1387530 2454.5
1387540 2450.2
1387550 2448.2
1387560 2445.6
1387570 2445.6
1387580 2443.3
1387590 2440.7
1387600 2440.7
1387610 2437.6
1387620 2434.8
1387630 2434.8
1387640 2433.3
1387650 2432.3
1387660 2432.3
1387670 2431.1
1387680 2429.4
1387690 2429.4
1387700 2426.5
1387710 2424.0
1387720 2424.0
1387730 2422.7
1387740 2416.7
1387750 2403.1
1387760 2403.1
1387770 2394.7
1387780 2387.5
1387790 2387.5
1387800 2380.6
1387810 2374.3
1387820 2374.3
1387830 2367.0
1387840 2358.2
1387850 2358.2
1387860 2351.3
1387870 2345.3
1387880 2345.3
1387890 2340.2
1387900 2334.8
1387910 2334.8
1387920 2329.5
1387930 2324.4
1387940 2319.8
1387950 2319.8
1387960 2316.2
1387970 2312.8
1387980 2312.8
1387990 2309.5
1388000 2305.9
1388010 2305.9
1388020 2302.2
1388030 2298.6
1388040 2298.6
1388050 2293.5
1388060 2287.3
1388070 2287.3
1388080 2281.5
1388090 2276.7
1388100 2276.7
1388110 2274.8
1388120 2273.1
1388130 2267.6
1388140 2267.6
1388150 2262.9
1388160 2259.8
1388170 2259.8
1388180 2256.6
1388190 2256.1
1388200 2256.1
1388210 2255.3
1388220 2252.6
1388230 2252.6
1388240 2248.0
1388250 2244.8
1388260 2244.8
1388270 2238.7
1388280 2237.7
1388290 2237.7
1388300 2237.0
1388310 2236.8
1388320 2234.1
1388330 2234.1
1388340 2231.3
1388350 2228.7
1388360 2228.7
1388370 2226.3
1388380 2223.8
1388390 2223.8
1388400 2220.7
1388410 2216.8
1388420 2216.8
1388430 2214.3
1388440 2213.6
1388450 2213.6
1388460 2210.2
1388470 2204.4
1388480 2204.4
1388490 2202.4
1388500 2200.8
1388510 2195.9
1388520 2195.9
1388530 2189.3
1388540 2184.0
1388550 2184.0
1388560 2182.3
1388570 2184.1
1388580 2184.1
1388590 2182.8
1388600 2178.0
1388610 2178.0
1388620 2173.4
1388630 2169.4
1388640 2169.4
1388650 2167.8
1388660 2165.7
1388670 2165.7
1388680 2161.5
1388690 2160.2
1388700 2161.2
1388710 2161.2
1388720 2161.6
1388730 2160.8
1388740 2160.8
1388750 2157.4
1388760 2154.3
1388770 2154.3
1388780 2153.8
1388790 2150.6
1388800 2150.6
1388810 2145.0
1388820 2138.1
1388830 2138.1
1388840 2130.7
1388850 2123.1
1388860 2123.1
1388870 2115.9
1388880 2109.5
1388890 2101.8
1388900 2101.8
1388910 2096.6
1388920 2094.8
1388930 2094.8
1388940 2090.3
1388950 2084.7
1388960 2084.7
1388970 2079.1
1388980 2075.4
1388990 2075.4
1389000 2071.4
1389010 2068.1
1389020 2068.1
1389030 2065.2
1389040 2062.2
1389050 2062.2
1389060 2059.0
1389070 2055.8
1389080 2050.7
1389090 2050.7
1389100 2044.6
1389110 2039.0
1389120 2039.0
1389130 2033.6
1389140 2028.7
1389150 2028.7
1389160 2023.7
1389170 2018.9
1389180 2018.9
1389190 2013.7
1389200 2008.4
1389210 2008.4
1389220 2003.5
1389230 1998.7
1389240 1993.9
1389250 1993.9
1389260 1989.2
1389270 1985.6
1389280 1985.6
1389290 1982.1
1389300 1978.2
1389310 1978.2
1389320 1974.5
1389330 1970.1
1389340 1970.1
1389350 1964.6
1389360 1962.7
1389370 1962.7
1389380 1962.0
1389390 1959.6
1389400 1959.6
1389410 1955.9
1389420 1950.4
1389430 1946.8
1389440 1946.8
1389450 1944.9
1389460 1941.9
1389470 1941.9
1389480 1937.9
1389490 1936.9
1389500 1936.9
1389510 1936.4
1389520 1935.1
1389530 1935.1
1389540 1933.4
1389550 1930.5
1389560 1930.5
1389570 1927.3
1389580 1924.0
1389590 1924.0
1389600 1921.1
1389610 1918.9
1389620 1916.7
1389630 1916.7
1389640 1914.5
1389650 1912.0
1389660 1912.0
1389670 1909.7
1389680 1907.4
1389690 1907.4
1389700 1905.0
1389710 1902.6
1389720 1902.6
1389730 1900.4
1389740 1898.4
1389750 1898.4
1389760 1896.5
1389770 1894.7
1389780 1894.7
1389790 1892.6
1389800 1890.4
1389810 1888.8
1389820 1888.8
1389830 1888.1
1389840 1889.0
1389850 1889.0
1389860 1889.9
1389870 1891.3
1389880 1891.3
1389890 1892.2
1389900 1893.5
1389910 1893.5
1389920 1896.1
1389930 1898.9
1389940 1898.9
1389950 1901.5
1389960 1904.4
1389970 1904.4
1389980 1906.0
1389990 1907.6
1390000 1909.3
1390010 1909.3
1390020 1910.4
1390030 1912.0
1390040 1912.0
1390050 1913.0
1390060 1913.6
1390070 1913.6
1390080 1914.3
1390090 1914.9
1390100 1914.9
1390110 1915.4
1390120 1916.1
1390130 1916.1
1390140 1917.0
1390150 1917.6
1390160 1917.6
1390170 1918.7
1390180 1918.9
1390190 1918.4
1390200 1918.4
1390210 1918.5
1390220 1918.6
1390230 1918.6
1390240 1917.7
1390250 1915.7
1390260 1915.7
1390270 1913.8
1390280 1912.3
1390290 1912.3
1390300 1910.7
1390310 1908.5
1390320 1908.5
1390330 1905.9
1390340 1904.0
1390350 1904.0
1390360 1902.1
1390370 1899.3
1390380 1896.7
1390390 1896.7
1390400 1894.3
1390410 1892.3
1390420 1892.3
1390430 1890.4
1390440 1888.3
1390450 1888.3
1390460 1886.5
1390470 1884.5
1390480 1884.5
1390490 1883.1
1390500 1881.5
1390510 1881.5
1390520 1880.1
1390530 1878.2
1390540 1878.2
1390550 1875.1
1390560 1872.9
1390570 1871.2
1390580 1871.2
1390590 1869.3
1390600 1866.7
1390610 1866.7
1390620 1863.7
1390630 1861.3
1390640 1861.3
1390650 1857.9
1390660 1855.0
1390670 1855.0
1390680 1852.1
1390690 1849.1
1390700 1849.1
1390710 1845.7
1390720 1841.7
1390730 1841.7
1390740 1838.6
1390750 1835.7
1390760 1832.5
1390770 1832.5
1390780 1828.6
1390790 1825.7
1390800 1825.7
1390810 1822.1
1390820 1819.5
1390830 1819.5
1390840 1816.9
1390850 1814.2
1390860 1814.2
1390870 1811.4
1390880 1807.2
1390890 1807.2
1390900 1801.1
1390910 1796.6
1390920 1796.6
1390930 1802.9
1390940 1800.7
1390950 1795.4
1390960 1795.4
1390970 1789.9
1390980 1784.8
1390990 1784.8
1391000 1780.9
1391010 1777.0
1391020 1777.0
1391030 1771.5
1391040 1765.4
1391050 1765.4
1391060 1759.7
1391070 1754.9
1391080 1754.9
1391090 1750.5
1391100 1745.5
1391110 1740.2
1391120 1740.2
1391130 1736.3
1391140 1736.1
1391150 1736.1
1391160 1736.4
1391170 1736.9
1391180 1736.9
1391190 1737.9
1391200 1739.0
1391210 1739.0
1391220 1739.5
1391230 1739.0
1391240 1739.0
1391250 1738.4
1391260 1738.6
1391270 1738.6
1391280 1738.3
1391290 1738.5
1391300 1737.3
1391310 1737.3
1391320 1737.1
1391330 1737.8
1391340 1737.8
1391350 1738.1
1391360 1738.2
1391370 1738.2
1391380 1738.7
1391390 1739.2
1391400 1739.2
1391410 1740.3
1391420 1742.2
1391430 1742.2
1391440 1742.6
1391450 1743.3
1391460 1743.3
1391470 1743.6
1391480 1743.6
1391490 1743.4
1391500 1743.4
1391510 1743.8
1391520 1743.8
1391530 1743.8
1391540 1743.7
1391550 1745.0
1391560 1745.0
1391570 1746.4
1391580 1748.4
1391590 1748.4
1391600 1752.5
1391610 1757.8
1391620 1757.8
1391630 1763.6
1391640 1769.7
1391650 1769.7
1391660 1776.2
1391670 1783.0
1391680 1790.2
1391690 1790.2
1391700 1798.2
1391710 1806.7
1391720 1806.7
1391730 1814.6
1391740 1822.7
1391750 1822.7
1391760 1831.7
1391770 1840.7
1391780 1840.7
1391790 1849.7
1391800 1858.3
1391810 1858.3
1391820 1868.6
1391830 1881.5
1391840 1881.5
1391850 1896.2
1391860 1910.1
1391870 1919.5
1391880 1919.5
1391890 1925.7
1391900 1931.0
1391910 1931.0
1391920 1939.0
1391930 1950.6
1391940 1950.6
1391950 1958.5
1391960 1966.1
1391970 1966.1
1391980 1972.6
1391990 1979.4
1392000 1979.4
1392010 1987.8
1392020 1997.5
1392030 1997.5
1392040 2007.2
1392050 2015.9
1392060 2020.1
1392070 2020.1
1392080 2026.1
1392090 2039.9
1392100 2039.9
1392110 2049.3
1392120 2055.6
1392130 2055.6
1392140 2063.0
1392150 2071.5
1392160 2071.5
1392170 2080.3
1392180 2086.1
1392190 2086.1
1392200 2093.7
1392210 2103.6
1392220 2103.6
1392230 2111.2
1392240 2117.5
1392250 2123.8
1392260 2123.8
1392270 2134.7
1392280 2143.4
1392290 2143.4
1392300 2150.1
1392310 2155.9
1392320 2155.9
1392330 2161.2
1392340 2166.9
1392350 2166.9
1392360 2174.7
1392370 2181.6
1392380 2181.6
1392390 2186.1
1392400 2189.3
1392410 2189.3
1392420 2191.5
1392430 2194.7
1392440 2198.0
1392450 2198.0
1392460 2201.4
1392470 2204.4
1392480 2204.4
1392490 2207.7
1392500 2212.1
1392510 2212.1
1392520 2216.0
1392530 2219.7
1392540 2219.7
1392550 2223.2
1392560 2225.9
1392570 2225.9
1392580 2227.7
1392590 2228.9
1392600 2228.9
1392610 2230.5
1392620 2233.0
1392630 2236.5
1392640 2236.5
1392650 2239.6
1392660 2242.1
1392670 2242.1
1392680 2244.6
1392690 2247.6
1392700 2247.6
1392710 2250.2
1392720 2253.4
1392730 2253.4
1392740 2257.7
1392750 2262.7
1392760 2262.7
1392770 2267.9
1392780 2271.4
1392790 2271.4
1392800 2273.6
1392810 2275.3
1392820 2276.7
1392830 2276.7
1392840 2278.8
1392850 2281.7
1392860 2281.7
1392870 2284.5
1392880 2287.4
1392890 2287.4
1392900 2290.1
1392910 2294.9
1392920 2294.9
1392930 2301.0
1392940 2307.5
1392950 2307.5
1392960 2313.0
1392970 2317.7
1392980 2322.8
1392990 2322.8
1393000 2327.3
1393010 2331.7
1393020 2331.7
1393030 2337.8
1393040 2348.5
1393050 2348.5
1393060 2359.9
1393070 2367.6
1393080 2367.6
1393090 2374.8
1393100 2381.4
1393110 2381.4
1393120 2385.1
1393130 2387.5
1393140 2387.5
1393150 2389.6
1393160 2392.7
1393170 2396.9
1393180 2396.9
1393190 2402.7
1393200 2410.8
1393210 2410.8
1393220 2416.3
1393230 2415.8
1393240 2415.8
1393250 2413.6
1393260 2411.4
1393270 2411.4
1393280 2410.9
1393290 2410.4
1393300 2410.4
1393310 2408.6
1393320 2406.3
1393330 2406.3
1393340 2405.2
1393350 2403.7
1393360 2401.9
1393370 2401.9
1393380 2400.3
1393390 2398.3
1393400 2398.3
1393410 2396.8
1393420 2395.6
1393430 2395.6
1393440 2394.4
1393450 2392.4
1393460 2392.4
1393470 2389.7
1393480 2387.4
1393490 2387.4
1393500 2386.0
1393510 2384.3
1393520 2384.3
1393530 2382.8
1393540 2381.1
1393550 2379.4
1393560 2379.4
1393570 2377.8
1393580 2376.0
1393590 2376.0
1393600 2374.8
1393610 2374.4
1393620 2374.4
1393630 2373.7
1393640 2373.3
1393650 2373.3
1393660 2373.1
1393670 2379.4
1393680 2379.4
1393690 2378.8
1393700 2380.2
1393710 2380.2
1393720 2381.8
1393730 2383.7
1393740 2389.8
1393750 2389.8
1393760 2394.5
1393770 2398.2
1393780 2398.2
1393790 2404.3
1393800 2411.7
1393810 2411.7
1393820 2417.8
1393830 2425.1
1393840 2425.1
1393850 2433.1
1393860 2442.8
1393870 2442.8
1393880 2454.1
1393890 2464.7
1393900 2464.7
1393910 2471.1
1393920 2481.0
1393930 2494.1
1393940 2494.1
1393950 2503.8
1393960 2511.9
1393970 2511.9
1393980 2516.6
1393990 2520.2
1394000 2520.2
1394010 2524.0
1394020 2526.5
1394030 2526.5
1394040 2528.1
1394050 2529.0
1394060 2529.0
1394070 2529.5
1394080 2528.1
1394090 2528.1
1394100 2527.9
1394110 2530.4
1394120 2532.9
1394130 2532.9
1394140 2534.6
1394150 2535.8
1394160 2535.8
1394170 2536.6
1394180 2537.7
1394190 2537.7
1394200 2538.4
1394210 2538.3
1394220 2538.3
1394230 2537.4
1394240 2535.9
1394250 2535.9
1394260 2535.2
1394270 2534.3
1394280 2534.3
1394290 2531.8
1394300 2527.9
1394310 2524.5
1394320 2524.5
1394330 2520.3
1394340 2515.1
1394350 2515.1
1394360 2510.3
1394370 2506.1
1394380 2506.1
1394390 2502.7
1394400 2498.8
1394410 2498.8
1394420 2494.4
1394430 2489.5
1394440 2489.5
1394450 2484.6
1394460 2479.4
1394470 2479.4
1394480 2472.4
1394490 2462.7
1394500 2453.4
1394510 2453.4
1394520 2445.1
1394530 2437.1
1394540 2437.1
1394550 2430.0
1394560 2423.4
1394570 2423.4
1394580 2416.5
1394590 2408.9
1394600 2408.9
1394610 2399.7
1394620 2390.2
1394630 2390.2
1394640 2381.2
1394650 2372.7
1394660 2372.7
1394670 2365.1
1394680 2358.0
1394690 2350.1
1394700 2350.1
1394710 2341.4
1394720 2332.9
1394730 2332.9
1394740 2325.6
1394750 2318.9
1394760 2318.9
1394770 2311.7
1394780 2304.2
1394790 2304.2
1394800 2295.2
1394810 2284.3
1394820 2284.3
1394830 2273.0
1394840 2262.9
1394850 2262.9
1394860 2258.1
1394870 2256.0
1394880 2252.2
1394890 2252.2
1394900 2243.9
1394910 2234.2
1394920 2234.2
1394930 2225.3
1394940 2214.9
1394950 2214.9
1394960 2204.9
1394970 2193.8
1394980 2193.8
1394990 2186.4
1395000 2181.2
1395010 2181.2
1395020 2176.4
1395030 2168.0
1395040 2153.2
1395050 2153.2
1395060 2135.7
1395070 2116.8
1395080 2116.8
1395090 2103.2
1395100 2090.9
1395110 2090.9
1395120 2081.9
1395130 2071.8
1395140 2071.8
1395150 2061.4
1395160 2054.5
1395170 2054.5
1395180 2048.0
1395190 2041.7
1395200 2041.7
1395210 2035.0
1395220 2027.1
1395230 2019.7
1395240 2019.7
1395250 2013.7
1395260 2005.2
1395270 2005.2
1395280 1995.8
1395290 1988.1
1395300 1988.1
1395310 1979.1
1395320 1971.7
1395330 1971.7
1395340 1964.8
1395350 1957.5
1395360 1957.5
1395370 1950.0
1395380 1942.4
1395390 1942.4
1395400 1934.4
1395410 1927.1
1395420 1920.2
1395430 1920.2
1395440 1914.0
1395450 1906.8
1395460 1906.8
1395470 1898.9
1395480 1891.4
1395490 1891.4
1395500 1885.3
1395510 1878.9
1395520 1878.9
1395530 1873.7
1395540 1873.3
1395550 1873.3
1395560 1875.1
1395570 1877.2
1395580 1877.2
1395590 1879.0
1395600 1877.5
1395610 1873.7
1395620 1873.7
1395630 1872.7
1395640 1874.8
1395650 1874.8
1395660 1875.2
1395670 1878.1
1395680 1878.1
1395690 1883.8
1395700 1889.5
1395710 1889.5
1395720 1894.6
1395730 1896.2
1395740 1896.2
1395750 1898.4
1395760 1905.3
1395770 1905.3
1395780 1912.8
1395790 1920.9
1395800 1927.0
1395810 1927.0
1395820 1930.1
1395830 1932.9
1395840 1932.9
1395850 1935.7
1395860 1938.5
1395870 1938.5
1395880 1940.9
1395890 1943.0
1395900 1943.0
1395910 1944.6
1395920 1946.3
1395930 1946.3
1395940 1945.4
1395950 1942.9
1395960 1942.9
1395970 1942.1
1395980 1943.0
1395990 1944.2
1396000 1944.2
1396010 1944.3
1396020 1945.1
1396030 1945.1
1396040 1948.4
1396050 1950.7
1396060 1950.7
1396070 1952.3
1396080 1954.2
1396090 1954.2
1396100 1956.6
1396110 1958.7
1396120 1958.7
1396130 1959.3
1396140 1960.2
1396150 1960.2
1396160 1962.3
1396170 1964.5
1396180 1968.6
1396190 1968.6
1396200 1975.9
1396210 1983.2
1396220 1983.2
1396230 1991.0
1396240 1995.6
1396250 1995.6
1396260 1999.1
1396270 2003.7
1396280 2003.7
1396290 2008.8
1396300 2014.0
1396310 2014.0
1396320 2019.3
1396330 2023.5
1396340 2023.5
1396350 2025.2
1396360 2023.8
1396370 2021.1
1396380 2021.1
1396390 2022.0
1396400 2027.5
1396410 2027.5
1396420 2032.2
1396430 2036.0
1396440 2036.0
1396450 2036.3
1396460 2039.1
1396470 2039.1
1396480 2039.9
1396490 2044.1
1396500 2044.1
1396510 2044.1
1396520 2046.3
1396530 2046.3
1396540 2050.4
1396550 2054.3
1396560 2058.3
1396570 2058.3
1396580 2062.0
1396590 2064.0
1396600 2064.0
1396610 2068.3
1396620 2074.6
1396630 2074.6
1396640 2081.0
1396650 2087.0
1396660 2087.0
1396670 2091.9
1396680 2096.3
1396690 2096.3
1396700 2099.2
1396710 2101.0
1396720 2101.0
1396730 2101.6
1396740 2101.4
1396750 2102.1
1396760 2102.1
1396770 2103.0
1396780 2106.3
1396790 2106.3
1396800 2110.5
1396810 2114.4
1396820 2114.4
1396830 2117.6
1396840 2120.3
1396850 2120.3
1396860 2122.7
1396870 2125.4
1396880 2125.4
1396890 2127.7
1396900 2130.1
1396910 2132.6
1396920 2132.6
1396930 2134.6
1396940 2136.9
1396950 2136.9
1396960 2139.4
1396970 2141.7
1396980 2141.7
1396990 2143.9
1397000 2146.2
1397010 2146.2
1397020 2148.4
1397030 2151.0
1397040 2151.0
1397050 2154.4
1397060 2157.5
1397070 2157.5
1397080 2160.6
1397090 2163.4
1397100 2166.1
1397110 2166.1
1397120 2168.2
1397130 2170.1
1397140 2170.1
1397150 2172.5
1397160 2175.1
1397170 2175.1
1397180 2178.0
1397190 2180.8
1397200 2180.8
1397210 2183.7
1397220 2187.0
1397230 2187.0
1397240 2189.5
1397250 2192.1
1397260 2192.1
1397270 2196.0
1397280 2200.4
1397290 2203.7
1397300 2203.7
1397310 2205.9
1397320 2208.1
1397330 2208.1
1397340 2210.9
1397350 2213.8
1397360 2213.8
1397370 2216.2
1397380 2218.5
1397390 2218.5
1397400 2221.2
1397410 2225.0
1397420 2225.0
1397430 2229.2
1397440 2233.3
1397450 2233.3
1397460 2237.7
1397470 2241.6
1397480 2245.1
1397490 2245.1
1397500 2248.4
1397510 2252.3
1397520 2252.3
1397530 2256.6
1397540 2261.7
1397550 2261.7
1397560 2268.2
1397570 2275.3
1397580 2275.3
1397590 2283.4
1397600 2290.3
1397610 2290.3
1397620 2297.0
1397630 2304.0
1397640 2304.0
1397650 2310.4
1397660 2316.3
1397670 2321.3
1397680 2321.3
1397690 2324.2
1397700 2327.3
1397710 2327.3
1397720 2330.2
1397730 2332.6
1397740 2332.6
1397750 2335.8
1397760 2340.4
1397770 2340.4
1397780 2344.2
1397790 2347.2
1397800 2347.2
1397810 2350.0
1397820 2353.5
1397830 2353.5
1397840 2356.2
1397850 2358.8
1397860 2363.0
1397870 2363.0
1397880 2367.3
1397890 2371.4
1397900 2371.4
1397910 2373.5
1397920 2374.6
1397930 2374.6
1397940 2374.3
1397950 2375.5
1397960 2375.5
1397970 2377.3
1397980 2379.6
1397990 2379.6
1398000 2382.1
1398010 2385.1
1398020 2385.1
1398030 2388.4
1398040 2392.1
1398050 2396.0
1398060 2396.0
1398070 2399.9
1398080 2404.4
1398090 2404.4
1398100 2409.1
1398110 2412.7
1398120 2412.7
1398130 2415.3
1398140 2415.2
1398150 2415.2
1398160 2416.7
1398170 2421.8
1398180 2421.8
1398190 2427.4
1398200 2433.5
1398210 2433.5
1398220 2441.1
1398230 2448.5
1398240 2455.9
1398250 2455.9
1398260 2462.8
1398270 2471.3
1398280 2471.3
1398290 2478.2
1398300 2482.9
1398310 2482.9
1398320 2487.1
1398330 2491.1
1398340 2491.1
1398350 2495.1
1398360 2500.7
1398370 2500.7
1398380 2506.5
1398390 2510.9
1398400 2510.9
1398410 2516.0
1398420 2521.3
1398430 2526.1
1398440 2526.1
1398450 2530.3
1398460 2532.7
1398470 2532.7
1398480 2530.6
1398490 2527.2
1398500 2527.2
1398510 2525.1
1398520 2522.3
1398530 2522.3
1398540 2521.2
1398550 2517.7
1398560 2517.7
1398570 2510.9
1398580 2505.3
1398590 2505.3
1398600 2498.0
1398610 2494.9
1398620 2489.2
1398630 2489.2
1398640 2476.9
1398650 2469.3
1398660 2469.3
1398670 2464.2
1398680 2460.4
1398690 2460.4
1398700 2454.0
1398710 2447.2
1398720 2447.2
1398730 2437.9
1398740 2428.5
1398750 2428.5
1398760 2415.5
1398770 2402.2
1398780 2391.5
1398790 2391.5
1398800 2381.2
1398810 2370.6
1398820 2370.6
1398830 2357.5
1398840 2344.7
1398850 2344.7
1398860 2335.9
1398870 2329.6
1398880 2329.6
1398890 2324.7
1398900 2319.1
1398910 2319.1
1398920 2313.1
1398930 2307.1
1398940 2307.1
1398950 2301.8
1398960 2297.3
1398970 2293.4
1398980 2293.4
1398990 2289.6
1399000 2285.2
1399010 2285.2
1399020 2280.4
1399030 2275.7
1399040 2275.7
1399050 2271.3
1399060 2266.6
1399070 2266.6
1399080 2261.9
1399090 2257.3
1399100 2257.3
1399110 2253.0
1399120 2249.2
1399130 2249.2
1399140 2245.5
1399150 2241.4
1399160 2237.6
1399170 2237.6
1399180 2234.2
1399190 2230.8
1399200 2230.8
1399210 2227.6
1399220 2224.4
1399230 2224.4
1399240 2220.6
1399250 2218.8
1399260 2218.8
1399270 2216.2
1399280 2213.8
1399290 2213.8
1399300 2212.2
1399310 2210.2
1399320 2210.2
1399330 2208.3
1399340 2205.4
1399350 2202.2
1399360 2202.2
1399370 2201.6
1399380 2201.7
1399390 2201.7
1399400 2201.7
1399410 2204.8
1399420 2204.8
1399430 2202.8
1399440 2200.1
1399450 2200.1
1399460 2197.0
1399470 2193.8
1399480 2193.8
1399490 2190.6
1399500 2187.6
1399510 2187.6
1399520 2185.7
1399530 2183.6
1399540 2181.2
1399550 2181.2
1399560 2179.3
1399570 2177.7
1399580 2177.7
1399590 2176.3
1399600 2173.6
1399610 2173.6
1399620 2169.6
1399630 2166.5
1399640 2166.5
1399650 2163.7
1399660 2160.8
1399670 2160.8
1399680 2157.7
1399690 2154.7
1399700 2154.7
1399710 2151.7
1399720 2148.5
1399730 2144.8
1399740 2144.8
1399750 2140.6
1399760 2136.5
1399770 2136.5
1399780 2132.9
1399790 2129.0
1399800 2129.0
1399810 2124.5
1399820 2119.4
1399830 2119.4
1399840 2114.5
1399850 2110.1
1399860 2110.1
1399870 2106.0
1399880 2101.1
1399890 2101.1
1399900 2095.6
1399910 2089.7
1399920 2084.6
1399930 2084.6
1399940 2079.6
1399950 2074.9
1399960 2074.9
1399970 2070.6
1399980 2066.4
1399990 2066.4
