1380000 2491.8
1380010 2484.0
1380020 2484.0
1380030 2476.6
1380040 2467.2
1380050 2457.8
1380060 2457.8
1380070 2449.2
1380080 2442.0
1380090 2442.0
1380100 2434.9
1380110 2428.9
1380120 2428.9
1380130 2424.0
1380140 2419.2
1380150 2419.2
1380160 2415.8
1380170 2413.5
1380180 2413.5
1380190 2412.7
1380200 2409.0
1380210 2401.4
1380220 2401.4
1380230 2391.6
1380240 2387.7
1380250 2387.7
1380260 2381.0
1380270 2372.9
1380280 2372.9
1380290 2369.2
1380300 2367.0
1380310 2367.0
1380320 2365.0
1380330 2361.5
1380340 2361.5
1380350 2358.6
1380360 2355.4
1380370 2355.4
1380380 2350.9
1380390 2347.2
1380400 2350.2
1380410 2350.2
1380420 2354.8
1380430 2352.1
1380440 2352.1
1380450 2348.0
1380460 2342.8
1380470 2342.8
1380480 2351.2
1380490 2351.4
1380500 2351.4
1380510 2356.9
1380520 2355.8
1380530 2355.8
1380540 2352.1
1380550 2346.6
1380560 2346.6
1380570 2339.5
1380580 2332.7
1380590 2324.9
1380600 2324.9
1380610 2317.9
1380620 2312.8
1380630 2312.8
1380640 2309.9
1380650 2310.2
1380660 2310.2
1380670 2312.1
1380680 2314.4
1380690 2314.4
1380700 2316.3
1380710 2318.5
1380720 2318.5
1380730 2320.8
1380740 2323.2
1380750 2323.2
1380760 2325.8
1380770 2328.7
1380780 2331.4
1380790 2331.4
1380800 2334.1
1380810 2336.6
1380820 2336.6
1380830 2338.9
1380840 2341.1
1380850 2341.1
1380860 2343.2
1380870 2345.1
1380880 2345.1
1380890 2347.0
1380900 2348.6
1380910 2348.6
1380920 2350.4
1380930 2352.7
1380940 2352.7
1380950 2355.9
1380960 2360.2
1380970 2364.7
1380980 2364.7
1380990 2369.0
1381000 2373.4
1381010 2373.4
1381020 2377.6
1381030 2381.6
1381040 2381.6
1381050 2385.4
1381060 2389.6
1381070 2389.6
1381080 2394.3
1381090 2398.1
1381100 2398.1
1381110 2401.6
1381120 2404.5
1381130 2404.5
1381140 2407.6
1381150 2410.6
1381160 2413.0
1381170 2413.0
1381180 2415.2
1381190 2417.9
1381200 2417.9
1381210 2420.5
1381220 2423.0
1381230 2423.0
1381240 2425.0
1381250 2427.3
1381260 2427.3
1381270 2430.7
1381280 2434.5
1381290 2434.5
1381300 2439.3
1381310 2444.0
1381320 2444.0
1381330 2449.0
1381340 2455.3
1381350 2462.6
1381360 2462.6
1381370 2470.5
1381380 2478.6
1381390 2478.6
1381400 2486.8
1381410 2493.6
1381420 2493.6
1381430 2497.9
1381440 2502.3
1381450 2502.3
1381460 2507.3
1381470 2512.9
1381480 2512.9
1381490 2519.0
1381500 2527.2
1381510 2527.2
1381520 2537.5
1381530 2547.4
1381540 2557.5
1381550 2557.5
1381560 2566.0
1381570 2568.1
1381580 2568.1
1381590 2567.3
1381600 2568.5
1381610 2568.5
1381620 2570.8
1381630 2572.3
1381640 2572.3
1381650 2573.1
1381660 2573.1
1381670 2573.1
1381680 2572.9
1381690 2573.0
1381700 2578.0
1381710 2578.7
1381720 2580.0
1381730 2580.6
1381740 2580.6
1381750 2582.1
1381760 2583.6
1381770 2583.6
1381780 2585.0
1381790 2585.2
1381800 2585.2
1381810 2582.8
1381820 2579.5
1381830 2579.5
1381840 2576.3
1381850 2573.7
1381860 2573.7
1381870 2571.3
1381880 2568.6
1381890 2568.6
1381900 2565.7
1381910 2563.7
1381920 2562.6
1381930 2562.6
1381940 2561.0
1381950 2560.4
1381960 2560.4
1381970 2558.5
1381980 2559.6
1381990 2559.6
1382000 2561.2
1382010 2562.2
1382020 2562.2
1382030 2565.3
1382040 2570.6
1382050 2570.6
1382060 2575.5
1382070 2582.3
1382080 2582.3
1382090 2587.6
1382100 2590.6
1382110 2595.5
1382120 2595.5
1382130 2600.6
1382140 2604.6
1382150 2604.6
1382160 2607.9
1382170 2609.3
1382180 2609.3
1382190 2605.8
1382200 2600.8
1382210 2600.8
1382220 2596.2
1382230 2594.8
1382240 2594.8
1382250 2595.4
1382260 2595.4
1382270 2596.7
1382280 2596.7
1382290 2602.1
1382300 2608.3
1382310 2608.3
1382320 2614.3
1382330 2621.9
1382340 2621.9
1382350 2630.0
1382360 2639.1
1382370 2639.1
1382380 2647.0
1382390 2645.2
1382400 2645.2
1382410 2638.7
1382420 2631.7
1382430 2631.7
1382440 2625.6
1382450 2620.9
1382460 2617.7
1382470 2617.7
1382480 2615.2
1382490 2615.9
1382500 2615.9
1382510 2617.4
1382520 2620.6
1382530 2620.6
1382540 2623.8
1382550 2628.0
1382560 2628.0
1382570 2634.4
1382580 2639.2
1382590 2639.2
1382600 2639.8
1382610 2636.5
1382620 2636.5
1382630 2633.6
1382640 2628.0
1382650 2618.3
1382660 2618.3
1382670 2609.4
1382680 2601.2
1382690 2601.2
1382700 2597.0
1382710 2595.5
1382720 2595.5
1382730 2596.8
1382740 2597.2
1382750 2597.2
1382760 2598.2
1382770 2599.2
1382780 2599.2
1382790 2599.2
1382800 2598.6
1382810 2598.6
1382820 2597.5
1382830 2596.5
1382840 2596.0
1382850 2596.0
1382860 2594.4
1382870 2593.1
1382880 2593.1
1382890 2595.0
1382900 2597.5
1382910 2597.5
1382920 2600.3
1382930 2601.7
1382940 2606.1
1382950 2606.0
1382960 2607.7
1382970 2607.7
1382980 2606.4
1382990 2601.1
1383000 2601.1
1383010 2595.9
1383020 2593.0
1383030 2590.6
1383040 2590.6
1383050 2588.6
1383060 2587.0
1383070 2587.0
1383080 2585.4
1383090 2583.8
1383100 2583.8
1383110 2580.5
1383120 2581.4
1383130 2581.4
1383140 2581.8
1383150 2583.4
1383160 2583.4
1383170 2582.9
1383180 2586.5
1383190 2586.5
1383200 2591.5
1383210 2592.3
1383220 2591.9
1383230 2591.9
1383240 2586.0
1383250 2578.4
1383260 2578.4
1383270 2569.5
1383280 2561.4
1383290 2561.4
1383300 2554.0
1383310 2547.7
1383320 2547.7
1383330 2541.8
1383340 2536.2
1383350 2536.2
1383360 2531.8
1383370 2527.3
1383380 2527.3
1383390 2523.2
1383400 2519.4
1383410 2517.0
1383420 2517.0
1383430 2516.1
1383440 2516.6
1383450 2516.6
1383460 2518.2
1383470 2520.6
1383480 2520.6
1383490 2523.4
1383500 2524.8
1383510 2524.8
1383520 2525.4
1383530 2525.7
1383540 2525.7
1383550 2525.6
1383560 2526.2
1383570 2526.2
1383580 2526.4
1383590 2527.0
1383600 2527.7
1383610 2527.7
1383620 2528.4
1383630 2529.4
1383640 2529.4
1383650 2531.2
1383660 2533.1
1383670 2533.1
1383680 2535.7
1383690 2539.3
1383700 2539.3
1383710 2543.0
1383720 2547.2
1383730 2547.2
1383740 2551.5
1383750 2556.2
1383760 2556.2
1383770 2561.3
1383780 2565.5
1383790 2570.3
1383800 2570.3
1383810 2575.9
1383820 2580.0
1383830 2580.0
1383840 2582.6
1383850 2583.9
1383860 2583.9
1383870 2584.6
1383880 2585.4
1383890 2585.4
1383900 2586.1
1383910 2587.1
1383920 2587.1
1383930 2588.8
1383940 2590.0
1383950 2590.0
1383960 2590.5
1383970 2591.9
1383980 2594.1
1383990 2594.1
1384000 2596.6
1384010 2598.7
1384020 2598.7
1384030 2600.3
1384040 2602.0
1384050 2602.0
1384060 2604.1
1384070 2606.6
1384080 2606.6
1384090 2609.5
1384100 2610.8
1384110 2610.8
1384120 2606.4
1384130 2600.6
1384140 2600.6
1384150 2594.6
1384160 2591.4
1384170 2590.2
1384180 2590.2
1384190 2582.7
1384200 2583.4
1384210 2583.4
1384220 2585.3
1384230 2588.2
1384240 2588.2
1384250 2592.6
1384260 2595.3
1384270 2595.3
1384280 2593.0
1384290 2590.1
1384300 2590.1
1384310 2579.0
1384320 2574.6
1384330 2570.7
1384340 2570.7
1384350 2567.6
1384360 2568.5
1384370 2568.5
1384380 2573.0
1384390 2561.9
1384400 2561.9
1384410 2555.0
1384420 2551.0
1384430 2551.0
1384440 2548.4
1384450 2545.5
1384460 2545.5
1384470 2541.8
1384480 2538.6
1384490 2538.6
1384500 2535.9
1384510 2532.5
1384520 2529.8
1384530 2529.8
1384540 2528.1
1384550 2526.2
1384560 2526.2
1384570 2525.5
1384580 2525.7
1384590 2525.7
1384600 2525.5
1384610 2524.6
1384620 2524.6
1384630 2526.1
1384640 2529.7
1384650 2529.7
1384660 2531.4
1384670 2534.5
1384680 2534.5
1384690 2537.6
1384700 2540.9
1384710 2542.5
1384720 2542.5
1384730 2542.0
1384740 2540.3
1384750 2540.3
1384760 2539.4
1384770 2539.6
1384780 2539.6
1384790 2539.5
1384800 2538.5
1384810 2538.5
1384820 2537.5
1384830 2536.7
1384840 2536.7
1384850 2536.1
1384860 2535.6
1384870 2535.6
1384880 2536.2
1384890 2538.9
1384900 2540.5
1384910 2540.5
1384920 2544.1
1384930 2549.2
1384940 2549.2
1384950 2555.0
1384960 2561.8
1384970 2561.8
1384980 2569.8
1384990 2577.9
1385000 2577.9
1385010 2586.1
1385020 2591.2
1385030 2591.2
1385040 2589.5
1385050 2588.1
1385060 2588.1
1385070 2588.2
1385080 2587.3
1385090 2585.7
1385100 2585.7
1385110 2584.3
1385120 2584.5
1385130 2584.5
1385140 2587.3
1385150 2591.7
1385160 2591.7
1385170 2596.7
1385180 2600.9
1385190 2600.9
1385200 2605.2
1385210 2609.2
1385220 2609.2
1385230 2610.9
1385240 2610.1
1385250 2610.1
1385260 2609.6
1385270 2610.4
1385280 2611.3
1385290 2611.3
1385300 2610.1
1385310 2602.1
1385320 2602.1
1385330 2595.6
1385340 2591.1
1385350 2591.1
1385360 2588.5
1385370 2583.9
1385380 2583.9
1385390 2580.8
1385400 2580.0
1385410 2580.0
1385420 2577.9
1385430 2575.4
1385440 2575.4
1385450 2572.7
1385460 2564.1
1385470 2561.9
1385480 2561.9
1385490 2560.5
1385500 2558.9
1385510 2558.9
1385520 2557.0
1385530 2556.2
1385540 2556.2
1385550 2555.6
1385560 2555.1
1385570 2555.1
1385580 2555.4
1385590 2556.6
1385600 2556.6
1385610 2557.5
1385620 2559.5
1385630 2559.5
1385640 2560.9
1385650 2562.1
1385660 2563.5
1385670 2563.5
1385680 2564.7
1385690 2565.4
1385700 2565.4
1385710 2565.7
1385720 2565.8
1385730 2565.8
1385740 2566.9
1385750 2568.4
1385760 2568.4
1385770 2569.9
1385780 2571.2
1385790 2571.2
1385800 2572.7
1385810 2573.0
1385820 2573.0
1385830 2572.7
1385840 2573.0
1385850 2573.8
1385860 2573.8
1385870 2575.3
1385880 2576.7
1385890 2576.7
1385900 2577.7
1385910 2579.0
1385920 2579.0
1385930 2580.7
1385940 2582.7
1385950 2582.7
1385960 2585.4
1385970 2588.2
1385980 2588.2
1385990 2590.4
1386000 2590.9
1386010 2590.9
1386020 2590.7
1386030 2590.5
1386040 2590.1
1386050 2590.1
1386060 2589.4
1386070 2589.4
1386080 2589.4
1386090 2589.1
1386100 2588.4
1386110 2588.4
1386120 2588.6
1386130 2589.4
1386140 2589.4
1386150 2592.2
1386160 2596.6
1386170 2596.6
1386180 2601.8
1386190 2607.0
1386200 2612.1
1386210 2612.1
1386220 2618.1
1386230 2624.9
1386240 2624.9
1386250 2631.4
1386260 2637.1
1386270 2637.1
1386280 2643.2
1386290 2650.2
1386300 2650.2
1386310 2657.9
1386320 2663.9
1386330 2663.9
1386340 2670.1
1386350 2676.0
1386360 2676.0
1386370 2681.3
1386380 2686.4
1386390 2691.9
1386400 2691.9
1386410 2698.5
1386420 2705.7
1386430 2705.7
1386440 2712.9
1386450 2719.9
1386460 2719.9
1386470 2727.7
1386480 2735.0
1386490 2735.0
1386500 2739.4
1386510 2743.6
1386520 2743.6
1386530 2745.5
1386540 2745.6
1386550 2745.6
1386560 2747.1
1386570 2746.2
1386580 2746.8
1386590 2746.8
1386600 2744.2
1386610 2743.2
1386620 2743.2
1386630 2747.4
1386640 2750.9
1386650 2750.9
1386660 2752.1
1386670 2753.2
1386680 2753.2
1386690 2750.9
1386700 2750.7
1386710 2750.7
1386720 2749.4
1386730 2747.6
1386740 2757.5
1386750 2757.0
1386760 2759.8
1386770 2760.9
1386780 2760.9
1386790 2761.5
1386800 2759.9
1386810 2759.9
1386820 2761.9
1386830 2759.8
1386840 2759.8
1386850 2752.7
1386860 2745.1
1386870 2745.1
1386880 2737.9
1386890 2730.7
1386900 2730.7
1386910 2724.3
1386920 2717.1
1386930 2717.1
1386940 2709.2
1386950 2700.4
1386960 2691.0
1386970 2691.0
1386980 2681.4
1386990 2674.5
1387000 2674.5
1387010 2668.9
1387020 2663.3
1387030 2663.3
1387040 2658.4
1387050 2653.8
1387060 2653.8
1387070 2649.9
1387080 2646.1
1387090 2646.1
1387100 2641.1
1387110 2633.7
1387120 2633.7
1387130 2622.9
1387140 2615.5
1387150 2610.1
1387160 2610.1
1387170 2604.5
1387180 2599.4
1387190 2599.4
1387200 2594.6
1387210 2588.5
1387220 2588.5
1387230 2577.1
1387240 2567.2
1387250 2567.2
1387260 2558.5
1387270 2549.7
1387280 2549.7
1387290 2541.8
1387300 2534.3
1387310 2534.3
1387320 2526.9
1387330 2520.1
1387340 2513.6
1387350 2513.6
1387360 2507.3
1387370 2501.4
1387380 2501.4
1387390 2496.4
1387400 2491.9
1387410 2491.9
1387420 2489.2
1387430 2488.4
1387440 2488.4
1387450 2488.3
1387460 2488.5
1387470 2488.5
1387480 2487.8
1387490 2485.1
1387500 2485.1
1387510 2480.2
1387520 2474.8
1387530 2470.7
1387540 2470.7
1387550 2468.5
1387560 2466.5
1387570 2466.5
1387580 2465.5
1387590 2463.8
1387600 2463.8
1387610 2460.6
1387620 2457.4
1387630 2457.4
1387640 2453.4
1387650 2449.1
1387660 2449.1
1387670 2446.9
1387680 2444.5
1387690 2444.5
1387700 2442.3
1387710 2439.8
1387720 2436.3
1387730 2436.3
1387740 2431.2
1387750 2427.7
1387760 2427.7
1387770 2421.0
1387780 2413.4
1387790 2413.4
1387800 2408.0
1387810 2401.6
1387820 2401.6
1387830 2396.3
1387840 2392.0
1387850 2392.0
1387860 2387.0
1387870 2381.4
1387880 2381.4
1387890 2375.8
1387900 2370.0
1387910 2361.9
1387920 2361.9
1387930 2354.3
1387940 2348.0
1387950 2348.0
1387960 2342.5
1387970 2338.1
1387980 2338.1
1387990 2334.2
1388000 2330.1
1388010 2330.1
1388020 2326.4
1388030 2324.0
1388040 2319.7
1388050 2317.0
1388060 2314.9
1388070 2314.9
1388080 2312.9
1388090 2309.5
1388100 2304.8
1388110 2304.8
1388120 2301.3
1388130 2298.7
1388140 2298.7
1388150 2298.0
1388160 2296.7
1388170 2296.7
1388180 2294.5
1388190 2291.5
1388200 2291.5
1388210 2287.5
1388220 2286.4
1388230 2286.4
1388240 2285.1
1388250 2285.0
1388260 2286.6
1388270 2286.6
1388280 2284.7
1388290 2282.5
1388300 2282.5
1388310 2281.1
1388320 2279.8
1388330 2279.8
1388340 2277.3
1388350 2273.3
1388360 2273.3
1388370 2270.4
1388380 2267.8
1388390 2267.8
1388400 2265.1
1388410 2262.5
1388420 2262.5
1388430 2258.4
1388440 2254.5
1388450 2249.4
1388460 2249.4
1388470 2243.7
1388480 2238.1
1388490 2238.1
1388500 2233.9
1388510 2232.1
1388520 2232.1
1388530 2233.7
1388540 2232.4
1388550 2232.4
1388560 2227.7
1388570 2222.5
1388580 2222.5
1388590 2220.3
1388600 2219.4
1388610 2219.4
1388620 2216.2
1388630 2212.4
1388640 2209.3
1388650 2209.3
1388660 2207.6
1388670 2206.0
1388680 2206.0
1388690 2203.3
1388700 2197.9
1388710 2197.9
1388720 2191.0
1388730 2184.1
1388740 2184.1
1388750 2178.5
1388760 2174.4
1388770 2174.4
1388780 2172.6
1388790 2170.9
1388800 2170.9
1388810 2168.5
1388820 2166.5
1388830 2160.4
1388840 2160.4
1388850 2155.1
1388860 2151.2
1388870 2151.2
1388880 2147.9
1388890 2144.8
1388900 2144.8
1388910 2141.9
1388920 2139.1
1388930 2139.1
1388940 2136.6
1388950 2133.4
1388960 2133.4
1388970 2129.2
1388980 2125.6
1388990 2125.6
1389000 2122.3
1389010 2118.8
1389020 2115.1
1389030 2115.1
1389040 2109.7
1389050 2103.0
1389060 2103.0
1389070 2096.3
1389080 2088.8
1389090 2088.8
1389100 2082.1
1389110 2076.7
1389120 2076.7
1389130 2072.8
1389140 2069.3
1389150 2069.3
1389160 2064.7
1389170 2059.9
1389180 2059.9
1389190 2054.7
1389200 2049.2
1389210 2043.6
1389220 2043.6
1389230 2038.5
1389240 2033.7
1389250 2033.7
1389260 2028.5
1389270 2023.1
1389280 2023.1
1389290 2017.7
1389300 2011.9
1389310 2011.9
1389320 2005.9
1389330 2001.2
1389340 2001.2
1389350 1997.4
1389360 1990.7
1389370 1990.7
1389380 1984.7
1389390 1978.3
1389400 1972.0
1389410 1972.0
1389420 1965.9
1389430 1963.0
1389440 1963.0
1389450 1960.6
1389460 1958.2
1389470 1958.2
1389480 1956.2
1389490 1953.7
1389500 1953.7
1389510 1950.5
1389520 1947.1
1389530 1947.1
1389540 1944.2
1389550 1942.9
1389560 1942.9
1389570 1942.2
1389580 1939.6
1389590 1933.8
1389600 1933.8
1389610 1927.1
1389620 1924.5
1389630 1924.5
1389640 1922.4
1389650 1919.3
1389660 1919.3
1389670 1916.1
1389680 1912.5
1389690 1912.5
1389700 1908.9
1389710 1905.8
1389720 1905.8
1389730 1902.5
1389740 1899.6
1389750 1899.6
1389760 1897.2
1389770 1895.1
1389780 1893.0
1389790 1893.0
1389800 1890.7
1389810 1888.6
1389820 1888.6
1389830 1886.5
1389840 1884.7
1389850 1884.7
1389860 1882.9
1389870 1881.0
1389880 1881.0
1389890 1878.6
1389900 1876.2
1389910 1876.2
1389920 1876.6
1389930 1876.9
1389940 1876.9
1389950 1877.1
1389960 1877.3
1389970 1878.5
1389980 1878.5
1389990 1880.0
1390000 1881.4
1390010 1881.4
1390020 1882.3
1390030 1883.4
1390040 1883.4
1390050 1884.3
1390060 1884.7
1390070 1884.7
1390080 1885.6
1390090 1886.0
1390100 1886.0
1390110 1885.9
1390120 1885.0
1390130 1885.0
1390140 1884.2
1390150 1884.2
1390160 1886.0
1390170 1886.0
1390180 1886.2
1390190 1885.0
1390200 1885.0
1390210 1884.2
1390220 1884.3
1390230 1884.3
1390240 1885.7
1390250 1884.6
1390260 1884.6
1390270 1882.7
1390280 1880.8
1390290 1880.8
1390300 1879.7
1390310 1878.1
1390320 1876.4
1390330 1876.4
1390340 1874.7
1390350 1872.6
1390360 1872.6
1390370 1870.6
1390380 1868.6
1390390 1868.6
1390400 1866.7
1390410 1864.8
1390420 1864.8
1390430 1862.2
1390440 1859.9
1390450 1859.9
1390460 1857.9
1390470 1855.6
1390480 1855.6
1390490 1852.5
1390500 1849.8
1390510 1848.4
1390520 1848.4
1390530 1847.2
1390540 1845.1
1390550 1845.1
1390560 1842.4
1390570 1839.9
1390580 1839.9
1390590 1837.9
1390600 1835.1
1390610 1835.1
1390620 1832.3
1390630 1829.6
1390640 1829.6
1390650 1827.2
1390660 1825.9
1390670 1825.9
1390680 1824.7
1390690 1820.9
1390700 1820.9
1390710 1820.9
1390720 1818.3
1390730 1815.3
1390740 1815.3
1390750 1812.5
1390760 1809.7
1390770 1809.7
1390780 1806.5
1390790 1803.3
1390800 1803.3
1390810 1799.7
1390820 1796.4
1390830 1796.4
1390840 1792.2
1390850 1788.8
1390860 1788.8
1390870 1785.7
1390880 1782.6
1390890 1779.6
1390900 1779.6
1390910 1776.3
1390920 1773.2
1390930 1773.2
1390940 1769.8
1390950 1766.2
1390960 1766.2
1390970 1762.9
1390980 1758.9
1390990 1758.9
1391000 1753.4
1391010 1750.5
1391020 1750.5
1391030 1747.5
1391040 1742.8
1391050 1742.8
1391060 1737.8
1391070 1732.3
1391080 1726.6
1391090 1726.6
1391100 1723.2
1391110 1723.4
1391120 1723.4
1391130 1723.9
1391140 1724.3
1391150 1724.3
1391160 1724.2
1391170 1724.9
1391180 1724.9
1391190 1725.8
1391200 1726.1
1391210 1726.1
1391220 1725.6
1391230 1725.5
1391240 1725.5
1391250 1724.9
1391260 1724.7
1391270 1725.3
1391280 1725.3
1391290 1725.5
1391300 1724.6
1391310 1724.6
1391320 1723.5
1391330 1723.3
1391340 1723.3
1391350 1723.9
1391360 1725.0
1391370 1725.0
1391380 1725.5
1391390 1725.3
1391400 1725.3
1391410 1725.7
1391420 1726.3
1391430 1726.3
1391440 1726.6
1391450 1726.8
1391460 1726.5
1391470 1726.5
1391480 1726.7
1391490 1727.1
1391500 1727.1
1391510 1727.0
1391520 1727.1
1391530 1727.1
1391540 1727.7
1391550 1728.6
1391560 1728.6
1391570 1729.6
1391580 1730.9
1391590 1730.9
1391600 1735.8
1391610 1741.8
1391620 1741.8
1391630 1747.9
1391640 1754.5
1391650 1762.1
1391660 1762.1
1391670 1769.7
1391680 1777.9
1391690 1777.9
1391700 1788.0
1391710 1800.9
1391720 1800.9
1391730 1809.0
1391740 1819.7
1391750 1819.7
1391760 1833.1
1391770 1848.9
1391780 1848.9
1391790 1859.6
1391800 1867.1
1391810 1867.1
1391820 1877.4
1391830 1886.6
1391840 1897.4
1391850 1897.4
1391860 1911.5
1391870 1922.2
1391880 1922.2
1391890 1929.2
1391900 1936.6
1391910 1936.6
1391920 1942.4
1391930 1949.0
1391940 1949.0
1391950 1956.4
1391960 1963.2
1391970 1963.2
1391980 1970.5
1391990 1977.2
1392000 1977.2
1392010 1983.5
1392020 1990.9
1392030 1997.6
1392040 1997.6
1392050 2005.9
1392060 2013.7
1392070 2013.7
1392080 2022.6
1392090 2035.9
1392100 2035.9
1392110 2040.3
1392120 2044.7
1392130 2044.7
1392140 2052.0
1392150 2062.2
1392160 2062.2
1392170 2072.7
1392180 2078.4
1392190 2078.4
1392200 2083.3
1392210 2089.8
1392220 2100.4
1392230 2100.4
1392240 2108.9
1392250 2117.1
1392260 2117.1
1392270 2124.5
1392280 2130.8
1392290 2130.8
1392300 2136.9
1392310 2143.9
1392320 2143.9
1392330 2150.1
1392340 2155.0
1392350 2155.0
1392360 2159.9
1392370 2165.6
1392380 2169.9
1392390 2169.9
1392400 2173.2
1392410 2176.8
1392420 2176.8
1392430 2180.1
1392440 2182.4
1392450 2182.4
1392460 2185.7
1392470 2188.6
1392480 2188.6
1392490 2191.9
1392500 2196.3
1392510 2196.3
1392520 2200.8
1392530 2204.9
1392540 2204.9
1392550 2209.4
1392560 2213.0
1392570 2216.8
1392580 2216.8
1392590 2220.8
1392600 2223.1
1392610 2223.1
1392620 2225.8
1392630 2227.7
1392640 2227.7
1392650 2229.9
1392660 2232.8
1392670 2232.8
1392680 2236.6
1392690 2241.3
1392700 2241.3
1392710 2246.8
1392720 2246.6
1392730 2246.6
1392740 2241.4
1392750 2242.0
1392760 2239.8
1392770 2239.8
1392780 2238.2
1392790 2238.0
1392800 2238.0
1392810 2234.7
1392820 2234.2
1392830 2234.2
1392840 2236.5
1392850 2240.0
1392860 2240.0
1392870 2244.7
1392880 2250.1
1392890 2250.1
1392900 2256.8
1392910 2262.8
1392920 2262.8
1392930 2268.0
1392940 2272.9
1392950 2277.0
1392960 2277.0
1392970 2282.6
1392980 2290.3
1392990 2290.3
1393000 2297.2
1393010 2302.8
1393020 2302.8
1393030 2308.6
1393040 2322.3
1393050 2322.3
1393060 2333.3
1393070 2340.1
1393080 2340.1
1393090 2347.8
1393100 2354.8
1393110 2354.8
1393120 2360.6
1393130 2365.4
1393140 2370.1
1393150 2370.1
1393160 2379.3
1393170 2389.9
1393180 2389.9
1393190 2390.1
1393200 2382.2
1393210 2382.2
1393220 2374.8
1393230 2368.7
1393240 2368.7
1393250 2363.1
1393260 2358.0
1393270 2358.0
1393280 2355.2
1393290 2354.6
1393300 2354.6
1393310 2355.1
1393320 2356.4
1393330 2356.7
1393340 2356.7
1393350 2356.0
1393360 2354.9
1393370 2354.9
1393380 2353.3
1393390 2351.6
1393400 2351.6
1393410 2350.7
1393420 2350.8
1393430 2356.4
1393440 2356.1
1393450 2355.0
1393460 2355.0
1393470 2353.5
1393480 2352.2
1393490 2352.2
1393500 2350.9
1393510 2349.2
1393520 2347.2
1393530 2347.2
1393540 2344.8
1393550 2342.4
1393560 2342.4
1393570 2341.6
1393580 2341.6
1393590 2341.6
1393600 2341.3
1393610 2341.1
1393620 2341.1
1393630 2341.3
1393640 2341.6
1393650 2341.6
1393660 2341.6
1393670 2341.3
1393680 2341.3
1393690 2341.8
1393700 2343.8
1393710 2346.2
1393720 2346.2
1393730 2349.8
1393740 2353.9
1393750 2353.9
1393760 2358.3
1393770 2363.1
1393780 2363.1
1393790 2368.5
1393800 2374.3
1393810 2374.3
1393820 2380.2
1393830 2386.2
1393840 2386.2
1393850 2392.1
1393860 2398.1
1393870 2398.1
1393880 2404.2
1393890 2410.5
1393900 2417.1
1393910 2417.1
1393920 2424.4
1393930 2431.9
1393940 2431.9
1393950 2439.5
1393960 2447.2
1393970 2447.2
1393980 2454.8
1393990 2462.0
1394000 2462.0
1394010 2469.9
1394020 2479.1
1394030 2479.1
1394040 2488.4
1394050 2497.7
1394060 2497.7
1394070 2505.4
1394080 2513.5
1394090 2523.1
1394100 2523.1
1394110 2531.9
1394120 2539.7
1394130 2539.7
1394140 2545.4
1394150 2548.8
1394160 2548.8
1394170 2552.6
1394180 2556.9
1394190 2556.9
1394200 2560.5
1394210 2561.3
1394220 2561.3
1394230 2562.6
1394240 2562.6
1394250 2561.8
1394260 2561.8
1394270 2560.0
1394280 2557.2
1394290 2557.2
1394300 2555.1
1394310 2552.9
1394320 2552.9
1394330 2548.8
1394340 2544.8
1394350 2544.8
1394360 2539.2
1394370 2533.9
1394380 2533.9
1394390 2529.8
1394400 2523.2
1394410 2523.2
1394420 2516.4
1394430 2507.4
1394440 2495.9
1394450 2495.9
1394460 2487.1
1394470 2479.7
1394480 2479.7
1394490 2472.7
1394500 2465.6
1394510 2465.6
1394520 2458.1
1394530 2448.5
1394540 2448.5
1394550 2439.9
1394560 2432.5
1394570 2432.5
1394580 2426.0
1394590 2420.4
1394600 2420.4
1394610 2414.3
1394620 2406.2
1394630 2396.9
1394640 2396.9
1394650 2387.6
1394660 2377.2
1394670 2377.2
1394680 2367.1
1394690 2357.9
1394700 2357.9
1394710 2349.1
1394720 2339.5
1394730 2339.5
1394740 2329.6
1394750 2320.6
1394760 2320.6
1394770 2313.4
1394780 2306.0
1394790 2306.0
1394800 2298.0
1394810 2290.4
1394820 2285.2
1394830 2285.2
1394840 2276.4
1394850 2269.0
1394860 2269.0
1394870 2261.0
1394880 2253.3
1394890 2253.3
1394900 2244.7
1394910 2233.9
1394920 2233.9
1394930 2222.6
1394940 2213.7
1394950 2213.7
1394960 2207.3
1394970 2201.4
1394980 2201.4
1394990 2193.9
1395000 2180.0
1395010 2165.5
1395020 2165.5
1395030 2153.7
1395040 2141.8
1395050 2141.8
1395060 2127.5
1395070 2114.8
1395080 2114.8
1395090 2100.1
1395100 2089.2
1395110 2089.2
1395120 2078.0
1395130 2068.9
1395140 2068.9
1395150 2061.0
1395160 2053.3
1395170 2053.3
1395180 2045.3
1395190 2037.2
1395200 2028.6
1395210 2028.6
1395220 2020.6
1395230 2012.8
1395240 2012.8
1395250 2004.7
1395260 1999.0
1395270 1999.0
1395280 1994.5
1395290 1990.1
1395300 1990.1
1395310 1983.9
1395320 1974.6
1395330 1974.6
1395340 1967.7
1395350 1962.4
1395360 1962.4
1395370 1957.1
1395380 1951.6
1395390 1946.1
1395400 1946.1
1395410 1940.6
1395420 1935.2
1395430 1935.2
1395440 1929.9
1395450 1924.3
1395460 1924.3
1395470 1918.5
1395480 1912.8
1395490 1912.8
1395500 1907.8
1395510 1904.0
1395520 1904.0
1395530 1901.2
1395540 1895.5
1395550 1895.5
1395560 1888.4
1395570 1882.3
1395580 1878.1
1395590 1878.1
1395600 1873.0
1395610 1869.9
1395620 1869.9
1395630 1867.3
1395640 1859.0
1395650 1859.0
1395660 1851.3
1395670 1852.9
1395680 1852.9
1395690 1857.6
1395700 1864.4
1395710 1864.4
1395720 1868.3
1395730 1870.9
1395740 1870.9
1395750 1874.2
1395760 1880.3
1395770 1885.3
1395780 1885.3
1395790 1890.1
1395800 1895.1
1395810 1895.1
1395820 1897.8
1395830 1898.4
1395840 1898.4
1395850 1899.1
1395860 1900.9
1395870 1900.9
1395880 1899.9
1395890 1899.8
1395900 1899.8
1395910 1900.8
1395920 1899.2
1395930 1899.2
1395940 1896.3
1395950 1896.9
1395960 1899.2
1395970 1899.2
1395980 1902.3
1395990 1904.5
1396000 1904.5
1396010 1905.6
1396020 1907.7
1396030 1907.7
1396040 1910.5
1396050 1912.9
1396060 1912.9
1396070 1915.7
1396080 1921.3
1396090 1921.3
1396100 1926.3
1396110 1929.8
1396120 1929.8
1396130 1933.8
1396140 1938.0
1396150 1942.9
1396160 1942.9
1396170 1949.2
1396180 1953.6
1396190 1953.6
1396200 1956.3
1396210 1962.2
1396220 1962.2
1396230 1969.7
1396240 1975.3
1396250 1975.3
1396260 1979.7
1396270 1984.7
1396280 1984.7
1396290 1987.9
1396300 1991.6
1396310 1995.8
1396320 1995.8
1396330 1994.9
1396340 1991.0
1396350 1991.0
1396360 1993.5
1396370 1996.6
1396380 1996.6
1396390 2002.5
1396400 2007.9
1396410 2007.9
1396420 2008.4
1396430 2009.6
1396440 2009.6
1396450 2010.2
1396460 2012.0
1396470 2012.0
1396480 2015.0
1396490 2016.5
1396500 2018.6
1396510 2018.6
1396520 2020.9
1396530 2022.5
1396540 2022.5
1396550 2023.9
1396560 2027.0
1396570 2027.0
1396580 2032.2
1396590 2038.4
1396600 2038.4
1396610 2044.2
1396620 2050.1
1396630 2050.1
1396640 2055.4
1396650 2061.4
1396660 2061.4
1396670 2068.3
1396680 2073.2
1396690 2076.7
1396700 2076.7
1396710 2080.2
1396720 2083.6
1396730 2083.6
1396740 2087.1
1396750 2090.9
1396760 2090.9
1396770 2095.4
1396780 2100.0
1396790 2100.0
1396800 2105.1
1396810 2110.6
1396820 2110.6
1396830 2115.1
1396840 2118.6
1396850 2118.6
1396860 2121.6
1396870 2124.9
1396880 2128.8
1396890 2128.8
1396900 2132.4
1396910 2135.0
1396920 2135.0
1396930 2137.6
1396940 2140.3
1396950 2140.3
1396960 2142.7
1396970 2144.3
1396980 2144.3
1396990 2145.6
1397000 2147.0
1397010 2147.0
1397020 2148.9
1397030 2151.5
1397040 2151.5
1397050 2154.7
1397060 2158.2
1397070 2161.9
1397080 2161.9
1397090 2165.4
1397100 2168.6
1397110 2168.6
1397120 2171.4
1397130 2174.0
1397140 2174.0
1397150 2176.9
1397160 2180.7
1397170 2180.7
1397180 2185.3
1397190 2189.5
1397200 2189.5
1397210 2193.2
1397220 2196.8
1397230 2196.8
1397240 2200.2
1397250 2203.3
1397260 2206.3
1397270 2206.3
1397280 2209.2
1397290 2212.0
1397300 2212.0
1397310 2215.0
1397320 2218.3
1397330 2218.3
1397340 2221.2
1397350 2224.0
1397360 2224.0
1397370 2227.2
1397380 2231.7
1397390 2231.7
1397400 2238.2
1397410 2245.4
1397420 2245.4
1397430 2251.2
1397440 2254.9
1397450 2256.3
1397460 2256.3
1397470 2257.5
1397480 2259.3
1397490 2259.3
1397500 2261.3
1397510 2263.2
1397520 2263.2
1397530 2265.2
1397540 2267.2
1397550 2267.2
1397560 2269.3
1397570 2271.6
1397580 2271.6
1397590 2274.3
1397600 2277.4
1397610 2277.4
1397620 2281.6
1397630 2285.9
1397640 2289.9
1397650 2289.9
1397660 2293.5
1397670 2298.2
1397680 2302.6
1397690 2307.4
1397700 2311.6
1397710 2311.6
1397720 2315.7
1397730 2320.7
1397740 2320.7
1397750 2325.9
1397760 2330.3
1397770 2330.3
1397780 2333.4
1397790 2336.3
1397800 2336.3
1397810 2339.2
1397820 2341.6
1397830 2343.1
1397840 2343.1
1397850 2345.1
1397860 2347.3
1397870 2347.3
1397880 2349.8
1397890 2352.3
1397900 2352.3
1397910 2355.2
1397920 2358.5
1397930 2358.5
1397940 2361.9
1397950 2365.7
1397960 2365.7
1397970 2369.4
1397980 2371.3
1397990 2371.3
1398000 2373.3
1398010 2376.2
1398020 2379.8
1398030 2379.8
1398040 2383.9
1398050 2388.7
1398060 2388.7
1398070 2393.7
1398080 2399.3
1398090 2399.3
1398100 2405.8
1398110 2410.8
1398120 2410.8
1398130 2413.4
1398140 2415.3
1398150 2415.3
1398160 2418.6
1398170 2424.4
1398180 2430.6
1398190 2430.6
1398200 2436.8
1398210 2443.2
1398220 2443.2
1398230 2450.2
1398240 2456.2
1398250 2456.2
1398260 2461.5
1398270 2465.8
1398280 2465.8
1398290 2470.4
1398300 2475.3
1398310 2475.3
1398320 2479.5
1398330 2483.5
1398340 2483.5
1398350 2488.2
1398360 2493.0
1398370 2498.1
1398380 2498.1
1398390 2502.8
1398400 2504.6
1398410 2504.6
1398420 2505.4
1398430 2505.7
1398440 2505.7
1398450 2503.0
1398460 2496.3
1398470 2496.3
1398480 2491.6
1398490 2488.6
1398500 2488.6
1398510 2482.6
1398520 2472.8
1398530 2472.8
1398540 2463.3
1398550 2456.0
1398560 2456.0
1398570 2456.0
1398580 2458.0
1398590 2455.8
1398600 2455.8
1398610 2448.8
1398620 2438.2
1398630 2438.2
1398640 2429.5
1398650 2422.1
1398660 2422.1
1398670 2413.2
1398680 2404.6
1398690 2404.6
1398700 2397.4
1398710 2391.6
1398720 2391.6
1398730 2382.7
1398740 2376.6
1398750 2370.5
1398760 2370.5
1398770 2367.0
1398780 2360.1
1398790 2360.1
1398800 2353.4
1398810 2347.1
1398820 2347.1
1398830 2339.2
1398840 2331.1
1398850 2331.1
1398860 2323.7
1398870 2317.5
1398880 2317.5
1398890 2308.9
1398900 2292.9
1398910 2292.9
1398920 2281.4
1398930 2278.7
1398940 2275.9
1398950 2275.9
1398960 2272.6
1398970 2269.8
1398980 2269.8
1398990 2266.7
1399000 2263.1
1399010 2263.1
1399020 2259.8
1399030 2256.7
1399040 2256.7
1399050 2252.3
1399060 2245.8
1399070 2245.8
1399080 2238.2
1399090 2230.8
1399100 2230.8
1399110 2224.3
1399120 2218.8
1399130 2215.8
1399140 2215.8
1399150 2217.6
1399160 2215.1
1399170 2215.1
1399180 2212.6
1399190 2210.0
1399200 2210.0
1399210 2207.3
1399220 2204.5
1399230 2204.5
1399240 2202.6
1399250 2201.3
1399260 2201.3
1399270 2200.2
1399280 2199.0
1399290 2199.0
1399300 2197.8
1399310 2195.2
1399320 2192.3
1399330 2192.3
1399340 2189.3
1399350 2187.5
1399360 2187.5
1399370 2186.1
1399380 2186.1
1399390 2186.1
1399400 2186.2
1399410 2185.3
1399420 2185.3
1399430 2182.8
1399440 2178.5
1399450 2178.5
1399460 2174.9
1399470 2172.5
1399480 2172.5
1399490 2169.9
1399500 2166.9
1399510 2163.4
1399520 2163.4
1399530 2160.3
1399540 2157.9
1399550 2157.9
1399560 2156.2
1399570 2154.7
1399580 2154.7
1399590 2152.7
1399600 2151.0
1399610 2151.0
1399620 2149.2
1399630 2146.9
1399640 2146.9
1399650 2144.6
1399660 2142.3
1399670 2142.3
1399680 2140.5
1399690 2138.5
1399700 2136.2
1399710 2136.2
1399720 2133.5
1399730 2130.4
1399740 2130.4
1399750 2126.3
1399760 2122.2
1399770 2122.2
1399780 2119.3
1399790 2116.5
1399800 2116.5
1399810 2113.6
1399820 2110.7
1399830 2110.7
1399840 2107.0
1399850 2102.1
1399860 2102.1
1399870 2097.8
1399880 2094.6
1399890 2090.9
1399900 2090.9
1399910 2086.8
1399920 2083.2
1399930 2083.2
1399940 2079.9
1399950 2076.5
1399960 2076.5
1399970 2072.3
1399980 2069.1
1399990 2069.1
