1380000 2296.7
1380010 2292.3
1380020 2292.3
1380030 2288.2
1380040 2283.9
1380050 2283.9
1380060 2278.5
1380070 2271.6
1380080 2271.6
1380090 2264.3
1380100 2258.3
1380110 2252.4
1380120 2252.4
1380130 2246.7
1380140 2241.1
1380150 2241.1
1380160 2236.0
1380170 2230.3
1380180 2230.3
1380190 2223.5
1380200 2218.0
1380210 2218.0
1380220 2214.9
1380230 2215.4
1380240 2215.4
1380250 2213.3
1380260 2209.3
1380270 2209.3
1380280 2201.6
1380290 2193.4
1380300 2186.1
1380310 2186.1
1380320 2179.1
1380330 2172.4
1380340 2172.4
1380350 2166.0
1380360 2159.2
1380370 2159.2
1380380 2152.2
1380390 2144.5
1380400 2144.5
1380410 2137.3
1380420 2129.7
1380430 2129.7
1380440 2120.2
1380450 2111.3
1380460 2111.3
1380470 2102.4
1380480 2093.9
1380490 2085.7
1380500 2085.7
1380510 2075.3
1380520 2065.7
1380530 2065.7
1380540 2058.5
1380550 2052.6
1380560 2052.6
1380570 2048.5
1380580 2045.2
1380590 2045.2
1380600 2041.7
1380610 2038.9
1380620 2038.9
1380630 2036.9
1380640 2035.2
1380650 2035.2
1380660 2034.0
1380670 2033.2
1380680 2032.1
1380690 2032.1
1380700 2030.5
1380710 2029.8
1380720 2029.8
1380730 2029.6
1380740 2030.0
1380750 2030.0
1380760 2030.0
1380770 2030.4
1380780 2030.4
1380790 2031.5
1380800 2032.6
1380810 2032.6
1380820 2034.8
1380830 2038.5
1380840 2038.5
1380850 2042.7
1380860 2047.0
1380870 2054.1
1380880 2054.1
1380890 2059.0
1380900 2065.7
1380910 2065.7
1380920 2072.7
1380930 2079.5
1380940 2079.5
1380950 2086.5
1380960 2094.5
1380970 2094.5
1380980 2103.7
1380990 2111.9
1381000 2111.9
1381010 2119.3
1381020 2127.3
1381030 2127.3
1381040 2134.1
1381050 2138.3
1381060 2141.4
1381070 2141.4
1381080 2148.7
1381090 2157.0
1381100 2157.0
1381110 2159.7
1381120 2160.5
1381130 2160.5
1381140 2164.9
1381150 2174.4
1381160 2174.4
1381170 2180.2
1381180 2185.5
1381190 2185.5
1381200 2191.2
1381210 2196.5
1381220 2203.0
1381230 2203.0
1381240 2209.9
1381250 2216.6
1381260 2216.6
1381270 2223.1
1381280 2230.0
1381290 2230.0
1381300 2238.0
1381310 2247.5
1381320 2247.5
1381330 2255.2
1381340 2260.0
1381350 2260.0
1381360 2264.4
1381370 2269.7
1381380 2269.7
1381390 2274.0
1381400 2277.2
1381410 2279.5
1381420 2279.5
1381430 2282.5
1381440 2286.2
1381450 2286.2
1381460 2291.9
1381470 2296.3
1381480 2296.3
1381490 2299.5
1381500 2303.2
1381510 2303.2
1381520 2305.9
1381530 2307.6
1381540 2307.6
1381550 2310.4
1381560 2315.5
1381570 2315.5
1381580 2320.9
1381590 2327.2
1381600 2334.1
1381610 2334.1
1381620 2340.6
1381630 2343.0
1381640 2343.0
1381650 2344.3
1381660 2345.9
1381670 2345.9
1381680 2346.2
1381690 2348.4
1381700 2348.4
1381710 2348.1
1381720 2351.6
1381730 2351.6
1381740 2355.9
1381750 2362.1
1381760 2362.1
1381770 2368.9
1381780 2375.8
1381790 2382.7
1381800 2382.7
1381810 2387.9
1381820 2389.8
1381830 2389.8
1381840 2390.8
1381850 2392.1
1381860 2392.1
1381870 2393.9
1381880 2397.0
1381890 2397.0
1381900 2401.1
1381910 2405.6
1381920 2405.6
1381930 2411.4
1381940 2418.7
1381950 2418.7
1381960 2425.6
1381970 2432.9
1381980 2441.2
1381990 2441.2
1382000 2450.3
1382010 2457.5
1382020 2457.5
1382030 2466.0
1382040 2473.4
1382050 2473.4
1382060 2482.0
1382070 2491.2
1382080 2491.2
1382090 2498.7
1382100 2511.5
1382110 2511.5
1382120 2517.3
1382130 2522.9
1382140 2522.9
1382150 2527.6
1382160 2531.3
1382170 2533.9
1382180 2533.9
1382190 2529.4
1382200 2520.4
1382210 2520.4
1382220 2511.3
1382230 2508.7
1382240 2508.7
1382250 2506.3
1382260 2499.4
1382270 2499.4
1382280 2491.2
1382290 2482.7
1382300 2482.7
1382310 2474.4
1382320 2467.1
1382330 2467.1
1382340 2456.6
1382350 2442.7
1382360 2431.8
1382370 2431.8
1382380 2420.2
1382390 2410.1
1382400 2410.1
1382410 2398.3
1382420 2390.0
1382430 2390.0
1382440 2383.3
1382450 2377.0
1382460 2377.0
1382470 2370.9
1382480 2365.2
1382490 2365.2
1382500 2360.6
1382510 2356.6
1382520 2356.6
1382530 2352.3
1382540 2348.6
1382550 2345.7
1382560 2345.7
1382570 2340.6
1382580 2335.3
1382590 2335.3
1382600 2329.8
1382610 2324.2
1382620 2324.2
1382630 2320.1
1382640 2317.5
1382650 2317.5
1382660 2313.8
1382670 2310.4
1382680 2310.4
1382690 2308.8
1382700 2309.0
1382710 2309.0
1382720 2309.4
1382730 2308.4
1382740 2307.3
1382750 2307.3
1382760 2305.4
1382770 2302.8
1382780 2302.8
1382790 2300.5
1382800 2298.5
1382810 2298.5
1382820 2295.6
1382830 2292.8
1382840 2292.8
1382850 2290.8
1382860 2288.0
1382870 2288.0
1382880 2284.6
1382890 2280.0
1382900 2280.0
1382910 2279.1
1382920 2284.6
1382930 2287.4
1382940 2287.4
1382950 2284.2
1382960 2279.9
1382970 2279.9
1382980 2275.9
1382990 2271.3
1383000 2271.3
1383010 2267.2
1383020 2264.2
1383030 2264.2
1383040 2261.2
1383050 2257.2
1383060 2257.2
1383070 2252.9
1383080 2249.1
1383090 2249.1
1383100 2245.9
1383110 2244.2
1383120 2243.6
1383130 2243.6
1383140 2243.1
1383150 2241.8
1383160 2241.8
1383170 2239.6
1383180 2238.5
1383190 2238.5
1383200 2238.5
1383210 2238.1
1383220 2238.1
1383230 2237.6
1383240 2236.8
1383250 2236.8
1383260 2236.0
1383270 2234.6
1383280 2234.6
1383290 2233.7
1383300 2233.8
1383310 2233.5
1383320 2233.5
1383330 2233.3
1383340 2240.1
1383350 2240.1
1383360 2241.2
1383370 2242.1
1383380 2242.1
1383390 2243.0
1383400 2245.5
1383410 2245.5
1383420 2249.2
1383430 2253.5
1383440 2253.5
1383450 2257.8
1383460 2259.4
1383470 2259.4
1383480 2258.8
1383490 2258.3
1383500 2258.6
1383510 2258.6
1383520 2258.4
1383530 2259.5
1383540 2259.5
1383550 2260.9
1383560 2263.4
1383570 2263.4
1383580 2265.2
1383590 2266.4
1383600 2266.4
1383610 2266.5
1383620 2267.0
1383630 2267.0
1383640 2267.3
1383650 2267.4
1383660 2267.4
1383670 2267.5
1383680 2269.1
1383690 2270.1
1383700 2270.1
1383710 2270.4
1383720 2271.7
1383730 2271.7
1383740 2272.3
1383750 2274.3
1383760 2274.3
1383770 2277.5
1383780 2279.4
1383790 2279.4
1383800 2280.9
1383810 2283.2
1383820 2283.2
1383830 2286.9
1383840 2291.0
1383850 2291.0
1383860 2295.2
1383870 2296.0
1383880 2295.7
1383890 2295.7
1383900 2297.4
1383910 2300.4
1383920 2300.4
1383930 2303.5
1383940 2307.8
1383950 2307.8
1383960 2312.0
1383970 2315.6
1383980 2315.6
1383990 2318.7
1384000 2321.0
1384010 2321.0
1384020 2323.1
1384030 2325.3
1384040 2325.3
1384050 2326.9
1384060 2328.9
1384070 2331.7
1384080 2331.7
1384090 2334.8
1384100 2338.3
1384110 2338.3
1384120 2342.3
1384130 2346.5
1384140 2346.5
1384150 2350.9
1384160 2355.3
1384170 2355.3
1384180 2359.9
1384190 2364.7
1384200 2364.7
1384210 2369.6
1384220 2373.7
1384230 2373.7
1384240 2377.1
1384250 2379.7
1384260 2382.2
1384270 2382.2
1384280 2385.9
1384290 2389.7
1384300 2389.7
1384310 2392.3
1384320 2393.8
1384330 2393.8
1384340 2395.2
1384350 2396.7
1384360 2396.7
1384370 2398.3
1384380 2400.2
1384390 2400.2
1384400 2402.4
1384410 2405.2
1384420 2409.1
1384430 2409.1
1384440 2413.7
1384450 2419.5
1384460 2419.5
1384470 2426.2
1384480 2433.0
1384490 2433.0
1384500 2438.8
1384510 2443.1
1384520 2443.1
1384530 2446.5
1384540 2450.6
1384550 2450.6
1384560 2454.2
1384570 2457.6
1384580 2457.6
1384590 2461.3
1384600 2463.7
1384610 2468.1
1384620 2468.1
1384630 2472.6
1384640 2477.9
1384650 2477.9
1384660 2483.4
1384670 2489.2
1384680 2489.2
1384690 2496.1
1384700 2504.0
1384710 2504.0
1384720 2511.0
1384730 2518.6
1384740 2518.6
1384750 2527.5
1384760 2539.0
1384770 2539.0
1384780 2548.8
1384790 2557.5
1384800 2566.1
1384810 2566.1
1384820 2574.9
1384830 2583.7
1384840 2583.7
1384850 2591.9
1384860 2599.4
1384870 2599.4
1384880 2607.3
1384890 2618.2
1384900 2618.2
1384910 2628.8
1384920 2637.1
1384930 2637.1
1384940 2646.1
1384950 2648.7
1384960 2648.7
1384970 2637.0
1384980 2621.2
1384990 2609.3
1385000 2609.3
1385010 2599.7
1385020 2590.3
1385030 2590.3
1385040 2578.4
1385050 2566.1
1385060 2566.1
1385070 2552.5
1385080 2546.4
1385090 2546.4
1385100 2544.9
1385110 2540.9
1385120 2540.9
1385130 2531.5
1385140 2530.5
1385150 2530.5
1385160 2523.7
1385170 2515.8
1385180 2508.3
1385190 2508.3
1385200 2497.4
1385210 2487.6
1385220 2487.6
1385230 2478.7
1385240 2470.9
1385250 2470.9
1385260 2464.2
1385270 2457.4
1385280 2457.4
1385290 2448.5
1385300 2440.4
1385310 2440.4
1385320 2431.1
1385330 2417.7
1385340 2417.7
1385350 2406.3
1385360 2400.8
1385370 2396.5
1385380 2396.5
1385390 2392.3
1385400 2388.3
1385410 2388.3
1385420 2386.8
1385430 2386.2
1385440 2386.2
1385450 2381.9
1385460 2373.7
1385470 2373.7
1385480 2361.4
1385490 2352.7
1385500 2352.7
1385510 2347.2
1385520 2342.1
1385530 2342.1
1385540 2337.0
1385550 2331.8
1385560 2327.2
1385570 2327.2
1385580 2323.6
1385590 2320.8
1385600 2320.8
1385610 2317.9
1385620 2315.1
1385630 2315.1
1385640 2313.3
1385650 2311.9
1385660 2311.9
1385670 2309.8
1385680 2307.6
1385690 2307.6
1385700 2305.3
1385710 2302.6
1385720 2302.6
1385730 2301.4
1385740 2301.0
1385750 2302.3
1385760 2302.3
1385770 2302.6
1385780 2302.4
1385790 2302.4
1385800 2303.3
1385810 2304.8
1385820 2304.8
1385830 2305.6
1385840 2304.7
1385850 2304.7
1385860 2302.4
1385870 2304.5
1385880 2304.5
1385890 2303.3
1385900 2302.6
1385910 2302.6
1385920 2302.7
1385930 2304.5
1385940 2304.9
1385950 2304.9
1385960 2303.2
1385970 2302.1
1385980 2302.1
1385990 2302.4
1386000 2302.5
1386010 2302.5
1386020 2302.6
1386030 2303.4
1386040 2303.4
1386050 2304.6
1386060 2305.1
1386070 2305.1
1386080 2305.7
1386090 2307.1
1386100 2307.1
1386110 2308.2
1386120 2309.2
1386130 2310.1
1386140 2310.1
1386150 2311.4
1386160 2314.0
1386170 2314.0
1386180 2316.8
1386190 2319.5
1386200 2319.5
1386210 2322.0
1386220 2324.8
1386230 2324.8
1386240 2327.8
1386250 2329.9
1386260 2329.9
1386270 2332.1
1386280 2334.8
1386290 2334.8
1386300 2337.6
1386310 2340.4
1386320 2343.5
1386330 2343.5
1386340 2346.3
1386350 2349.0
1386360 2349.0
1386370 2352.6
1386380 2356.7
1386390 2356.7
1386400 2360.8
1386410 2364.7
1386420 2364.7
1386430 2368.3
1386440 2371.4
1386450 2371.4
1386460 2374.6
1386470 2378.3
1386480 2378.3
1386490 2381.9
1386500 2384.2
1386510 2385.2
1386520 2385.2
1386530 2386.4
1386540 2388.5
1386550 2388.5
1386560 2391.8
1386570 2395.1
1386580 2395.1
1386590 2397.9
1386600 2399.9
1386610 2399.9
1386620 2399.7
1386630 2400.5
1386640 2400.5
1386650 2402.4
1386660 2404.6
1386670 2404.6
1386680 2406.6
1386690 2408.7
1386700 2411.6
1386710 2411.6
1386720 2415.4
1386730 2418.8
1386740 2418.8
1386750 2422.3
1386760 2426.0
1386770 2426.0
1386780 2430.4
1386790 2435.0
1386800 2435.0
1386810 2440.0
1386820 2445.0
1386830 2445.0
1386840 2448.5
1386850 2450.7
1386860 2450.7
1386870 2454.8
1386880 2459.3
1386890 2463.0
1386900 2463.0
1386910 2465.3
1386920 2468.2
1386930 2468.2
1386940 2472.0
1386950 2476.2
1386960 2476.2
1386970 2480.6
1386980 2485.3
1386990 2485.3
1387000 2491.0
1387010 2497.0
1387020 2497.0
1387030 2503.3
1387040 2510.4
1387050 2510.4
1387060 2518.3
1387070 2527.3
1387080 2536.5
1387090 2536.5
1387100 2545.2
1387110 2553.4
1387120 2553.4
1387130 2562.5
1387140 2571.4
1387150 2571.4
1387160 2579.7
1387170 2585.3
1387180 2585.3
1387190 2587.2
1387200 2586.1
1387210 2586.1
1387220 2582.4
1387230 2579.4
1387240 2579.4
1387250 2576.1
1387260 2572.3
1387270 2567.5
1387280 2567.5
1387290 2560.6
1387300 2552.5
1387310 2552.5
1387320 2538.5
1387330 2528.4
1387340 2528.4
1387350 2519.7
1387360 2512.8
1387370 2512.8
1387380 2506.6
1387390 2501.2
1387400 2501.2
1387410 2496.4
1387420 2491.5
1387430 2486.1
1387440 2486.1
1387450 2481.2
1387460 2476.8
1387470 2476.8
1387480 2472.2
1387490 2467.1
1387500 2467.1
1387510 2462.1
1387520 2458.0
1387530 2458.0
1387540 2454.3
1387550 2450.7
1387560 2450.7
1387570 2449.1
1387580 2448.5
1387590 2448.5
1387600 2447.7
1387610 2446.3
1387620 2444.2
1387630 2444.2
1387640 2442.1
1387650 2440.2
1387660 2440.2
1387670 2438.7
1387680 2438.8
1387690 2438.8
1387700 2440.1
1387710 2440.6
1387720 2440.6
1387730 2440.1
1387740 2440.3
1387750 2440.3
1387760 2440.8
1387770 2442.0
1387780 2442.0
1387790 2442.4
1387800 2441.0
1387810 2438.6
1387820 2438.6
1387830 2435.8
1387840 2431.8
1387850 2431.8
1387860 2426.6
1387870 2420.7
1387880 2420.7
1387890 2414.5
1387900 2408.3
1387910 2408.3
1387920 2402.0
1387930 2395.6
1387940 2395.6
1387950 2390.2
1387960 2387.2
1387970 2387.2
1387980 2384.7
1387990 2383.0
1388000 2383.8
1388010 2383.8
1388020 2383.8
1388030 2382.8
1388040 2382.8
1388050 2383.8
1388060 2389.5
1388070 2389.5
1388080 2396.3
1388090 2401.7
1388100 2401.7
1388110 2404.2
1388120 2406.2
1388130 2406.2
1388140 2408.3
1388150 2410.0
1388160 2410.0
1388170 2411.1
1388180 2410.6
1388190 2409.6
1388200 2409.6
1388210 2408.5
1388220 2408.5
1388230 2408.5
1388240 2409.6
1388250 2411.5
1388260 2411.5
1388270 2413.0
1388280 2413.5
1388290 2413.5
1388300 2414.9
1388310 2417.5
1388320 2417.5
1388330 2421.6
1388340 2424.8
1388350 2424.8
1388360 2424.8
1388370 2424.2
1388380 2424.6
1388390 2424.6
1388400 2425.4
1388410 2425.6
1388420 2425.6
1388430 2425.7
1388440 2426.6
1388450 2426.6
1388460 2432.7
1388470 2431.9
1388480 2431.9
1388490 2432.6
1388500 2434.2
1388510 2434.2
1388520 2435.5
1388530 2436.2
1388540 2436.2
1388550 2437.0
1388560 2439.2
1388570 2440.8
1388580 2440.8
1388590 2442.0
1388600 2443.5
1388610 2443.5
1388620 2444.0
1388630 2443.9
1388640 2443.9
1388650 2444.4
1388660 2444.1
1388670 2444.1
1388680 2442.8
1388690 2442.7
1388700 2442.7
1388710 2443.8
1388720 2443.4
1388730 2443.4
1388740 2439.4
1388750 2435.7
1388760 2432.8
1388770 2432.8
1388780 2429.8
1388790 2426.7
1388800 2426.7
1388810 2423.3
1388820 2419.7
1388830 2419.7
1388840 2416.3
1388850 2412.9
1388860 2412.9
1388870 2409.7
1388880 2407.1
1388890 2407.1
1388900 2405.0
1388910 2401.8
1388920 2401.8
1388930 2398.6
1388940 2395.8
1388950 2393.1
1388960 2393.1
1388970 2390.4
1388980 2387.5
1388990 2387.5
1389000 2384.1
1389010 2380.5
1389020 2380.5
1389030 2376.9
1389040 2373.8
1389050 2373.8
1389060 2370.4
1389070 2367.2
1389080 2367.2
1389090 2363.9
1389100 2359.9
1389110 2359.9
1389120 2356.3
1389130 2353.4
1389140 2349.5
1389150 2349.5
1389160 2345.5
1389170 2341.8
1389180 2341.8
1389190 2338.1
1389200 2334.8
1389210 2334.8
1389220 2330.2
1389230 2324.2
1389240 2324.2
1389250 2317.9
1389260 2312.7
1389270 2312.7
1389280 2307.4
1389290 2303.0
1389300 2303.0
1389310 2300.2
1389320 2297.7
1389330 2295.1
1389340 2295.1
1389350 2292.4
1389360 2289.5
1389370 2289.5
1389380 2286.6
1389390 2281.8
1389400 2281.8
1389410 2278.7
1389420 2275.7
1389430 2275.7
1389440 2272.1
1389450 2269.3
1389460 2269.3
1389470 2266.4
1389480 2263.5
1389490 2263.5
1389500 2260.8
1389510 2258.0
1389520 2255.0
1389530 2255.0
1389540 2251.6
1389550 2247.4
1389560 2247.4
1389570 2243.1
1389580 2239.5
1389590 2239.5
1389600 2236.2
1389610 2232.8
1389620 2232.8
1389630 2229.8
1389640 2227.0
1389650 2227.0
1389660 2223.4
1389670 2220.0
1389680 2220.0
1389690 2216.5
1389700 2212.9
1389710 2209.0
1389720 2209.0
1389730 2205.9
1389740 2203.7
1389750 2203.7
1389760 2201.4
1389770 2199.1
1389780 2199.1
1389790 2194.0
1389800 2191.8
1389810 2191.8
1389820 2189.7
1389830 2187.2
1389840 2187.2
1389850 2185.4
1389860 2183.3
1389870 2183.3
1389880 2181.3
1389890 2178.9
1389900 2175.8
1389910 2175.8
1389920 2172.2
1389930 2168.8
1389940 2168.8
1389950 2166.2
1389960 2163.8
1389970 2163.8
1389980 2161.3
1389990 2158.9
1390000 2158.9
1390010 2156.3
1390020 2152.8
1390030 2152.8
1390040 2149.3
1390050 2146.8
1390060 2146.8
1390070 2144.3
1390080 2141.8
1390090 2138.9
1390100 2138.9
1390110 2136.0
1390120 2132.8
1390130 2132.8
1390140 2129.5
1390150 2126.9
1390160 2126.9
1390170 2124.1
1390180 2121.5
1390190 2121.5
1390200 2118.9
1390210 2115.9
1390220 2115.9
1390230 2112.5
1390240 2107.0
1390250 2099.0
1390260 2099.0
1390270 2092.5
1390280 2088.9
1390290 2088.9
1390300 2086.6
1390310 2084.1
1390320 2084.1
1390330 2080.8
1390340 2076.6
1390350 2076.6
1390360 2072.6
1390370 2068.7
1390380 2068.7
1390390 2065.8
1390400 2063.2
1390410 2063.2
1390420 2060.2
1390430 2056.9
1390440 2054.1
1390450 2054.1
1390460 2051.2
1390470 2048.1
1390480 2048.1
1390490 2045.2
1390500 2042.3
1390510 2042.3
1390520 2039.1
1390530 2036.4
1390540 2036.4
1390550 2032.9
1390560 2029.2
1390570 2029.2
1390580 2025.6
1390590 2021.2
1390600 2021.2
1390610 2016.1
1390620 2010.5
1390630 2004.4
1390640 2004.4
1390650 1997.3
1390660 1990.1
1390670 1990.1
1390680 1982.6
1390690 1976.0
1390700 1976.0
1390710 1970.5
1390720 1965.4
1390730 1965.4
1390740 1959.5
1390750 1953.7
1390760 1953.7
1390770 1948.5
1390780 1943.7
1390790 1943.7
1390800 1939.2
1390810 1934.8
1390820 1930.6
1390830 1930.6
1390840 1925.7
1390850 1920.2
1390860 1920.2
1390870 1915.1
1390880 1909.9
1390890 1909.9
1390900 1903.3
1390910 1896.7
1390920 1896.7
1390930 1892.0
1390940 1888.9
1390950 1888.9
1390960 1886.0
1390970 1883.1
1390980 1883.1
1390990 1879.5
1391000 1875.9
1391010 1872.5
1391020 1872.5
1391030 1869.1
1391040 1865.7
1391050 1865.7
1391060 1862.4
1391070 1859.4
1391080 1859.4
1391090 1857.0
1391100 1855.0
1391110 1855.0
1391120 1852.2
1391130 1845.9
1391140 1845.9
1391150 1841.4
1391160 1837.4
1391170 1837.4
1391180 1833.0
1391190 1828.0
1391200 1823.0
1391210 1823.0
1391220 1817.1
1391230 1811.9
1391240 1811.9
1391250 1806.5
1391260 1800.1
1391270 1800.1
1391280 1792.3
1391290 1785.0
1391300 1785.0
1391310 1778.1
1391320 1771.4
1391330 1771.4
1391340 1764.8
1391350 1757.3
1391360 1757.3
1391370 1750.4
1391380 1744.6
1391390 1739.2
1391400 1739.2
1391410 1734.1
1391420 1729.7
1391430 1729.7
1391440 1726.8
1391450 1724.9
1391460 1724.9
1391470 1721.5
1391480 1715.9
1391490 1715.9
1391500 1711.6
1391510 1705.9
1391520 1705.9
1391530 1699.1
1391540 1694.7
1391550 1694.7
1391560 1691.0
1391570 1685.7
1391580 1679.9
1391590 1679.9
1391600 1673.8
1391610 1668.1
1391620 1668.1
1391630 1663.6
1391640 1659.5
1391650 1659.5
1391660 1655.5
1391670 1651.6
1391680 1651.6
1391690 1648.6
1391700 1647.2
1391710 1647.2
1391720 1648.3
1391730 1651.2
1391740 1651.2
1391750 1654.8
1391760 1658.1
1391770 1660.9
1391780 1660.9
1391790 1664.0
1391800 1667.2
1391810 1667.2
1391820 1670.0
1391830 1672.8
1391840 1672.8
1391850 1675.8
1391860 1678.3
1391870 1678.3
1391880 1681.8
1391890 1686.9
1391900 1686.9
1391910 1694.0
1391920 1701.1
1391930 1701.1
1391940 1708.2
1391950 1715.4
1391960 1722.8
1391970 1722.8
1391980 1730.4
1391990 1738.0
1392000 1738.0
1392010 1745.3
1392020 1751.6
1392030 1751.6
1392040 1757.2
1392050 1762.8
1392060 1762.8
1392070 1768.3
1392080 1773.2
1392090 1773.2
1392100 1777.4
1392110 1782.7
1392120 1782.7
1392130 1788.0
1392140 1793.6
1392150 1799.8
1392160 1799.8
1392170 1806.3
1392180 1812.6
1392190 1812.6
1392200 1819.1
1392210 1826.1
1392220 1826.1
1392230 1833.3
1392240 1840.6
1392250 1840.6
1392260 1848.5
1392270 1856.2
1392280 1856.2
1392290 1863.5
1392300 1869.3
1392310 1869.3
1392320 1874.7
1392330 1880.2
1392340 1886.0
1392350 1886.0
1392360 1891.7
1392370 1897.2
1392380 1897.2
1392390 1902.9
1392400 1909.0
1392410 1909.0
1392420 1915.1
1392430 1920.6
1392440 1920.6
1392450 1925.5
1392460 1930.8
1392470 1930.8
1392480 1936.4
1392490 1947.5
1392500 1947.5
1392510 1952.2
1392520 1957.1
1392530 1961.9
1392540 1961.9
1392550 1967.1
1392560 1973.3
1392570 1973.3
1392580 1978.9
1392590 1983.6
1392600 1983.6
1392610 1988.0
1392620 1991.9
1392630 1991.9
1392640 1995.9
1392650 2000.8
1392660 2000.8
1392670 2006.8
1392680 2012.7
1392690 2012.7
1392700 2017.6
1392710 2021.9
1392720 2026.5
1392730 2026.5
1392740 2031.4
1392750 2035.7
1392760 2035.7
1392770 2038.1
1392780 2041.0
1392790 2041.0
1392800 2044.6
1392810 2048.9
1392820 2048.9
1392830 2053.8
1392840 2059.1
1392850 2059.1
1392860 2063.9
1392870 2068.0
1392880 2068.0
1392890 2072.1
1392900 2076.3
1392910 2081.1
1392920 2081.1
1392930 2084.6
1392940 2085.7
1392950 2085.7
1392960 2086.0
1392970 2085.9
1392980 2085.9
1392990 2084.2
1393000 2083.0
1393010 2083.0
1393020 2083.6
1393030 2085.7
1393040 2085.7
1393050 2087.6
1393060 2089.6
1393070 2089.6
1393080 2092.8
1393090 2096.7
1393100 2099.0
1393110 2099.0
1393120 2100.6
1393130 2104.3
1393140 2104.3
1393150 2109.3
1393160 2113.5
1393170 2113.5
1393180 2116.4
1393190 2119.6
1393200 2119.6
1393210 2123.7
1393220 2127.5
1393230 2127.5
1393240 2131.0
1393250 2135.1
1393260 2139.7
1393270 2139.7
1393280 2144.1
1393290 2148.1
1393300 2148.1
1393310 2152.5
1393320 2157.1
1393330 2157.1
1393340 2159.8
1393350 2162.6
1393360 2162.6
1393370 2164.6
1393380 2167.0
1393390 2167.0
1393400 2170.9
1393410 2174.2
1393420 2174.2
1393430 2175.1
1393440 2175.5
1393450 2177.6
1393460 2177.6
1393470 2180.9
1393480 2185.8
1393490 2185.8
1393500 2189.9
1393510 2193.0
1393520 2193.0
1393530 2196.5
1393540 2199.8
1393550 2199.8
1393560 2203.2
1393570 2207.2
1393580 2207.2
1393590 2212.3
1393600 2217.6
1393610 2217.6
1393620 2222.8
1393630 2225.6
1393640 2227.2
1393650 2227.2
1393660 2229.3
1393670 2231.3
1393680 2231.3
1393690 2233.9
1393700 2237.8
1393710 2237.8
1393720 2242.5
1393730 2247.3
1393740 2247.3
1393750 2252.7
1393760 2256.7
1393770 2256.7
1393780 2259.7
1393790 2262.3
1393800 2262.3
1393810 2265.5
1393820 2267.3
1393830 2268.7
1393840 2268.7
1393850 2271.2
1393860 2274.0
1393870 2274.0
1393880 2273.9
1393890 2276.9
1393900 2276.9
1393910 2281.0
1393920 2285.6
1393930 2285.6
1393940 2290.7
1393950 2295.4
1393960 2295.4
1393970 2300.5
1393980 2306.6
1393990 2306.6
1394000 2312.0
1394010 2315.4
1394020 2318.3
1394030 2318.3
1394040 2322.6
1394050 2328.1
1394060 2328.1
1394070 2333.6
1394080 2340.1
1394090 2340.1
1394100 2347.2
1394110 2353.0
1394120 2353.0
1394130 2357.8
1394140 2362.7
1394150 2362.7
1394160 2367.5
1394170 2373.8
1394180 2373.8
1394190 2380.2
1394200 2386.4
1394210 2392.6
1394220 2392.6
1394230 2398.9
1394240 2405.1
1394250 2405.1
1394260 2410.9
1394270 2415.5
1394280 2415.5
1394290 2419.8
1394300 2425.2
1394310 2425.2
1394320 2430.8
1394330 2435.8
1394340 2435.8
1394350 2441.8
1394360 2446.8
1394370 2446.8
1394380 2451.4
1394390 2453.7
1394400 2451.4
1394410 2451.4
1394420 2444.3
1394430 2435.3
1394440 2435.3
1394450 2426.0
1394460 2417.7
1394470 2417.7
1394480 2409.7
1394490 2403.1
1394500 2403.1
1394510 2397.6
1394520 2391.0
1394530 2391.0
1394540 2385.1
1394550 2381.2
1394560 2381.2
1394570 2375.2
1394580 2366.3
1394590 2359.0
1394600 2359.0
1394610 2352.4
1394620 2345.8
1394630 2345.8
1394640 2339.9
1394650 2334.1
1394660 2334.1
1394670 2328.7
1394680 2323.6
1394690 2323.6
1394700 2318.6
1394710 2313.7
1394720 2313.7
1394730 2309.5
1394740 2306.5
1394750 2306.5
1394760 2303.0
1394770 2299.5
1394780 2295.7
1394790 2295.7
1394800 2290.1
1394810 2280.2
1394820 2280.2
1394830 2267.9
1394840 2259.6
1394850 2259.6
1394860 2252.2
1394870 2238.3
1394880 2238.3
1394890 2224.3
1394900 2214.0
1394910 2214.0
1394920 2203.1
1394930 2193.2
1394940 2193.2
1394950 2185.2
1394960 2177.5
1394970 2169.8
1394980 2169.8
1394990 2161.8
1395000 2154.4
1395010 2154.4
1395020 2147.1
1395030 2139.3
1395040 2139.3
1395050 2130.8
1395060 2122.1
1395070 2122.1
1395080 2114.0
1395090 2106.3
1395100 2106.3
1395110 2098.3
1395120 2090.0
1395130 2090.0
1395140 2081.2
1395150 2072.6
1395160 2063.5
1395170 2063.5
1395180 2054.2
1395190 2046.6
1395200 2046.6
1395210 2039.3
1395220 2028.8
1395230 2028.8
1395240 2018.9
1395250 2011.3
1395260 2011.3
1395270 2004.5
1395280 1999.7
1395290 1999.7
1395300 1992.4
1395310 1983.6
1395320 1983.6
1395330 1971.0
1395340 1959.7
1395350 1947.5
1395360 1947.5
1395370 1932.9
1395380 1922.7
1395390 1922.7
1395400 1913.2
1395410 1904.2
1395420 1904.2
1395430 1895.2
1395440 1884.1
1395450 1884.1
1395460 1871.4
1395470 1863.6
1395480 1863.6
1395490 1858.1
1395500 1855.0
1395510 1855.0
1395520 1850.0
1395530 1840.7
1395540 1835.9
1395550 1835.9
1395560 1829.6
1395570 1818.2
1395580 1818.2
1395590 1807.4
1395600 1789.6
1395610 1789.6
1395620 1777.4
1395630 1769.8
1395640 1769.8
1395650 1763.3
1395660 1756.4
1395670 1756.4
1395680 1750.2
1395690 1744.3
1395700 1744.3
1395710 1738.3
1395720 1732.1
1395730 1725.8
1395740 1725.8
1395750 1719.7
1395760 1713.6
1395770 1713.6
1395780 1707.6
1395790 1702.1
1395800 1702.1
1395810 1697.0
1395820 1691.8
1395830 1691.8
1395840 1687.1
1395850 1683.0
1395860 1683.0
1395870 1679.4
1395880 1676.2
1395890 1676.2
1395900 1673.0
1395910 1670.6
1395920 1669.4
1395930 1669.4
1395940 1666.9
1395950 1665.5
1395960 1665.5
1395970 1664.0
1395980 1665.4
1395990 1665.4
1396000 1667.8
1396010 1670.0
1396020 1670.0
1396030 1672.0
1396040 1674.6
1396050 1674.6
1396060 1678.6
1396070 1682.8
1396080 1687.0
1396090 1687.0
1396100 1691.1
1396110 1695.5
1396120 1695.5
1396130 1700.3
1396140 1705.1
1396150 1705.1
1396160 1709.9
1396170 1714.4
1396180 1714.4
1396190 1718.8
1396200 1723.7
1396210 1723.7
1396220 1729.2
1396230 1735.4
1396240 1735.4
1396250 1742.1
1396260 1749.0
1396270 1755.8
1396280 1755.8
1396290 1761.9
1396300 1770.8
1396310 1770.8
1396320 1779.8
1396330 1790.0
1396340 1790.0
1396350 1798.9
1396360 1805.2
1396370 1805.2
1396380 1812.2
1396390 1819.5
1396400 1819.5
1396410 1826.5
1396420 1833.7
1396430 1833.7
1396440 1840.7
1396450 1847.5
1396460 1854.3
1396470 1854.3
1396480 1865.1
1396490 1877.2
1396500 1877.2
1396510 1884.6
1396520 1892.1
1396530 1892.1
1396540 1898.0
1396550 1904.5
1396560 1904.5
1396570 1912.3
1396580 1921.0
1396590 1921.0
1396600 1929.0
1396610 1936.6
1396620 1936.6
1396630 1944.5
1396640 1952.6
1396650 1960.8
1396660 1960.8
1396670 1968.9
1396680 1977.8
1396690 1977.8
1396700 1987.3
1396710 1997.3
1396720 1997.3
1396730 2002.0
1396740 2007.4
1396750 2007.4
1396760 2012.9
1396770 2018.6
1396780 2018.6
1396790 2024.3
1396800 2030.2
1396810 2030.2
1396820 2036.2
1396830 2041.5
1396840 2046.7
1396850 2046.7
1396860 2052.5
1396870 2057.7
1396880 2057.7
1396890 2062.5
1396900 2067.3
1396910 2067.3
1396920 2072.2
1396930 2076.4
1396940 2076.4
1396950 2080.5
1396960 2084.7
1396970 2084.7
1396980 2088.4
1396990 2091.4
1397000 2091.4
1397010 2094.5
1397020 2097.3
1397030 2100.2
1397040 2100.2
1397050 2102.1
1397060 2103.8
1397070 2103.8
1397080 2105.8
1397090 2107.4
1397100 2107.4
1397110 2108.1
1397120 2108.5
1397130 2108.5
1397140 2108.8
1397150 2109.0
1397160 2109.0
1397170 2109.2
1397180 2108.9
1397190 2108.9
1397200 2108.3
1397210 2106.9
1397220 2104.7
1397230 2104.7
1397240 2103.3
1397250 2102.8
1397260 2102.8
1397270 2105.9
1397280 2106.0
1397290 2106.0
1397300 2103.6
1397310 2105.9
1397320 2105.9
1397330 2108.7
1397340 2108.6
1397350 2108.6
1397360 2106.3
1397370 2103.5
1397380 2103.5
1397390 2101.8
1397400 2101.9
1397410 2103.6
1397420 2103.6
1397430 2105.4
1397440 2107.1
1397450 2107.1
1397460 2108.3
1397470 2109.6
1397480 2109.6
1397490 2111.5
1397500 2114.4
1397510 2114.4
1397520 2117.7
1397530 2120.0
1397540 2120.0
1397550 2123.2
1397560 2126.7
1397570 2126.7
1397580 2129.6
1397590 2132.9
1397600 2137.1
1397610 2137.1
1397620 2141.8
1397630 2147.4
1397640 2147.4
1397650 2153.2
1397660 2159.2
1397670 2159.2
1397680 2163.4
1397690 2168.5
1397700 2168.5
1397710 2174.3
1397720 2179.0
1397730 2179.0
1397740 2184.0
1397750 2188.6
1397760 2188.6
1397770 2195.6
1397780 2201.5
1397790 2206.1
1397800 2206.1
1397810 2211.0
1397820 2216.0
1397830 2216.0
1397840 2222.3
1397850 2229.6
1397860 2229.6
1397870 2232.6
1397880 2234.7
1397890 2234.7
1397900 2237.9
1397910 2241.2
1397920 2241.2
1397930 2245.1
1397940 2249.7
1397950 2249.7
1397960 2254.7
1397970 2259.3
1397980 2263.6
1397990 2263.6
1398000 2265.7
1398010 2266.3
1398020 2266.3
1398030 2267.9
1398040 2270.5
1398050 2270.5
1398060 2274.1
1398070 2281.2
1398080 2281.2
1398090 2288.4
1398100 2291.6
1398110 2291.6
1398120 2292.2
1398130 2292.4
1398140 2292.4
1398150 2298.8
1398160 2299.9
1398170 2301.5
1398180 2301.5
1398190 2304.3
1398200 2308.0
1398210 2308.0
1398220 2312.5
1398230 2317.3
1398240 2317.3
1398250 2321.6
1398260 2324.5
1398270 2324.5
1398280 2327.1
1398290 2329.3
1398300 2329.3
1398310 2333.3
1398320 2338.6
1398330 2338.6
1398340 2344.5
1398350 2350.1
1398360 2354.6
1398370 2354.6
1398380 2358.7
1398390 2361.7
1398400 2361.7
1398410 2365.0
1398420 2369.7
1398430 2369.7
1398440 2375.4
1398450 2382.1
1398460 2382.1
1398470 2389.3
1398480 2396.8
1398490 2396.8
1398500 2405.8
1398510 2415.6
1398520 2415.6
1398530 2428.2
1398540 2440.1
1398550 2446.4
1398560 2446.4
1398570 2452.1
1398580 2458.5
1398590 2458.5
1398600 2466.1
1398610 2474.9
1398620 2474.9
1398630 2477.1
1398640 2472.8
1398650 2472.8
1398660 2467.4
1398670 2462.3
1398680 2462.3
1398690 2457.6
1398700 2452.4
1398710 2452.4
1398720 2446.4
1398730 2440.9
1398740 2436.2
1398750 2436.2
1398760 2429.7
1398770 2423.8
1398780 2423.8
1398790 2418.7
1398800 2414.1
1398810 2414.1
1398820 2410.0
1398830 2406.2
1398840 2406.2
1398850 2403.9
1398860 2402.2
1398870 2402.2
1398880 2401.3
1398890 2399.1
1398900 2395.7
1398910 2395.7
1398920 2391.6
1398930 2386.1
1398940 2386.1
1398950 2377.3
1398960 2370.1
1398970 2370.1
1398980 2363.7
1398990 2358.1
1399000 2358.1
1399010 2353.1
1399020 2348.8
1399030 2348.8
1399040 2345.7
1399050 2343.7
1399060 2343.7
1399070 2342.1
1399080 2340.9
1399090 2339.0
1399100 2339.0
1399110 2337.4
1399120 2335.9
1399130 2335.9
1399140 2335.1
1399150 2335.7
1399160 2335.7
1399170 2336.8
1399180 2336.6
1399190 2336.6
1399200 2334.6
1399210 2331.1
1399220 2331.1
1399230 2326.4
1399240 2322.1
1399250 2322.1
1399260 2318.8
1399270 2315.8
1399280 2312.6
1399290 2312.6
1399300 2309.5
1399310 2306.4
1399320 2306.4
1399330 2304.0
1399340 2302.4
1399350 2302.4
1399360 2301.3
1399370 2300.0
1399380 2300.0
1399390 2298.6
1399400 2297.1
1399410 2297.1
1399420 2296.1
1399430 2295.5
1399440 2295.5
1399450 2295.0
1399460 2294.0
1399470 2289.9
1399480 2289.9
1399490 2283.8
1399500 2278.9
1399510 2278.9
1399520 2274.8
1399530 2272.1
1399540 2272.1
1399550 2270.3
1399560 2267.9
1399570 2267.9
1399580 2265.2
1399590 2262.3
1399600 2262.3
1399610 2260.3
1399620 2258.0
1399630 2255.5
1399640 2253.4
1399650 2251.0
1399660 2247.8
1399670 2247.8
1399680 2244.0
1399690 2239.9
1399700 2239.9
1399710 2235.8
1399720 2230.9
1399730 2230.9
1399740 2225.5
1399750 2220.7
1399760 2220.7
1399770 2215.9
1399780 2211.2
1399790 2211.2
1399800 2206.8
1399810 2202.4
1399820 2202.4
1399830 2198.0
1399840 2193.6
1399850 2189.2
1399860 2189.2
1399870 2184.8
1399880 2180.4
1399890 2180.4
1399900 2176.1
1399910 2171.3
1399920 2171.3
1399930 2165.9
1399940 2160.0
1399950 2160.0
1399960 2153.9
1399970 2147.8
1399980 2147.8
1399990 2141.9
