1380000 2030.8
1380010 2030.8
1380020 2033.8
1380030 2035.9
1380040 2035.9
1380050 2037.0
1380060 2038.7
1380070 2040.4
1380080 2040.4
1380090 2042.5
1380100 2045.3
1380110 2045.3
1380120 2048.1
1380130 2050.6
1380140 2050.6
1380150 2052.4
1380160 2052.8
1380170 2052.8
1380180 2052.7
1380190 2052.2
1380200 2052.2
1380210 2051.6
1380220 2050.5
1380230 2050.5
1380240 2050.4
1380250 2054.1
1380260 2056.8
1380270 2056.8
1380280 2057.5
1380290 2053.4
1380300 2053.4
1380310 2049.4
1380320 2047.8
1380330 2047.8
1380340 2043.2
1380350 2036.1
1380360 2036.1
1380370 2026.4
1380380 2016.7
1380390 2016.7
1380400 2008.1
1380410 2000.3
1380420 2000.3
1380430 1991.9
1380440 1983.6
1380450 1976.1
1380460 1976.1
1380470 1969.2
1380480 1961.6
1380490 1961.6
1380500 1954.0
1380510 1946.7
1380520 1946.7
1380530 1940.1
1380540 1933.5
1380550 1933.5
1380560 1927.3
1380570 1921.1
1380580 1921.1
1380590 1914.9
1380600 1908.5
1380610 1908.5
1380620 1901.6
1380630 1895.8
1380640 1889.9
1380650 1889.9
1380660 1884.7
1380670 1880.2
1380680 1880.2
1380690 1876.4
1380700 1872.1
1380710 1872.1
1380720 1866.0
1380730 1858.1
1380740 1858.1
1380750 1849.9
1380760 1841.7
1380770 1841.7
1380780 1834.5
1380790 1826.3
1380800 1826.3
1380810 1818.8
1380820 1812.3
1380830 1806.7
1380840 1806.7
1380850 1803.6
1380860 1800.5
1380870 1800.5
1380880 1796.6
1380890 1792.0
1380900 1792.0
1380910 1787.5
1380920 1783.0
1380930 1783.0
1380940 1778.1
1380950 1773.4
1380960 1773.4
1380970 1767.8
1380980 1760.4
1380990 1760.4
1381000 1752.5
1381010 1747.3
1381020 1754.3
1381030 1754.3
1381040 1761.9
1381050 1768.3
1381060 1768.3
1381070 1774.0
1381080 1778.7
1381090 1778.7
1381100 1784.0
1381110 1789.1
1381120 1789.1
1381130 1793.9
1381140 1798.3
1381150 1798.3
1381160 1801.2
1381170 1803.3
1381180 1803.3
1381190 1808.1
1381200 1816.6
1381210 1831.1
1381220 1831.1
1381230 1843.6
1381240 1853.3
1381250 1853.3
1381260 1863.0
1381270 1874.4
1381280 1874.4
1381290 1886.0
1381300 1896.5
1381310 1896.5
1381320 1903.9
1381330 1916.4
1381340 1916.4
1381350 1928.8
1381360 1938.1
1381370 1938.1
1381380 1947.7
1381390 1957.8
1381400 1968.5
1381410 1968.5
1381420 1975.7
1381430 1982.1
1381440 1982.1
1381450 1987.9
1381460 1994.7
1381470 1994.7
1381480 2001.0
1381490 2007.4
1381500 2007.4
1381510 2013.8
1381520 2019.8
1381530 2019.8
1381540 2024.9
1381550 2029.8
1381560 2029.8
1381570 2036.1
1381580 2043.8
1381590 2049.2
1381600 2049.2
1381610 2051.6
1381620 2053.8
1381630 2057.8
1381640 2060.7
1381650 2062.2
1381660 2062.2
1381670 2064.3
1381680 2066.4
1381690 2066.4
1381700 2068.5
1381710 2071.1
1381720 2071.1
1381730 2074.5
1381740 2078.2
1381750 2078.2
1381760 2081.6
1381770 2084.2
1381780 2086.6
1381790 2086.6
1381800 2088.0
1381810 2089.3
1381820 2089.3
1381830 2090.0
1381840 2090.6
1381850 2090.6
1381860 2091.1
1381870 2091.7
1381880 2091.7
1381890 2092.2
1381900 2090.9
1381910 2090.9
1381920 2089.0
1381930 2087.6
1381940 2087.6
1381950 2083.7
1381960 2079.1
1381970 2072.7
1381980 2072.7
1381990 2070.4
1382000 2070.3
1382010 2070.3
1382020 2073.5
1382030 2081.2
1382040 2081.2
1382050 2089.4
1382060 2098.4
1382070 2098.4
1382080 2107.5
1382090 2115.7
1382100 2115.7
1382110 2122.8
1382120 2129.2
1382130 2129.2
1382140 2134.8
1382150 2140.3
1382160 2145.6
1382170 2145.6
1382180 2150.4
1382190 2154.0
1382200 2154.0
1382210 2157.7
1382220 2161.2
1382230 2161.2
1382240 2164.7
1382250 2168.7
1382260 2168.7
1382270 2172.6
1382280 2175.5
1382290 2175.5
1382300 2177.6
1382310 2177.5
1382320 2177.5
1382330 2178.1
1382340 2180.8
1382350 2183.2
1382360 2183.2
1382370 2184.7
1382380 2184.9
1382390 2184.9
1382400 2182.9
1382410 2180.4
1382420 2180.4
1382430 2177.4
1382440 2173.5
1382450 2173.5
1382460 2167.2
1382470 2160.5
1382480 2160.5
1382490 2154.2
1382500 2147.4
1382510 2147.4
1382520 2141.2
1382530 2135.5
1382540 2129.9
1382550 2129.9
1382560 2122.9
1382570 2115.5
1382580 2115.5
1382590 2108.8
1382600 2101.5
1382610 2101.5
1382620 2094.0
1382630 2086.6
1382640 2086.6
1382650 2079.1
1382660 2071.5
1382670 2071.5
1382680 2064.0
1382690 2056.4
1382700 2056.4
1382710 2049.5
1382720 2042.8
1382730 2036.1
1382740 2036.1
1382750 2029.8
1382760 2023.0
1382770 2023.0
1382780 2016.0
1382790 2009.0
1382800 2009.0
1382810 2000.6
1382820 1991.4
1382830 1991.4
1382840 1980.9
1382850 1971.2
1382860 1975.7
1382870 1968.2
1382880 1960.4
1382890 1960.4
1382900 1952.5
1382910 1943.9
1382920 1935.1
1382930 1935.1
1382940 1926.7
1382950 1918.5
1382960 1918.5
1382970 1910.4
1382980 1902.4
1382990 1902.4
1383000 1895.3
1383010 1888.6
1383020 1888.6
1383030 1882.8
1383040 1876.8
1383050 1876.8
1383060 1871.8
1383070 1866.6
1383080 1866.6
1383090 1861.6
1383100 1857.3
1383110 1852.3
1383120 1852.3
1383130 1847.5
1383140 1842.6
1383150 1842.6
1383160 1837.6
1383170 1832.8
1383180 1832.8
1383190 1831.5
1383200 1836.3
1383210 1836.3
1383220 1840.9
1383230 1844.6
1383240 1844.6
1383250 1848.3
1383260 1852.0
1383270 1852.0
1383280 1855.5
1383290 1858.7
1383300 1861.9
1383310 1861.9
1383320 1865.4
1383330 1869.4
1383340 1869.4
1383350 1873.6
1383360 1878.0
1383370 1878.0
1383380 1882.5
1383390 1887.3
1383400 1887.3
1383410 1892.2
1383420 1897.1
1383430 1897.1
1383440 1901.6
1383450 1905.8
1383460 1905.8
1383470 1911.3
1383480 1917.7
1383490 1924.6
1383500 1924.6
1383510 1931.2
1383520 1938.1
1383530 1938.1
1383540 1944.6
1383550 1950.0
1383560 1950.0
1383570 1955.3
1383580 1961.7
1383590 1961.7
1383600 1967.7
1383610 1972.7
1383620 1972.7
1383630 1977.8
1383640 1983.4
1383650 1983.4
1383660 1989.9
1383670 1997.7
1383680 2004.8
1383690 2004.8
1383700 2010.6
1383710 2016.5
1383720 2016.5
1383730 2022.7
1383740 2027.8
1383750 2027.8
1383760 2033.6
1383770 2040.0
1383780 2040.0
1383790 2047.0
1383800 2053.9
1383810 2053.9
1383820 2059.7
1383830 2065.7
1383840 2065.7
1383850 2071.5
1383860 2076.5
1383870 2081.2
1383880 2081.2
1383890 2085.5
1383900 2089.3
1383910 2089.3
1383920 2093.9
1383930 2098.0
1383940 2098.0
1383950 2102.2
1383960 2108.2
1383970 2108.2
1383980 2113.8
1383990 2118.2
1384000 2118.2
1384010 2122.6
1384020 2127.1
1384030 2127.1
1384040 2131.3
1384050 2135.2
1384060 2139.8
1384070 2139.8
1384080 2144.9
1384090 2148.8
1384100 2148.8
1384110 2156.7
1384120 2159.5
1384130 2159.5
1384140 2162.2
1384150 2165.1
1384160 2165.1
1384170 2167.5
1384180 2169.6
1384190 2169.6
1384200 2171.1
1384210 2173.7
1384220 2173.7
1384230 2177.0
1384240 2177.9
1384250 2174.5
1384260 2174.5
1384270 2168.8
1384280 2164.3
1384290 2164.3
1384300 2160.3
1384310 2157.7
1384320 2157.7
1384330 2155.2
1384340 2152.3
1384350 2152.3
1384360 2150.2
1384370 2150.0
1384380 2150.0
1384390 2153.7
1384400 2160.7
1384410 2160.7
1384420 2164.2
1384430 2167.8
1384440 2171.2
1384450 2171.2
1384460 2172.1
1384470 2172.4
1384480 2172.4
1384490 2172.8
1384500 2174.1
1384510 2174.1
1384520 2174.9
1384530 2176.1
1384540 2176.1
1384550 2179.8
1384560 2183.4
1384570 2183.4
1384580 2184.8
1384590 2185.1
1384600 2185.1
1384610 2185.7
1384620 2189.9
1384630 2196.7
1384640 2196.7
1384650 2200.4
1384660 2203.6
1384670 2203.6
1384680 2207.6
1384690 2211.5
1384700 2211.5
1384710 2214.6
1384720 2218.0
1384730 2218.0
1384740 2222.3
1384750 2227.6
1384760 2227.6
1384770 2233.0
1384780 2238.7
1384790 2238.7
1384800 2243.8
1384810 2247.5
1384820 2250.9
1384830 2250.9
1384840 2254.6
1384850 2259.2
1384860 2259.2
1384870 2264.3
1384880 2268.9
1384890 2268.9
1384900 2272.2
1384910 2276.0
1384920 2276.0
1384930 2280.6
1384940 2284.7
1384950 2284.7
1384960 2288.7
1384970 2291.7
1384980 2291.7
1384990 2292.2
1385000 2291.1
1385010 2288.8
1385020 2288.8
1385030 2285.2
1385040 2280.6
1385050 2280.6
1385060 2276.0
1385070 2272.2
1385080 2272.2
1385090 2269.7
1385100 2267.6
1385110 2267.6
1385120 2264.9
1385130 2261.9
1385140 2261.9
1385150 2259.0
1385160 2256.4
1385170 2256.4
1385180 2253.7
1385190 2250.6
1385200 2247.5
1385210 2247.5
1385220 2244.5
1385230 2240.9
1385240 2240.9
1385250 2236.3
1385260 2230.5
1385270 2230.5
1385280 2224.3
1385290 2218.6
1385300 2218.6
1385310 2213.2
1385320 2208.8
1385330 2208.8
1385340 2203.8
1385350 2199.4
1385360 2199.4
1385370 2193.7
1385380 2189.2
1385390 2186.0
1385400 2186.0
1385410 2182.2
1385420 2178.7
1385430 2178.7
1385440 2176.3
1385450 2174.6
1385460 2174.6
1385470 2172.4
1385480 2169.2
1385490 2169.2
1385500 2166.7
1385510 2163.8
1385520 2163.8
1385530 2160.7
1385540 2158.7
1385550 2158.7
1385560 2156.0
1385570 2151.5
1385580 2144.7
1385590 2144.7
1385600 2138.8
1385610 2133.5
1385620 2133.5
1385630 2126.8
1385640 2120.6
1385650 2120.6
1385660 2114.9
1385670 2108.4
1385680 2108.4
1385690 2101.4
1385700 2093.9
1385710 2093.9
1385720 2086.7
1385730 2079.0
1385740 2079.0
1385750 2072.2
1385760 2067.2
1385770 2063.1
1385780 2063.1
1385790 2059.0
1385800 2054.7
1385810 2054.7
1385820 2050.0
1385830 2045.4
1385840 2045.4
1385850 2041.8
1385860 2038.0
1385870 2038.0
1385880 2034.2
1385890 2031.0
1385900 2031.0
1385910 2028.3
1385920 2025.6
1385930 2025.6
1385940 2023.2
1385950 2021.1
1385960 2018.9
1385970 2018.9
1385980 2016.8
1385990 2014.6
1386000 2014.6
1386010 2015.9
1386020 2020.5
1386030 2020.5
1386040 2024.6
1386050 2029.2
1386060 2029.2
1386070 2034.2
1386080 2040.6
1386090 2040.6
1386100 2047.6
1386110 2053.9
1386120 2053.9
1386130 2059.8
1386140 2063.3
1386150 2066.2
1386160 2066.2
1386170 2068.6
1386180 2070.3
1386190 2070.3
1386200 2072.1
1386210 2074.4
1386220 2074.4
1386230 2079.2
1386240 2085.5
1386250 2085.5
1386260 2091.2
1386270 2097.0
1386280 2097.0
1386290 2103.1
1386300 2109.2
1386310 2109.2
1386320 2115.4
1386330 2121.5
1386340 2129.4
1386350 2129.4
1386360 2138.2
1386370 2142.7
1386380 2142.7
1386390 2142.9
1386400 2146.1
1386410 2146.1
1386420 2151.4
1386430 2156.4
1386440 2156.4
1386450 2160.6
1386460 2166.9
1386470 2166.9
1386480 2171.2
1386490 2173.6
1386500 2173.6
1386510 2176.5
1386520 2180.5
1386530 2184.4
1386540 2184.4
1386550 2189.0
1386560 2195.3
1386570 2195.3
1386580 2202.1
1386590 2210.3
1386600 2210.3
1386610 2217.4
1386620 2220.5
1386630 2220.5
1386640 2224.3
1386650 2229.8
1386660 2233.8
1386670 2239.1
1386680 2243.3
1386690 2243.3
1386700 2247.8
1386710 2251.5
1386720 2256.1
1386730 2256.1
1386740 2263.5
1386750 2271.1
1386760 2271.1
1386770 2277.6
1386780 2283.9
1386790 2283.9
1386800 2287.0
1386810 2290.3
1386820 2290.3
1386830 2296.9
1386840 2305.2
1386850 2305.2
1386860 2313.2
1386870 2320.0
1386880 2320.0
1386890 2324.9
1386900 2330.2
1386910 2336.2
1386920 2336.2
1386930 2341.6
1386940 2347.3
1386950 2347.3
1386960 2352.0
1386970 2357.2
1386980 2357.2
1386990 2362.5
1387000 2368.4
1387010 2368.4
1387020 2373.9
1387030 2378.5
1387040 2378.5
1387050 2383.7
1387060 2389.2
1387070 2389.2
1387080 2395.3
1387090 2401.4
1387100 2407.1
1387110 2407.1
1387120 2411.4
1387130 2413.8
1387140 2413.8
1387150 2414.7
1387160 2416.0
1387170 2416.0
1387180 2419.5
1387190 2421.8
1387200 2421.8
1387210 2421.6
1387220 2417.3
1387230 2417.3
1387240 2414.3
1387250 2409.8
1387260 2409.8
1387270 2403.9
1387280 2398.3
1387290 2393.7
1387300 2393.7
1387310 2392.2
1387320 2390.0
1387330 2390.0
1387340 2387.7
1387350 2388.3
1387360 2388.3
1387370 2387.3
1387380 2380.6
1387390 2380.6
1387400 2375.9
1387410 2375.1
1387420 2375.1
1387430 2378.2
1387440 2379.5
1387450 2379.5
1387460 2379.5
1387470 2377.7
1387480 2373.4
1387490 2373.4
1387500 2366.7
1387510 2358.2
1387520 2358.2
1387530 2350.1
1387540 2341.7
1387550 2341.7
1387560 2333.6
1387570 2324.8
1387580 2324.8
1387590 2315.6
1387600 2306.8
1387610 2306.8
1387620 2296.9
1387630 2286.8
1387640 2286.8
1387650 2278.9
1387660 2271.4
1387670 2264.4
1387680 2264.4
1387690 2257.2
1387700 2250.2
1387710 2250.2
1387720 2243.9
1387730 2237.6
1387740 2237.6
1387750 2231.2
1387760 2225.3
1387770 2225.3
1387780 2219.5
1387790 2214.1
1387800 2214.1
1387810 2209.0
1387820 2204.2
1387830 2204.2
1387840 2199.7
1387850 2195.4
1387860 2191.3
1387870 2191.3
1387880 2187.9
1387890 2185.5
1387900 2185.5
1387910 2183.7
1387920 2182.8
1387930 2182.8
1387940 2182.9
1387950 2183.3
1387960 2185.7
1387970 2185.3
1387980 2184.8
1387990 2184.8
1388000 2183.4
1388010 2181.3
1388020 2181.3
1388030 2179.3
1388040 2177.5
1388050 2174.6
1388060 2174.6
1388070 2171.0
1388080 2170.4
1388090 2170.4
1388100 2170.5
1388110 2170.6
1388120 2170.6
1388130 2169.3
1388140 2166.0
1388150 2166.0
1388160 2163.8
1388170 2164.6
1388180 2164.6
1388190 2168.2
1388200 2174.4
1388210 2174.4
1388220 2178.5
1388230 2181.3
1388240 2183.3
1388250 2183.3
1388260 2183.7
1388270 2184.5
1388280 2184.5
1388290 2184.9
1388300 2185.7
1388310 2185.7
1388320 2190.1
1388330 2197.0
1388340 2197.0
1388350 2203.6
1388360 2211.5
1388370 2211.5
1388380 2220.0
1388390 2228.5
1388400 2228.5
1388410 2236.6
1388420 2244.6
1388430 2252.5
1388440 2252.5
1388450 2259.7
1388460 2265.4
1388470 2265.4
1388480 2269.2
1388490 2270.9
1388500 2270.9
1388510 2270.9
1388520 2268.7
1388530 2268.7
1388540 2264.3
1388550 2256.5
1388560 2256.5
1388570 2243.1
1388580 2231.0
1388590 2231.0
1388600 2217.8
1388610 2205.2
1388620 2194.8
1388630 2194.8
1388640 2184.8
1388650 2176.0
1388660 2176.0
1388670 2166.9
1388680 2157.9
1388690 2157.9
1388700 2149.3
1388710 2141.0
1388720 2141.0
1388730 2133.2
1388740 2126.2
1388750 2126.2
1388760 2120.8
1388770 2115.6
1388780 2115.6
1388790 2111.1
1388800 2105.0
1388810 2096.6
1388820 2096.6
1388830 2089.7
1388840 2081.5
1388850 2081.5
1388860 2071.9
1388870 2062.1
1388880 2062.1
1388890 2052.4
1388900 2042.7
1388910 2042.7
1388920 2033.8
1388930 2026.1
1388940 2026.1
1388950 2018.4
1388960 2011.5
1388970 2011.5
1388980 2004.7
1388990 1997.7
1389000 1990.8
1389010 1990.8
1389020 1984.4
1389030 1977.3
1389040 1977.3
1389050 1969.7
1389060 1961.5
1389070 1961.5
1389080 1952.9
1389090 1945.1
1389100 1945.1
1389110 1938.1
1389120 1931.2
1389130 1931.2
1389140 1925.4
1389150 1920.2
1389160 1920.2
1389170 1914.9
1389180 1909.9
1389190 1904.8
1389200 1904.8
1389210 1900.0
1389220 1895.5
1389230 1895.5
1389240 1890.9
1389250 1886.4
1389260 1886.4
1389270 1881.7
1389280 1877.6
1389290 1877.6
1389300 1873.5
1389310 1869.9
1389320 1869.9
1389330 1866.2
1389340 1862.8
1389350 1862.8
1389360 1859.6
1389370 1856.4
1389380 1853.5
1389390 1853.5
1389400 1850.8
1389410 1847.2
1389420 1847.2
1389430 1842.0
1389440 1842.3
1389450 1842.3
1389460 1848.3
1389470 1852.7
1389480 1852.7
1389490 1855.1
1389500 1857.5
1389510 1857.5
1389520 1860.1
1389530 1863.3
1389540 1863.3
1389550 1866.8
1389560 1871.1
1389570 1875.8
1389580 1875.8
1389590 1881.3
1389600 1885.9
1389610 1885.9
1389620 1890.5
1389630 1896.7
1389640 1896.7
1389650 1904.6
1389660 1910.9
1389670 1910.9
1389680 1916.6
1389690 1922.2
1389700 1922.2
1389710 1926.8
1389720 1931.5
1389730 1931.5
1389740 1935.8
1389750 1940.4
1389760 1944.8
1389770 1944.8
1389780 1948.4
1389790 1952.3
1389800 1952.3
1389810 1956.3
1389820 1959.4
1389830 1959.4
1389840 1961.4
1389850 1961.8
1389860 1961.8
1389870 1962.5
1389880 1963.6
1389890 1963.6
1389900 1961.2
1389910 1957.9
1389920 1957.9
1389930 1954.1
1389940 1955.7
1389950 1960.5
1389960 1960.5
1389970 1965.7
1389980 1970.2
1389990 1970.2
1390000 1975.1
1390010 1980.1
1390020 1980.1
1390030 1985.7
1390040 1991.6
1390050 1991.6
1390060 1997.1
1390070 2000.7
1390080 2000.7
1390090 2003.5
1390100 2006.6
1390110 2006.6
1390120 2009.3
1390130 2011.5
1390140 2013.5
1390150 2013.5
1390160 2015.2
1390170 2016.5
1390180 2016.5
1390190 2017.3
1390200 2017.5
1390210 2017.5
1390220 2017.1
1390230 2015.8
1390240 2015.8
1390250 2013.9
1390260 2012.0
1390270 2012.0
1390280 2010.3
1390290 2009.3
1390300 2009.3
1390310 2007.2
1390320 2003.3
1390330 1998.0
1390340 1998.0
1390350 1997.6
1390360 2001.2
1390370 2001.2
1390380 2001.7
1390390 2002.4
1390400 2002.4
1390410 2003.4
1390420 2003.0
1390430 2003.0
1390440 1998.4
1390450 1996.8
1390460 1996.8
1390470 1999.0
1390480 2001.7
1390490 2001.7
1390500 2003.7
1390510 2006.0
1390520 2008.4
1390530 2008.4
1390540 2010.1
1390550 2011.6
1390560 2011.6
1390570 2013.2
1390580 2014.9
1390590 2014.9
1390600 2017.2
1390610 2021.4
1390620 2025.0
1390630 2028.6
1390640 2030.9
1390650 2030.9
1390660 2032.5
1390670 2033.9
1390680 2033.9
1390690 2035.7
1390700 2037.8
1390710 2040.8
1390720 2040.8
1390730 2044.0
1390740 2047.3
1390750 2047.3
1390760 2050.4
1390770 2052.5
1390780 2052.5
1390790 2054.4
1390800 2055.9
1390810 2055.9
1390820 2057.2
1390830 2059.2
1390840 2059.2
1390850 2061.6
1390860 2064.2
1390870 2064.2
1390880 2067.2
1390890 2069.6
1390900 2071.8
1390910 2071.8
1390920 2074.7
1390930 2077.7
1390940 2077.7
1390950 2080.7
1390960 2083.0
1390970 2083.0
1390980 2084.7
1390990 2086.2
1391000 2086.2
1391010 2087.4
1391020 2089.1
1391030 2089.1
1391040 2091.1
1391050 2092.4
1391060 2092.4
1391070 2093.2
1391080 2093.5
1391090 2092.3
1391100 2092.3
1391110 2092.2
1391120 2094.5
1391130 2094.5
1391140 2096.4
1391150 2096.5
1391160 2096.5
1391170 2095.8
1391180 2096.0
1391190 2096.0
1391200 2094.6
1391210 2093.3
1391220 2093.3
1391230 2091.2
1391240 2089.3
1391250 2086.5
1391260 2086.5
1391270 2084.2
1391280 2080.9
1391290 2080.9
1391300 2077.2
1391310 2073.9
1391320 2073.9
1391330 2070.2
1391340 2066.1
1391350 2066.1
1391360 2061.8
1391370 2057.9
1391380 2057.9
1391390 2054.8
1391400 2052.0
1391410 2052.0
1391420 2049.2
1391430 2045.3
1391440 2040.4
1391450 2040.4
1391460 2036.8
1391470 2033.1
1391480 2033.1
1391490 2028.6
1391500 2023.6
1391510 2023.6
1391520 2018.8
1391530 2015.2
1391540 2015.2
1391550 2012.4
1391560 2008.4
1391570 2008.4
1391580 2002.6
1391590 1996.5
1391600 1996.5
1391610 1991.4
1391620 1987.6
1391630 1984.9
1391640 1984.9
1391650 1983.0
1391660 1979.4
1391670 1979.4
1391680 1974.4
1391690 1969.4
1391700 1969.4
1391710 1964.0
1391720 1957.7
1391730 1957.7
1391740 1950.8
1391750 1943.4
1391760 1943.4
1391770 1936.0
1391780 1929.3
1391790 1929.3
1391800 1923.8
1391810 1921.4
1391820 1920.7
1391830 1920.7
1391840 1918.2
1391850 1915.4
1391860 1915.4
1391870 1911.8
1391880 1906.2
1391890 1906.2
1391900 1901.2
1391910 1900.5
1391920 1900.5
1391930 1900.6
1391940 1899.3
1391950 1899.3
1391960 1895.6
1391970 1884.8
1391980 1884.8
1391990 1880.7
1392000 1879.4
1392010 1878.2
1392020 1878.2
1392030 1876.0
1392040 1872.0
1392050 1872.0
1392060 1867.1
1392070 1862.7
1392080 1862.7
1392090 1858.2
1392100 1854.0
1392110 1854.0
1392120 1850.4
1392130 1847.3
1392140 1847.3
1392150 1844.6
1392160 1841.7
1392170 1841.7
1392180 1839.5
1392190 1836.5
1392200 1831.5
1392210 1831.5
1392220 1826.5
1392230 1821.1
1392240 1821.1
1392250 1816.4
1392260 1811.5
1392270 1811.5
1392280 1806.3
1392290 1800.3
1392300 1800.3
1392310 1793.5
1392320 1786.5
1392330 1786.5
1392340 1780.1
1392350 1774.8
1392360 1774.8
1392370 1769.1
1392380 1762.2
1392390 1754.7
1392400 1754.7
1392410 1747.3
1392420 1740.3
1392430 1740.3
1392440 1736.9
1392450 1734.6
1392460 1734.6
1392470 1729.7
1392480 1722.8
1392490 1722.8
1392500 1715.4
1392510 1705.4
1392520 1705.4
1392530 1695.9
1392540 1687.2
1392550 1687.2
1392560 1678.9
1392570 1671.6
1392580 1664.8
1392590 1664.8
1392600 1657.4
1392610 1649.5
1392620 1649.5
1392630 1642.7
1392640 1634.0
1392650 1634.0
1392660 1624.6
1392670 1616.6
1392680 1616.6
1392690 1608.8
1392700 1601.0
1392710 1601.0
1392720 1591.9
1392730 1582.8
1392740 1582.8
1392750 1576.4
1392760 1571.2
1392770 1566.7
1392780 1566.7
1392790 1561.8
1392800 1555.6
1392810 1555.6
1392820 1548.4
1392830 1542.0
1392840 1542.0
1392850 1536.7
1392860 1531.0
1392870 1531.0
1392880 1527.0
1392890 1524.4
1392900 1524.4
1392910 1522.4
1392920 1521.3
1392930 1521.3
1392940 1521.8
1392950 1526.9
1392960 1532.9
1392970 1532.9
1392980 1535.4
1392990 1533.9
1393000 1533.9
1393010 1537.6
1393020 1545.2
1393030 1545.2
1393040 1553.1
1393050 1561.1
1393060 1561.1
1393070 1568.8
1393080 1575.8
1393090 1575.8
1393100 1582.6
1393110 1589.3
1393120 1589.3
1393130 1594.7
1393140 1599.0
1393150 1600.1
1393160 1600.1
1393170 1600.8
1393180 1604.2
1393190 1604.2
1393200 1611.1
1393210 1618.5
1393220 1618.5
1393230 1626.2
1393240 1634.2
1393250 1634.2
1393260 1643.1
1393270 1653.4
1393280 1653.4
1393290 1663.0
1393300 1672.5
1393310 1672.5
1393320 1681.5
1393330 1690.4
1393340 1698.7
1393350 1701.7
1393360 1709.3
1393370 1717.0
1393380 1717.0
1393390 1724.3
1393400 1732.0
1393410 1732.0
1393420 1739.7
1393430 1747.3
1393440 1747.3
1393450 1755.7
1393460 1763.5
1393470 1763.5
1393480 1771.0
1393490 1778.8
1393500 1778.8
1393510 1786.6
1393520 1794.8
1393530 1803.3
1393540 1803.3
1393550 1811.5
1393560 1818.5
1393570 1818.5
1393580 1824.1
1393590 1829.3
1393600 1829.3
1393610 1835.3
1393620 1842.7
1393630 1842.7
1393640 1849.7
1393650 1855.6
1393660 1855.6
1393670 1861.6
1393680 1867.6
1393690 1867.6
1393700 1873.6
1393710 1879.0
1393720 1883.2
1393730 1883.2
1393740 1886.1
1393750 1888.8
1393760 1888.8
1393770 1892.0
1393780 1895.0
1393790 1895.0
1393800 1898.2
1393810 1901.5
1393820 1901.5
1393830 1904.5
1393840 1906.9
1393850 1906.9
1393860 1910.2
1393870 1913.0
1393880 1913.0
1393890 1916.1
1393900 1919.6
1393910 1925.4
1393920 1925.4
1393930 1929.9
1393940 1932.7
1393950 1932.7
1393960 1935.7
1393970 1939.5
1393980 1939.5
1393990 1940.0
1394000 1941.1
1394010 1941.1
1394020 1943.2
1394030 1946.4
1394040 1946.4
1394050 1952.1
1394060 1958.7
1394070 1958.7
1394080 1964.0
1394090 1969.2
1394100 1973.8
1394110 1973.8
1394120 1977.5
1394130 1981.5
1394140 1981.5
1394150 1986.0
1394160 1990.5
1394170 1990.5
1394180 1994.8
1394190 1998.6
1394200 1998.6
1394210 2002.4
1394220 2006.8
1394230 2006.8
1394240 2011.5
1394250 2016.3
1394260 2016.3
1394270 2020.7
1394280 2024.7
1394290 2028.4
1394300 2028.4
1394310 2032.0
1394320 2035.8
1394330 2035.8
1394340 2039.6
1394350 2043.8
1394360 2043.8
1394370 2046.9
1394380 2050.6
1394390 2050.6
1394400 2055.5
1394410 2060.2
1394420 2060.2
1394430 2063.7
1394440 2067.2
1394450 2067.2
1394460 2071.1
1394470 2075.0
1394480 2079.0
1394490 2079.0
1394500 2082.1
1394510 2085.2
1394520 2085.2
1394530 2089.2
1394540 2092.8
1394550 2092.8
1394560 2096.1
1394570 2099.2
1394580 2099.2
1394590 2102.3
1394600 2105.5
1394610 2105.5
1394620 2109.0
1394630 2112.5
1394640 2112.5
1394650 2116.0
1394660 2119.5
1394670 2122.7
1394680 2122.7
1394690 2125.8
1394700 2128.6
1394710 2128.6
1394720 2130.9
1394730 2133.0
1394740 2135.0
1394750 2136.5
1394760 2136.9
1394770 2136.9
1394780 2135.6
1394790 2133.2
1394800 2133.2
1394810 2131.2
1394820 2128.2
1394830 2128.2
1394840 2121.2
1394850 2111.7
1394860 2104.2
1394870 2104.2
1394880 2099.1
1394890 2095.6
1394900 2095.6
1394910 2091.9
1394920 2087.5
1394930 2087.5
1394940 2083.0
1394950 2079.3
1394960 2079.3
1394970 2075.4
1394980 2071.7
1394990 2071.7
1395000 2068.2
1395010 2063.6
1395020 2063.6
1395030 2057.8
1395040 2052.1
1395050 2048.4
1395060 2048.4
1395070 2045.6
1395080 2043.6
1395090 2043.6
1395100 2042.1
1395110 2039.3
1395120 2039.3
1395130 2034.0
1395140 2026.6
1395150 2026.6
1395160 2020.0
1395170 2015.2
1395180 2015.2
1395190 2010.2
1395200 2004.2
1395210 2004.2
1395220 1998.8
1395230 1994.5
1395240 1991.3
1395250 1991.3
1395260 1987.2
1395270 1984.4
1395280 1984.4
1395290 1986.0
1395300 1985.8
1395310 1985.8
1395320 1984.2
1395330 1982.7
1395340 1982.7
1395350 1980.2
1395360 1978.5
1395370 1978.5
1395380 1974.2
1395390 1971.9
1395400 1971.9
1395410 1969.1
1395420 1964.8
1395430 1960.6
1395440 1960.6
1395450 1955.6
1395460 1948.0
1395470 1948.0
1395480 1940.3
1395490 1932.7
1395500 1932.7
1395510 1925.4
1395520 1919.1
1395530 1919.1
1395540 1914.0
1395550 1908.8
1395560 1908.8
1395570 1902.8
1395580 1897.5
1395590 1897.5
1395600 1890.3
1395610 1881.7
1395620 1877.4
1395630 1877.4
1395640 1875.7
1395650 1873.4
1395660 1873.4
1395670 1868.1
1395680 1861.3
1395690 1861.3
1395700 1858.2
1395710 1859.8
1395720 1859.8
1395730 1859.9
1395740 1859.3
1395750 1859.3
1395760 1858.3
1395770 1855.1
1395780 1855.1
1395790 1850.7
1395800 1847.3
1395810 1845.1
1395820 1845.1
1395830 1844.7
1395840 1843.9
1395850 1843.9
1395860 1842.1
1395870 1840.5
1395880 1840.5
1395890 1839.3
1395900 1837.1
1395910 1837.1
1395920 1833.9
1395930 1831.3
1395940 1831.3
1395950 1829.8
1395960 1828.5
1395970 1828.5
1395980 1824.4
1395990 1818.6
1396000 1814.2
1396010 1814.2
1396020 1810.8
1396030 1806.6
1396040 1806.6
1396050 1801.4
1396060 1797.0
1396070 1797.0
1396080 1793.9
1396090 1790.5
1396100 1790.5
1396110 1786.7
1396120 1782.6
1396130 1782.6
1396140 1778.4
1396150 1774.4
1396160 1770.8
1396170 1768.1
1396180 1763.9
1396190 1758.6
1396200 1758.6
1396210 1753.0
1396220 1746.9
1396230 1746.9
1396240 1741.3
1396250 1735.5
1396260 1735.5
1396270 1730.9
1396280 1725.5
1396290 1725.5
1396300 1720.9
1396310 1717.7
1396320 1717.7
1396330 1714.1
1396340 1709.4
1396350 1709.4
1396360 1704.7
1396370 1701.1
1396380 1697.8
1396390 1697.8
1396400 1695.2
1396410 1692.8
1396420 1692.8
1396430 1689.4
1396440 1684.8
1396450 1684.8
1396460 1679.5
1396470 1673.7
1396480 1673.7
1396490 1666.2
1396500 1659.0
1396510 1659.0
1396520 1651.6
1396530 1643.4
1396540 1643.4
1396550 1635.2
1396560 1627.3
1396570 1620.5
1396580 1620.5
1396590 1612.5
1396600 1605.4
1396610 1605.4
1396620 1598.5
1396630 1592.3
1396640 1592.3
1396650 1588.3
1396660 1583.8
1396670 1583.8
1396680 1578.8
1396690 1572.4
1396700 1572.4
1396710 1566.4
1396720 1563.4
1396730 1563.4
1396740 1560.1
1396750 1555.4
1396760 1550.7
1396770 1550.7
1396780 1544.2
1396790 1536.0
1396800 1536.0
1396810 1528.0
1396820 1519.6
1396830 1519.6
1396840 1512.3
1396850 1505.2
1396860 1505.2
1396870 1498.6
1396880 1493.4
1396890 1493.4
1396900 1491.8
1396910 1491.0
1396920 1491.0
1396930 1491.6
1396940 1492.4
1396950 1493.7
1396960 1493.7
1396970 1498.9
1396980 1505.9
1396990 1505.9
1397000 1509.9
1397010 1512.8
1397020 1512.8
1397030 1514.8
1397040 1516.7
1397050 1516.7
1397060 1519.3
1397070 1521.7
1397080 1521.7
1397090 1523.4
1397100 1526.1
1397110 1526.1
1397120 1529.5
1397130 1533.2
1397140 1536.9
1397150 1536.9
1397160 1540.9
1397170 1546.4
1397180 1546.4
1397190 1552.7
1397200 1558.8
1397210 1558.8
1397220 1564.2
1397230 1569.6
1397240 1569.6
1397250 1574.9
1397260 1579.8
1397270 1579.8
1397280 1584.6
1397290 1589.4
1397300 1589.4
1397310 1593.8
1397320 1597.9
1397330 1602.7
1397340 1602.7
1397350 1608.0
1397360 1614.0
1397370 1614.0
1397380 1620.6
1397390 1627.8
1397400 1627.8
1397410 1634.6
1397420 1640.5
1397430 1640.5
1397440 1645.6
1397450 1651.5
1397460 1651.5
1397470 1657.0
1397480 1661.9
1397490 1661.9
1397500 1668.0
1397510 1673.8
1397520 1677.2
1397530 1677.2
1397540 1675.1
1397550 1675.2
1397560 1675.2
1397570 1673.0
1397580 1672.2
1397590 1672.2
1397600 1681.4
1397610 1678.0
1397620 1678.0
1397630 1684.8
1397640 1696.0
1397650 1696.0
1397660 1704.6
1397670 1712.2
1397680 1712.2
1397690 1720.2
1397700 1728.5
1397710 1736.0
1397720 1736.0
1397730 1742.1
1397740 1746.6
1397750 1746.6
1397760 1751.2
1397770 1752.4
1397780 1752.4
1397790 1753.8
1397800 1761.0
1397810 1761.0
1397820 1768.8
1397830 1776.5
1397840 1776.5
1397850 1782.9
1397860 1788.5
1397870 1788.5
1397880 1794.0
1397890 1797.8
1397900 1803.6
1397910 1803.6
1397920 1813.0
1397930 1819.5
1397940 1819.5
1397950 1824.6
1397960 1829.3
1397970 1829.3
1397980 1833.2
1397990 1837.1
1398000 1837.1
1398010 1842.0
1398020 1846.2
1398030 1846.2
1398040 1850.4
1398050 1854.4
1398060 1854.4
1398070 1858.3
1398080 1862.2
1398090 1866.4
1398100 1866.4
1398110 1870.4
1398120 1874.1
1398130 1874.1
1398140 1877.7
1398150 1880.9
1398160 1880.9
1398170 1884.1
1398180 1887.9
1398190 1887.9
1398200 1890.9
1398210 1893.5
1398220 1893.5
1398230 1896.6
1398240 1900.6
1398250 1900.6
1398260 1903.7
1398270 1907.2
1398280 1910.0
1398290 1910.0
1398300 1911.3
1398310 1913.8
1398320 1913.8
1398330 1916.9
1398340 1919.0
1398350 1919.0
1398360 1921.1
1398370 1923.0
1398380 1923.0
1398390 1924.6
1398400 1925.7
1398410 1925.7
1398420 1927.8
1398430 1929.6
1398440 1929.6
1398450 1931.7
1398460 1935.7
1398470 1940.9
1398480 1940.9
1398490 1948.7
1398500 1956.3
1398510 1956.3
1398520 1962.5
1398530 1968.3
1398540 1968.3
1398550 1974.0
1398560 1981.2
1398570 1981.2
1398580 1989.0
1398590 1995.8
1398600 1995.8
1398610 2000.4
1398620 2004.1
1398630 2004.1
1398640 2006.4
1398650 2008.2
1398660 2013.5
1398670 2013.5
1398680 2019.5
1398690 2024.2
1398700 2024.2
1398710 2028.5
1398720 2031.2
1398730 2031.2
1398740 2033.8
1398750 2037.0
1398760 2037.0
1398770 2040.4
1398780 2043.0
1398790 2043.0
1398800 2046.0
1398810 2049.9
1398820 2049.9
1398830 2054.1
1398840 2057.3
1398850 2060.1
1398860 2060.1
1398870 2062.5
1398880 2063.6
1398890 2063.6
1398900 2064.8
1398910 2066.3
1398920 2066.3
1398930 2068.0
1398940 2069.6
1398950 2069.6
1398960 2071.1
1398970 2072.3
1398980 2072.3
1398990 2073.5
1399000 2074.6
1399010 2074.6
1399020 2076.0
1399030 2077.5
1399040 2079.0
1399050 2079.0
1399060 2080.5
1399070 2082.7
1399080 2082.7
1399090 2084.6
1399100 2086.5
1399110 2086.5
1399120 2088.3
1399130 2089.6
1399140 2089.6
1399150 2090.7
1399160 2092.2
1399170 2092.2
1399180 2094.2
1399190 2095.7
1399200 2095.7
1399210 2096.0
1399220 2096.8
1399230 2097.3
1399240 2097.3
1399250 2098.4
1399260 2099.9
1399270 2099.9
1399280 2101.1
1399290 2102.2
1399300 2102.2
1399310 2103.9
1399320 2105.8
1399330 2105.8
1399340 2107.5
1399350 2109.1
1399360 2109.1
1399370 2110.8
1399380 2112.4
1399390 2112.4
1399400 2114.2
1399410 2116.2
1399420 2118.2
1399430 2118.2
1399440 2119.7
1399450 2121.0
1399460 2121.0
1399470 2122.5
1399480 2124.1
1399490 2124.1
1399500 2125.8
1399510 2127.4
1399520 2127.4
1399530 2128.1
1399540 2128.9
1399550 2128.9
1399560 2129.1
1399570 2129.2
1399580 2129.2
1399590 2129.1
1399600 2128.9
1399610 2128.4
1399620 2128.4
1399630 2127.8
1399640 2127.3
1399650 2127.3
1399660 2126.8
1399670 2126.2
1399680 2126.2
1399690 2124.9
1399700 2123.5
1399710 2123.5
1399720 2122.4
1399730 2120.5
1399740 2120.5
1399750 2118.0
1399760 2115.3
1399770 2115.3
1399780 2112.7
1399790 2109.7
1399800 2107.3
1399810 2107.3
1399820 2104.7
1399830 2102.1
1399840 2102.1
1399850 2100.3
1399860 2098.3
1399870 2098.3
1399880 2095.9
1399890 2093.5
1399900 2093.5
1399910 2092.3
1399920 2090.9
1399930 2090.9
1399940 2088.4
1399950 2085.6
1399960 2085.6
1399970 2083.3
1399980 2081.0
1399990 2078.7
