1380000 1839.3
1380010 1841.0
1380020 1843.1
1380030 1843.1
1380040 1845.8
1380050 1848.3
1380060 1848.3
1380070 1851.0
1380080 1854.6
1380090 1854.6
1380100 1857.8
1380110 1860.5
1380120 1860.5
1380130 1863.1
1380140 1866.0
1380150 1866.0
1380160 1869.4
1380170 1874.2
1380180 1874.2
1380190 1880.5
1380200 1884.6
1380210 1888.0
1380220 1888.0
1380230 1891.5
1380240 1893.1
1380250 1893.1
1380260 1893.7
1380270 1892.8
1380280 1892.8
1380290 1891.2
1380300 1889.7
1380310 1889.7
1380320 1888.4
1380330 1885.9
1380340 1885.9
1380350 1882.6
1380360 1878.7
1380370 1878.7
1380380 1875.3
1380390 1876.0
1380400 1875.4
1380410 1875.4
1380420 1870.3
1380430 1866.5
1380440 1866.5
1380450 1862.4
1380460 1858.7
1380470 1858.7
1380480 1854.3
1380490 1848.5
1380500 1848.5
1380510 1840.8
1380520 1833.2
1380530 1833.2
1380540 1825.9
1380550 1819.3
1380560 1819.3
1380570 1813.9
1380580 1810.0
1380590 1806.1
1380600 1806.1
1380610 1802.5
1380620 1799.9
1380630 1799.9
1380640 1796.7
1380650 1792.5
1380660 1792.5
1380670 1786.4
1380680 1778.3
1380690 1778.3
1380700 1767.8
1380710 1758.9
1380720 1758.9
1380730 1749.1
1380740 1737.8
1380750 1737.8
1380760 1725.8
1380770 1715.2
1380780 1707.5
1380790 1707.5
1380800 1700.2
1380810 1693.0
1380820 1693.0
1380830 1686.9
1380840 1680.4
1380850 1680.4
1380860 1674.1
1380870 1669.4
1380880 1669.4
1380890 1664.2
1380900 1656.6
1380910 1656.6
1380920 1651.9
1380930 1646.4
1380940 1646.4
1380950 1656.1
1380960 1669.7
1380970 1678.8
1380980 1678.8
1380990 1686.2
1381000 1693.5
1381010 1693.5
1381020 1699.9
1381030 1705.3
1381040 1705.3
1381050 1710.1
1381060 1715.0
1381070 1715.0
1381080 1719.0
1381090 1718.1
1381100 1718.1
1381110 1709.0
1381120 1710.4
1381130 1710.4
1381140 1722.1
1381150 1733.4
1381160 1742.8
1381170 1742.8
1381180 1752.0
1381190 1762.1
1381200 1762.1
1381210 1771.0
1381220 1777.2
1381230 1777.2
1381240 1782.3
1381250 1787.1
1381260 1787.1
1381270 1792.0
1381280 1796.9
1381290 1796.9
1381300 1801.4
1381310 1805.6
1381320 1805.6
1381330 1809.5
1381340 1812.8
1381350 1816.1
1381360 1816.1
1381370 1818.9
1381380 1823.0
1381390 1823.0
1381400 1826.8
1381410 1830.1
1381420 1830.1
1381430 1832.6
1381440 1834.6
1381450 1834.6
1381460 1836.9
1381470 1839.6
1381480 1839.6
1381490 1841.8
1381500 1843.1
1381510 1843.1
1381520 1845.6
1381530 1846.7
1381540 1846.5
1381550 1846.5
1381560 1844.9
1381570 1840.9
1381580 1840.9
1381590 1842.8
1381600 1843.0
1381610 1843.0
1381620 1837.9
1381630 1836.8
1381640 1836.8
1381650 1838.0
1381660 1837.4
1381670 1837.4
1381680 1835.3
1381690 1830.8
1381700 1830.8
1381710 1831.2
1381720 1839.4
1381730 1848.5
1381740 1848.5
1381750 1856.9
1381760 1864.7
1381770 1864.7
1381780 1872.2
1381790 1879.9
1381800 1879.9
1381810 1888.0
1381820 1896.6
1381830 1896.6
1381840 1905.8
1381850 1914.3
1381860 1914.3
1381870 1923.0
1381880 1932.1
1381890 1932.1
1381900 1940.7
1381910 1949.4
1381920 1956.9
1381930 1956.9
1381940 1963.2
1381950 1969.5
1381960 1969.5
1381970 1974.5
1381980 1979.1
1381990 1979.1
1382000 1983.3
1382010 1987.1
1382020 1987.1
1382030 1991.4
1382040 1996.4
1382050 1996.4
1382060 2001.9
1382070 2006.2
1382080 2006.2
1382090 2010.0
1382100 2013.2
1382110 2015.9
1382120 2015.9
1382130 2018.7
1382140 2023.0
1382150 2023.0
1382160 2025.7
1382170 2027.9
1382180 2027.9
1382190 2030.9
1382200 2034.1
1382210 2034.1
1382220 2036.7
1382230 2038.7
1382240 2038.7
1382250 2040.9
1382260 2043.8
1382270 2043.8
1382280 2047.4
1382290 2051.1
1382300 2054.8
1382310 2054.8
1382320 2058.8
1382330 2062.8
1382340 2062.8
1382350 2064.9
1382360 2066.3
1382370 2066.3
1382380 2068.6
1382390 2070.9
1382400 2070.9
1382410 2072.4
1382420 2073.7
1382430 2073.7
1382440 2074.9
1382450 2075.1
1382460 2075.1
1382470 2074.2
1382480 2073.8
1382490 2073.2
1382500 2073.2
1382510 2072.3
1382520 2071.4
1382530 2071.4
1382540 2070.4
1382550 2069.2
1382560 2069.2
1382570 2067.7
1382580 2065.7
1382590 2065.7
1382600 2062.3
1382610 2058.3
1382620 2058.3
1382630 2054.4
1382640 2050.7
1382650 2050.7
1382660 2047.2
1382670 2041.9
1382680 2036.0
1382690 2036.0
1382700 2029.8
1382710 2023.3
1382720 2023.3
1382730 2017.0
1382740 2011.2
1382750 2011.2
1382760 2005.3
1382770 1999.6
1382780 1999.6
1382790 1993.3
1382800 1985.8
1382810 1985.8
1382820 1978.4
1382830 1971.3
1382840 1971.3
1382850 1963.9
1382860 1956.2
1382870 1948.2
1382880 1948.2
1382890 1940.5
1382900 1932.8
1382910 1932.8
1382920 1925.1
1382930 1918.0
1382940 1918.0
1382950 1911.2
1382960 1904.4
1382970 1904.4
1382980 1898.3
1382990 1891.6
1383000 1891.6
1383010 1884.9
1383020 1878.1
1383030 1878.1
1383040 1871.5
1383050 1864.7
1383060 1858.8
1383070 1858.8
1383080 1853.2
1383090 1847.7
1383100 1847.7
1383110 1842.8
1383120 1837.9
1383130 1837.9
1383140 1832.6
1383150 1827.9
1383160 1827.9
1383170 1823.5
1383180 1819.6
1383190 1819.6
1383200 1815.9
1383210 1812.1
1383220 1812.1
1383230 1807.5
1383240 1799.8
1383250 1792.1
1383260 1792.1
1383270 1784.2
1383280 1776.6
1383290 1776.6
1383300 1771.4
1383310 1770.2
1383320 1770.2
1383330 1772.9
1383340 1777.8
1383350 1777.8
1383360 1781.7
1383370 1784.4
1383380 1784.4
1383390 1788.3
1383400 1791.6
1383410 1791.6
1383420 1795.0
1383430 1798.0
1383440 1801.3
1383450 1801.3
1383460 1804.3
1383470 1807.6
1383480 1807.6
1383490 1811.2
1383500 1814.6
1383510 1814.6
1383520 1817.5
1383530 1820.5
1383540 1820.5
1383550 1824.0
1383560 1829.7
1383570 1829.7
1383580 1836.5
1383590 1843.9
1383600 1843.9
1383610 1849.7
1383620 1855.3
1383630 1860.8
1383640 1860.8
1383650 1867.4
1383660 1873.7
1383670 1873.7
1383680 1877.1
1383690 1878.2
1383700 1878.2
1383710 1883.3
1383720 1889.6
1383730 1889.6
1383740 1893.8
1383750 1894.4
1383760 1894.4
1383770 1892.1
1383780 1892.5
1383790 1892.5
1383800 1900.1
1383810 1909.2
1383820 1917.9
1383830 1917.9
1383840 1927.0
1383850 1935.9
1383860 1935.9
1383870 1944.3
1383880 1950.9
1383890 1950.9
1383900 1955.5
1383910 1959.4
1383920 1959.4
1383930 1964.3
1383940 1968.9
1383950 1968.9
1383960 1973.1
1383970 1976.6
1383980 1976.6
1383990 1979.6
1384000 1983.8
1384010 1987.3
1384020 1987.3
1384030 1988.8
1384040 1989.4
1384050 1989.4
1384060 1989.2
1384070 1987.0
1384080 1987.0
1384090 1983.1
1384100 1978.0
1384110 1978.0
1384120 1974.8
1384130 1972.6
1384140 1972.6
1384150 1968.9
1384160 1966.4
1384170 1966.4
1384180 1964.0
1384190 1963.8
1384200 1968.1
1384210 1968.1
1384220 1973.9
1384230 1978.5
1384240 1978.5
1384250 1977.8
1384260 1974.6
1384270 1974.6
1384280 1976.4
1384290 1977.5
1384300 1977.5
1384310 1972.8
1384320 1973.7
1384330 1973.7
1384340 1981.5
1384350 1991.7
1384360 1991.7
1384370 2000.6
1384380 2009.4
1384390 2019.6
1384400 2019.6
1384410 2027.7
1384420 2033.1
1384430 2033.1
1384440 2036.9
1384450 2042.1
1384460 2042.1
1384470 2047.4
1384480 2052.1
1384490 2052.1
1384500 2057.6
1384510 2064.1
1384520 2064.1
1384530 2071.5
1384540 2079.5
1384550 2079.5
1384560 2087.2
1384570 2094.0
1384580 2100.2
1384590 2100.2
1384600 2105.5
1384610 2110.5
1384620 2110.5
1384630 2116.8
1384640 2124.8
1384650 2124.8
1384660 2131.3
1384670 2137.8
1384680 2137.8
1384690 2143.7
1384700 2149.8
1384710 2149.8
1384720 2156.3
1384730 2161.0
1384740 2161.0
1384750 2165.9
1384760 2173.5
1384770 2180.5
1384780 2180.5
1384790 2187.4
1384800 2192.6
1384810 2192.6
1384820 2195.4
1384830 2199.8
1384840 2199.8
1384850 2204.7
1384860 2209.4
1384870 2209.4
1384880 2214.3
1384890 2218.1
1384900 2218.1
1384910 2221.3
1384920 2225.1
1384930 2225.1
1384940 2228.6
1384950 2231.9
1384960 2235.1
1384970 2235.1
1384980 2238.1
1384990 2241.4
1385000 2241.4
1385010 2244.3
1385020 2246.6
1385030 2246.6
1385040 2248.4
1385050 2249.7
1385060 2249.7
1385070 2250.7
1385080 2251.1
1385090 2251.1
1385100 2250.8
1385110 2250.1
1385120 2250.1
1385130 2249.5
1385140 2248.8
1385150 2247.7
1385160 2247.7
1385170 2246.3
1385180 2244.8
1385190 2244.8
1385200 2243.4
1385210 2241.8
1385220 2241.8
1385230 2239.5
1385240 2237.4
1385250 2237.4
1385260 2235.3
1385270 2233.3
1385280 2233.3
1385290 2231.3
1385300 2228.5
1385310 2228.5
1385320 2225.6
1385330 2222.4
1385340 2218.4
1385350 2218.4
1385360 2214.3
1385370 2210.5
1385380 2210.5
1385390 2206.9
1385400 2203.7
1385410 2203.7
1385420 2200.4
1385430 2197.4
1385440 2197.4
1385450 2194.5
1385460 2191.3
1385470 2191.3
1385480 2187.7
1385490 2184.3
1385500 2184.3
1385510 2181.2
1385520 2176.7
1385530 2172.8
1385540 2172.8
1385550 2170.0
1385560 2167.0
1385570 2167.0
1385580 2164.3
1385590 2161.5
1385600 2161.5
1385610 2157.9
1385620 2154.3
1385630 2154.3
1385640 2150.5
1385650 2145.9
1385660 2145.9
1385670 2140.3
1385680 2133.7
1385690 2133.7
1385700 2128.7
1385710 2124.8
1385720 2119.9
1385730 2119.9
1385740 2114.2
1385750 2108.0
1385760 2108.0
1385770 2101.1
1385780 2094.4
1385790 2094.4
1385800 2087.8
1385810 2080.8
1385820 2080.8
1385830 2073.4
1385840 2066.4
1385850 2066.4
1385860 2059.8
1385870 2054.2
1385880 2054.2
1385890 2048.4
1385900 2043.3
1385910 2038.7
1385920 2035.0
1385930 2029.8
1385940 2024.9
1385950 2024.9
1385960 2020.0
1385970 2015.8
1385980 2015.8
1385990 2013.3
1386000 2010.0
1386010 2010.0
1386020 2006.3
1386030 2000.6
1386040 2000.6
1386050 1994.6
1386060 1991.6
1386070 1991.6
1386080 1991.0
1386090 1992.9
1386100 1998.8
1386110 1998.8
1386120 2005.7
1386130 2009.9
1386140 2009.9
1386150 2014.2
1386160 2019.3
1386170 2019.3
1386180 2023.6
1386190 2028.4
1386200 2028.4
1386210 2031.9
1386220 2034.5
1386230 2034.5
1386240 2037.9
1386250 2041.3
1386260 2041.3
1386270 2044.2
1386280 2047.3
1386290 2050.1
1386300 2050.1
1386310 2053.9
1386320 2057.7
1386330 2057.7
1386340 2060.7
1386350 2065.2
1386360 2065.2
1386370 2071.4
1386380 2078.2
1386390 2078.2
1386400 2085.5
1386410 2092.4
1386420 2092.4
1386430 2099.6
1386440 2107.1
1386450 2107.1
1386460 2114.4
1386470 2122.1
1386480 2129.9
1386490 2129.9
1386500 2138.3
1386510 2146.5
1386520 2146.5
1386530 2153.0
1386540 2160.5
1386550 2160.5
1386560 2167.0
1386570 2171.8
1386580 2171.8
1386590 2175.4
1386600 2177.9
1386610 2177.9
1386620 2179.6
1386630 2181.5
1386640 2181.5
1386650 2184.3
1386660 2187.2
1386670 2190.0
1386680 2190.0
1386690 2193.4
1386700 2196.3
1386710 2196.3
1386720 2198.2
1386730 2199.3
1386740 2199.3
1386750 2200.2
1386760 2201.4
1386770 2201.4
1386780 2203.3
1386790 2206.0
1386800 2206.0
1386810 2208.7
1386820 2209.5
1386830 2209.5
1386840 2211.6
1386850 2213.1
1386860 2215.8
1386870 2215.8
1386880 2218.8
1386890 2221.0
1386900 2221.0
1386910 2223.2
1386920 2227.2
1386930 2227.2
1386940 2232.9
1386950 2238.5
1386960 2238.5
1386970 2243.9
1386980 2249.7
1386990 2249.7
1387000 2255.5
1387010 2260.7
1387020 2260.7
1387030 2266.2
1387040 2271.4
1387050 2276.2
1387060 2276.2
1387070 2279.9
1387080 2282.4
1387090 2282.4
1387100 2283.8
1387110 2284.6
1387120 2284.6
1387130 2284.6
1387140 2284.1
1387150 2284.1
1387160 2283.4
1387170 2282.1
1387180 2282.1
1387190 2280.1
1387200 2277.8
1387210 2279.7
1387220 2276.7
1387230 2273.7
1387240 2270.7
1387250 2270.7
1387260 2266.8
1387270 2260.5
1387280 2260.5
1387290 2253.8
1387300 2249.0
1387310 2249.0
1387320 2247.1
1387330 2245.8
1387340 2245.8
1387350 2244.1
1387360 2241.6
1387370 2241.6
1387380 2238.7
1387390 2236.0
1387400 2236.0
1387410 2233.8
1387420 2231.2
1387430 2228.9
1387440 2228.9
1387450 2227.1
1387460 2225.4
1387470 2225.4
1387480 2223.3
1387490 2220.5
1387500 2220.5
1387510 2216.3
1387520 2211.2
1387530 2211.2
1387540 2206.7
1387550 2203.8
1387560 2203.8
1387570 2203.8
1387580 2204.4
1387590 2204.4
1387600 2203.7
1387610 2200.3
1387620 2194.7
1387630 2194.7
1387640 2186.8
1387650 2179.5
1387660 2179.5
1387670 2175.0
1387680 2172.8
1387690 2172.8
1387700 2170.4
1387710 2166.6
1387720 2166.6
1387730 2160.4
1387740 2154.5
1387750 2154.5
1387760 2147.8
1387770 2142.5
1387780 2142.5
1387790 2137.1
1387800 2132.4
1387810 2128.4
1387820 2128.4
1387830 2124.1
1387840 2119.3
1387850 2119.3
1387860 2115.9
1387870 2112.1
1387880 2112.1
1387890 2107.6
1387900 2102.9
1387910 2102.9
1387920 2097.9
1387930 2093.0
1387940 2093.0
1387950 2087.9
1387960 2083.5
1387970 2083.5
1387980 2079.7
1387990 2076.8
1388000 2074.1
1388010 2074.1
1388020 2071.0
1388030 2068.3
1388040 2068.3
1388050 2066.1
1388060 2063.8
1388070 2063.8
1388080 2062.2
1388090 2059.6
1388100 2059.6
1388110 2054.4
1388120 2045.1
1388130 2045.1
1388140 2036.8
1388150 2038.4
1388160 2038.4
1388170 2048.3
1388180 2054.0
1388190 2054.2
1388200 2054.2
1388210 2051.5
1388220 2049.3
1388230 2049.3
1388240 2048.5
1388250 2048.3
1388260 2048.3
1388270 2046.6
1388280 2044.9
1388290 2044.9
1388300 2043.7
1388310 2043.6
1388320 2043.6
1388330 2045.0
1388340 2047.4
1388350 2047.4
1388360 2049.3
1388370 2051.3
1388380 2054.0
1388390 2054.0
1388400 2056.8
1388410 2060.1
1388420 2060.1
1388430 2064.3
1388440 2069.1
1388450 2069.1
1388460 2074.8
1388470 2080.7
1388480 2080.7
1388490 2085.0
1388500 2088.1
1388510 2088.1
1388520 2097.7
1388530 2100.7
1388540 2100.7
1388550 2103.0
1388560 2105.1
1388570 2105.1
1388580 2106.9
1388590 2108.1
1388600 2108.8
1388610 2108.8
1388620 2110.0
1388630 2111.3
1388640 2111.3
1388650 2112.6
1388660 2113.9
1388670 2113.9
1388680 2114.6
1388690 2114.4
1388700 2114.4
1388710 2113.0
1388720 2110.9
1388730 2110.9
1388740 2108.5
1388750 2105.9
1388760 2105.9
1388770 2102.9
1388780 2099.6
1388790 2096.2
1388800 2096.2
1388810 2093.3
1388820 2089.9
1388830 2089.9
1388840 2086.3
1388850 2082.8
1388860 2082.8
1388870 2079.3
1388880 2075.2
1388890 2075.2
1388900 2070.3
1388910 2065.4
1388920 2065.4
1388930 2060.2
1388940 2054.9
1388950 2054.9
1388960 2048.9
1388970 2043.1
1388980 2037.1
1388990 2037.1
1389000 2030.4
1389010 2024.5
1389020 2024.5
1389030 2020.9
1389040 2017.0
1389050 2017.0
1389060 2011.3
1389070 2005.4
1389080 2005.4
1389090 1999.8
1389100 1993.7
1389110 1993.7
1389120 1987.6
1389130 1981.1
1389140 1981.1
1389150 1974.0
1389160 1966.6
1389170 1959.0
1389180 1959.0
1389190 1951.6
1389200 1944.6
1389210 1944.6
1389220 1938.0
1389230 1931.3
1389240 1931.3
1389250 1925.0
1389260 1917.7
1389270 1917.7
1389280 1909.4
1389290 1900.2
1389300 1900.2
1389310 1890.9
1389320 1882.7
1389330 1882.7
1389340 1874.3
1389350 1866.1
1389360 1857.9
1389370 1857.9
1389380 1849.8
1389390 1842.4
1389400 1842.4
1389410 1835.1
1389420 1827.8
1389430 1827.8
1389440 1820.6
1389450 1813.2
1389460 1813.2
1389470 1805.8
1389480 1799.1
1389490 1799.1
1389500 1792.4
1389510 1785.7
1389520 1785.7
1389530 1779.2
1389540 1772.9
1389550 1766.6
1389560 1766.6
1389570 1760.4
1389580 1754.6
1389590 1754.6
1389600 1748.8
1389610 1743.0
1389620 1743.0
1389630 1736.2
1389640 1729.6
1389650 1729.6
1389660 1722.9
1389670 1715.6
1389680 1715.6
1389690 1710.4
1389700 1711.5
1389710 1711.5
1389720 1714.9
1389730 1717.5
1389740 1719.3
1389750 1719.3
1389760 1720.4
1389770 1721.1
1389780 1721.1
1389790 1719.6
1389800 1723.4
1389810 1723.4
1389820 1725.6
1389830 1728.0
1389840 1733.8
1389850 1739.1
1389860 1743.7
1389870 1743.7
1389880 1748.7
1389890 1753.7
1389900 1753.7
1389910 1759.3
1389920 1765.7
1389930 1772.2
1389940 1772.2
1389950 1777.9
1389960 1784.1
1389970 1784.1
1389980 1792.2
1389990 1800.4
1390000 1800.4
1390010 1808.9
1390020 1816.2
1390030 1816.2
1390040 1823.5
1390050 1828.8
1390060 1828.8
1390070 1834.7
1390080 1841.2
1390090 1841.2
1390100 1846.8
1390110 1851.9
1390120 1856.5
1390130 1856.5
1390140 1859.3
1390150 1861.3
1390160 1861.3
1390170 1861.8
1390180 1859.1
1390190 1859.1
1390200 1856.3
1390210 1856.4
1390220 1856.4
1390230 1857.3
1390240 1858.8
1390250 1858.8
1390260 1860.0
1390270 1859.3
1390280 1859.3
1390290 1856.0
1390300 1851.4
1390310 1845.8
1390320 1845.8
1390330 1840.4
1390340 1832.9
1390350 1832.9
1390360 1827.4
1390370 1832.5
1390380 1832.5
1390390 1840.6
1390400 1849.9
1390410 1849.9
1390420 1859.0
1390430 1866.9
1390440 1866.9
1390450 1874.7
1390460 1881.8
1390470 1881.8
1390480 1886.7
1390490 1890.7
1390500 1894.9
1390510 1894.9
1390520 1897.2
1390530 1898.8
1390540 1898.8
1390550 1901.4
1390560 1903.8
1390570 1903.8
1390580 1905.7
1390590 1907.1
1390600 1907.1
1390610 1908.2
1390620 1910.1
1390630 1910.1
1390640 1912.6
1390650 1914.4
1390660 1914.4
1390670 1916.6
1390680 1918.6
1390690 1920.7
1390700 1920.7
1390710 1922.5
1390720 1923.9
1390730 1923.9
1390740 1925.8
1390750 1927.8
1390760 1927.8
1390770 1929.8
1390780 1931.6
1390790 1931.6
1390800 1933.1
1390810 1934.1
1390820 1934.1
1390830 1935.8
1390840 1936.8
1390850 1936.8
1390860 1938.1
1390870 1939.8
1390880 1941.3
1390890 1941.3
1390900 1942.4
1390910 1943.6
1390920 1943.6
1390930 1944.8
1390940 1946.0
1390950 1946.0
1390960 1947.3
1390970 1948.5
1390980 1948.5
1390990 1949.9
1391000 1951.5
1391010 1951.5
1391020 1953.2
1391030 1954.7
1391040 1954.7
1391050 1955.9
1391060 1956.7
1391070 1957.5
1391080 1957.5
1391090 1958.2
1391100 1958.9
1391110 1958.9
1391120 1960.6
1391130 1962.7
1391140 1962.7
1391150 1964.2
1391160 1964.3
1391170 1964.3
1391180 1965.2
1391190 1975.5
1391200 1975.5
1391210 1978.3
1391220 1980.7
1391230 1980.7
1391240 1982.7
1391250 1984.4
1391260 1986.0
1391270 1986.0
1391280 1987.6
1391290 1988.7
1391300 1988.7
1391310 1989.5
1391320 1990.7
1391330 1990.7
1391340 1992.0
1391350 1993.7
1391360 1993.7
1391370 1995.5
1391380 1997.0
1391390 1997.0
1391400 1997.8
1391410 1998.5
1391420 1998.5
1391430 1999.5
1391440 2000.2
1391450 2000.5
1391460 2000.5
1391470 2000.4
1391480 2000.8
1391490 2000.8
1391500 2001.2
1391510 2001.2
1391520 2001.2
1391530 2001.1
1391540 2001.2
1391550 2001.2
1391560 2001.1
1391570 2000.8
1391580 2000.8
1391590 2000.0
1391600 1999.2
1391610 1999.2
1391620 1998.6
1391630 1997.5
1391640 1995.8
1391650 1995.8
1391660 1994.0
1391670 1992.8
1391680 1992.8
1391690 1991.6
1391700 1989.4
1391710 1989.4
1391720 1987.1
1391730 1985.0
1391740 1985.0
1391750 1983.4
1391760 1981.6
1391770 1981.6
1391780 1979.3
1391790 1976.9
1391800 1976.9
1391810 1974.4
1391820 1972.2
1391830 1970.0
1391840 1970.0
1391850 1967.9
1391860 1966.0
1391870 1966.0
1391880 1963.6
1391890 1960.7
1391900 1960.7
1391910 1959.0
1391920 1957.2
1391930 1957.2
1391940 1954.3
1391950 1950.7
1391960 1950.7
1391970 1947.3
1391980 1946.5
1391990 1946.5
1392000 1944.9
1392010 1941.5
1392020 1937.9
1392030 1937.9
1392040 1935.0
1392050 1932.2
1392060 1932.2
1392070 1929.3
1392080 1926.0
1392090 1926.0
1392100 1922.6
1392110 1919.5
1392120 1919.5
1392130 1916.7
1392140 1913.5
1392150 1913.5
1392160 1910.8
1392170 1908.1
1392180 1908.1
1392190 1904.9
1392200 1902.9
1392210 1901.5
1392220 1901.5
1392230 1900.7
1392240 1900.1
1392250 1900.1
1392260 1898.9
1392270 1897.2
1392280 1897.2
1392290 1895.9
1392300 1893.7
1392310 1893.7
1392320 1890.5
1392330 1886.9
1392340 1886.9
1392350 1878.5
1392360 1866.5
1392370 1866.5
1392380 1856.6
1392390 1846.6
1392400 1837.8
1392410 1837.8
1392420 1828.4
1392430 1819.1
1392440 1819.1
1392450 1804.3
1392460 1790.3
1392470 1790.3
1392480 1777.7
1392490 1767.0
1392500 1767.0
1392510 1757.0
1392520 1747.8
1392530 1747.8
1392540 1739.0
1392550 1730.4
1392560 1730.4
1392570 1719.6
1392580 1708.8
1392590 1700.1
1392600 1700.1
1392610 1691.4
1392620 1683.2
1392630 1683.2
1392640 1675.4
1392650 1667.7
1392660 1667.7
1392670 1660.0
1392680 1652.8
1392690 1652.8
1392700 1646.1
1392710 1639.2
1392720 1639.2
1392730 1632.3
1392740 1625.7
1392750 1625.7
1392760 1619.4
1392770 1613.0
1392780 1606.6
1392790 1606.6
1392800 1600.1
1392810 1593.3
1392820 1593.3
1392830 1586.2
1392840 1579.9
1392850 1579.9
1392860 1574.9
1392870 1571.3
1392880 1571.3
1392890 1566.9
1392900 1561.7
1392910 1561.7
1392920 1556.3
1392930 1551.3
1392940 1551.3
1392950 1546.9
1392960 1542.7
1392970 1535.4
1392980 1535.4
1392990 1529.4
1393000 1521.1
1393010 1521.1
1393020 1513.5
1393030 1499.9
1393040 1499.9
1393050 1492.4
1393060 1493.4
1393070 1493.4
1393080 1497.1
1393090 1500.3
1393100 1500.3
1393110 1503.1
1393120 1510.3
1393130 1510.3
1393140 1518.9
1393150 1527.2
1393160 1533.6
1393170 1533.6
1393180 1539.7
1393190 1546.1
1393200 1546.1
1393210 1554.3
1393220 1563.6
1393230 1563.6
1393240 1572.0
1393250 1580.5
1393260 1580.5
1393270 1589.5
1393280 1597.1
1393290 1597.1
1393300 1602.3
1393310 1608.3
1393320 1608.3
1393330 1616.6
1393340 1623.0
1393350 1629.4
1393360 1629.4
1393370 1638.6
1393380 1645.4
1393390 1645.4
1393400 1651.1
1393410 1658.1
1393420 1658.1
1393430 1668.8
1393440 1680.5
1393450 1680.5
1393460 1692.3
1393470 1702.9
1393480 1702.9
1393490 1712.1
1393500 1720.8
1393510 1720.8
1393520 1728.8
1393530 1737.2
1393540 1745.4
1393550 1745.4
1393560 1753.5
1393570 1761.4
1393580 1761.4
1393590 1769.8
1393600 1778.0
1393610 1778.0
1393620 1785.4
1393630 1792.6
1393640 1792.6
1393650 1799.6
1393660 1806.2
1393670 1806.2
1393680 1812.4
1393690 1818.6
1393700 1818.6
1393710 1824.8
1393720 1828.4
1393730 1830.7
1393740 1830.7
1393750 1833.2
1393760 1835.3
1393770 1835.3
1393780 1837.0
1393790 1838.9
1393800 1838.9
1393810 1842.0
1393820 1846.5
1393830 1846.5
1393840 1849.7
1393850 1853.8
1393860 1853.8
1393870 1860.4
1393880 1867.4
1393890 1867.4
1393900 1874.7
1393910 1881.8
1393920 1887.7
1393930 1887.7
1393940 1892.1
1393950 1897.6
1393960 1897.6
1393970 1903.7
1393980 1909.0
1393990 1909.0
1394000 1914.1
1394010 1919.1
1394020 1919.1
1394030 1924.7
1394040 1930.0
1394050 1930.0
1394060 1934.3
1394070 1938.4
1394080 1938.4
1394090 1943.2
1394100 1947.3
1394110 1951.0
1394120 1951.0
1394130 1954.5
1394140 1957.9
1394150 1957.9
1394160 1961.8
1394170 1965.1
1394180 1965.1
1394190 1969.4
1394200 1973.4
1394210 1973.4
1394220 1977.3
1394230 1980.8
1394240 1980.8
1394250 1984.9
1394260 1989.4
1394270 1989.4
1394280 1993.2
1394290 1996.9
1394300 2000.2
1394310 2000.2
1394320 2003.3
1394330 2006.4
1394340 2006.4
1394350 2009.3
1394360 2012.4
1394370 2012.4
1394380 2015.5
1394390 2018.8
1394400 2018.8
1394410 2022.1
1394420 2025.5
1394430 2025.5
1394440 2029.4
1394450 2033.8
1394460 2033.8
1394470 2037.5
1394480 2040.8
1394490 2044.1
1394500 2044.1
1394510 2047.6
1394520 2050.9
1394530 2050.9
1394540 2053.8
1394550 2057.5
1394560 2057.5
1394570 2061.1
1394580 2064.5
1394590 2064.5
1394600 2068.0
1394610 2071.2
1394620 2071.2
1394630 2074.3
1394640 2077.3
1394650 2077.3
1394660 2080.2
1394670 2083.0
1394680 2085.9
1394690 2085.9
1394700 2089.0
1394710 2092.0
1394720 2092.0
1394730 2094.7
1394740 2097.1
1394750 2097.1
1394760 2099.5
1394770 2101.9
1394780 2101.9
1394790 2104.3
1394800 2106.8
1394810 2106.8
1394820 2109.2
1394830 2111.1
1394840 2111.1
1394850 2112.7
1394860 2114.0
1394870 2115.0
1394880 2115.0
1394890 2115.9
1394900 2116.6
1394910 2116.6
1394920 2117.2
1394930 2118.0
1394940 2118.0
1394950 2118.8
1394960 2119.2
1394970 2119.2
1394980 2119.4
1394990 2119.5
1395000 2119.5
1395010 2119.3
1395020 2118.9
1395030 2118.9
1395040 2118.1
1395050 2116.8
1395060 2115.8
1395070 2115.8
1395080 2114.8
1395090 2114.0
1395100 2114.0
1395110 2113.2
1395120 2112.3
1395130 2112.3
1395140 2111.2
1395150 2109.5
1395160 2109.5
1395170 2107.4
1395180 2106.0
1395190 2106.0
1395200 2104.9
1395210 2104.2
1395220 2104.2
1395230 2102.6
1395240 2100.9
1395250 2099.9
1395260 2099.9
1395270 2098.4
1395280 2096.9
1395290 2096.9
1395300 2095.1
1395310 2093.2
1395320 2093.2
1395330 2090.7
1395340 2084.4
1395350 2084.4
1395360 2080.9
1395370 2077.2
1395380 2077.2
1395390 2074.0
1395400 2070.9
1395410 2070.9
1395420 2068.3
1395430 2066.1
1395440 2064.2
1395450 2064.2
1395460 2062.3
1395470 2059.9
1395480 2059.9
1395490 2057.4
1395500 2054.3
1395510 2054.3
1395520 2051.5
1395530 2049.1
1395540 2049.1
1395550 2046.9
1395560 2044.5
1395570 2044.5
1395580 2042.0
1395590 2039.3
1395600 2039.3
1395610 2036.0
1395620 2031.7
1395630 2025.9
1395640 2025.9
1395650 2021.4
1395660 2017.6
1395670 2017.6
1395680 2015.0
1395690 2012.5
1395700 2012.5
1395710 2008.5
1395720 2004.6
1395730 2004.6
1395740 2002.0
1395750 1998.6
1395760 1998.6
1395770 1994.7
1395780 1991.0
1395790 1991.0
1395800 1987.7
1395810 1984.7
1395820 1981.9
1395830 1981.9
1395840 1979.0
1395850 1975.4
1395860 1975.4
1395870 1971.8
1395880 1968.3
1395890 1968.3
1395900 1964.5
1395910 1960.1
1395920 1960.1
1395930 1954.8
1395940 1950.2
1395950 1950.2
1395960 1944.9
1395970 1939.9
1395980 1939.9
1395990 1935.7
1396000 1931.3
1396010 1926.2
1396020 1926.2
1396030 1921.7
1396040 1917.4
1396050 1917.4
1396060 1912.0
1396070 1907.3
1396080 1907.3
1396090 1902.0
1396100 1896.5
1396110 1896.5
1396120 1891.3
1396130 1885.6
1396140 1885.6
1396150 1879.8
1396160 1874.3
1396170 1874.3
1396180 1869.8
1396190 1866.4
1396200 1860.8
1396210 1860.8
1396220 1855.3
1396230 1850.5
1396240 1850.5
1396250 1845.8
1396260 1840.4
1396270 1840.4
1396280 1833.2
1396290 1826.4
1396300 1826.4
1396310 1820.4
1396320 1814.8
1396330 1814.8
1396340 1808.7
1396350 1802.2
1396360 1802.2
1396370 1795.7
1396380 1789.9
1396390 1784.9
1396400 1784.9
1396410 1779.5
1396420 1771.1
1396430 1771.1
1396440 1761.2
1396450 1750.6
1396460 1750.6
1396470 1740.0
1396480 1729.8
1396490 1729.8
1396500 1719.7
1396510 1709.1
1396520 1709.1
1396530 1699.3
1396540 1690.6
1396550 1690.6
1396560 1680.1
1396570 1670.0
1396580 1660.5
1396590 1660.5
1396600 1652.4
1396610 1643.4
1396620 1643.4
1396630 1634.2
1396640 1625.7
1396650 1625.7
1396660 1617.3
1396670 1608.8
1396680 1608.8
1396690 1600.0
1396700 1591.8
1396710 1591.8
1396720 1583.2
1396730 1574.5
1396740 1574.5
1396750 1566.1
1396760 1557.9
1396770 1550.1
1396780 1550.1
1396790 1542.3
1396800 1535.0
1396810 1535.0
1396820 1528.1
1396830 1521.4
1396840 1521.4
1396850 1515.0
1396860 1508.7
1396870 1508.7
1396880 1502.6
1396890 1497.0
1396900 1497.0
1396910 1492.0
1396920 1487.7
1396930 1487.7
1396940 1484.3
1396950 1480.5
1396960 1476.5
1396970 1476.5
1396980 1467.8
1396990 1463.0
1397000 1463.0
1397010 1466.0
1397020 1472.9
1397030 1472.9
1397040 1476.8
1397050 1479.2
1397060 1479.2
1397070 1477.0
1397080 1475.9
1397090 1475.9
1397100 1479.7
1397110 1484.4
1397120 1484.4
1397130 1487.1
1397140 1488.6
1397150 1489.6
1397160 1489.6
1397170 1490.4
1397180 1492.0
1397190 1492.0
1397200 1495.9
1397210 1500.5
1397220 1500.5
1397230 1505.5
1397240 1510.3
1397250 1510.3
1397260 1516.1
1397270 1522.0
1397280 1522.0
1397290 1527.7
1397300 1533.4
1397310 1533.4
1397320 1539.7
1397330 1546.5
1397340 1553.5
1397350 1553.5
1397360 1561.1
1397370 1569.5
1397380 1569.5
1397390 1579.6
1397400 1589.7
1397410 1589.7
1397420 1599.1
1397430 1609.8
1397440 1609.8
1397450 1619.1
1397460 1627.7
1397470 1627.7
1397480 1635.9
1397490 1644.1
1397500 1644.1
1397510 1652.5
1397520 1660.8
1397530 1669.0
1397540 1669.0
1397550 1677.2
1397560 1685.7
1397570 1685.7
1397580 1694.6
1397590 1703.2
1397600 1703.2
1397610 1711.5
1397620 1719.7
1397630 1719.7
1397640 1727.7
1397650 1735.2
1397660 1735.2
1397670 1742.4
1397680 1749.8
1397690 1749.8
1397700 1755.9
1397710 1761.5
1397720 1766.7
1397730 1766.7
1397740 1771.8
1397750 1777.3
1397760 1777.3
1397770 1783.8
1397780 1790.5
1397790 1790.5
1397800 1797.4
1397810 1803.7
1397820 1803.7
1397830 1809.9
1397840 1816.4
1397850 1816.4
1397860 1822.5
1397870 1828.7
1397880 1828.7
1397890 1835.1
1397900 1842.3
1397910 1849.7
1397920 1849.7
1397930 1857.1
1397940 1864.0
1397950 1864.0
1397960 1871.2
1397970 1878.6
1397980 1878.6
1397990 1886.1
1398000 1893.9
1398010 1893.9
1398020 1902.3
1398030 1910.1
1398040 1910.1
1398050 1916.2
1398060 1922.5
1398070 1922.5
1398080 1928.8
1398090 1934.3
1398100 1939.5
1398110 1939.5
1398120 1944.8
1398130 1949.8
1398140 1949.8
1398150 1954.4
1398160 1959.2
1398170 1959.2
1398180 1963.8
1398190 1968.1
1398200 1968.1
1398210 1972.7
1398220 1975.9
1398230 1975.9
1398240 1981.6
1398250 1987.0
1398260 1987.0
1398270 1991.5
1398280 1995.3
1398290 1998.7
1398300 1998.7
1398310 2001.2
1398320 2003.9
1398330 2003.9
1398340 2007.6
1398350 2012.1
1398360 2012.1
1398370 2016.3
1398380 2019.2
1398390 2019.2
1398400 2021.4
1398410 2024.6
1398420 2024.6
1398430 2028.0
1398440 2031.3
1398450 2031.3
1398460 2034.6
1398470 2037.3
1398480 2037.8
1398490 2037.8
1398500 2037.3
1398510 2037.5
1398520 2037.5
1398530 2038.6
1398540 2040.6
1398550 2040.6
1398560 2043.4
1398570 2045.5
1398580 2045.5
1398590 2047.2
1398600 2049.3
1398610 2049.3
1398620 2051.6
1398630 2053.7
1398640 2053.7
1398650 2054.6
1398660 2054.4
1398670 2054.7
1398680 2054.7
1398690 2056.2
1398700 2058.9
1398710 2058.9
1398720 2060.7
1398730 2062.3
1398740 2062.3
1398750 2063.7
1398760 2066.6
1398770 2066.6
1398780 2069.6
1398790 2070.7
1398800 2070.7
1398810 2070.5
1398820 2069.9
1398830 2069.9
1398840 2069.7
1398850 2069.2
1398860 2068.8
1398870 2068.8
1398880 2068.2
1398890 2067.8
1398900 2067.8
1398910 2068.5
1398920 2069.5
1398930 2069.5
1398940 2071.2
1398950 2073.7
1398960 2073.7
1398970 2077.4
1398980 2080.0
1398990 2080.0
1399000 2082.3
1399010 2084.8
1399020 2084.8
1399030 2088.1
1399040 2091.6
1399050 2093.9
1399060 2093.9
1399070 2095.8
1399080 2098.0
1399090 2098.0
1399100 2100.5
1399110 2103.2
1399120 2103.2
1399130 2105.3
1399140 2107.1
1399150 2107.1
1399160 2108.4
1399170 2109.5
1399180 2109.5
1399190 2110.6
1399200 2111.5
1399210 2111.5
1399220 2112.9
1399230 2114.6
1399240 2116.9
1399250 2116.9
1399260 2120.5
1399270 2123.9
1399280 2123.9
1399290 2126.5
1399300 2128.3
1399310 2128.3
1399320 2129.2
1399330 2130.0
1399340 2130.0
1399350 2130.8
1399360 2131.2
1399370 2131.2
1399380 2131.6
1399390 2131.9
1399400 2131.9
1399410 2133.4
1399420 2136.3
1399430 2140.4
1399440 2140.4
1399450 2144.8
1399460 2148.1
1399470 2148.1
1399480 2150.5
1399490 2152.3
1399500 2152.3
1399510 2153.3
1399520 2153.6
1399530 2153.6
1399540 2154.2
1399550 2155.0
1399560 2155.0
1399570 2156.0
1399580 2156.7
1399590 2156.7
1399600 2157.4
1399610 2158.1
1399620 2158.7
1399630 2158.7
1399640 2159.1
1399650 2159.8
1399660 2159.8
1399670 2160.8
1399680 2161.6
1399690 2161.1
1399700 2161.6
1399710 2162.4
1399720 2162.4
1399730 2162.6
1399740 2161.9
1399750 2161.9
1399760 2160.4
1399770 2158.1
1399780 2158.1
1399790 2155.4
1399800 2153.2
1399810 2151.7
1399820 2151.7
1399830 2150.5
1399840 2149.4
1399850 2149.4
1399860 2148.7
1399870 2148.5
1399880 2148.5
1399890 2148.4
1399900 2147.5
1399910 2147.5
1399920 2145.0
1399930 2141.6
1399940 2141.6
1399950 2138.4
1399960 2136.0
1399970 2136.0
1399980 2134.3
1399990 2133.4
