1380000 1679.0
1380010 1679.0
1380020 1679.4
1380030 1679.8
1380040 1679.8
1380050 1679.5
1380060 1679.0
1380070 1679.0
1380080 1679.4
1380090 1680.0
1380100 1680.0
1380110 1680.6
1380120 1680.9
1380130 1680.5
1380140 1680.5
1380150 1678.9
1380160 1678.2
1380170 1678.2
1380180 1678.6
1380190 1678.0
1380200 1678.0
1380210 1677.0
1380220 1676.6
1380230 1676.6
1380240 1675.9
1380250 1674.6
1380260 1674.6
1380270 1671.3
1380280 1667.2
1380290 1667.2
1380300 1663.8
1380310 1660.8
1380320 1661.7
1380330 1661.7
1380340 1658.0
1380350 1655.2
1380360 1655.2
1380370 1652.4
1380380 1649.6
1380390 1649.6
1380400 1647.5
1380410 1646.4
1380420 1646.4
1380430 1644.1
1380440 1642.2
1380450 1642.2
1380460 1642.5
1380470 1642.0
1380480 1642.0
1380490 1640.8
1380500 1638.2
1380510 1635.4
1380520 1635.4
1380530 1632.1
1380540 1626.7
1380550 1626.7
1380560 1621.0
1380570 1613.3
1380580 1613.3
1380590 1603.9
1380600 1596.2
1380610 1596.2
1380620 1590.0
1380630 1583.9
1380640 1583.9
1380650 1578.6
1380660 1574.3
1380670 1574.3
1380680 1570.3
1380690 1567.5
1380700 1565.3
1380710 1565.3
1380720 1562.5
1380730 1557.8
1380740 1557.8
1380750 1549.1
1380760 1539.6
1380770 1539.6
1380780 1532.2
1380790 1528.2
1380800 1528.2
1380810 1526.6
1380820 1524.6
1380830 1524.6
1380840 1522.4
1380850 1522.0
1380860 1522.0
1380870 1517.1
1380880 1512.5
1380890 1512.3
1380900 1512.3
1380910 1509.6
1380920 1505.2
1380930 1505.2
1380940 1499.9
1380950 1493.5
1380960 1493.5
1380970 1483.2
1380980 1478.4
1380990 1478.4
1381000 1483.3
1381010 1489.9
1381020 1489.9
1381030 1496.1
1381040 1504.7
1381050 1504.7
1381060 1517.3
1381070 1529.7
1381080 1541.9
1381090 1541.9
1381100 1550.8
1381110 1554.9
1381120 1554.9
1381130 1558.3
1381140 1554.3
1381150 1554.3
1381160 1563.2
1381170 1573.6
1381180 1573.6
1381190 1586.4
1381200 1599.2
1381210 1599.2
1381220 1608.2
1381230 1615.1
1381240 1615.1
1381250 1621.9
1381260 1630.3
1381270 1630.3
1381280 1638.9
1381290 1646.5
1381300 1653.1
1381310 1653.1
1381320 1659.7
1381330 1666.4
1381340 1666.4
1381350 1670.7
1381360 1673.1
1381370 1673.1
1381380 1676.9
1381390 1681.5
1381400 1681.5
1381410 1683.8
1381420 1684.7
1381430 1684.7
1381440 1684.3
1381450 1682.5
1381460 1682.5
1381470 1681.1
1381480 1683.9
1381490 1689.0
1381500 1689.0
1381510 1695.5
1381520 1702.5
1381530 1702.5
1381540 1711.7
1381550 1718.7
1381560 1718.7
1381570 1725.1
1381580 1730.7
1381590 1730.7
1381600 1735.9
1381610 1741.1
1381620 1741.1
1381630 1746.5
1381640 1751.1
1381650 1751.1
1381660 1755.2
1381670 1759.0
1381680 1763.3
1381690 1763.3
1381700 1767.0
1381710 1770.6
1381720 1770.6
1381730 1774.8
1381740 1779.2
1381750 1779.2
1381760 1782.7
1381770 1785.7
1381780 1785.7
1381790 1789.4
1381800 1793.7
1381810 1793.7
1381820 1798.0
1381830 1802.7
1381840 1802.7
1381850 1807.1
1381860 1810.8
1381870 1814.0
1381880 1814.0
1381890 1817.5
1381900 1821.4
1381910 1821.4
1381920 1824.7
1381930 1827.9
1381940 1827.9
1381950 1831.8
1381960 1835.4
1381970 1835.4
1381980 1838.1
1381990 1840.5
1382000 1840.5
1382010 1843.6
1382020 1848.0
1382030 1848.0
1382040 1851.4
1382050 1853.1
1382060 1855.5
1382070 1855.5
1382080 1859.3
1382090 1861.8
1382100 1861.8
1382110 1863.8
1382120 1865.8
1382130 1865.8
1382140 1868.5
1382150 1869.8
1382160 1869.8
1382170 1870.9
1382180 1872.1
1382190 1872.1
1382200 1867.6
1382210 1863.1
1382220 1863.1
1382230 1859.7
1382240 1858.3
1382250 1857.1
1382260 1857.1
1382270 1856.6
1382280 1856.9
1382290 1856.9
1382300 1858.1
1382310 1860.6
1382320 1860.6
1382330 1862.1
1382340 1861.8
1382350 1861.8
1382360 1861.1
1382370 1858.9
1382380 1858.9
1382390 1856.7
1382400 1856.3
1382410 1856.3
1382420 1857.0
1382430 1859.8
1382440 1862.8
1382450 1862.8
1382460 1865.8
1382470 1868.5
1382480 1868.5
1382490 1871.7
1382500 1873.4
1382510 1873.4
1382520 1876.2
1382530 1879.6
1382540 1879.6
1382550 1882.3
1382560 1885.5
1382570 1885.5
1382580 1891.8
1382590 1899.3
1382600 1899.3
1382610 1905.4
1382620 1913.7
1382630 1923.0
1382640 1923.0
1382650 1931.3
1382660 1940.6
1382670 1940.6
1382680 1950.8
1382690 1962.2
1382700 1962.2
1382710 1970.1
1382720 1970.5
1382730 1970.5
1382740 1969.0
1382750 1967.1
1382760 1967.1
1382770 1965.2
1382780 1964.8
1382790 1964.8
1382800 1962.7
1382810 1960.8
1382820 1959.2
1382830 1959.2
1382840 1957.6
1382850 1956.1
1382860 1956.1
1382870 1954.5
1382880 1952.1
1382890 1952.1
1382900 1950.8
1382910 1945.3
1382920 1945.3
1382930 1938.5
1382940 1932.9
1382950 1932.9
1382960 1926.6
1382970 1919.0
1382980 1919.0
1382990 1910.2
1383000 1901.8
1383010 1893.9
1383020 1893.9
1383030 1886.1
1383040 1879.3
1383050 1879.3
1383060 1873.3
1383070 1867.2
1383080 1867.2
1383090 1862.7
1383100 1858.7
1383110 1858.7
1383120 1855.3
1383130 1852.7
1383140 1852.7
1383150 1849.7
1383160 1846.5
1383170 1846.5
1383180 1843.0
1383190 1839.8
1383200 1836.7
1383210 1836.7
1383220 1834.1
1383230 1830.1
1383240 1830.1
1383250 1824.6
1383260 1819.2
1383270 1819.2
1383280 1812.9
1383290 1805.9
1383300 1805.9
1383310 1799.0
1383320 1792.6
1383330 1792.6
1383340 1782.3
1383350 1767.2
1383360 1767.2
1383370 1756.4
1383380 1747.7
1383390 1739.2
1383400 1739.2
1383410 1730.7
1383420 1722.5
1383430 1722.5
1383440 1715.8
1383450 1710.8
1383460 1710.8
1383470 1706.6
1383480 1700.1
1383490 1700.1
1383500 1692.4
1383510 1688.4
1383520 1688.4
1383530 1692.9
1383540 1699.2
1383550 1699.2
1383560 1704.5
1383570 1710.4
1383580 1716.8
1383590 1716.8
1383600 1723.4
1383610 1730.2
1383620 1730.2
1383630 1737.3
1383640 1744.4
1383650 1744.4
1383660 1751.5
1383670 1758.6
1383680 1758.6
1383690 1765.9
1383700 1773.4
1383710 1773.4
1383720 1782.6
1383730 1791.7
1383740 1791.7
1383750 1800.2
1383760 1809.2
1383770 1818.6
1383780 1818.6
1383790 1829.1
1383800 1840.7
1383810 1840.7
1383820 1851.1
1383830 1861.3
1383840 1861.3
1383850 1871.1
1383860 1880.3
1383870 1880.3
1383880 1890.6
1383890 1897.7
1383900 1897.7
1383910 1901.4
1383920 1903.2
1383930 1903.2
1383940 1905.8
1383950 1911.4
1383960 1914.5
1383970 1914.5
1383980 1919.8
1383990 1927.7
1384000 1927.7
1384010 1934.2
1384020 1938.0
1384030 1929.2
1384040 1930.0
1384050 1932.2
1384060 1932.2
1384070 1937.8
1384080 1947.3
1384090 1947.3
1384100 1955.6
1384110 1963.8
1384120 1963.8
1384130 1968.2
1384140 1969.7
1384150 1973.0
1384160 1973.0
1384170 1976.7
1384180 1980.5
1384190 1980.5
1384200 1984.0
1384210 1987.9
1384220 1987.9
1384230 1992.4
1384240 1996.8
1384250 1996.8
1384260 2001.7
1384270 2006.0
1384280 2006.0
1384290 2007.5
1384300 2007.1
1384310 2007.1
1384320 2005.8
1384330 2006.1
1384340 2010.0
1384350 2010.0
1384360 2012.1
1384370 2013.1
1384380 2013.1
1384390 2014.9
1384400 2016.8
1384410 2016.8
1384420 2019.1
1384430 2022.1
1384440 2022.1
1384450 2024.5
1384460 2026.3
1384470 2026.3
1384480 2027.6
1384490 2028.3
1384500 2028.3
1384510 2028.9
1384520 2030.0
1384530 2032.3
1384540 2032.3
1384550 2034.8
1384560 2037.3
1384570 2037.3
1384580 2040.1
1384590 2043.1
1384600 2043.1
1384610 2046.0
1384620 2048.5
1384630 2048.5
1384640 2049.9
1384650 2050.0
1384660 2050.0
1384670 2050.4
1384680 2053.7
1384690 2053.7
1384700 2058.3
1384710 2063.0
1384720 2067.0
1384730 2067.0
1384740 2071.5
1384750 2078.5
1384760 2078.5
1384770 2086.5
1384780 2092.1
1384790 2092.1
1384800 2096.5
1384810 2100.5
1384820 2100.5
1384830 2104.5
1384840 2108.5
1384850 2108.5
1384860 2112.7
1384870 2116.8
1384880 2116.8
1384890 2121.2
1384900 2125.4
1384910 2129.3
1384920 2129.3
1384930 2133.1
1384940 2136.7
1384950 2136.7
1384960 2140.3
1384970 2143.9
1384980 2143.9
1384990 2147.0
1385000 2149.9
1385010 2149.9
1385020 2152.6
1385030 2155.1
1385040 2155.1
1385050 2157.3
1385060 2159.5
1385070 2159.5
1385080 2162.4
1385090 2165.4
1385100 2168.2
1385110 2168.2
1385120 2170.2
1385130 2171.9
1385140 2171.9
1385150 2173.8
1385160 2175.7
1385170 2175.7
1385180 2177.5
1385190 2179.3
1385200 2179.3
1385210 2181.2
1385220 2183.5
1385230 2183.5
1385240 2186.2
1385250 2189.0
1385260 2189.0
1385270 2191.9
1385280 2194.6
1385290 2194.5
1385300 2194.5
1385310 2197.4
1385320 2200.1
1385330 2200.1
1385340 2202.7
1385350 2205.1
1385360 2205.1
1385370 2206.9
1385380 2208.2
1385390 2208.2
1385400 2209.2
1385410 2209.6
1385420 2209.6
1385430 2210.4
1385440 2211.3
1385450 2211.3
1385460 2212.1
1385470 2212.7
1385480 2213.0
1385490 2213.0
1385500 2213.7
1385510 2214.5
1385520 2214.5
1385530 2214.9
1385540 2214.9
1385550 2214.9
1385560 2215.8
1385570 2217.7
1385580 2217.7
1385590 2219.5
1385600 2221.0
1385610 2221.0
1385620 2222.2
1385630 2223.0
1385640 2223.0
1385650 2223.4
1385660 2223.0
1385670 2222.1
1385680 2222.1
1385690 2220.0
1385700 2216.4
1385710 2216.4
1385720 2213.2
1385730 2211.9
1385740 2211.9
1385750 2211.9
1385760 2210.0
1385770 2210.0
1385780 2203.7
1385790 2192.1
1385800 2192.1
1385810 2176.1
1385820 2157.4
1385830 2157.4
1385840 2139.6
1385850 2126.9
1385860 2118.4
1385870 2118.4
1385880 2110.2
1385890 2101.7
1385900 2101.7
1385910 2093.5
1385920 2085.7
1385930 2085.7
1385940 2078.3
1385950 2071.2
1385960 2071.2
1385970 2065.1
1385980 2059.2
1385990 2059.2
1386000 2051.7
1386010 2042.5
1386020 2042.5
1386030 2034.1
1386040 2025.3
1386050 2013.6
1386060 2013.6
1386070 2004.9
1386080 1997.5
1386090 1997.5
1386100 1991.5
1386110 1986.5
1386120 1986.5
1386130 1980.5
1386140 1973.7
1386150 1973.7
1386160 1967.0
1386170 1961.3
1386180 1961.3
1386190 1956.2
1386200 1949.9
1386210 1949.9
1386220 1948.0
1386230 1951.8
1386240 1954.8
1386250 1954.8
1386260 1959.2
1386270 1965.6
1386280 1965.6
1386290 1969.8
1386300 1973.1
1386310 1973.1
1386320 1975.2
1386330 1976.1
1386340 1976.1
1386350 1977.3
1386360 1978.8
1386370 1978.8
1386380 1981.4
1386390 1982.4
1386400 1982.4
1386410 1984.5
1386420 1985.8
1386430 1985.0
1386440 1985.0
1386450 1983.4
1386460 1980.7
1386470 1980.7
1386480 1979.0
1386490 1976.2
1386500 1976.2
1386510 1973.9
1386520 1972.9
1386530 1972.9
1386540 1971.5
1386550 1970.7
1386560 1970.7
1386570 1970.5
1386580 1978.4
1386590 1978.4
1386600 1979.1
1386610 1978.4
1386620 1977.3
1386630 1977.3
1386640 1974.8
1386650 1978.2
1386660 1978.2
1386670 1979.2
1386680 1983.7
1386690 1983.7
1386700 1991.4
1386710 1996.4
1386720 1996.4
1386730 1999.5
1386740 2000.0
1386750 2000.0
1386760 2000.4
1386770 2001.7
1386780 2001.7
1386790 2005.2
1386800 2010.3
1386810 2014.3
1386820 2014.3
1386830 2017.1
1386840 2019.9
1386850 2019.9
1386860 2023.7
1386870 2027.3
1386880 2027.3
1386890 2031.4
1386900 2036.2
1386910 2036.2
1386920 2041.6
1386930 2046.5
1386940 2046.5
1386950 2049.1
1386960 2050.5
1386970 2050.5
1386980 2051.3
1386990 2052.5
1387000 2053.1
1387010 2053.1
1387020 2053.7
1387030 2053.5
1387040 2053.5
1387050 2052.3
1387060 2051.5
1387070 2051.5
1387080 2050.8
1387090 2049.6
1387100 2049.6
1387110 2048.5
1387120 2047.9
1387130 2047.9
1387140 2047.2
1387150 2046.7
1387160 2046.7
1387170 2046.3
1387180 2045.9
1387190 2046.0
1387200 2046.0
1387210 2045.5
1387220 2045.2
1387230 2045.2
1387240 2045.1
1387250 2044.2
1387260 2044.2
1387270 2042.3
1387280 2040.3
1387290 2040.3
1387300 2038.1
1387310 2035.9
1387320 2035.9
1387330 2035.5
1387340 2035.3
1387350 2035.3
1387360 2034.7
1387370 2033.5
1387380 2033.1
1387390 2033.1
1387400 2032.8
1387410 2031.9
1387420 2031.9
1387430 2030.6
1387440 2028.8
1387450 2028.8
1387460 2027.3
1387470 2026.3
1387480 2026.3
1387490 2025.4
1387500 2024.5
1387510 2024.5
1387520 2023.3
1387530 2022.0
1387540 2022.0
1387550 2020.6
1387560 2019.2
1387570 2017.6
1387580 2017.6
1387590 2016.2
1387600 2014.7
1387610 2014.7
1387620 2013.1
1387630 2011.5
1387640 2011.5
1387650 2010.1
1387660 2008.6
1387670 2008.6
1387680 2006.9
1387690 2005.2
1387700 2005.2
1387710 2003.6
1387720 2002.1
1387730 2002.1
1387740 2000.8
1387750 1999.1
1387760 1997.0
1387770 1997.0
1387780 1993.8
1387790 1991.9
1387800 1991.9
1387810 1990.5
1387820 1989.7
1387830 1989.7
1387840 1989.7
1387850 1989.8
1387860 1989.8
1387870 1989.4
1387880 1990.4
1387890 1990.4
1387900 1989.8
1387910 1989.9
1387920 1989.9
1387930 1987.6
1387940 1983.8
1387950 1981.7
1387960 1981.7
1387970 1980.3
1387980 1978.9
1387990 1978.9
1388000 1979.1
1388010 1976.9
1388020 1976.9
1388030 1974.0
1388040 1972.1
1388050 1972.1
1388060 1970.9
1388070 1969.2
1388080 1969.2
1388090 1967.9
1388100 1965.9
1388110 1965.9
1388120 1963.6
1388130 1962.0
1388140 1962.0
1388150 1960.2
1388160 1958.0
1388170 1955.3
1388180 1955.3
1388190 1952.4
1388200 1948.3
1388210 1948.3
1388220 1942.5
1388230 1933.8
1388240 1933.8
1388250 1930.8
1388260 1937.4
1388270 1937.4
1388280 1941.6
1388290 1944.2
1388300 1944.2
1388310 1946.9
1388320 1948.7
1388330 1948.7
1388340 1950.0
1388350 1950.8
1388360 1949.7
1388370 1949.7
1388380 1947.5
1388390 1944.7
1388400 1944.7
1388410 1945.2
1388420 1947.7
1388430 1947.7
1388440 1949.5
1388450 1950.6
1388460 1950.6
1388470 1952.1
1388480 1954.3
1388490 1954.3
1388500 1957.5
1388510 1961.2
1388520 1961.2
1388530 1964.4
1388540 1967.7
1388550 1970.5
1388560 1970.5
1388570 1972.0
1388580 1972.7
1388590 1972.7
1388600 1973.1
1388610 1971.8
1388620 1971.8
1388630 1970.6
1388640 1970.5
1388650 1970.5
1388660 1971.4
1388670 1972.8
1388680 1972.8
1388690 1973.6
1388700 1974.3
1388710 1974.3
1388720 1974.8
1388730 1975.1
1388740 1975.7
1388750 1975.7
1388760 1976.0
1388770 1976.3
1388780 1976.3
1388790 1976.4
1388800 1976.1
1388810 1976.1
1388820 1975.5
1388830 1975.2
1388840 1975.2
1388850 1974.7
1388860 1974.4
1388870 1974.4
1388880 1974.3
1388890 1975.0
1388900 1975.0
1388910 1974.5
1388920 1973.4
1388930 1972.6
1388940 1972.6
1388950 1972.4
1388960 1972.0
1388970 1972.0
1388980 1970.6
1388990 1970.1
1389000 1970.1
1389010 1968.6
1389020 1967.0
1389030 1967.0
1389040 1965.5
1389050 1963.6
1389060 1963.6
1389070 1962.3
1389080 1960.9
1389090 1960.9
1389100 1959.3
1389110 1957.6
1389120 1956.1
1389130 1956.1
1389140 1954.3
1389150 1952.7
1389160 1952.7
1389170 1950.5
1389180 1946.8
1389190 1948.0
1389200 1944.2
1389210 1940.9
1389220 1940.9
1389230 1937.4
1389240 1934.0
1389250 1934.0
1389260 1930.1
1389270 1925.5
1389280 1925.5
1389290 1920.2
1389300 1915.9
1389310 1911.0
1389320 1911.0
1389330 1905.6
1389340 1899.6
1389350 1899.6
1389360 1893.3
1389370 1887.0
1389380 1887.0
1389390 1880.4
1389400 1874.4
1389410 1874.4
1389420 1867.1
1389430 1859.8
1389440 1859.8
1389450 1852.9
1389460 1845.6
1389470 1845.6
1389480 1838.8
1389490 1832.4
1389500 1826.0
1389510 1826.0
1389520 1819.6
1389530 1813.2
1389540 1813.2
1389550 1806.8
1389560 1799.2
1389570 1799.2
1389580 1791.3
1389590 1784.2
1389600 1784.2
1389610 1777.9
1389620 1771.5
1389630 1771.5
1389640 1764.8
1389650 1758.3
1389660 1758.3
1389670 1751.6
1389680 1744.8
1389690 1738.8
1389700 1738.8
1389710 1733.6
1389720 1729.3
1389730 1729.3
1389740 1726.5
1389750 1723.4
1389760 1723.4
1389770 1719.6
1389780 1715.5
1389790 1715.5
1389800 1711.2
1389810 1706.9
1389820 1706.9
1389830 1702.6
1389840 1698.3
1389850 1698.3
1389860 1693.9
1389870 1687.1
1389880 1678.7
1389890 1678.7
1389900 1669.8
1389910 1659.7
1389920 1659.7
1389930 1650.4
1389940 1641.4
1389950 1641.4
1389960 1632.4
1389970 1623.5
1389980 1623.5
1389990 1614.6
1390000 1606.4
1390010 1606.4
1390020 1598.8
1390030 1590.9
1390040 1590.9
1390050 1582.7
1390060 1574.4
1390070 1566.7
1390080 1566.7
1390090 1560.0
1390100 1558.0
1390110 1558.0
1390120 1564.6
1390130 1573.2
1390140 1573.2
1390150 1581.6
1390160 1592.1
1390170 1592.1
1390180 1600.3
1390190 1606.6
1390200 1606.6
1390210 1611.8
1390220 1617.5
1390230 1617.5
1390240 1624.4
1390250 1630.6
1390260 1636.3
1390270 1636.3
1390280 1640.7
1390290 1644.6
1390300 1644.6
1390310 1647.4
1390320 1648.3
1390330 1648.3
1390340 1646.8
1390350 1646.9
1390360 1646.9
1390370 1648.2
1390380 1653.8
1390390 1653.8
1390400 1663.7
1390410 1674.9
1390420 1674.9
1390430 1683.8
1390440 1691.8
1390450 1699.6
1390460 1699.6
1390470 1706.4
1390480 1710.8
1390490 1710.8
1390500 1713.4
1390510 1716.0
1390520 1716.0
1390530 1724.8
1390540 1727.5
1390550 1727.5
1390560 1730.0
1390570 1732.4
1390580 1732.4
1390590 1734.8
1390600 1736.6
1390610 1736.6
1390620 1737.8
1390630 1738.9
1390640 1742.0
1390650 1742.0
1390660 1744.5
1390670 1745.0
1390680 1745.0
1390690 1746.3
1390700 1746.7
1390710 1746.7
1390720 1747.2
1390730 1749.0
1390740 1749.0
1390750 1750.8
1390760 1750.3
1390770 1750.3
1390780 1750.9
1390790 1750.5
1390800 1750.5
1390810 1749.7
1390820 1750.4
1390830 1751.8
1390840 1751.8
1390850 1753.8
1390860 1755.6
1390870 1755.6
1390880 1756.3
1390890 1756.2
1390900 1756.2
1390910 1756.2
1390920 1757.1
1390930 1757.1
1390940 1757.7
1390950 1757.8
1390960 1757.8
1390970 1758.9
1390980 1761.7
1390990 1761.7
1391000 1764.2
1391010 1765.4
1391020 1767.6
1391030 1767.6
1391040 1769.3
1391050 1771.0
1391060 1771.0
1391070 1772.0
1391080 1772.8
1391090 1772.8
1391100 1773.9
1391110 1775.1
1391120 1775.1
1391130 1776.6
1391140 1778.3
1391150 1778.3
1391160 1780.1
1391170 1782.9
1391180 1782.9
1391190 1785.9
1391200 1788.9
1391210 1791.8
1391220 1791.8
1391230 1794.4
1391240 1797.1
1391250 1797.1
1391260 1799.1
1391270 1800.5
1391280 1800.5
1391290 1802.1
1391300 1803.8
1391310 1803.8
1391320 1805.7
1391330 1807.0
1391340 1807.0
1391350 1807.8
1391360 1808.5
1391370 1808.5
1391380 1809.2
1391390 1809.6
1391400 1810.1
1391410 1810.1
1391420 1810.4
1391430 1811.0
1391440 1811.0
1391450 1812.2
1391460 1813.4
1391470 1813.4
1391480 1814.6
1391490 1815.6
1391500 1815.6
1391510 1816.3
1391520 1817.4
1391530 1817.4
1391540 1818.4
1391550 1818.1
1391560 1818.1
1391570 1812.5
1391580 1802.0
1391590 1789.3
1391600 1789.3
1391610 1782.5
1391620 1779.9
1391630 1779.9
1391640 1773.6
1391650 1775.0
1391660 1775.0
1391670 1777.4
1391680 1776.1
1391690 1776.1
1391700 1773.0
1391710 1768.6
1391720 1768.6
1391730 1766.8
1391740 1767.6
1391750 1767.6
1391760 1769.5
1391770 1770.6
1391780 1773.4
1391790 1773.4
1391800 1774.5
1391810 1774.1
1391820 1774.1
1391830 1773.6
1391840 1775.1
1391850 1775.1
1391860 1778.4
1391870 1778.7
1391880 1787.2
1391890 1784.9
1391900 1785.0
1391910 1785.0
1391920 1784.7
1391930 1781.0
1391940 1781.0
1391950 1778.2
1391960 1774.4
1391970 1769.7
1391980 1769.7
1391990 1768.9
1392000 1771.1
1392010 1771.1
1392020 1771.5
1392030 1768.2
1392040 1768.2
1392050 1764.9
1392060 1762.2
1392070 1762.2
1392080 1760.6
1392090 1759.9
1392100 1759.9
1392110 1763.2
1392120 1764.3
1392130 1764.3
1392140 1765.5
1392150 1762.9
1392160 1764.0
1392170 1764.0
1392180 1770.5
1392190 1776.7
1392200 1776.7
1392210 1780.9
1392220 1784.0
1392230 1784.0
1392240 1783.0
1392250 1778.0
1392260 1778.0
1392270 1779.4
1392280 1784.2
1392290 1784.2
1392300 1783.5
1392310 1781.6
1392320 1781.6
1392330 1777.2
1392340 1774.7
1392350 1776.3
1392360 1776.3
1392370 1780.3
1392380 1778.7
1392390 1778.7
1392400 1781.4
1392410 1783.1
1392420 1783.1
1392430 1780.3
1392440 1773.5
1392450 1773.5
1392460 1765.4
1392470 1756.8
1392480 1756.8
1392490 1748.1
1392500 1739.6
1392510 1739.6
1392520 1731.7
1392530 1723.9
1392540 1715.4
1392550 1715.4
1392560 1706.8
1392570 1698.9
1392580 1698.9
1392590 1692.3
1392600 1684.9
1392610 1684.9
1392620 1676.3
1392630 1667.1
1392640 1667.1
1392650 1657.9
1392660 1649.4
1392670 1649.4
1392680 1641.5
1392690 1633.8
1392700 1633.8
1392710 1625.8
1392720 1618.3
1392730 1611.2
1392740 1611.2
1392750 1604.3
1392760 1597.5
1392770 1597.5
1392780 1591.1
1392790 1585.0
1392800 1585.0
1392810 1579.1
1392820 1573.5
1392830 1573.5
1392840 1568.5
1392850 1563.7
1392860 1563.7
1392870 1559.1
1392880 1554.5
1392890 1554.5
1392900 1550.1
1392910 1545.9
1392920 1541.9
1392930 1541.9
1392940 1538.3
1392950 1535.1
1392960 1535.1
1392970 1531.7
1392980 1528.5
1392990 1528.5
1393000 1524.1
1393010 1519.5
1393020 1519.5
1393030 1514.7
1393040 1507.9
1393050 1507.9
1393060 1500.6
1393070 1491.0
1393080 1491.0
1393090 1475.6
1393100 1456.7
1393110 1443.1
1393120 1443.1
1393130 1428.1
1393140 1418.3
1393150 1418.3
1393160 1417.4
1393170 1419.4
1393180 1419.4
1393190 1429.1
1393200 1441.0
1393210 1441.0
1393220 1452.4
1393230 1464.6
1393240 1464.6
1393250 1474.1
1393260 1481.8
1393270 1481.8
1393280 1490.4
1393290 1497.9
1393300 1506.4
1393310 1506.4
1393320 1515.0
1393330 1523.2
1393340 1523.2
1393350 1530.6
1393360 1538.1
1393370 1538.1
1393380 1544.1
1393390 1546.6
1393400 1546.6
1393410 1548.6
1393420 1552.5
1393430 1552.5
1393440 1560.2
1393450 1569.6
1393460 1569.6
1393470 1578.6
1393480 1586.9
1393490 1595.9
1393500 1595.9
1393510 1604.0
1393520 1612.1
1393530 1612.1
1393540 1621.6
1393550 1630.4
1393560 1630.4
1393570 1638.9
1393580 1648.2
1393590 1648.2
1393600 1659.6
1393610 1667.4
1393620 1667.4
1393630 1673.7
1393640 1680.9
1393650 1680.9
1393660 1689.6
1393670 1697.3
1393680 1705.6
1393690 1705.6
1393700 1717.4
1393710 1726.7
1393720 1726.7
1393730 1734.5
1393740 1741.7
1393750 1741.7
1393760 1748.4
1393770 1755.0
1393780 1755.0
1393790 1761.2
1393800 1768.4
1393810 1768.4
1393820 1775.5
1393830 1784.3
1393840 1784.3
1393850 1794.0
1393860 1802.7
1393870 1812.1
1393880 1812.1
1393890 1820.1
1393900 1827.2
1393910 1827.2
1393920 1834.8
1393930 1842.9
1393940 1842.9
1393950 1850.8
1393960 1858.0
1393970 1858.0
1393980 1864.2
1393990 1870.0
1394000 1870.0
1394010 1876.0
1394020 1881.1
1394030 1881.1
1394040 1887.5
1394050 1893.6
1394060 1899.0
1394070 1899.0
1394080 1905.2
1394090 1912.4
1394100 1912.4
1394110 1918.9
1394120 1924.7
1394130 1924.7
1394140 1930.8
1394150 1936.3
1394160 1936.3
1394170 1940.9
1394180 1946.1
1394190 1946.1
1394200 1951.7
1394210 1955.3
1394220 1955.3
1394230 1956.8
1394240 1959.2
1394250 1963.6
1394260 1963.6
1394270 1968.5
1394280 1973.6
1394290 1973.6
1394300 1978.9
1394310 1983.3
1394320 1983.3
1394330 1986.9
1394340 1990.1
1394350 1990.1
1394360 1994.2
1394370 1999.1
1394380 1999.1
1394390 2002.9
1394400 2006.6
1394410 2006.6
1394420 2011.0
1394430 2014.6
1394440 2017.2
1394450 2017.2
1394460 2018.8
1394470 2020.4
1394480 2020.4
1394490 2022.1
1394500 2022.6
1394510 2022.6
1394520 2024.0
1394530 2026.2
1394540 2026.2
1394550 2028.6
1394560 2031.2
1394570 2031.2
1394580 2034.0
1394590 2036.8
1394600 2036.8
1394610 2038.8
1394620 2040.6
1394630 2042.5
1394640 2042.5
1394650 2044.0
1394660 2044.8
1394670 2044.8
1394680 2046.4
1394690 2047.6
1394700 2047.6
1394710 2049.6
1394720 2051.5
1394730 2051.5
1394740 2053.1
1394750 2055.1
1394760 2055.1
1394770 2057.5
1394780 2059.0
1394790 2059.0
1394800 2059.9
1394810 2060.9
1394820 2062.4
1394830 2062.4
1394840 2063.1
1394850 2063.2
1394860 2063.2
1394870 2063.3
1394880 2064.7
1394890 2064.7
1394900 2066.0
1394910 2066.9
1394920 2066.9
1394930 2068.8
1394940 2071.1
1394950 2071.1
1394960 2074.5
1394970 2077.1
1394980 2077.1
1394990 2079.6
1395000 2081.3
1395010 2082.6
1395020 2082.6
1395030 2083.7
1395040 2085.8
1395050 2085.8
1395060 2086.6
1395070 2085.9
1395080 2085.9
1395090 2088.2
1395100 2090.4
1395110 2090.4
1395120 2083.3
1395130 2075.6
1395140 2075.6
1395150 2077.2
1395160 2082.4
1395170 2082.4
1395180 2087.9
1395190 2091.6
1395200 2095.1
1395210 2095.1
1395220 2096.8
1395230 2096.1
1395240 2096.1
1395250 2095.2
1395260 2094.8
1395270 2094.8
1395280 2095.2
1395290 2094.8
1395300 2094.8
1395310 2094.4
1395320 2092.6
1395330 2092.6
1395340 2091.1
1395350 2090.4
1395360 2090.4
1395370 2089.4
1395380 2088.3
1395390 2087.3
1395400 2087.3
1395410 2085.9
1395420 2084.8
1395430 2084.8
1395440 2083.7
1395450 2083.9
1395460 2083.9
1395470 2083.9
1395480 2082.8
1395490 2082.8
1395500 2080.9
1395510 2078.2
1395520 2078.2
1395530 2076.0
1395540 2074.4
1395550 2074.4
1395560 2071.8
1395570 2069.6
1395580 2067.4
1395590 2067.4
1395600 2064.6
1395610 2060.5
1395620 2060.5
1395630 2057.9
1395640 2054.9
1395650 2054.9
1395660 2051.2
1395670 2047.1
1395680 2047.1
1395690 2043.5
1395700 2039.6
1395710 2039.6
1395720 2035.8
1395730 2032.7
1395740 2032.7
1395750 2029.5
1395760 2025.0
1395770 2019.7
1395780 2019.7
1395790 2015.2
1395800 2010.7
1395810 2010.7
1395820 2006.3
1395830 2002.3
1395840 2002.3
1395850 1997.4
1395860 1992.2
1395870 1992.2
1395880 1987.6
1395890 1983.3
1395900 1983.3
1395910 1977.9
1395920 1970.5
1395930 1970.5
1395940 1964.1
1395950 1957.7
1395960 1957.7
1395970 1950.0
1395980 1942.2
1395990 1934.9
1396000 1934.9
1396010 1927.2
1396020 1919.4
1396030 1919.4
1396040 1911.3
1396050 1903.3
1396060 1903.3
1396070 1900.7
1396080 1894.6
1396090 1894.6
1396100 1888.4
1396110 1882.7
1396120 1882.7
1396130 1878.1
1396140 1873.1
1396150 1873.1
1396160 1867.2
1396170 1861.2
1396180 1856.1
1396190 1856.1
1396200 1849.2
1396210 1841.7
1396220 1841.7
1396230 1832.9
1396240 1823.9
1396250 1823.9
1396260 1815.7
1396270 1809.6
1396280 1809.6
1396290 1803.2
1396300 1796.4
1396310 1796.4
1396320 1789.3
1396330 1781.2
1396340 1781.2
1396350 1772.9
1396360 1765.8
1396370 1758.0
1396380 1758.0
1396390 1750.5
1396400 1741.9
1396410 1741.9
1396420 1732.8
1396430 1724.2
1396440 1724.2
1396450 1717.1
1396460 1710.6
1396470 1710.6
1396480 1703.4
1396490 1697.4
1396500 1697.4
1396510 1691.6
1396520 1685.5
1396530 1685.5
1396540 1679.3
1396550 1672.3
1396560 1664.7
1396570 1664.7
1396580 1657.2
1396590 1650.1
1396600 1650.1
1396610 1644.1
1396620 1638.7
1396630 1638.7
1396640 1632.2
1396650 1624.3
1396660 1624.3
1396670 1616.6
1396680 1609.1
1396690 1609.1
1396700 1601.9
1396710 1595.1
1396720 1595.1
1396730 1588.4
1396740 1582.1
1396750 1576.3
1396760 1576.3
1396770 1570.8
1396780 1565.5
1396790 1565.5
1396800 1560.4
1396810 1555.3
1396820 1555.3
1396830 1550.3
1396840 1544.1
1396850 1544.1
1396860 1538.3
1396870 1532.0
1396880 1532.0
1396890 1524.5
1396900 1516.8
1396910 1516.8
1396920 1510.0
1396930 1503.5
1396940 1497.2
1396950 1497.2
1396960 1490.8
1396970 1484.2
1396980 1484.2
1396990 1477.8
1397000 1471.7
1397010 1471.7
1397020 1466.1
1397030 1460.9
1397040 1460.9
1397050 1455.7
1397060 1450.7
1397070 1450.7
1397080 1445.5
1397090 1438.3
1397100 1438.3
1397110 1429.7
1397120 1419.8
1397130 1411.8
1397140 1411.8
1397150 1411.3
1397160 1415.1
1397170 1415.1
1397180 1419.2
1397190 1424.2
1397200 1424.2
1397210 1430.4
1397220 1437.2
1397230 1437.2
1397240 1442.7
1397250 1446.8
1397260 1446.8
1397270 1450.9
1397280 1455.0
1397290 1455.0
1397300 1459.2
1397310 1463.7
1397320 1468.6
1397330 1468.6
1397340 1473.2
1397350 1478.6
1397360 1478.6
1397370 1484.8
1397380 1491.5
1397390 1491.5
1397400 1498.8
1397410 1506.5
1397420 1506.5
1397430 1514.4
1397440 1521.0
1397450 1521.0
1397460 1529.0
1397470 1538.1
1397480 1538.1
1397490 1547.4
1397500 1557.6
1397510 1570.5
1397520 1570.5
1397530 1579.8
1397540 1588.6
1397550 1588.6
1397560 1597.0
1397570 1605.4
1397580 1605.4
1397590 1613.4
1397600 1621.3
1397610 1621.3
1397620 1628.7
1397630 1635.8
1397640 1635.8
1397650 1642.2
1397660 1648.6
1397670 1648.6
1397680 1655.1
1397690 1661.8
1397700 1669.0
1397710 1669.0
1397720 1676.1
1397730 1682.8
1397740 1682.8
1397750 1689.0
1397760 1695.3
1397770 1695.3
1397780 1701.2
1397790 1706.8
1397800 1706.8
1397810 1712.7
1397820 1719.1
1397830 1719.1
1397840 1725.2
1397850 1731.2
1397860 1731.2
1397870 1737.3
1397880 1743.8
1397890 1750.3
1397900 1750.3
1397910 1754.8
1397920 1760.3
1397930 1760.3
1397940 1766.8
1397950 1772.6
1397960 1772.6
1397970 1778.2
1397980 1784.8
1397990 1784.8
1398000 1793.0
1398010 1801.2
1398020 1801.2
1398030 1809.4
1398040 1818.4
1398050 1818.4
1398060 1826.9
1398070 1833.9
1398080 1841.2
1398090 1841.2
1398100 1848.3
1398110 1855.1
1398120 1855.1
1398130 1862.2
1398140 1868.3
1398150 1868.3
1398160 1874.3
1398170 1880.3
1398180 1880.3
1398190 1886.5
1398200 1893.2
1398210 1893.2
1398220 1900.5
1398230 1907.3
1398240 1907.3
1398250 1913.1
1398260 1918.7
1398270 1924.0
1398280 1924.0
1398290 1929.3
1398300 1933.7
1398310 1933.7
1398320 1938.0
1398330 1942.6
1398340 1942.6
1398350 1947.9
1398360 1953.0
1398370 1953.0
1398380 1957.8
1398390 1962.8
1398400 1962.8
1398410 1968.2
1398420 1974.5
1398430 1974.5
1398440 1980.7
1398450 1985.3
1398460 1988.9
1398470 1988.9
1398480 1993.3
1398490 1997.4
1398500 1997.4
1398510 2000.4
1398520 2002.5
1398530 2002.5
1398540 2004.7
1398550 2007.5
1398560 2007.5
1398570 2009.7
1398580 2012.0
1398590 2012.0
1398600 2014.0
1398610 2013.7
1398620 2013.7
1398630 2012.7
1398640 2011.8
1398650 2009.8
1398660 2009.8
1398670 2007.5
1398680 2007.2
1398690 2007.2
1398700 2008.0
1398710 2008.4
1398720 2008.4
1398730 2008.2
1398740 2010.3
1398750 2010.3
1398760 2010.2
1398770 2008.1
1398780 2008.1
1398790 2007.3
1398800 2005.6
1398810 2005.6
1398820 2004.7
1398830 2004.9
1398840 2003.6
1398850 2003.6
1398860 2002.6
1398870 2001.7
1398880 2001.7
1398890 2001.5
1398900 2000.6
1398910 2000.6
1398920 1998.8
1398930 1997.4
1398940 1997.4
1398950 1996.7
1398960 1995.8
1398970 2004.0
1398980 2002.8
1398990 2002.2
1399000 2002.2
1399010 2001.7
1399020 2001.0
1399030 1999.7
1399040 1999.7
1399050 1997.7
1399060 1996.0
1399070 1996.0
1399080 1993.1
1399090 1990.5
1399100 1990.5
1399110 1988.5
1399120 1985.9
1399130 1985.9
1399140 1986.1
1399150 1986.7
1399160 1986.7
1399170 1986.2
1399180 1988.2
1399190 1988.2
1399200 1993.4
1399210 1997.3
1399220 2000.6
1399230 2000.6
1399240 2002.3
1399250 2002.9
1399260 2002.9
1399270 2003.1
1399280 2003.9
1399290 2003.9
1399300 2006.6
1399310 2011.9
1399320 2011.9
1399330 2018.2
1399340 2023.0
1399350 2023.0
1399360 2025.7
1399370 2026.7
1399380 2026.7
1399390 2025.5
1399400 2022.1
1399410 2021.3
1399420 2021.3
1399430 2022.9
1399440 2024.4
1399450 2024.4
1399460 2026.4
1399470 2027.4
1399480 2027.4
1399490 2027.0
1399500 2024.7
1399510 2024.7
1399520 2022.7
1399530 2018.5
1399540 2018.5
1399550 2014.1
1399560 2012.4
1399570 2012.4
1399580 2013.7
1399590 2014.6
1399600 2018.1
1399610 2018.1
1399620 2018.8
1399630 2017.1
1399640 2017.1
1399650 2017.8
1399660 2019.0
1399670 2019.0
1399680 2012.5
1399690 2005.7
1399700 2005.7
1399710 2003.8
1399720 2003.6
1399730 2003.6
1399740 2004.5
1399750 2006.9
1399760 2006.9
1399770 2010.5
1399780 2015.9
1399790 2017.9
1399800 2017.9
1399810 2015.8
1399820 2015.0
1399830 2015.0
1399840 2016.4
1399850 2018.5
1399860 2018.5
1399870 2020.3
1399880 2022.4
1399890 2022.4
1399900 2023.5
1399910 2024.0
1399920 2024.0
1399930 2025.1
1399940 2026.3
1399950 2026.3
1399960 2025.3
1399970 2025.9
1399980 2024.9
1399990 2024.9
