1380000 1276.9
1380010 1276.9
1380020 1276.6
1380030 1276.4
1380040 1276.4
1380050 1276.2
1380060 1276.2
1380070 1276.2
1380080 1276.1
1380090 1276.0
1380100 1276.0
1380110 1276.0
1380120 1275.7
1380130 1275.6
1380140 1275.6
1380150 1275.6
1380160 1275.3
1380170 1275.3
1380180 1275.1
1380190 1275.8
1380200 1275.8
1380210 1275.4
1380220 1275.6
1380230 1275.6
1380240 1275.7
1380250 1275.8
1380260 1275.8
1380270 1276.1
1380280 1276.2
1380290 1276.1
1380300 1276.1
1380310 1275.7
1380320 1275.1
1380330 1275.1
1380340 1274.4
1380350 1273.9
1380360 1273.9
1380370 1273.7
1380380 1273.6
1380390 1273.6
1380400 1273.5
1380410 1273.3
1380420 1273.3
1380430 1273.1
1380440 1272.9
1380450 1272.9
1380460 1272.9
1380470 1272.6
1380480 1272.0
1380490 1272.0
1380500 1271.3
1380510 1270.5
1380520 1270.5
1380530 1269.9
1380540 1269.7
1380550 1269.7
1380560 1269.5
1380570 1269.3
1380580 1269.3
1380590 1269.4
1380600 1269.6
1380610 1269.6
1380620 1269.5
1380630 1269.4
1380640 1269.4
1380650 1269.3
1380660 1269.1
1380670 1269.0
1380680 1269.0
1380690 1268.8
1380700 1268.8
1380710 1268.8
1380720 1268.7
1380730 1268.5
1380740 1268.5
1380750 1268.6
1380760 1268.4
1380770 1268.4
1380780 1268.0
1380790 1267.7
1380800 1267.7
1380810 1267.8
1380820 1268.9
1380830 1268.9
1380840 1270.1
1380850 1270.7
1380860 1270.7
1380870 1270.7
1380880 1270.8
1380890 1271.7
1380900 1271.7
1380910 1272.1
1380920 1272.3
1380930 1272.3
1380940 1272.9
1380950 1272.7
1380960 1272.7
1380970 1272.5
1380980 1272.5
1380990 1272.5
1381000 1272.6
1381010 1272.3
1381020 1272.3
1381030 1271.7
1381040 1271.0
1381050 1270.2
1381060 1270.2
1381070 1269.6
1381080 1268.9
1381090 1268.9
1381100 1268.4
1381110 1268.3
1381120 1268.3
1381130 1268.6
1381140 1268.4
1381150 1268.4
1381160 1268.0
1381170 1267.6
1381180 1267.6
1381190 1267.5
1381200 1267.3
1381210 1267.3
1381220 1267.0
1381230 1266.6
1381240 1266.3
1381250 1266.3
1381260 1266.4
1381270 1266.3
1381280 1266.3
1381290 1265.8
1381300 1265.2
1381310 1265.2
1381320 1265.1
1381330 1265.1
1381340 1265.1
1381350 1265.0
1381360 1264.5
1381370 1264.5
1381380 1263.5
1381390 1262.6
1381400 1262.6
1381410 1262.1
1381420 1261.8
1381430 1261.7
1381440 1261.7
1381450 1261.9
1381460 1262.5
1381470 1262.5
1381480 1263.0
1381490 1263.2
1381500 1263.2
1381510 1263.3
1381520 1263.1
1381530 1263.1
1381540 1262.7
1381550 1262.3
1381560 1262.3
1381570 1262.0
1381580 1262.5
1381590 1262.5
1381600 1263.1
1381610 1263.8
1381620 1264.4
1381630 1264.4
1381640 1264.7
1381650 1265.0
1381660 1265.0
1381670 1265.4
1381680 1266.1
1381690 1266.1
1381700 1266.9
1381710 1268.0
1381720 1268.0
1381730 1268.9
1381740 1269.9
1381750 1269.9
1381760 1271.0
1381770 1272.6
1381780 1272.6
1381790 1274.8
1381800 1274.9
1381810 1275.9
1381820 1275.9
1381830 1276.8
1381840 1277.8
1381850 1277.8
1381860 1278.9
1381870 1280.1
1381880 1280.1
1381890 1281.1
1381900 1282.0
1381910 1282.0
1381920 1283.3
1381930 1284.9
1381940 1284.9
1381950 1287.6
1381960 1288.8
1381970 1288.8
1381980 1290.0
1381990 1291.2
1382000 1291.2
1382010 1292.1
1382020 1292.7
1382030 1293.6
1382040 1293.6
1382050 1295.1
1382060 1296.9
1382070 1296.9
1382080 1298.1
1382090 1299.9
1382100 1299.9
1382110 1302.0
1382120 1304.3
1382130 1304.3
1382140 1306.5
1382150 1307.8
1382160 1307.8
1382170 1308.2
1382180 1309.7
1382190 1309.7
1382200 1310.6
1382210 1311.5
1382220 1311.5
1382230 1311.5
1382240 1313.3
1382250 1315.5
1382260 1315.5
1382270 1316.4
1382280 1317.1
1382290 1317.1
1382300 1319.7
1382310 1321.4
1382320 1321.4
1382330 1322.5
1382340 1322.9
1382350 1322.9
1382360 1324.0
1382370 1324.6
1382380 1324.6
1382390 1325.0
1382400 1325.0
1382410 1324.8
1382420 1324.8
1382430 1323.8
1382440 1320.9
1382450 1320.9
1382460 1320.0
1382470 1319.8
1382480 1319.8
1382490 1318.8
1382500 1317.3
1382510 1317.3
1382520 1315.6
1382530 1314.1
1382540 1314.1
1382550 1315.1
1382560 1317.2
1382570 1317.2
1382580 1318.6
1382590 1320.0
1382600 1318.5
1382610 1318.5
1382620 1317.7
1382630 1319.8
1382640 1319.8
1382650 1321.6
1382660 1323.7
1382670 1323.7
1382680 1324.4
1382690 1323.4
1382700 1323.4
1382710 1321.6
1382720 1320.2
1382730 1320.2
1382740 1319.8
1382750 1318.3
1382760 1318.3
1382770 1316.2
1382780 1315.2
1382790 1313.2
1382800 1313.2
1382810 1311.9
1382820 1310.7
1382830 1310.7
1382840 1310.3
1382850 1309.6
1382860 1309.6
1382870 1308.7
1382880 1308.4
1382890 1308.4
1382900 1307.0
1382910 1304.3
1382920 1304.3
1382930 1302.5
1382940 1299.8
1382950 1299.8
1382960 1297.4
1382970 1294.0
1382980 1290.5
1382990 1290.5
1383000 1289.0
1383010 1288.8
1383020 1288.8
1383030 1289.8
1383040 1290.8
1383050 1290.8
1383060 1292.2
1383070 1294.1
1383080 1294.1
1383090 1296.7
1383100 1299.1
1383110 1299.1
1383120 1300.2
1383130 1301.1
1383140 1301.1
1383150 1302.1
1383160 1303.5
1383170 1304.5
1383180 1304.5
1383190 1307.7
1383200 1309.9
1383210 1309.9
1383220 1314.5
1383230 1315.6
1383240 1315.6
1383250 1314.5
1383260 1312.2
1383270 1312.2
1383280 1310.7
1383290 1309.2
1383300 1309.2
1383310 1306.6
1383320 1306.1
1383330 1306.1
1383340 1306.7
1383350 1310.0
1383360 1313.1
1383370 1313.1
1383380 1315.3
1383390 1317.2
1383400 1317.2
1383410 1321.0
1383420 1325.5
1383430 1325.5
1383440 1330.9
1383450 1335.9
1383460 1335.9
1383470 1340.8
1383480 1345.7
1383490 1345.7
1383500 1347.8
1383510 1349.5
1383520 1349.5
1383530 1351.9
1383540 1360.6
1383550 1371.3
1383560 1371.3
1383570 1376.1
1383580 1373.6
1383590 1373.6
1383600 1370.8
1383610 1371.7
1383620 1371.7
1383630 1371.7
1383640 1361.6
1383650 1361.6
1383660 1348.7
1383670 1339.1
1383680 1339.1
1383690 1339.7
1383700 1342.8
1383710 1342.8
1383720 1343.6
1383730 1343.4
1383740 1343.2
1383750 1343.2
1383760 1343.3
1383770 1345.1
1383780 1345.1
1383790 1345.3
1383800 1344.5
1383810 1344.5
1383820 1343.3
1383830 1345.1
1383840 1345.1
1383850 1349.8
1383860 1349.8
1383870 1349.8
1383880 1352.0
1383890 1354.8
1383900 1354.8
1383910 1356.3
1383920 1358.4
1383930 1360.4
1383940 1360.4
1383950 1362.3
1383960 1363.5
1383970 1363.5
1383980 1364.6
1383990 1364.4
1384000 1364.4
1384010 1365.2
1384020 1366.4
1384030 1366.4
1384040 1367.7
1384050 1369.7
1384060 1369.7
1384070 1368.7
1384080 1365.2
1384090 1365.2
1384100 1368.9
1384110 1373.2
1384120 1376.1
1384130 1376.1
1384140 1378.1
1384150 1381.1
1384160 1381.1
1384170 1382.5
1384180 1385.6
1384190 1385.6
1384200 1391.4
1384210 1393.2
1384220 1393.2
1384230 1393.3
1384240 1394.8
1384250 1394.8
1384260 1398.8
1384270 1404.4
1384280 1404.4
1384290 1407.2
1384300 1413.8
1384310 1420.1
1384320 1420.1
1384330 1424.8
1384340 1431.3
1384350 1431.3
1384360 1440.3
1384370 1447.5
1384380 1447.5
1384390 1452.4
1384400 1454.9
1384410 1454.9
1384420 1459.1
1384430 1465.4
1384440 1465.4
1384450 1478.1
1384460 1481.5
1384470 1481.5
1384480 1485.6
1384490 1490.4
1384500 1493.0
1384510 1493.0
1384520 1492.7
1384530 1498.4
1384540 1498.4
1384550 1507.7
1384560 1511.4
1384570 1511.4
1384580 1514.9
1384590 1518.8
1384600 1518.8
1384610 1523.3
1384620 1529.3
1384630 1529.3
1384640 1531.1
1384650 1532.0
1384660 1532.0
1384670 1529.3
1384680 1524.8
1384690 1516.2
1384700 1516.2
1384710 1531.5
1384720 1542.7
1384730 1542.7
1384740 1550.6
1384750 1557.8
1384760 1557.8
1384770 1563.8
1384780 1568.5
1384790 1568.5
1384800 1572.6
1384810 1576.4
1384820 1576.4
1384830 1580.9
1384840 1585.3
1384850 1585.3
1384860 1589.8
1384870 1595.0
1384880 1599.8
1384890 1599.8
1384900 1603.7
1384910 1606.8
1384920 1606.8
1384930 1609.0
1384940 1611.6
1384950 1611.6
1384960 1615.3
1384970 1619.6
1384980 1619.6
1384990 1624.9
1385000 1629.3
1385010 1629.3
1385020 1632.8
1385030 1636.1
1385040 1636.1
1385050 1638.8
1385060 1642.2
1385070 1642.2
1385080 1646.3
1385090 1651.2
1385100 1656.8
1385110 1656.8
1385120 1661.6
1385130 1664.5
1385140 1664.5
1385150 1665.1
1385160 1667.0
1385170 1667.0
1385180 1671.0
1385190 1675.1
1385200 1675.1
1385210 1678.8
1385220 1683.3
1385230 1683.3
1385240 1687.9
1385250 1691.9
1385260 1691.9
1385270 1695.1
1385280 1695.3
1385290 1692.4
1385300 1692.4
1385310 1690.7
1385320 1690.5
1385330 1690.5
1385340 1694.0
1385350 1698.2
1385360 1698.2
1385370 1699.8
1385380 1701.6
1385390 1701.6
1385400 1704.4
1385410 1706.1
1385420 1706.1
1385430 1706.8
1385440 1707.7
1385450 1707.7
1385460 1706.5
1385470 1707.2
1385480 1705.9
1385490 1705.9
1385500 1707.3
1385510 1713.4
1385520 1713.4
1385530 1718.3
1385540 1720.2
1385550 1720.2
1385560 1722.2
1385570 1725.5
1385580 1725.5
1385590 1731.9
1385600 1735.1
1385610 1735.1
1385620 1739.4
1385630 1744.1
1385640 1744.1
1385650 1746.5
1385660 1750.4
1385670 1755.7
1385680 1755.7
1385690 1761.4
1385700 1767.4
1385710 1767.4
1385720 1777.5
1385730 1784.2
1385740 1784.2
1385750 1793.2
1385760 1804.5
1385770 1804.5
1385780 1819.1
1385790 1828.5
1385800 1828.5
1385810 1840.4
1385820 1852.9
1385830 1852.9
1385840 1861.8
1385850 1869.8
1385860 1876.3
1385870 1876.3
1385880 1880.9
1385890 1885.0
1385900 1885.0
1385910 1888.0
1385920 1890.1
1385930 1890.1
1385940 1891.7
1385950 1893.1
1385960 1893.1
1385970 1894.5
1385980 1895.8
1385990 1895.8
1386000 1896.6
1386010 1896.6
1386020 1896.6
1386030 1895.9
1386040 1895.1
1386050 1894.3
1386060 1894.3
1386070 1893.7
1386080 1892.6
1386090 1892.6
1386100 1891.2
1386110 1889.8
1386120 1889.8
1386130 1888.8
1386140 1888.4
1386150 1888.4
1386160 1889.3
1386170 1890.5
1386180 1890.5
1386190 1890.7
1386200 1890.2
1386210 1890.2
1386220 1889.5
1386230 1888.2
1386240 1887.5
1386250 1887.5
1386260 1886.5
1386270 1885.7
1386280 1885.7
1386290 1885.5
1386300 1885.8
1386310 1885.8
1386320 1885.8
1386330 1885.2
1386340 1885.2
1386350 1884.8
1386360 1884.7
1386370 1884.7
1386380 1883.8
1386390 1882.3
1386400 1882.3
1386410 1880.3
1386420 1878.4
1386430 1876.9
1386440 1876.9
1386450 1876.1
1386460 1876.5
1386470 1876.5
1386480 1875.5
1386490 1873.7
1386500 1873.7
1386510 1871.0
1386520 1869.6
1386530 1869.6
1386540 1869.4
1386550 1868.7
1386560 1868.7
1386570 1867.6
1386580 1866.9
1386590 1866.9
1386600 1866.3
1386610 1864.7
1386620 1863.3
1386630 1863.3
1386640 1861.9
1386650 1860.4
1386660 1860.4
1386670 1858.9
1386680 1856.9
1386690 1856.9
1386700 1854.7
1386710 1852.3
1386720 1852.3
1386730 1849.5
1386740 1845.9
1386750 1845.9
1386760 1840.0
1386770 1833.8
1386780 1833.8
1386790 1830.0
1386800 1826.7
1386810 1822.3
1386820 1822.3
1386830 1819.4
1386840 1817.1
1386850 1817.1
1386860 1815.7
1386870 1815.2
1386880 1815.2
1386890 1814.2
1386900 1813.2
1386910 1813.2
1386920 1812.7
1386930 1811.7
1386940 1811.7
1386950 1810.6
1386960 1808.8
1386970 1808.8
1386980 1807.2
1386990 1804.2
1387000 1802.0
1387010 1806.9
1387020 1803.7
1387030 1799.2
1387040 1799.2
1387050 1796.2
1387060 1793.7
1387070 1793.7
1387080 1790.5
1387090 1786.7
1387100 1786.7
1387110 1783.6
1387120 1781.0
1387130 1781.0
1387140 1779.1
1387150 1777.4
1387160 1777.4
1387170 1776.3
1387180 1775.2
1387190 1774.2
1387200 1774.2
1387210 1773.0
1387220 1771.5
1387230 1771.5
1387240 1770.0
1387250 1768.6
1387260 1768.6
1387270 1767.1
1387280 1765.5
1387290 1765.5
1387300 1764.2
1387310 1763.3
1387320 1763.3
1387330 1762.6
1387340 1761.8
1387350 1761.8
1387360 1760.5
1387370 1759.5
1387380 1759.0
1387390 1759.0
1387400 1758.6
1387410 1758.5
1387420 1758.5
1387430 1758.6
1387440 1759.3
1387450 1759.3
1387460 1760.6
1387470 1761.2
1387480 1761.2
1387490 1760.7
1387500 1759.5
1387510 1759.5
1387520 1757.7
1387530 1754.7
1387540 1754.7
1387550 1749.5
1387560 1745.0
1387570 1740.9
1387580 1740.9
1387590 1738.1
1387600 1735.5
1387610 1735.5
1387620 1731.1
1387630 1724.9
1387640 1724.9
1387650 1718.7
1387660 1714.2
1387670 1714.2
1387680 1710.8
1387690 1708.7
1387700 1708.7
1387710 1707.2
1387720 1705.8
1387730 1705.8
1387740 1703.1
1387750 1694.7
1387760 1682.8
1387770 1682.8
1387780 1675.9
1387790 1669.2
1387800 1669.2
1387810 1656.5
1387820 1646.7
1387830 1646.7
1387840 1638.5
1387850 1629.8
1387860 1629.8
1387870 1619.9
1387880 1609.9
1387890 1609.9
1387900 1598.1
1387910 1586.8
1387920 1586.8
1387930 1576.6
1387940 1565.4
1387950 1565.4
1387960 1555.1
1387970 1545.9
1387980 1537.3
1387990 1537.3
1388000 1528.3
1388010 1519.8
1388020 1519.8
1388030 1511.1
1388040 1503.2
1388050 1503.2
1388060 1493.2
1388070 1484.3
1388080 1484.3
1388090 1477.2
1388100 1469.8
1388110 1469.8
1388120 1465.6
1388130 1464.5
1388140 1464.5
1388150 1469.2
1388160 1482.3
1388170 1496.9
1388180 1496.9
1388190 1515.1
1388200 1532.3
1388210 1532.3
1388220 1531.9
1388230 1526.6
1388240 1526.6
1388250 1522.5
1388260 1516.3
1388270 1516.3
1388280 1509.3
1388290 1505.6
1388300 1505.6
1388310 1503.7
1388320 1505.3
1388330 1505.3
1388340 1499.6
1388350 1494.7
1388360 1491.4
1388370 1491.4
1388380 1488.6
1388390 1485.6
1388400 1485.6
1388410 1481.4
1388420 1475.5
1388430 1475.5
1388440 1469.1
1388450 1463.2
1388460 1463.2
1388470 1459.8
1388480 1454.6
1388490 1454.6
1388500 1448.3
1388510 1442.1
1388520 1442.1
1388530 1437.9
1388540 1435.3
1388550 1432.5
1388560 1432.5
1388570 1429.4
1388580 1424.8
1388590 1424.8
1388600 1418.1
1388610 1409.3
1388620 1409.3
1388630 1403.0
1388640 1400.4
1388650 1400.4
1388660 1393.9
1388670 1384.9
1388680 1384.9
1388690 1378.3
1388700 1372.2
1388710 1372.2
1388720 1364.7
1388730 1364.9
1388740 1368.8
1388750 1368.8
1388760 1372.9
1388770 1376.5
1388780 1376.5
1388790 1377.7
1388800 1380.9
1388810 1380.9
1388820 1384.1
1388830 1383.6
1388840 1383.6
1388850 1382.0
1388860 1379.5
1388870 1379.5
1388880 1376.9
1388890 1371.5
1388900 1371.5
1388910 1363.9
1388920 1353.7
1388930 1343.6
1388940 1343.6
1388950 1331.0
1388960 1321.0
1388970 1321.0
1388980 1315.6
1388990 1314.9
1389000 1314.9
1389010 1318.3
1389020 1324.9
1389030 1324.9
1389040 1327.7
1389050 1332.1
1389060 1332.1
1389070 1335.6
1389080 1336.2
1389090 1336.2
1389100 1335.9
1389110 1333.3
1389120 1330.1
1389130 1330.1
1389140 1325.0
1389150 1317.8
1389160 1317.8
1389170 1311.2
1389180 1305.5
1389190 1305.5
1389200 1300.1
1389210 1296.5
1389220 1296.5
1389230 1292.8
1389240 1288.2
1389250 1288.2
1389260 1285.7
1389270 1283.3
1389280 1283.3
1389290 1282.7
1389300 1280.3
1389310 1276.9
1389320 1276.9
1389330 1271.7
1389340 1266.9
1389350 1266.9
1389360 1258.9
1389370 1252.8
1389380 1252.8
1389390 1251.3
1389400 1254.5
1389410 1254.5
1389420 1261.1
1389430 1264.8
1389440 1264.8
1389450 1263.5
1389460 1262.1
1389470 1262.1
1389480 1261.0
1389490 1259.9
1389500 1259.0
1389510 1259.0
1389520 1258.2
1389530 1257.0
1389540 1257.0
1389550 1255.4
1389560 1253.5
1389570 1253.5
1389580 1251.1
1389590 1247.8
1389600 1247.8
1389610 1242.7
1389620 1237.1
1389630 1237.1
1389640 1239.2
1389650 1235.0
1389660 1235.0
1389670 1231.1
1389680 1227.5
1389690 1224.2
1389700 1224.2
1389710 1221.8
1389720 1219.1
1389730 1219.1
1389740 1215.5
1389750 1211.9
1389760 1211.9
1389770 1211.4
1389780 1211.8
1389790 1211.8
1389800 1212.7
1389810 1212.4
1389820 1212.4
1389830 1208.9
1389840 1208.4
1389850 1208.4
1389860 1207.5
1389870 1204.9
1389880 1202.1
1389890 1202.1
1389900 1198.9
1389910 1195.1
1389920 1195.1
1389930 1191.4
1389940 1187.7
1389950 1187.7
1389960 1184.3
1389970 1180.5
1389980 1180.5
1389990 1178.1
1390000 1176.0
1390010 1176.0
1390020 1174.5
1390030 1173.2
1390040 1173.2
1390050 1172.0
1390060 1169.3
1390070 1165.4
1390080 1165.4
1390090 1161.3
1390100 1157.8
1390110 1157.8
1390120 1153.4
1390130 1149.1
1390140 1149.1
1390150 1147.4
1390160 1146.9
1390170 1146.9
1390180 1145.6
1390190 1143.0
1390200 1143.0
1390210 1139.3
1390220 1135.3
1390230 1135.3
1390240 1131.0
1390250 1126.8
1390260 1123.2
1390270 1123.2
1390280 1120.0
1390290 1118.4
1390300 1118.4
1390310 1118.0
1390320 1117.9
1390330 1117.9
1390340 1117.8
1390350 1117.5
1390360 1117.5
1390370 1117.4
1390380 1117.3
1390390 1117.3
1390400 1117.2
1390410 1117.1
1390420 1117.1
1390430 1117.0
1390440 1116.9
1390450 1116.9
1390460 1116.9
1390470 1116.8
1390480 1116.8
1390490 1116.8
1390500 1116.7
1390510 1116.9
1390520 1116.9
1390530 1117.3
1390540 1118.6
1390550 1118.6
1390560 1120.7
1390570 1121.9
1390580 1121.9
1390590 1122.0
1390600 1122.3
1390610 1122.3
1390620 1121.7
1390630 1120.7
1390640 1119.5
1390650 1119.5
1390660 1118.8
1390670 1118.2
1390680 1118.2
1390690 1117.7
1390700 1117.8
1390710 1117.8
1390720 1118.1
1390730 1118.2
1390740 1118.2
1390750 1118.0
1390760 1116.8
1390770 1116.8
1390780 1116.7
1390790 1117.2
1390800 1117.2
1390810 1116.1
1390820 1114.7
1390830 1114.8
1390840 1114.8
1390850 1115.2
1390860 1115.2
1390870 1115.2
1390880 1115.3
1390890 1115.2
1390900 1115.2
1390910 1115.0
1390920 1114.6
1390930 1114.6
1390940 1114.4
1390950 1114.4
1390960 1114.4
1390970 1113.8
1390980 1111.3
1390990 1111.3
1391000 1111.0
1391010 1110.7
1391020 1110.7
1391030 1111.0
1391040 1112.1
1391050 1113.0
1391060 1113.0
1391070 1113.3
1391080 1113.3
1391090 1113.3
1391100 1114.7
1391110 1116.9
1391120 1116.9
1391130 1119.3
1391140 1120.6
1391150 1120.6
1391160 1121.0
1391170 1120.2
1391180 1120.2
1391190 1119.1
1391200 1122.2
1391210 1122.2
1391220 1126.2
1391230 1129.3
1391240 1132.5
1391250 1132.5
1391260 1136.3
1391270 1139.7
1391280 1139.7
1391290 1143.2
1391300 1147.4
1391310 1147.4
1391320 1152.2
1391330 1153.4
1391340 1153.4
1391350 1153.1
1391360 1154.0
1391370 1154.0
1391380 1156.6
1391390 1160.1
1391400 1160.1
1391410 1162.4
1391420 1162.7
1391430 1163.5
1391440 1163.5
1391450 1168.1
1391460 1171.3
1391470 1171.3
1391480 1172.0
1391490 1172.1
1391500 1172.1
1391510 1172.0
1391520 1170.7
1391530 1170.7
1391540 1170.6
1391550 1173.6
1391560 1173.6
1391570 1177.7
1391580 1182.0
1391590 1182.0
1391600 1186.0
1391610 1189.0
1391620 1191.2
1391630 1191.2
1391640 1192.4
1391650 1192.6
1391660 1192.6
1391670 1192.4
1391680 1192.1
1391690 1192.1
1391700 1191.3
1391710 1189.9
1391720 1189.9
1391730 1188.6
1391740 1187.4
1391750 1187.4
1391760 1185.8
1391770 1183.2
1391780 1183.2
1391790 1182.7
1391800 1185.8
1391810 1186.4
1391820 1186.4
1391830 1188.1
1391840 1188.1
1391850 1188.1
1391860 1186.3
1391870 1185.5
1391880 1185.5
1391890 1183.8
1391900 1181.6
1391910 1181.6
1391920 1179.6
1391930 1177.7
1391940 1177.7
1391950 1175.4
1391960 1173.2
1391970 1173.2
1391980 1171.8
1391990 1170.6
1392000 1167.7
1392010 1167.7
1392020 1165.1
1392030 1162.5
1392040 1162.5
1392050 1159.7
1392060 1157.6
1392070 1157.6
1392080 1156.3
1392090 1157.9
1392100 1157.9
1392110 1161.2
1392120 1163.8
1392130 1163.8
1392140 1166.2
1392150 1168.2
1392160 1168.2
1392170 1170.0
1392180 1171.5
1392190 1172.0
1392200 1172.0
1392210 1172.4
1392220 1173.2
1392230 1173.2
1392240 1173.3
1392250 1174.4
1392260 1174.4
1392270 1175.2
1392280 1174.3
1392290 1174.3
1392300 1173.7
1392310 1173.3
1392320 1173.3
1392330 1172.0
1392340 1170.4
1392350 1178.5
1392360 1175.5
1392370 1176.4
1392380 1175.8
1392390 1175.8
1392400 1174.7
1392410 1172.9
1392420 1172.9
1392430 1171.2
1392440 1169.7
1392450 1169.7
1392460 1168.6
1392470 1167.0
1392480 1167.0
1392490 1165.2
1392500 1162.1
1392510 1162.1
1392520 1158.4
1392530 1154.1
1392540 1154.1
1392550 1149.3
1392560 1143.9
1392570 1139.5
1392580 1139.5
1392590 1138.1
1392600 1137.2
1392610 1137.2
1392620 1135.9
1392630 1134.7
1392640 1134.7
1392650 1132.4
1392660 1129.1
1392670 1129.1
1392680 1125.4
1392690 1121.7
1392700 1121.7
1392710 1117.7
1392720 1115.0
1392730 1115.0
1392740 1111.5
1392750 1107.6
1392760 1103.1
1392770 1103.1
1392780 1099.6
1392790 1098.8
1392800 1098.8
1392810 1098.5
1392820 1098.0
1392830 1098.0
1392840 1097.6
1392850 1097.5
1392860 1097.5
1392870 1097.5
1392880 1097.3
1392890 1097.3
1392900 1097.7
1392910 1098.4
1392920 1098.4
1392930 1099.3
1392940 1099.6
1392950 1099.5
1392960 1099.5
1392970 1100.1
1392980 1099.9
1392990 1099.9
1393000 1101.5
1393010 1103.7
1393020 1103.7
1393030 1104.5
1393040 1105.8
1393050 1105.8
1393060 1108.4
1393070 1110.4
1393080 1110.4
1393090 1111.9
1393100 1114.3
1393110 1114.3
1393120 1115.9
1393130 1118.2
1393140 1120.1
1393150 1120.1
1393160 1121.6
1393170 1124.2
1393180 1124.2
1393190 1127.2
1393200 1128.8
1393210 1128.8
1393220 1130.7
1393230 1132.2
1393240 1132.2
1393250 1131.7
1393260 1131.2
1393270 1131.2
1393280 1130.9
1393290 1133.8
1393300 1133.8
1393310 1139.6
1393320 1144.9
1393330 1149.8
1393340 1149.8
1393350 1153.6
1393360 1157.2
1393370 1157.2
1393380 1159.4
1393390 1161.8
1393400 1161.8
1393410 1166.9
1393420 1174.3
1393430 1174.3
1393440 1182.9
1393450 1193.6
1393460 1193.6
1393470 1202.8
1393480 1208.8
1393490 1208.8
1393500 1217.2
1393510 1224.3
1393520 1227.1
1393530 1227.1
1393540 1230.5
1393550 1233.9
1393560 1233.9
1393570 1240.0
1393580 1245.8
1393590 1245.8
1393600 1250.7
1393610 1256.8
1393620 1256.8
1393630 1263.3
1393640 1269.2
1393650 1269.2
1393660 1273.5
1393670 1277.3
1393680 1277.3
1393690 1281.2
1393700 1285.8
1393710 1290.2
1393720 1290.2
1393730 1300.3
1393740 1304.4
1393750 1304.4
1393760 1307.7
1393770 1310.2
1393780 1310.2
1393790 1312.6
1393800 1313.9
1393810 1313.9
1393820 1314.1
1393830 1315.3
1393840 1315.3
1393850 1316.5
1393860 1316.1
1393870 1316.1
1393880 1315.6
1393890 1321.6
1393900 1330.3
1393910 1330.3
1393920 1338.5
1393930 1341.3
1393940 1341.3
1393950 1341.1
1393960 1342.9
1393970 1342.9
1393980 1345.1
1393990 1349.4
1394000 1349.4
1394010 1355.0
1394020 1354.1
1394030 1354.1
1394040 1350.1
1394050 1351.2
1394060 1351.2
1394070 1354.8
1394080 1358.4
1394090 1358.4
1394100 1361.9
1394110 1365.5
1394120 1369.6
1394130 1369.6
1394140 1370.9
1394150 1372.2
1394160 1372.2
1394170 1371.4
1394180 1371.2
1394190 1371.2
1394200 1372.5
1394210 1374.9
1394220 1374.9
1394230 1376.8
1394240 1377.9
1394250 1377.9
1394260 1379.5
1394270 1382.9
1394280 1382.9
1394290 1387.6
1394300 1391.7
1394310 1393.9
1394320 1393.9
1394330 1393.8
1394340 1398.8
1394350 1398.8
1394360 1400.5
1394370 1400.3
1394380 1400.3
1394390 1399.2
1394400 1397.7
1394410 1397.7
1394420 1396.0
1394430 1395.2
1394440 1395.2
1394450 1395.0
1394460 1394.5
1394470 1394.5
1394480 1393.3
1394490 1392.2
1394500 1392.3
1394510 1392.3
1394520 1393.3
1394530 1394.5
1394540 1394.5
1394550 1394.7
1394560 1394.4
1394570 1394.4
1394580 1394.0
1394590 1393.4
1394600 1393.4
1394610 1393.4
1394620 1393.4
1394630 1393.4
1394640 1391.5
1394650 1388.6
1394660 1388.6
1394670 1385.1
1394680 1379.4
1394690 1372.9
1394700 1372.9
1394710 1366.7
1394720 1362.0
1394730 1362.0
1394740 1359.1
1394750 1354.8
1394760 1354.8
1394770 1355.7
1394780 1353.9
1394790 1353.9
1394800 1348.1
1394810 1344.4
1394820 1344.4
1394830 1342.5
1394840 1342.6
1394850 1342.6
1394860 1346.0
1394870 1356.9
1394880 1359.8
1394890 1359.8
1394900 1365.5
1394910 1369.8
1394920 1369.8
1394930 1372.4
1394940 1376.2
1394950 1376.2
1394960 1383.0
1394970 1390.0
1394980 1390.0
1394990 1397.8
1395000 1405.3
1395010 1405.3
1395020 1410.9
1395030 1413.7
1395040 1413.7
1395050 1413.8
1395060 1412.7
1395070 1412.1
1395080 1412.1
1395090 1409.3
1395100 1404.0
1395110 1404.0
1395120 1400.0
1395130 1405.5
1395140 1405.5
1395150 1403.3
1395160 1401.8
1395170 1401.8
1395180 1396.7
1395190 1392.2
1395200 1392.2
1395210 1391.6
1395220 1393.2
1395230 1393.2
1395240 1394.4
1395250 1398.6
1395260 1402.6
1395270 1402.6
1395280 1408.2
1395290 1414.2
1395300 1414.2
1395310 1417.8
1395320 1417.8
1395330 1417.8
1395340 1417.0
1395350 1416.0
1395360 1416.0
1395370 1417.4
1395380 1422.3
1395390 1422.3
1395400 1431.5
1395410 1438.2
1395420 1438.2
1395430 1438.0
1395440 1440.1
1395450 1442.9
1395460 1442.9
1395470 1443.7
1395480 1444.6
1395490 1444.6
1395500 1444.7
1395510 1443.1
1395520 1443.1
1395530 1439.7
1395540 1435.9
1395550 1435.9
1395560 1434.0
1395570 1433.7
1395580 1433.7
1395590 1434.0
1395600 1434.3
1395610 1434.3
1395620 1434.1
1395630 1434.6
1395640 1435.8
1395650 1435.8
1395660 1437.8
1395670 1440.4
1395680 1440.4
1395690 1441.9
1395700 1443.4
1395710 1443.4
1395720 1451.7
1395730 1461.6
1395740 1461.6
1395750 1466.7
1395760 1469.1
1395770 1469.1
1395780 1463.0
1395790 1456.0
1395800 1456.0
1395810 1453.7
1395820 1453.6
1395830 1459.1
1395840 1459.1
1395850 1473.1
1395860 1485.4
1395870 1485.4
1395880 1496.5
1395890 1502.4
1395900 1502.4
1395910 1507.5
1395920 1519.2
1395930 1519.2
1395940 1525.4
1395950 1520.0
1395960 1520.0
1395970 1519.3
1395980 1525.1
1395990 1525.1
1396000 1527.2
1396010 1533.9
1396020 1541.4
1396030 1541.4
1396040 1545.9
1396050 1552.2
1396060 1552.2
1396070 1556.0
1396080 1560.8
1396090 1560.8
1396100 1559.6
1396110 1553.6
1396120 1553.6
1396130 1544.8
1396140 1540.6
1396150 1540.6
1396160 1540.3
1396170 1539.7
1396180 1539.7
1396190 1539.4
1396200 1538.1
1396210 1536.5
1396220 1536.5
1396230 1534.7
1396240 1534.0
1396250 1534.0
1396260 1533.5
1396270 1531.9
1396280 1531.9
1396290 1529.7
1396300 1529.1
1396310 1529.1
1396320 1529.0
1396330 1526.1
1396340 1526.1
1396350 1521.9
1396360 1518.5
1396370 1518.5
1396380 1515.1
1396390 1512.7
1396400 1510.0
1396410 1510.0
1396420 1506.9
1396430 1503.6
1396440 1503.6
1396450 1499.1
1396460 1494.6
1396470 1494.6
1396480 1492.8
1396490 1493.3
1396500 1493.3
1396510 1491.5
1396520 1489.5
1396530 1489.5
1396540 1486.7
1396550 1486.1
1396560 1486.1
1396570 1482.5
1396580 1480.1
1396590 1478.7
1396600 1478.7
1396610 1477.0
1396620 1474.4
1396630 1474.4
1396640 1470.1
1396650 1465.4
1396660 1465.4
1396670 1460.9
1396680 1457.6
1396690 1457.6
1396700 1455.5
1396710 1452.5
1396720 1452.5
1396730 1448.5
1396740 1445.5
1396750 1445.5
1396760 1444.2
1396770 1442.2
1396780 1438.9
1396790 1438.9
1396800 1434.4
1396810 1431.9
1396820 1431.9
1396830 1429.4
1396840 1425.5
1396850 1425.5
1396860 1421.3
1396870 1417.1
1396880 1417.1
1396890 1412.8
1396900 1409.1
1396910 1409.1
1396920 1406.3
1396930 1403.8
1396940 1403.8
1396950 1401.3
1396960 1398.2
1396970 1395.7
1396980 1395.7
1396990 1393.0
1397000 1389.7
1397010 1389.7
1397020 1385.9
1397030 1382.3
1397040 1382.3
1397050 1380.2
1397060 1377.2
1397070 1377.2
1397080 1374.0
1397090 1371.6
1397100 1371.6
1397110 1368.8
1397120 1366.7
1397130 1366.7
1397140 1364.5
1397150 1362.7
1397160 1362.7
1397170 1360.9
1397180 1358.3
1397190 1355.4
1397200 1355.4
1397210 1352.6
1397220 1350.2
1397230 1350.2
1397240 1346.9
1397250 1343.3
1397260 1343.3
1397270 1336.5
1397280 1329.1
1397290 1329.1
1397300 1320.2
1397310 1308.4
1397320 1308.4
1397330 1299.6
1397340 1291.4
1397350 1291.4
1397360 1282.4
1397370 1273.1
1397380 1263.6
1397390 1263.6
1397400 1253.6
1397410 1244.1
1397420 1244.1
1397430 1227.4
1397440 1211.8
1397450 1211.8
1397460 1203.6
1397470 1197.1
1397480 1197.1
1397490 1186.5
1397500 1175.3
1397510 1175.3
1397520 1164.3
1397530 1163.3
1397540 1163.3
1397550 1175.9
1397560 1192.3
1397570 1200.8
1397580 1200.8
1397590 1210.3
1397600 1222.3
1397610 1222.3
1397620 1238.7
1397630 1255.6
1397640 1255.6
1397650 1267.8
1397660 1277.0
1397670 1277.0
1397680 1285.7
1397690 1293.3
1397700 1293.3
1397710 1301.0
1397720 1309.0
1397730 1309.0
1397740 1317.6
1397750 1326.3
1397760 1335.3
1397770 1335.3
1397780 1344.6
1397790 1353.1
1397800 1353.1
1397810 1361.0
1397820 1368.6
1397830 1368.6
1397840 1375.5
1397850 1381.0
1397860 1381.0
1397870 1385.9
1397880 1390.6
1397890 1390.6
1397900 1395.7
1397910 1400.6
1397920 1400.6
1397930 1401.7
1397940 1399.7
1397950 1397.5
1397960 1397.5
1397970 1398.0
1397980 1397.3
1397990 1397.3
1398000 1402.0
1398010 1401.6
1398020 1401.6
1398030 1400.2
1398040 1398.1
1398050 1398.1
1398060 1396.7
1398070 1395.9
1398080 1395.9
1398090 1393.6
1398100 1392.5
1398110 1392.5
1398120 1393.0
1398130 1392.6
1398140 1390.0
1398150 1390.0
1398160 1386.2
1398170 1382.3
1398180 1382.3
1398190 1378.7
1398200 1375.2
1398210 1375.2
1398220 1372.4
1398230 1369.8
1398240 1369.8
1398250 1367.2
1398260 1363.8
1398270 1363.8
1398280 1361.5
1398290 1359.1
1398300 1359.1
1398310 1356.5
1398320 1354.7
1398330 1353.3
1398340 1353.3
1398350 1352.5
1398360 1352.3
1398370 1352.3
1398380 1351.9
1398390 1351.9
1398400 1351.9
1398410 1351.2
1398420 1350.0
1398430 1350.0
1398440 1349.1
1398450 1348.6
1398460 1348.6
1398470 1347.9
1398480 1345.9
1398490 1345.9
1398500 1343.8
1398510 1343.0
1398520 1341.9
1398530 1341.9
1398540 1339.9
1398550 1336.8
1398560 1336.8
1398570 1333.8
1398580 1331.9
1398590 1331.9
1398600 1331.7
1398610 1332.4
1398620 1332.4
1398630 1332.2
1398640 1331.7
1398650 1331.7
1398660 1330.7
1398670 1329.4
1398680 1329.4
1398690 1328.8
1398700 1328.6
1398710 1327.9
1398720 1327.9
1398730 1326.3
1398740 1324.5
1398750 1324.5
1398760 1322.3
1398770 1318.9
1398780 1318.9
1398790 1317.5
1398800 1315.3
1398810 1315.3
1398820 1317.8
1398830 1320.8
1398840 1320.8
1398850 1318.7
1398860 1317.5
1398870 1317.5
1398880 1316.7
1398890 1315.7
1398900 1313.5
1398910 1313.5
1398920 1311.2
1398930 1312.4
1398940 1312.4
1398950 1312.9
1398960 1311.1
1398970 1311.1
1398980 1308.3
1398990 1305.7
1399000 1305.7
1399010 1305.9
1399020 1305.8
1399030 1305.8
1399040 1306.5
1399050 1309.2
1399060 1309.2
1399070 1308.9
1399080 1307.1
1399090 1302.8
1399100 1302.8
1399110 1303.3
1399120 1307.1
1399130 1307.1
1399140 1308.9
1399150 1309.0
1399160 1309.0
1399170 1314.3
1399180 1319.5
1399190 1319.5
1399200 1323.7
1399210 1326.3
1399220 1326.3
1399230 1326.4
1399240 1326.8
1399250 1326.8
1399260 1327.2
1399270 1326.4
1399280 1325.1
1399290 1325.1
1399300 1324.0
1399310 1321.8
1399320 1321.8
1399330 1325.1
1399340 1333.9
1399350 1333.9
1399360 1338.0
1399370 1337.9
1399380 1337.9
1399390 1337.1
1399400 1337.1
1399410 1337.1
1399420 1336.9
1399430 1332.0
1399440 1332.0
1399450 1327.2
1399460 1327.6
1399470 1337.2
1399480 1337.2
1399490 1338.6
1399500 1337.0
1399510 1337.0
1399520 1331.0
1399530 1328.1
1399540 1328.1
1399550 1327.4
1399560 1331.7
1399570 1331.7
1399580 1334.9
1399590 1331.4
1399600 1331.4
1399610 1322.6
1399620 1323.2
1399630 1323.2
1399640 1331.6
1399650 1341.1
1399660 1349.2
1399670 1349.2
1399680 1358.1
1399690 1366.2
1399700 1366.2
1399710 1373.2
1399720 1380.2
1399730 1380.2
1399740 1386.6
1399750 1390.7
1399760 1390.7
1399770 1394.7
1399780 1399.1
1399790 1399.1
1399800 1402.6
1399810 1405.8
1399820 1405.8
1399830 1408.9
1399840 1411.9
1399850 1414.8
1399860 1414.8
1399870 1417.0
1399880 1419.0
1399890 1419.0
1399900 1420.9
1399910 1423.3
1399920 1423.3
1399930 1427.2
1399940 1428.7
1399950 1428.7
1399960 1429.4
1399970 1430.4
1399980 1430.4
1399990 1432.1
