1380000 1286.6
1380010 1285.6
1380020 1284.1
1380030 1284.1
1380040 1282.4
1380050 1280.8
1380060 1280.0
1380070 1280.0
1380080 1279.6
1380090 1279.1
1380100 1279.1
1380110 1278.7
1380120 1278.3
1380130 1278.3
1380140 1278.0
1380150 1277.8
1380160 1277.8
1380170 1277.9
1380180 1278.0
1380190 1278.0
1380200 1278.1
1380210 1278.2
1380220 1278.2
1380230 1278.9
1380240 1279.6
1380250 1280.6
1380260 1280.6
1380270 1281.5
1380280 1281.4
1380290 1281.4
1380300 1281.9
1380310 1283.1
1380320 1283.1
1380330 1284.2
1380340 1285.3
1380350 1285.3
1380360 1286.4
1380370 1287.2
1380380 1287.2
1380390 1287.9
1380400 1288.9
1380410 1288.9
1380420 1290.3
1380430 1291.5
1380440 1292.3
1380450 1292.3
1380460 1293.8
1380470 1295.2
1380480 1295.2
1380490 1296.2
1380500 1297.0
1380510 1297.0
1380520 1297.7
1380530 1298.3
1380540 1298.3
1380550 1298.2
1380560 1298.8
1380570 1298.8
1380580 1298.9
1380590 1293.5
1380600 1293.5
1380610 1292.9
1380620 1299.7
1380630 1300.5
1380640 1300.5
1380650 1293.7
1380660 1287.9
1380670 1287.9
1380680 1285.7
1380690 1284.5
1380700 1284.5
1380710 1282.2
1380720 1281.5
1380730 1281.5
1380740 1281.8
1380750 1281.6
1380760 1281.6
1380770 1281.5
1380780 1282.4
1380790 1282.4
1380800 1287.1
1380810 1293.2
1380820 1293.2
1380830 1293.5
1380840 1291.3
1380850 1290.1
1380860 1290.1
1380870 1290.6
1380880 1291.0
1380890 1293.2
1380900 1291.4
1380910 1290.0
1380920 1290.0
1380930 1289.1
1380940 1289.5
1380950 1289.5
1380960 1289.4
1380970 1288.1
1380980 1288.1
1380990 1288.9
1381000 1290.1
1381010 1290.1
1381020 1291.7
1381030 1295.5
1381040 1297.5
1381050 1297.5
1381060 1298.7
1381070 1300.9
1381080 1300.9
1381090 1304.0
1381100 1307.2
1381110 1307.2
1381120 1309.8
1381130 1312.0
1381140 1312.0
1381150 1313.3
1381160 1310.8
1381170 1310.8
1381180 1308.2
1381190 1307.9
1381200 1307.9
1381210 1309.6
1381220 1313.2
1381230 1318.1
1381240 1318.1
1381250 1320.2
1381260 1321.5
1381270 1321.5
1381280 1318.5
1381290 1317.2
1381300 1317.2
1381310 1316.0
1381320 1314.8
1381330 1314.8
1381340 1314.6
1381350 1315.3
1381360 1315.3
1381370 1315.5
1381380 1315.5
1381390 1315.5
1381400 1314.7
1381410 1314.5
1381420 1314.9
1381430 1314.9
1381440 1315.1
1381450 1315.2
1381460 1315.2
1381470 1316.8
1381480 1321.2
1381490 1321.2
1381500 1326.4
1381510 1330.9
1381520 1330.9
1381530 1334.4
1381540 1337.2
1381550 1337.2
1381560 1339.4
1381570 1341.9
1381580 1341.9
1381590 1345.6
1381600 1349.2
1381610 1351.2
1381620 1351.2
1381630 1352.0
1381640 1352.2
1381650 1352.2
1381660 1353.7
1381670 1355.6
1381680 1355.6
1381690 1357.4
1381700 1358.4
1381710 1358.4
1381720 1358.1
1381730 1357.3
1381740 1357.3
1381750 1357.4
1381760 1359.3
1381770 1359.3
1381780 1360.4
1381790 1359.4
1381800 1360.3
1381810 1360.3
1381820 1360.4
1381830 1360.8
1381840 1360.8
1381850 1362.5
1381860 1365.9
1381870 1365.9
1381880 1368.7
1381890 1370.6
1381900 1370.6
1381910 1372.9
1381920 1374.9
1381930 1374.9
1381940 1377.3
1381950 1379.5
1381960 1379.5
1381970 1381.6
1381980 1383.7
1381990 1384.2
1382000 1384.2
1382010 1384.1
1382020 1384.4
1382030 1384.4
1382040 1384.6
1382050 1386.1
1382060 1386.1
1382070 1389.5
1382080 1393.0
1382090 1393.0
1382100 1395.8
1382110 1397.9
1382120 1405.0
1382130 1407.0
1382140 1408.6
1382150 1408.6
1382160 1409.3
1382170 1410.1
1382180 1412.2
1382190 1412.2
1382200 1414.4
1382210 1415.3
1382220 1415.3
1382230 1415.0
1382240 1415.4
1382250 1415.4
1382260 1416.0
1382270 1417.0
1382280 1417.0
1382290 1417.6
1382300 1418.9
1382310 1418.9
1382320 1420.3
1382330 1416.9
1382340 1416.9
1382350 1406.3
1382360 1401.7
1382370 1411.5
1382380 1411.5
1382390 1419.1
1382400 1427.0
1382410 1427.0
1382420 1434.7
1382430 1439.4
1382440 1439.4
1382450 1441.5
1382460 1443.6
1382470 1443.6
1382480 1445.1
1382490 1445.9
1382500 1445.9
1382510 1446.2
1382520 1446.9
1382530 1446.9
1382540 1450.5
1382550 1455.7
1382560 1460.7
1382570 1460.7
1382580 1465.6
1382590 1470.0
1382600 1470.0
1382610 1473.7
1382620 1476.3
1382630 1476.3
1382640 1477.7
1382650 1477.2
1382660 1477.2
1382670 1474.1
1382680 1477.3
1382690 1477.3
1382700 1479.4
1382710 1481.1
1382720 1481.1
1382730 1480.6
1382740 1479.7
1382750 1479.2
1382760 1479.2
1382770 1480.7
1382780 1481.8
1382790 1481.8
1382800 1482.7
1382810 1483.3
1382820 1483.3
1382830 1485.0
1382840 1485.9
1382850 1485.9
1382860 1487.9
1382870 1490.6
1382880 1490.6
1382890 1492.1
1382900 1499.2
1382910 1499.2
1382920 1511.5
1382930 1524.8
1382940 1521.3
1382950 1521.3
1382960 1507.6
1382970 1488.1
1382980 1488.1
1382990 1473.1
1383000 1477.2
1383010 1477.2
1383020 1493.2
1383030 1498.3
1383040 1498.3
1383050 1503.5
1383060 1511.9
1383070 1511.9
1383080 1516.1
1383090 1518.4
1383100 1518.4
1383110 1519.9
1383120 1521.5
1383130 1522.5
1383140 1522.5
1383150 1522.1
1383160 1521.0
1383170 1521.0
1383180 1519.6
1383190 1516.4
1383200 1516.4
1383210 1511.5
1383220 1511.6
1383230 1511.6
1383240 1511.3
1383250 1512.6
1383260 1512.6
1383270 1506.2
1383280 1475.4
1383290 1475.4
1383300 1437.1
1383310 1418.8
1383320 1415.3
1383330 1415.3
1383340 1416.7
1383350 1423.6
1383360 1425.8
1383370 1435.3
1383380 1445.3
1383390 1445.3
1383400 1453.9
1383410 1463.0
1383420 1463.0
1383430 1472.8
1383440 1483.6
1383450 1483.6
1383460 1496.5
1383470 1504.8
1383480 1504.8
1383490 1512.4
1383500 1520.8
1383510 1529.6
1383520 1529.6
1383530 1539.9
1383540 1553.7
1383550 1553.7
1383560 1563.8
1383570 1574.2
1383580 1574.2
1383590 1588.0
1383600 1592.9
1383610 1592.9
1383620 1597.9
1383630 1602.9
1383640 1602.9
1383650 1606.9
1383660 1610.8
1383670 1610.8
1383680 1614.7
1383690 1616.7
1383700 1618.5
1383710 1618.5
1383720 1620.1
1383730 1617.5
1383740 1617.5
1383750 1608.4
1383760 1605.2
1383770 1605.2
1383780 1606.3
1383790 1609.9
1383800 1609.9
1383810 1611.0
1383820 1613.8
1383830 1613.8
1383840 1616.4
1383850 1618.4
1383860 1618.4
1383870 1619.6
1383880 1620.6
1383890 1621.4
1383900 1621.4
1383910 1619.4
1383920 1596.5
1383930 1596.5
1383940 1573.0
1383950 1570.2
1383960 1570.2
1383970 1574.1
1383980 1581.8
1383990 1581.8
1384000 1581.0
1384010 1569.9
1384020 1569.9
1384030 1569.9
1384040 1580.1
1384050 1580.1
1384060 1590.4
1384070 1594.3
1384080 1592.2
1384090 1592.2
1384100 1590.6
1384110 1593.1
1384120 1593.1
1384130 1602.4
1384140 1603.1
1384150 1603.1
1384160 1606.9
1384170 1612.7
1384180 1612.7
1384190 1616.4
1384200 1618.5
1384210 1618.5
1384220 1620.1
1384230 1623.7
1384240 1623.7
1384250 1624.0
1384260 1621.5
1384270 1621.5
1384280 1621.9
1384290 1628.3
1384300 1644.3
1384310 1644.3
1384320 1658.3
1384330 1659.0
1384340 1659.0
1384350 1658.4
1384360 1657.4
1384370 1657.4
1384380 1656.2
1384390 1654.4
1384400 1654.4
1384410 1652.1
1384420 1654.4
1384430 1654.4
1384440 1656.8
1384450 1659.2
1384460 1659.2
1384470 1660.8
1384480 1662.0
1384490 1663.7
1384500 1663.7
1384510 1664.9
1384520 1670.4
1384530 1670.4
1384540 1672.8
1384550 1675.0
1384560 1675.0
1384570 1678.5
1384580 1682.3
1384590 1682.3
1384600 1687.8
1384610 1692.0
1384620 1698.4
1384630 1702.1
1384640 1705.9
1384650 1705.9
1384660 1709.4
1384670 1710.6
1384680 1706.7
1384690 1706.7
1384700 1698.0
1384710 1697.3
1384720 1697.3
1384730 1707.1
1384740 1711.7
1384750 1711.7
1384760 1714.2
1384770 1715.0
1384780 1715.0
1384790 1712.6
1384800 1705.4
1384810 1705.4
1384820 1695.5
1384830 1689.2
1384840 1689.2
1384850 1691.0
1384860 1693.9
1384870 1702.4
1384880 1702.4
1384890 1712.5
1384900 1724.8
1384910 1724.8
1384920 1732.9
1384930 1740.3
1384940 1740.3
1384950 1746.3
1384960 1751.6
1384970 1751.6
1384980 1756.1
1384990 1759.5
1385000 1759.5
1385010 1760.0
1385020 1755.0
1385030 1755.0
1385040 1748.4
1385050 1747.5
1385060 1747.4
1385070 1747.4
1385080 1743.3
1385090 1740.1
1385100 1740.1
1385110 1746.1
1385120 1756.8
1385130 1756.8
1385140 1766.9
1385150 1776.0
1385160 1776.0
1385170 1784.6
1385180 1792.9
1385190 1792.9
1385200 1800.9
1385210 1808.4
1385220 1808.4
1385230 1814.6
1385240 1820.9
1385250 1828.3
1385260 1828.3
1385270 1835.5
1385280 1842.9
1385290 1842.9
1385300 1849.2
1385310 1855.5
1385320 1855.5
1385330 1862.0
1385340 1867.4
1385350 1867.4
1385360 1871.5
1385370 1875.1
1385380 1875.1
1385390 1877.7
1385400 1879.0
1385410 1879.0
1385420 1879.7
1385430 1880.5
1385440 1882.0
1385450 1882.0
1385460 1883.3
1385470 1884.4
1385480 1884.4
1385490 1885.8
1385500 1888.7
1385510 1888.7
1385520 1893.5
1385530 1899.6
1385540 1899.6
1385550 1904.1
1385560 1908.2
1385570 1908.2
1385580 1912.5
1385590 1917.3
1385600 1917.3
1385610 1919.6
1385620 1920.0
1385630 1919.6
1385640 1919.6
1385650 1919.4
1385660 1920.1
1385670 1920.1
1385680 1920.9
1385690 1920.7
1385700 1920.7
1385710 1919.2
1385720 1917.7
1385730 1917.7
1385740 1917.1
1385750 1916.4
1385760 1916.4
1385770 1915.3
1385780 1913.9
1385790 1913.9
1385800 1911.9
1385810 1909.8
1385820 1908.4
1385830 1908.4
1385840 1906.9
1385850 1905.9
1385860 1905.9
1385870 1904.4
1385880 1902.0
1385890 1903.9
1385900 1901.7
1385910 1900.4
1385920 1900.4
1385930 1900.0
1385940 1898.1
1385950 1898.1
1385960 1896.1
1385970 1893.4
1385980 1893.4
1385990 1889.3
1386000 1885.6
1386010 1883.5
1386020 1883.5
1386030 1881.2
1386040 1879.6
1386050 1879.6
1386060 1879.2
1386070 1879.2
1386080 1879.2
1386090 1879.4
1386100 1879.3
1386110 1879.3
1386120 1880.5
1386130 1878.8
1386140 1878.8
1386150 1873.4
1386160 1868.0
1386170 1868.0
1386180 1863.0
1386190 1860.0
1386200 1859.0
1386210 1859.0
1386220 1857.1
1386230 1856.4
1386240 1856.4
1386250 1857.3
1386260 1858.4
1386270 1858.4
1386280 1859.0
1386290 1858.3
1386300 1858.3
1386310 1856.4
1386320 1854.4
1386330 1854.4
1386340 1853.3
1386350 1852.9
1386360 1852.9
1386370 1852.7
1386380 1851.7
1386390 1849.7
1386400 1849.7
1386410 1847.1
1386420 1844.8
1386430 1844.8
1386440 1843.3
1386450 1842.3
1386460 1842.3
1386470 1840.0
1386480 1837.1
1386490 1837.1
1386500 1835.5
1386510 1834.0
1386520 1834.0
1386530 1831.6
1386540 1828.2
1386550 1828.2
1386560 1824.8
1386570 1822.0
1386580 1818.6
1386590 1818.6
1386600 1814.2
1386610 1810.4
1386620 1810.4
1386630 1807.6
1386640 1805.0
1386650 1805.0
1386660 1803.0
1386670 1801.6
1386680 1801.6
1386690 1800.4
1386700 1799.6
1386710 1799.6
1386720 1798.6
1386730 1797.7
1386740 1797.7
1386750 1797.1
1386760 1796.4
1386770 1795.0
1386780 1795.0
1386790 1793.2
1386800 1791.4
1386810 1791.4
1386820 1789.9
1386830 1788.7
1386840 1788.7
1386850 1787.4
1386860 1786.2
1386870 1786.2
1386880 1784.8
1386890 1783.6
1386900 1783.6
1386910 1782.9
1386920 1782.2
1386930 1782.2
1386940 1782.3
1386950 1782.4
1386960 1782.2
1386970 1782.2
1386980 1781.6
1386990 1780.4
1387000 1780.4
1387010 1778.3
1387020 1775.6
1387030 1775.6
1387040 1773.9
1387050 1773.3
1387060 1773.3
1387070 1772.1
1387080 1770.8
1387090 1770.8
1387100 1770.3
1387110 1769.7
1387120 1769.7
1387130 1768.5
1387140 1768.3
1387150 1768.5
1387160 1768.5
1387170 1769.9
1387180 1776.5
1387190 1776.5
1387200 1774.8
1387210 1772.7
1387220 1772.7
1387230 1771.6
1387240 1769.8
1387250 1769.8
1387260 1768.1
1387270 1767.5
1387280 1767.5
1387290 1766.7
1387300 1762.8
1387310 1762.8
1387320 1759.0
1387330 1758.1
1387340 1759.8
1387350 1759.8
1387360 1759.7
1387370 1760.2
1387380 1760.2
1387390 1760.7
1387400 1760.0
1387410 1760.0
1387420 1759.0
1387430 1758.4
1387440 1758.4
1387450 1757.7
1387460 1755.1
1387470 1755.1
1387480 1752.3
1387490 1750.9
1387500 1750.9
1387510 1750.1
1387520 1749.7
1387530 1749.2
1387540 1749.2
1387550 1748.7
1387560 1748.1
1387570 1748.1
1387580 1747.6
1387590 1746.9
1387600 1746.9
1387610 1746.3
1387620 1745.4
1387630 1745.4
1387640 1744.6
1387650 1744.3
1387660 1744.3
1387670 1744.0
1387680 1743.8
1387690 1743.8
1387700 1743.2
1387710 1741.4
1387720 1741.4
1387730 1739.9
1387740 1738.3
1387750 1733.1
1387760 1733.1
1387770 1725.0
1387780 1711.3
1387790 1711.3
1387800 1697.7
1387810 1688.6
1387820 1688.6
1387830 1680.6
1387840 1674.0
1387850 1674.0
1387860 1665.8
1387870 1657.7
1387880 1657.7
1387890 1656.1
1387900 1660.4
1387910 1660.4
1387920 1661.8
1387930 1660.5
1387940 1660.0
1387950 1660.0
1387960 1655.9
1387970 1656.6
1387980 1656.6
1387990 1657.8
1388000 1658.3
1388010 1658.3
1388020 1662.1
1388030 1666.7
1388040 1666.7
1388050 1672.7
1388060 1680.5
1388070 1680.5
1388080 1686.6
1388090 1688.1
1388100 1688.1
1388110 1685.9
1388120 1683.4
1388130 1681.0
1388140 1681.0
1388150 1678.7
1388160 1676.8
1388170 1676.8
1388180 1675.3
1388190 1673.5
1388200 1673.5
1388210 1671.9
1388220 1670.3
1388230 1670.3
1388240 1667.5
1388250 1665.6
1388260 1665.6
1388270 1663.6
1388280 1661.5
1388290 1661.5
1388300 1658.7
1388310 1655.7
1388320 1653.0
1388330 1653.0
1388340 1650.4
1388350 1648.2
1388360 1648.2
1388370 1645.9
1388380 1642.8
1388390 1642.8
1388400 1639.5
1388410 1636.0
1388420 1636.0
1388430 1632.8
1388440 1629.8
1388450 1629.8
1388460 1625.6
1388470 1619.2
1388480 1619.2
1388490 1621.3
1388500 1615.2
1388510 1608.2
1388520 1608.2
1388530 1596.2
1388540 1592.0
1388550 1592.0
1388560 1594.8
1388570 1588.3
1388580 1588.3
1388590 1587.8
1388600 1590.8
1388610 1590.8
1388620 1588.1
1388630 1576.8
1388640 1576.8
1388650 1565.8
1388660 1555.3
1388670 1555.3
1388680 1542.5
1388690 1532.1
1388700 1529.3
1388710 1529.3
1388720 1524.0
1388730 1517.1
1388740 1517.1
1388750 1512.7
1388760 1508.8
1388770 1508.8
1388780 1503.8
1388790 1496.9
1388800 1496.9
1388810 1495.3
1388820 1496.4
1388830 1496.4
1388840 1494.5
1388850 1491.2
1388860 1491.2
1388870 1488.3
1388880 1486.1
1388890 1485.2
1388900 1485.2
1388910 1485.4
1388920 1484.9
1388930 1484.9
1388940 1483.8
1388950 1482.5
1388960 1482.5
1388970 1480.7
1388980 1478.2
1388990 1478.2
1389000 1475.4
1389010 1472.6
1389020 1472.6
1389030 1469.1
1389040 1467.2
1389050 1467.2
1389060 1466.0
1389070 1465.5
1389080 1465.4
1389090 1465.4
1389100 1464.3
1389110 1462.7
1389120 1462.7
1389130 1461.0
1389140 1458.3
1389150 1458.3
1389160 1456.3
1389170 1453.6
1389180 1453.6
1389190 1451.1
1389200 1448.0
1389210 1448.0
1389220 1444.4
1389230 1438.4
1389240 1438.4
1389250 1429.4
1389260 1418.7
1389270 1410.7
1389280 1410.7
1389290 1409.9
1389300 1417.0
1389310 1417.0
1389320 1423.6
1389330 1429.2
1389340 1429.2
1389350 1434.0
1389360 1434.8
1389370 1434.8
1389380 1434.4
1389390 1434.5
1389400 1434.5
1389410 1435.0
1389420 1435.4
1389430 1435.4
1389440 1434.4
1389450 1432.6
1389460 1430.1
1389470 1430.1
1389480 1427.0
1389490 1423.4
1389500 1423.4
1389510 1420.5
1389520 1418.4
1389530 1418.4
1389540 1416.3
1389550 1414.5
1389560 1414.5
1389570 1413.1
1389580 1410.5
1389590 1410.5
1389600 1406.7
1389610 1400.6
1389620 1400.6
1389630 1390.8
1389640 1381.5
1389650 1373.0
1389660 1373.0
1389670 1365.4
1389680 1361.2
1389690 1361.2
1389700 1355.0
1389710 1346.6
1389720 1346.6
1389730 1340.9
1389740 1344.2
1389750 1344.2
1389760 1351.9
1389770 1357.2
1389780 1357.2
1389790 1359.5
1389800 1359.2
1389810 1359.2
1389820 1364.2
1389830 1361.1
1389840 1356.2
1389850 1356.2
1389860 1351.3
1389870 1346.5
1389880 1346.5
1389890 1341.3
1389900 1335.7
1389910 1335.7
1389920 1330.2
1389930 1324.6
1389940 1324.6
1389950 1319.0
1389960 1313.6
1389970 1313.6
1389980 1307.7
1389990 1303.7
1390000 1303.7
1390010 1301.8
1390020 1300.1
1390030 1298.1
1390040 1298.1
1390050 1296.6
1390060 1293.2
1390070 1293.2
1390080 1292.5
1390090 1292.0
1390100 1292.0
1390110 1290.9
1390120 1289.7
1390130 1289.7
1390140 1288.6
1390150 1287.9
1390160 1287.9
1390170 1285.4
1390180 1282.3
1390190 1282.3
1390200 1279.2
1390210 1277.3
1390220 1276.5
1390230 1276.5
1390240 1275.1
1390250 1274.5
1390260 1274.5
1390270 1272.8
1390280 1270.8
1390290 1270.8
1390300 1268.3
1390310 1265.0
1390320 1265.0
1390330 1262.3
1390340 1260.9
1390350 1260.9
1390360 1258.1
1390370 1255.9
1390380 1255.9
1390390 1254.9
1390400 1252.9
1390410 1251.5
1390420 1251.5
1390430 1250.1
1390440 1247.1
1390450 1247.1
1390460 1245.7
1390470 1247.1
1390480 1247.1
1390490 1247.6
1390500 1248.6
1390510 1248.6
1390520 1248.8
1390530 1251.2
1390540 1251.2
1390550 1249.9
1390560 1243.9
1390570 1243.9
1390580 1242.6
1390590 1240.6
1390600 1232.8
1390610 1232.8
1390620 1223.7
1390630 1217.0
1390640 1217.0
1390650 1218.6
1390660 1220.0
1390670 1220.0
1390680 1224.1
1390690 1236.7
1390700 1236.7
1390710 1249.1
1390720 1255.6
1390730 1255.6
1390740 1251.1
1390750 1250.5
1390760 1250.5
1390770 1265.2
1390780 1269.7
1390790 1269.3
1390800 1269.3
1390810 1265.5
1390820 1259.7
1390830 1259.7
1390840 1262.4
1390850 1271.0
1390860 1271.0
1390870 1277.5
1390880 1279.3
1390890 1279.3
1390900 1284.1
1390910 1287.7
1390920 1287.7
1390930 1289.1
1390940 1290.8
1390950 1290.8
1390960 1292.4
1390970 1292.4
1390980 1293.4
1390990 1293.4
1391000 1292.6
1391010 1291.1
1391020 1291.1
1391030 1290.7
1391040 1290.8
1391050 1290.8
1391060 1292.5
1391070 1295.0
1391080 1295.0
1391090 1298.4
1391100 1303.1
1391110 1303.1
1391120 1306.6
1391130 1307.3
1391140 1307.3
1391150 1308.0
1391160 1316.8
1391170 1316.8
1391180 1314.9
1391190 1311.7
1391200 1307.7
1391210 1307.7
1391220 1305.7
1391230 1306.6
1391240 1306.6
1391250 1309.4
1391260 1312.8
1391270 1312.8
1391280 1316.0
1391290 1317.1
1391300 1317.1
1391310 1319.2
1391320 1321.1
1391330 1321.1
1391340 1322.9
1391350 1324.8
1391360 1324.8
1391370 1327.8
1391380 1330.9
1391390 1334.1
1391400 1334.1
1391410 1337.8
1391420 1340.9
1391430 1340.9
1391440 1343.7
1391450 1346.8
1391460 1346.8
1391470 1350.9
1391480 1354.3
1391490 1354.3
1391500 1357.0
1391510 1358.6
1391520 1358.6
1391530 1360.1
1391540 1363.0
1391550 1363.0
1391560 1363.6
1391570 1358.8
1391580 1358.8
1391590 1358.8
1391600 1364.4
1391610 1365.4
1391620 1365.4
1391630 1366.0
1391640 1367.4
1391650 1367.4
1391660 1368.9
1391670 1370.2
1391680 1370.2
1391690 1370.8
1391700 1370.8
1391710 1370.8
1391720 1371.0
1391730 1371.1
1391740 1371.1
1391750 1371.2
1391760 1372.4
1391770 1372.0
1391780 1372.0
1391790 1368.9
1391800 1366.7
1391810 1366.7
1391820 1366.1
1391830 1368.0
1391840 1368.0
1391850 1368.6
1391860 1368.0
1391870 1368.0
1391880 1366.2
1391890 1364.4
1391900 1364.4
1391910 1365.5
1391920 1370.1
1391930 1370.1
1391940 1373.5
1391950 1374.6
1391960 1374.6
1391970 1374.6
1391980 1374.5
1391990 1374.0
1392000 1374.0
1392010 1372.6
1392020 1371.2
1392030 1371.2
1392040 1370.0
1392050 1368.3
1392060 1368.3
1392070 1365.6
1392080 1362.8
1392090 1362.8
1392100 1360.4
1392110 1359.3
1392120 1359.3
1392130 1358.3
1392140 1357.0
1392150 1355.8
1392160 1355.8
1392170 1354.9
1392180 1354.1
1392190 1354.1
1392200 1353.3
1392210 1352.4
1392220 1352.4
1392230 1349.1
1392240 1345.4
1392250 1345.4
1392260 1342.7
1392270 1341.3
1392280 1341.3
1392290 1340.8
1392300 1341.7
1392310 1341.7
1392320 1341.8
1392330 1340.9
1392340 1341.8
1392350 1341.8
1392360 1344.3
1392370 1344.1
1392380 1344.1
1392390 1342.3
1392400 1339.6
1392410 1339.6
1392420 1336.9
1392430 1333.9
1392440 1333.9
1392450 1331.6
1392460 1332.5
1392470 1332.5
1392480 1328.5
1392490 1323.3
1392500 1323.3
1392510 1318.2
1392520 1313.8
1392530 1316.7
1392540 1316.7
1392550 1314.2
1392560 1311.4
1392570 1311.4
1392580 1309.8
1392590 1308.9
1392600 1308.9
1392610 1307.3
1392620 1305.5
1392630 1305.5
1392640 1304.8
1392650 1302.3
1392660 1302.3
1392670 1299.2
1392680 1296.7
1392690 1296.7
1392700 1293.6
1392710 1289.5
1392720 1284.5
1392730 1284.5
1392740 1279.4
1392750 1274.9
1392760 1274.9
1392770 1270.3
1392780 1262.5
1392790 1262.5
1392800 1258.9
1392810 1258.2
1392820 1258.2
1392830 1256.1
1392840 1258.6
1392850 1258.6
1392860 1259.9
1392870 1261.3
1392880 1261.3
1392890 1262.7
1392900 1266.5
1392910 1269.3
1392920 1269.3
1392930 1271.0
1392940 1273.5
1392950 1273.5
1392960 1275.1
1392970 1275.8
1392980 1275.8
1392990 1275.7
1393000 1275.0
1393010 1275.0
1393020 1275.6
1393030 1278.3
1393040 1278.3
1393050 1280.7
1393060 1282.9
1393070 1282.9
1393080 1285.2
1393090 1285.3
1393100 1282.4
1393110 1282.4
1393120 1276.8
1393130 1268.5
1393140 1268.5
1393150 1259.9
1393160 1252.7
1393170 1252.7
1393180 1247.2
1393190 1244.8
1393200 1244.8
1393210 1238.0
1393220 1231.0
1393230 1231.0
1393240 1222.2
1393250 1212.6
1393260 1212.6
1393270 1208.1
1393280 1210.3
1393290 1223.7
1393300 1223.7
1393310 1237.6
1393320 1253.5
1393330 1253.5
1393340 1268.6
1393350 1276.8
1393360 1276.8
1393370 1286.1
1393380 1289.4
1393390 1289.4
1393400 1297.0
1393410 1323.4
1393420 1323.4
1393430 1340.0
1393440 1353.0
1393450 1353.0
1393460 1370.3
1393470 1384.3
1393480 1395.5
1393490 1395.5
1393500 1405.1
1393510 1414.7
1393520 1414.7
1393530 1426.5
1393540 1437.6
1393550 1437.6
1393560 1448.9
1393570 1459.2
1393580 1459.2
1393590 1468.9
1393600 1480.5
1393610 1480.5
1393620 1489.5
1393630 1497.7
1393640 1497.7
1393650 1505.2
1393660 1512.6
1393670 1518.6
1393680 1518.6
1393690 1524.2
1393700 1529.1
1393710 1529.1
1393720 1533.1
1393730 1536.3
1393740 1536.3
1393750 1536.8
1393760 1534.6
1393770 1534.6
1393780 1529.2
1393790 1524.1
1393800 1524.1
1393810 1520.8
1393820 1513.4
1393830 1513.4
1393840 1505.9
1393850 1498.7
1393860 1489.9
1393870 1489.9
1393880 1488.6
1393890 1492.9
1393900 1492.9
1393910 1506.8
1393920 1513.9
1393930 1513.9
1393940 1523.2
1393950 1531.0
1393960 1531.0
1393970 1538.6
1393980 1546.3
1393990 1546.3
1394000 1552.9
1394010 1555.5
1394020 1555.5
1394030 1555.0
1394040 1551.6
1394050 1546.9
1394060 1546.9
1394070 1545.0
1394080 1544.5
1394090 1544.5
1394100 1542.7
1394110 1537.0
1394120 1537.0
1394130 1535.5
1394140 1536.4
1394150 1536.4
1394160 1536.8
1394170 1537.3
1394180 1537.3
1394190 1537.8
1394200 1540.3
1394210 1540.3
1394220 1545.5
1394230 1550.2
1394240 1554.0
1394250 1554.0
1394260 1557.7
1394270 1560.4
1394280 1560.4
1394290 1561.8
1394300 1562.8
1394310 1562.8
1394320 1564.2
1394330 1564.9
1394340 1564.9
1394350 1565.3
1394360 1566.1
1394370 1566.1
1394380 1567.2
1394390 1569.9
1394400 1569.9
1394410 1572.6
1394420 1575.0
1394430 1580.4
1394440 1580.4
1394450 1580.9
1394460 1581.1
1394470 1581.1
1394480 1582.2
1394490 1583.1
1394500 1583.1
1394510 1583.2
1394520 1581.5
1394530 1581.5
1394540 1577.8
1394550 1573.0
1394560 1573.0
1394570 1570.4
1394580 1569.1
1394590 1569.1
1394600 1566.8
1394610 1563.4
1394620 1560.8
1394630 1560.8
1394640 1556.0
1394650 1551.2
1394660 1551.2
1394670 1548.6
1394680 1546.5
1394690 1546.5
1394700 1545.7
1394710 1546.2
1394720 1546.2
1394730 1545.0
1394740 1543.1
1394750 1543.1
1394760 1540.6
1394770 1541.1
1394780 1541.1
1394790 1545.0
1394800 1548.5
1394810 1550.3
1394820 1550.3
1394830 1545.3
1394840 1546.8
1394850 1546.8
1394860 1554.8
1394870 1560.2
1394880 1560.2
1394890 1559.3
1394900 1560.8
1394910 1560.8
1394920 1559.6
1394930 1555.3
1394940 1555.3
1394950 1549.5
1394960 1545.5
1394970 1545.5
1394980 1545.9
1394990 1542.9
1395000 1542.9
1395010 1539.7
1395020 1535.4
1395030 1527.4
1395040 1527.4
1395050 1522.3
1395060 1527.8
1395070 1527.8
1395080 1535.6
1395090 1543.6
1395100 1543.6
1395110 1550.5
1395120 1560.8
1395130 1560.8
1395140 1572.0
1395150 1580.3
1395160 1580.3
1395170 1581.9
1395180 1581.7
1395190 1581.7
1395200 1583.0
1395210 1587.1
1395220 1590.6
1395230 1590.6
1395240 1589.9
1395250 1585.4
1395260 1585.4
1395270 1583.5
1395280 1584.8
1395290 1584.8
1395300 1588.8
1395310 1602.6
1395320 1602.6
1395330 1601.4
1395340 1605.1
1395350 1605.1
1395360 1611.5
1395370 1614.8
1395380 1614.8
1395390 1618.2
1395400 1621.7
1395410 1621.1
1395420 1621.1
1395430 1622.1
1395440 1628.5
1395450 1628.5
1395460 1630.5
1395470 1629.4
1395480 1629.4
1395490 1624.7
1395500 1623.6
1395510 1623.6
1395520 1629.0
1395530 1636.7
1395540 1636.7
1395550 1641.6
1395560 1648.5
1395570 1648.5
1395580 1657.5
1395590 1663.8
1395600 1666.3
1395610 1666.3
1395620 1663.0
1395630 1659.6
1395640 1659.6
1395650 1657.3
1395660 1654.5
1395670 1654.5
1395680 1653.1
1395690 1653.6
1395700 1653.6
1395710 1655.1
1395720 1659.3
1395730 1659.3
1395740 1661.2
1395750 1660.3
1395760 1660.3
1395770 1660.2
1395780 1663.4
1395790 1665.3
1395800 1665.3
1395810 1669.4
1395820 1674.0
1395830 1674.0
1395840 1680.1
1395850 1687.7
1395860 1687.7
1395870 1696.0
1395880 1704.9
1395890 1704.9
1395900 1714.6
1395910 1722.6
1395920 1722.6
1395930 1727.3
1395940 1729.4
1395950 1729.4
1395960 1729.5
1395970 1728.2
1395980 1726.8
1395990 1726.8
1396000 1725.3
1396010 1724.6
1396020 1724.6
1396030 1725.8
1396040 1726.7
1396050 1726.7
1396060 1726.8
1396070 1727.1
1396080 1727.1
1396090 1726.7
1396100 1726.2
1396110 1726.2
1396120 1726.1
1396130 1725.4
1396140 1725.4
1396150 1722.4
1396160 1717.9
1396170 1714.8
1396180 1714.8
1396190 1711.3
1396200 1708.4
1396210 1708.4
1396220 1706.4
1396230 1703.7
1396240 1703.7
1396250 1701.6
1396260 1700.6
1396270 1700.6
1396280 1698.2
1396290 1694.6
1396300 1694.6
1396310 1689.7
1396320 1683.6
1396330 1683.6
1396340 1677.8
1396350 1672.8
1396360 1669.1
1396370 1669.1
1396380 1665.1
1396390 1660.4
1396400 1660.4
1396410 1655.9
1396420 1652.0
1396430 1652.0
1396440 1648.2
1396450 1644.5
1396460 1644.5
1396470 1641.1
1396480 1637.9
1396490 1637.9
1396500 1632.6
1396510 1623.8
1396520 1623.8
1396530 1614.9
1396540 1607.7
1396550 1602.6
1396560 1602.6
1396570 1598.0
1396580 1592.0
1396590 1592.0
1396600 1586.8
1396610 1583.7
1396620 1583.7
1396630 1581.1
1396640 1577.1
1396650 1577.1
1396660 1569.8
1396670 1563.1
1396680 1563.1
1396690 1557.2
1396700 1552.5
1396710 1552.5
1396720 1547.7
1396730 1543.7
1396740 1543.8
1396750 1543.8
1396760 1539.7
1396770 1535.6
1396780 1535.6
1396790 1531.3
1396800 1527.6
1396810 1527.6
1396820 1524.1
1396830 1520.9
1396840 1520.9
1396850 1517.7
1396860 1513.6
1396870 1513.6
1396880 1509.3
1396890 1504.3
1396900 1504.3
1396910 1499.5
1396920 1494.5
1396930 1489.5
1396940 1489.5
1396950 1484.4
1396960 1479.4
1396970 1479.4
1396980 1474.1
1396990 1469.0
1397000 1469.0
1397010 1463.6
1397020 1458.4
1397030 1458.4
1397040 1451.6
1397050 1443.7
1397060 1443.7
1397070 1435.4
1397080 1427.5
1397090 1427.5
1397100 1419.7
1397110 1412.2
1397120 1404.9
1397130 1404.9
1397140 1397.1
1397150 1388.8
1397160 1388.8
1397170 1377.9
1397180 1368.7
1397190 1368.7
1397200 1357.8
1397210 1347.0
1397220 1347.0
1397230 1337.6
1397240 1328.8
1397250 1328.8
1397260 1321.4
1397270 1313.3
1397280 1313.3
1397290 1304.9
1397300 1296.4
1397310 1288.5
1397320 1288.5
1397330 1280.6
1397340 1271.0
1397350 1271.0
1397360 1259.8
1397370 1254.8
1397380 1254.8
1397390 1265.0
1397400 1281.6
1397410 1281.6
1397420 1292.3
1397430 1301.2
1397440 1301.2
1397450 1308.7
1397460 1315.9
1397470 1315.9
1397480 1322.5
1397490 1328.3
1397500 1334.1
1397510 1334.1
1397520 1340.9
1397530 1347.8
1397540 1347.8
1397550 1353.4
1397560 1358.5
1397570 1358.5
1397580 1364.9
1397590 1371.4
1397600 1371.4
1397610 1378.0
1397620 1377.7
1397630 1377.7
1397640 1370.1
1397650 1368.7
1397660 1368.7
1397670 1373.2
1397680 1381.2
1397690 1391.5
1397700 1391.5
1397710 1402.5
1397720 1414.0
1397730 1414.0
1397740 1427.5
1397750 1438.8
1397760 1438.8
1397770 1446.0
1397780 1453.5
1397790 1453.5
1397800 1460.2
1397810 1466.6
1397820 1466.6
1397830 1471.7
1397840 1477.1
1397850 1477.1
1397860 1483.2
1397870 1488.6
1397880 1492.7
1397890 1492.7
1397900 1496.7
1397910 1499.9
1397920 1499.9
1397930 1502.9
1397940 1506.3
1397950 1506.3
1397960 1510.5
1397970 1515.0
1397980 1515.0
1397990 1518.6
1398000 1520.9
1398010 1520.9
1398020 1522.5
1398030 1523.9
1398040 1523.9
1398050 1525.0
1398060 1526.0
1398070 1527.2
1398080 1527.2
1398090 1528.5
1398100 1528.9
1398110 1528.9
1398120 1528.4
1398130 1527.1
1398140 1527.1
1398150 1525.6
1398160 1525.8
1398170 1525.8
1398180 1526.8
1398190 1530.9
1398200 1530.9
1398210 1530.6
1398220 1530.1
1398230 1530.1
1398240 1529.3
1398250 1527.3
1398260 1525.4
1398270 1525.4
1398280 1524.3
1398290 1523.5
1398300 1523.5
1398310 1522.8
1398320 1523.2
1398330 1523.2
1398340 1523.9
1398350 1522.0
1398360 1522.0
1398370 1521.4
1398380 1521.9
1398390 1521.9
1398400 1522.1
1398410 1521.8
1398420 1521.8
1398430 1522.2
1398440 1523.5
1398450 1524.2
1398460 1524.2
1398470 1524.8
1398480 1524.3
1398490 1524.3
1398500 1523.7
1398510 1523.2
1398520 1523.2
1398530 1521.9
1398540 1519.8
1398550 1519.8
1398560 1517.1
1398570 1514.4
1398580 1514.4
1398590 1512.3
1398600 1511.0
1398610 1511.0
1398620 1509.6
1398630 1507.2
1398640 1507.2
1398650 1505.8
1398660 1505.9
1398670 1506.2
1398680 1506.2
1398690 1505.6
1398700 1504.5
1398710 1504.5
1398720 1501.4
1398730 1500.2
1398740 1500.2
1398750 1500.5
1398760 1498.5
1398770 1498.5
1398780 1496.2
1398790 1494.7
1398800 1494.7
1398810 1494.4
1398820 1494.4
1398830 1494.4
1398840 1493.2
1398850 1491.2
1398860 1490.3
1398870 1490.3
1398880 1489.6
1398890 1488.5
1398900 1488.5
1398910 1487.9
1398920 1487.6
1398930 1487.6
1398940 1487.5
1398950 1487.2
1398960 1487.2
1398970 1486.3
1398980 1486.6
1398990 1486.6
1399000 1487.6
1399010 1487.6
1399020 1487.6
1399030 1485.6
1399040 1484.1
1399050 1482.2
1399060 1482.2
1399070 1476.2
1399080 1470.5
1399090 1470.5
1399100 1470.1
1399110 1478.8
1399120 1478.8
1399130 1488.7
1399140 1493.3
1399150 1493.3
1399160 1495.7
1399170 1496.4
1399180 1496.4
1399190 1493.6
1399200 1494.4
1399210 1494.4
1399220 1499.5
1399230 1503.5
1399240 1506.0
1399250 1506.0
1399260 1507.5
1399270 1508.2
1399280 1508.2
1399290 1507.8
1399300 1508.0
1399310 1508.0
1399320 1507.3
1399330 1507.8
1399340 1507.8
1399350 1507.8
1399360 1507.9
1399370 1507.9
1399380 1509.0
1399390 1507.6
1399400 1507.6
1399410 1503.3
1399420 1502.3
1399430 1506.8
1399440 1506.8
1399450 1509.0
1399460 1512.0
1399470 1512.0
1399480 1512.9
1399490 1511.6
1399500 1511.6
1399510 1513.8
1399520 1516.2
1399530 1516.2
1399540 1517.4
1399550 1519.1
1399560 1519.1
1399570 1520.4
1399580 1522.2
1399590 1522.2
1399600 1522.7
1399610 1522.5
1399620 1523.1
1399630 1523.1
1399640 1518.8
1399650 1508.7
1399660 1517.5
1399670 1513.8
1399680 1513.0
1399690 1513.0
1399700 1511.7
1399710 1515.3
1399720 1515.3
1399730 1529.9
1399740 1540.1
1399750 1540.1
1399760 1540.1
1399770 1539.7
1399780 1539.7
1399790 1540.1
1399800 1540.9
1399810 1541.2
1399820 1541.2
1399830 1541.5
1399840 1541.9
1399850 1541.9
1399860 1542.9
1399870 1544.0
1399880 1544.0
1399890 1545.0
1399900 1545.2
1399910 1545.2
1399920 1544.9
1399930 1544.4
1399940 1544.4
1399950 1544.4
1399960 1544.9
1399970 1544.9
1399980 1546.3
1399990 1547.7
