1380000 1277.0
1380010 1277.0
1380020 1276.6
1380030 1276.3
1380040 1276.3
1380050 1276.2
1380060 1276.1
1380070 1276.1
1380080 1276.1
1380090 1276.1
1380100 1276.0
1380110 1276.0
1380120 1275.8
1380130 1275.7
1380140 1275.7
1380150 1275.7
1380160 1275.7
1380170 1275.7
1380180 1275.9
1380190 1276.6
1380200 1276.6
1380210 1276.6
1380220 1276.7
1380230 1276.7
1380240 1276.7
1380250 1276.3
1380260 1276.3
1380270 1275.6
1380280 1274.9
1380290 1274.7
1380300 1274.7
1380310 1274.6
1380320 1274.5
1380330 1274.5
1380340 1274.3
1380350 1274.1
1380360 1274.1
1380370 1273.9
1380380 1273.6
1380390 1273.6
1380400 1273.3
1380410 1272.8
1380420 1272.8
1380430 1272.0
1380440 1271.1
1380450 1271.1
1380460 1270.6
1380470 1270.3
1380480 1270.2
1380490 1270.2
1380500 1270.3
1380510 1270.5
1380520 1270.5
1380530 1271.4
1380540 1272.3
1380550 1272.3
1380560 1272.9
1380570 1273.0
1380580 1273.0
1380590 1272.7
1380600 1272.4
1380610 1272.4
1380620 1272.0
1380630 1271.8
1380640 1271.8
1380650 1272.2
1380660 1271.7
1380670 1270.9
1380680 1270.9
1380690 1270.4
1380700 1269.8
1380710 1269.8
1380720 1269.2
1380730 1268.4
1380740 1268.4
1380750 1268.2
1380760 1268.8
1380770 1268.8
1380780 1268.6
1380790 1268.1
1380800 1268.1
1380810 1267.6
1380820 1267.4
1380830 1267.4
1380840 1268.2
1380850 1269.4
1380860 1270.2
1380870 1270.2
1380880 1270.2
1380890 1270.4
1380900 1270.4
1380910 1271.0
1380920 1271.6
1380930 1271.6
1380940 1271.5
1380950 1271.4
1380960 1271.4
1380970 1271.3
1380980 1271.1
1380990 1271.1
1381000 1271.1
1381010 1271.2
1381020 1271.2
1381030 1270.8
1381040 1270.2
1381050 1269.4
1381060 1269.4
1381070 1268.6
1381080 1268.1
1381090 1268.1
1381100 1267.8
1381110 1267.7
1381120 1267.7
1381130 1267.5
1381140 1267.4
1381150 1267.4
1381160 1267.0
1381170 1266.6
1381180 1266.6
1381190 1266.4
1381200 1266.2
1381210 1266.2
1381220 1266.1
1381230 1266.2
1381240 1266.2
1381250 1266.2
1381260 1266.4
1381270 1266.0
1381280 1266.0
1381290 1265.5
1381300 1265.3
1381310 1265.3
1381320 1265.0
1381330 1264.2
1381340 1264.2
1381350 1263.3
1381360 1262.7
1381370 1262.7
1381380 1262.4
1381390 1262.2
1381400 1262.2
1381410 1262.1
1381420 1262.3
1381430 1262.3
1381440 1262.9
1381450 1263.5
1381460 1263.5
1381470 1263.5
1381480 1263.2
1381490 1263.2
1381500 1263.2
1381510 1262.9
1381520 1262.8
1381530 1262.8
1381540 1262.7
1381550 1262.5
1381560 1262.5
1381570 1262.6
1381580 1263.0
1381590 1263.0
1381600 1263.4
1381610 1264.0
1381620 1264.0
1381630 1264.5
1381640 1264.7
1381650 1265.3
1381660 1265.3
1381670 1266.1
1381680 1266.9
1381690 1266.9
1381700 1267.7
1381710 1268.6
1381720 1268.6
1381730 1269.7
1381740 1270.8
1381750 1270.8
1381760 1271.8
1381770 1272.9
1381780 1272.9
1381790 1274.2
1381800 1276.5
1381810 1276.5
1381820 1278.5
1381830 1279.2
1381840 1280.4
1381850 1280.4
1381860 1281.3
1381870 1281.8
1381880 1281.8
1381890 1283.0
1381900 1284.9
1381910 1284.9
1381920 1286.3
1381930 1287.5
1381940 1287.5
1381950 1288.8
1381960 1290.0
1381970 1290.0
1381980 1291.1
1381990 1292.4
1382000 1292.4
1382010 1293.8
1382020 1294.5
1382030 1295.6
1382040 1295.6
1382050 1297.0
1382060 1298.2
1382070 1298.2
1382080 1299.6
1382090 1301.3
1382100 1301.3
1382110 1303.3
1382120 1305.5
1382130 1305.5
1382140 1308.0
1382150 1309.9
1382160 1309.9
1382170 1310.8
1382180 1311.8
1382190 1311.8
1382200 1313.2
1382210 1314.0
1382220 1314.0
1382230 1314.0
1382240 1315.8
1382250 1318.0
1382260 1318.0
1382270 1319.2
1382280 1320.1
1382290 1320.1
1382300 1322.9
1382310 1324.4
1382320 1324.4
1382330 1325.3
1382340 1326.1
1382350 1326.1
1382360 1326.9
1382370 1327.3
1382380 1327.3
1382390 1327.9
1382400 1328.0
1382410 1327.5
1382420 1327.5
1382430 1326.1
1382440 1323.9
1382450 1323.9
1382460 1323.3
1382470 1322.9
1382480 1322.9
1382490 1321.5
1382500 1319.9
1382510 1319.9
1382520 1318.3
1382530 1316.9
1382540 1316.9
1382550 1317.9
1382560 1320.7
1382570 1320.7
1382580 1323.2
1382590 1325.2
1382600 1324.9
1382610 1324.9
1382620 1323.9
1382630 1326.1
1382640 1326.1
1382650 1327.8
1382660 1329.6
1382670 1329.6
1382680 1330.7
1382690 1329.3
1382700 1329.3
1382710 1327.6
1382720 1325.9
1382730 1325.9
1382740 1331.7
1382750 1330.2
1382760 1330.2
1382770 1328.6
1382780 1327.8
1382790 1326.6
1382800 1326.6
1382810 1324.6
1382820 1323.5
1382830 1323.5
1382840 1323.0
1382850 1322.6
1382860 1322.6
1382870 1321.5
1382880 1320.8
1382890 1320.8
1382900 1318.6
1382910 1316.7
1382920 1316.7
1382930 1314.3
1382940 1311.8
1382950 1311.8
1382960 1308.8
1382970 1304.3
1382980 1301.2
1382990 1301.2
1383000 1299.0
1383010 1297.4
1383020 1297.4
1383030 1296.8
1383040 1296.3
1383050 1296.3
1383060 1297.1
1383070 1298.7
1383080 1298.7
1383090 1299.9
1383100 1301.5
1383110 1301.5
1383120 1303.4
1383130 1305.4
1383140 1305.4
1383150 1307.3
1383160 1309.4
1383170 1311.0
1383180 1311.0
1383190 1311.8
1383200 1311.1
1383210 1311.1
1383220 1314.9
1383230 1317.8
1383240 1317.8
1383250 1317.4
1383260 1315.3
1383270 1315.3
1383280 1313.7
1383290 1311.1
1383300 1311.1
1383310 1309.2
1383320 1310.6
1383330 1310.6
1383340 1318.0
1383350 1321.4
1383360 1320.6
1383370 1320.6
1383380 1322.2
1383390 1324.9
1383400 1324.9
1383410 1328.4
1383420 1333.7
1383430 1333.7
1383440 1341.0
1383450 1345.8
1383460 1345.8
1383470 1356.8
1383480 1364.8
1383490 1364.8
1383500 1372.8
1383510 1379.1
1383520 1379.1
1383530 1381.5
1383540 1390.0
1383550 1399.7
1383560 1399.7
1383570 1404.3
1383580 1403.4
1383590 1403.4
1383600 1403.0
1383610 1404.5
1383620 1404.5
1383630 1405.0
1383640 1396.7
1383650 1396.7
1383660 1381.8
1383670 1364.7
1383680 1364.7
1383690 1352.9
1383700 1350.6
1383710 1350.6
1383720 1351.8
1383730 1351.2
1383740 1351.0
1383750 1351.0
1383760 1351.1
1383770 1352.8
1383780 1352.8
1383790 1353.6
1383800 1353.1
1383810 1353.1
1383820 1353.7
1383830 1369.1
1383840 1369.1
1383850 1372.8
1383860 1373.1
1383870 1373.1
1383880 1370.8
1383890 1365.5
1383900 1365.5
1383910 1365.1
1383920 1367.4
1383930 1366.9
1383940 1366.9
1383950 1369.7
1383960 1370.9
1383970 1370.9
1383980 1372.0
1383990 1378.9
1384000 1378.9
1384010 1378.0
1384020 1378.7
1384030 1378.7
1384040 1381.5
1384050 1383.8
1384060 1383.8
1384070 1383.3
1384080 1379.4
1384090 1379.4
1384100 1382.4
1384110 1387.5
1384120 1387.5
1384130 1391.2
1384140 1394.5
1384150 1397.6
1384160 1397.6
1384170 1400.0
1384180 1400.7
1384190 1400.7
1384200 1400.8
1384210 1407.8
1384220 1407.8
1384230 1414.5
1384240 1418.9
1384250 1418.9
1384260 1419.4
1384270 1413.7
1384280 1413.7
1384290 1417.5
1384300 1425.7
1384310 1425.7
1384320 1434.4
1384330 1442.7
1384340 1449.6
1384350 1449.6
1384360 1457.9
1384370 1464.4
1384380 1464.4
1384390 1469.1
1384400 1474.2
1384410 1474.2
1384420 1477.9
1384430 1481.6
1384440 1481.6
1384450 1486.0
1384460 1490.5
1384470 1490.5
1384480 1495.3
1384490 1501.5
1384500 1501.5
1384510 1504.2
1384520 1503.2
1384530 1504.8
1384540 1504.8
1384550 1512.3
1384560 1516.9
1384570 1516.9
1384580 1521.1
1384590 1526.6
1384600 1526.6
1384610 1533.7
1384620 1538.3
1384630 1538.3
1384640 1540.0
1384650 1540.3
1384660 1540.3
1384670 1539.1
1384680 1535.3
1384690 1535.3
1384700 1528.9
1384710 1530.6
1384720 1540.0
1384730 1540.0
1384740 1548.1
1384750 1556.7
1384760 1556.7
1384770 1565.2
1384780 1571.7
1384790 1571.7
1384800 1576.6
1384810 1582.0
1384820 1582.0
1384830 1587.7
1384840 1592.0
1384850 1592.0
1384860 1596.0
1384870 1600.7
1384880 1600.7
1384890 1605.4
1384900 1610.0
1384910 1613.1
1384920 1613.1
1384930 1615.1
1384940 1617.5
1384950 1617.5
1384960 1620.8
1384970 1624.8
1384980 1624.8
1384990 1630.6
1385000 1635.8
1385010 1635.8
1385020 1640.4
1385030 1644.0
1385040 1644.0
1385050 1647.1
1385060 1650.3
1385070 1650.3
1385080 1654.3
1385090 1658.4
1385100 1664.1
1385110 1664.1
1385120 1669.1
1385130 1672.3
1385140 1672.3
1385150 1673.3
1385160 1674.4
1385170 1674.4
1385180 1677.8
1385190 1681.9
1385200 1681.9
1385210 1685.7
1385220 1690.0
1385230 1690.0
1385240 1694.6
1385250 1699.0
1385260 1705.3
1385270 1708.8
1385280 1711.2
1385290 1710.9
1385300 1710.9
1385310 1711.4
1385320 1711.1
1385330 1711.1
1385340 1711.1
1385350 1713.2
1385360 1713.2
1385370 1717.6
1385380 1722.9
1385390 1722.9
1385400 1724.3
1385410 1725.5
1385420 1725.5
1385430 1728.0
1385440 1729.1
1385450 1729.1
1385460 1726.9
1385470 1725.6
1385480 1724.2
1385490 1724.2
1385500 1723.5
1385510 1727.5
1385520 1727.5
1385530 1732.6
1385540 1736.5
1385550 1736.5
1385560 1739.4
1385570 1741.9
1385580 1741.9
1385590 1745.8
1385600 1751.7
1385610 1751.7
1385620 1754.7
1385630 1758.2
1385640 1758.2
1385650 1764.3
1385660 1768.2
1385670 1770.8
1385680 1770.8
1385690 1773.8
1385700 1778.6
1385710 1778.6
1385720 1783.1
1385730 1787.7
1385740 1787.7
1385750 1794.0
1385760 1802.2
1385770 1802.2
1385780 1812.3
1385790 1821.4
1385800 1821.4
1385810 1832.2
1385820 1846.6
1385830 1846.6
1385840 1857.5
1385850 1865.6
1385860 1873.3
1385870 1873.3
1385880 1881.1
1385890 1887.2
1385900 1887.2
1385910 1891.0
1385920 1893.8
1385930 1893.8
1385940 1895.2
1385950 1896.0
1385960 1896.0
1385970 1896.5
1385980 1897.2
1385990 1897.2
1386000 1897.7
1386010 1897.7
1386020 1897.7
1386030 1897.3
1386040 1896.7
1386050 1896.1
1386060 1896.1
1386070 1895.3
1386080 1894.0
1386090 1894.0
1386100 1892.7
1386110 1891.5
1386120 1891.5
1386130 1890.4
1386140 1889.0
1386150 1889.0
1386160 1888.3
1386170 1888.1
1386180 1888.1
1386190 1887.6
1386200 1886.9
1386210 1886.9
1386220 1886.4
1386230 1885.3
1386240 1884.9
1386250 1884.9
1386260 1883.9
1386270 1882.5
1386280 1882.5
1386290 1881.4
1386300 1880.9
1386310 1880.9
1386320 1880.5
1386330 1879.9
1386340 1879.9
1386350 1879.0
1386360 1878.2
1386370 1878.2
1386380 1877.4
1386390 1876.3
1386400 1876.3
1386410 1874.9
1386420 1873.1
1386430 1871.4
1386440 1871.4
1386450 1870.6
1386460 1870.8
1386470 1870.8
1386480 1870.9
1386490 1870.0
1386500 1870.0
1386510 1869.1
1386520 1869.2
1386530 1869.2
1386540 1867.7
1386550 1868.2
1386560 1868.2
1386570 1868.1
1386580 1867.7
1386590 1867.7
1386600 1866.3
1386610 1864.9
1386620 1863.7
1386630 1863.7
1386640 1862.7
1386650 1861.5
1386660 1861.5
1386670 1859.8
1386680 1857.5
1386690 1857.5
1386700 1853.4
1386710 1849.0
1386720 1849.0
1386730 1845.2
1386740 1841.6
1386750 1841.6
1386760 1838.3
1386770 1832.8
1386780 1832.8
1386790 1828.4
1386800 1825.0
1386810 1822.1
1386820 1822.1
1386830 1819.9
1386840 1818.5
1386850 1818.5
1386860 1819.5
1386870 1819.5
1386880 1819.5
1386890 1819.3
1386900 1820.3
1386910 1820.3
1386920 1820.1
1386930 1817.9
1386940 1817.9
1386950 1815.0
1386960 1813.3
1386970 1813.3
1386980 1812.5
1386990 1811.7
1387000 1811.7
1387010 1809.7
1387020 1805.3
1387030 1801.8
1387040 1801.8
1387050 1798.0
1387060 1795.0
1387070 1795.0
1387080 1791.1
1387090 1787.3
1387100 1787.3
1387110 1783.9
1387120 1780.7
1387130 1780.7
1387140 1778.4
1387150 1776.8
1387160 1776.8
1387170 1775.5
1387180 1774.2
1387190 1774.2
1387200 1773.4
1387210 1772.6
1387220 1771.5
1387230 1771.5
1387240 1770.4
1387250 1769.3
1387260 1769.3
1387270 1768.0
1387280 1766.3
1387290 1766.3
1387300 1764.3
1387310 1762.2
1387320 1762.2
1387330 1760.5
1387340 1759.4
1387350 1759.4
1387360 1758.5
1387370 1757.7
1387380 1757.7
1387390 1757.1
1387400 1756.6
1387410 1756.2
1387420 1756.2
1387430 1756.1
1387440 1756.5
1387450 1756.5
1387460 1757.3
1387470 1758.3
1387480 1758.3
1387490 1758.9
1387500 1758.6
1387510 1758.6
1387520 1757.5
1387530 1755.2
1387540 1755.2
1387550 1750.4
1387560 1745.1
1387570 1745.1
1387580 1741.0
1387590 1738.1
1387600 1735.5
1387610 1735.5
1387620 1730.4
1387630 1724.5
1387640 1724.5
1387650 1719.8
1387660 1716.0
1387670 1716.0
1387680 1713.2
1387690 1711.2
1387700 1711.2
1387710 1710.2
1387720 1708.7
1387730 1708.7
1387740 1704.0
1387750 1688.4
1387760 1688.4
1387770 1676.2
1387780 1667.7
1387790 1660.0
1387800 1660.0
1387810 1652.4
1387820 1645.0
1387830 1645.0
1387840 1631.5
1387850 1622.9
1387860 1622.9
1387870 1613.9
1387880 1605.3
1387890 1605.3
1387900 1595.7
1387910 1583.5
1387920 1583.5
1387930 1574.3
1387940 1564.9
1387950 1564.9
1387960 1555.9
1387970 1546.7
1387980 1536.5
1387990 1536.5
1388000 1527.8
1388010 1520.4
1388020 1520.4
1388030 1514.0
1388040 1506.8
1388050 1506.8
1388060 1498.4
1388070 1489.7
1388080 1489.7
1388090 1482.7
1388100 1478.2
1388110 1478.2
1388120 1481.3
1388130 1488.5
1388140 1488.5
1388150 1496.7
1388160 1511.2
1388170 1522.0
1388180 1522.0
1388190 1533.6
1388200 1544.7
1388210 1544.7
1388220 1547.3
1388230 1544.8
1388240 1544.8
1388250 1541.7
1388260 1536.3
1388270 1536.3
1388280 1526.9
1388290 1520.3
1388300 1520.3
1388310 1515.9
1388320 1510.2
1388330 1510.2
1388340 1505.5
1388350 1502.4
1388360 1499.5
1388370 1499.5
1388380 1496.7
1388390 1493.2
1388400 1493.2
1388410 1487.8
1388420 1481.5
1388430 1481.5
1388440 1475.2
1388450 1470.2
1388460 1470.2
1388470 1465.7
1388480 1459.1
1388490 1459.1
1388500 1452.8
1388510 1446.2
1388520 1446.2
1388530 1442.5
1388540 1439.3
1388550 1436.8
1388560 1436.8
1388570 1433.4
1388580 1430.4
1388590 1430.4
1388600 1425.2
1388610 1417.0
1388620 1417.0
1388630 1408.4
1388640 1405.3
1388650 1405.3
1388660 1398.6
1388670 1389.8
1388680 1389.8
1388690 1383.0
1388700 1375.6
1388710 1375.6
1388720 1370.7
1388730 1371.8
1388740 1375.8
1388750 1375.8
1388760 1379.7
1388770 1382.6
1388780 1382.6
1388790 1383.8
1388800 1387.8
1388810 1387.8
1388820 1391.1
1388830 1389.4
1388840 1389.4
1388850 1388.0
1388860 1386.2
1388870 1386.2
1388880 1383.4
1388890 1376.6
1388900 1376.6
1388910 1367.4
1388920 1356.8
1388930 1346.0
1388940 1346.0
1388950 1332.6
1388960 1325.1
1388970 1325.1
1388980 1322.6
1388990 1325.3
1389000 1325.3
1389010 1331.4
1389020 1339.7
1389030 1339.7
1389040 1346.8
1389050 1346.0
1389060 1346.0
1389070 1344.7
1389080 1344.6
1389090 1344.6
1389100 1343.6
1389110 1341.8
1389120 1337.5
1389130 1337.5
1389140 1330.8
1389150 1323.1
1389160 1328.8
1389170 1323.3
1389180 1316.0
1389190 1316.0
1389200 1310.2
1389210 1307.8
1389220 1307.8
1389230 1304.3
1389240 1299.4
1389250 1299.4
1389260 1296.1
1389270 1294.9
1389280 1294.9
1389290 1295.3
1389300 1292.2
1389310 1286.4
1389320 1286.4
1389330 1283.0
1389340 1274.8
1389350 1274.8
1389360 1266.0
1389370 1262.6
1389380 1262.6
1389390 1265.4
1389400 1270.3
1389410 1270.3
1389420 1276.6
1389430 1279.4
1389440 1279.4
1389450 1278.7
1389460 1277.6
1389470 1277.6
1389480 1276.6
1389490 1275.5
1389500 1274.3
1389510 1274.3
1389520 1272.6
1389530 1270.2
1389540 1270.2
1389550 1267.5
1389560 1265.1
1389570 1265.1
1389580 1262.2
1389590 1258.9
1389600 1258.9
1389610 1255.4
1389620 1251.0
1389630 1251.0
1389640 1246.5
1389650 1242.3
1389660 1242.3
1389670 1238.2
1389680 1234.3
1389690 1230.9
1389700 1230.9
1389710 1228.7
1389720 1225.9
1389730 1225.9
1389740 1221.7
1389750 1217.6
1389760 1217.6
1389770 1216.5
1389780 1217.0
1389790 1217.0
1389800 1217.9
1389810 1217.2
1389820 1217.2
1389830 1213.1
1389840 1213.9
1389850 1213.9
1389860 1212.6
1389870 1209.1
1389880 1206.7
1389890 1206.7
1389900 1203.1
1389910 1199.0
1389920 1199.0
1389930 1195.0
1389940 1191.2
1389950 1191.2
1389960 1188.4
1389970 1185.3
1389980 1185.3
1389990 1183.1
1390000 1181.0
1390010 1181.0
1390020 1179.7
1390030 1178.3
1390040 1178.3
1390050 1175.6
1390060 1171.8
1390070 1171.8
1390080 1168.0
1390090 1164.6
1390100 1161.1
1390110 1161.1
1390120 1157.0
1390130 1153.6
1390140 1153.6
1390150 1151.7
1390160 1151.4
1390170 1151.4
1390180 1149.8
1390190 1147.3
1390200 1147.3
1390210 1143.6
1390220 1140.7
1390230 1140.7
1390240 1137.9
1390250 1134.2
1390260 1134.2
1390270 1130.4
1390280 1126.4
1390290 1123.2
1390300 1123.2
1390310 1121.1
1390320 1119.4
1390330 1119.4
1390340 1119.3
1390350 1118.7
1390360 1118.7
1390370 1117.6
1390380 1117.3
1390390 1117.3
1390400 1117.2
1390410 1117.2
1390420 1117.2
1390430 1117.0
1390440 1117.0
1390450 1117.0
1390460 1116.9
1390470 1116.9
1390480 1116.8
1390490 1117.2
1390500 1117.4
1390510 1117.7
1390520 1117.7
1390530 1119.6
1390540 1122.9
1390550 1122.9
1390560 1124.3
1390570 1125.5
1390580 1125.5
1390590 1126.6
1390600 1126.5
1390610 1126.5
1390620 1126.0
1390630 1125.6
1390640 1125.6
1390650 1125.2
1390660 1124.5
1390670 1123.5
1390680 1123.5
1390690 1122.7
1390700 1122.0
1390710 1122.0
1390720 1121.6
1390730 1121.6
1390740 1121.6
1390750 1122.1
1390760 1120.0
1390770 1120.0
1390780 1117.9
1390790 1117.0
1390800 1117.0
1390810 1117.4
1390820 1117.2
1390830 1117.2
1390840 1116.0
1390850 1114.5
1390860 1113.3
1390870 1113.3
1390880 1112.5
1390890 1112.1
1390900 1112.1
1390910 1112.0
1390920 1112.1
1390930 1112.1
1390940 1111.8
1390950 1112.0
1390960 1112.0
1390970 1112.7
1390980 1113.2
1390990 1113.2
1391000 1113.9
1391010 1115.0
1391020 1115.0
1391030 1116.4
1391040 1118.1
1391050 1119.0
1391060 1119.0
1391070 1119.5
1391080 1119.8
1391090 1119.8
1391100 1120.3
1391110 1121.4
1391120 1121.4
1391130 1123.6
1391140 1125.5
1391150 1125.5
1391160 1126.2
1391170 1125.2
1391180 1125.2
1391190 1125.7
1391200 1129.8
1391210 1129.8
1391220 1133.5
1391230 1136.6
1391240 1140.0
1391250 1140.0
1391260 1144.0
1391270 1147.9
1391280 1147.9
1391290 1151.9
1391300 1155.9
1391310 1155.9
1391320 1159.5
1391330 1159.9
1391340 1159.9
1391350 1160.5
1391360 1161.5
1391370 1161.5
1391380 1164.4
1391390 1168.1
1391400 1168.1
1391410 1170.7
1391420 1171.2
1391430 1171.0
1391440 1171.0
1391450 1174.5
1391460 1178.2
1391470 1178.2
1391480 1179.8
1391490 1179.8
1391500 1179.8
1391510 1179.5
1391520 1178.0
1391530 1178.0
1391540 1176.8
1391550 1179.7
1391560 1179.7
1391570 1184.8
1391580 1189.5
1391590 1189.5
1391600 1194.1
1391610 1197.5
1391620 1199.3
1391630 1199.3
1391640 1200.3
1391650 1200.5
1391660 1200.5
1391670 1200.6
1391680 1200.5
1391690 1200.5
1391700 1199.5
1391710 1198.1
1391720 1198.1
1391730 1196.7
1391740 1195.1
1391750 1195.1
1391760 1193.7
1391770 1191.2
1391780 1191.2
1391790 1189.6
1391800 1193.1
1391810 1195.5
1391820 1195.5
1391830 1196.7
1391840 1195.7
1391850 1203.7
1391860 1203.2
1391870 1202.2
1391880 1202.2
1391890 1200.5
1391900 1198.7
1391910 1198.7
1391920 1196.8
1391930 1194.5
1391940 1194.5
1391950 1191.9
1391960 1189.8
1391970 1189.8
1391980 1187.9
1391990 1185.9
1392000 1184.8
1392010 1184.8
1392020 1183.6
1392030 1180.7
1392040 1180.7
1392050 1177.3
1392060 1174.5
1392070 1174.5
1392080 1172.9
1392090 1173.2
1392100 1173.2
1392110 1178.3
1392120 1181.5
1392130 1181.5
1392140 1183.5
1392150 1185.7
1392160 1185.7
1392170 1186.9
1392180 1187.1
1392190 1186.8
1392200 1186.8
1392210 1186.8
1392220 1187.1
1392230 1187.1
1392240 1188.4
1392250 1190.6
1392260 1190.6
1392270 1192.6
1392280 1192.8
1392290 1192.8
1392300 1192.0
1392310 1191.2
1392320 1191.2
1392330 1189.5
1392340 1186.5
1392350 1186.5
1392360 1183.3
1392370 1184.4
1392380 1184.0
1392390 1184.0
1392400 1182.6
1392410 1180.5
1392420 1180.5
1392430 1178.7
1392440 1177.4
1392450 1177.4
1392460 1176.1
1392470 1174.6
1392480 1174.6
1392490 1172.6
1392500 1169.3
1392510 1169.3
1392520 1165.3
1392530 1161.0
1392540 1161.0
1392550 1156.4
1392560 1150.8
1392570 1147.2
1392580 1147.2
1392590 1145.1
1392600 1143.7
1392610 1143.7
1392620 1142.5
1392630 1142.2
1392640 1142.2
1392650 1140.9
1392660 1137.8
1392670 1137.8
1392680 1133.7
1392690 1129.1
1392700 1129.1
1392710 1124.4
1392720 1120.9
1392730 1120.9
1392740 1116.9
1392750 1113.1
1392760 1108.6
1392770 1108.6
1392780 1103.4
1392790 1100.6
1392800 1100.6
1392810 1099.8
1392820 1099.9
1392830 1099.9
1392840 1100.2
1392850 1100.5
1392860 1100.5
1392870 1100.8
1392880 1100.8
1392890 1100.8
1392900 1100.9
1392910 1101.0
1392920 1101.0
1392930 1100.8
1392940 1100.4
1392950 1100.2
1392960 1100.2
1392970 1101.0
1392980 1102.7
1392990 1102.7
1393000 1101.5
1393010 1103.9
1393020 1103.9
1393030 1106.1
1393040 1107.0
1393050 1107.0
1393060 1109.7
1393070 1112.1
1393080 1112.1
1393090 1113.5
1393100 1116.2
1393110 1116.2
1393120 1118.6
1393130 1120.5
1393140 1120.5
1393150 1123.0
1393160 1124.5
1393170 1126.6
1393180 1126.6
1393190 1129.4
1393200 1131.6
1393210 1131.6
1393220 1136.3
1393230 1137.1
1393240 1137.1
1393250 1137.3
1393260 1136.8
1393270 1136.8
1393280 1137.8
1393290 1143.8
1393300 1143.8
1393310 1150.8
1393320 1157.2
1393330 1157.2
1393340 1162.8
1393350 1167.7
1393360 1171.9
1393370 1171.9
1393380 1174.8
1393390 1177.1
1393400 1177.1
1393410 1184.4
1393420 1203.7
1393430 1203.7
1393440 1220.1
1393450 1227.4
1393460 1227.4
1393470 1232.4
1393480 1240.4
1393490 1240.4
1393500 1244.0
1393510 1248.0
1393520 1248.0
1393530 1254.0
1393540 1261.0
1393550 1265.3
1393560 1265.3
1393570 1264.0
1393580 1264.1
1393590 1264.1
1393600 1265.0
1393610 1267.6
1393620 1267.6
1393630 1274.1
1393640 1283.5
1393650 1283.5
1393660 1288.6
1393670 1291.9
1393680 1291.9
1393690 1294.4
1393700 1297.4
1393710 1297.4
1393720 1301.9
1393730 1306.5
1393740 1310.4
1393750 1310.4
1393760 1314.0
1393770 1317.1
1393780 1317.1
1393790 1319.4
1393800 1321.2
1393810 1321.2
1393820 1321.4
1393830 1322.0
1393840 1322.0
1393850 1323.5
1393860 1323.5
1393870 1323.5
1393880 1324.6
1393890 1334.6
1393900 1334.6
1393910 1347.2
1393920 1354.4
1393930 1352.1
1393940 1352.1
1393950 1350.0
1393960 1351.0
1393970 1351.0
1393980 1353.1
1393990 1357.5
1394000 1357.5
1394010 1362.3
1394020 1361.1
1394030 1361.1
1394040 1357.4
1394050 1358.4
1394060 1358.4
1394070 1362.4
1394080 1366.1
1394090 1366.1
1394100 1370.0
1394110 1374.1
1394120 1377.6
1394130 1377.6
1394140 1379.9
1394150 1381.7
1394160 1381.7
1394170 1381.4
1394180 1380.2
1394190 1380.2
1394200 1380.0
1394210 1381.7
1394220 1381.7
1394230 1384.5
1394240 1386.4
1394250 1386.4
1394260 1388.1
1394270 1391.5
1394280 1391.5
1394290 1395.6
1394300 1399.1
1394310 1402.2
1394320 1402.2
1394330 1402.0
1394340 1407.2
1394350 1407.2
1394360 1408.9
1394370 1408.6
1394380 1408.6
1394390 1407.3
1394400 1405.4
1394410 1405.4
1394420 1403.2
1394430 1401.4
1394440 1401.4
1394450 1401.2
1394460 1400.8
1394470 1400.8
1394480 1400.3
1394490 1400.0
1394500 1400.4
1394510 1400.4
1394520 1400.7
1394530 1401.6
1394540 1401.6
1394550 1402.1
1394560 1402.0
1394570 1402.0
1394580 1400.9
1394590 1399.8
1394600 1399.8
1394610 1406.1
1394620 1405.4
1394630 1405.4
1394640 1403.4
1394650 1400.5
1394660 1400.5
1394670 1396.5
1394680 1391.0
1394690 1384.9
1394700 1384.9
1394710 1378.7
1394720 1374.2
1394730 1374.2
1394740 1369.6
1394750 1369.5
1394760 1369.5
1394770 1368.5
1394780 1365.5
1394790 1365.5
1394800 1361.0
1394810 1362.0
1394820 1362.0
1394830 1361.8
1394840 1363.1
1394850 1363.1
1394860 1365.0
1394870 1364.4
1394880 1368.5
1394890 1368.5
1394900 1375.8
1394910 1381.4
1394920 1381.4
1394930 1384.0
1394940 1386.5
1394950 1386.5
1394960 1392.2
1394970 1401.9
1394980 1401.9
1394990 1408.5
1395000 1415.6
1395010 1415.6
1395020 1423.7
1395030 1428.0
1395040 1428.0
1395050 1430.2
1395060 1430.4
1395070 1428.4
1395080 1428.4
1395090 1424.0
1395100 1419.3
1395110 1419.3
1395120 1416.0
1395130 1414.2
1395140 1414.2
1395150 1411.9
1395160 1408.9
1395170 1408.9
1395180 1403.7
1395190 1399.0
1395200 1399.0
1395210 1397.9
1395220 1399.9
1395230 1399.9
1395240 1401.8
1395250 1404.0
1395260 1407.6
1395270 1407.6
1395280 1413.1
1395290 1419.6
1395300 1419.6
1395310 1423.2
1395320 1425.4
1395330 1425.4
1395340 1425.6
1395350 1425.1
1395360 1425.1
1395370 1427.3
1395380 1431.5
1395390 1431.5
1395400 1439.4
1395410 1445.0
1395420 1445.0
1395430 1444.8
1395440 1445.3
1395450 1447.7
1395460 1447.7
1395470 1450.5
1395480 1450.8
1395490 1450.8
1395500 1449.8
1395510 1449.1
1395520 1449.1
1395530 1446.5
1395540 1442.7
1395550 1442.7
1395560 1440.0
1395570 1438.8
1395580 1438.8
1395590 1439.8
1395600 1441.1
1395610 1441.1
1395620 1441.4
1395630 1442.0
1395640 1442.6
1395650 1442.6
1395660 1444.8
1395670 1447.7
1395680 1447.7
1395690 1449.3
1395700 1451.8
1395710 1451.8
1395720 1461.9
1395730 1471.0
1395740 1471.0
1395750 1479.1
1395760 1479.6
1395770 1479.6
1395780 1469.6
1395790 1464.8
1395800 1464.8
1395810 1465.1
1395820 1463.2
1395830 1465.5
1395840 1465.5
1395850 1475.8
1395860 1491.2
1395870 1491.2
1395880 1507.4
1395890 1515.5
1395900 1515.5
1395910 1517.1
1395920 1524.8
1395930 1524.8
1395940 1533.2
1395950 1531.4
1395960 1531.4
1395970 1529.4
1395980 1532.4
1395990 1532.4
1396000 1538.9
1396010 1547.0
1396020 1554.5
1396030 1561.9
1396040 1569.1
1396050 1571.2
1396060 1571.2
1396070 1571.7
1396080 1571.5
1396090 1571.5
1396100 1570.7
1396110 1568.9
1396120 1568.9
1396130 1566.0
1396140 1562.7
1396150 1562.7
1396160 1560.1
1396170 1558.0
1396180 1558.0
1396190 1553.7
1396200 1549.5
1396210 1547.4
1396220 1547.4
1396230 1545.3
1396240 1544.8
1396250 1544.8
1396260 1545.1
1396270 1545.3
1396280 1545.3
1396290 1544.5
1396300 1542.3
1396310 1542.3
1396320 1539.0
1396330 1535.5
1396340 1535.5
1396350 1531.8
1396360 1526.8
1396370 1526.8
1396380 1523.1
1396390 1519.3
1396400 1519.3
1396410 1516.4
1396420 1514.2
1396430 1510.9
1396440 1510.9
1396450 1506.8
1396460 1503.9
1396470 1503.9
1396480 1501.4
1396490 1499.1
1396500 1499.1
1396510 1497.6
1396520 1495.1
1396530 1495.1
1396540 1491.5
1396550 1487.6
1396560 1487.6
1396570 1483.2
1396580 1479.5
1396590 1479.5
1396600 1476.4
1396610 1474.4
1396620 1472.4
1396630 1472.4
1396640 1469.2
1396650 1465.3
1396660 1465.3
1396670 1461.1
1396680 1458.6
1396690 1458.6
1396700 1456.2
1396710 1453.0
1396720 1453.0
1396730 1449.5
1396740 1447.3
1396750 1447.3
1396760 1445.6
1396770 1444.4
1396780 1444.4
1396790 1441.2
1396800 1436.3
1396810 1433.0
1396820 1433.0
1396830 1430.5
1396840 1427.2
1396850 1427.2
1396860 1422.5
1396870 1417.7
1396880 1417.7
1396890 1413.4
1396900 1410.1
1396910 1410.1
1396920 1407.9
1396930 1406.3
1396940 1406.3
1396950 1403.8
1396960 1400.8
1396970 1400.8
1396980 1398.2
1396990 1395.9
1397000 1392.3
1397010 1392.3
1397020 1388.2
1397030 1384.7
1397040 1384.7
1397050 1382.0
1397060 1379.0
1397070 1379.0
1397080 1376.0
1397090 1373.8
1397100 1373.8
1397110 1371.1
1397120 1368.8
1397130 1368.8
1397140 1366.8
1397150 1365.2
1397160 1365.2
1397170 1363.4
1397180 1360.5
1397190 1357.0
1397200 1357.0
1397210 1353.8
1397220 1351.3
1397230 1351.3
1397240 1347.0
1397250 1341.9
1397260 1341.9
1397270 1333.6
1397280 1323.4
1397290 1323.4
1397300 1312.8
1397310 1302.0
1397320 1302.0
1397330 1293.6
1397340 1285.9
1397350 1285.9
1397360 1278.5
1397370 1270.4
1397380 1259.0
1397390 1259.0
1397400 1248.8
1397410 1238.8
1397420 1238.8
1397430 1226.8
1397440 1212.1
1397450 1212.1
1397460 1198.2
1397470 1186.9
1397480 1186.9
1397490 1176.5
1397500 1168.6
1397510 1168.6
1397520 1172.2
1397530 1176.7
1397540 1176.7
1397550 1191.0
1397560 1206.8
1397570 1218.4
1397580 1218.4
1397590 1228.8
1397600 1238.4
1397610 1238.4
1397620 1247.1
1397630 1255.2
1397640 1255.2
1397650 1265.3
1397660 1275.5
1397670 1275.5
1397680 1284.4
1397690 1292.1
1397700 1292.1
1397710 1300.1
1397720 1308.7
1397730 1308.7
1397740 1318.1
1397750 1328.3
1397760 1337.7
1397770 1337.7
1397780 1346.4
1397790 1354.9
1397800 1354.9
1397810 1364.3
1397820 1373.3
1397830 1373.3
1397840 1382.2
1397850 1389.2
1397860 1389.2
1397870 1395.2
1397880 1400.7
1397890 1400.7
1397900 1405.3
1397910 1409.4
1397920 1409.4
1397930 1410.0
1397940 1408.9
1397950 1408.6
1397960 1408.6
1397970 1408.6
1397980 1409.1
1397990 1409.1
1398000 1409.1
1398010 1409.2
1398020 1409.2
1398030 1407.0
1398040 1404.9
1398050 1404.9
1398060 1403.2
1398070 1401.2
1398080 1401.2
1398090 1398.6
1398100 1398.1
1398110 1398.1
1398120 1398.9
1398130 1398.5
1398140 1394.8
1398150 1394.8
1398160 1389.7
1398170 1385.5
1398180 1385.5
1398190 1382.1
1398200 1379.2
1398210 1379.2
1398220 1376.4
1398230 1373.9
1398240 1373.9
1398250 1371.4
1398260 1369.0
1398270 1369.0
1398280 1366.8
1398290 1364.5
1398300 1364.5
1398310 1362.5
1398320 1361.1
1398330 1359.6
1398340 1359.6
1398350 1359.1
1398360 1359.0
1398370 1359.0
1398380 1358.8
1398390 1358.9
1398400 1358.9
1398410 1358.3
1398420 1357.1
1398430 1357.1
1398440 1356.3
1398450 1355.7
1398460 1355.7
1398470 1354.4
1398480 1352.3
1398490 1352.3
1398500 1350.9
1398510 1349.0
1398520 1347.0
1398530 1347.0
1398540 1345.2
1398550 1342.7
1398560 1342.7
1398570 1340.3
1398580 1338.9
1398590 1338.9
1398600 1339.1
1398610 1340.1
1398620 1340.1
1398630 1339.9
1398640 1339.4
1398650 1339.4
1398660 1338.3
1398670 1336.6
1398680 1336.6
1398690 1336.3
1398700 1336.5
1398710 1336.1
1398720 1336.1
1398730 1335.0
1398740 1333.1
1398750 1333.1
1398760 1330.4
1398770 1327.5
1398780 1327.5
1398790 1326.6
1398800 1326.0
1398810 1326.0
1398820 1328.3
1398830 1329.8
1398840 1329.8
1398850 1328.4
1398860 1327.3
1398870 1327.3
1398880 1326.3
1398890 1325.9
1398900 1322.3
1398910 1322.3
1398920 1319.0
1398930 1328.7
1398940 1328.7
1398950 1328.0
1398960 1322.4
1398970 1322.4
1398980 1319.5
1398990 1321.0
1399000 1321.0
1399010 1322.0
1399020 1322.9
1399030 1322.9
1399040 1322.9
1399050 1324.4
1399060 1324.4
1399070 1324.8
1399080 1321.3
1399090 1314.2
1399100 1314.2
1399110 1317.4
1399120 1320.2
1399130 1320.2
1399140 1321.9
1399150 1321.9
1399160 1321.9
1399170 1322.9
1399180 1328.3
1399190 1328.3
1399200 1332.7
1399210 1336.5
1399220 1336.5
1399230 1339.2
1399240 1341.3
1399250 1341.3
1399260 1342.2
1399270 1342.2
1399280 1341.2
1399290 1341.2
1399300 1338.8
1399310 1335.0
1399320 1335.0
1399330 1334.9
1399340 1341.3
1399350 1341.3
1399360 1347.8
1399370 1350.1
1399380 1350.1
1399390 1348.6
1399400 1347.4
1399410 1347.4
1399420 1345.2
1399430 1340.9
1399440 1340.9
1399450 1340.2
1399460 1341.4
1399470 1341.4
1399480 1344.3
1399490 1345.3
1399500 1341.1
1399510 1341.1
1399520 1336.4
1399530 1334.8
1399540 1334.8
1399550 1335.6
1399560 1340.2
1399570 1340.2
1399580 1344.2
1399590 1342.9
1399600 1342.9
1399610 1336.0
1399620 1332.6
1399630 1332.6
1399640 1331.8
1399650 1338.2
1399660 1338.2
1399670 1346.3
1399680 1356.3
1399690 1366.3
1399700 1366.3
1399710 1374.5
1399720 1382.9
1399730 1382.9
1399740 1391.6
1399750 1398.0
1399760 1398.0
1399770 1402.8
1399780 1407.8
1399790 1407.8
1399800 1412.8
1399810 1415.0
1399820 1415.0
1399830 1416.8
1399840 1418.3
1399850 1418.3
1399860 1419.8
1399870 1421.7
1399880 1423.4
1399890 1423.4
1399900 1425.2
1399910 1427.3
1399920 1427.3
1399930 1431.1
1399940 1433.0
1399950 1433.0
1399960 1433.1
1399970 1434.6
1399980 1434.6
1399990 1436.2
