1380000 1908.7
1380010 1905.7
1380020 1905.7
1380030 1900.8
1380040 1895.0
1380050 1889.7
1380060 1889.7
1380070 1884.5
1380080 1878.2
1380090 1878.2
1380100 1870.0
1380110 1861.8
1380120 1861.8
1380130 1856.9
1380140 1853.4
1380150 1853.4
1380160 1849.9
1380170 1846.3
1380180 1846.3
1380190 1839.6
1380200 1831.2
1380210 1831.2
1380220 1834.2
1380230 1834.7
1380240 1840.0
1380250 1840.0
1380260 1842.5
1380270 1841.3
1380280 1841.3
1380290 1835.9
1380300 1830.7
1380310 1830.7
1380320 1826.7
1380330 1822.7
1380340 1822.7
1380350 1817.7
1380360 1812.1
1380370 1812.1
1380380 1806.8
1380390 1801.4
1380400 1801.4
1380410 1796.8
1380420 1794.0
1380430 1793.3
1380440 1793.3
1380450 1791.9
1380460 1787.4
1380470 1787.4
1380480 1782.5
1380490 1777.8
1380500 1777.8
1380510 1773.0
1380520 1768.0
1380530 1768.0
1380540 1762.3
1380550 1757.3
1380560 1757.3
1380570 1752.0
1380580 1747.7
1380590 1747.7
1380600 1744.6
1380610 1741.2
1380620 1736.5
1380630 1736.5
1380640 1732.0
1380650 1726.1
1380660 1726.1
1380670 1717.2
1380680 1706.4
1380690 1706.4
1380700 1695.5
1380710 1682.4
1380720 1682.4
1380730 1670.4
1380740 1659.2
1380750 1659.2
1380760 1650.0
1380770 1641.0
1380780 1641.0
1380790 1630.8
1380800 1620.1
1380810 1620.1
1380820 1614.1
1380830 1612.4
1380840 1615.6
1380850 1615.6
1380860 1620.0
1380870 1626.1
1380880 1626.1
1380890 1632.2
1380900 1639.1
1380910 1639.1
1380920 1648.1
1380930 1656.9
1380940 1656.9
1380950 1665.0
1380960 1674.3
1380970 1674.3
1380980 1683.6
1380990 1692.4
1381000 1692.4
1381010 1700.3
1381020 1705.4
1381030 1709.9
1381040 1709.9
1381050 1715.6
1381060 1722.6
1381070 1722.6
1381080 1730.3
1381090 1738.1
1381100 1738.1
1381110 1747.3
1381120 1754.4
1381130 1754.4
1381140 1757.7
1381150 1760.6
1381160 1760.6
1381170 1761.5
1381180 1761.9
1381190 1761.9
1381200 1759.9
1381210 1757.4
1381220 1757.0
1381230 1757.0
1381240 1758.2
1381250 1759.4
1381260 1759.4
1381270 1759.4
1381280 1759.6
1381290 1759.6
1381300 1760.7
1381310 1760.7
1381320 1760.7
1381330 1758.9
1381340 1757.0
1381350 1757.0
1381360 1755.6
1381370 1753.9
1381380 1753.9
1381390 1752.3
1381400 1751.1
1381410 1750.0
1381420 1750.0
1381430 1748.9
1381440 1748.0
1381450 1744.0
1381460 1743.7
1381470 1744.2
1381480 1744.2
1381490 1745.0
1381500 1744.2
1381510 1744.2
1381520 1741.5
1381530 1739.0
1381540 1739.0
1381550 1737.7
1381560 1737.2
1381570 1737.2
1381580 1735.6
1381590 1733.4
1381600 1731.5
1381610 1731.5
1381620 1733.0
1381630 1735.3
1381640 1735.3
1381650 1737.3
1381660 1739.2
1381670 1739.2
1381680 1739.8
1381690 1737.9
1381700 1737.9
1381710 1735.8
1381720 1732.4
1381730 1732.4
1381740 1728.8
1381750 1727.1
1381760 1727.1
1381770 1723.2
1381780 1719.3
1381790 1716.8
1381800 1716.8
1381810 1715.5
1381820 1715.1
1381830 1715.1
1381840 1714.9
1381850 1714.5
1381860 1714.5
1381870 1713.9
1381880 1713.4
1381890 1713.4
1381900 1713.8
1381910 1713.5
1381920 1713.5
1381930 1713.5
1381940 1713.2
1381950 1713.2
1381960 1711.5
1381970 1710.5
1381980 1710.9
1381990 1710.9
1382000 1712.9
1382010 1714.4
1382020 1714.4
1382030 1713.9
1382040 1711.0
1382050 1711.0
1382060 1705.3
1382070 1706.4
1382080 1706.4
1382090 1707.4
1382100 1704.4
1382110 1704.4
1382120 1703.4
1382130 1705.1
1382140 1705.1
1382150 1703.7
1382160 1701.7
1382170 1699.2
1382180 1699.2
1382190 1697.5
1382200 1697.2
1382210 1697.2
1382220 1697.0
1382230 1695.7
1382240 1695.7
1382250 1692.8
1382260 1690.2
1382270 1690.2
1382280 1688.2
1382290 1686.9
1382300 1686.9
1382310 1685.5
1382320 1683.6
1382330 1683.6
1382340 1681.3
1382350 1678.0
1382360 1676.1
1382370 1676.1
1382380 1674.0
1382390 1672.3
1382400 1672.3
1382410 1671.9
1382420 1670.3
1382430 1670.3
1382440 1667.6
1382450 1665.1
1382460 1665.1
1382470 1662.6
1382480 1660.8
1382490 1660.8
1382500 1659.0
1382510 1658.4
1382520 1658.4
1382530 1657.9
1382540 1658.3
1382550 1658.3
1382560 1658.8
1382570 1660.0
1382580 1661.4
1382590 1661.4
1382600 1662.0
1382610 1661.7
1382620 1661.7
1382630 1661.1
1382640 1660.6
1382650 1660.6
1382660 1659.8
1382670 1658.3
1382680 1655.5
1382690 1654.3
1382700 1653.5
1382710 1653.5
1382720 1652.6
1382730 1651.1
1382740 1651.1
1382750 1649.6
1382760 1648.1
1382770 1646.3
1382780 1646.3
1382790 1644.5
1382800 1641.9
1382810 1641.9
1382820 1639.0
1382830 1637.1
1382840 1637.1
1382850 1634.2
1382860 1631.1
1382870 1631.1
1382880 1628.3
1382890 1625.9
1382900 1625.9
1382910 1623.6
1382920 1621.2
1382930 1621.2
1382940 1619.3
1382950 1617.5
1382960 1614.9
1382970 1614.9
1382980 1613.0
1382990 1611.5
1383000 1611.5
1383010 1610.0
1383020 1608.4
1383030 1608.4
1383040 1607.4
1383050 1607.0
1383060 1607.0
1383070 1606.3
1383080 1605.7
1383090 1605.7
1383100 1605.3
1383110 1604.3
1383120 1604.3
1383130 1603.8
1383140 1602.5
1383150 1599.9
1383160 1599.9
1383170 1597.4
1383180 1594.6
1383190 1594.6
1383200 1592.6
1383210 1590.4
1383220 1590.4
1383230 1587.6
1383240 1585.2
1383250 1585.2
1383260 1582.8
1383270 1579.9
1383280 1579.9
1383290 1576.7
1383300 1573.3
1383310 1573.3
1383320 1569.9
1383330 1565.9
1383340 1561.1
1383350 1561.1
1383360 1557.0
1383370 1553.3
1383380 1553.3
1383390 1549.3
1383400 1544.2
1383410 1544.2
1383420 1538.9
1383430 1533.5
1383440 1533.5
1383450 1528.4
1383460 1521.7
1383470 1521.7
1383480 1515.5
1383490 1510.6
1383500 1510.6
1383510 1504.8
1383520 1497.5
1383530 1488.7
1383540 1488.7
1383550 1481.7
1383560 1475.6
1383570 1475.6
1383580 1469.6
1383590 1465.2
1383600 1465.2
1383610 1462.0
1383620 1459.0
1383630 1459.0
1383640 1458.5
1383650 1462.1
1383660 1462.1
1383670 1466.7
1383680 1472.1
1383690 1472.1
1383700 1478.9
1383710 1487.0
1383720 1495.2
1383730 1495.2
1383740 1500.8
1383750 1501.2
1383760 1501.2
1383770 1496.7
1383780 1490.5
1383790 1490.5
1383800 1486.2
1383810 1484.2
1383820 1484.2
1383830 1482.3
1383840 1479.3
1383850 1479.3
1383860 1477.4
1383870 1477.5
1383880 1477.5
1383890 1476.5
1383900 1475.3
1383910 1473.4
1383920 1473.4
1383930 1466.0
1383940 1463.5
1383950 1463.5
1383960 1462.7
1383970 1462.6
1383980 1462.6
1383990 1460.9
1384000 1457.4
1384010 1457.4
1384020 1453.2
1384030 1449.0
1384040 1449.0
1384050 1445.5
1384060 1442.3
1384070 1442.3
1384080 1439.9
1384090 1437.5
1384100 1435.7
1384110 1435.7
1384120 1430.3
1384130 1431.3
1384140 1431.3
1384150 1434.8
1384160 1438.0
1384170 1438.0
1384180 1441.0
1384190 1443.7
1384200 1443.7
1384210 1448.1
1384220 1453.0
1384230 1453.0
1384240 1456.7
1384250 1457.9
1384260 1457.9
1384270 1457.7
1384280 1457.5
1384290 1457.5
1384300 1457.2
1384310 1456.9
1384320 1455.6
1384330 1455.6
1384340 1454.0
1384350 1453.3
1384360 1453.3
1384370 1452.7
1384380 1451.5
1384390 1451.5
1384400 1450.0
1384410 1448.6
1384420 1448.6
1384430 1447.3
1384440 1443.3
1384450 1443.3
1384460 1435.3
1384470 1429.3
1384480 1429.3
1384490 1424.3
1384500 1419.8
1384510 1416.2
1384520 1416.2
1384530 1413.2
1384540 1411.0
1384550 1411.0
1384560 1403.8
1384570 1396.2
1384580 1396.2
1384590 1397.1
1384600 1401.2
1384610 1401.2
1384620 1402.6
1384630 1402.8
1384640 1402.8
1384650 1402.4
1384660 1402.4
1384670 1402.4
1384680 1403.2
1384690 1403.3
1384700 1402.0
1384710 1402.0
1384720 1404.4
1384730 1409.2
1384740 1409.2
1384750 1410.0
1384760 1407.9
1384770 1407.9
1384780 1404.6
1384790 1402.5
1384800 1402.5
1384810 1401.2
1384820 1401.0
1384830 1401.0
1384840 1400.9
1384850 1401.3
1384860 1401.3
1384870 1402.4
1384880 1400.4
1384890 1398.6
1384900 1398.6
1384910 1399.4
1384920 1398.0
1384930 1398.0
1384940 1395.4
1384950 1391.9
1384960 1391.9
1384970 1387.9
1384980 1382.8
1384990 1382.8
1385000 1377.9
1385010 1373.6
1385020 1373.6
1385030 1370.9
1385040 1369.8
1385050 1369.8
1385060 1369.7
1385070 1370.7
1385080 1370.6
1385090 1370.6
1385100 1370.4
1385110 1370.6
1385120 1370.6
1385130 1370.9
1385140 1371.5
1385150 1371.5
1385160 1372.0
1385170 1372.5
1385180 1372.5
1385190 1372.9
1385200 1368.6
1385210 1368.6
1385220 1367.5
1385230 1366.5
1385240 1366.5
1385250 1366.1
1385260 1365.9
1385270 1365.3
1385280 1365.3
1385290 1365.1
1385300 1365.0
1385310 1365.0
1385320 1365.1
1385330 1364.8
1385340 1364.8
1385350 1364.0
1385360 1363.4
1385370 1363.4
1385380 1363.1
1385390 1363.5
1385400 1363.5
1385410 1364.4
1385420 1365.1
1385430 1365.1
1385440 1362.4
1385450 1354.7
1385460 1347.4
1385470 1347.4
1385480 1343.9
1385490 1343.7
1385500 1343.7
1385510 1345.3
1385520 1345.2
1385530 1345.2
1385540 1345.9
1385550 1346.6
1385560 1346.6
1385570 1346.9
1385580 1346.7
1385590 1346.7
1385600 1345.3
1385610 1344.3
1385620 1344.3
1385630 1344.1
1385640 1343.8
1385650 1342.4
1385660 1342.4
1385670 1340.3
1385680 1337.2
1385690 1337.2
1385700 1332.1
1385710 1325.2
1385720 1325.2
1385730 1318.6
1385740 1317.7
1385750 1317.7
1385760 1321.0
1385770 1321.2
1385780 1321.2
1385790 1322.2
1385800 1326.7
1385810 1326.7
1385820 1331.1
1385830 1332.8
1385840 1332.8
1385850 1329.2
1385860 1325.5
1385870 1320.8
1385880 1320.8
1385890 1317.4
1385900 1317.7
1385910 1317.7
1385920 1321.9
1385930 1329.9
1385940 1329.9
1385950 1335.4
1385960 1337.3
1385970 1337.3
1385980 1338.7
1385990 1339.6
1386000 1339.6
1386010 1341.8
1386020 1344.0
1386030 1344.0
1386040 1345.2
1386050 1345.1
1386060 1343.7
1386070 1343.7
1386080 1340.6
1386090 1336.2
1386100 1336.2
1386110 1333.4
1386120 1333.2
1386130 1333.2
1386140 1333.9
1386150 1332.9
1386160 1332.9
1386170 1331.5
1386180 1330.5
1386190 1330.5
1386200 1330.9
1386210 1329.8
1386220 1329.8
1386230 1326.5
1386240 1325.5
1386250 1328.2
1386260 1328.2
1386270 1332.9
1386280 1338.2
1386290 1338.2
1386300 1341.7
1386310 1344.5
1386320 1344.5
1386330 1347.1
1386340 1350.6
1386350 1350.6
1386360 1352.7
1386370 1354.2
1386380 1354.2
1386390 1355.1
1386400 1356.3
1386410 1356.3
1386420 1357.7
1386430 1358.4
1386440 1358.1
1386450 1358.1
1386460 1357.4
1386470 1357.4
1386480 1352.2
1386490 1351.7
1386500 1350.3
1386510 1350.3
1386520 1348.6
1386530 1348.5
1386540 1348.5
1386550 1348.7
1386560 1350.2
1386570 1350.2
1386580 1351.3
1386590 1350.1
1386600 1350.1
1386610 1349.7
1386620 1351.4
1386630 1352.7
1386640 1352.7
1386650 1352.0
1386660 1351.5
1386670 1351.5
1386680 1351.5
1386690 1351.4
1386700 1351.4
1386710 1351.6
1386720 1352.6
1386730 1352.6
1386740 1355.8
1386750 1357.5
1386760 1357.5
1386770 1357.2
1386780 1356.3
1386790 1356.3
1386800 1355.9
1386810 1356.0
1386820 1356.1
1386830 1356.1
1386840 1355.6
1386850 1355.4
1386860 1355.4
1386870 1355.5
1386880 1355.4
1386890 1355.4
1386900 1354.7
1386910 1353.6
1386920 1353.6
1386930 1352.9
1386940 1351.8
1386950 1351.8
1386960 1351.7
1386970 1350.9
1386980 1350.9
1386990 1349.0
1387000 1345.6
1387010 1335.9
1387020 1335.9
1387030 1323.6
1387040 1315.4
1387050 1315.4
1387060 1308.7
1387070 1301.4
1387080 1301.4
1387090 1294.0
1387100 1285.0
1387110 1285.0
1387120 1277.0
1387130 1266.7
1387140 1266.7
1387150 1258.4
1387160 1260.5
1387170 1260.5
1387180 1264.7
1387190 1265.9
1387200 1267.5
1387210 1267.5
1387220 1272.3
1387230 1280.3
1387240 1280.3
1387250 1290.0
1387260 1301.2
1387270 1301.2
1387280 1311.7
1387290 1315.4
1387300 1315.4
1387310 1315.1
1387320 1314.1
1387330 1314.1
1387340 1312.5
1387350 1311.4
1387360 1311.4
1387370 1310.8
1387380 1310.7
1387390 1311.1
1387400 1311.1
1387410 1311.9
1387420 1312.4
1387430 1312.4
1387440 1312.0
1387450 1310.7
1387460 1310.7
1387470 1308.8
1387480 1306.2
1387490 1306.2
1387500 1302.9
1387510 1300.5
1387520 1300.5
1387530 1299.3
1387540 1297.7
1387550 1297.7
1387560 1295.6
1387570 1292.8
1387580 1292.8
1387590 1289.9
1387600 1286.4
1387610 1281.2
1387620 1281.2
1387630 1276.0
1387640 1269.5
1387650 1269.5
1387660 1262.3
1387670 1255.4
1387680 1255.4
1387690 1249.0
1387700 1242.6
1387710 1242.6
1387720 1237.3
1387730 1234.8
1387740 1234.8
1387750 1243.2
1387760 1258.9
1387770 1258.9
1387780 1257.0
1387790 1262.0
1387800 1268.8
1387810 1268.8
1387820 1274.2
1387830 1278.1
1387840 1278.1
1387850 1281.5
1387860 1285.2
1387870 1285.2
1387880 1289.1
1387890 1293.4
1387900 1293.4
1387910 1298.0
1387920 1302.2
1387930 1302.2
1387940 1305.7
1387950 1309.1
1387960 1309.1
1387970 1311.8
1387980 1315.8
1387990 1320.9
1388000 1320.9
1388010 1326.4
1388020 1331.7
1388030 1331.7
1388040 1337.5
1388050 1341.2
1388060 1341.2
1388070 1348.1
1388080 1356.4
1388090 1356.4
1388100 1362.1
1388110 1366.8
1388120 1366.8
1388130 1370.3
1388140 1373.1
1388150 1373.1
1388160 1376.9
1388170 1381.7
1388180 1387.6
1388190 1387.6
1388200 1391.5
1388210 1394.4
1388220 1394.4
1388230 1397.1
1388240 1403.4
1388250 1403.4
1388260 1408.5
1388270 1411.1
1388280 1411.1
1388290 1413.6
1388300 1416.3
1388310 1416.3
1388320 1419.0
1388330 1419.9
1388340 1419.9
1388350 1419.7
1388360 1419.2
1388370 1418.8
1388380 1418.8
1388390 1418.8
1388400 1419.8
1388410 1419.8
1388420 1421.4
1388430 1422.4
1388440 1422.4
1388450 1423.3
1388460 1423.4
1388470 1423.4
1388480 1422.7
1388490 1421.7
1388500 1421.7
1388510 1420.7
1388520 1418.9
1388530 1418.9
1388540 1418.1
1388550 1414.2
1388560 1410.7
1388570 1410.7
1388580 1407.7
1388590 1404.6
1388600 1404.6
1388610 1403.3
1388620 1404.4
1388630 1404.4
1388640 1405.4
1388650 1405.6
1388660 1405.6
1388670 1406.1
1388680 1407.3
1388690 1407.3
1388700 1408.2
1388710 1410.1
1388720 1410.1
1388730 1413.2
1388740 1415.8
1388750 1417.7
1388760 1417.7
1388770 1419.4
1388780 1420.7
1388790 1420.7
1388800 1420.4
1388810 1419.4
1388820 1419.4
1388830 1420.5
1388840 1422.0
1388850 1422.0
1388860 1423.9
1388870 1426.2
1388880 1426.2
1388890 1427.2
1388900 1429.2
1388910 1429.2
1388920 1432.5
1388930 1434.9
1388940 1435.5
1388950 1435.5
1388960 1434.2
1388970 1429.6
1388980 1429.6
1388990 1428.1
1389000 1432.4
1389010 1432.4
1389020 1434.0
1389030 1434.8
1389040 1434.8
1389050 1435.5
1389060 1436.9
1389070 1436.9
1389080 1437.5
1389090 1436.3
1389100 1432.5
1389110 1428.8
1389120 1427.3
1389130 1427.3
1389140 1426.1
1389150 1425.9
1389160 1427.3
1389170 1427.3
1389180 1429.8
1389190 1430.4
1389200 1430.4
1389210 1430.3
1389220 1429.5
1389230 1429.5
1389240 1427.3
1389250 1429.8
1389260 1429.8
1389270 1435.0
1389280 1443.3
1389290 1443.3
1389300 1451.4
1389310 1459.6
1389320 1459.6
1389330 1468.6
1389340 1473.6
1389350 1472.3
1389360 1472.3
1389370 1466.4
1389380 1461.2
1389390 1461.2
1389400 1459.4
1389410 1458.4
1389420 1458.4
1389430 1458.2
1389440 1456.2
1389450 1456.2
1389460 1451.0
1389470 1443.4
1389480 1443.4
1389490 1437.2
1389500 1435.8
1389510 1435.8
1389520 1443.3
1389530 1453.0
1389540 1461.5
1389550 1461.5
1389560 1467.5
1389570 1474.5
1389580 1474.5
1389590 1481.2
1389600 1487.0
1389610 1487.0
1389620 1494.4
1389630 1501.3
1389640 1501.3
1389650 1508.4
1389660 1517.2
1389670 1517.2
1389680 1526.9
1389690 1536.4
1389700 1536.4
1389710 1540.8
1389720 1543.9
1389730 1547.0
1389740 1547.0
1389750 1548.8
1389760 1549.0
1389770 1549.0
1389780 1550.3
1389790 1552.6
1389800 1552.6
1389810 1556.4
1389820 1560.2
1389830 1560.2
1389840 1562.4
1389850 1561.9
1389860 1561.9
1389870 1557.4
1389880 1551.3
1389890 1551.3
1389900 1546.7
1389910 1543.6
1389920 1541.4
1389930 1541.4
1389940 1539.5
1389950 1537.2
1389960 1537.2
1389970 1534.6
1389980 1532.2
1389990 1532.2
1390000 1529.2
1390010 1526.9
1390020 1526.9
1390030 1536.7
1390040 1546.9
1390050 1546.9
1390060 1555.8
1390070 1567.7
1390080 1567.7
1390090 1575.1
1390100 1579.2
1390110 1584.8
1390120 1584.8
1390130 1590.9
1390140 1595.1
1390150 1595.1
1390160 1596.9
1390170 1597.6
1390180 1597.6
1390190 1597.7
1390200 1597.3
1390210 1597.3
1390220 1597.2
1390230 1598.5
1390240 1598.5
1390250 1600.6
1390260 1602.9
1390270 1602.9
1390280 1604.7
1390290 1606.4
1390300 1607.8
1390310 1607.8
1390320 1608.0
1390330 1607.4
1390340 1607.4
1390350 1607.3
1390360 1606.9
1390370 1606.9
1390380 1606.2
1390390 1605.9
1390400 1605.9
1390410 1605.7
1390420 1604.6
1390430 1600.6
1390440 1601.4
1390450 1603.7
1390460 1603.7
1390470 1606.0
1390480 1606.8
1390490 1607.5
1390500 1607.5
1390510 1607.9
1390520 1609.6
1390530 1609.6
1390540 1609.2
1390550 1609.0
1390560 1609.0
1390570 1610.2
1390580 1611.8
1390590 1611.8
1390600 1614.0
1390610 1615.3
1390620 1615.3
1390630 1616.5
1390640 1618.4
1390650 1618.4
1390660 1619.9
1390670 1621.1
1390680 1620.5
1390690 1620.5
1390700 1620.9
1390710 1624.0
1390720 1624.0
1390730 1625.3
1390740 1624.9
1390750 1624.9
1390760 1620.3
1390770 1616.1
1390780 1616.1
1390790 1612.1
1390800 1607.2
1390810 1607.2
1390820 1604.5
1390830 1609.3
1390840 1609.3
1390850 1617.3
1390860 1621.1
1390870 1621.1
1390880 1619.9
1390890 1618.1
1390900 1617.9
1390910 1617.9
1390920 1618.1
1390930 1618.2
1390940 1618.2
1390950 1619.0
1390960 1620.2
1390970 1620.2
1390980 1621.2
1390990 1622.1
1391000 1622.1
1391010 1623.0
1391020 1620.9
1391030 1620.9
1391040 1614.8
1391050 1607.8
1391060 1607.8
1391070 1601.0
1391080 1599.2
1391090 1602.3
1391100 1602.3
1391110 1607.4
1391120 1611.6
1391130 1611.6
1391140 1614.2
1391150 1616.5
1391160 1616.5
1391170 1617.7
1391180 1619.0
1391190 1619.0
1391200 1619.7
1391210 1619.3
1391220 1619.3
1391230 1620.5
1391240 1620.9
1391250 1620.9
1391260 1620.8
1391270 1620.9
1391280 1623.0
1391290 1623.0
1391300 1624.2
1391310 1625.0
1391320 1625.0
1391330 1625.5
1391340 1625.8
1391350 1625.8
1391360 1625.6
1391370 1624.7
1391380 1624.7
1391390 1624.3
1391400 1625.6
1391410 1625.6
1391420 1627.4
1391430 1627.6
1391440 1627.6
1391450 1626.3
1391460 1625.3
1391470 1625.2
1391480 1625.2
1391490 1626.0
1391500 1626.9
1391510 1626.9
1391520 1627.2
1391530 1627.5
1391540 1627.5
1391550 1628.0
1391560 1629.3
1391570 1629.3
1391580 1630.9
1391590 1632.0
1391600 1632.0
1391610 1632.8
1391620 1633.4
1391630 1633.4
1391640 1634.2
1391650 1635.0
1391660 1636.4
1391670 1636.4
1391680 1637.5
1391690 1638.9
1391700 1638.9
1391710 1639.7
1391720 1639.8
1391730 1639.8
1391740 1639.0
1391750 1637.0
1391760 1637.0
1391770 1639.5
1391780 1639.0
1391790 1636.7
1391800 1636.9
1391810 1636.7
1391820 1636.7
1391830 1637.4
1391840 1639.4
1391850 1641.6
1391860 1641.6
1391870 1643.6
1391880 1645.2
1391890 1645.2
1391900 1646.0
1391910 1643.1
1391920 1643.1
1391930 1637.0
1391940 1629.0
1391950 1629.0
1391960 1626.5
1391970 1633.6
1391980 1633.6
1391990 1640.5
1392000 1640.9
1392010 1640.9
1392020 1641.2
1392030 1641.3
1392040 1641.5
1392050 1641.5
1392060 1641.0
1392070 1640.6
1392080 1640.6
1392090 1639.7
1392100 1638.5
1392110 1638.5
1392120 1637.7
1392130 1637.0
1392140 1637.0
1392150 1636.7
1392160 1635.2
1392170 1635.2
1392180 1633.5
1392190 1631.8
1392200 1631.8
1392210 1630.4
1392220 1629.3
1392230 1627.4
1392240 1627.4
1392250 1624.3
1392260 1620.2
1392270 1620.2
1392280 1614.3
1392290 1608.0
1392300 1608.0
1392310 1603.3
1392320 1606.0
1392330 1606.0
1392340 1612.2
1392350 1618.4
1392360 1618.4
1392370 1623.9
1392380 1626.7
1392390 1626.7
1392400 1627.2
1392410 1624.6
1392420 1621.1
1392430 1621.1
1392440 1618.9
1392450 1615.3
1392460 1615.3
1392470 1614.8
1392480 1614.9
1392490 1614.9
1392500 1613.1
1392510 1611.3
1392520 1611.3
1392530 1609.2
1392540 1606.4
1392550 1606.4
1392560 1603.6
1392570 1601.0
1392580 1601.0
1392590 1600.5
1392600 1601.4
1392610 1601.4
1392620 1602.3
1392630 1603.3
1392640 1602.3
1392650 1602.3
1392660 1600.9
1392670 1598.8
1392680 1598.8
1392690 1596.3
1392700 1593.6
1392710 1593.6
1392720 1590.7
1392730 1587.7
1392740 1587.7
1392750 1584.7
1392760 1581.1
1392770 1581.1
1392780 1573.7
1392790 1568.2
1392800 1568.2
1392810 1571.6
1392820 1577.8
1392830 1578.4
1392840 1578.4
1392850 1575.7
1392860 1573.8
1392870 1573.8
1392880 1572.9
1392890 1572.3
1392900 1572.3
1392910 1571.1
1392920 1569.0
1392930 1569.0
1392940 1566.0
1392950 1562.9
1392960 1562.9
1392970 1560.1
1392980 1557.5
1392990 1557.5
1393000 1554.9
1393010 1551.6
1393020 1551.8
1393030 1551.8
1393040 1552.5
1393050 1549.1
1393060 1549.1
1393070 1545.8
1393080 1543.8
1393090 1543.8
1393100 1540.6
1393110 1534.4
1393120 1534.4
1393130 1527.7
1393140 1523.5
1393150 1523.5
1393160 1517.7
1393170 1513.8
1393180 1513.8
1393190 1508.5
1393200 1501.0
1393210 1493.7
1393220 1493.7
1393230 1487.3
1393240 1480.8
1393250 1480.8
1393260 1475.1
1393270 1470.6
1393280 1470.6
1393290 1466.7
1393300 1461.3
1393310 1461.3
1393320 1455.0
1393330 1447.9
1393340 1447.9
1393350 1440.2
1393360 1433.4
1393370 1433.4
1393380 1427.1
1393390 1420.1
1393400 1413.6
1393410 1413.6
1393420 1407.7
1393430 1401.2
1393440 1401.2
1393450 1395.2
1393460 1389.1
1393470 1389.1
1393480 1383.3
1393490 1376.9
1393500 1376.9
1393510 1369.7
1393520 1362.7
1393530 1362.7
1393540 1356.3
1393550 1349.0
1393560 1349.0
1393570 1340.4
1393580 1331.9
1393590 1323.7
1393600 1323.7
1393610 1314.8
1393620 1309.9
1393630 1309.9
1393640 1315.3
1393650 1314.0
1393660 1314.0
1393670 1310.2
1393680 1306.6
1393690 1306.6
1393700 1301.8
1393710 1312.5
1393720 1312.5
1393730 1322.1
1393740 1325.8
1393750 1325.8
1393760 1327.6
1393770 1329.4
1393780 1331.7
1393790 1331.7
1393800 1335.0
1393810 1338.3
1393820 1338.3
1393830 1340.8
1393840 1342.8
1393850 1342.8
1393860 1344.6
1393870 1347.0
1393880 1347.0
1393890 1347.8
1393900 1347.5
1393910 1347.5
1393920 1348.1
1393930 1351.7
1393940 1351.7
1393950 1353.5
1393960 1353.6
1393970 1354.7
1393980 1354.7
1393990 1355.5
1394000 1357.2
1394010 1357.2
1394020 1359.4
1394030 1359.8
1394040 1359.8
1394050 1359.1
1394060 1359.6
1394070 1359.6
1394080 1362.6
1394090 1364.0
1394100 1364.0
1394110 1363.8
1394120 1365.7
1394130 1365.7
1394140 1368.7
1394150 1370.7
1394160 1371.2
1394170 1371.2
1394180 1367.9
1394190 1365.1
1394200 1365.1
1394210 1368.4
1394220 1372.9
1394230 1372.9
1394240 1371.6
1394250 1372.2
1394260 1372.2
1394270 1375.3
1394280 1378.3
1394290 1378.3
1394300 1381.4
1394310 1384.8
1394320 1384.8
1394330 1388.9
1394340 1395.7
1394350 1395.7
1394360 1400.0
1394370 1399.5
1394380 1401.4
1394390 1401.4
1394400 1401.6
1394410 1405.1
1394420 1405.1
1394430 1411.1
1394440 1416.1
1394450 1416.1
1394460 1418.3
1394470 1422.5
1394480 1422.5
1394490 1427.7
1394500 1430.4
1394510 1430.4
1394520 1431.8
1394530 1432.8
1394540 1432.8
1394550 1422.9
1394560 1421.7
1394570 1418.0
1394580 1418.0
1394590 1413.7
1394600 1407.3
1394610 1407.3
1394620 1404.5
1394630 1413.0
1394640 1413.0
1394650 1423.3
1394660 1435.0
1394670 1435.0
1394680 1448.7
1394690 1464.4
1394700 1464.4
1394710 1475.6
1394720 1478.6
1394730 1478.6
1394740 1479.4
1394750 1478.2
1394760 1477.1
1394770 1477.1
1394780 1478.5
1394790 1481.0
1394800 1481.0
1394810 1485.9
1394820 1494.6
1394830 1494.6
1394840 1498.5
1394850 1501.4
1394860 1501.4
1394870 1505.6
1394880 1508.0
1394890 1508.0
1394900 1510.2
1394910 1514.8
1394920 1514.8
1394930 1516.2
1394940 1515.0
1394950 1511.7
1394960 1511.7
1394970 1507.3
1394980 1507.5
1394990 1507.5
1395000 1509.6
1395010 1514.6
1395020 1514.6
1395030 1523.3
1395040 1531.2
1395050 1531.2
1395060 1528.7
1395070 1524.4
1395080 1524.4
1395090 1531.3
1395100 1536.0
1395110 1536.0
1395120 1531.4
1395130 1519.4
1395140 1509.2
1395150 1509.2
1395160 1502.9
1395170 1497.5
1395180 1497.5
1395190 1491.7
1395200 1486.9
1395210 1486.9
1395220 1481.8
1395230 1478.5
1395240 1478.5
1395250 1478.9
1395260 1478.0
1395270 1478.0
1395280 1483.8
1395290 1489.3
1395300 1489.3
1395310 1494.6
1395320 1503.0
1395330 1514.4
1395340 1514.4
1395350 1515.0
1395360 1510.2
1395370 1510.2
1395380 1509.0
1395390 1509.7
1395400 1509.7
1395410 1509.1
1395420 1514.3
1395430 1514.3
1395440 1530.8
1395450 1547.0
1395460 1547.0
1395470 1548.7
1395480 1548.8
1395490 1548.8
1395500 1548.2
1395510 1548.5
1395520 1549.3
1395530 1549.3
1395540 1549.1
1395550 1547.9
1395560 1547.9
1395570 1544.3
1395580 1539.1
1395590 1539.1
1395600 1534.0
1395610 1528.8
1395620 1528.8
1395630 1522.5
1395640 1513.1
1395650 1513.1
1395660 1498.8
1395670 1484.5
1395680 1484.5
1395690 1467.0
1395700 1447.9
1395710 1436.3
1395720 1436.3
1395730 1423.9
1395740 1408.8
1395750 1408.8
1395760 1393.1
1395770 1380.5
1395780 1380.5
1395790 1368.6
1395800 1358.8
1395810 1358.8
1395820 1350.3
1395830 1340.3
1395840 1340.3
1395850 1334.4
1395860 1335.2
1395870 1335.2
1395880 1330.9
1395890 1325.6
1395900 1321.2
1395910 1321.2
1395920 1322.7
1395930 1320.9
1395940 1320.9
1395950 1316.6
1395960 1313.6
1395970 1305.5
1395980 1302.5
1395990 1299.4
1396000 1299.4
1396010 1296.1
1396020 1291.2
1396030 1291.2
1396040 1284.6
1396050 1281.8
1396060 1281.8
1396070 1278.2
1396080 1276.2
1396090 1276.2
1396100 1272.8
1396110 1267.1
1396120 1261.7
1396130 1261.7
1396140 1257.4
1396150 1254.7
1396160 1254.7
1396170 1250.4
1396180 1253.1
1396190 1253.1
1396200 1258.5
1396210 1256.8
1396220 1256.8
1396230 1254.0
1396240 1252.7
1396250 1252.7
1396260 1252.7
1396270 1251.9
1396280 1251.9
1396290 1249.9
1396300 1247.8
1396310 1247.0
1396320 1247.0
1396330 1246.3
1396340 1244.3
1396350 1244.3
1396360 1240.9
1396370 1238.2
1396380 1238.2
1396390 1238.1
1396400 1237.9
1396410 1237.9
1396420 1235.6
1396430 1233.5
1396440 1233.5
1396450 1230.4
1396460 1226.7
1396470 1226.7
1396480 1223.5
1396490 1219.4
1396500 1214.1
1396510 1214.1
1396520 1209.1
1396530 1211.0
1396540 1211.0
1396550 1213.0
1396560 1212.0
1396570 1212.0
1396580 1209.9
1396590 1206.0
1396600 1206.0
1396610 1201.5
1396620 1197.1
1396630 1197.1
1396640 1192.1
1396650 1189.1
1396660 1189.1
1396670 1187.8
1396680 1184.7
1396690 1180.7
1396700 1180.7
1396710 1176.9
1396720 1173.5
1396730 1173.5
1396740 1171.1
1396750 1173.9
1396760 1173.9
1396770 1174.2
1396780 1172.8
1396790 1172.8
1396800 1167.6
1396810 1169.5
1396820 1169.5
1396830 1174.7
1396840 1174.5
1396850 1174.5
1396860 1174.0
1396870 1172.3
1396880 1165.3
1396890 1165.3
1396900 1167.8
1396910 1175.1
1396920 1175.1
1396930 1177.2
1396940 1178.4
1396950 1178.4
1396960 1180.9
1396970 1183.4
1396980 1183.4
1396990 1184.3
1397000 1181.4
1397010 1181.4
1397020 1178.0
1397030 1173.5
1397040 1173.5
1397050 1170.2
1397060 1167.6
1397070 1165.6
1397080 1165.6
1397090 1163.6
1397100 1162.9
1397110 1162.9
1397120 1163.8
1397130 1164.7
1397140 1164.7
1397150 1165.3
1397160 1165.3
1397170 1165.3
1397180 1161.3
1397190 1161.1
1397200 1161.1
1397210 1162.3
1397220 1160.7
1397230 1160.7
1397240 1158.2
1397250 1157.5
1397260 1160.5
1397270 1160.5
1397280 1163.2
1397290 1164.2
1397300 1164.2
1397310 1159.7
1397320 1162.1
1397330 1162.1
1397340 1167.6
1397350 1170.5
1397360 1170.5
1397370 1172.6
1397380 1175.2
1397390 1175.2
1397400 1174.7
1397410 1166.7
1397420 1166.7
1397430 1168.6
1397440 1170.2
1397450 1172.4
1397460 1172.4
1397470 1173.8
1397480 1174.5
1397490 1174.5
1397500 1175.9
1397510 1177.8
1397520 1177.8
1397530 1179.3
1397540 1181.5
1397550 1181.5
1397560 1184.9
1397570 1187.8
1397580 1187.8
1397590 1188.0
1397600 1186.8
1397610 1186.8
1397620 1184.7
1397630 1181.8
1397640 1181.0
1397650 1181.0
1397660 1182.0
1397670 1183.4
1397680 1183.4
1397690 1185.3
1397700 1186.4
1397710 1186.4
1397720 1186.3
1397730 1185.5
1397740 1185.5
1397750 1184.4
1397760 1184.9
1397770 1184.9
1397780 1186.7
1397790 1188.7
1397800 1188.7
1397810 1190.3
1397820 1190.9
1397830 1190.9
1397840 1191.1
1397850 1191.9
1397860 1192.8
1397870 1192.8
1397880 1191.9
1397890 1190.6
1397900 1190.6
1397910 1191.1
1397920 1192.0
1397930 1192.0
1397940 1193.8
1397950 1196.8
1397960 1196.8
1397970 1199.5
1397980 1201.7
1397990 1201.7
1398000 1205.6
1398010 1211.5
1398020 1211.5
1398030 1214.6
1398040 1215.1
1398050 1214.8
1398060 1214.8
1398070 1214.2
1398080 1214.6
1398090 1214.6
1398100 1216.9
1398110 1219.4
1398120 1219.4
1398130 1221.0
1398140 1221.6
1398150 1221.6
1398160 1223.2
1398170 1223.4
1398180 1223.4
1398190 1224.1
1398200 1223.8
1398210 1223.8
1398220 1223.9
1398230 1227.1
1398240 1231.6
1398250 1231.6
1398260 1232.3
1398270 1234.1
1398280 1234.1
1398290 1236.5
1398300 1238.8
1398310 1238.8
1398320 1240.4
1398330 1242.5
1398340 1242.5
1398350 1246.1
1398360 1248.6
1398370 1248.6
1398380 1248.2
1398390 1250.1
1398400 1250.1
1398410 1251.2
1398420 1250.5
1398430 1251.0
1398440 1251.0
1398450 1253.4
1398460 1254.7
1398470 1254.7
1398480 1255.8
1398490 1257.0
1398500 1257.0
1398510 1257.2
1398520 1258.1
1398530 1258.1
1398540 1261.0
1398550 1264.1
1398560 1264.1
1398570 1266.0
1398580 1266.8
1398590 1266.8
1398600 1268.0
1398610 1270.2
1398620 1271.6
1398630 1271.6
1398640 1272.0
1398650 1272.5
1398660 1272.5
1398670 1272.7
1398680 1269.9
1398690 1269.9
1398700 1261.4
1398710 1249.0
1398720 1249.0
1398730 1234.0
1398740 1221.8
1398750 1221.8
1398760 1211.1
1398770 1204.1
1398780 1204.1
1398790 1200.7
1398800 1197.8
1398810 1194.0
1398820 1194.0
1398830 1189.8
1398840 1185.3
1398850 1185.3
1398860 1180.5
1398870 1169.4
1398880 1169.4
1398890 1165.5
1398900 1162.4
1398910 1162.4
1398920 1158.9
1398930 1155.5
1398940 1155.5
1398950 1152.0
1398960 1148.1
1398970 1148.1
1398980 1144.3
1398990 1140.4
1399000 1136.9
1399010 1136.9
1399020 1133.7
1399030 1130.7
1399040 1130.7
1399050 1127.4
1399060 1124.6
1399070 1124.6
1399080 1122.7
1399090 1120.0
1399100 1120.0
1399110 1117.4
1399120 1114.7
1399130 1114.7
1399140 1111.1
1399150 1107.3
1399160 1107.3
1399170 1103.9
1399180 1100.5
1399190 1096.1
1399200 1096.1
1399210 1091.5
1399220 1087.2
1399230 1087.2
1399240 1082.9
1399250 1079.1
1399260 1079.1
1399270 1074.6
1399280 1071.0
1399290 1071.0
1399300 1067.9
1399310 1064.1
1399320 1064.1
1399330 1060.3
1399340 1055.4
1399350 1055.4
1399360 1050.3
1399370 1045.7
1399380 1045.7
1399390 1041.6
1399400 1038.0
1399410 1033.7
1399420 1033.7
1399430 1029.6
1399440 1025.7
1399450 1025.7
1399460 1021.7
1399470 1018.2
1399480 1018.2
1399490 1014.3
1399500 1008.3
1399510 1008.3
1399520 1002.8
1399530 997.2
1399540 997.2
1399550 990.9
1399560 986.1
1399570 986.1
1399580 982.5
1399590 975.4
1399600 968.6
1399610 968.6
1399620 963.3
1399630 958.4
1399640 958.4
1399650 954.2
1399660 947.8
1399670 947.8
1399680 942.4
1399690 937.4
1399700 937.4
1399710 932.8
1399720 927.4
1399730 927.4
1399740 920.6
1399750 916.5
1399760 916.5
1399770 911.3
1399780 905.4
1399790 900.7
1399800 900.7
1399810 896.2
1399820 891.8
1399830 891.8
1399840 888.0
1399850 883.9
1399860 883.9
1399870 880.8
1399880 875.5
1399890 875.5
1399900 862.8
1399910 850.2
1399920 850.2
1399930 837.0
1399940 820.9
1399950 820.9
1399960 813.7
1399970 813.8
1399980 813.8
1399990 813.8
1380000 1908.7
1380010 1905.7
1380020 1905.7
1380030 1900.8
1380040 1895.0
1380050 1889.7
1380060 1889.7
1380070 1884.5
1380080 1878.2
1380090 1878.2
1380100 1870.0
1380110 1861.8
1380120 1861.8
1380130 1856.9
1380140 1853.4
1380150 1853.4
1380160 1849.9
1380170 1846.3
1380180 1846.3
1380190 1839.6
1380200 1831.2
1380210 1831.2
1380220 1834.2
1380230 1834.7
1380240 1840.0
1380250 1840.0
1380260 1842.5
1380270 1841.3
1380280 1841.3
1380290 1835.9
1380300 1830.7
1380310 1830.7
1380320 1826.7
1380330 1822.7
1380340 1822.7
1380350 1817.7
1380360 1812.1
1380370 1812.1
1380380 1806.8
1380390 1801.4
1380400 1801.4
1380410 1796.8
1380420 1794.0
1380430 1793.3
1380440 1793.3
1380450 1791.9
1380460 1787.4
1380470 1787.4
1380480 1782.5
1380490 1777.8
1380500 1777.8
1380510 1773.0
1380520 1768.0
1380530 1768.0
1380540 1762.3
1380550 1757.3
1380560 1757.3
1380570 1752.0
1380580 1747.7
1380590 1747.7
1380600 1744.6
1380610 1741.2
1380620 1736.5
1380630 1736.5
1380640 1732.0
1380650 1726.1
1380660 1726.1
1380670 1717.2
1380680 1706.4
1380690 1706.4
1380700 1695.5
1380710 1682.4
1380720 1682.4
1380730 1670.4
1380740 1659.2
1380750 1659.2
1380760 1650.0
1380770 1641.0
1380780 1641.0
1380790 1630.8
1380800 1620.1
1380810 1620.1
1380820 1614.1
1380830 1612.4
1380840 1615.6
1380850 1615.6
1380860 1620.0
1380870 1626.1
1380880 1626.1
1380890 1632.2
1380900 1639.1
1380910 1639.1
1380920 1648.1
1380930 1656.9
1380940 1656.9
1380950 1665.0
1380960 1674.3
1380970 1674.3
1380980 1683.6
1380990 1692.4
1381000 1692.4
1381010 1700.3
1381020 1705.4
1381030 1709.9
1381040 1709.9
1381050 1715.6
1381060 1722.6
1381070 1722.6
1381080 1730.3
1381090 1738.1
1381100 1738.1
1381110 1747.3
1381120 1754.4
1381130 1754.4
1381140 1757.7
1381150 1760.6
1381160 1760.6
1381170 1761.5
1381180 1761.9
1381190 1761.9
1381200 1759.9
1381210 1757.4
1381220 1757.0
1381230 1757.0
1381240 1758.2
1381250 1759.4
1381260 1759.4
1381270 1759.4
1381280 1759.6
1381290 1759.6
1381300 1760.7
1381310 1760.7
1381320 1760.7
1381330 1758.9
1381340 1757.0
1381350 1757.0
1381360 1755.6
1381370 1753.9
1381380 1753.9
1381390 1752.3
1381400 1751.1
1381410 1750.0
1381420 1750.0
1381430 1748.9
1381440 1748.0
1381450 1744.0
1381460 1743.7
1381470 1744.2
1381480 1744.2
1381490 1745.0
1381500 1744.2
1381510 1744.2
1381520 1741.5
1381530 1739.0
1381540 1739.0
1381550 1737.7
1381560 1737.2
1381570 1737.2
1381580 1735.6
1381590 1733.4
1381600 1731.5
1381610 1731.5
1381620 1733.0
1381630 1735.3
1381640 1735.3
1381650 1737.3
1381660 1739.2
1381670 1739.2
1381680 1739.8
1381690 1737.9
1381700 1737.9
1381710 1735.8
1381720 1732.4
1381730 1732.4
1381740 1728.8
1381750 1727.1
1381760 1727.1
1381770 1723.2
1381780 1719.3
1381790 1716.8
1381800 1716.8
1381810 1715.5
1381820 1715.1
1381830 1715.1
1381840 1714.9
1381850 1714.5
1381860 1714.5
1381870 1713.9
1381880 1713.4
1381890 1713.4
1381900 1713.8
1381910 1713.5
1381920 1713.5
1381930 1713.5
1381940 1713.2
1381950 1713.2
1381960 1711.5
1381970 1710.5
1381980 1710.9
1381990 1710.9
1382000 1712.9
1382010 1714.4
1382020 1714.4
1382030 1713.9
1382040 1711.0
1382050 1711.0
1382060 1705.3
1382070 1706.4
1382080 1706.4
1382090 1707.4
1382100 1704.4
1382110 1704.4
1382120 1703.4
1382130 1705.1
1382140 1705.1
1382150 1703.7
1382160 1701.7
1382170 1699.2
1382180 1699.2
1382190 1697.5
1382200 1697.2
1382210 1697.2
1382220 1697.0
1382230 1695.7
1382240 1695.7
1382250 1692.8
1382260 1690.2
1382270 1690.2
1382280 1688.2
1382290 1686.9
1382300 1686.9
1382310 1685.5
1382320 1683.6
1382330 1683.6
1382340 1681.3
1382350 1678.0
1382360 1676.1
1382370 1676.1
1382380 1674.0
1382390 1672.3
1382400 1672.3
1382410 1671.9
1382420 1670.3
1382430 1670.3
1382440 1667.6
1382450 1665.1
1382460 1665.1
1382470 1662.6
1382480 1660.8
1382490 1660.8
1382500 1659.0
1382510 1658.4
1382520 1658.4
1382530 1657.9
1382540 1658.3
1382550 1658.3
1382560 1658.8
1382570 1660.0
1382580 1661.4
1382590 1661.4
1382600 1662.0
1382610 1661.7
1382620 1661.7
1382630 1661.1
1382640 1660.6
1382650 1660.6
1382660 1659.8
1382670 1658.3
1382680 1655.5
1382690 1654.3
1382700 1653.5
1382710 1653.5
1382720 1652.6
1382730 1651.1
1382740 1651.1
1382750 1649.6
1382760 1648.1
1382770 1646.3
1382780 1646.3
1382790 1644.5
1382800 1641.9
1382810 1641.9
1382820 1639.0
1382830 1637.1
1382840 1637.1
1382850 1634.2
1382860 1631.1
1382870 1631.1
1382880 1628.3
1382890 1625.9
1382900 1625.9
1382910 1623.6
1382920 1621.2
1382930 1621.2
1382940 1619.3
1382950 1617.5
1382960 1614.9
1382970 1614.9
1382980 1613.0
1382990 1611.5
1383000 1611.5
1383010 1610.0
1383020 1608.4
1383030 1608.4
1383040 1607.4
1383050 1607.0
1383060 1607.0
1383070 1606.3
1383080 1605.7
1383090 1605.7
1383100 1605.3
1383110 1604.3
1383120 1604.3
1383130 1603.8
1383140 1602.5
1383150 1599.9
1383160 1599.9
1383170 1597.4
1383180 1594.6
1383190 1594.6
1383200 1592.6
1383210 1590.4
1383220 1590.4
1383230 1587.6
1383240 1585.2
1383250 1585.2
1383260 1582.8
1383270 1579.9
1383280 1579.9
1383290 1576.7
1383300 1573.3
1383310 1573.3
1383320 1569.9
1383330 1565.9
1383340 1561.1
1383350 1561.1
1383360 1557.0
1383370 1553.3
1383380 1553.3
1383390 1549.3
1383400 1544.2
1383410 1544.2
1383420 1538.9
1383430 1533.5
1383440 1533.5
1383450 1528.4
1383460 1521.7
1383470 1521.7
1383480 1515.5
1383490 1510.6
1383500 1510.6
1383510 1504.8
1383520 1497.5
1383530 1488.7
1383540 1488.7
1383550 1481.7
1383560 1475.6
1383570 1475.6
1383580 1469.6
1383590 1465.2
1383600 1465.2
1383610 1462.0
1383620 1459.0
1383630 1459.0
1383640 1458.5
1383650 1462.1
1383660 1462.1
1383670 1466.7
1383680 1472.1
1383690 1472.1
1383700 1478.9
1383710 1487.0
1383720 1495.2
1383730 1495.2
1383740 1500.8
1383750 1501.2
1383760 1501.2
1383770 1496.7
1383780 1490.5
1383790 1490.5
1383800 1486.2
1383810 1484.2
1383820 1484.2
1383830 1482.3
1383840 1479.3
1383850 1479.3
1383860 1477.4
1383870 1477.5
1383880 1477.5
1383890 1476.5
1383900 1475.3
1383910 1473.4
1383920 1473.4
1383930 1466.0
1383940 1463.5
1383950 1463.5
1383960 1462.7
1383970 1462.6
1383980 1462.6
1383990 1460.9
1384000 1457.4
1384010 1457.4
1384020 1453.2
1384030 1449.0
1384040 1449.0
1384050 1445.5
1384060 1442.3
1384070 1442.3
1384080 1439.9
1384090 1437.5
1384100 1435.7
1384110 1435.7
1384120 1430.3
1384130 1431.3
1384140 1431.3
1384150 1434.8
1384160 1438.0
1384170 1438.0
1384180 1441.0
1384190 1443.7
1384200 1443.7
1384210 1448.1
1384220 1453.0
1384230 1453.0
1384240 1456.7
1384250 1457.9
1384260 1457.9
1384270 1457.7
1384280 1457.5
1384290 1457.5
1384300 1457.2
1384310 1456.9
1384320 1455.6
1384330 1455.6
1384340 1454.0
1384350 1453.3
1384360 1453.3
1384370 1452.7
1384380 1451.5
1384390 1451.5
1384400 1450.0
1384410 1448.6
1384420 1448.6
1384430 1447.3
1384440 1443.3
1384450 1443.3
1384460 1435.3
1384470 1429.3
1384480 1429.3
1384490 1424.3
1384500 1419.8
1384510 1416.2
1384520 1416.2
1384530 1413.2
1384540 1411.0
1384550 1411.0
1384560 1403.8
1384570 1396.2
1384580 1396.2
1384590 1397.1
1384600 1401.2
1384610 1401.2
1384620 1402.6
1384630 1402.8
1384640 1402.8
1384650 1402.4
1384660 1402.4
1384670 1402.4
1384680 1403.2
1384690 1403.3
1384700 1402.0
1384710 1402.0
1384720 1404.4
1384730 1409.2
1384740 1409.2
1384750 1410.0
1384760 1407.9
1384770 1407.9
1384780 1404.6
1384790 1402.5
1384800 1402.5
1384810 1401.2
1384820 1401.0
1384830 1401.0
1384840 1400.9
1384850 1401.3
1384860 1401.3
1384870 1402.4
1384880 1400.4
1384890 1398.6
1384900 1398.6
1384910 1399.4
1384920 1398.0
1384930 1398.0
1384940 1395.4
1384950 1391.9
1384960 1391.9
1384970 1387.9
1384980 1382.8
1384990 1382.8
1385000 1377.9
1385010 1373.6
1385020 1373.6
1385030 1370.9
1385040 1369.8
1385050 1369.8
1385060 1369.7
1385070 1370.7
1385080 1370.6
1385090 1370.6
1385100 1370.4
1385110 1370.6
1385120 1370.6
1385130 1370.9
1385140 1371.5
1385150 1371.5
1385160 1372.0
1385170 1372.5
1385180 1372.5
1385190 1372.9
1385200 1368.6
1385210 1368.6
1385220 1367.5
1385230 1366.5
1385240 1366.5
1385250 1366.1
1385260 1365.9
1385270 1365.3
1385280 1365.3
1385290 1365.1
1385300 1365.0
1385310 1365.0
1385320 1365.1
1385330 1364.8
1385340 1364.8
1385350 1364.0
1385360 1363.4
1385370 1363.4
1385380 1363.1
1385390 1363.5
1385400 1363.5
1385410 1364.4
1385420 1365.1
1385430 1365.1
1385440 1362.4
1385450 1354.7
1385460 1347.4
1385470 1347.4
1385480 1343.9
1385490 1343.7
1385500 1343.7
1385510 1345.3
1385520 1345.2
1385530 1345.2
1385540 1345.9
1385550 1346.6
1385560 1346.6
1385570 1346.9
1385580 1346.7
1385590 1346.7
1385600 1345.3
1385610 1344.3
1385620 1344.3
1385630 1344.1
1385640 1343.8
1385650 1342.4
1385660 1342.4
1385670 1340.3
1385680 1337.2
1385690 1337.2
1385700 1332.1
1385710 1325.2
1385720 1325.2
1385730 1318.6
1385740 1317.7
1385750 1317.7
1385760 1321.0
1385770 1321.2
1385780 1321.2
1385790 1322.2
1385800 1326.7
1385810 1326.7
1385820 1331.1
1385830 1332.8
1385840 1332.8
1385850 1329.2
1385860 1325.5
1385870 1320.8
1385880 1320.8
1385890 1317.4
1385900 1317.7
1385910 1317.7
1385920 1321.9
1385930 1329.9
1385940 1329.9
1385950 1335.4
1385960 1337.3
1385970 1337.3
1385980 1338.7
1385990 1339.6
1386000 1339.6
1386010 1341.8
1386020 1344.0
1386030 1344.0
1386040 1345.2
1386050 1345.1
1386060 1343.7
1386070 1343.7
1386080 1340.6
1386090 1336.2
1386100 1336.2
1386110 1333.4
1386120 1333.2
1386130 1333.2
1386140 1333.9
1386150 1332.9
1386160 1332.9
1386170 1331.5
1386180 1330.5
1386190 1330.5
1386200 1330.9
1386210 1329.8
1386220 1329.8
1386230 1326.5
1386240 1325.5
1386250 1328.2
1386260 1328.2
1386270 1332.9
1386280 1338.2
1386290 1338.2
1386300 1341.7
1386310 1344.5
1386320 1344.5
1386330 1347.1
1386340 1350.6
1386350 1350.6
1386360 1352.7
1386370 1354.2
1386380 1354.2
1386390 1355.1
1386400 1356.3
1386410 1356.3
1386420 1357.7
1386430 1358.4
1386440 1358.1
1386450 1358.1
1386460 1357.4
1386470 1357.4
1386480 1352.2
1386490 1351.7
1386500 1350.3
1386510 1350.3
1386520 1348.6
1386530 1348.5
1386540 1348.5
1386550 1348.7
1386560 1350.2
1386570 1350.2
1386580 1351.3
1386590 1350.1
1386600 1350.1
1386610 1349.7
1386620 1351.4
1386630 1352.7
1386640 1352.7
1386650 1352.0
1386660 1351.5
1386670 1351.5
1386680 1351.5
1386690 1351.4
1386700 1351.4
1386710 1351.6
1386720 1352.6
1386730 1352.6
1386740 1355.8
1386750 1357.5
1386760 1357.5
1386770 1357.2
1386780 1356.3
1386790 1356.3
1386800 1355.9
1386810 1356.0
1386820 1356.1
1386830 1356.1
1386840 1355.6
1386850 1355.4
1386860 1355.4
1386870 1355.5
1386880 1355.4
1386890 1355.4
1386900 1354.7
1386910 1353.6
1386920 1353.6
1386930 1352.9
1386940 1351.8
1386950 1351.8
1386960 1351.7
1386970 1350.9
1386980 1350.9
1386990 1349.0
1387000 1345.6
1387010 1335.9
1387020 1335.9
1387030 1323.6
1387040 1315.4
1387050 1315.4
1387060 1308.7
1387070 1301.4
1387080 1301.4
1387090 1294.0
1387100 1285.0
1387110 1285.0
1387120 1277.0
1387130 1266.7
1387140 1266.7
1387150 1258.4
1387160 1260.5
1387170 1260.5
1387180 1264.7
1387190 1265.9
1387200 1267.5
1387210 1267.5
1387220 1272.3
1387230 1280.3
1387240 1280.3
1387250 1290.0
1387260 1301.2
1387270 1301.2
1387280 1311.7
1387290 1315.4
1387300 1315.4
1387310 1315.1
1387320 1314.1
1387330 1314.1
1387340 1312.5
1387350 1311.4
1387360 1311.4
1387370 1310.8
1387380 1310.7
1387390 1311.1
1387400 1311.1
1387410 1311.9
1387420 1312.4
1387430 1312.4
1387440 1312.0
1387450 1310.7
1387460 1310.7
1387470 1308.8
1387480 1306.2
1387490 1306.2
1387500 1302.9
1387510 1300.5
1387520 1300.5
1387530 1299.3
1387540 1297.7
1387550 1297.7
1387560 1295.6
1387570 1292.8
1387580 1292.8
1387590 1289.9
1387600 1286.4
1387610 1281.2
1387620 1281.2
1387630 1276.0
1387640 1269.5
1387650 1269.5
1387660 1262.3
1387670 1255.4
1387680 1255.4
1387690 1249.0
1387700 1242.6
1387710 1242.6
1387720 1237.3
1387730 1234.8
1387740 1234.8
1387750 1243.2
1387760 1258.9
1387770 1258.9
1387780 1257.0
1387790 1262.0
1387800 1268.8
1387810 1268.8
1387820 1274.2
1387830 1278.1
1387840 1278.1
1387850 1281.5
1387860 1285.2
1387870 1285.2
1387880 1289.1
1387890 1293.4
1387900 1293.4
1387910 1298.0
1387920 1302.2
1387930 1302.2
1387940 1305.7
1387950 1309.1
1387960 1309.1
1387970 1311.8
1387980 1315.8
1387990 1320.9
1388000 1320.9
1388010 1326.4
1388020 1331.7
1388030 1331.7
1388040 1337.5
1388050 1341.2
1388060 1341.2
1388070 1348.1
1388080 1356.4
1388090 1356.4
1388100 1362.1
1388110 1366.8
1388120 1366.8
1388130 1370.3
1388140 1373.1
1388150 1373.1
1388160 1376.9
1388170 1381.7
1388180 1387.6
1388190 1387.6
1388200 1391.5
1388210 1394.4
1388220 1394.4
1388230 1397.1
1388240 1403.4
1388250 1403.4
1388260 1408.5
1388270 1411.1
1388280 1411.1
1388290 1413.6
1388300 1416.3
1388310 1416.3
1388320 1419.0
1388330 1419.9
1388340 1419.9
1388350 1419.7
1388360 1419.2
1388370 1418.8
1388380 1418.8
1388390 1418.8
1388400 1419.8
1388410 1419.8
1388420 1421.4
1388430 1422.4
1388440 1422.4
1388450 1423.3
1388460 1423.4
1388470 1423.4
1388480 1422.7
1388490 1421.7
1388500 1421.7
1388510 1420.7
1388520 1418.9
1388530 1418.9
1388540 1418.1
1388550 1414.2
1388560 1410.7
1388570 1410.7
1388580 1407.7
1388590 1404.6
1388600 1404.6
1388610 1403.3
1388620 1404.4
1388630 1404.4
1388640 1405.4
1388650 1405.6
1388660 1405.6
1388670 1406.1
1388680 1407.3
1388690 1407.3
1388700 1408.2
1388710 1410.1
1388720 1410.1
1388730 1413.2
1388740 1415.8
1388750 1417.7
1388760 1417.7
1388770 1419.4
1388780 1420.7
1388790 1420.7
1388800 1420.4
1388810 1419.4
1388820 1419.4
1388830 1420.5
1388840 1422.0
1388850 1422.0
1388860 1423.9
1388870 1426.2
1388880 1426.2
1388890 1427.2
1388900 1429.2
1388910 1429.2
1388920 1432.5
1388930 1434.9
1388940 1435.5
1388950 1435.5
1388960 1434.2
1388970 1429.6
1388980 1429.6
1388990 1428.1
1389000 1432.4
1389010 1432.4
1389020 1434.0
1389030 1434.8
1389040 1434.8
1389050 1435.5
1389060 1436.9
1389070 1436.9
1389080 1437.5
1389090 1436.3
1389100 1432.5
1389110 1428.8
1389120 1427.3
1389130 1427.3
1389140 1426.1
1389150 1425.9
1389160 1427.3
1389170 1427.3
1389180 1429.8
1389190 1430.4
1389200 1430.4
1389210 1430.3
1389220 1429.5
1389230 1429.5
1389240 1427.3
1389250 1429.8
1389260 1429.8
1389270 1435.0
1389280 1443.3
1389290 1443.3
1389300 1451.4
1389310 1459.6
1389320 1459.6
1389330 1468.6
1389340 1473.6
1389350 1472.3
1389360 1472.3
1389370 1466.4
1389380 1461.2
1389390 1461.2
1389400 1459.4
1389410 1458.4
1389420 1458.4
1389430 1458.2
1389440 1456.2
1389450 1456.2
1389460 1451.0
1389470 1443.4
1389480 1443.4
1389490 1437.2
1389500 1435.8
1389510 1435.8
1389520 1443.3
1389530 1453.0
1389540 1461.5
1389550 1461.5
1389560 1467.5
1389570 1474.5
1389580 1474.5
1389590 1481.2
1389600 1487.0
1389610 1487.0
1389620 1494.4
1389630 1501.3
1389640 1501.3
1389650 1508.4
1389660 1517.2
1389670 1517.2
1389680 1526.9
1389690 1536.4
1389700 1536.4
1389710 1540.8
1389720 1543.9
1389730 1547.0
1389740 1547.0
1389750 1548.8
1389760 1549.0
1389770 1549.0
1389780 1550.3
1389790 1552.6
1389800 1552.6
1389810 1556.4
1389820 1560.2
1389830 1560.2
1389840 1562.4
1389850 1561.9
1389860 1561.9
1389870 1557.4
1389880 1551.3
1389890 1551.3
1389900 1546.7
1389910 1543.6
1389920 1541.4
1389930 1541.4
1389940 1539.5
1389950 1537.2
1389960 1537.2
1389970 1534.6
1389980 1532.2
1389990 1532.2
1390000 1529.2
1390010 1526.9
1390020 1526.9
1390030 1536.7
1390040 1546.9
1390050 1546.9
1390060 1555.8
1390070 1567.7
1390080 1567.7
1390090 1575.1
1390100 1579.2
1390110 1584.8
1390120 1584.8
1390130 1590.9
1390140 1595.1
1390150 1595.1
1390160 1596.9
1390170 1597.6
1390180 1597.6
1390190 1597.7
1390200 1597.3
1390210 1597.3
1390220 1597.2
1390230 1598.5
1390240 1598.5
1390250 1600.6
1390260 1602.9
1390270 1602.9
1390280 1604.7
1390290 1606.4
1390300 1607.8
1390310 1607.8
1390320 1608.0
1390330 1607.4
1390340 1607.4
1390350 1607.3
1390360 1606.9
1390370 1606.9
1390380 1606.2
1390390 1605.9
1390400 1605.9
1390410 1605.7
1390420 1604.6
1390430 1600.6
1390440 1601.4
1390450 1603.7
1390460 1603.7
1390470 1606.0
1390480 1606.8
1390490 1607.5
1390500 1607.5
1390510 1607.9
1390520 1609.6
1390530 1609.6
1390540 1609.2
1390550 1609.0
1390560 1609.0
1390570 1610.2
1390580 1611.8
1390590 1611.8
1390600 1614.0
1390610 1615.3
1390620 1615.3
1390630 1616.5
1390640 1618.4
1390650 1618.4
1390660 1619.9
1390670 1621.1
1390680 1620.5
1390690 1620.5
1390700 1620.9
1390710 1624.0
1390720 1624.0
1390730 1625.3
1390740 1624.9
1390750 1624.9
1390760 1620.3
1390770 1616.1
1390780 1616.1
1390790 1612.1
1390800 1607.2
1390810 1607.2
1390820 1604.5
1390830 1609.3
1390840 1609.3
1390850 1617.3
1390860 1621.1
1390870 1621.1
1390880 1619.9
1390890 1618.1
1390900 1617.9
1390910 1617.9
1390920 1618.1
1390930 1618.2
1390940 1618.2
1390950 1619.0
1390960 1620.2
1390970 1620.2
1390980 1621.2
1390990 1622.1
1391000 1622.1
1391010 1623.0
1391020 1620.9
1391030 1620.9
1391040 1614.8
1391050 1607.8
1391060 1607.8
1391070 1601.0
1391080 1599.2
1391090 1602.3
1391100 1602.3
1391110 1607.4
1391120 1611.6
1391130 1611.6
1391140 1614.2
1391150 1616.5
1391160 1616.5
1391170 1617.7
1391180 1619.0
1391190 1619.0
1391200 1619.7
1391210 1619.3
1391220 1619.3
1391230 1620.5
1391240 1620.9
1391250 1620.9
1391260 1620.8
1391270 1620.9
1391280 1623.0
1391290 1623.0
1391300 1624.2
1391310 1625.0
1391320 1625.0
1391330 1625.5
1391340 1625.8
1391350 1625.8
1391360 1625.6
1391370 1624.7
1391380 1624.7
1391390 1624.3
1391400 1625.6
1391410 1625.6
1391420 1627.4
1391430 1627.6
1391440 1627.6
1391450 1626.3
1391460 1625.3
1391470 1625.2
1391480 1625.2
1391490 1626.0
1391500 1626.9
1391510 1626.9
1391520 1627.2
1391530 1627.5
1391540 1627.5
1391550 1628.0
1391560 1629.3
1391570 1629.3
1391580 1630.9
1391590 1632.0
1391600 1632.0
1391610 1632.8
1391620 1633.4
1391630 1633.4
1391640 1634.2
1391650 1635.0
1391660 1636.4
1391670 1636.4
1391680 1637.5
1391690 1638.9
1391700 1638.9
1391710 1639.7
1391720 1639.8
1391730 1639.8
1391740 1639.0
1391750 1637.0
1391760 1637.0
1391770 1639.5
1391780 1639.0
1391790 1636.7
1391800 1636.9
1391810 1636.7
1391820 1636.7
1391830 1637.4
1391840 1639.4
1391850 1641.6
1391860 1641.6
1391870 1643.6
1391880 1645.2
1391890 1645.2
1391900 1646.0
1391910 1643.1
1391920 1643.1
1391930 1637.0
1391940 1629.0
1391950 1629.0
1391960 1626.5
1391970 1633.6
1391980 1633.6
1391990 1640.5
1392000 1640.9
1392010 1640.9
1392020 1641.2
1392030 1641.3
1392040 1641.5
1392050 1641.5
1392060 1641.0
1392070 1640.6
1392080 1640.6
1392090 1639.7
1392100 1638.5
1392110 1638.5
1392120 1637.7
1392130 1637.0
1392140 1637.0
1392150 1636.7
1392160 1635.2
1392170 1635.2
1392180 1633.5
1392190 1631.8
1392200 1631.8
1392210 1630.4
1392220 1629.3
1392230 1627.4
1392240 1627.4
1392250 1624.3
1392260 1620.2
1392270 1620.2
1392280 1614.3
1392290 1608.0
1392300 1608.0
1392310 1603.3
1392320 1606.0
1392330 1606.0
1392340 1612.2
1392350 1618.4
1392360 1618.4
1392370 1623.9
1392380 1626.7
1392390 1626.7
1392400 1627.2
1392410 1624.6
1392420 1621.1
1392430 1621.1
1392440 1618.9
1392450 1615.3
1392460 1615.3
1392470 1614.8
1392480 1614.9
1392490 1614.9
1392500 1613.1
1392510 1611.3
1392520 1611.3
1392530 1609.2
1392540 1606.4
1392550 1606.4
1392560 1603.6
1392570 1601.0
1392580 1601.0
1392590 1600.5
1392600 1601.4
1392610 1601.4
1392620 1602.3
1392630 1603.3
1392640 1602.3
1392650 1602.3
1392660 1600.9
1392670 1598.8
1392680 1598.8
1392690 1596.3
1392700 1593.6
1392710 1593.6
1392720 1590.7
1392730 1587.7
1392740 1587.7
1392750 1584.7
1392760 1581.1
1392770 1581.1
1392780 1573.7
1392790 1568.2
1392800 1568.2
1392810 1571.6
1392820 1577.8
1392830 1578.4
1392840 1578.4
1392850 1575.7
1392860 1573.8
1392870 1573.8
1392880 1572.9
1392890 1572.3
1392900 1572.3
1392910 1571.1
1392920 1569.0
1392930 1569.0
1392940 1566.0
1392950 1562.9
1392960 1562.9
1392970 1560.1
1392980 1557.5
1392990 1557.5
1393000 1554.9
1393010 1551.6
1393020 1551.8
1393030 1551.8
1393040 1552.5
1393050 1549.1
1393060 1549.1
1393070 1545.8
1393080 1543.8
1393090 1543.8
1393100 1540.6
1393110 1534.4
1393120 1534.4
1393130 1527.7
1393140 1523.5
1393150 1523.5
1393160 1517.7
1393170 1513.8
1393180 1513.8
1393190 1508.5
1393200 1501.0
1393210 1493.7
1393220 1493.7
1393230 1487.3
1393240 1480.8
1393250 1480.8
1393260 1475.1
1393270 1470.6
1393280 1470.6
1393290 1466.7
1393300 1461.3
1393310 1461.3
1393320 1455.0
1393330 1447.9
1393340 1447.9
1393350 1440.2
1393360 1433.4
1393370 1433.4
1393380 1427.1
1393390 1420.1
1393400 1413.6
1393410 1413.6
1393420 1407.7
1393430 1401.2
1393440 1401.2
1393450 1395.2
1393460 1389.1
1393470 1389.1
1393480 1383.3
1393490 1376.9
1393500 1376.9
1393510 1369.7
1393520 1362.7
1393530 1362.7
1393540 1356.3
1393550 1349.0
1393560 1349.0
1393570 1340.4
1393580 1331.9
1393590 1323.7
1393600 1323.7
1393610 1314.8
1393620 1309.9
1393630 1309.9
1393640 1315.3
1393650 1314.0
1393660 1314.0
1393670 1310.2
1393680 1306.6
1393690 1306.6
1393700 1301.8
1393710 1312.5
1393720 1312.5
1393730 1322.1
1393740 1325.8
1393750 1325.8
1393760 1327.6
1393770 1329.4
1393780 1331.7
1393790 1331.7
1393800 1335.0
1393810 1338.3
1393820 1338.3
1393830 1340.8
1393840 1342.8
1393850 1342.8
1393860 1344.6
1393870 1347.0
1393880 1347.0
1393890 1347.8
1393900 1347.5
1393910 1347.5
1393920 1348.1
1393930 1351.7
1393940 1351.7
1393950 1353.5
1393960 1353.6
1393970 1354.7
1393980 1354.7
1393990 1355.5
1394000 1357.2
1394010 1357.2
1394020 1359.4
1394030 1359.8
1394040 1359.8
1394050 1359.1
1394060 1359.6
1394070 1359.6
1394080 1362.6
1394090 1364.0
1394100 1364.0
1394110 1363.8
1394120 1365.7
1394130 1365.7
1394140 1368.7
1394150 1370.7
1394160 1371.2
1394170 1371.2
1394180 1367.9
1394190 1365.1
1394200 1365.1
1394210 1368.4
1394220 1372.9
1394230 1372.9
1394240 1371.6
1394250 1372.2
1394260 1372.2
1394270 1375.3
1394280 1378.3
1394290 1378.3
1394300 1381.4
1394310 1384.8
1394320 1384.8
1394330 1388.9
1394340 1395.7
1394350 1395.7
1394360 1400.0
1394370 1399.5
1394380 1401.4
1394390 1401.4
1394400 1401.6
1394410 1405.1
1394420 1405.1
1394430 1411.1
1394440 1416.1
1394450 1416.1
1394460 1418.3
1394470 1422.5
1394480 1422.5
1394490 1427.7
1394500 1430.4
1394510 1430.4
1394520 1431.8
1394530 1432.8
1394540 1432.8
1394550 1422.9
1394560 1421.7
1394570 1418.0
1394580 1418.0
1394590 1413.7
1394600 1407.3
1394610 1407.3
1394620 1404.5
1394630 1413.0
1394640 1413.0
1394650 1423.3
1394660 1435.0
1394670 1435.0
1394680 1448.7
1394690 1464.4
1394700 1464.4
1394710 1475.6
1394720 1478.6
1394730 1478.6
1394740 1479.4
1394750 1478.2
1394760 1477.1
1394770 1477.1
1394780 1478.5
1394790 1481.0
1394800 1481.0
1394810 1485.9
1394820 1494.6
1394830 1494.6
1394840 1498.5
1394850 1501.4
1394860 1501.4
1394870 1505.6
1394880 1508.0
1394890 1508.0
1394900 1510.2
1394910 1514.8
1394920 1514.8
1394930 1516.2
1394940 1515.0
1394950 1511.7
1394960 1511.7
1394970 1507.3
1394980 1507.5
1394990 1507.5
1395000 1509.6
1395010 1514.6
1395020 1514.6
1395030 1523.3
1395040 1531.2
1395050 1531.2
1395060 1528.7
1395070 1524.4
1395080 1524.4
1395090 1531.3
1395100 1536.0
1395110 1536.0
1395120 1531.4
1395130 1519.4
1395140 1509.2
1395150 1509.2
1395160 1502.9
1395170 1497.5
1395180 1497.5
1395190 1491.7
1395200 1486.9
1395210 1486.9
1395220 1481.8
1395230 1478.5
1395240 1478.5
1395250 1478.9
1395260 1478.0
1395270 1478.0
1395280 1483.8
1395290 1489.3
1395300 1489.3
1395310 1494.6
1395320 1503.0
1395330 1514.4
1395340 1514.4
1395350 1515.0
1395360 1510.2
1395370 1510.2
1395380 1509.0
1395390 1509.7
1395400 1509.7
1395410 1509.1
1395420 1514.3
1395430 1514.3
1395440 1530.8
1395450 1547.0
1395460 1547.0
1395470 1548.7
1395480 1548.8
1395490 1548.8
1395500 1548.2
1395510 1548.5
1395520 1549.3
1395530 1549.3
1395540 1549.1
1395550 1547.9
1395560 1547.9
1395570 1544.3
1395580 1539.1
1395590 1539.1
1395600 1534.0
1395610 1528.8
1395620 1528.8
1395630 1522.5
1395640 1513.1
1395650 1513.1
1395660 1498.8
1395670 1484.5
1395680 1484.5
1395690 1467.0
1395700 1447.9
1395710 1436.3
1395720 1436.3
1395730 1423.9
1395740 1408.8
1395750 1408.8
1395760 1393.1
1395770 1380.5
1395780 1380.5
1395790 1368.6
1395800 1358.8
1395810 1358.8
1395820 1350.3
1395830 1340.3
1395840 1340.3
1395850 1334.4
1395860 1335.2
1395870 1335.2
1395880 1330.9
1395890 1325.6
1395900 1321.2
1395910 1321.2
1395920 1322.7
1395930 1320.9
1395940 1320.9
1395950 1316.6
1395960 1313.6
1395970 1305.5
1395980 1302.5
1395990 1299.4
1396000 1299.4
1396010 1296.1
1396020 1291.2
1396030 1291.2
1396040 1284.6
1396050 1281.8
1396060 1281.8
1396070 1278.2
1396080 1276.2
1396090 1276.2
1396100 1272.8
1396110 1267.1
1396120 1261.7
1396130 1261.7
1396140 1257.4
1396150 1254.7
1396160 1254.7
1396170 1250.4
1396180 1253.1
1396190 1253.1
1396200 1258.5
1396210 1256.8
1396220 1256.8
1396230 1254.0
1396240 1252.7
1396250 1252.7
1396260 1252.7
1396270 1251.9
1396280 1251.9
1396290 1249.9
1396300 1247.8
1396310 1247.0
1396320 1247.0
1396330 1246.3
1396340 1244.3
1396350 1244.3
1396360 1240.9
1396370 1238.2
1396380 1238.2
1396390 1238.1
1396400 1237.9
1396410 1237.9
1396420 1235.6
1396430 1233.5
1396440 1233.5
1396450 1230.4
1396460 1226.7
1396470 1226.7
1396480 1223.5
1396490 1219.4
1396500 1214.1
1396510 1214.1
1396520 1209.1
1396530 1211.0
1396540 1211.0
1396550 1213.0
1396560 1212.0
1396570 1212.0
1396580 1209.9
1396590 1206.0
1396600 1206.0
1396610 1201.5
1396620 1197.1
1396630 1197.1
1396640 1192.1
1396650 1189.1
1396660 1189.1
1396670 1187.8
1396680 1184.7
1396690 1180.7
1396700 1180.7
1396710 1176.9
1396720 1173.5
1396730 1173.5
1396740 1171.1
1396750 1173.9
1396760 1173.9
1396770 1174.2
1396780 1172.8
1396790 1172.8
1396800 1167.6
1396810 1169.5
1396820 1169.5
1396830 1174.7
1396840 1174.5
1396850 1174.5
1396860 1174.0
1396870 1172.3
1396880 1165.3
1396890 1165.3
1396900 1167.8
1396910 1175.1
1396920 1175.1
1396930 1177.2
1396940 1178.4
1396950 1178.4
1396960 1180.9
1396970 1183.4
1396980 1183.4
1396990 1184.3
1397000 1181.4
1397010 1181.4
1397020 1178.0
1397030 1173.5
1397040 1173.5
1397050 1170.2
1397060 1167.6
1397070 1165.6
1397080 1165.6
1397090 1163.6
1397100 1162.9
1397110 1162.9
1397120 1163.8
1397130 1164.7
1397140 1164.7
1397150 1165.3
1397160 1165.3
1397170 1165.3
1397180 1161.3
1397190 1161.1
1397200 1161.1
1397210 1162.3
1397220 1160.7
1397230 1160.7
1397240 1158.2
1397250 1157.5
1397260 1160.5
1397270 1160.5
1397280 1163.2
1397290 1164.2
1397300 1164.2
1397310 1159.7
1397320 1162.1
1397330 1162.1
1397340 1167.6
1397350 1170.5
1397360 1170.5
1397370 1172.6
1397380 1175.2
1397390 1175.2
1397400 1174.7
1397410 1166.7
1397420 1166.7
1397430 1168.6
1397440 1170.2
1397450 1172.4
1397460 1172.4
1397470 1173.8
1397480 1174.5
1397490 1174.5
1397500 1175.9
1397510 1177.8
1397520 1177.8
1397530 1179.3
1397540 1181.5
1397550 1181.5
1397560 1184.9
1397570 1187.8
1397580 1187.8
1397590 1188.0
1397600 1186.8
1397610 1186.8
1397620 1184.7
1397630 1181.8
1397640 1181.0
1397650 1181.0
1397660 1182.0
1397670 1183.4
1397680 1183.4
1397690 1185.3
1397700 1186.4
1397710 1186.4
1397720 1186.3
1397730 1185.5
1397740 1185.5
1397750 1184.4
1397760 1184.9
1397770 1184.9
1397780 1186.7
1397790 1188.7
1397800 1188.7
1397810 1190.3
1397820 1190.9
1397830 1190.9
1397840 1191.1
1397850 1191.9
1397860 1192.8
1397870 1192.8
1397880 1191.9
1397890 1190.6
1397900 1190.6
1397910 1191.1
1397920 1192.0
1397930 1192.0
1397940 1193.8
1397950 1196.8
1397960 1196.8
1397970 1199.5
1397980 1201.7
1397990 1201.7
1398000 1205.6
1398010 1211.5
1398020 1211.5
1398030 1214.6
1398040 1215.1
1398050 1214.8
1398060 1214.8
1398070 1214.2
1398080 1214.6
1398090 1214.6
1398100 1216.9
1398110 1219.4
1398120 1219.4
1398130 1221.0
1398140 1221.6
1398150 1221.6
1398160 1223.2
1398170 1223.4
1398180 1223.4
1398190 1224.1
1398200 1223.8
1398210 1223.8
1398220 1223.9
1398230 1227.1
1398240 1231.6
1398250 1231.6
1398260 1232.3
1398270 1234.1
1398280 1234.1
1398290 1236.5
1398300 1238.8
1398310 1238.8
1398320 1240.4
1398330 1242.5
1398340 1242.5
1398350 1246.1
1398360 1248.6
1398370 1248.6
1398380 1248.2
1398390 1250.1
1398400 1250.1
1398410 1251.2
1398420 1250.5
1398430 1251.0
1398440 1251.0
1398450 1253.4
1398460 1254.7
1398470 1254.7
1398480 1255.8
1398490 1257.0
1398500 1257.0
1398510 1257.2
1398520 1258.1
1398530 1258.1
1398540 1261.0
1398550 1264.1
1398560 1264.1
1398570 1266.0
1398580 1266.8
1398590 1266.8
1398600 1268.0
1398610 1270.2
1398620 1271.6
1398630 1271.6
1398640 1272.0
1398650 1272.5
1398660 1272.5
1398670 1272.7
1398680 1269.9
1398690 1269.9
1398700 1261.4
1398710 1249.0
1398720 1249.0
1398730 1234.0
1398740 1221.8
1398750 1221.8
1398760 1211.1
1398770 1204.1
1398780 1204.1
1398790 1200.7
1398800 1197.8
1398810 1194.0
1398820 1194.0
1398830 1189.8
1398840 1185.3
1398850 1185.3
1398860 1180.5
1398870 1169.4
1398880 1169.4
1398890 1165.5
1398900 1162.4
1398910 1162.4
1398920 1158.9
1398930 1155.5
1398940 1155.5
1398950 1152.0
1398960 1148.1
1398970 1148.1
1398980 1144.3
1398990 1140.4
1399000 1136.9
1399010 1136.9
1399020 1133.7
1399030 1130.7
1399040 1130.7
1399050 1127.4
1399060 1124.6
1399070 1124.6
1399080 1122.7
1399090 1120.0
1399100 1120.0
1399110 1117.4
1399120 1114.7
1399130 1114.7
1399140 1111.1
1399150 1107.3
1399160 1107.3
1399170 1103.9
1399180 1100.5
1399190 1096.1
1399200 1096.1
1399210 1091.5
1399220 1087.2
1399230 1087.2
1399240 1082.9
1399250 1079.1
1399260 1079.1
1399270 1074.6
1399280 1071.0
1399290 1071.0
1399300 1067.9
1399310 1064.1
1399320 1064.1
1399330 1060.3
1399340 1055.4
1399350 1055.4
1399360 1050.3
1399370 1045.7
1399380 1045.7
1399390 1041.6
1399400 1038.0
1399410 1033.7
1399420 1033.7
1399430 1029.6
1399440 1025.7
1399450 1025.7
1399460 1021.7
1399470 1018.2
1399480 1018.2
1399490 1014.3
1399500 1008.3
1399510 1008.3
1399520 1002.8
1399530 997.2
1399540 997.2
1399550 990.9
1399560 986.1
1399570 986.1
1399580 982.5
1399590 975.4
1399600 968.6
1399610 968.6
1399620 963.3
1399630 958.4
1399640 958.4
1399650 954.2
1399660 947.8
1399670 947.8
1399680 942.4
1399690 937.4
1399700 937.4
1399710 932.8
1399720 927.4
1399730 927.4
1399740 920.6
1399750 916.5
1399760 916.5
1399770 911.3
1399780 905.4
1399790 900.7
1399800 900.7
1399810 896.2
1399820 891.8
1399830 891.8
1399840 888.0
1399850 883.9
1399860 883.9
1399870 880.8
1399880 875.5
1399890 875.5
1399900 862.8
1399910 850.2
1399920 850.2
1399930 837.0
1399940 820.9
1399950 820.9
1399960 813.7
1399970 813.8
1399980 813.8
1399990 813.8
