1380000 2045.9
1380010 2038.9
1380020 2038.9
1380030 2034.3
1380040 2036.4
1380050 2036.4
1380060 2041.3
1380070 2045.6
1380080 2045.6
1380090 2047.2
1380100 2046.4
1380110 2043.8
1380120 2043.8
1380130 2037.9
1380140 2030.8
1380150 2030.8
1380160 2024.0
1380170 2016.7
1380180 2016.7
1380190 2009.0
1380200 2001.0
1380210 2001.0
1380220 1992.9
1380230 1985.3
1380240 1985.3
1380250 1977.3
1380260 1968.9
1380270 1968.9
1380280 1959.8
1380290 1958.3
1380300 1958.3
1380310 1960.1
1380320 1959.2
1380330 1964.5
1380340 1964.5
1380350 1964.9
1380360 1960.1
1380370 1960.1
1380380 1956.8
1380390 1956.2
1380400 1956.2
1380410 1951.2
1380420 1944.4
1380430 1944.4
1380440 1938.4
1380450 1932.5
1380460 1932.5
1380470 1926.3
1380480 1920.1
1380490 1920.1
1380500 1913.8
1380510 1903.7
1380520 1904.6
1380530 1904.6
1380540 1911.0
1380550 1916.6
1380560 1916.6
1380570 1923.1
1380580 1930.2
1380590 1930.2
1380600 1937.0
1380610 1945.1
1380620 1945.1
1380630 1953.8
1380640 1960.2
1380650 1960.2
1380660 1963.2
1380670 1966.2
1380680 1966.2
1380690 1970.7
1380700 1975.4
1380710 1979.6
1380720 1979.6
1380730 1982.6
1380740 1985.2
1380750 1985.2
1380760 1987.5
1380770 1988.5
1380780 1988.5
1380790 1988.8
1380800 1989.7
1380810 1989.7
1380820 1991.1
1380830 1993.4
1380840 1993.4
1380850 1996.3
1380860 1999.4
1380870 1999.4
1380880 2003.4
1380890 2007.7
1380900 2011.6
1380910 2011.6
1380920 2015.1
1380930 2019.0
1380940 2019.0
1380950 2023.0
1380960 2027.0
1380970 2027.0
1380980 2031.0
1380990 2034.8
1381000 2034.8
1381010 2039.5
1381020 2045.1
1381030 2045.1
1381040 2050.7
1381050 2056.2
1381060 2056.2
1381070 2061.2
1381080 2067.1
1381090 2074.0
1381100 2074.0
1381110 2080.3
1381120 2084.6
1381130 2084.6
1381140 2087.2
1381150 2089.7
1381160 2089.7
1381170 2092.3
1381180 2094.6
1381190 2094.6
1381200 2095.9
1381210 2097.5
1381220 2097.5
1381230 2099.0
1381240 2100.1
1381250 2100.1
1381260 2100.9
1381270 2101.3
1381280 2101.7
1381290 2101.7
1381300 2102.3
1381310 2101.6
1381320 2101.6
1381330 2101.8
1381340 2101.3
1381350 2101.3
1381360 2099.2
1381370 2096.6
1381380 2089.8
1381390 2087.5
1381400 2085.5
1381410 2085.5
1381420 2083.0
1381430 2080.6
1381440 2080.6
1381450 2078.7
1381460 2077.0
1381470 2074.2
1381480 2074.2
1381490 2071.3
1381500 2069.1
1381510 2069.1
1381520 2065.0
1381530 2059.1
1381540 2059.1
1381550 2053.3
1381560 2048.7
1381570 2048.7
1381580 2046.1
1381590 2043.9
1381600 2043.9
1381610 2040.9
1381620 2037.0
1381630 2037.0
1381640 2034.3
1381650 2033.2
1381660 2033.2
1381670 2033.5
1381680 2033.4
1381690 2033.0
1381700 2033.0
1381710 2031.8
1381720 2029.4
1381730 2029.4
1381740 2026.7
1381750 2023.9
1381760 2023.9
1381770 2021.3
1381780 2019.5
1381790 2019.5
1381800 2018.3
1381810 2017.1
1381820 2017.1
1381830 2015.5
1381840 2013.0
1381850 2013.0
1381860 2010.6
1381870 2011.5
1381880 2013.3
1381890 2013.3
1381900 2014.7
1381910 2015.9
1381920 2015.9
1381930 2017.9
1381940 2019.0
1381950 2019.0
1381960 2022.2
1381970 2027.5
1381980 2027.5
1381990 2030.3
1382000 2030.7
1382010 2030.7
1382020 2030.2
1382030 2029.2
1382040 2029.2
1382050 2028.4
1382060 2028.7
1382070 2028.5
1382080 2028.5
1382090 2028.5
1382100 2030.1
1382110 2030.1
1382120 2030.1
1382130 2029.3
1382140 2029.3
1382150 2030.5
1382160 2032.6
1382170 2032.6
1382180 2031.9
1382190 2029.6
1382200 2029.6
1382210 2024.8
1382220 2018.5
1382230 2018.5
1382240 2013.8
1382250 2009.8
1382260 2004.8
1382270 2004.8
1382280 2001.0
1382290 1999.5
1382300 1999.5
1382310 1997.6
1382320 1995.0
1382330 1995.0
1382340 1992.5
1382350 1990.3
1382360 1990.3
1382370 1987.2
1382380 1984.6
1382390 1984.6
1382400 1983.3
1382410 1982.5
1382420 1982.5
1382430 1981.1
1382440 1981.0
1382450 1981.8
1382460 1981.8
1382470 1980.7
1382480 1979.4
1382490 1979.4
1382500 1978.7
1382510 1978.6
1382520 1978.6
1382530 1979.4
1382540 1980.5
1382550 1980.5
1382560 1980.8
1382570 1980.8
1382580 1980.8
1382590 1980.6
1382600 1981.0
1382610 1976.6
1382620 1976.7
1382630 1976.7
1382640 1976.2
1382650 1976.2
1382660 1975.4
1382670 1974.0
1382680 1974.0
1382690 1972.6
1382700 1971.2
1382710 1971.2
1382720 1970.0
1382730 1968.1
1382740 1968.1
1382750 1965.4
1382760 1962.0
1382770 1962.0
1382780 1958.6
1382790 1956.3
1382800 1956.3
1382810 1954.9
1382820 1954.1
1382830 1953.2
1382840 1953.2
1382850 1952.4
1382860 1950.6
1382870 1950.6
1382880 1948.3
1382890 1946.1
1382900 1946.1
1382910 1943.0
1382920 1938.9
1382930 1938.9
1382940 1934.1
1382950 1928.4
1382960 1928.4
1382970 1922.2
1382980 1916.9
1382990 1916.9
1383000 1914.3
1383010 1915.1
1383020 1915.1
1383030 1913.4
1383040 1909.2
1383050 1905.0
1383060 1905.0
1383070 1901.5
1383080 1899.4
1383090 1899.4
1383100 1898.2
1383110 1897.1
1383120 1897.1
1383130 1896.3
1383140 1896.3
1383150 1896.3
1383160 1896.3
1383170 1896.8
1383180 1896.8
1383190 1897.5
1383200 1899.1
1383210 1899.1
1383220 1900.1
1383230 1901.0
1383240 1901.9
1383250 1901.9
1383260 1901.3
1383270 1899.7
1383280 1899.7
1383290 1896.5
1383300 1894.1
1383310 1894.1
1383320 1891.8
1383330 1889.2
1383340 1889.2
1383350 1887.1
1383360 1884.9
1383370 1884.9
1383380 1883.1
1383390 1880.7
1383400 1880.7
1383410 1877.9
1383420 1873.4
1383430 1864.8
1383440 1864.8
1383450 1856.1
1383460 1849.0
1383470 1849.0
1383480 1843.7
1383490 1840.3
1383500 1840.3
1383510 1840.6
1383520 1843.0
1383530 1843.0
1383540 1841.4
1383550 1838.5
1383560 1838.5
1383570 1835.4
1383580 1831.5
1383590 1831.5
1383600 1827.1
1383610 1822.0
1383620 1815.1
1383630 1815.1
1383640 1808.4
1383650 1802.2
1383660 1802.2
1383670 1798.3
1383680 1794.7
1383690 1794.7
1383700 1790.4
1383710 1786.1
1383720 1786.1
1383730 1784.1
1383740 1783.2
1383750 1783.2
1383760 1781.6
1383770 1777.0
1383780 1777.0
1383790 1770.0
1383800 1763.6
1383810 1757.2
1383820 1757.2
1383830 1749.0
1383840 1751.8
1383850 1751.8
1383860 1753.2
1383870 1756.1
1383880 1756.1
1383890 1755.0
1383900 1752.1
1383910 1752.1
1383920 1746.3
1383930 1745.0
1383940 1745.0
1383950 1752.9
1383960 1756.8
1383970 1756.8
1383980 1758.9
1383990 1759.5
1384000 1759.3
1384010 1759.3
1384020 1757.8
1384030 1753.2
1384040 1753.2
1384050 1748.8
1384060 1740.4
1384070 1740.4
1384080 1742.9
1384090 1756.9
1384100 1756.9
1384110 1763.9
1384120 1765.8
1384130 1765.8
1384140 1769.0
1384150 1774.0
1384160 1774.0
1384170 1773.0
1384180 1767.9
1384190 1762.7
1384200 1762.7
1384210 1757.1
1384220 1749.7
1384230 1749.7
1384240 1745.0
1384250 1745.0
1384260 1745.0
1384270 1750.6
1384280 1756.6
1384290 1756.6
1384300 1761.4
1384310 1767.1
1384320 1767.1
1384330 1773.4
1384340 1779.8
1384350 1779.8
1384360 1785.7
1384370 1789.3
1384380 1789.3
1384390 1795.6
1384400 1803.8
1384410 1810.9
1384420 1810.9
1384430 1815.0
1384440 1817.9
1384450 1817.9
1384460 1821.0
1384470 1824.0
1384480 1824.0
1384490 1826.4
1384500 1828.2
1384510 1828.2
1384520 1830.0
1384530 1832.5
1384540 1832.5
1384550 1835.5
1384560 1838.7
1384570 1838.7
1384580 1841.7
1384590 1844.9
1384600 1847.0
1384610 1847.0
1384620 1850.0
1384630 1853.5
1384640 1853.5
1384650 1855.2
1384660 1856.1
1384670 1856.1
1384680 1857.4
1384690 1858.4
1384700 1858.4
1384710 1858.7
1384720 1858.7
1384730 1858.7
1384740 1858.3
1384750 1858.7
1384760 1858.7
1384770 1859.8
1384780 1861.7
1384790 1863.2
1384800 1863.2
1384810 1863.4
1384820 1863.2
1384830 1863.2
1384840 1862.1
1384850 1857.9
1384860 1857.9
1384870 1849.9
1384880 1845.0
1384890 1845.0
1384900 1841.3
1384910 1835.3
1384920 1835.3
1384930 1830.3
1384940 1827.0
1384950 1827.0
1384960 1824.1
1384970 1821.0
1384980 1817.6
1384990 1817.6
1385000 1813.5
1385010 1807.5
1385020 1807.5
1385030 1803.7
1385040 1803.2
1385050 1803.2
1385060 1803.4
1385070 1804.2
1385080 1804.2
1385090 1805.0
1385100 1805.2
1385110 1805.2
1385120 1805.5
1385130 1799.5
1385140 1799.5
1385150 1797.0
1385160 1795.3
1385170 1793.4
1385180 1793.4
1385190 1787.8
1385200 1781.7
1385210 1781.7
1385220 1776.5
1385230 1774.2
1385240 1774.2
1385250 1774.3
1385260 1773.5
1385270 1773.5
1385280 1772.0
1385290 1769.6
1385300 1769.6
1385310 1766.0
1385320 1764.4
1385330 1764.4
1385340 1764.1
1385350 1765.8
1385360 1768.4
1385370 1768.4
1385380 1771.8
1385390 1774.4
1385400 1774.4
1385410 1778.4
1385420 1787.6
1385430 1787.6
1385440 1787.8
1385450 1788.8
1385460 1788.8
1385470 1785.1
1385480 1780.9
1385490 1780.9
1385500 1774.1
1385510 1763.9
1385520 1763.9
1385530 1754.5
1385540 1745.3
1385550 1745.3
1385560 1735.4
1385570 1727.2
1385580 1716.1
1385590 1716.1
1385600 1702.9
1385610 1694.6
1385620 1694.6
1385630 1697.5
1385640 1706.2
1385650 1706.2
1385660 1715.9
1385670 1723.4
1385680 1723.4
1385690 1730.5
1385700 1734.8
1385710 1734.8
1385720 1739.8
1385730 1745.0
1385740 1745.0
1385750 1751.7
1385760 1760.1
1385770 1771.4
1385780 1771.4
1385790 1778.0
1385800 1778.4
1385810 1778.4
1385820 1779.1
1385830 1780.9
1385840 1780.9
1385850 1784.4
1385860 1788.6
1385870 1788.6
1385880 1793.2
1385890 1798.7
1385900 1798.7
1385910 1804.8
1385920 1810.5
1385930 1810.5
1385940 1814.4
1385950 1816.2
1385960 1816.5
1385970 1816.5
1385980 1820.0
1385990 1824.0
1386000 1824.0
1386010 1825.8
1386020 1827.3
1386030 1827.3
1386040 1827.6
1386050 1823.9
1386060 1823.9
1386070 1819.4
1386080 1817.4
1386090 1817.4
1386100 1817.0
1386110 1816.9
1386120 1816.9
1386130 1813.0
1386140 1810.0
1386150 1807.7
1386160 1807.7
1386170 1804.1
1386180 1801.6
1386190 1801.6
1386200 1799.8
1386210 1797.4
1386220 1797.4
1386230 1795.2
1386240 1792.7
1386250 1792.7
1386260 1790.5
1386270 1789.1
1386280 1789.1
1386290 1787.2
1386300 1786.5
1386310 1786.5
1386320 1786.5
1386330 1786.9
1386340 1786.9
1386350 1786.9
1386360 1786.9
1386370 1784.7
1386380 1784.7
1386390 1781.3
1386400 1777.5
1386410 1774.0
1386420 1770.6
1386430 1767.4
1386440 1767.4
1386450 1764.0
1386460 1760.9
1386470 1760.9
1386480 1757.9
1386490 1754.1
1386500 1754.1
1386510 1749.2
1386520 1745.1
1386530 1742.7
1386540 1742.7
1386550 1743.1
1386560 1745.4
1386570 1745.4
1386580 1746.5
1386590 1743.0
1386600 1743.0
1386610 1729.8
1386620 1718.4
1386630 1718.4
1386640 1708.6
1386650 1699.4
1386660 1699.4
1386670 1690.0
1386680 1680.4
1386690 1680.4
1386700 1670.3
1386710 1659.9
1386720 1649.8
1386730 1649.8
1386740 1639.6
1386750 1630.3
1386760 1630.3
1386770 1621.1
1386780 1613.0
1386790 1613.0
1386800 1607.2
1386810 1608.7
1386820 1608.7
1386830 1615.2
1386840 1616.8
1386850 1616.8
1386860 1616.4
1386870 1616.3
1386880 1616.3
1386890 1616.4
1386900 1618.5
1386910 1618.5
1386920 1621.0
1386930 1619.1
1386940 1622.4
1386950 1622.4
1386960 1630.5
1386970 1639.4
1386980 1639.4
1386990 1639.2
1387000 1639.4
1387010 1639.4
1387020 1642.4
1387030 1644.3
1387040 1644.3
1387050 1644.7
1387060 1647.4
1387070 1647.4
1387080 1652.9
1387090 1661.0
1387100 1661.0
1387110 1669.8
1387120 1678.8
1387130 1689.3
1387140 1689.3
1387150 1699.6
1387160 1703.8
1387170 1703.8
1387180 1706.8
1387190 1708.1
1387200 1708.1
1387210 1708.1
1387220 1707.3
1387230 1707.3
1387240 1707.2
1387250 1708.9
1387260 1708.9
1387270 1710.3
1387280 1711.1
1387290 1711.1
1387300 1713.7
1387310 1710.2
1387320 1706.7
1387330 1706.7
1387340 1704.6
1387350 1700.8
1387360 1700.8
1387370 1696.9
1387380 1693.1
1387390 1693.1
1387400 1690.3
1387410 1687.7
1387420 1687.7
1387430 1685.5
1387440 1683.4
1387450 1683.4
1387460 1681.2
1387470 1680.3
1387480 1680.3
1387490 1681.7
1387500 1684.4
1387510 1688.3
1387520 1688.3
1387530 1691.9
1387540 1694.2
1387550 1694.2
1387560 1696.3
1387570 1697.0
1387580 1697.0
1387590 1696.9
1387600 1696.1
1387610 1696.1
1387620 1695.2
1387630 1693.0
1387640 1693.0
1387650 1690.5
1387660 1687.7
1387670 1687.7
1387680 1683.7
1387690 1678.8
1387700 1669.1
1387710 1669.1
1387720 1664.9
1387730 1660.8
1387740 1660.8
1387750 1659.4
1387760 1658.6
1387770 1658.6
1387780 1658.0
1387790 1657.9
1387800 1657.9
1387810 1657.3
1387820 1655.4
1387830 1655.4
1387840 1653.7
1387850 1653.6
1387860 1653.6
1387870 1657.7
1387880 1664.7
1387890 1667.5
1387900 1667.5
1387910 1668.5
1387920 1669.3
1387930 1669.3
1387940 1669.8
1387950 1671.2
1387960 1671.2
1387970 1671.3
1387980 1668.5
1387990 1668.5
1388000 1664.4
1388010 1658.9
1388020 1658.9
1388030 1654.1
1388040 1650.5
1388050 1650.5
1388060 1646.5
1388070 1640.4
1388080 1633.6
1388090 1633.6
1388100 1630.2
1388110 1629.4
1388120 1629.4
1388130 1627.0
1388140 1622.9
1388150 1622.9
1388160 1620.0
1388170 1617.9
1388180 1617.9
1388190 1611.5
1388200 1599.1
1388210 1599.1
1388220 1593.6
1388230 1586.6
1388240 1586.6
1388250 1570.5
1388260 1561.7
1388270 1561.7
1388280 1562.6
1388290 1571.7
1388300 1584.6
1388310 1584.6
1388320 1597.5
1388330 1609.8
1388340 1609.8
1388350 1620.8
1388360 1631.9
1388370 1631.9
1388380 1643.6
1388390 1651.5
1388400 1651.5
1388410 1659.1
1388420 1669.3
1388430 1669.3
1388440 1677.5
1388450 1685.4
1388460 1685.4
1388470 1693.1
1388480 1700.0
1388490 1706.6
1388500 1706.6
1388510 1713.7
1388520 1721.0
1388530 1721.0
1388540 1727.9
1388550 1734.1
1388560 1734.1
1388570 1739.8
1388580 1745.0
1388590 1745.0
1388600 1747.7
1388610 1750.1
1388620 1750.1
1388630 1754.1
1388640 1757.2
1388650 1757.2
1388660 1758.3
1388670 1758.4
1388680 1759.1
1388690 1759.1
1388700 1760.5
1388710 1763.5
1388720 1763.5
1388730 1766.8
1388740 1769.5
1388750 1769.5
1388760 1771.7
1388770 1773.9
1388780 1773.9
1388790 1778.6
1388800 1783.9
1388810 1783.9
1388820 1787.8
1388830 1789.3
1388840 1789.3
1388850 1788.9
1388860 1789.3
1388870 1789.4
1388880 1789.4
1388890 1789.9
1388900 1790.2
1388910 1790.2
1388920 1791.4
1388930 1792.8
1388940 1792.8
1388950 1794.6
1388960 1795.0
1388970 1795.0
1388980 1794.6
1388990 1794.6
1389000 1794.6
1389010 1795.1
1389020 1792.3
1389030 1792.3
1389040 1792.3
1389050 1792.6
1389060 1793.3
1389070 1793.3
1389080 1793.7
1389090 1794.5
1389100 1794.5
1389110 1795.5
1389120 1795.6
1389130 1795.6
1389140 1796.3
1389150 1796.9
1389160 1796.9
1389170 1797.5
1389180 1799.4
1389190 1799.4
1389200 1800.2
1389210 1800.4
1389220 1800.4
1389230 1803.6
1389240 1804.9
1389250 1805.9
1389260 1805.9
1389270 1807.8
1389280 1809.3
1389290 1809.3
1389300 1810.7
1389310 1812.0
1389320 1812.0
1389330 1813.9
1389340 1816.3
1389350 1816.3
1389360 1818.1
1389370 1819.3
1389380 1819.3
1389390 1819.3
1389400 1818.5
1389410 1818.5
1389420 1817.3
1389430 1816.3
1389440 1815.9
1389450 1815.9
1389460 1815.9
1389470 1816.2
1389480 1816.2
1389490 1816.4
1389500 1815.2
1389510 1815.2
1389520 1815.4
1389530 1815.3
1389540 1815.3
1389550 1815.9
1389560 1817.4
1389570 1817.4
1389580 1818.8
1389590 1821.0
1389600 1821.0
1389610 1824.3
1389620 1826.0
1389630 1826.0
1389640 1823.2
1389650 1821.0
1389660 1818.2
1389670 1818.2
1389680 1815.3
1389690 1812.3
1389700 1812.3
1389710 1811.2
1389720 1813.0
1389730 1813.0
1389740 1813.6
1389750 1813.1
1389760 1813.1
1389770 1813.0
1389780 1814.7
1389790 1814.7
1389800 1817.7
1389810 1821.4
1389820 1821.4
1389830 1825.0
1389840 1826.0
1389850 1825.8
1389860 1825.8
1389870 1825.5
1389880 1827.4
1389890 1827.4
1389900 1832.8
1389910 1839.6
1389920 1839.6
1389930 1841.0
1389940 1840.3
1389950 1840.3
1389960 1839.2
1389970 1837.0
1389980 1837.0
1389990 1832.8
1390000 1832.5
1390010 1832.5
1390020 1839.3
1390030 1842.8
1390040 1844.3
1390050 1844.3
1390060 1843.1
1390070 1845.0
1390080 1845.0
1390090 1849.3
1390100 1854.5
1390110 1854.5
1390120 1858.2
1390130 1859.6
1390140 1859.6
1390150 1861.0
1390160 1864.1
1390170 1864.1
1390180 1867.5
1390190 1870.8
1390200 1870.8
1390210 1874.0
1390220 1876.1
1390230 1877.5
1390240 1877.5
1390250 1878.9
1390260 1880.2
1390270 1880.2
1390280 1880.8
1390290 1881.8
1390300 1881.8
1390310 1884.1
1390320 1886.4
1390330 1886.4
1390340 1888.3
1390350 1889.9
1390360 1885.1
1390370 1884.9
1390380 1883.2
1390390 1883.2
1390400 1878.1
1390410 1870.7
1390420 1865.9
1390430 1865.9
1390440 1871.8
1390450 1879.1
1390460 1879.1
1390470 1885.6
1390480 1890.9
1390490 1890.9
1390500 1896.4
1390510 1902.6
1390520 1902.6
1390530 1907.8
1390540 1910.4
1390550 1910.4
1390560 1913.1
1390570 1916.0
1390580 1916.0
1390590 1919.0
1390600 1922.4
1390610 1926.6
1390620 1926.6
1390630 1930.1
1390640 1934.3
1390650 1934.3
1390660 1939.6
1390670 1944.1
1390680 1944.1
1390690 1946.1
1390700 1947.5
1390710 1947.5
1390720 1949.2
1390730 1950.6
1390740 1950.6
1390750 1951.7
1390760 1952.1
1390770 1952.1
1390780 1951.8
1390790 1951.8
1390800 1951.7
1390810 1951.7
1390820 1951.3
1390830 1950.5
1390840 1950.5
1390850 1950.1
1390860 1950.4
1390870 1950.4
1390880 1949.1
1390890 1946.0
1390900 1946.0
1390910 1940.4
1390920 1938.0
1390930 1938.0
1390940 1943.1
1390950 1944.6
1390960 1944.6
1390970 1943.5
1390980 1942.9
1390990 1942.9
1391000 1942.1
1391010 1940.6
1391020 1942.2
1391030 1942.2
1391040 1946.2
1391050 1948.9
1391060 1948.9
1391070 1949.8
1391080 1950.3
1391090 1950.3
1391100 1950.8
1391110 1950.9
1391120 1950.9
1391130 1951.2
1391140 1947.3
1391150 1947.3
1391160 1942.2
1391170 1939.4
1391180 1939.4
1391190 1939.4
1391200 1942.3
1391210 1945.5
1391220 1945.5
1391230 1945.3
1391240 1944.0
1391250 1944.0
1391260 1942.7
1391270 1941.3
1391280 1941.3
1391290 1939.7
1391300 1937.5
1391310 1937.5
1391320 1935.3
1391330 1933.0
1391340 1933.0
1391350 1931.3
1391360 1930.4
1391370 1930.4
1391380 1929.8
1391390 1929.1
1391400 1928.2
1391410 1928.2
1391420 1927.3
1391430 1926.7
1391440 1926.7
1391450 1926.3
1391460 1926.2
1391470 1926.2
1391480 1926.5
1391490 1926.8
1391500 1926.8
1391510 1926.5
1391520 1925.5
1391530 1925.5
1391540 1922.8
1391550 1920.1
1391560 1920.1
1391570 1915.5
1391580 1906.7
1391590 1900.6
1391600 1900.6
1391610 1905.5
1391620 1912.8
1391630 1912.8
1391640 1918.5
1391650 1920.7
1391660 1920.7
1391670 1922.7
1391680 1925.1
1391690 1925.1
1391700 1927.4
1391710 1922.7
1391720 1922.7
1391730 1923.4
1391740 1923.6
1391750 1923.6
1391760 1923.8
1391770 1923.6
1391780 1923.0
1391790 1923.0
1391800 1920.7
1391810 1917.5
1391820 1917.5
1391830 1913.5
1391840 1908.7
1391850 1908.7
1391860 1902.5
1391870 1895.3
1391880 1895.3
1391890 1887.3
1391900 1882.1
1391910 1882.1
1391920 1880.4
1391930 1881.9
1391940 1881.9
1391950 1885.2
1391960 1887.4
1391970 1888.1
1391980 1888.1
1391990 1888.8
1392000 1888.9
1392010 1888.9
1392020 1888.6
1392030 1890.0
1392040 1890.0
1392050 1891.7
1392060 1892.8
1392070 1892.8
1392080 1894.0
1392090 1896.6
1392100 1896.6
1392110 1897.0
1392120 1896.9
1392130 1896.9
1392140 1896.3
1392150 1893.7
1392160 1893.3
1392170 1893.3
1392180 1894.4
1392190 1894.1
1392200 1894.1
1392210 1895.8
1392220 1898.6
1392230 1898.6
1392240 1901.9
1392250 1904.9
1392260 1904.9
1392270 1906.3
1392280 1906.4
1392290 1906.4
1392300 1906.4
1392310 1907.7
1392320 1907.7
1392330 1903.8
1392340 1903.2
1392350 1903.2
1392360 1905.1
1392370 1905.5
1392380 1904.4
1392390 1904.4
1392400 1902.0
1392410 1896.0
1392420 1896.0
1392430 1892.8
1392440 1895.8
1392450 1895.8
1392460 1903.2
1392470 1906.6
1392480 1906.6
1392490 1905.6
1392500 1903.4
1392510 1903.4
1392520 1901.1
1392530 1900.8
1392540 1900.8
1392550 1900.2
1392560 1896.9
1392570 1893.5
1392580 1893.5
1392590 1887.8
1392600 1883.4
1392610 1883.4
1392620 1883.6
1392630 1882.4
1392640 1882.4
1392650 1879.1
1392660 1876.2
1392670 1876.2
1392680 1873.3
1392690 1867.6
1392700 1867.6
1392710 1861.6
1392720 1857.7
1392730 1857.7
1392740 1856.2
1392750 1854.1
1392760 1850.8
1392770 1850.8
1392780 1847.4
1392790 1842.7
1392800 1842.7
1392810 1837.1
1392820 1833.7
1392830 1833.7
1392840 1830.5
1392850 1827.3
1392860 1827.3
1392870 1823.5
1392880 1819.7
1392890 1819.7
1392900 1815.8
1392910 1813.4
1392920 1813.4
1392930 1812.1
1392940 1808.2
1392950 1801.6
1392960 1801.6
1392970 1801.8
1392980 1804.4
1392990 1804.4
1393000 1804.7
1393010 1805.4
1393020 1805.4
1393030 1805.7
1393040 1804.1
1393050 1804.1
1393060 1804.1
1393070 1804.1
1393080 1798.8
1393090 1797.1
1393100 1795.8
1393110 1795.8
1393120 1793.5
1393130 1789.2
1393140 1783.6
1393150 1783.6
1393160 1782.9
1393170 1787.9
1393180 1787.9
1393190 1786.7
1393200 1781.8
1393210 1781.8
1393220 1772.1
1393230 1767.2
1393240 1767.2
1393250 1775.1
1393260 1783.5
1393270 1783.5
1393280 1792.1
1393290 1798.5
1393300 1798.5
1393310 1804.1
1393320 1807.0
1393330 1808.6
1393340 1808.6
1393350 1811.7
1393360 1821.0
1393370 1821.0
1393380 1825.7
1393390 1825.5
1393400 1825.5
1393410 1823.3
1393420 1819.4
1393430 1819.4
1393440 1817.7
1393450 1819.5
1393460 1819.5
1393470 1820.8
1393480 1819.2
1393490 1819.2
1393500 1817.3
1393510 1816.0
1393520 1816.2
1393530 1816.2
1393540 1815.8
1393550 1815.2
1393560 1815.2
1393570 1815.1
1393580 1815.1
1393590 1815.1
1393600 1813.0
1393610 1810.1
1393620 1810.1
1393630 1807.3
1393640 1805.0
1393650 1805.0
1393660 1802.8
1393670 1800.8
1393680 1800.8
1393690 1798.6
1393700 1794.4
1393710 1794.4
1393720 1788.1
1393730 1790.0
1393740 1797.6
1393750 1797.6
1393760 1806.5
1393770 1813.1
1393780 1813.1
1393790 1816.9
1393800 1821.2
1393810 1821.2
1393820 1823.3
1393830 1825.7
1393840 1825.7
1393850 1829.9
1393860 1835.3
1393870 1835.3
1393880 1838.3
1393890 1843.8
1393900 1843.8
1393910 1851.9
1393920 1861.2
1393930 1869.8
1393940 1869.8
1393950 1884.1
1393960 1900.6
1393970 1900.6
1393980 1910.4
1393990 1916.7
1394000 1916.7
1394010 1927.3
1394020 1936.7
1394030 1936.7
1394040 1944.0
1394050 1948.5
1394060 1948.5
1394070 1947.4
1394080 1947.2
1394090 1947.2
1394100 1947.5
1394110 1945.6
1394120 1937.9
1394130 1937.9
1394140 1932.9
1394150 1933.9
1394160 1933.9
1394170 1933.6
1394180 1927.5
1394190 1927.5
1394200 1922.0
1394210 1917.2
1394220 1917.2
1394230 1913.5
1394240 1911.4
1394250 1911.4
1394260 1910.6
1394270 1911.7
1394280 1911.7
1394290 1913.0
1394300 1910.8
1394310 1907.6
1394320 1907.6
1394330 1905.5
1394340 1904.5
1394350 1904.5
1394360 1904.3
1394370 1904.1
1394380 1904.1
1394390 1904.0
1394400 1903.8
1394410 1903.8
1394420 1903.8
1394430 1903.2
1394440 1903.2
1394450 1902.7
1394460 1903.7
1394470 1895.7
1394480 1897.7
1394490 1901.0
1394500 1906.2
1394510 1906.2
1394520 1911.3
1394530 1915.0
1394540 1915.0
1394550 1917.6
1394560 1917.9
1394570 1917.9
1394580 1915.4
1394590 1909.2
1394600 1909.2
1394610 1905.4
1394620 1904.6
1394630 1904.6
1394640 1903.3
1394650 1902.3
1394660 1902.3
1394670 1902.5
1394680 1903.1
1394690 1901.6
1394700 1901.6
1394710 1901.0
1394720 1896.6
1394730 1896.6
1394740 1889.9
1394750 1886.8
1394760 1886.8
1394770 1884.7
1394780 1882.7
1394790 1882.7
1394800 1880.2
1394810 1877.7
1394820 1877.7
1394830 1875.8
1394840 1873.5
1394850 1873.5
1394860 1869.3
1394870 1863.7
1394880 1859.9
1394890 1859.9
1394900 1856.4
1394910 1856.5
1394920 1856.5
1394930 1854.6
1394940 1849.2
1394950 1849.2
1394960 1846.4
1394970 1843.8
1394980 1843.8
1394990 1842.6
1395000 1840.1
1395010 1840.1
1395020 1838.6
1395030 1838.5
1395040 1838.5
1395050 1838.9
1395060 1838.7
1395070 1838.7
1395080 1837.3
1395090 1835.9
1395100 1834.5
1395110 1834.5
1395120 1833.0
1395130 1830.6
1395140 1830.6
1395150 1828.9
1395160 1828.1
1395170 1828.1
1395180 1828.0
1395190 1826.3
1395200 1826.3
1395210 1824.0
1395220 1822.7
1395230 1822.7
1395240 1821.4
1395250 1820.2
1395260 1820.2
1395270 1819.0
1395280 1817.7
1395290 1816.3
1395300 1816.3
1395310 1814.8
1395320 1813.8
1395330 1813.8
1395340 1813.0
1395350 1811.3
1395360 1811.3
1395370 1809.2
1395380 1806.5
1395390 1806.5
1395400 1803.1
1395410 1799.7
1395420 1799.7
1395430 1797.1
1395440 1795.0
1395450 1795.0
1395460 1793.3
1395470 1792.2
1395480 1792.3
1395490 1792.3
1395500 1791.3
1395510 1790.2
1395520 1790.2
1395530 1788.5
1395540 1786.7
1395550 1786.7
1395560 1784.1
1395570 1780.9
1395580 1780.9
1395590 1777.6
1395600 1774.9
1395610 1774.9
1395620 1772.7
1395630 1770.6
1395640 1770.6
1395650 1768.3
1395660 1765.6
1395670 1763.0
1395680 1763.0
1395690 1760.4
1395700 1757.5
1395710 1757.5
1395720 1755.3
1395730 1753.6
1395740 1753.6
1395750 1752.8
1395760 1751.4
1395770 1751.4
1395780 1749.3
1395790 1747.6
1395800 1747.6
1395810 1745.9
1395820 1743.8
1395830 1743.8
1395840 1742.4
1395850 1742.0
1395860 1742.0
1395870 1742.0
1395880 1741.6
1395890 1732.6
1395900 1732.6
1395910 1731.8
1395920 1731.7
1395930 1731.7
1395940 1731.7
1395950 1731.2
1395960 1731.2
1395970 1730.2
1395980 1727.8
1395990 1727.8
1396000 1725.5
1396010 1723.8
1396020 1723.8
1396030 1722.0
1396040 1720.1
1396050 1718.2
1396060 1718.2
1396070 1716.1
1396080 1714.5
1396090 1714.5
1396100 1712.6
1396110 1709.9
1396120 1709.9
1396130 1706.9
1396140 1704.0
1396150 1704.0
1396160 1701.8
1396170 1699.9
1396180 1699.9
1396190 1697.9
1396200 1696.0
1396210 1696.0
1396220 1693.9
1396230 1691.3
1396240 1691.3
1396250 1688.4
1396260 1685.9
1396270 1682.9
1396280 1682.9
1396290 1679.9
1396300 1677.9
1396310 1677.9
1396320 1676.0
1396330 1674.1
1396340 1674.1
1396350 1671.2
1396360 1666.5
1396370 1666.5
1396380 1663.2
1396390 1660.6
1396400 1660.6
1396410 1657.1
1396420 1655.2
1396430 1655.2
1396440 1654.5
1396450 1652.9
1396460 1649.1
1396470 1649.1
1396480 1643.6
1396490 1640.2
1396500 1640.2
1396510 1636.5
1396520 1630.4
1396530 1630.4
1396540 1622.4
1396550 1615.6
1396560 1615.6
1396570 1613.2
1396580 1615.4
1396590 1615.4
1396600 1619.1
1396610 1616.7
1396620 1616.7
1396630 1609.9
1396640 1603.5
1396650 1599.5
1396660 1599.5
1396670 1602.6
1396680 1607.4
1396690 1607.4
1396700 1611.6
1396710 1612.9
1396720 1612.9
1396730 1611.3
1396740 1608.0
1396750 1608.0
1396760 1604.2
1396770 1602.3
1396780 1602.3
1396790 1601.2
1396800 1599.9
1396810 1599.9
1396820 1599.4
1396830 1599.7
1396840 1600.3
1396850 1600.3
1396860 1601.4
1396870 1602.5
1396880 1602.5
1396890 1604.2
1396900 1606.0
1396910 1606.0
1396920 1607.7
1396930 1609.0
1396940 1609.0
1396950 1611.1
1396960 1612.4
1396970 1612.4
1396980 1612.5
1396990 1612.5
1397000 1612.5
1397010 1612.8
1397020 1613.7
1397030 1613.7
1397040 1613.7
1397050 1612.1
1397060 1609.7
1397070 1609.7
1397080 1606.5
1397090 1601.9
1397100 1601.9
1397110 1597.2
1397120 1590.9
1397130 1590.9
1397140 1589.2
1397150 1591.5
1397160 1591.5
1397170 1592.6
1397180 1594.0
1397190 1594.0
1397200 1598.0
1397210 1601.6
1397220 1604.4
1397230 1604.4
1397240 1609.6
1397250 1613.9
1397260 1613.9
1397270 1617.0
1397280 1620.9
1397290 1620.9
1397300 1625.1
1397310 1628.7
1397320 1628.7
1397330 1624.6
1397340 1627.7
1397350 1627.7
1397360 1630.8
1397370 1634.3
1397380 1634.3
1397390 1637.9
1397400 1641.8
1397410 1645.8
1397420 1645.8
1397430 1649.2
1397440 1653.6
1397450 1653.6
1397460 1657.2
1397470 1660.4
1397480 1660.4
1397490 1663.3
1397500 1666.4
1397510 1666.4
1397520 1669.2
1397530 1672.1
1397540 1672.1
1397550 1674.9
1397560 1677.8
1397570 1677.8
1397580 1681.3
1397590 1683.5
1397600 1683.5
1397610 1684.9
1397620 1687.6
1397630 1689.8
1397640 1689.8
1397650 1691.8
1397660 1694.0
1397670 1694.0
1397680 1696.6
1397690 1698.3
1397700 1698.3
1397710 1700.7
1397720 1703.7
1397730 1703.7
1397740 1706.5
1397750 1708.3
1397760 1708.3
1397770 1709.4
1397780 1710.2
1397790 1710.2
1397800 1711.4
1397810 1712.5
1397820 1711.7
1397830 1711.7
1397840 1709.2
1397850 1704.6
1397860 1704.6
1397870 1697.0
1397880 1687.7
1397890 1687.7
1397900 1676.5
1397910 1665.0
1397920 1665.0
1397930 1643.4
1397940 1627.6
1397950 1627.6
1397960 1614.0
1397970 1598.0
1397980 1598.0
1397990 1582.9
1398000 1568.8
1398010 1554.3
1398020 1554.3
1398030 1540.2
1398040 1524.8
1398050 1524.8
1398060 1509.5
1398070 1494.9
1398080 1494.9
1398090 1484.8
1398100 1472.8
1398110 1472.8
1398120 1461.2
1398130 1450.1
1398140 1450.1
1398150 1439.6
1398160 1431.6
1398170 1431.6
1398180 1424.1
1398190 1417.3
1398200 1411.1
1398210 1411.1
1398220 1404.7
1398230 1398.4
1398240 1398.4
1398250 1391.7
1398260 1384.4
1398270 1384.4
1398280 1377.0
1398290 1370.3
1398300 1370.3
1398310 1363.6
1398320 1357.4
1398330 1357.4
1398340 1351.1
1398350 1344.3
1398360 1344.3
1398370 1337.9
1398380 1332.1
1398390 1326.2
1398400 1326.2
1398410 1320.1
1398420 1314.1
1398430 1314.1
1398440 1308.2
1398450 1302.3
1398460 1302.3
1398470 1296.3
1398480 1289.8
1398490 1289.8
1398500 1283.7
1398510 1276.7
1398520 1276.7
1398530 1269.8
1398540 1261.8
1398550 1261.8
1398560 1254.4
1398570 1247.2
1398580 1240.5
1398590 1240.5
1398600 1233.1
1398610 1226.1
1398620 1226.1
1398630 1219.1
1398640 1211.8
1398650 1211.8
1398660 1204.5
1398670 1198.2
1398680 1198.2
1398690 1193.2
1398700 1189.8
1398710 1189.8
1398720 1184.0
1398730 1178.3
1398740 1178.3
1398750 1173.1
1398760 1167.5
1398770 1160.6
1398780 1165.9
1398790 1158.7
1398800 1153.8
1398810 1153.8
1398820 1149.0
1398830 1142.2
1398840 1142.2
1398850 1136.3
1398860 1131.9
1398870 1131.9
1398880 1126.9
1398890 1121.0
1398900 1121.0
1398910 1115.7
1398920 1111.1
1398930 1111.1
1398940 1106.9
1398950 1102.6
1398960 1102.6
1398970 1098.1
1398980 1094.5
1398990 1090.5
1399000 1090.5
1399010 1087.0
1399020 1083.8
1399030 1083.8
1399040 1080.4
1399050 1076.8
1399060 1076.8
1399070 1072.2
1399080 1064.5
1399090 1064.5
1399100 1056.8
1399110 1043.3
1399120 1043.3
1399130 1034.6
1399140 1026.3
1399150 1026.3
1399160 1013.7
1399170 999.7
1399180 989.7
1399190 989.7
1399200 978.6
1399210 965.6
1399220 965.6
1399230 957.4
1399240 950.3
1399250 950.3
1399260 943.8
1399270 936.9
1399280 936.9
1399290 930.2
1399300 923.5
1399310 923.5
1399320 916.8
1399330 909.9
1399340 909.9
1399350 903.1
1399360 896.7
1399370 890.1
1399380 890.1
1399390 883.6
1399400 876.8
1399410 876.8
1399420 870.9
1399430 865.9
1399440 865.9
1399450 861.8
1399460 858.2
1399470 858.2
1399480 854.2
1399490 849.8
1399500 849.8
1399510 846.3
1399520 842.9
1399530 842.9
1399540 841.3
1399550 838.1
1399560 833.7
1399570 833.7
1399580 828.7
1399590 824.8
1399600 824.8
1399610 822.1
1399620 820.0
1399630 820.0
1399640 817.6
1399650 817.0
1399660 817.0
1399670 816.8
1399680 816.7
1399690 816.7
1399700 816.3
1399710 816.2
1399720 816.2
1399730 816.3
1399740 816.1
1399750 815.6
1399760 815.6
1399770 815.4
1399780 815.2
1399790 815.2
1399800 815.4
1399810 816.1
1399820 816.1
1399830 816.2
1399840 816.1
1399850 816.1
1399860 815.5
1399870 815.0
1399880 815.0
1399890 814.9
1399900 814.8
1399910 814.8
1399920 814.8
1399930 814.0
1399940 810.4
1399950 810.4
1399960 809.7
1399970 810.0
1399980 810.0
1399990 813.6
1380000 2045.9
1380010 2038.9
1380020 2038.9
1380030 2034.3
1380040 2036.4
1380050 2036.4
1380060 2041.3
1380070 2045.6
1380080 2045.6
1380090 2047.2
1380100 2046.4
1380110 2043.8
1380120 2043.8
1380130 2037.9
1380140 2030.8
1380150 2030.8
1380160 2024.0
1380170 2016.7
1380180 2016.7
1380190 2009.0
1380200 2001.0
1380210 2001.0
1380220 1992.9
1380230 1985.3
1380240 1985.3
1380250 1977.3
1380260 1968.9
1380270 1968.9
1380280 1959.8
1380290 1958.3
1380300 1958.3
1380310 1960.1
1380320 1959.2
1380330 1964.5
1380340 1964.5
1380350 1964.9
1380360 1960.1
1380370 1960.1
1380380 1956.8
1380390 1956.2
1380400 1956.2
1380410 1951.2
1380420 1944.4
1380430 1944.4
1380440 1938.4
1380450 1932.5
1380460 1932.5
1380470 1926.3
1380480 1920.1
1380490 1920.1
1380500 1913.8
1380510 1903.7
1380520 1904.6
1380530 1904.6
1380540 1911.0
1380550 1916.6
1380560 1916.6
1380570 1923.1
1380580 1930.2
1380590 1930.2
1380600 1937.0
1380610 1945.1
1380620 1945.1
1380630 1953.8
1380640 1960.2
1380650 1960.2
1380660 1963.2
1380670 1966.2
1380680 1966.2
1380690 1970.7
1380700 1975.4
1380710 1979.6
1380720 1979.6
1380730 1982.6
1380740 1985.2
1380750 1985.2
1380760 1987.5
1380770 1988.5
1380780 1988.5
1380790 1988.8
1380800 1989.7
1380810 1989.7
1380820 1991.1
1380830 1993.4
1380840 1993.4
1380850 1996.3
1380860 1999.4
1380870 1999.4
1380880 2003.4
1380890 2007.7
1380900 2011.6
1380910 2011.6
1380920 2015.1
1380930 2019.0
1380940 2019.0
1380950 2023.0
1380960 2027.0
1380970 2027.0
1380980 2031.0
1380990 2034.8
1381000 2034.8
1381010 2039.5
1381020 2045.1
1381030 2045.1
1381040 2050.7
1381050 2056.2
1381060 2056.2
1381070 2061.2
1381080 2067.1
1381090 2074.0
1381100 2074.0
1381110 2080.3
1381120 2084.6
1381130 2084.6
1381140 2087.2
1381150 2089.7
1381160 2089.7
1381170 2092.3
1381180 2094.6
1381190 2094.6
1381200 2095.9
1381210 2097.5
1381220 2097.5
1381230 2099.0
1381240 2100.1
1381250 2100.1
1381260 2100.9
1381270 2101.3
1381280 2101.7
1381290 2101.7
1381300 2102.3
1381310 2101.6
1381320 2101.6
1381330 2101.8
1381340 2101.3
1381350 2101.3
1381360 2099.2
1381370 2096.6
1381380 2089.8
1381390 2087.5
1381400 2085.5
1381410 2085.5
1381420 2083.0
1381430 2080.6
1381440 2080.6
1381450 2078.7
1381460 2077.0
1381470 2074.2
1381480 2074.2
1381490 2071.3
1381500 2069.1
1381510 2069.1
1381520 2065.0
1381530 2059.1
1381540 2059.1
1381550 2053.3
1381560 2048.7
1381570 2048.7
1381580 2046.1
1381590 2043.9
1381600 2043.9
1381610 2040.9
1381620 2037.0
1381630 2037.0
1381640 2034.3
1381650 2033.2
1381660 2033.2
1381670 2033.5
1381680 2033.4
1381690 2033.0
1381700 2033.0
1381710 2031.8
1381720 2029.4
1381730 2029.4
1381740 2026.7
1381750 2023.9
1381760 2023.9
1381770 2021.3
1381780 2019.5
1381790 2019.5
1381800 2018.3
1381810 2017.1
1381820 2017.1
1381830 2015.5
1381840 2013.0
1381850 2013.0
1381860 2010.6
1381870 2011.5
1381880 2013.3
1381890 2013.3
1381900 2014.7
1381910 2015.9
1381920 2015.9
1381930 2017.9
1381940 2019.0
1381950 2019.0
1381960 2022.2
1381970 2027.5
1381980 2027.5
1381990 2030.3
1382000 2030.7
1382010 2030.7
1382020 2030.2
1382030 2029.2
1382040 2029.2
1382050 2028.4
1382060 2028.7
1382070 2028.5
1382080 2028.5
1382090 2028.5
1382100 2030.1
1382110 2030.1
1382120 2030.1
1382130 2029.3
1382140 2029.3
1382150 2030.5
1382160 2032.6
1382170 2032.6
1382180 2031.9
1382190 2029.6
1382200 2029.6
1382210 2024.8
1382220 2018.5
1382230 2018.5
1382240 2013.8
1382250 2009.8
1382260 2004.8
1382270 2004.8
1382280 2001.0
1382290 1999.5
1382300 1999.5
1382310 1997.6
1382320 1995.0
1382330 1995.0
1382340 1992.5
1382350 1990.3
1382360 1990.3
1382370 1987.2
1382380 1984.6
1382390 1984.6
1382400 1983.3
1382410 1982.5
1382420 1982.5
1382430 1981.1
1382440 1981.0
1382450 1981.8
1382460 1981.8
1382470 1980.7
1382480 1979.4
1382490 1979.4
1382500 1978.7
1382510 1978.6
1382520 1978.6
1382530 1979.4
1382540 1980.5
1382550 1980.5
1382560 1980.8
1382570 1980.8
1382580 1980.8
1382590 1980.6
1382600 1981.0
1382610 1976.6
1382620 1976.7
1382630 1976.7
1382640 1976.2
1382650 1976.2
1382660 1975.4
1382670 1974.0
1382680 1974.0
1382690 1972.6
1382700 1971.2
1382710 1971.2
1382720 1970.0
1382730 1968.1
1382740 1968.1
1382750 1965.4
1382760 1962.0
1382770 1962.0
1382780 1958.6
1382790 1956.3
1382800 1956.3
1382810 1954.9
1382820 1954.1
1382830 1953.2
1382840 1953.2
1382850 1952.4
1382860 1950.6
1382870 1950.6
1382880 1948.3
1382890 1946.1
1382900 1946.1
1382910 1943.0
1382920 1938.9
1382930 1938.9
1382940 1934.1
1382950 1928.4
1382960 1928.4
1382970 1922.2
1382980 1916.9
1382990 1916.9
1383000 1914.3
1383010 1915.1
1383020 1915.1
1383030 1913.4
1383040 1909.2
1383050 1905.0
1383060 1905.0
1383070 1901.5
1383080 1899.4
1383090 1899.4
1383100 1898.2
1383110 1897.1
1383120 1897.1
1383130 1896.3
1383140 1896.3
1383150 1896.3
1383160 1896.3
1383170 1896.8
1383180 1896.8
1383190 1897.5
1383200 1899.1
1383210 1899.1
1383220 1900.1
1383230 1901.0
1383240 1901.9
1383250 1901.9
1383260 1901.3
1383270 1899.7
1383280 1899.7
1383290 1896.5
1383300 1894.1
1383310 1894.1
1383320 1891.8
1383330 1889.2
1383340 1889.2
1383350 1887.1
1383360 1884.9
1383370 1884.9
1383380 1883.1
1383390 1880.7
1383400 1880.7
1383410 1877.9
1383420 1873.4
1383430 1864.8
1383440 1864.8
1383450 1856.1
1383460 1849.0
1383470 1849.0
1383480 1843.7
1383490 1840.3
1383500 1840.3
1383510 1840.6
1383520 1843.0
1383530 1843.0
1383540 1841.4
1383550 1838.5
1383560 1838.5
1383570 1835.4
1383580 1831.5
1383590 1831.5
1383600 1827.1
1383610 1822.0
1383620 1815.1
1383630 1815.1
1383640 1808.4
1383650 1802.2
1383660 1802.2
1383670 1798.3
1383680 1794.7
1383690 1794.7
1383700 1790.4
1383710 1786.1
1383720 1786.1
1383730 1784.1
1383740 1783.2
1383750 1783.2
1383760 1781.6
1383770 1777.0
1383780 1777.0
1383790 1770.0
1383800 1763.6
1383810 1757.2
1383820 1757.2
1383830 1749.0
1383840 1751.8
1383850 1751.8
1383860 1753.2
1383870 1756.1
1383880 1756.1
1383890 1755.0
1383900 1752.1
1383910 1752.1
1383920 1746.3
1383930 1745.0
1383940 1745.0
1383950 1752.9
1383960 1756.8
1383970 1756.8
1383980 1758.9
1383990 1759.5
1384000 1759.3
1384010 1759.3
1384020 1757.8
1384030 1753.2
1384040 1753.2
1384050 1748.8
1384060 1740.4
1384070 1740.4
1384080 1742.9
1384090 1756.9
1384100 1756.9
1384110 1763.9
1384120 1765.8
1384130 1765.8
1384140 1769.0
1384150 1774.0
1384160 1774.0
1384170 1773.0
1384180 1767.9
1384190 1762.7
1384200 1762.7
1384210 1757.1
1384220 1749.7
1384230 1749.7
1384240 1745.0
1384250 1745.0
1384260 1745.0
1384270 1750.6
1384280 1756.6
1384290 1756.6
1384300 1761.4
1384310 1767.1
1384320 1767.1
1384330 1773.4
1384340 1779.8
1384350 1779.8
1384360 1785.7
1384370 1789.3
1384380 1789.3
1384390 1795.6
1384400 1803.8
1384410 1810.9
1384420 1810.9
1384430 1815.0
1384440 1817.9
1384450 1817.9
1384460 1821.0
1384470 1824.0
1384480 1824.0
1384490 1826.4
1384500 1828.2
1384510 1828.2
1384520 1830.0
1384530 1832.5
1384540 1832.5
1384550 1835.5
1384560 1838.7
1384570 1838.7
1384580 1841.7
1384590 1844.9
1384600 1847.0
1384610 1847.0
1384620 1850.0
1384630 1853.5
1384640 1853.5
1384650 1855.2
1384660 1856.1
1384670 1856.1
1384680 1857.4
1384690 1858.4
1384700 1858.4
1384710 1858.7
1384720 1858.7
1384730 1858.7
1384740 1858.3
1384750 1858.7
1384760 1858.7
1384770 1859.8
1384780 1861.7
1384790 1863.2
1384800 1863.2
1384810 1863.4
1384820 1863.2
1384830 1863.2
1384840 1862.1
1384850 1857.9
1384860 1857.9
1384870 1849.9
1384880 1845.0
1384890 1845.0
1384900 1841.3
1384910 1835.3
1384920 1835.3
1384930 1830.3
1384940 1827.0
1384950 1827.0
1384960 1824.1
1384970 1821.0
1384980 1817.6
1384990 1817.6
1385000 1813.5
1385010 1807.5
1385020 1807.5
1385030 1803.7
1385040 1803.2
1385050 1803.2
1385060 1803.4
1385070 1804.2
1385080 1804.2
1385090 1805.0
1385100 1805.2
1385110 1805.2
1385120 1805.5
1385130 1799.5
1385140 1799.5
1385150 1797.0
1385160 1795.3
1385170 1793.4
1385180 1793.4
1385190 1787.8
1385200 1781.7
1385210 1781.7
1385220 1776.5
1385230 1774.2
1385240 1774.2
1385250 1774.3
1385260 1773.5
1385270 1773.5
1385280 1772.0
1385290 1769.6
1385300 1769.6
1385310 1766.0
1385320 1764.4
1385330 1764.4
1385340 1764.1
1385350 1765.8
1385360 1768.4
1385370 1768.4
1385380 1771.8
1385390 1774.4
1385400 1774.4
1385410 1778.4
1385420 1787.6
1385430 1787.6
1385440 1787.8
1385450 1788.8
1385460 1788.8
1385470 1785.1
1385480 1780.9
1385490 1780.9
1385500 1774.1
1385510 1763.9
1385520 1763.9
1385530 1754.5
1385540 1745.3
1385550 1745.3
1385560 1735.4
1385570 1727.2
1385580 1716.1
1385590 1716.1
1385600 1702.9
1385610 1694.6
1385620 1694.6
1385630 1697.5
1385640 1706.2
1385650 1706.2
1385660 1715.9
1385670 1723.4
1385680 1723.4
1385690 1730.5
1385700 1734.8
1385710 1734.8
1385720 1739.8
1385730 1745.0
1385740 1745.0
1385750 1751.7
1385760 1760.1
1385770 1771.4
1385780 1771.4
1385790 1778.0
1385800 1778.4
1385810 1778.4
1385820 1779.1
1385830 1780.9
1385840 1780.9
1385850 1784.4
1385860 1788.6
1385870 1788.6
1385880 1793.2
1385890 1798.7
1385900 1798.7
1385910 1804.8
1385920 1810.5
1385930 1810.5
1385940 1814.4
1385950 1816.2
1385960 1816.5
1385970 1816.5
1385980 1820.0
1385990 1824.0
1386000 1824.0
1386010 1825.8
1386020 1827.3
1386030 1827.3
1386040 1827.6
1386050 1823.9
1386060 1823.9
1386070 1819.4
1386080 1817.4
1386090 1817.4
1386100 1817.0
1386110 1816.9
1386120 1816.9
1386130 1813.0
1386140 1810.0
1386150 1807.7
1386160 1807.7
1386170 1804.1
1386180 1801.6
1386190 1801.6
1386200 1799.8
1386210 1797.4
1386220 1797.4
1386230 1795.2
1386240 1792.7
1386250 1792.7
1386260 1790.5
1386270 1789.1
1386280 1789.1
1386290 1787.2
1386300 1786.5
1386310 1786.5
1386320 1786.5
1386330 1786.9
1386340 1786.9
1386350 1786.9
1386360 1786.9
1386370 1784.7
1386380 1784.7
1386390 1781.3
1386400 1777.5
1386410 1774.0
1386420 1770.6
1386430 1767.4
1386440 1767.4
1386450 1764.0
1386460 1760.9
1386470 1760.9
1386480 1757.9
1386490 1754.1
1386500 1754.1
1386510 1749.2
1386520 1745.1
1386530 1742.7
1386540 1742.7
1386550 1743.1
1386560 1745.4
1386570 1745.4
1386580 1746.5
1386590 1743.0
1386600 1743.0
1386610 1729.8
1386620 1718.4
1386630 1718.4
1386640 1708.6
1386650 1699.4
1386660 1699.4
1386670 1690.0
1386680 1680.4
1386690 1680.4
1386700 1670.3
1386710 1659.9
1386720 1649.8
1386730 1649.8
1386740 1639.6
1386750 1630.3
1386760 1630.3
1386770 1621.1
1386780 1613.0
1386790 1613.0
1386800 1607.2
1386810 1608.7
1386820 1608.7
1386830 1615.2
1386840 1616.8
1386850 1616.8
1386860 1616.4
1386870 1616.3
1386880 1616.3
1386890 1616.4
1386900 1618.5
1386910 1618.5
1386920 1621.0
1386930 1619.1
1386940 1622.4
1386950 1622.4
1386960 1630.5
1386970 1639.4
1386980 1639.4
1386990 1639.2
1387000 1639.4
1387010 1639.4
1387020 1642.4
1387030 1644.3
1387040 1644.3
1387050 1644.7
1387060 1647.4
1387070 1647.4
1387080 1652.9
1387090 1661.0
1387100 1661.0
1387110 1669.8
1387120 1678.8
1387130 1689.3
1387140 1689.3
1387150 1699.6
1387160 1703.8
1387170 1703.8
1387180 1706.8
1387190 1708.1
1387200 1708.1
1387210 1708.1
1387220 1707.3
1387230 1707.3
1387240 1707.2
1387250 1708.9
1387260 1708.9
1387270 1710.3
1387280 1711.1
1387290 1711.1
1387300 1713.7
1387310 1710.2
1387320 1706.7
1387330 1706.7
1387340 1704.6
1387350 1700.8
1387360 1700.8
1387370 1696.9
1387380 1693.1
1387390 1693.1
1387400 1690.3
1387410 1687.7
1387420 1687.7
1387430 1685.5
1387440 1683.4
1387450 1683.4
1387460 1681.2
1387470 1680.3
1387480 1680.3
1387490 1681.7
1387500 1684.4
1387510 1688.3
1387520 1688.3
1387530 1691.9
1387540 1694.2
1387550 1694.2
1387560 1696.3
1387570 1697.0
1387580 1697.0
1387590 1696.9
1387600 1696.1
1387610 1696.1
1387620 1695.2
1387630 1693.0
1387640 1693.0
1387650 1690.5
1387660 1687.7
1387670 1687.7
1387680 1683.7
1387690 1678.8
1387700 1669.1
1387710 1669.1
1387720 1664.9
1387730 1660.8
1387740 1660.8
1387750 1659.4
1387760 1658.6
1387770 1658.6
1387780 1658.0
1387790 1657.9
1387800 1657.9
1387810 1657.3
1387820 1655.4
1387830 1655.4
1387840 1653.7
1387850 1653.6
1387860 1653.6
1387870 1657.7
1387880 1664.7
1387890 1667.5
1387900 1667.5
1387910 1668.5
1387920 1669.3
1387930 1669.3
1387940 1669.8
1387950 1671.2
1387960 1671.2
1387970 1671.3
1387980 1668.5
1387990 1668.5
1388000 1664.4
1388010 1658.9
1388020 1658.9
1388030 1654.1
1388040 1650.5
1388050 1650.5
1388060 1646.5
1388070 1640.4
1388080 1633.6
1388090 1633.6
1388100 1630.2
1388110 1629.4
1388120 1629.4
1388130 1627.0
1388140 1622.9
1388150 1622.9
1388160 1620.0
1388170 1617.9
1388180 1617.9
1388190 1611.5
1388200 1599.1
1388210 1599.1
1388220 1593.6
1388230 1586.6
1388240 1586.6
1388250 1570.5
1388260 1561.7
1388270 1561.7
1388280 1562.6
1388290 1571.7
1388300 1584.6
1388310 1584.6
1388320 1597.5
1388330 1609.8
1388340 1609.8
1388350 1620.8
1388360 1631.9
1388370 1631.9
1388380 1643.6
1388390 1651.5
1388400 1651.5
1388410 1659.1
1388420 1669.3
1388430 1669.3
1388440 1677.5
1388450 1685.4
1388460 1685.4
1388470 1693.1
1388480 1700.0
1388490 1706.6
1388500 1706.6
1388510 1713.7
1388520 1721.0
1388530 1721.0
1388540 1727.9
1388550 1734.1
1388560 1734.1
1388570 1739.8
1388580 1745.0
1388590 1745.0
1388600 1747.7
1388610 1750.1
1388620 1750.1
1388630 1754.1
1388640 1757.2
1388650 1757.2
1388660 1758.3
1388670 1758.4
1388680 1759.1
1388690 1759.1
1388700 1760.5
1388710 1763.5
1388720 1763.5
1388730 1766.8
1388740 1769.5
1388750 1769.5
1388760 1771.7
1388770 1773.9
1388780 1773.9
1388790 1778.6
1388800 1783.9
1388810 1783.9
1388820 1787.8
1388830 1789.3
1388840 1789.3
1388850 1788.9
1388860 1789.3
1388870 1789.4
1388880 1789.4
1388890 1789.9
1388900 1790.2
1388910 1790.2
1388920 1791.4
1388930 1792.8
1388940 1792.8
1388950 1794.6
1388960 1795.0
1388970 1795.0
1388980 1794.6
1388990 1794.6
1389000 1794.6
1389010 1795.1
1389020 1792.3
1389030 1792.3
1389040 1792.3
1389050 1792.6
1389060 1793.3
1389070 1793.3
1389080 1793.7
1389090 1794.5
1389100 1794.5
1389110 1795.5
1389120 1795.6
1389130 1795.6
1389140 1796.3
1389150 1796.9
1389160 1796.9
1389170 1797.5
1389180 1799.4
1389190 1799.4
1389200 1800.2
1389210 1800.4
1389220 1800.4
1389230 1803.6
1389240 1804.9
1389250 1805.9
1389260 1805.9
1389270 1807.8
1389280 1809.3
1389290 1809.3
1389300 1810.7
1389310 1812.0
1389320 1812.0
1389330 1813.9
1389340 1816.3
1389350 1816.3
1389360 1818.1
1389370 1819.3
1389380 1819.3
1389390 1819.3
1389400 1818.5
1389410 1818.5
1389420 1817.3
1389430 1816.3
1389440 1815.9
1389450 1815.9
1389460 1815.9
1389470 1816.2
1389480 1816.2
1389490 1816.4
1389500 1815.2
1389510 1815.2
1389520 1815.4
1389530 1815.3
1389540 1815.3
1389550 1815.9
1389560 1817.4
1389570 1817.4
1389580 1818.8
1389590 1821.0
1389600 1821.0
1389610 1824.3
1389620 1826.0
1389630 1826.0
1389640 1823.2
1389650 1821.0
1389660 1818.2
1389670 1818.2
1389680 1815.3
1389690 1812.3
1389700 1812.3
1389710 1811.2
1389720 1813.0
1389730 1813.0
1389740 1813.6
1389750 1813.1
1389760 1813.1
1389770 1813.0
1389780 1814.7
1389790 1814.7
1389800 1817.7
1389810 1821.4
1389820 1821.4
1389830 1825.0
1389840 1826.0
1389850 1825.8
1389860 1825.8
1389870 1825.5
1389880 1827.4
1389890 1827.4
1389900 1832.8
1389910 1839.6
1389920 1839.6
1389930 1841.0
1389940 1840.3
1389950 1840.3
1389960 1839.2
1389970 1837.0
1389980 1837.0
1389990 1832.8
1390000 1832.5
1390010 1832.5
1390020 1839.3
1390030 1842.8
1390040 1844.3
1390050 1844.3
1390060 1843.1
1390070 1845.0
1390080 1845.0
1390090 1849.3
1390100 1854.5
1390110 1854.5
1390120 1858.2
1390130 1859.6
1390140 1859.6
1390150 1861.0
1390160 1864.1
1390170 1864.1
1390180 1867.5
1390190 1870.8
1390200 1870.8
1390210 1874.0
1390220 1876.1
1390230 1877.5
1390240 1877.5
1390250 1878.9
1390260 1880.2
1390270 1880.2
1390280 1880.8
1390290 1881.8
1390300 1881.8
1390310 1884.1
1390320 1886.4
1390330 1886.4
1390340 1888.3
1390350 1889.9
1390360 1885.1
1390370 1884.9
1390380 1883.2
1390390 1883.2
1390400 1878.1
1390410 1870.7
1390420 1865.9
1390430 1865.9
1390440 1871.8
1390450 1879.1
1390460 1879.1
1390470 1885.6
1390480 1890.9
1390490 1890.9
1390500 1896.4
1390510 1902.6
1390520 1902.6
1390530 1907.8
1390540 1910.4
1390550 1910.4
1390560 1913.1
1390570 1916.0
1390580 1916.0
1390590 1919.0
1390600 1922.4
1390610 1926.6
1390620 1926.6
1390630 1930.1
1390640 1934.3
1390650 1934.3
1390660 1939.6
1390670 1944.1
1390680 1944.1
1390690 1946.1
1390700 1947.5
1390710 1947.5
1390720 1949.2
1390730 1950.6
1390740 1950.6
1390750 1951.7
1390760 1952.1
1390770 1952.1
1390780 1951.8
1390790 1951.8
1390800 1951.7
1390810 1951.7
1390820 1951.3
1390830 1950.5
1390840 1950.5
1390850 1950.1
1390860 1950.4
1390870 1950.4
1390880 1949.1
1390890 1946.0
1390900 1946.0
1390910 1940.4
1390920 1938.0
1390930 1938.0
1390940 1943.1
1390950 1944.6
1390960 1944.6
1390970 1943.5
1390980 1942.9
1390990 1942.9
1391000 1942.1
1391010 1940.6
1391020 1942.2
1391030 1942.2
1391040 1946.2
1391050 1948.9
1391060 1948.9
1391070 1949.8
1391080 1950.3
1391090 1950.3
1391100 1950.8
1391110 1950.9
1391120 1950.9
1391130 1951.2
1391140 1947.3
1391150 1947.3
1391160 1942.2
1391170 1939.4
1391180 1939.4
1391190 1939.4
1391200 1942.3
1391210 1945.5
1391220 1945.5
1391230 1945.3
1391240 1944.0
1391250 1944.0
1391260 1942.7
1391270 1941.3
1391280 1941.3
1391290 1939.7
1391300 1937.5
1391310 1937.5
1391320 1935.3
1391330 1933.0
1391340 1933.0
1391350 1931.3
1391360 1930.4
1391370 1930.4
1391380 1929.8
1391390 1929.1
1391400 1928.2
1391410 1928.2
1391420 1927.3
1391430 1926.7
1391440 1926.7
1391450 1926.3
1391460 1926.2
1391470 1926.2
1391480 1926.5
1391490 1926.8
1391500 1926.8
1391510 1926.5
1391520 1925.5
1391530 1925.5
1391540 1922.8
1391550 1920.1
1391560 1920.1
1391570 1915.5
1391580 1906.7
1391590 1900.6
1391600 1900.6
1391610 1905.5
1391620 1912.8
1391630 1912.8
1391640 1918.5
1391650 1920.7
1391660 1920.7
1391670 1922.7
1391680 1925.1
1391690 1925.1
1391700 1927.4
1391710 1922.7
1391720 1922.7
1391730 1923.4
1391740 1923.6
1391750 1923.6
1391760 1923.8
1391770 1923.6
1391780 1923.0
1391790 1923.0
1391800 1920.7
1391810 1917.5
1391820 1917.5
1391830 1913.5
1391840 1908.7
1391850 1908.7
1391860 1902.5
1391870 1895.3
1391880 1895.3
1391890 1887.3
1391900 1882.1
1391910 1882.1
1391920 1880.4
1391930 1881.9
1391940 1881.9
1391950 1885.2
1391960 1887.4
1391970 1888.1
1391980 1888.1
1391990 1888.8
1392000 1888.9
1392010 1888.9
1392020 1888.6
1392030 1890.0
1392040 1890.0
1392050 1891.7
1392060 1892.8
1392070 1892.8
1392080 1894.0
1392090 1896.6
1392100 1896.6
1392110 1897.0
1392120 1896.9
1392130 1896.9
1392140 1896.3
1392150 1893.7
1392160 1893.3
1392170 1893.3
1392180 1894.4
1392190 1894.1
1392200 1894.1
1392210 1895.8
1392220 1898.6
1392230 1898.6
1392240 1901.9
1392250 1904.9
1392260 1904.9
1392270 1906.3
1392280 1906.4
1392290 1906.4
1392300 1906.4
1392310 1907.7
1392320 1907.7
1392330 1903.8
1392340 1903.2
1392350 1903.2
1392360 1905.1
1392370 1905.5
1392380 1904.4
1392390 1904.4
1392400 1902.0
1392410 1896.0
1392420 1896.0
1392430 1892.8
1392440 1895.8
1392450 1895.8
1392460 1903.2
1392470 1906.6
1392480 1906.6
1392490 1905.6
1392500 1903.4
1392510 1903.4
1392520 1901.1
1392530 1900.8
1392540 1900.8
1392550 1900.2
1392560 1896.9
1392570 1893.5
1392580 1893.5
1392590 1887.8
1392600 1883.4
1392610 1883.4
1392620 1883.6
1392630 1882.4
1392640 1882.4
1392650 1879.1
1392660 1876.2
1392670 1876.2
1392680 1873.3
1392690 1867.6
1392700 1867.6
1392710 1861.6
1392720 1857.7
1392730 1857.7
1392740 1856.2
1392750 1854.1
1392760 1850.8
1392770 1850.8
1392780 1847.4
1392790 1842.7
1392800 1842.7
1392810 1837.1
1392820 1833.7
1392830 1833.7
1392840 1830.5
1392850 1827.3
1392860 1827.3
1392870 1823.5
1392880 1819.7
1392890 1819.7
1392900 1815.8
1392910 1813.4
1392920 1813.4
1392930 1812.1
1392940 1808.2
1392950 1801.6
1392960 1801.6
1392970 1801.8
1392980 1804.4
1392990 1804.4
1393000 1804.7
1393010 1805.4
1393020 1805.4
1393030 1805.7
1393040 1804.1
1393050 1804.1
1393060 1804.1
1393070 1804.1
1393080 1798.8
1393090 1797.1
1393100 1795.8
1393110 1795.8
1393120 1793.5
1393130 1789.2
1393140 1783.6
1393150 1783.6
1393160 1782.9
1393170 1787.9
1393180 1787.9
1393190 1786.7
1393200 1781.8
1393210 1781.8
1393220 1772.1
1393230 1767.2
1393240 1767.2
1393250 1775.1
1393260 1783.5
1393270 1783.5
1393280 1792.1
1393290 1798.5
1393300 1798.5
1393310 1804.1
1393320 1807.0
1393330 1808.6
1393340 1808.6
1393350 1811.7
1393360 1821.0
1393370 1821.0
1393380 1825.7
1393390 1825.5
1393400 1825.5
1393410 1823.3
1393420 1819.4
1393430 1819.4
1393440 1817.7
1393450 1819.5
1393460 1819.5
1393470 1820.8
1393480 1819.2
1393490 1819.2
1393500 1817.3
1393510 1816.0
1393520 1816.2
1393530 1816.2
1393540 1815.8
1393550 1815.2
1393560 1815.2
1393570 1815.1
1393580 1815.1
1393590 1815.1
1393600 1813.0
1393610 1810.1
1393620 1810.1
1393630 1807.3
1393640 1805.0
1393650 1805.0
1393660 1802.8
1393670 1800.8
1393680 1800.8
1393690 1798.6
1393700 1794.4
1393710 1794.4
1393720 1788.1
1393730 1790.0
1393740 1797.6
1393750 1797.6
1393760 1806.5
1393770 1813.1
1393780 1813.1
1393790 1816.9
1393800 1821.2
1393810 1821.2
1393820 1823.3
1393830 1825.7
1393840 1825.7
1393850 1829.9
1393860 1835.3
1393870 1835.3
1393880 1838.3
1393890 1843.8
1393900 1843.8
1393910 1851.9
1393920 1861.2
1393930 1869.8
1393940 1869.8
1393950 1884.1
1393960 1900.6
1393970 1900.6
1393980 1910.4
1393990 1916.7
1394000 1916.7
1394010 1927.3
1394020 1936.7
1394030 1936.7
1394040 1944.0
1394050 1948.5
1394060 1948.5
1394070 1947.4
1394080 1947.2
1394090 1947.2
1394100 1947.5
1394110 1945.6
1394120 1937.9
1394130 1937.9
1394140 1932.9
1394150 1933.9
1394160 1933.9
1394170 1933.6
1394180 1927.5
1394190 1927.5
1394200 1922.0
1394210 1917.2
1394220 1917.2
1394230 1913.5
1394240 1911.4
1394250 1911.4
1394260 1910.6
1394270 1911.7
1394280 1911.7
1394290 1913.0
1394300 1910.8
1394310 1907.6
1394320 1907.6
1394330 1905.5
1394340 1904.5
1394350 1904.5
1394360 1904.3
1394370 1904.1
1394380 1904.1
1394390 1904.0
1394400 1903.8
1394410 1903.8
1394420 1903.8
1394430 1903.2
1394440 1903.2
1394450 1902.7
1394460 1903.7
1394470 1895.7
1394480 1897.7
1394490 1901.0
1394500 1906.2
1394510 1906.2
1394520 1911.3
1394530 1915.0
1394540 1915.0
1394550 1917.6
1394560 1917.9
1394570 1917.9
1394580 1915.4
1394590 1909.2
1394600 1909.2
1394610 1905.4
1394620 1904.6
1394630 1904.6
1394640 1903.3
1394650 1902.3
1394660 1902.3
1394670 1902.5
1394680 1903.1
1394690 1901.6
1394700 1901.6
1394710 1901.0
1394720 1896.6
1394730 1896.6
1394740 1889.9
1394750 1886.8
1394760 1886.8
1394770 1884.7
1394780 1882.7
1394790 1882.7
1394800 1880.2
1394810 1877.7
1394820 1877.7
1394830 1875.8
1394840 1873.5
1394850 1873.5
1394860 1869.3
1394870 1863.7
1394880 1859.9
1394890 1859.9
1394900 1856.4
1394910 1856.5
1394920 1856.5
1394930 1854.6
1394940 1849.2
1394950 1849.2
1394960 1846.4
1394970 1843.8
1394980 1843.8
1394990 1842.6
1395000 1840.1
1395010 1840.1
1395020 1838.6
1395030 1838.5
1395040 1838.5
1395050 1838.9
1395060 1838.7
1395070 1838.7
1395080 1837.3
1395090 1835.9
1395100 1834.5
1395110 1834.5
1395120 1833.0
1395130 1830.6
1395140 1830.6
1395150 1828.9
1395160 1828.1
1395170 1828.1
1395180 1828.0
1395190 1826.3
1395200 1826.3
1395210 1824.0
1395220 1822.7
1395230 1822.7
1395240 1821.4
1395250 1820.2
1395260 1820.2
1395270 1819.0
1395280 1817.7
1395290 1816.3
1395300 1816.3
1395310 1814.8
1395320 1813.8
1395330 1813.8
1395340 1813.0
1395350 1811.3
1395360 1811.3
1395370 1809.2
1395380 1806.5
1395390 1806.5
1395400 1803.1
1395410 1799.7
1395420 1799.7
1395430 1797.1
1395440 1795.0
1395450 1795.0
1395460 1793.3
1395470 1792.2
1395480 1792.3
1395490 1792.3
1395500 1791.3
1395510 1790.2
1395520 1790.2
1395530 1788.5
1395540 1786.7
1395550 1786.7
1395560 1784.1
1395570 1780.9
1395580 1780.9
1395590 1777.6
1395600 1774.9
1395610 1774.9
1395620 1772.7
1395630 1770.6
1395640 1770.6
1395650 1768.3
1395660 1765.6
1395670 1763.0
1395680 1763.0
1395690 1760.4
1395700 1757.5
1395710 1757.5
1395720 1755.3
1395730 1753.6
1395740 1753.6
1395750 1752.8
1395760 1751.4
1395770 1751.4
1395780 1749.3
1395790 1747.6
1395800 1747.6
1395810 1745.9
1395820 1743.8
1395830 1743.8
1395840 1742.4
1395850 1742.0
1395860 1742.0
1395870 1742.0
1395880 1741.6
1395890 1732.6
1395900 1732.6
1395910 1731.8
1395920 1731.7
1395930 1731.7
1395940 1731.7
1395950 1731.2
1395960 1731.2
1395970 1730.2
1395980 1727.8
1395990 1727.8
1396000 1725.5
1396010 1723.8
1396020 1723.8
1396030 1722.0
1396040 1720.1
1396050 1718.2
1396060 1718.2
1396070 1716.1
1396080 1714.5
1396090 1714.5
1396100 1712.6
1396110 1709.9
1396120 1709.9
1396130 1706.9
1396140 1704.0
1396150 1704.0
1396160 1701.8
1396170 1699.9
1396180 1699.9
1396190 1697.9
1396200 1696.0
1396210 1696.0
1396220 1693.9
1396230 1691.3
1396240 1691.3
1396250 1688.4
1396260 1685.9
1396270 1682.9
1396280 1682.9
1396290 1679.9
1396300 1677.9
1396310 1677.9
1396320 1676.0
1396330 1674.1
1396340 1674.1
1396350 1671.2
1396360 1666.5
1396370 1666.5
1396380 1663.2
1396390 1660.6
1396400 1660.6
1396410 1657.1
1396420 1655.2
1396430 1655.2
1396440 1654.5
1396450 1652.9
1396460 1649.1
1396470 1649.1
1396480 1643.6
1396490 1640.2
1396500 1640.2
1396510 1636.5
1396520 1630.4
1396530 1630.4
1396540 1622.4
1396550 1615.6
1396560 1615.6
1396570 1613.2
1396580 1615.4
1396590 1615.4
1396600 1619.1
1396610 1616.7
1396620 1616.7
1396630 1609.9
1396640 1603.5
1396650 1599.5
1396660 1599.5
1396670 1602.6
1396680 1607.4
1396690 1607.4
1396700 1611.6
1396710 1612.9
1396720 1612.9
1396730 1611.3
1396740 1608.0
1396750 1608.0
1396760 1604.2
1396770 1602.3
1396780 1602.3
1396790 1601.2
1396800 1599.9
1396810 1599.9
1396820 1599.4
1396830 1599.7
1396840 1600.3
1396850 1600.3
1396860 1601.4
1396870 1602.5
1396880 1602.5
1396890 1604.2
1396900 1606.0
1396910 1606.0
1396920 1607.7
1396930 1609.0
1396940 1609.0
1396950 1611.1
1396960 1612.4
1396970 1612.4
1396980 1612.5
1396990 1612.5
1397000 1612.5
1397010 1612.8
1397020 1613.7
1397030 1613.7
1397040 1613.7
1397050 1612.1
1397060 1609.7
1397070 1609.7
1397080 1606.5
1397090 1601.9
1397100 1601.9
1397110 1597.2
1397120 1590.9
1397130 1590.9
1397140 1589.2
1397150 1591.5
1397160 1591.5
1397170 1592.6
1397180 1594.0
1397190 1594.0
1397200 1598.0
1397210 1601.6
1397220 1604.4
1397230 1604.4
1397240 1609.6
1397250 1613.9
1397260 1613.9
1397270 1617.0
1397280 1620.9
1397290 1620.9
1397300 1625.1
1397310 1628.7
1397320 1628.7
1397330 1624.6
1397340 1627.7
1397350 1627.7
1397360 1630.8
1397370 1634.3
1397380 1634.3
1397390 1637.9
1397400 1641.8
1397410 1645.8
1397420 1645.8
1397430 1649.2
1397440 1653.6
1397450 1653.6
1397460 1657.2
1397470 1660.4
1397480 1660.4
1397490 1663.3
1397500 1666.4
1397510 1666.4
1397520 1669.2
1397530 1672.1
1397540 1672.1
1397550 1674.9
1397560 1677.8
1397570 1677.8
1397580 1681.3
1397590 1683.5
1397600 1683.5
1397610 1684.9
1397620 1687.6
1397630 1689.8
1397640 1689.8
1397650 1691.8
1397660 1694.0
1397670 1694.0
1397680 1696.6
1397690 1698.3
1397700 1698.3
1397710 1700.7
1397720 1703.7
1397730 1703.7
1397740 1706.5
1397750 1708.3
1397760 1708.3
1397770 1709.4
1397780 1710.2
1397790 1710.2
1397800 1711.4
1397810 1712.5
1397820 1711.7
1397830 1711.7
1397840 1709.2
1397850 1704.6
1397860 1704.6
1397870 1697.0
1397880 1687.7
1397890 1687.7
1397900 1676.5
1397910 1665.0
1397920 1665.0
1397930 1643.4
1397940 1627.6
1397950 1627.6
1397960 1614.0
1397970 1598.0
1397980 1598.0
1397990 1582.9
1398000 1568.8
1398010 1554.3
1398020 1554.3
1398030 1540.2
1398040 1524.8
1398050 1524.8
1398060 1509.5
1398070 1494.9
1398080 1494.9
1398090 1484.8
1398100 1472.8
1398110 1472.8
1398120 1461.2
1398130 1450.1
1398140 1450.1
1398150 1439.6
1398160 1431.6
1398170 1431.6
1398180 1424.1
1398190 1417.3
1398200 1411.1
1398210 1411.1
1398220 1404.7
1398230 1398.4
1398240 1398.4
1398250 1391.7
1398260 1384.4
1398270 1384.4
1398280 1377.0
1398290 1370.3
1398300 1370.3
1398310 1363.6
1398320 1357.4
1398330 1357.4
1398340 1351.1
1398350 1344.3
1398360 1344.3
1398370 1337.9
1398380 1332.1
1398390 1326.2
1398400 1326.2
1398410 1320.1
1398420 1314.1
1398430 1314.1
1398440 1308.2
1398450 1302.3
1398460 1302.3
1398470 1296.3
1398480 1289.8
1398490 1289.8
1398500 1283.7
1398510 1276.7
1398520 1276.7
1398530 1269.8
1398540 1261.8
1398550 1261.8
1398560 1254.4
1398570 1247.2
1398580 1240.5
1398590 1240.5
1398600 1233.1
1398610 1226.1
1398620 1226.1
1398630 1219.1
1398640 1211.8
1398650 1211.8
1398660 1204.5
1398670 1198.2
1398680 1198.2
1398690 1193.2
1398700 1189.8
1398710 1189.8
1398720 1184.0
1398730 1178.3
1398740 1178.3
1398750 1173.1
1398760 1167.5
1398770 1160.6
1398780 1165.9
1398790 1158.7
1398800 1153.8
1398810 1153.8
1398820 1149.0
1398830 1142.2
1398840 1142.2
1398850 1136.3
1398860 1131.9
1398870 1131.9
1398880 1126.9
1398890 1121.0
1398900 1121.0
1398910 1115.7
1398920 1111.1
1398930 1111.1
1398940 1106.9
1398950 1102.6
1398960 1102.6
1398970 1098.1
1398980 1094.5
1398990 1090.5
1399000 1090.5
1399010 1087.0
1399020 1083.8
1399030 1083.8
1399040 1080.4
1399050 1076.8
1399060 1076.8
1399070 1072.2
1399080 1064.5
1399090 1064.5
1399100 1056.8
1399110 1043.3
1399120 1043.3
1399130 1034.6
1399140 1026.3
1399150 1026.3
1399160 1013.7
1399170 999.7
1399180 989.7
1399190 989.7
1399200 978.6
1399210 965.6
1399220 965.6
1399230 957.4
1399240 950.3
1399250 950.3
1399260 943.8
1399270 936.9
1399280 936.9
1399290 930.2
1399300 923.5
1399310 923.5
1399320 916.8
1399330 909.9
1399340 909.9
1399350 903.1
1399360 896.7
1399370 890.1
1399380 890.1
1399390 883.6
1399400 876.8
1399410 876.8
1399420 870.9
1399430 865.9
1399440 865.9
1399450 861.8
1399460 858.2
1399470 858.2
1399480 854.2
1399490 849.8
1399500 849.8
1399510 846.3
1399520 842.9
1399530 842.9
1399540 841.3
1399550 838.1
1399560 833.7
1399570 833.7
1399580 828.7
1399590 824.8
1399600 824.8
1399610 822.1
1399620 820.0
1399630 820.0
1399640 817.6
1399650 817.0
1399660 817.0
1399670 816.8
1399680 816.7
1399690 816.7
1399700 816.3
1399710 816.2
1399720 816.2
1399730 816.3
1399740 816.1
1399750 815.6
1399760 815.6
1399770 815.4
1399780 815.2
1399790 815.2
1399800 815.4
1399810 816.1
1399820 816.1
1399830 816.2
1399840 816.1
1399850 816.1
1399860 815.5
1399870 815.0
1399880 815.0
1399890 814.9
1399900 814.8
1399910 814.8
1399920 814.8
1399930 814.0
1399940 810.4
1399950 810.4
1399960 809.7
1399970 810.0
1399980 810.0
1399990 813.6
