1380000 2124.0
1380010 2116.8
1380020 2109.8
1380030 2109.8
1380040 2102.1
1380050 2094.9
1380060 2094.9
1380070 2089.6
1380080 2086.0
1380090 2086.0
1380100 2082.0
1380110 2074.9
1380120 2074.9
1380130 2071.6
1380140 2076.1
1380150 2076.1
1380160 2081.2
1380170 2084.1
1380180 2083.0
1380190 2083.0
1380200 2079.8
1380210 2076.4
1380220 2076.4
1380230 2074.0
1380240 2072.1
1380250 2072.1
1380260 2069.9
1380270 2065.7
1380280 2065.7
1380290 2061.0
1380300 2056.8
1380310 2056.8
1380320 2052.4
1380330 2047.6
1380340 2047.6
1380350 2043.3
1380360 2037.9
1380370 2031.8
1380380 2031.8
1380390 2025.2
1380400 2020.3
1380410 2020.3
1380420 2016.3
1380430 2013.0
1380440 2013.0
1380450 2008.9
1380460 2003.3
1380470 2003.3
1380480 1995.3
1380490 1990.4
1380500 1990.4
1380510 1994.0
1380520 1999.4
1380530 1999.4
1380540 2004.5
1380550 2011.4
1380560 2018.6
1380570 2018.6
1380580 2026.1
1380590 2031.7
1380600 2031.7
1380610 2031.7
1380620 2027.7
1380630 2027.7
1380640 2024.0
1380650 2020.3
1380660 2020.3
1380670 2024.9
1380680 2032.8
1380690 2032.8
1380700 2041.2
1380710 2047.9
1380720 2047.9
1380730 2052.4
1380740 2056.8
1380750 2060.5
1380760 2060.5
1380770 2064.1
1380780 2067.9
1380790 2067.9
1380800 2073.5
1380810 2080.0
1380820 2080.0
1380830 2087.3
1380840 2095.4
1380850 2095.4
1380860 2102.3
1380870 2106.4
1380880 2106.4
1380890 2108.4
1380900 2110.8
1380910 2110.8
1380920 2114.6
1380930 2119.7
1380940 2126.4
1380950 2126.4
1380960 2134.1
1380970 2139.4
1380980 2139.4
1380990 2142.8
1381000 2145.7
1381010 2145.7
1381020 2148.1
1381030 2150.9
1381040 2150.9
1381050 2153.5
1381060 2156.1
1381070 2156.1
1381080 2158.6
1381090 2161.1
1381100 2156.3
1381110 2159.7
1381120 2163.3
1381130 2163.3
1381140 2166.7
1381150 2170.2
1381160 2173.6
1381170 2173.6
1381180 2177.9
1381190 2181.7
1381200 2181.7
1381210 2186.6
1381220 2192.5
1381230 2192.5
1381240 2199.2
1381250 2206.0
1381260 2206.0
1381270 2212.0
1381280 2216.0
1381290 2216.0
1381300 2218.5
1381310 2220.3
1381320 2220.3
1381330 2221.8
1381340 2222.3
1381350 2221.2
1381360 2221.2
1381370 2219.4
1381380 2218.0
1381390 2218.0
1381400 2216.6
1381410 2214.8
1381420 2214.8
1381430 2213.5
1381440 2212.2
1381450 2212.2
1381460 2208.7
1381470 2203.3
1381480 2203.3
1381490 2198.9
1381500 2196.4
1381510 2196.4
1381520 2194.7
1381530 2190.5
1381540 2185.3
1381550 2185.3
1381560 2178.9
1381570 2173.4
1381580 2173.4
1381590 2166.3
1381600 2159.0
1381610 2159.0
1381620 2153.5
1381630 2148.8
1381640 2148.8
1381650 2146.2
1381660 2144.5
1381670 2144.5
1381680 2142.8
1381690 2141.2
1381700 2141.2
1381710 2139.1
1381720 2137.5
1381730 2136.7
1381740 2136.7
1381750 2134.7
1381760 2133.3
1381770 2133.3
1381780 2133.0
1381790 2132.5
1381800 2132.5
1381810 2132.5
1381820 2131.9
1381830 2131.9
1381840 2130.8
1381850 2129.4
1381860 2129.4
1381870 2127.1
1381880 2122.1
1381890 2122.1
1381900 2117.0
1381910 2112.6
1381920 2107.6
1381930 2107.6
1381940 2102.8
1381950 2098.6
1381960 2098.6
1381970 2096.3
1381980 2094.5
1381990 2094.5
1382000 2093.0
1382010 2092.2
1382020 2092.2
1382030 2092.1
1382040 2092.7
1382050 2092.7
1382060 2093.2
1382070 2093.3
1382080 2093.3
1382090 2093.6
1382100 2094.0
1382110 2094.4
1382120 2094.4
1382130 2095.1
1382140 2096.3
1382150 2096.3
1382160 2096.8
1382170 2097.5
1382180 2097.5
1382190 2098.5
1382200 2099.6
1382210 2099.6
1382220 2100.8
1382230 2102.6
1382240 2102.6
1382250 2104.3
1382260 2107.8
1382270 2107.8
1382280 2112.0
1382290 2115.1
1382300 2115.1
1382310 2115.4
1382320 2114.9
1382330 2111.0
1382340 2111.0
1382350 2110.2
1382360 2109.7
1382370 2109.7
1382380 2108.6
1382390 2108.5
1382400 2108.5
1382410 2107.5
1382420 2103.4
1382430 2103.4
1382440 2100.4
1382450 2097.8
1382460 2097.8
1382470 2094.4
1382480 2091.4
1382490 2091.4
1382500 2090.8
1382510 2092.9
1382520 2094.8
1382530 2094.8
1382540 2093.4
1382550 2088.7
1382560 2088.7
1382570 2084.2
1382580 2081.4
1382590 2081.4
1382600 2080.1
1382610 2078.8
1382620 2078.8
1382630 2076.7
1382640 2074.6
1382650 2074.6
1382660 2072.7
1382670 2072.2
1382680 2072.2
1382690 2072.4
1382700 2072.4
1382710 2073.1
1382720 2073.1
1382730 2073.8
1382740 2074.5
1382750 2074.5
1382760 2074.9
1382770 2074.8
1382780 2074.8
1382790 2074.8
1382800 2075.3
1382810 2075.3
1382820 2074.9
1382830 2073.7
1382840 2073.7
1382850 2073.4
1382860 2069.4
1382870 2069.4
1382880 2064.0
1382890 2060.3
1382900 2055.9
1382910 2055.9
1382920 2052.8
1382930 2051.1
1382940 2051.1
1382950 2050.4
1382960 2050.0
1382970 2050.0
1382980 2048.8
1382990 2047.7
1383000 2047.7
1383010 2043.8
1383020 2039.5
1383030 2039.5
1383040 2038.8
1383050 2037.2
1383060 2037.2
1383070 2035.0
1383080 2032.4
1383090 2029.9
1383100 2029.9
1383110 2027.8
1383120 2026.0
1383130 2026.0
1383140 2024.3
1383150 2022.8
1383160 2022.8
1383170 2020.9
1383180 2018.7
1383190 2018.7
1383200 2016.8
1383210 2015.1
1383220 2015.1
1383230 2013.2
1383240 2011.2
1383250 2011.2
1383260 2009.0
1383270 2007.0
1383280 2005.3
1383290 2005.3
1383300 2003.3
1383310 2001.3
1383320 2001.3
1383330 1998.6
1383340 1996.5
1383350 1996.5
1383360 1993.9
1383370 1990.4
1383380 1990.4
1383390 1986.9
1383400 1984.0
1383410 1984.0
1383420 1981.7
1383430 1980.0
1383440 1980.0
1383450 1977.5
1383460 1973.4
1383470 1973.4
1383480 1965.2
1383490 1955.5
1383500 1948.6
1383510 1948.6
1383520 1940.6
1383530 1932.0
1383540 1932.0
1383550 1925.7
1383560 1930.2
1383570 1917.6
1383580 1923.7
1383590 1924.0
1383600 1924.0
1383610 1923.6
1383620 1923.7
1383630 1923.7
1383640 1921.8
1383650 1917.7
1383660 1917.7
1383670 1914.2
1383680 1910.8
1383690 1905.2
1383700 1905.2
1383710 1898.6
1383720 1890.7
1383730 1890.7
1383740 1883.8
1383750 1878.7
1383760 1878.7
1383770 1877.8
1383780 1880.4
1383790 1880.4
1383800 1881.1
1383810 1880.7
1383820 1880.7
1383830 1881.2
1383840 1881.1
1383850 1881.1
1383860 1879.3
1383870 1879.4
1383880 1879.7
1383890 1879.7
1383900 1879.8
1383910 1880.7
1383920 1880.7
1383930 1881.0
1383940 1880.4
1383950 1880.4
1383960 1877.9
1383970 1871.9
1383980 1871.9
1383990 1866.0
1384000 1869.2
1384010 1869.2
1384020 1868.4
1384030 1866.3
1384040 1866.3
1384050 1865.0
1384060 1861.7
1384070 1853.5
1384080 1853.5
1384090 1850.2
1384100 1856.8
1384110 1856.8
1384120 1856.8
1384130 1854.7
1384140 1854.7
1384150 1851.3
1384160 1845.1
1384170 1845.1
1384180 1844.7
1384190 1852.5
1384200 1852.5
1384210 1863.6
1384220 1872.0
1384230 1872.0
1384240 1877.6
1384250 1881.4
1384260 1884.5
1384270 1884.5
1384280 1887.7
1384290 1890.8
1384300 1890.8
1384310 1894.1
1384320 1897.1
1384330 1897.1
1384340 1900.4
1384350 1905.2
1384360 1905.2
1384370 1911.6
1384380 1917.4
1384390 1917.4
1384400 1920.2
1384410 1923.5
1384420 1923.5
1384430 1927.6
1384440 1930.8
1384450 1933.6
1384460 1933.6
1384470 1937.8
1384480 1942.3
1384490 1942.3
1384500 1946.6
1384510 1950.9
1384520 1950.9
1384530 1954.9
1384540 1958.4
1384550 1958.4
1384560 1961.6
1384570 1964.9
1384580 1964.9
1384590 1968.5
1384600 1972.0
1384610 1972.0
1384620 1974.9
1384630 1977.2
1384640 1977.2
1384650 1979.4
1384660 1981.6
1384670 1983.9
1384680 1983.9
1384690 1986.4
1384700 1988.5
1384710 1988.5
1384720 1990.0
1384730 1991.2
1384740 1991.2
1384750 1991.8
1384760 1991.5
1384770 1991.5
1384780 1990.6
1384790 1989.3
1384800 1989.3
1384810 1988.1
1384820 1987.2
1384830 1983.0
1384840 1981.5
1384850 1979.2
1384860 1976.9
1384870 1976.9
1384880 1974.4
1384890 1971.4
1384900 1971.4
1384910 1968.1
1384920 1962.7
1384930 1962.7
1384940 1957.5
1384950 1952.8
1384960 1952.8
1384970 1948.5
1384980 1944.7
1384990 1944.7
1385000 1941.4
1385010 1939.0
1385020 1939.0
1385030 1936.2
1385040 1931.8
1385050 1928.3
1385060 1928.3
1385070 1927.0
1385080 1924.8
1385090 1924.8
1385100 1922.5
1385110 1922.1
1385120 1922.1
1385130 1924.6
1385140 1923.7
1385150 1923.7
1385160 1921.9
1385170 1920.6
1385180 1920.6
1385190 1918.4
1385200 1915.8
1385210 1915.8
1385220 1913.7
1385230 1912.1
1385240 1911.3
1385250 1911.3
1385260 1910.9
1385270 1909.8
1385280 1909.8
1385290 1909.5
1385300 1909.7
1385310 1909.7
1385320 1908.2
1385330 1904.3
1385340 1904.3
1385350 1898.0
1385360 1892.1
1385370 1892.1
1385380 1887.5
1385390 1884.7
1385400 1884.7
1385410 1883.2
1385420 1881.5
1385430 1880.1
1385440 1880.1
1385450 1878.5
1385460 1871.0
1385470 1871.0
1385480 1856.3
1385490 1844.6
1385500 1844.6
1385510 1835.9
1385520 1827.1
1385530 1827.1
1385540 1819.1
1385550 1816.8
1385560 1816.8
1385570 1813.5
1385580 1812.3
1385590 1812.3
1385600 1811.8
1385610 1811.8
1385620 1815.6
1385630 1815.6
1385640 1819.9
1385650 1825.8
1385660 1825.8
1385670 1832.0
1385680 1836.5
1385690 1836.5
1385700 1838.6
1385710 1840.1
1385720 1840.1
1385730 1842.0
1385740 1844.2
1385750 1844.2
1385760 1846.6
1385770 1849.3
1385780 1849.3
1385790 1851.5
1385800 1853.2
1385810 1854.6
1385820 1854.6
1385830 1856.9
1385840 1858.0
1385850 1858.0
1385860 1859.5
1385870 1861.5
1385880 1861.5
1385890 1863.2
1385900 1864.8
1385910 1864.8
1385920 1868.5
1385930 1872.3
1385940 1872.3
1385950 1875.8
1385960 1878.7
1385970 1878.7
1385980 1881.7
1385990 1884.5
1386000 1884.5
1386010 1889.0
1386020 1892.1
1386030 1892.9
1386040 1892.9
1386050 1893.7
1386060 1897.1
1386070 1897.1
1386080 1901.6
1386090 1904.7
1386100 1904.7
1386110 1904.2
1386120 1904.4
1386130 1904.4
1386140 1904.2
1386150 1901.6
1386160 1901.6
1386170 1899.1
1386180 1897.3
1386190 1897.3
1386200 1895.0
1386210 1892.8
1386220 1890.3
1386230 1890.3
1386240 1887.3
1386250 1885.2
1386260 1885.2
1386270 1882.0
1386280 1878.3
1386290 1878.3
1386300 1875.0
1386310 1872.1
1386320 1872.1
1386330 1870.1
1386340 1868.6
1386350 1868.6
1386360 1866.6
1386370 1866.2
1386380 1866.2
1386390 1866.2
1386400 1865.7
1386410 1865.7
1386420 1865.7
1386430 1865.2
1386440 1863.3
1386450 1863.3
1386460 1860.6
1386470 1857.7
1386480 1857.7
1386490 1855.6
1386500 1854.0
1386510 1854.0
1386520 1851.4
1386530 1846.8
1386540 1846.8
1386550 1841.2
1386560 1833.1
1386570 1833.1
1386580 1819.2
1386590 1805.2
1386600 1796.7
1386610 1796.7
1386620 1794.2
1386630 1793.6
1386640 1793.6
1386650 1789.8
1386660 1782.0
1386670 1782.0
1386680 1769.3
1386690 1759.7
1386700 1759.7
1386710 1751.1
1386720 1741.4
1386730 1741.4
1386740 1728.4
1386750 1717.7
1386760 1717.7
1386770 1711.7
1386780 1715.1
1386790 1716.2
1386800 1716.2
1386810 1721.9
1386820 1730.7
1386830 1730.7
1386840 1740.3
1386850 1751.0
1386860 1751.0
1386870 1761.0
1386880 1770.5
1386890 1770.5
1386900 1779.5
1386910 1783.8
1386920 1783.8
1386930 1785.3
1386940 1786.1
1386950 1786.1
1386960 1785.5
1386970 1784.7
1386980 1783.4
1386990 1783.4
1387000 1782.2
1387010 1781.8
1387020 1781.8
1387030 1783.6
1387040 1786.1
1387050 1786.1
1387060 1788.7
1387070 1791.0
1387080 1791.0
1387090 1792.0
1387100 1793.9
1387110 1793.9
1387120 1797.7
1387130 1801.7
1387140 1801.7
1387150 1804.5
1387160 1807.4
1387170 1807.4
1387180 1808.3
1387190 1809.0
1387200 1810.5
1387210 1810.5
1387220 1811.9
1387230 1813.1
1387240 1813.1
1387250 1814.7
1387260 1816.9
1387270 1816.9
1387280 1819.2
1387290 1820.8
1387300 1820.8
1387310 1822.1
1387320 1824.7
1387330 1824.7
1387340 1825.3
1387350 1826.4
1387360 1826.4
1387370 1827.5
1387380 1827.4
1387390 1826.1
1387400 1821.2
1387410 1820.5
1387420 1818.4
1387430 1818.4
1387440 1816.9
1387450 1815.9
1387460 1815.9
1387470 1814.9
1387480 1813.5
1387490 1813.5
1387500 1812.6
1387510 1812.8
1387520 1812.8
1387530 1812.4
1387540 1810.9
1387550 1810.9
1387560 1810.0
1387570 1809.0
1387580 1806.4
1387590 1806.4
1387600 1803.6
1387610 1802.3
1387620 1802.3
1387630 1802.1
1387640 1803.4
1387650 1803.4
1387660 1806.3
1387670 1808.4
1387680 1808.4
1387690 1807.4
1387700 1803.7
1387710 1803.7
1387720 1800.0
1387730 1796.0
1387740 1796.0
1387750 1792.8
1387760 1790.8
1387770 1790.0
1387780 1790.0
1387790 1789.6
1387800 1788.4
1387810 1788.4
1387820 1786.2
1387830 1783.7
1387840 1783.7
1387850 1782.8
1387860 1783.2
1387870 1783.2
1387880 1784.7
1387890 1788.5
1387900 1788.5
1387910 1788.4
1387920 1788.2
1387930 1788.2
1387940 1789.6
1387950 1789.2
1387960 1784.8
1387970 1784.8
1387980 1781.9
1387990 1782.1
1388000 1782.1
1388010 1781.5
1388020 1780.8
1388030 1780.8
1388040 1779.9
1388050 1779.1
1388060 1779.1
1388070 1775.9
1388080 1772.7
1388090 1772.7
1388100 1771.2
1388110 1772.0
1388120 1772.0
1388130 1773.2
1388140 1773.0
1388150 1770.7
1388160 1770.7
1388170 1764.5
1388180 1753.0
1388190 1753.0
1388200 1740.6
1388210 1728.0
1388220 1728.0
1388230 1722.3
1388240 1722.6
1388250 1722.6
1388260 1725.7
1388270 1724.7
1388280 1724.7
1388290 1714.6
1388300 1702.4
1388310 1702.4
1388320 1690.5
1388330 1679.0
1388340 1670.1
1388350 1670.1
1388360 1677.0
1388370 1686.5
1388380 1686.5
1388390 1697.2
1388400 1705.6
1388410 1705.6
1388420 1710.9
1388430 1714.6
1388440 1714.6
1388450 1716.1
1388460 1718.0
1388470 1718.0
1388480 1717.5
1388490 1712.5
1388500 1712.5
1388510 1709.3
1388520 1712.5
1388530 1712.5
1388540 1713.0
1388550 1714.1
1388560 1718.0
1388570 1718.0
1388580 1721.6
1388590 1717.2
1388600 1717.2
1388610 1711.2
1388620 1719.3
1388630 1719.3
1388640 1735.4
1388650 1743.7
1388660 1743.7
1388670 1745.1
1388680 1752.1
1388690 1752.1
1388700 1770.8
1388710 1782.2
1388720 1782.2
1388730 1792.2
1388740 1802.0
1388750 1810.6
1388760 1810.6
1388770 1819.6
1388780 1827.3
1388790 1827.3
1388800 1833.0
1388810 1837.6
1388820 1837.6
1388830 1843.4
1388840 1853.4
1388850 1853.4
1388860 1864.5
1388870 1874.9
1388880 1874.9
1388890 1882.2
1388900 1888.2
1388910 1888.2
1388920 1895.8
1388930 1902.3
1388940 1907.0
1388950 1907.0
1388960 1910.8
1388970 1913.8
1388980 1913.8
1388990 1916.8
1389000 1919.6
1389010 1919.6
1389020 1921.1
1389030 1922.3
1389040 1922.3
1389050 1923.5
1389060 1926.3
1389070 1926.3
1389080 1926.6
1389090 1926.6
1389100 1926.6
1389110 1926.7
1389120 1923.3
1389130 1920.4
1389140 1920.4
1389150 1918.2
1389160 1917.5
1389170 1917.5
1389180 1917.0
1389190 1916.4
1389200 1916.4
1389210 1915.7
1389220 1915.3
1389230 1915.3
1389240 1915.0
1389250 1915.9
1389260 1915.9
1389270 1918.8
1389280 1921.9
1389290 1921.9
1389300 1924.5
1389310 1925.8
1389320 1926.8
1389330 1926.8
1389340 1927.3
1389350 1928.6
1389360 1928.6
1389370 1929.7
1389380 1931.1
1389390 1931.1
1389400 1931.8
1389410 1931.9
1389420 1931.9
1389430 1932.0
1389440 1932.2
1389450 1932.2
1389460 1934.2
1389470 1934.3
1389480 1934.3
1389490 1934.4
1389500 1936.6
1389510 1939.7
1389520 1939.7
1389530 1940.9
1389540 1942.4
1389550 1942.4
1389560 1943.4
1389570 1944.0
1389580 1944.0
1389590 1944.7
1389600 1945.6
1389610 1945.6
1389620 1947.0
1389630 1948.0
1389640 1948.0
1389650 1948.1
1389660 1947.4
1389670 1947.4
1389680 1946.1
1389690 1944.6
1389700 1944.6
1389710 1942.1
1389720 1940.3
1389730 1939.5
1389740 1939.5
1389750 1938.4
1389760 1938.3
1389770 1938.3
1389780 1938.7
1389790 1941.0
1389800 1941.0
1389810 1942.1
1389820 1941.2
1389830 1941.2
1389840 1941.7
1389850 1940.3
1389860 1940.3
1389870 1941.8
1389880 1942.9
1389890 1942.9
1389900 1944.5
1389910 1945.0
1389920 1944.5
1389930 1944.5
1389940 1947.2
1389950 1953.1
1389960 1953.1
1389970 1959.9
1389980 1963.4
1389990 1963.4
1390000 1964.0
1390010 1965.8
1390020 1965.8
1390030 1968.6
1390040 1966.0
1390050 1966.0
1390060 1967.7
1390070 1968.8
1390080 1968.8
1390090 1970.0
1390100 1971.0
1390110 1967.4
1390120 1967.4
1390130 1957.8
1390140 1946.8
1390150 1946.8
1390160 1945.1
1390170 1955.6
1390180 1955.6
1390190 1957.0
1390200 1959.3
1390210 1959.3
1390220 1966.4
1390230 1972.0
1390240 1972.0
1390250 1974.1
1390260 1972.2
1390270 1972.2
1390280 1971.1
1390290 1971.6
1390300 1972.4
1390310 1972.4
1390320 1972.8
1390330 1972.6
1390340 1972.6
1390350 1973.6
1390360 1974.9
1390370 1974.9
1390380 1975.4
1390390 1974.3
1390400 1974.3
1390410 1973.1
1390420 1975.1
1390430 1975.1
1390440 1978.2
1390450 1980.8
1390460 1980.8
1390470 1983.0
1390480 1986.4
1390490 1990.1
1390500 1990.1
1390510 1990.4
1390520 1989.7
1390530 1989.7
1390540 1987.8
1390550 1982.9
1390560 1982.9
1390570 1981.5
1390580 1987.2
1390590 1987.2
1390600 1990.0
1390610 1991.9
1390620 1991.9
1390630 1996.5
1390640 2004.1
1390650 2004.1
1390660 2011.4
1390670 2018.5
1390680 2024.9
1390690 2024.9
1390700 2030.2
1390710 2033.5
1390720 2033.5
1390730 2035.0
1390740 2035.4
1390750 2035.4
1390760 2034.3
1390770 2032.7
1390780 2032.7
1390790 2030.6
1390800 2028.6
1390810 2028.6
1390820 2027.2
1390830 2025.8
1390840 2025.8
1390850 2024.5
1390860 2023.2
1390870 2021.1
1390880 2021.1
1390890 2020.3
1390900 2022.6
1390910 2022.6
1390920 2026.0
1390930 2028.7
1390940 2028.7
1390950 2032.1
1390960 2036.1
1390970 2036.1
1390980 2041.2
1390990 2045.9
1391000 2045.9
1391010 2049.4
1391020 2051.6
1391030 2051.6
1391040 2051.6
1391050 2051.8
1391060 2051.8
1391070 2051.5
1391080 2049.6
1391090 2047.6
1391100 2047.6
1391110 2045.9
1391120 2044.6
1391130 2044.6
1391140 2044.2
1391150 2044.7
1391160 2044.7
1391170 2044.7
1391180 2044.4
1391190 2044.4
1391200 2044.7
1391210 2045.1
1391220 2045.1
1391230 2045.8
1391240 2043.8
1391250 2043.8
1391260 2041.1
1391270 2040.1
1391280 2040.0
1391290 2040.0
1391300 2040.2
1391310 2041.9
1391320 2041.9
1391330 2047.0
1391340 2048.9
1391350 2048.9
1391360 2046.3
1391370 2044.6
1391380 2044.6
1391390 2033.6
1391400 2030.7
1391410 2030.7
1391420 2028.7
1391430 2026.5
1391440 2026.5
1391450 2024.7
1391460 2023.0
1391470 2019.5
1391480 2019.5
1391490 2015.4
1391500 2012.7
1391510 2012.7
1391520 2008.0
1391530 2004.4
1391540 2004.4
1391550 2003.8
1391560 2004.2
1391570 2004.2
1391580 2004.7
1391590 2007.0
1391600 2007.0
1391610 2007.6
1391620 2005.4
1391630 2005.4
1391640 2000.0
1391650 2004.8
1391660 2012.1
1391670 2012.1
1391680 2019.1
1391690 2020.6
1391700 2020.6
1391710 2020.4
1391720 2019.1
1391730 2019.1
1391740 2016.8
1391750 2014.6
1391760 2014.6
1391770 2013.4
1391780 2013.9
1391790 2013.9
1391800 2015.2
1391810 2014.6
1391820 2014.6
1391830 2014.0
1391840 2012.4
1391850 2014.1
1391860 2014.1
1391870 2022.1
1391880 2029.9
1391890 2029.9
1391900 2038.6
1391910 2050.0
1391920 2050.0
1391930 2059.1
1391940 2068.9
1391950 2068.9
1391960 2080.7
1391970 2088.9
1391980 2088.9
1391990 2093.2
1392000 2093.8
1392010 2093.8
1392020 2093.0
1392030 2091.5
1392040 2091.4
1392050 2091.4
1392060 2090.5
1392070 2088.4
1392080 2088.4
1392090 2080.1
1392100 2069.9
1392110 2069.9
1392120 2067.1
1392130 2069.5
1392140 2069.5
1392150 2075.9
1392160 2080.7
1392170 2080.7
1392180 2084.2
1392190 2083.4
1392200 2083.4
1392210 2082.3
1392220 2082.2
1392230 2082.2
1392240 2082.8
1392250 2082.2
1392260 2080.4
1392270 2080.4
1392280 2079.3
1392290 2078.3
1392300 2078.3
1392310 2076.4
1392320 2073.3
1392330 2073.3
1392340 2069.0
1392350 2063.8
1392360 2063.8
1392370 2058.0
1392380 2052.5
1392390 2052.5
1392400 2044.4
1392410 2035.3
1392420 2035.3
1392430 2026.2
1392440 2019.7
1392450 2018.6
1392460 2018.6
1392470 2018.2
1392480 2018.5
1392490 2018.5
1392500 2018.8
1392510 2015.6
1392520 2015.6
1392530 2010.6
1392540 2008.3
1392550 2008.3
1392560 2004.6
1392570 1999.7
1392580 1999.7
1392590 1995.0
1392600 1989.9
1392610 1989.9
1392620 1986.2
1392630 1982.7
1392640 1978.9
1392650 1978.9
1392660 1975.5
1392670 1974.3
1392680 1974.3
1392690 1974.3
1392700 1974.3
1392710 1974.3
1392720 1973.9
1392730 1972.8
1392740 1972.8
1392750 1970.6
1392760 1961.9
1392770 1961.9
1392780 1956.9
1392790 1952.5
1392800 1952.5
1392810 1948.1
1392820 1943.6
1392830 1941.3
1392840 1941.3
1392850 1939.3
1392860 1935.8
1392870 1935.8
1392880 1935.3
1392890 1935.1
1392900 1935.1
1392910 1934.5
1392920 1933.8
1392930 1933.8
1392940 1933.0
1392950 1931.2
1392960 1931.2
1392970 1928.6
1392980 1924.2
1392990 1924.2
1393000 1918.9
1393010 1912.0
1393020 1905.7
1393030 1905.7
1393040 1899.9
1393050 1893.9
1393060 1893.9
1393070 1887.6
1393080 1888.6
1393090 1888.6
1393100 1894.4
1393110 1901.2
1393120 1901.2
1393130 1912.3
1393140 1923.8
1393150 1923.8
1393160 1927.8
1393170 1933.7
1393180 1933.7
1393190 1938.8
1393200 1942.8
1393210 1944.9
1393220 1944.9
1393230 1948.0
1393240 1952.0
1393250 1952.0
1393260 1953.6
1393270 1953.1
1393280 1953.1
1393290 1953.6
1393300 1954.8
1393310 1954.8
1393320 1954.8
1393330 1954.9
1393340 1954.9
1393350 1956.3
1393360 1959.0
1393370 1959.0
1393380 1960.8
1393390 1962.1
1393400 1963.2
1393410 1963.2
1393420 1964.6
1393430 1964.6
1393440 1964.6
1393450 1967.9
1393460 1969.3
1393470 1969.3
1393480 1969.6
1393490 1969.3
1393500 1969.3
1393510 1969.1
1393520 1968.1
1393530 1968.1
1393540 1965.3
1393550 1962.7
1393560 1962.7
1393570 1961.6
1393580 1958.8
1393590 1958.8
1393600 1958.0
1393610 1954.7
1393620 1949.0
1393630 1949.0
1393640 1944.4
1393650 1938.6
1393660 1938.6
1393670 1929.9
1393680 1919.9
1393690 1919.9
1393700 1912.1
1393710 1909.6
1393720 1909.6
1393730 1915.1
1393740 1919.8
1393750 1919.8
1393760 1925.3
1393770 1930.7
1393780 1930.7
1393790 1935.6
1393800 1938.6
1393810 1939.7
1393820 1939.7
1393830 1940.1
1393840 1943.5
1393850 1943.5
1393860 1947.0
1393870 1949.2
1393880 1949.2
1393890 1952.7
1393900 1956.7
1393910 1956.7
1393920 1959.9
1393930 1963.3
1393940 1963.3
1393950 1966.8
1393960 1972.5
1393970 1972.5
1393980 1979.7
1393990 1985.4
1394000 1990.6
1394010 1990.6
1394020 1994.4
1394030 1998.9
1394040 1998.9
1394050 2003.2
1394060 2008.1
1394070 2008.1
1394080 2012.9
1394090 2015.4
1394100 2015.4
1394110 2016.5
1394120 2018.6
1394130 2018.6
1394140 2020.8
1394150 2018.2
1394160 2018.2
1394170 2019.8
1394180 2020.1
1394190 2020.0
1394200 2020.0
1394210 2020.1
1394220 2021.1
1394230 2021.1
1394240 2022.1
1394250 2022.2
1394260 2022.2
1394270 2021.7
1394280 2021.3
1394290 2021.3
1394300 2021.7
1394310 2022.0
1394320 2022.0
1394330 2023.3
1394340 2024.8
1394350 2024.8
1394360 2026.0
1394370 2026.2
1394380 2027.6
1394390 2027.6
1394400 2030.5
1394410 2033.7
1394420 2033.7
1394430 2033.5
1394440 2034.2
1394450 2034.2
1394460 2036.3
1394470 2037.0
1394480 2037.0
1394490 2037.4
1394500 2038.7
1394510 2038.7
1394520 2038.2
1394530 2036.8
1394540 2036.8
1394550 2036.8
1394560 2036.4
1394570 2036.6
1394580 2036.6
1394590 2036.4
1394600 2037.1
1394610 2037.1
1394620 2039.6
1394630 2041.7
1394640 2041.7
1394650 2041.9
1394660 2042.7
1394670 2042.7
1394680 2042.8
1394690 2042.0
1394700 2042.0
1394710 2039.8
1394720 2037.6
1394730 2037.6
1394740 2035.8
1394750 2034.3
1394760 2034.3
1394770 2032.4
1394780 2030.4
1394790 2029.0
1394800 2029.0
1394810 2029.0
1394820 2029.1
1394830 2029.1
1394840 2028.4
1394850 2028.0
1394860 2028.0
1394870 2027.3
1394880 2026.3
1394890 2026.3
1394900 2024.8
1394910 2023.4
1394920 2023.4
1394930 2021.4
1394940 2019.0
1394950 2019.0
1394960 2016.6
1394970 2014.4
1394980 2011.8
1394990 2011.8
1395000 2008.4
1395010 2005.0
1395020 2005.0
1395030 2001.2
1395040 1998.3
1395050 1998.3
1395060 1995.5
1395070 1992.3
1395080 1992.3
1395090 1986.3
1395100 1977.6
1395110 1977.6
1395120 1971.8
1395130 1970.4
1395140 1970.4
1395150 1971.9
1395160 1974.0
1395170 1971.1
1395180 1971.1
1395190 1970.1
1395200 1969.1
1395210 1969.1
1395220 1966.5
1395230 1966.5
1395240 1966.5
1395250 1969.6
1395260 1969.7
1395270 1969.7
1395280 1967.2
1395290 1966.8
1395300 1966.8
1395310 1965.9
1395320 1965.0
1395330 1965.0
1395340 1964.6
1395350 1965.5
1395360 1965.9
1395370 1965.9
1395380 1964.9
1395390 1963.2
1395400 1963.2
1395410 1961.1
1395420 1959.7
1395430 1959.7
1395440 1960.9
1395450 1960.7
1395460 1960.7
1395470 1959.5
1395480 1956.2
1395490 1956.2
1395500 1952.7
1395510 1949.1
1395520 1949.1
1395530 1946.6
1395540 1944.4
1395550 1942.8
1395560 1936.1
1395570 1934.7
1395580 1933.0
1395590 1933.0
1395600 1929.8
1395610 1924.9
1395620 1924.9
1395630 1919.9
1395640 1916.9
1395650 1916.9
1395660 1913.0
1395670 1908.7
1395680 1908.7
1395690 1905.1
1395700 1899.8
1395710 1899.8
1395720 1895.0
1395730 1891.3
1395740 1885.9
1395750 1885.9
1395760 1880.3
1395770 1875.6
1395780 1875.6
1395790 1873.0
1395800 1873.1
1395810 1873.1
1395820 1874.1
1395830 1874.1
1395840 1874.1
1395850 1876.6
1395860 1882.1
1395870 1882.1
1395880 1885.3
1395890 1883.8
1395900 1883.8
1395910 1881.4
1395920 1878.9
1395930 1876.2
1395940 1876.2
1395950 1873.7
1395960 1870.5
1395970 1870.5
1395980 1866.4
1395990 1861.7
1396000 1861.7
1396010 1856.6
1396020 1851.7
1396030 1851.7
1396040 1847.2
1396050 1843.0
1396060 1843.0
1396070 1838.9
1396080 1834.5
1396090 1834.5
1396100 1830.0
1396110 1825.8
1396120 1825.8
1396130 1820.8
1396140 1815.2
1396150 1812.3
1396160 1812.3
1396170 1809.9
1396180 1806.7
1396190 1806.7
1396200 1804.1
1396210 1800.2
1396220 1800.2
1396230 1794.8
1396240 1789.2
1396250 1789.2
1396260 1784.2
1396270 1779.9
1396280 1779.9
1396290 1776.5
1396300 1773.0
1396310 1773.0
1396320 1768.8
1396330 1764.2
1396340 1760.3
1396350 1760.3
1396360 1757.4
1396370 1755.0
1396380 1755.0
1396390 1752.2
1396400 1748.4
1396410 1748.4
1396420 1744.4
1396430 1740.9
1396440 1740.9
1396450 1736.5
1396460 1731.4
1396470 1731.4
1396480 1727.3
1396490 1725.4
1396500 1725.4
1396510 1722.7
1396520 1719.5
1396530 1718.3
1396540 1718.3
1396550 1719.5
1396560 1719.1
1396570 1719.1
1396580 1718.3
1396590 1718.7
1396600 1718.7
1396610 1718.5
1396620 1717.5
1396630 1717.5
1396640 1716.7
1396650 1716.3
1396660 1716.3
1396670 1715.3
1396680 1714.1
1396690 1714.1
1396700 1712.9
1396710 1710.4
1396720 1707.4
1396730 1707.4
1396740 1706.5
1396750 1706.1
1396760 1706.1
1396770 1706.1
1396780 1706.6
1396790 1706.6
1396800 1705.9
1396810 1704.9
1396820 1704.9
1396830 1704.0
1396840 1702.9
1396850 1702.9
1396860 1702.7
1396870 1702.7
1396880 1702.7
1396890 1703.6
1396900 1707.2
1396910 1711.5
1396920 1711.5
1396930 1714.9
1396940 1716.5
1396950 1716.5
1396960 1716.7
1396970 1716.1
1396980 1716.1
1396990 1707.2
1397000 1708.7
1397010 1708.7
1397020 1710.5
1397030 1713.7
1397040 1713.7
1397050 1717.2
1397060 1719.9
1397070 1719.9
1397080 1722.4
1397090 1724.0
1397100 1724.7
1397110 1724.7
1397120 1725.1
1397130 1725.1
1397140 1725.1
1397150 1725.6
1397160 1726.4
1397170 1726.4
1397180 1728.0
1397190 1732.2
1397200 1732.2
1397210 1736.8
1397220 1740.9
1397230 1740.9
1397240 1742.8
1397250 1743.8
1397260 1743.8
1397270 1744.7
1397280 1744.8
1397290 1744.8
1397300 1745.0
1397310 1745.4
1397320 1746.9
1397330 1746.9
1397340 1749.3
1397350 1751.8
1397360 1751.8
1397370 1753.0
1397380 1754.2
1397390 1754.2
1397400 1754.6
1397410 1754.7
1397420 1754.7
1397430 1755.5
1397440 1756.7
1397450 1756.7
1397460 1758.3
1397470 1759.5
1397480 1759.5
1397490 1759.0
1397500 1757.9
1397510 1756.3
1397520 1756.3
1397530 1753.7
1397540 1749.5
1397550 1749.5
1397560 1744.0
1397570 1738.7
1397580 1738.7
1397590 1733.4
1397600 1727.6
1397610 1727.6
1397620 1722.2
1397630 1715.9
1397640 1715.9
1397650 1709.6
1397660 1703.4
1397670 1703.4
1397680 1697.4
1397690 1690.4
1397700 1683.4
1397710 1683.4
1397720 1678.6
1397730 1670.3
1397740 1670.3
1397750 1662.2
1397760 1651.6
1397770 1651.6
1397780 1631.0
1397790 1617.2
1397800 1617.2
1397810 1607.9
1397820 1599.0
1397830 1599.0
1397840 1588.0
1397850 1573.8
1397860 1573.8
1397870 1563.1
1397880 1554.4
1397890 1543.9
1397900 1543.9
1397910 1534.7
1397920 1524.5
1397930 1524.5
1397940 1514.7
1397950 1503.9
1397960 1503.9
1397970 1493.4
1397980 1484.5
1397990 1484.5
1398000 1475.0
1398010 1467.6
1398020 1467.6
1398030 1460.6
1398040 1453.6
1398050 1453.6
1398060 1446.1
1398070 1438.6
1398080 1430.8
1398090 1430.8
1398100 1423.4
1398110 1415.5
1398120 1415.5
1398130 1408.0
1398140 1400.9
1398150 1400.9
1398160 1394.1
1398170 1387.0
1398180 1387.0
1398190 1380.0
1398200 1372.3
1398210 1372.3
1398220 1364.7
1398230 1356.7
1398240 1356.7
1398250 1349.2
1398260 1342.2
1398270 1335.7
1398280 1335.7
1398290 1328.3
1398300 1321.1
1398310 1321.1
1398320 1313.9
1398330 1306.5
1398340 1306.5
1398350 1298.9
1398360 1291.3
1398370 1291.3
1398380 1283.2
1398390 1275.3
1398400 1275.3
1398410 1267.7
1398420 1260.0
1398430 1260.0
1398440 1254.5
1398450 1247.5
1398460 1240.8
1398470 1240.8
1398480 1233.4
1398490 1226.1
1398500 1226.1
1398510 1218.7
1398520 1211.4
1398530 1211.4
1398540 1204.4
1398550 1197.4
1398560 1197.4
1398570 1190.4
1398580 1184.4
1398590 1184.4
1398600 1179.2
1398610 1173.8
1398620 1173.8
1398630 1168.1
1398640 1162.1
1398650 1162.1
1398660 1156.2
1398670 1150.5
1398680 1144.4
1398690 1144.4
1398700 1138.6
1398710 1132.0
1398720 1132.0
1398730 1126.2
1398740 1121.0
1398750 1121.0
1398760 1115.5
1398770 1109.6
1398780 1109.6
1398790 1104.3
1398800 1098.2
1398810 1098.2
1398820 1092.7
1398830 1086.8
1398840 1086.8
1398850 1081.3
1398860 1075.6
1398870 1070.0
1398880 1070.0
1398890 1064.6
1398900 1059.1
1398910 1059.1
1398920 1053.6
1398930 1048.2
1398940 1048.2
1398950 1042.9
1398960 1037.9
1398970 1037.9
1398980 1033.0
1398990 1028.2
1399000 1028.2
1399010 1023.9
1399020 1019.4
1399030 1019.4
1399040 1015.2
1399050 1011.2
1399060 1006.9
1399070 1006.9
1399080 1002.0
1399090 997.4
1399100 997.4
1399110 992.9
1399120 987.4
1399130 987.4
1399140 981.2
1399150 974.9
1399160 974.9
1399170 967.7
1399180 960.6
1399190 960.6
1399200 952.8
1399210 948.1
1399220 948.1
1399230 944.1
1399240 942.1
1399250 939.3
1399260 939.3
1399270 936.3
1399280 933.3
1399290 933.3
1399300 927.0
1399310 919.9
1399320 919.9
1399330 915.0
1399340 915.5
1399350 915.5
1399360 916.4
1399370 912.3
1399380 912.3
1399390 908.7
1399400 901.6
1399410 901.6
1399420 885.2
1399430 862.4
1399440 847.1
1399450 847.1
1399460 840.7
1399470 835.7
1399480 835.7
1399490 832.1
1399500 827.1
1399510 827.1
1399520 823.9
1399530 823.1
1399540 823.1
1399550 822.7
1399560 822.8
1399570 822.8
1399580 822.9
1399590 822.7
1399600 822.7
1399610 821.5
1399620 820.7
1399630 819.9
1399640 819.9
1399650 819.2
1399660 819.3
1399670 819.3
1399680 819.3
1399690 819.2
1399700 819.2
1399710 819.1
1399720 819.1
1399730 819.1
1399740 819.0
1399750 818.7
1399760 818.7
1399770 818.6
1399780 818.3
1399790 818.3
1399800 817.0
1399810 814.3
1399820 814.3
1399830 813.7
1399840 813.6
1399850 814.2
1399860 814.2
1399870 816.4
1399880 817.8
1399890 817.8
1399900 817.4
1399910 817.2
1399920 817.2
1399930 817.7
1399940 817.8
1399950 817.8
1399960 817.8
1399970 818.6
1399980 818.6
1399990 822.9
1380000 2124.0
1380010 2116.8
1380020 2109.8
1380030 2109.8
1380040 2102.1
1380050 2094.9
1380060 2094.9
1380070 2089.6
1380080 2086.0
1380090 2086.0
1380100 2082.0
1380110 2074.9
1380120 2074.9
1380130 2071.6
1380140 2076.1
1380150 2076.1
1380160 2081.2
1380170 2084.1
1380180 2083.0
1380190 2083.0
1380200 2079.8
1380210 2076.4
1380220 2076.4
1380230 2074.0
1380240 2072.1
1380250 2072.1
1380260 2069.9
1380270 2065.7
1380280 2065.7
1380290 2061.0
1380300 2056.8
1380310 2056.8
1380320 2052.4
1380330 2047.6
1380340 2047.6
1380350 2043.3
1380360 2037.9
1380370 2031.8
1380380 2031.8
1380390 2025.2
1380400 2020.3
1380410 2020.3
1380420 2016.3
1380430 2013.0
1380440 2013.0
1380450 2008.9
1380460 2003.3
1380470 2003.3
1380480 1995.3
1380490 1990.4
1380500 1990.4
1380510 1994.0
1380520 1999.4
1380530 1999.4
1380540 2004.5
1380550 2011.4
1380560 2018.6
1380570 2018.6
1380580 2026.1
1380590 2031.7
1380600 2031.7
1380610 2031.7
1380620 2027.7
1380630 2027.7
1380640 2024.0
1380650 2020.3
1380660 2020.3
1380670 2024.9
1380680 2032.8
1380690 2032.8
1380700 2041.2
1380710 2047.9
1380720 2047.9
1380730 2052.4
1380740 2056.8
1380750 2060.5
1380760 2060.5
1380770 2064.1
1380780 2067.9
1380790 2067.9
1380800 2073.5
1380810 2080.0
1380820 2080.0
1380830 2087.3
1380840 2095.4
1380850 2095.4
1380860 2102.3
1380870 2106.4
1380880 2106.4
1380890 2108.4
1380900 2110.8
1380910 2110.8
1380920 2114.6
1380930 2119.7
1380940 2126.4
1380950 2126.4
1380960 2134.1
1380970 2139.4
1380980 2139.4
1380990 2142.8
1381000 2145.7
1381010 2145.7
1381020 2148.1
1381030 2150.9
1381040 2150.9
1381050 2153.5
1381060 2156.1
1381070 2156.1
1381080 2158.6
1381090 2161.1
1381100 2156.3
1381110 2159.7
1381120 2163.3
1381130 2163.3
1381140 2166.7
1381150 2170.2
1381160 2173.6
1381170 2173.6
1381180 2177.9
1381190 2181.7
1381200 2181.7
1381210 2186.6
1381220 2192.5
1381230 2192.5
1381240 2199.2
1381250 2206.0
1381260 2206.0
1381270 2212.0
1381280 2216.0
1381290 2216.0
1381300 2218.5
1381310 2220.3
1381320 2220.3
1381330 2221.8
1381340 2222.3
1381350 2221.2
1381360 2221.2
1381370 2219.4
1381380 2218.0
1381390 2218.0
1381400 2216.6
1381410 2214.8
1381420 2214.8
1381430 2213.5
1381440 2212.2
1381450 2212.2
1381460 2208.7
1381470 2203.3
1381480 2203.3
1381490 2198.9
1381500 2196.4
1381510 2196.4
1381520 2194.7
1381530 2190.5
1381540 2185.3
1381550 2185.3
1381560 2178.9
1381570 2173.4
1381580 2173.4
1381590 2166.3
1381600 2159.0
1381610 2159.0
1381620 2153.5
1381630 2148.8
1381640 2148.8
1381650 2146.2
1381660 2144.5
1381670 2144.5
1381680 2142.8
1381690 2141.2
1381700 2141.2
1381710 2139.1
1381720 2137.5
1381730 2136.7
1381740 2136.7
1381750 2134.7
1381760 2133.3
1381770 2133.3
1381780 2133.0
1381790 2132.5
1381800 2132.5
1381810 2132.5
1381820 2131.9
1381830 2131.9
1381840 2130.8
1381850 2129.4
1381860 2129.4
1381870 2127.1
1381880 2122.1
1381890 2122.1
1381900 2117.0
1381910 2112.6
1381920 2107.6
1381930 2107.6
1381940 2102.8
1381950 2098.6
1381960 2098.6
1381970 2096.3
1381980 2094.5
1381990 2094.5
1382000 2093.0
1382010 2092.2
1382020 2092.2
1382030 2092.1
1382040 2092.7
1382050 2092.7
1382060 2093.2
1382070 2093.3
1382080 2093.3
1382090 2093.6
1382100 2094.0
1382110 2094.4
1382120 2094.4
1382130 2095.1
1382140 2096.3
1382150 2096.3
1382160 2096.8
1382170 2097.5
1382180 2097.5
1382190 2098.5
1382200 2099.6
1382210 2099.6
1382220 2100.8
1382230 2102.6
1382240 2102.6
1382250 2104.3
1382260 2107.8
1382270 2107.8
1382280 2112.0
1382290 2115.1
1382300 2115.1
1382310 2115.4
1382320 2114.9
1382330 2111.0
1382340 2111.0
1382350 2110.2
1382360 2109.7
1382370 2109.7
1382380 2108.6
1382390 2108.5
1382400 2108.5
1382410 2107.5
1382420 2103.4
1382430 2103.4
1382440 2100.4
1382450 2097.8
1382460 2097.8
1382470 2094.4
1382480 2091.4
1382490 2091.4
1382500 2090.8
1382510 2092.9
1382520 2094.8
1382530 2094.8
1382540 2093.4
1382550 2088.7
1382560 2088.7
1382570 2084.2
1382580 2081.4
1382590 2081.4
1382600 2080.1
1382610 2078.8
1382620 2078.8
1382630 2076.7
1382640 2074.6
1382650 2074.6
1382660 2072.7
1382670 2072.2
1382680 2072.2
1382690 2072.4
1382700 2072.4
1382710 2073.1
1382720 2073.1
1382730 2073.8
1382740 2074.5
1382750 2074.5
1382760 2074.9
1382770 2074.8
1382780 2074.8
1382790 2074.8
1382800 2075.3
1382810 2075.3
1382820 2074.9
1382830 2073.7
1382840 2073.7
1382850 2073.4
1382860 2069.4
1382870 2069.4
1382880 2064.0
1382890 2060.3
1382900 2055.9
1382910 2055.9
1382920 2052.8
1382930 2051.1
1382940 2051.1
1382950 2050.4
1382960 2050.0
1382970 2050.0
1382980 2048.8
1382990 2047.7
1383000 2047.7
1383010 2043.8
1383020 2039.5
1383030 2039.5
1383040 2038.8
1383050 2037.2
1383060 2037.2
1383070 2035.0
1383080 2032.4
1383090 2029.9
1383100 2029.9
1383110 2027.8
1383120 2026.0
1383130 2026.0
1383140 2024.3
1383150 2022.8
1383160 2022.8
1383170 2020.9
1383180 2018.7
1383190 2018.7
1383200 2016.8
1383210 2015.1
1383220 2015.1
1383230 2013.2
1383240 2011.2
1383250 2011.2
1383260 2009.0
1383270 2007.0
1383280 2005.3
1383290 2005.3
1383300 2003.3
1383310 2001.3
1383320 2001.3
1383330 1998.6
1383340 1996.5
1383350 1996.5
1383360 1993.9
1383370 1990.4
1383380 1990.4
1383390 1986.9
1383400 1984.0
1383410 1984.0
1383420 1981.7
1383430 1980.0
1383440 1980.0
1383450 1977.5
1383460 1973.4
1383470 1973.4
1383480 1965.2
1383490 1955.5
1383500 1948.6
1383510 1948.6
1383520 1940.6
1383530 1932.0
1383540 1932.0
1383550 1925.7
1383560 1930.2
1383570 1917.6
1383580 1923.7
1383590 1924.0
1383600 1924.0
1383610 1923.6
1383620 1923.7
1383630 1923.7
1383640 1921.8
1383650 1917.7
1383660 1917.7
1383670 1914.2
1383680 1910.8
1383690 1905.2
1383700 1905.2
1383710 1898.6
1383720 1890.7
1383730 1890.7
1383740 1883.8
1383750 1878.7
1383760 1878.7
1383770 1877.8
1383780 1880.4
1383790 1880.4
1383800 1881.1
1383810 1880.7
1383820 1880.7
1383830 1881.2
1383840 1881.1
1383850 1881.1
1383860 1879.3
1383870 1879.4
1383880 1879.7
1383890 1879.7
1383900 1879.8
1383910 1880.7
1383920 1880.7
1383930 1881.0
1383940 1880.4
1383950 1880.4
1383960 1877.9
1383970 1871.9
1383980 1871.9
1383990 1866.0
1384000 1869.2
1384010 1869.2
1384020 1868.4
1384030 1866.3
1384040 1866.3
1384050 1865.0
1384060 1861.7
1384070 1853.5
1384080 1853.5
1384090 1850.2
1384100 1856.8
1384110 1856.8
1384120 1856.8
1384130 1854.7
1384140 1854.7
1384150 1851.3
1384160 1845.1
1384170 1845.1
1384180 1844.7
1384190 1852.5
1384200 1852.5
1384210 1863.6
1384220 1872.0
1384230 1872.0
1384240 1877.6
1384250 1881.4
1384260 1884.5
1384270 1884.5
1384280 1887.7
1384290 1890.8
1384300 1890.8
1384310 1894.1
1384320 1897.1
1384330 1897.1
1384340 1900.4
1384350 1905.2
1384360 1905.2
1384370 1911.6
1384380 1917.4
1384390 1917.4
1384400 1920.2
1384410 1923.5
1384420 1923.5
1384430 1927.6
1384440 1930.8
1384450 1933.6
1384460 1933.6
1384470 1937.8
1384480 1942.3
1384490 1942.3
1384500 1946.6
1384510 1950.9
1384520 1950.9
1384530 1954.9
1384540 1958.4
1384550 1958.4
1384560 1961.6
1384570 1964.9
1384580 1964.9
1384590 1968.5
1384600 1972.0
1384610 1972.0
1384620 1974.9
1384630 1977.2
1384640 1977.2
1384650 1979.4
1384660 1981.6
1384670 1983.9
1384680 1983.9
1384690 1986.4
1384700 1988.5
1384710 1988.5
1384720 1990.0
1384730 1991.2
1384740 1991.2
1384750 1991.8
1384760 1991.5
1384770 1991.5
1384780 1990.6
1384790 1989.3
1384800 1989.3
1384810 1988.1
1384820 1987.2
1384830 1983.0
1384840 1981.5
1384850 1979.2
1384860 1976.9
1384870 1976.9
1384880 1974.4
1384890 1971.4
1384900 1971.4
1384910 1968.1
1384920 1962.7
1384930 1962.7
1384940 1957.5
1384950 1952.8
1384960 1952.8
1384970 1948.5
1384980 1944.7
1384990 1944.7
1385000 1941.4
1385010 1939.0
1385020 1939.0
1385030 1936.2
1385040 1931.8
1385050 1928.3
1385060 1928.3
1385070 1927.0
1385080 1924.8
1385090 1924.8
1385100 1922.5
1385110 1922.1
1385120 1922.1
1385130 1924.6
1385140 1923.7
1385150 1923.7
1385160 1921.9
1385170 1920.6
1385180 1920.6
1385190 1918.4
1385200 1915.8
1385210 1915.8
1385220 1913.7
1385230 1912.1
1385240 1911.3
1385250 1911.3
1385260 1910.9
1385270 1909.8
1385280 1909.8
1385290 1909.5
1385300 1909.7
1385310 1909.7
1385320 1908.2
1385330 1904.3
1385340 1904.3
1385350 1898.0
1385360 1892.1
1385370 1892.1
1385380 1887.5
1385390 1884.7
1385400 1884.7
1385410 1883.2
1385420 1881.5
1385430 1880.1
1385440 1880.1
1385450 1878.5
1385460 1871.0
1385470 1871.0
1385480 1856.3
1385490 1844.6
1385500 1844.6
1385510 1835.9
1385520 1827.1
1385530 1827.1
1385540 1819.1
1385550 1816.8
1385560 1816.8
1385570 1813.5
1385580 1812.3
1385590 1812.3
1385600 1811.8
1385610 1811.8
1385620 1815.6
1385630 1815.6
1385640 1819.9
1385650 1825.8
1385660 1825.8
1385670 1832.0
1385680 1836.5
1385690 1836.5
1385700 1838.6
1385710 1840.1
1385720 1840.1
1385730 1842.0
1385740 1844.2
1385750 1844.2
1385760 1846.6
1385770 1849.3
1385780 1849.3
1385790 1851.5
1385800 1853.2
1385810 1854.6
1385820 1854.6
1385830 1856.9
1385840 1858.0
1385850 1858.0
1385860 1859.5
1385870 1861.5
1385880 1861.5
1385890 1863.2
1385900 1864.8
1385910 1864.8
1385920 1868.5
1385930 1872.3
1385940 1872.3
1385950 1875.8
1385960 1878.7
1385970 1878.7
1385980 1881.7
1385990 1884.5
1386000 1884.5
1386010 1889.0
1386020 1892.1
1386030 1892.9
1386040 1892.9
1386050 1893.7
1386060 1897.1
1386070 1897.1
1386080 1901.6
1386090 1904.7
1386100 1904.7
1386110 1904.2
1386120 1904.4
1386130 1904.4
1386140 1904.2
1386150 1901.6
1386160 1901.6
1386170 1899.1
1386180 1897.3
1386190 1897.3
1386200 1895.0
1386210 1892.8
1386220 1890.3
1386230 1890.3
1386240 1887.3
1386250 1885.2
1386260 1885.2
1386270 1882.0
1386280 1878.3
1386290 1878.3
1386300 1875.0
1386310 1872.1
1386320 1872.1
1386330 1870.1
1386340 1868.6
1386350 1868.6
1386360 1866.6
1386370 1866.2
1386380 1866.2
1386390 1866.2
1386400 1865.7
1386410 1865.7
1386420 1865.7
1386430 1865.2
1386440 1863.3
1386450 1863.3
1386460 1860.6
1386470 1857.7
1386480 1857.7
1386490 1855.6
1386500 1854.0
1386510 1854.0
1386520 1851.4
1386530 1846.8
1386540 1846.8
1386550 1841.2
1386560 1833.1
1386570 1833.1
1386580 1819.2
1386590 1805.2
1386600 1796.7
1386610 1796.7
1386620 1794.2
1386630 1793.6
1386640 1793.6
1386650 1789.8
1386660 1782.0
1386670 1782.0
1386680 1769.3
1386690 1759.7
1386700 1759.7
1386710 1751.1
1386720 1741.4
1386730 1741.4
1386740 1728.4
1386750 1717.7
1386760 1717.7
1386770 1711.7
1386780 1715.1
1386790 1716.2
1386800 1716.2
1386810 1721.9
1386820 1730.7
1386830 1730.7
1386840 1740.3
1386850 1751.0
1386860 1751.0
1386870 1761.0
1386880 1770.5
1386890 1770.5
1386900 1779.5
1386910 1783.8
1386920 1783.8
1386930 1785.3
1386940 1786.1
1386950 1786.1
1386960 1785.5
1386970 1784.7
1386980 1783.4
1386990 1783.4
1387000 1782.2
1387010 1781.8
1387020 1781.8
1387030 1783.6
1387040 1786.1
1387050 1786.1
1387060 1788.7
1387070 1791.0
1387080 1791.0
1387090 1792.0
1387100 1793.9
1387110 1793.9
1387120 1797.7
1387130 1801.7
1387140 1801.7
1387150 1804.5
1387160 1807.4
1387170 1807.4
1387180 1808.3
1387190 1809.0
1387200 1810.5
1387210 1810.5
1387220 1811.9
1387230 1813.1
1387240 1813.1
1387250 1814.7
1387260 1816.9
1387270 1816.9
1387280 1819.2
1387290 1820.8
1387300 1820.8
1387310 1822.1
1387320 1824.7
1387330 1824.7
1387340 1825.3
1387350 1826.4
1387360 1826.4
1387370 1827.5
1387380 1827.4
1387390 1826.1
1387400 1821.2
1387410 1820.5
1387420 1818.4
1387430 1818.4
1387440 1816.9
1387450 1815.9
1387460 1815.9
1387470 1814.9
1387480 1813.5
1387490 1813.5
1387500 1812.6
1387510 1812.8
1387520 1812.8
1387530 1812.4
1387540 1810.9
1387550 1810.9
1387560 1810.0
1387570 1809.0
1387580 1806.4
1387590 1806.4
1387600 1803.6
1387610 1802.3
1387620 1802.3
1387630 1802.1
1387640 1803.4
1387650 1803.4
1387660 1806.3
1387670 1808.4
1387680 1808.4
1387690 1807.4
1387700 1803.7
1387710 1803.7
1387720 1800.0
1387730 1796.0
1387740 1796.0
1387750 1792.8
1387760 1790.8
1387770 1790.0
1387780 1790.0
1387790 1789.6
1387800 1788.4
1387810 1788.4
1387820 1786.2
1387830 1783.7
1387840 1783.7
1387850 1782.8
1387860 1783.2
1387870 1783.2
1387880 1784.7
1387890 1788.5
1387900 1788.5
1387910 1788.4
1387920 1788.2
1387930 1788.2
1387940 1789.6
1387950 1789.2
1387960 1784.8
1387970 1784.8
1387980 1781.9
1387990 1782.1
1388000 1782.1
1388010 1781.5
1388020 1780.8
1388030 1780.8
1388040 1779.9
1388050 1779.1
1388060 1779.1
1388070 1775.9
1388080 1772.7
1388090 1772.7
1388100 1771.2
1388110 1772.0
1388120 1772.0
1388130 1773.2
1388140 1773.0
1388150 1770.7
1388160 1770.7
1388170 1764.5
1388180 1753.0
1388190 1753.0
1388200 1740.6
1388210 1728.0
1388220 1728.0
1388230 1722.3
1388240 1722.6
1388250 1722.6
1388260 1725.7
1388270 1724.7
1388280 1724.7
1388290 1714.6
1388300 1702.4
1388310 1702.4
1388320 1690.5
1388330 1679.0
1388340 1670.1
1388350 1670.1
1388360 1677.0
1388370 1686.5
1388380 1686.5
1388390 1697.2
1388400 1705.6
1388410 1705.6
1388420 1710.9
1388430 1714.6
1388440 1714.6
1388450 1716.1
1388460 1718.0
1388470 1718.0
1388480 1717.5
1388490 1712.5
1388500 1712.5
1388510 1709.3
1388520 1712.5
1388530 1712.5
1388540 1713.0
1388550 1714.1
1388560 1718.0
1388570 1718.0
1388580 1721.6
1388590 1717.2
1388600 1717.2
1388610 1711.2
1388620 1719.3
1388630 1719.3
1388640 1735.4
1388650 1743.7
1388660 1743.7
1388670 1745.1
1388680 1752.1
1388690 1752.1
1388700 1770.8
1388710 1782.2
1388720 1782.2
1388730 1792.2
1388740 1802.0
1388750 1810.6
1388760 1810.6
1388770 1819.6
1388780 1827.3
1388790 1827.3
1388800 1833.0
1388810 1837.6
1388820 1837.6
1388830 1843.4
1388840 1853.4
1388850 1853.4
1388860 1864.5
1388870 1874.9
1388880 1874.9
1388890 1882.2
1388900 1888.2
1388910 1888.2
1388920 1895.8
1388930 1902.3
1388940 1907.0
1388950 1907.0
1388960 1910.8
1388970 1913.8
1388980 1913.8
1388990 1916.8
1389000 1919.6
1389010 1919.6
1389020 1921.1
1389030 1922.3
1389040 1922.3
1389050 1923.5
1389060 1926.3
1389070 1926.3
1389080 1926.6
1389090 1926.6
1389100 1926.6
1389110 1926.7
1389120 1923.3
1389130 1920.4
1389140 1920.4
1389150 1918.2
1389160 1917.5
1389170 1917.5
1389180 1917.0
1389190 1916.4
1389200 1916.4
1389210 1915.7
1389220 1915.3
1389230 1915.3
1389240 1915.0
1389250 1915.9
1389260 1915.9
1389270 1918.8
1389280 1921.9
1389290 1921.9
1389300 1924.5
1389310 1925.8
1389320 1926.8
1389330 1926.8
1389340 1927.3
1389350 1928.6
1389360 1928.6
1389370 1929.7
1389380 1931.1
1389390 1931.1
1389400 1931.8
1389410 1931.9
1389420 1931.9
1389430 1932.0
1389440 1932.2
1389450 1932.2
1389460 1934.2
1389470 1934.3
1389480 1934.3
1389490 1934.4
1389500 1936.6
1389510 1939.7
1389520 1939.7
1389530 1940.9
1389540 1942.4
1389550 1942.4
1389560 1943.4
1389570 1944.0
1389580 1944.0
1389590 1944.7
1389600 1945.6
1389610 1945.6
1389620 1947.0
1389630 1948.0
1389640 1948.0
1389650 1948.1
1389660 1947.4
1389670 1947.4
1389680 1946.1
1389690 1944.6
1389700 1944.6
1389710 1942.1
1389720 1940.3
1389730 1939.5
1389740 1939.5
1389750 1938.4
1389760 1938.3
1389770 1938.3
1389780 1938.7
1389790 1941.0
1389800 1941.0
1389810 1942.1
1389820 1941.2
1389830 1941.2
1389840 1941.7
1389850 1940.3
1389860 1940.3
1389870 1941.8
1389880 1942.9
1389890 1942.9
1389900 1944.5
1389910 1945.0
1389920 1944.5
1389930 1944.5
1389940 1947.2
1389950 1953.1
1389960 1953.1
1389970 1959.9
1389980 1963.4
1389990 1963.4
1390000 1964.0
1390010 1965.8
1390020 1965.8
1390030 1968.6
1390040 1966.0
1390050 1966.0
1390060 1967.7
1390070 1968.8
1390080 1968.8
1390090 1970.0
1390100 1971.0
1390110 1967.4
1390120 1967.4
1390130 1957.8
1390140 1946.8
1390150 1946.8
1390160 1945.1
1390170 1955.6
1390180 1955.6
1390190 1957.0
1390200 1959.3
1390210 1959.3
1390220 1966.4
1390230 1972.0
1390240 1972.0
1390250 1974.1
1390260 1972.2
1390270 1972.2
1390280 1971.1
1390290 1971.6
1390300 1972.4
1390310 1972.4
1390320 1972.8
1390330 1972.6
1390340 1972.6
1390350 1973.6
1390360 1974.9
1390370 1974.9
1390380 1975.4
1390390 1974.3
1390400 1974.3
1390410 1973.1
1390420 1975.1
1390430 1975.1
1390440 1978.2
1390450 1980.8
1390460 1980.8
1390470 1983.0
1390480 1986.4
1390490 1990.1
1390500 1990.1
1390510 1990.4
1390520 1989.7
1390530 1989.7
1390540 1987.8
1390550 1982.9
1390560 1982.9
1390570 1981.5
1390580 1987.2
1390590 1987.2
1390600 1990.0
1390610 1991.9
1390620 1991.9
1390630 1996.5
1390640 2004.1
1390650 2004.1
1390660 2011.4
1390670 2018.5
1390680 2024.9
1390690 2024.9
1390700 2030.2
1390710 2033.5
1390720 2033.5
1390730 2035.0
1390740 2035.4
1390750 2035.4
1390760 2034.3
1390770 2032.7
1390780 2032.7
1390790 2030.6
1390800 2028.6
1390810 2028.6
1390820 2027.2
1390830 2025.8
1390840 2025.8
1390850 2024.5
1390860 2023.2
1390870 2021.1
1390880 2021.1
1390890 2020.3
1390900 2022.6
1390910 2022.6
1390920 2026.0
1390930 2028.7
1390940 2028.7
1390950 2032.1
1390960 2036.1
1390970 2036.1
1390980 2041.2
1390990 2045.9
1391000 2045.9
1391010 2049.4
1391020 2051.6
1391030 2051.6
1391040 2051.6
1391050 2051.8
1391060 2051.8
1391070 2051.5
1391080 2049.6
1391090 2047.6
1391100 2047.6
1391110 2045.9
1391120 2044.6
1391130 2044.6
1391140 2044.2
1391150 2044.7
1391160 2044.7
1391170 2044.7
1391180 2044.4
1391190 2044.4
1391200 2044.7
1391210 2045.1
1391220 2045.1
1391230 2045.8
1391240 2043.8
1391250 2043.8
1391260 2041.1
1391270 2040.1
1391280 2040.0
1391290 2040.0
1391300 2040.2
1391310 2041.9
1391320 2041.9
1391330 2047.0
1391340 2048.9
1391350 2048.9
1391360 2046.3
1391370 2044.6
1391380 2044.6
1391390 2033.6
1391400 2030.7
1391410 2030.7
1391420 2028.7
1391430 2026.5
1391440 2026.5
1391450 2024.7
1391460 2023.0
1391470 2019.5
1391480 2019.5
1391490 2015.4
1391500 2012.7
1391510 2012.7
1391520 2008.0
1391530 2004.4
1391540 2004.4
1391550 2003.8
1391560 2004.2
1391570 2004.2
1391580 2004.7
1391590 2007.0
1391600 2007.0
1391610 2007.6
1391620 2005.4
1391630 2005.4
1391640 2000.0
1391650 2004.8
1391660 2012.1
1391670 2012.1
1391680 2019.1
1391690 2020.6
1391700 2020.6
1391710 2020.4
1391720 2019.1
1391730 2019.1
1391740 2016.8
1391750 2014.6
1391760 2014.6
1391770 2013.4
1391780 2013.9
1391790 2013.9
1391800 2015.2
1391810 2014.6
1391820 2014.6
1391830 2014.0
1391840 2012.4
1391850 2014.1
1391860 2014.1
1391870 2022.1
1391880 2029.9
1391890 2029.9
1391900 2038.6
1391910 2050.0
1391920 2050.0
1391930 2059.1
1391940 2068.9
1391950 2068.9
1391960 2080.7
1391970 2088.9
1391980 2088.9
1391990 2093.2
1392000 2093.8
1392010 2093.8
1392020 2093.0
1392030 2091.5
1392040 2091.4
1392050 2091.4
1392060 2090.5
1392070 2088.4
1392080 2088.4
1392090 2080.1
1392100 2069.9
1392110 2069.9
1392120 2067.1
1392130 2069.5
1392140 2069.5
1392150 2075.9
1392160 2080.7
1392170 2080.7
1392180 2084.2
1392190 2083.4
1392200 2083.4
1392210 2082.3
1392220 2082.2
1392230 2082.2
1392240 2082.8
1392250 2082.2
1392260 2080.4
1392270 2080.4
1392280 2079.3
1392290 2078.3
1392300 2078.3
1392310 2076.4
1392320 2073.3
1392330 2073.3
1392340 2069.0
1392350 2063.8
1392360 2063.8
1392370 2058.0
1392380 2052.5
1392390 2052.5
1392400 2044.4
1392410 2035.3
1392420 2035.3
1392430 2026.2
1392440 2019.7
1392450 2018.6
1392460 2018.6
1392470 2018.2
1392480 2018.5
1392490 2018.5
1392500 2018.8
1392510 2015.6
1392520 2015.6
1392530 2010.6
1392540 2008.3
1392550 2008.3
1392560 2004.6
1392570 1999.7
1392580 1999.7
1392590 1995.0
1392600 1989.9
1392610 1989.9
1392620 1986.2
1392630 1982.7
1392640 1978.9
1392650 1978.9
1392660 1975.5
1392670 1974.3
1392680 1974.3
1392690 1974.3
1392700 1974.3
1392710 1974.3
1392720 1973.9
1392730 1972.8
1392740 1972.8
1392750 1970.6
1392760 1961.9
1392770 1961.9
1392780 1956.9
1392790 1952.5
1392800 1952.5
1392810 1948.1
1392820 1943.6
1392830 1941.3
1392840 1941.3
1392850 1939.3
1392860 1935.8
1392870 1935.8
1392880 1935.3
1392890 1935.1
1392900 1935.1
1392910 1934.5
1392920 1933.8
1392930 1933.8
1392940 1933.0
1392950 1931.2
1392960 1931.2
1392970 1928.6
1392980 1924.2
1392990 1924.2
1393000 1918.9
1393010 1912.0
1393020 1905.7
1393030 1905.7
1393040 1899.9
1393050 1893.9
1393060 1893.9
1393070 1887.6
1393080 1888.6
1393090 1888.6
1393100 1894.4
1393110 1901.2
1393120 1901.2
1393130 1912.3
1393140 1923.8
1393150 1923.8
1393160 1927.8
1393170 1933.7
1393180 1933.7
1393190 1938.8
1393200 1942.8
1393210 1944.9
1393220 1944.9
1393230 1948.0
1393240 1952.0
1393250 1952.0
1393260 1953.6
1393270 1953.1
1393280 1953.1
1393290 1953.6
1393300 1954.8
1393310 1954.8
1393320 1954.8
1393330 1954.9
1393340 1954.9
1393350 1956.3
1393360 1959.0
1393370 1959.0
1393380 1960.8
1393390 1962.1
1393400 1963.2
1393410 1963.2
1393420 1964.6
1393430 1964.6
1393440 1964.6
1393450 1967.9
1393460 1969.3
1393470 1969.3
1393480 1969.6
1393490 1969.3
1393500 1969.3
1393510 1969.1
1393520 1968.1
1393530 1968.1
1393540 1965.3
1393550 1962.7
1393560 1962.7
1393570 1961.6
1393580 1958.8
1393590 1958.8
1393600 1958.0
1393610 1954.7
1393620 1949.0
1393630 1949.0
1393640 1944.4
1393650 1938.6
1393660 1938.6
1393670 1929.9
1393680 1919.9
1393690 1919.9
1393700 1912.1
1393710 1909.6
1393720 1909.6
1393730 1915.1
1393740 1919.8
1393750 1919.8
1393760 1925.3
1393770 1930.7
1393780 1930.7
1393790 1935.6
1393800 1938.6
1393810 1939.7
1393820 1939.7
1393830 1940.1
1393840 1943.5
1393850 1943.5
1393860 1947.0
1393870 1949.2
1393880 1949.2
1393890 1952.7
1393900 1956.7
1393910 1956.7
1393920 1959.9
1393930 1963.3
1393940 1963.3
1393950 1966.8
1393960 1972.5
1393970 1972.5
1393980 1979.7
1393990 1985.4
1394000 1990.6
1394010 1990.6
1394020 1994.4
1394030 1998.9
1394040 1998.9
1394050 2003.2
1394060 2008.1
1394070 2008.1
1394080 2012.9
1394090 2015.4
1394100 2015.4
1394110 2016.5
1394120 2018.6
1394130 2018.6
1394140 2020.8
1394150 2018.2
1394160 2018.2
1394170 2019.8
1394180 2020.1
1394190 2020.0
1394200 2020.0
1394210 2020.1
1394220 2021.1
1394230 2021.1
1394240 2022.1
1394250 2022.2
1394260 2022.2
1394270 2021.7
1394280 2021.3
1394290 2021.3
1394300 2021.7
1394310 2022.0
1394320 2022.0
1394330 2023.3
1394340 2024.8
1394350 2024.8
1394360 2026.0
1394370 2026.2
1394380 2027.6
1394390 2027.6
1394400 2030.5
1394410 2033.7
1394420 2033.7
1394430 2033.5
1394440 2034.2
1394450 2034.2
1394460 2036.3
1394470 2037.0
1394480 2037.0
1394490 2037.4
1394500 2038.7
1394510 2038.7
1394520 2038.2
1394530 2036.8
1394540 2036.8
1394550 2036.8
1394560 2036.4
1394570 2036.6
1394580 2036.6
1394590 2036.4
1394600 2037.1
1394610 2037.1
1394620 2039.6
1394630 2041.7
1394640 2041.7
1394650 2041.9
1394660 2042.7
1394670 2042.7
1394680 2042.8
1394690 2042.0
1394700 2042.0
1394710 2039.8
1394720 2037.6
1394730 2037.6
1394740 2035.8
1394750 2034.3
1394760 2034.3
1394770 2032.4
1394780 2030.4
1394790 2029.0
1394800 2029.0
1394810 2029.0
1394820 2029.1
1394830 2029.1
1394840 2028.4
1394850 2028.0
1394860 2028.0
1394870 2027.3
1394880 2026.3
1394890 2026.3
1394900 2024.8
1394910 2023.4
1394920 2023.4
1394930 2021.4
1394940 2019.0
1394950 2019.0
1394960 2016.6
1394970 2014.4
1394980 2011.8
1394990 2011.8
1395000 2008.4
1395010 2005.0
1395020 2005.0
1395030 2001.2
1395040 1998.3
1395050 1998.3
1395060 1995.5
1395070 1992.3
1395080 1992.3
1395090 1986.3
1395100 1977.6
1395110 1977.6
1395120 1971.8
1395130 1970.4
1395140 1970.4
1395150 1971.9
1395160 1974.0
1395170 1971.1
1395180 1971.1
1395190 1970.1
1395200 1969.1
1395210 1969.1
1395220 1966.5
1395230 1966.5
1395240 1966.5
1395250 1969.6
1395260 1969.7
1395270 1969.7
1395280 1967.2
1395290 1966.8
1395300 1966.8
1395310 1965.9
1395320 1965.0
1395330 1965.0
1395340 1964.6
1395350 1965.5
1395360 1965.9
1395370 1965.9
1395380 1964.9
1395390 1963.2
1395400 1963.2
1395410 1961.1
1395420 1959.7
1395430 1959.7
1395440 1960.9
1395450 1960.7
1395460 1960.7
1395470 1959.5
1395480 1956.2
1395490 1956.2
1395500 1952.7
1395510 1949.1
1395520 1949.1
1395530 1946.6
1395540 1944.4
1395550 1942.8
1395560 1936.1
1395570 1934.7
1395580 1933.0
1395590 1933.0
1395600 1929.8
1395610 1924.9
1395620 1924.9
1395630 1919.9
1395640 1916.9
1395650 1916.9
1395660 1913.0
1395670 1908.7
1395680 1908.7
1395690 1905.1
1395700 1899.8
1395710 1899.8
1395720 1895.0
1395730 1891.3
1395740 1885.9
1395750 1885.9
1395760 1880.3
1395770 1875.6
1395780 1875.6
1395790 1873.0
1395800 1873.1
1395810 1873.1
1395820 1874.1
1395830 1874.1
1395840 1874.1
1395850 1876.6
1395860 1882.1
1395870 1882.1
1395880 1885.3
1395890 1883.8
1395900 1883.8
1395910 1881.4
1395920 1878.9
1395930 1876.2
1395940 1876.2
1395950 1873.7
1395960 1870.5
1395970 1870.5
1395980 1866.4
1395990 1861.7
1396000 1861.7
1396010 1856.6
1396020 1851.7
1396030 1851.7
1396040 1847.2
1396050 1843.0
1396060 1843.0
1396070 1838.9
1396080 1834.5
1396090 1834.5
1396100 1830.0
1396110 1825.8
1396120 1825.8
1396130 1820.8
1396140 1815.2
1396150 1812.3
1396160 1812.3
1396170 1809.9
1396180 1806.7
1396190 1806.7
1396200 1804.1
1396210 1800.2
1396220 1800.2
1396230 1794.8
1396240 1789.2
1396250 1789.2
1396260 1784.2
1396270 1779.9
1396280 1779.9
1396290 1776.5
1396300 1773.0
1396310 1773.0
1396320 1768.8
1396330 1764.2
1396340 1760.3
1396350 1760.3
1396360 1757.4
1396370 1755.0
1396380 1755.0
1396390 1752.2
1396400 1748.4
1396410 1748.4
1396420 1744.4
1396430 1740.9
1396440 1740.9
1396450 1736.5
1396460 1731.4
1396470 1731.4
1396480 1727.3
1396490 1725.4
1396500 1725.4
1396510 1722.7
1396520 1719.5
1396530 1718.3
1396540 1718.3
1396550 1719.5
1396560 1719.1
1396570 1719.1
1396580 1718.3
1396590 1718.7
1396600 1718.7
1396610 1718.5
1396620 1717.5
1396630 1717.5
1396640 1716.7
1396650 1716.3
1396660 1716.3
1396670 1715.3
1396680 1714.1
1396690 1714.1
1396700 1712.9
1396710 1710.4
1396720 1707.4
1396730 1707.4
1396740 1706.5
1396750 1706.1
1396760 1706.1
1396770 1706.1
1396780 1706.6
1396790 1706.6
1396800 1705.9
1396810 1704.9
1396820 1704.9
1396830 1704.0
1396840 1702.9
1396850 1702.9
1396860 1702.7
1396870 1702.7
1396880 1702.7
1396890 1703.6
1396900 1707.2
1396910 1711.5
1396920 1711.5
1396930 1714.9
1396940 1716.5
1396950 1716.5
1396960 1716.7
1396970 1716.1
1396980 1716.1
1396990 1707.2
1397000 1708.7
1397010 1708.7
1397020 1710.5
1397030 1713.7
1397040 1713.7
1397050 1717.2
1397060 1719.9
1397070 1719.9
1397080 1722.4
1397090 1724.0
1397100 1724.7
1397110 1724.7
1397120 1725.1
1397130 1725.1
1397140 1725.1
1397150 1725.6
1397160 1726.4
1397170 1726.4
1397180 1728.0
1397190 1732.2
1397200 1732.2
1397210 1736.8
1397220 1740.9
1397230 1740.9
1397240 1742.8
1397250 1743.8
1397260 1743.8
1397270 1744.7
1397280 1744.8
1397290 1744.8
1397300 1745.0
1397310 1745.4
1397320 1746.9
1397330 1746.9
1397340 1749.3
1397350 1751.8
1397360 1751.8
1397370 1753.0
1397380 1754.2
1397390 1754.2
1397400 1754.6
1397410 1754.7
1397420 1754.7
1397430 1755.5
1397440 1756.7
1397450 1756.7
1397460 1758.3
1397470 1759.5
1397480 1759.5
1397490 1759.0
1397500 1757.9
1397510 1756.3
1397520 1756.3
1397530 1753.7
1397540 1749.5
1397550 1749.5
1397560 1744.0
1397570 1738.7
1397580 1738.7
1397590 1733.4
1397600 1727.6
1397610 1727.6
1397620 1722.2
1397630 1715.9
1397640 1715.9
1397650 1709.6
1397660 1703.4
1397670 1703.4
1397680 1697.4
1397690 1690.4
1397700 1683.4
1397710 1683.4
1397720 1678.6
1397730 1670.3
1397740 1670.3
1397750 1662.2
1397760 1651.6
1397770 1651.6
1397780 1631.0
1397790 1617.2
1397800 1617.2
1397810 1607.9
1397820 1599.0
1397830 1599.0
1397840 1588.0
1397850 1573.8
1397860 1573.8
1397870 1563.1
1397880 1554.4
1397890 1543.9
1397900 1543.9
1397910 1534.7
1397920 1524.5
1397930 1524.5
1397940 1514.7
1397950 1503.9
1397960 1503.9
1397970 1493.4
1397980 1484.5
1397990 1484.5
1398000 1475.0
1398010 1467.6
1398020 1467.6
1398030 1460.6
1398040 1453.6
1398050 1453.6
1398060 1446.1
1398070 1438.6
1398080 1430.8
1398090 1430.8
1398100 1423.4
1398110 1415.5
1398120 1415.5
1398130 1408.0
1398140 1400.9
1398150 1400.9
1398160 1394.1
1398170 1387.0
1398180 1387.0
1398190 1380.0
1398200 1372.3
1398210 1372.3
1398220 1364.7
1398230 1356.7
1398240 1356.7
1398250 1349.2
1398260 1342.2
1398270 1335.7
1398280 1335.7
1398290 1328.3
1398300 1321.1
1398310 1321.1
1398320 1313.9
1398330 1306.5
1398340 1306.5
1398350 1298.9
1398360 1291.3
1398370 1291.3
1398380 1283.2
1398390 1275.3
1398400 1275.3
1398410 1267.7
1398420 1260.0
1398430 1260.0
1398440 1254.5
1398450 1247.5
1398460 1240.8
1398470 1240.8
1398480 1233.4
1398490 1226.1
1398500 1226.1
1398510 1218.7
1398520 1211.4
1398530 1211.4
1398540 1204.4
1398550 1197.4
1398560 1197.4
1398570 1190.4
1398580 1184.4
1398590 1184.4
1398600 1179.2
1398610 1173.8
1398620 1173.8
1398630 1168.1
1398640 1162.1
1398650 1162.1
1398660 1156.2
1398670 1150.5
1398680 1144.4
1398690 1144.4
1398700 1138.6
1398710 1132.0
1398720 1132.0
1398730 1126.2
1398740 1121.0
1398750 1121.0
1398760 1115.5
1398770 1109.6
1398780 1109.6
1398790 1104.3
1398800 1098.2
1398810 1098.2
1398820 1092.7
1398830 1086.8
1398840 1086.8
1398850 1081.3
1398860 1075.6
1398870 1070.0
1398880 1070.0
1398890 1064.6
1398900 1059.1
1398910 1059.1
1398920 1053.6
1398930 1048.2
1398940 1048.2
1398950 1042.9
1398960 1037.9
1398970 1037.9
1398980 1033.0
1398990 1028.2
1399000 1028.2
1399010 1023.9
1399020 1019.4
1399030 1019.4
1399040 1015.2
1399050 1011.2
1399060 1006.9
1399070 1006.9
1399080 1002.0
1399090 997.4
1399100 997.4
1399110 992.9
1399120 987.4
1399130 987.4
1399140 981.2
1399150 974.9
1399160 974.9
1399170 967.7
1399180 960.6
1399190 960.6
1399200 952.8
1399210 948.1
1399220 948.1
1399230 944.1
1399240 942.1
1399250 939.3
1399260 939.3
1399270 936.3
1399280 933.3
1399290 933.3
1399300 927.0
1399310 919.9
1399320 919.9
1399330 915.0
1399340 915.5
1399350 915.5
1399360 916.4
1399370 912.3
1399380 912.3
1399390 908.7
1399400 901.6
1399410 901.6
1399420 885.2
1399430 862.4
1399440 847.1
1399450 847.1
1399460 840.7
1399470 835.7
1399480 835.7
1399490 832.1
1399500 827.1
1399510 827.1
1399520 823.9
1399530 823.1
1399540 823.1
1399550 822.7
1399560 822.8
1399570 822.8
1399580 822.9
1399590 822.7
1399600 822.7
1399610 821.5
1399620 820.7
1399630 819.9
1399640 819.9
1399650 819.2
1399660 819.3
1399670 819.3
1399680 819.3
1399690 819.2
1399700 819.2
1399710 819.1
1399720 819.1
1399730 819.1
1399740 819.0
1399750 818.7
1399760 818.7
1399770 818.6
1399780 818.3
1399790 818.3
1399800 817.0
1399810 814.3
1399820 814.3
1399830 813.7
1399840 813.6
1399850 814.2
1399860 814.2
1399870 816.4
1399880 817.8
1399890 817.8
1399900 817.4
1399910 817.2
1399920 817.2
1399930 817.7
1399940 817.8
1399950 817.8
1399960 817.8
1399970 818.6
1399980 818.6
1399990 822.9
1380000 2124.0
1380010 2116.8
1380020 2109.8
1380030 2109.8
1380040 2102.1
1380050 2094.9
1380060 2094.9
1380070 2089.6
1380080 2086.0
1380090 2086.0
1380100 2082.0
1380110 2074.9
1380120 2074.9
1380130 2071.6
1380140 2076.1
1380150 2076.1
1380160 2081.2
1380170 2084.1
1380180 2083.0
1380190 2083.0
1380200 2079.8
1380210 2076.4
1380220 2076.4
1380230 2074.0
1380240 2072.1
1380250 2072.1
1380260 2069.9
1380270 2065.7
1380280 2065.7
1380290 2061.0
1380300 2056.8
1380310 2056.8
1380320 2052.4
1380330 2047.6
1380340 2047.6
1380350 2043.3
1380360 2037.9
1380370 2031.8
1380380 2031.8
1380390 2025.2
1380400 2020.3
1380410 2020.3
1380420 2016.3
1380430 2013.0
1380440 2013.0
1380450 2008.9
1380460 2003.3
1380470 2003.3
1380480 1995.3
1380490 1990.4
1380500 1990.4
1380510 1994.0
1380520 1999.4
1380530 1999.4
1380540 2004.5
1380550 2011.4
1380560 2018.6
1380570 2018.6
1380580 2026.1
1380590 2031.7
1380600 2031.7
1380610 2031.7
1380620 2027.7
1380630 2027.7
1380640 2024.0
1380650 2020.3
1380660 2020.3
1380670 2024.9
1380680 2032.8
1380690 2032.8
1380700 2041.2
1380710 2047.9
1380720 2047.9
1380730 2052.4
1380740 2056.8
1380750 2060.5
1380760 2060.5
1380770 2064.1
1380780 2067.9
1380790 2067.9
1380800 2073.5
1380810 2080.0
1380820 2080.0
1380830 2087.3
1380840 2095.4
1380850 2095.4
1380860 2102.3
1380870 2106.4
1380880 2106.4
1380890 2108.4
1380900 2110.8
1380910 2110.8
1380920 2114.6
1380930 2119.7
1380940 2126.4
1380950 2126.4
1380960 2134.1
1380970 2139.4
1380980 2139.4
1380990 2142.8
1381000 2145.7
1381010 2145.7
1381020 2148.1
1381030 2150.9
1381040 2150.9
1381050 2153.5
1381060 2156.1
1381070 2156.1
1381080 2158.6
1381090 2161.1
1381100 2156.3
1381110 2159.7
1381120 2163.3
1381130 2163.3
1381140 2166.7
1381150 2170.2
1381160 2173.6
1381170 2173.6
1381180 2177.9
1381190 2181.7
1381200 2181.7
1381210 2186.6
1381220 2192.5
1381230 2192.5
1381240 2199.2
1381250 2206.0
1381260 2206.0
1381270 2212.0
1381280 2216.0
1381290 2216.0
1381300 2218.5
1381310 2220.3
1381320 2220.3
1381330 2221.8
1381340 2222.3
1381350 2221.2
1381360 2221.2
1381370 2219.4
1381380 2218.0
1381390 2218.0
1381400 2216.6
1381410 2214.8
1381420 2214.8
1381430 2213.5
1381440 2212.2
1381450 2212.2
1381460 2208.7
1381470 2203.3
1381480 2203.3
1381490 2198.9
1381500 2196.4
1381510 2196.4
1381520 2194.7
1381530 2190.5
1381540 2185.3
1381550 2185.3
1381560 2178.9
1381570 2173.4
1381580 2173.4
1381590 2166.3
1381600 2159.0
1381610 2159.0
1381620 2153.5
1381630 2148.8
1381640 2148.8
1381650 2146.2
1381660 2144.5
1381670 2144.5
1381680 2142.8
1381690 2141.2
1381700 2141.2
1381710 2139.1
1381720 2137.5
1381730 2136.7
1381740 2136.7
1381750 2134.7
1381760 2133.3
1381770 2133.3
1381780 2133.0
1381790 2132.5
1381800 2132.5
1381810 2132.5
1381820 2131.9
1381830 2131.9
1381840 2130.8
1381850 2129.4
1381860 2129.4
1381870 2127.1
1381880 2122.1
1381890 2122.1
1381900 2117.0
1381910 2112.6
1381920 2107.6
1381930 2107.6
1381940 2102.8
1381950 2098.6
1381960 2098.6
1381970 2096.3
1381980 2094.5
1381990 2094.5
1382000 2093.0
1382010 2092.2
1382020 2092.2
1382030 2092.1
1382040 2092.7
1382050 2092.7
1382060 2093.2
1382070 2093.3
1382080 2093.3
1382090 2093.6
1382100 2094.0
1382110 2094.4
1382120 2094.4
1382130 2095.1
1382140 2096.3
1382150 2096.3
1382160 2096.8
1382170 2097.5
1382180 2097.5
1382190 2098.5
1382200 2099.6
1382210 2099.6
1382220 2100.8
1382230 2102.6
1382240 2102.6
1382250 2104.3
1382260 2107.8
1382270 2107.8
1382280 2112.0
1382290 2115.1
1382300 2115.1
1382310 2115.4
1382320 2114.9
1382330 2111.0
1382340 2111.0
1382350 2110.2
1382360 2109.7
1382370 2109.7
1382380 2108.6
1382390 2108.5
1382400 2108.5
1382410 2107.5
1382420 2103.4
1382430 2103.4
1382440 2100.4
1382450 2097.8
1382460 2097.8
1382470 2094.4
1382480 2091.4
1382490 2091.4
1382500 2090.8
1382510 2092.9
1382520 2094.8
1382530 2094.8
1382540 2093.4
1382550 2088.7
1382560 2088.7
1382570 2084.2
1382580 2081.4
1382590 2081.4
1382600 2080.1
1382610 2078.8
1382620 2078.8
1382630 2076.7
1382640 2074.6
1382650 2074.6
1382660 2072.7
1382670 2072.2
1382680 2072.2
1382690 2072.4
1382700 2072.4
1382710 2073.1
1382720 2073.1
1382730 2073.8
1382740 2074.5
1382750 2074.5
1382760 2074.9
1382770 2074.8
1382780 2074.8
1382790 2074.8
1382800 2075.3
1382810 2075.3
1382820 2074.9
1382830 2073.7
1382840 2073.7
1382850 2073.4
1382860 2069.4
1382870 2069.4
1382880 2064.0
1382890 2060.3
1382900 2055.9
1382910 2055.9
1382920 2052.8
1382930 2051.1
1382940 2051.1
1382950 2050.4
1382960 2050.0
1382970 2050.0
1382980 2048.8
1382990 2047.7
1383000 2047.7
1383010 2043.8
1383020 2039.5
1383030 2039.5
1383040 2038.8
1383050 2037.2
1383060 2037.2
1383070 2035.0
1383080 2032.4
1383090 2029.9
1383100 2029.9
1383110 2027.8
1383120 2026.0
1383130 2026.0
1383140 2024.3
1383150 2022.8
1383160 2022.8
1383170 2020.9
1383180 2018.7
1383190 2018.7
1383200 2016.8
1383210 2015.1
1383220 2015.1
1383230 2013.2
1383240 2011.2
1383250 2011.2
1383260 2009.0
1383270 2007.0
1383280 2005.3
1383290 2005.3
1383300 2003.3
1383310 2001.3
1383320 2001.3
1383330 1998.6
1383340 1996.5
1383350 1996.5
1383360 1993.9
1383370 1990.4
1383380 1990.4
1383390 1986.9
1383400 1984.0
1383410 1984.0
1383420 1981.7
1383430 1980.0
1383440 1980.0
1383450 1977.5
1383460 1973.4
1383470 1973.4
1383480 1965.2
1383490 1955.5
1383500 1948.6
1383510 1948.6
1383520 1940.6
1383530 1932.0
1383540 1932.0
1383550 1925.7
1383560 1930.2
1383570 1917.6
1383580 1923.7
1383590 1924.0
1383600 1924.0
1383610 1923.6
1383620 1923.7
1383630 1923.7
1383640 1921.8
1383650 1917.7
1383660 1917.7
1383670 1914.2
1383680 1910.8
1383690 1905.2
1383700 1905.2
1383710 1898.6
1383720 1890.7
1383730 1890.7
1383740 1883.8
1383750 1878.7
1383760 1878.7
1383770 1877.8
1383780 1880.4
1383790 1880.4
1383800 1881.1
1383810 1880.7
1383820 1880.7
1383830 1881.2
1383840 1881.1
1383850 1881.1
1383860 1879.3
1383870 1879.4
1383880 1879.7
1383890 1879.7
1383900 1879.8
1383910 1880.7
1383920 1880.7
1383930 1881.0
1383940 1880.4
1383950 1880.4
1383960 1877.9
1383970 1871.9
1383980 1871.9
1383990 1866.0
1384000 1869.2
1384010 1869.2
1384020 1868.4
1384030 1866.3
1384040 1866.3
1384050 1865.0
1384060 1861.7
1384070 1853.5
1384080 1853.5
1384090 1850.2
1384100 1856.8
1384110 1856.8
1384120 1856.8
1384130 1854.7
1384140 1854.7
1384150 1851.3
1384160 1845.1
1384170 1845.1
1384180 1844.7
1384190 1852.5
1384200 1852.5
1384210 1863.6
1384220 1872.0
1384230 1872.0
1384240 1877.6
1384250 1881.4
1384260 1884.5
1384270 1884.5
1384280 1887.7
1384290 1890.8
1384300 1890.8
1384310 1894.1
1384320 1897.1
1384330 1897.1
1384340 1900.4
1384350 1905.2
1384360 1905.2
1384370 1911.6
1384380 1917.4
1384390 1917.4
1384400 1920.2
1384410 1923.5
1384420 1923.5
1384430 1927.6
1384440 1930.8
1384450 1933.6
1384460 1933.6
1384470 1937.8
1384480 1942.3
1384490 1942.3
1384500 1946.6
1384510 1950.9
1384520 1950.9
1384530 1954.9
1384540 1958.4
1384550 1958.4
1384560 1961.6
1384570 1964.9
1384580 1964.9
1384590 1968.5
1384600 1972.0
1384610 1972.0
1384620 1974.9
1384630 1977.2
1384640 1977.2
1384650 1979.4
1384660 1981.6
1384670 1983.9
1384680 1983.9
1384690 1986.4
1384700 1988.5
1384710 1988.5
1384720 1990.0
1384730 1991.2
1384740 1991.2
1384750 1991.8
1384760 1991.5
1384770 1991.5
1384780 1990.6
1384790 1989.3
1384800 1989.3
1384810 1988.1
1384820 1987.2
1384830 1983.0
1384840 1981.5
1384850 1979.2
1384860 1976.9
1384870 1976.9
1384880 1974.4
1384890 1971.4
1384900 1971.4
1384910 1968.1
1384920 1962.7
1384930 1962.7
1384940 1957.5
1384950 1952.8
1384960 1952.8
1384970 1948.5
1384980 1944.7
1384990 1944.7
1385000 1941.4
1385010 1939.0
1385020 1939.0
1385030 1936.2
1385040 1931.8
1385050 1928.3
1385060 1928.3
1385070 1927.0
1385080 1924.8
1385090 1924.8
1385100 1922.5
1385110 1922.1
1385120 1922.1
1385130 1924.6
1385140 1923.7
1385150 1923.7
1385160 1921.9
1385170 1920.6
1385180 1920.6
1385190 1918.4
1385200 1915.8
1385210 1915.8
1385220 1913.7
1385230 1912.1
1385240 1911.3
1385250 1911.3
1385260 1910.9
1385270 1909.8
1385280 1909.8
1385290 1909.5
1385300 1909.7
1385310 1909.7
1385320 1908.2
1385330 1904.3
1385340 1904.3
1385350 1898.0
1385360 1892.1
1385370 1892.1
1385380 1887.5
1385390 1884.7
1385400 1884.7
1385410 1883.2
1385420 1881.5
1385430 1880.1
1385440 1880.1
1385450 1878.5
1385460 1871.0
1385470 1871.0
1385480 1856.3
1385490 1844.6
1385500 1844.6
1385510 1835.9
1385520 1827.1
1385530 1827.1
1385540 1819.1
1385550 1816.8
1385560 1816.8
1385570 1813.5
1385580 1812.3
1385590 1812.3
1385600 1811.8
1385610 1811.8
1385620 1815.6
1385630 1815.6
1385640 1819.9
1385650 1825.8
1385660 1825.8
1385670 1832.0
1385680 1836.5
1385690 1836.5
1385700 1838.6
1385710 1840.1
1385720 1840.1
1385730 1842.0
1385740 1844.2
1385750 1844.2
1385760 1846.6
1385770 1849.3
1385780 1849.3
1385790 1851.5
1385800 1853.2
1385810 1854.6
1385820 1854.6
1385830 1856.9
1385840 1858.0
1385850 1858.0
1385860 1859.5
1385870 1861.5
1385880 1861.5
1385890 1863.2
1385900 1864.8
1385910 1864.8
1385920 1868.5
1385930 1872.3
1385940 1872.3
1385950 1875.8
1385960 1878.7
1385970 1878.7
1385980 1881.7
1385990 1884.5
1386000 1884.5
1386010 1889.0
1386020 1892.1
1386030 1892.9
1386040 1892.9
1386050 1893.7
1386060 1897.1
1386070 1897.1
1386080 1901.6
1386090 1904.7
1386100 1904.7
1386110 1904.2
1386120 1904.4
1386130 1904.4
1386140 1904.2
1386150 1901.6
1386160 1901.6
1386170 1899.1
1386180 1897.3
1386190 1897.3
1386200 1895.0
1386210 1892.8
1386220 1890.3
1386230 1890.3
1386240 1887.3
1386250 1885.2
1386260 1885.2
1386270 1882.0
1386280 1878.3
1386290 1878.3
1386300 1875.0
1386310 1872.1
1386320 1872.1
1386330 1870.1
1386340 1868.6
1386350 1868.6
1386360 1866.6
1386370 1866.2
1386380 1866.2
1386390 1866.2
1386400 1865.7
1386410 1865.7
1386420 1865.7
1386430 1865.2
1386440 1863.3
1386450 1863.3
1386460 1860.6
1386470 1857.7
1386480 1857.7
1386490 1855.6
1386500 1854.0
1386510 1854.0
1386520 1851.4
1386530 1846.8
1386540 1846.8
1386550 1841.2
1386560 1833.1
1386570 1833.1
1386580 1819.2
1386590 1805.2
1386600 1796.7
1386610 1796.7
1386620 1794.2
1386630 1793.6
1386640 1793.6
1386650 1789.8
1386660 1782.0
1386670 1782.0
1386680 1769.3
1386690 1759.7
1386700 1759.7
1386710 1751.1
1386720 1741.4
1386730 1741.4
1386740 1728.4
1386750 1717.7
1386760 1717.7
1386770 1711.7
1386780 1715.1
1386790 1716.2
1386800 1716.2
1386810 1721.9
1386820 1730.7
1386830 1730.7
1386840 1740.3
1386850 1751.0
1386860 1751.0
1386870 1761.0
1386880 1770.5
1386890 1770.5
1386900 1779.5
1386910 1783.8
1386920 1783.8
1386930 1785.3
1386940 1786.1
1386950 1786.1
1386960 1785.5
1386970 1784.7
1386980 1783.4
1386990 1783.4
1387000 1782.2
1387010 1781.8
1387020 1781.8
1387030 1783.6
1387040 1786.1
1387050 1786.1
1387060 1788.7
1387070 1791.0
1387080 1791.0
1387090 1792.0
1387100 1793.9
1387110 1793.9
1387120 1797.7
1387130 1801.7
1387140 1801.7
1387150 1804.5
1387160 1807.4
1387170 1807.4
1387180 1808.3
1387190 1809.0
1387200 1810.5
1387210 1810.5
1387220 1811.9
1387230 1813.1
1387240 1813.1
1387250 1814.7
1387260 1816.9
1387270 1816.9
1387280 1819.2
1387290 1820.8
1387300 1820.8
1387310 1822.1
1387320 1824.7
1387330 1824.7
1387340 1825.3
1387350 1826.4
1387360 1826.4
1387370 1827.5
1387380 1827.4
1387390 1826.1
1387400 1821.2
1387410 1820.5
1387420 1818.4
1387430 1818.4
1387440 1816.9
1387450 1815.9
1387460 1815.9
1387470 1814.9
1387480 1813.5
1387490 1813.5
1387500 1812.6
1387510 1812.8
1387520 1812.8
1387530 1812.4
1387540 1810.9
1387550 1810.9
1387560 1810.0
1387570 1809.0
1387580 1806.4
1387590 1806.4
1387600 1803.6
1387610 1802.3
1387620 1802.3
1387630 1802.1
1387640 1803.4
1387650 1803.4
1387660 1806.3
1387670 1808.4
1387680 1808.4
1387690 1807.4
1387700 1803.7
1387710 1803.7
1387720 1800.0
1387730 1796.0
1387740 1796.0
1387750 1792.8
1387760 1790.8
1387770 1790.0
1387780 1790.0
1387790 1789.6
1387800 1788.4
1387810 1788.4
1387820 1786.2
1387830 1783.7
1387840 1783.7
1387850 1782.8
1387860 1783.2
1387870 1783.2
1387880 1784.7
1387890 1788.5
1387900 1788.5
1387910 1788.4
1387920 1788.2
1387930 1788.2
1387940 1789.6
1387950 1789.2
1387960 1784.8
1387970 1784.8
1387980 1781.9
1387990 1782.1
1388000 1782.1
1388010 1781.5
1388020 1780.8
1388030 1780.8
1388040 1779.9
1388050 1779.1
1388060 1779.1
1388070 1775.9
1388080 1772.7
1388090 1772.7
1388100 1771.2
1388110 1772.0
1388120 1772.0
1388130 1773.2
1388140 1773.0
1388150 1770.7
1388160 1770.7
1388170 1764.5
1388180 1753.0
1388190 1753.0
1388200 1740.6
1388210 1728.0
1388220 1728.0
1388230 1722.3
1388240 1722.6
1388250 1722.6
1388260 1725.7
1388270 1724.7
1388280 1724.7
1388290 1714.6
1388300 1702.4
1388310 1702.4
1388320 1690.5
1388330 1679.0
1388340 1670.1
1388350 1670.1
1388360 1677.0
1388370 1686.5
1388380 1686.5
1388390 1697.2
1388400 1705.6
1388410 1705.6
1388420 1710.9
1388430 1714.6
1388440 1714.6
1388450 1716.1
1388460 1718.0
1388470 1718.0
1388480 1717.5
1388490 1712.5
1388500 1712.5
1388510 1709.3
1388520 1712.5
1388530 1712.5
1388540 1713.0
1388550 1714.1
1388560 1718.0
1388570 1718.0
1388580 1721.6
1388590 1717.2
1388600 1717.2
1388610 1711.2
1388620 1719.3
1388630 1719.3
1388640 1735.4
1388650 1743.7
1388660 1743.7
1388670 1745.1
1388680 1752.1
1388690 1752.1
1388700 1770.8
1388710 1782.2
1388720 1782.2
1388730 1792.2
1388740 1802.0
1388750 1810.6
1388760 1810.6
1388770 1819.6
1388780 1827.3
1388790 1827.3
1388800 1833.0
1388810 1837.6
1388820 1837.6
1388830 1843.4
1388840 1853.4
1388850 1853.4
1388860 1864.5
1388870 1874.9
1388880 1874.9
1388890 1882.2
1388900 1888.2
1388910 1888.2
1388920 1895.8
1388930 1902.3
1388940 1907.0
1388950 1907.0
1388960 1910.8
1388970 1913.8
1388980 1913.8
1388990 1916.8
1389000 1919.6
1389010 1919.6
1389020 1921.1
1389030 1922.3
1389040 1922.3
1389050 1923.5
1389060 1926.3
1389070 1926.3
1389080 1926.6
1389090 1926.6
1389100 1926.6
1389110 1926.7
1389120 1923.3
1389130 1920.4
1389140 1920.4
1389150 1918.2
1389160 1917.5
1389170 1917.5
1389180 1917.0
1389190 1916.4
1389200 1916.4
1389210 1915.7
1389220 1915.3
1389230 1915.3
1389240 1915.0
1389250 1915.9
1389260 1915.9
1389270 1918.8
1389280 1921.9
1389290 1921.9
1389300 1924.5
1389310 1925.8
1389320 1926.8
1389330 1926.8
1389340 1927.3
1389350 1928.6
1389360 1928.6
1389370 1929.7
1389380 1931.1
1389390 1931.1
1389400 1931.8
1389410 1931.9
1389420 1931.9
1389430 1932.0
1389440 1932.2
1389450 1932.2
1389460 1934.2
1389470 1934.3
1389480 1934.3
1389490 1934.4
1389500 1936.6
1389510 1939.7
1389520 1939.7
1389530 1940.9
1389540 1942.4
1389550 1942.4
1389560 1943.4
1389570 1944.0
1389580 1944.0
1389590 1944.7
1389600 1945.6
1389610 1945.6
1389620 1947.0
1389630 1948.0
1389640 1948.0
1389650 1948.1
1389660 1947.4
1389670 1947.4
1389680 1946.1
1389690 1944.6
1389700 1944.6
1389710 1942.1
1389720 1940.3
1389730 1939.5
1389740 1939.5
1389750 1938.4
1389760 1938.3
1389770 1938.3
1389780 1938.7
1389790 1941.0
1389800 1941.0
1389810 1942.1
1389820 1941.2
1389830 1941.2
1389840 1941.7
1389850 1940.3
1389860 1940.3
1389870 1941.8
1389880 1942.9
1389890 1942.9
1389900 1944.5
1389910 1945.0
1389920 1944.5
1389930 1944.5
1389940 1947.2
1389950 1953.1
1389960 1953.1
1389970 1959.9
1389980 1963.4
1389990 1963.4
1390000 1964.0
1390010 1965.8
1390020 1965.8
1390030 1968.6
1390040 1966.0
1390050 1966.0
1390060 1967.7
1390070 1968.8
1390080 1968.8
1390090 1970.0
1390100 1971.0
1390110 1967.4
1390120 1967.4
1390130 1957.8
1390140 1946.8
1390150 1946.8
1390160 1945.1
1390170 1955.6
1390180 1955.6
1390190 1957.0
1390200 1959.3
1390210 1959.3
1390220 1966.4
1390230 1972.0
1390240 1972.0
1390250 1974.1
1390260 1972.2
1390270 1972.2
1390280 1971.1
1390290 1971.6
1390300 1972.4
1390310 1972.4
1390320 1972.8
1390330 1972.6
1390340 1972.6
1390350 1973.6
1390360 1974.9
1390370 1974.9
1390380 1975.4
1390390 1974.3
1390400 1974.3
1390410 1973.1
1390420 1975.1
1390430 1975.1
1390440 1978.2
1390450 1980.8
1390460 1980.8
1390470 1983.0
1390480 1986.4
1390490 1990.1
1390500 1990.1
1390510 1990.4
1390520 1989.7
1390530 1989.7
1390540 1987.8
1390550 1982.9
1390560 1982.9
1390570 1981.5
1390580 1987.2
1390590 1987.2
1390600 1990.0
1390610 1991.9
1390620 1991.9
1390630 1996.5
1390640 2004.1
1390650 2004.1
1390660 2011.4
1390670 2018.5
1390680 2024.9
1390690 2024.9
1390700 2030.2
1390710 2033.5
1390720 2033.5
1390730 2035.0
1390740 2035.4
1390750 2035.4
1390760 2034.3
1390770 2032.7
1390780 2032.7
1390790 2030.6
1390800 2028.6
1390810 2028.6
1390820 2027.2
1390830 2025.8
1390840 2025.8
1390850 2024.5
1390860 2023.2
1390870 2021.1
1390880 2021.1
1390890 2020.3
1390900 2022.6
1390910 2022.6
1390920 2026.0
1390930 2028.7
1390940 2028.7
1390950 2032.1
1390960 2036.1
1390970 2036.1
1390980 2041.2
1390990 2045.9
1391000 2045.9
1391010 2049.4
1391020 2051.6
1391030 2051.6
1391040 2051.6
1391050 2051.8
1391060 2051.8
1391070 2051.5
1391080 2049.6
1391090 2047.6
1391100 2047.6
1391110 2045.9
1391120 2044.6
1391130 2044.6
1391140 2044.2
1391150 2044.7
1391160 2044.7
1391170 2044.7
1391180 2044.4
1391190 2044.4
1391200 2044.7
1391210 2045.1
1391220 2045.1
1391230 2045.8
1391240 2043.8
1391250 2043.8
1391260 2041.1
1391270 2040.1
1391280 2040.0
1391290 2040.0
1391300 2040.2
1391310 2041.9
1391320 2041.9
1391330 2047.0
1391340 2048.9
1391350 2048.9
1391360 2046.3
1391370 2044.6
1391380 2044.6
1391390 2033.6
1391400 2030.7
1391410 2030.7
1391420 2028.7
1391430 2026.5
1391440 2026.5
1391450 2024.7
1391460 2023.0
1391470 2019.5
1391480 2019.5
1391490 2015.4
1391500 2012.7
1391510 2012.7
1391520 2008.0
1391530 2004.4
1391540 2004.4
1391550 2003.8
1391560 2004.2
1391570 2004.2
1391580 2004.7
1391590 2007.0
1391600 2007.0
1391610 2007.6
1391620 2005.4
1391630 2005.4
1391640 2000.0
1391650 2004.8
1391660 2012.1
1391670 2012.1
1391680 2019.1
1391690 2020.6
1391700 2020.6
1391710 2020.4
1391720 2019.1
1391730 2019.1
1391740 2016.8
1391750 2014.6
1391760 2014.6
1391770 2013.4
1391780 2013.9
1391790 2013.9
1391800 2015.2
1391810 2014.6
1391820 2014.6
1391830 2014.0
1391840 2012.4
1391850 2014.1
1391860 2014.1
1391870 2022.1
1391880 2029.9
1391890 2029.9
1391900 2038.6
1391910 2050.0
1391920 2050.0
1391930 2059.1
1391940 2068.9
1391950 2068.9
1391960 2080.7
1391970 2088.9
1391980 2088.9
1391990 2093.2
1392000 2093.8
1392010 2093.8
1392020 2093.0
1392030 2091.5
1392040 2091.4
1392050 2091.4
1392060 2090.5
1392070 2088.4
1392080 2088.4
1392090 2080.1
1392100 2069.9
1392110 2069.9
1392120 2067.1
1392130 2069.5
1392140 2069.5
1392150 2075.9
1392160 2080.7
1392170 2080.7
1392180 2084.2
1392190 2083.4
1392200 2083.4
1392210 2082.3
1392220 2082.2
1392230 2082.2
1392240 2082.8
1392250 2082.2
1392260 2080.4
1392270 2080.4
1392280 2079.3
1392290 2078.3
1392300 2078.3
1392310 2076.4
1392320 2073.3
1392330 2073.3
1392340 2069.0
1392350 2063.8
1392360 2063.8
1392370 2058.0
1392380 2052.5
1392390 2052.5
1392400 2044.4
1392410 2035.3
1392420 2035.3
1392430 2026.2
1392440 2019.7
1392450 2018.6
1392460 2018.6
1392470 2018.2
1392480 2018.5
1392490 2018.5
1392500 2018.8
1392510 2015.6
1392520 2015.6
1392530 2010.6
1392540 2008.3
1392550 2008.3
1392560 2004.6
1392570 1999.7
1392580 1999.7
1392590 1995.0
1392600 1989.9
1392610 1989.9
1392620 1986.2
1392630 1982.7
1392640 1978.9
1392650 1978.9
1392660 1975.5
1392670 1974.3
1392680 1974.3
1392690 1974.3
1392700 1974.3
1392710 1974.3
1392720 1973.9
1392730 1972.8
1392740 1972.8
1392750 1970.6
1392760 1961.9
1392770 1961.9
1392780 1956.9
1392790 1952.5
1392800 1952.5
1392810 1948.1
1392820 1943.6
1392830 1941.3
1392840 1941.3
1392850 1939.3
1392860 1935.8
1392870 1935.8
1392880 1935.3
1392890 1935.1
1392900 1935.1
1392910 1934.5
1392920 1933.8
1392930 1933.8
1392940 1933.0
1392950 1931.2
1392960 1931.2
1392970 1928.6
1392980 1924.2
1392990 1924.2
1393000 1918.9
1393010 1912.0
1393020 1905.7
1393030 1905.7
1393040 1899.9
1393050 1893.9
1393060 1893.9
1393070 1887.6
1393080 1888.6
1393090 1888.6
1393100 1894.4
1393110 1901.2
1393120 1901.2
1393130 1912.3
1393140 1923.8
1393150 1923.8
1393160 1927.8
1393170 1933.7
1393180 1933.7
1393190 1938.8
1393200 1942.8
1393210 1944.9
1393220 1944.9
1393230 1948.0
1393240 1952.0
1393250 1952.0
1393260 1953.6
1393270 1953.1
1393280 1953.1
1393290 1953.6
1393300 1954.8
1393310 1954.8
1393320 1954.8
1393330 1954.9
1393340 1954.9
1393350 1956.3
1393360 1959.0
1393370 1959.0
1393380 1960.8
1393390 1962.1
1393400 1963.2
1393410 1963.2
1393420 1964.6
1393430 1964.6
1393440 1964.6
1393450 1967.9
1393460 1969.3
1393470 1969.3
1393480 1969.6
1393490 1969.3
1393500 1969.3
1393510 1969.1
1393520 1968.1
1393530 1968.1
1393540 1965.3
1393550 1962.7
1393560 1962.7
1393570 1961.6
1393580 1958.8
1393590 1958.8
1393600 1958.0
1393610 1954.7
1393620 1949.0
1393630 1949.0
1393640 1944.4
1393650 1938.6
1393660 1938.6
1393670 1929.9
1393680 1919.9
1393690 1919.9
1393700 1912.1
1393710 1909.6
1393720 1909.6
1393730 1915.1
1393740 1919.8
1393750 1919.8
1393760 1925.3
1393770 1930.7
1393780 1930.7
1393790 1935.6
1393800 1938.6
1393810 1939.7
1393820 1939.7
1393830 1940.1
1393840 1943.5
1393850 1943.5
1393860 1947.0
1393870 1949.2
1393880 1949.2
1393890 1952.7
1393900 1956.7
1393910 1956.7
1393920 1959.9
1393930 1963.3
1393940 1963.3
1393950 1966.8
1393960 1972.5
1393970 1972.5
1393980 1979.7
1393990 1985.4
1394000 1990.6
1394010 1990.6
1394020 1994.4
1394030 1998.9
1394040 1998.9
1394050 2003.2
1394060 2008.1
1394070 2008.1
1394080 2012.9
1394090 2015.4
1394100 2015.4
1394110 2016.5
1394120 2018.6
1394130 2018.6
1394140 2020.8
1394150 2018.2
1394160 2018.2
1394170 2019.8
1394180 2020.1
1394190 2020.0
1394200 2020.0
1394210 2020.1
1394220 2021.1
1394230 2021.1
1394240 2022.1
1394250 2022.2
1394260 2022.2
1394270 2021.7
1394280 2021.3
1394290 2021.3
1394300 2021.7
1394310 2022.0
1394320 2022.0
1394330 2023.3
1394340 2024.8
1394350 2024.8
1394360 2026.0
1394370 2026.2
1394380 2027.6
1394390 2027.6
1394400 2030.5
1394410 2033.7
1394420 2033.7
1394430 2033.5
1394440 2034.2
1394450 2034.2
1394460 2036.3
1394470 2037.0
1394480 2037.0
1394490 2037.4
1394500 2038.7
1394510 2038.7
1394520 2038.2
1394530 2036.8
1394540 2036.8
1394550 2036.8
1394560 2036.4
1394570 2036.6
1394580 2036.6
1394590 2036.4
1394600 2037.1
1394610 2037.1
1394620 2039.6
1394630 2041.7
1394640 2041.7
1394650 2041.9
1394660 2042.7
1394670 2042.7
1394680 2042.8
1394690 2042.0
1394700 2042.0
1394710 2039.8
1394720 2037.6
1394730 2037.6
1394740 2035.8
1394750 2034.3
1394760 2034.3
1394770 2032.4
1394780 2030.4
1394790 2029.0
1394800 2029.0
1394810 2029.0
1394820 2029.1
1394830 2029.1
1394840 2028.4
1394850 2028.0
1394860 2028.0
1394870 2027.3
1394880 2026.3
1394890 2026.3
1394900 2024.8
1394910 2023.4
1394920 2023.4
1394930 2021.4
1394940 2019.0
1394950 2019.0
1394960 2016.6
1394970 2014.4
1394980 2011.8
1394990 2011.8
1395000 2008.4
1395010 2005.0
1395020 2005.0
1395030 2001.2
1395040 1998.3
1395050 1998.3
1395060 1995.5
1395070 1992.3
1395080 1992.3
1395090 1986.3
1395100 1977.6
1395110 1977.6
1395120 1971.8
1395130 1970.4
1395140 1970.4
1395150 1971.9
1395160 1974.0
1395170 1971.1
1395180 1971.1
1395190 1970.1
1395200 1969.1
1395210 1969.1
1395220 1966.5
1395230 1966.5
1395240 1966.5
1395250 1969.6
1395260 1969.7
1395270 1969.7
1395280 1967.2
1395290 1966.8
1395300 1966.8
1395310 1965.9
1395320 1965.0
1395330 1965.0
1395340 1964.6
1395350 1965.5
1395360 1965.9
1395370 1965.9
1395380 1964.9
1395390 1963.2
1395400 1963.2
1395410 1961.1
1395420 1959.7
1395430 1959.7
1395440 1960.9
1395450 1960.7
1395460 1960.7
1395470 1959.5
1395480 1956.2
1395490 1956.2
1395500 1952.7
1395510 1949.1
1395520 1949.1
1395530 1946.6
1395540 1944.4
1395550 1942.8
1395560 1936.1
1395570 1934.7
1395580 1933.0
1395590 1933.0
1395600 1929.8
1395610 1924.9
1395620 1924.9
1395630 1919.9
1395640 1916.9
1395650 1916.9
1395660 1913.0
1395670 1908.7
1395680 1908.7
1395690 1905.1
1395700 1899.8
1395710 1899.8
1395720 1895.0
1395730 1891.3
1395740 1885.9
1395750 1885.9
1395760 1880.3
1395770 1875.6
1395780 1875.6
1395790 1873.0
1395800 1873.1
1395810 1873.1
1395820 1874.1
1395830 1874.1
1395840 1874.1
1395850 1876.6
1395860 1882.1
1395870 1882.1
1395880 1885.3
1395890 1883.8
1395900 1883.8
1395910 1881.4
1395920 1878.9
1395930 1876.2
1395940 1876.2
1395950 1873.7
1395960 1870.5
1395970 1870.5
1395980 1866.4
1395990 1861.7
1396000 1861.7
1396010 1856.6
1396020 1851.7
1396030 1851.7
1396040 1847.2
1396050 1843.0
1396060 1843.0
1396070 1838.9
1396080 1834.5
1396090 1834.5
1396100 1830.0
1396110 1825.8
1396120 1825.8
1396130 1820.8
1396140 1815.2
1396150 1812.3
1396160 1812.3
1396170 1809.9
1396180 1806.7
1396190 1806.7
1396200 1804.1
1396210 1800.2
1396220 1800.2
1396230 1794.8
1396240 1789.2
1396250 1789.2
1396260 1784.2
1396270 1779.9
1396280 1779.9
1396290 1776.5
1396300 1773.0
1396310 1773.0
1396320 1768.8
1396330 1764.2
1396340 1760.3
1396350 1760.3
1396360 1757.4
1396370 1755.0
1396380 1755.0
1396390 1752.2
1396400 1748.4
1396410 1748.4
1396420 1744.4
1396430 1740.9
1396440 1740.9
1396450 1736.5
1396460 1731.4
1396470 1731.4
1396480 1727.3
1396490 1725.4
1396500 1725.4
1396510 1722.7
1396520 1719.5
1396530 1718.3
1396540 1718.3
1396550 1719.5
1396560 1719.1
1396570 1719.1
1396580 1718.3
1396590 1718.7
1396600 1718.7
1396610 1718.5
1396620 1717.5
1396630 1717.5
1396640 1716.7
1396650 1716.3
1396660 1716.3
1396670 1715.3
1396680 1714.1
1396690 1714.1
1396700 1712.9
1396710 1710.4
1396720 1707.4
1396730 1707.4
1396740 1706.5
1396750 1706.1
1396760 1706.1
1396770 1706.1
1396780 1706.6
1396790 1706.6
1396800 1705.9
1396810 1704.9
1396820 1704.9
1396830 1704.0
1396840 1702.9
1396850 1702.9
1396860 1702.7
1396870 1702.7
1396880 1702.7
1396890 1703.6
1396900 1707.2
1396910 1711.5
1396920 1711.5
1396930 1714.9
1396940 1716.5
1396950 1716.5
1396960 1716.7
1396970 1716.1
1396980 1716.1
1396990 1707.2
1397000 1708.7
1397010 1708.7
1397020 1710.5
1397030 1713.7
1397040 1713.7
1397050 1717.2
1397060 1719.9
1397070 1719.9
1397080 1722.4
1397090 1724.0
1397100 1724.7
1397110 1724.7
1397120 1725.1
1397130 1725.1
1397140 1725.1
1397150 1725.6
1397160 1726.4
1397170 1726.4
1397180 1728.0
1397190 1732.2
1397200 1732.2
1397210 1736.8
1397220 1740.9
1397230 1740.9
1397240 1742.8
1397250 1743.8
1397260 1743.8
1397270 1744.7
1397280 1744.8
1397290 1744.8
1397300 1745.0
1397310 1745.4
1397320 1746.9
1397330 1746.9
1397340 1749.3
1397350 1751.8
1397360 1751.8
1397370 1753.0
1397380 1754.2
1397390 1754.2
1397400 1754.6
1397410 1754.7
1397420 1754.7
1397430 1755.5
1397440 1756.7
1397450 1756.7
1397460 1758.3
1397470 1759.5
1397480 1759.5
1397490 1759.0
1397500 1757.9
1397510 1756.3
1397520 1756.3
1397530 1753.7
1397540 1749.5
1397550 1749.5
1397560 1744.0
1397570 1738.7
1397580 1738.7
1397590 1733.4
1397600 1727.6
1397610 1727.6
1397620 1722.2
1397630 1715.9
1397640 1715.9
1397650 1709.6
1397660 1703.4
1397670 1703.4
1397680 1697.4
1397690 1690.4
1397700 1683.4
1397710 1683.4
1397720 1678.6
1397730 1670.3
1397740 1670.3
1397750 1662.2
1397760 1651.6
1397770 1651.6
1397780 1631.0
1397790 1617.2
1397800 1617.2
1397810 1607.9
1397820 1599.0
1397830 1599.0
1397840 1588.0
1397850 1573.8
1397860 1573.8
1397870 1563.1
1397880 1554.4
1397890 1543.9
1397900 1543.9
1397910 1534.7
1397920 1524.5
1397930 1524.5
1397940 1514.7
1397950 1503.9
1397960 1503.9
1397970 1493.4
1397980 1484.5
1397990 1484.5
1398000 1475.0
1398010 1467.6
1398020 1467.6
1398030 1460.6
1398040 1453.6
1398050 1453.6
1398060 1446.1
1398070 1438.6
1398080 1430.8
1398090 1430.8
1398100 1423.4
1398110 1415.5
1398120 1415.5
1398130 1408.0
1398140 1400.9
1398150 1400.9
1398160 1394.1
1398170 1387.0
1398180 1387.0
1398190 1380.0
1398200 1372.3
1398210 1372.3
1398220 1364.7
1398230 1356.7
1398240 1356.7
1398250 1349.2
1398260 1342.2
1398270 1335.7
1398280 1335.7
1398290 1328.3
1398300 1321.1
1398310 1321.1
1398320 1313.9
1398330 1306.5
1398340 1306.5
1398350 1298.9
1398360 1291.3
1398370 1291.3
1398380 1283.2
1398390 1275.3
1398400 1275.3
1398410 1267.7
1398420 1260.0
1398430 1260.0
1398440 1254.5
1398450 1247.5
1398460 1240.8
1398470 1240.8
1398480 1233.4
1398490 1226.1
1398500 1226.1
1398510 1218.7
1398520 1211.4
1398530 1211.4
1398540 1204.4
1398550 1197.4
1398560 1197.4
1398570 1190.4
1398580 1184.4
1398590 1184.4
1398600 1179.2
1398610 1173.8
1398620 1173.8
1398630 1168.1
1398640 1162.1
1398650 1162.1
1398660 1156.2
1398670 1150.5
1398680 1144.4
1398690 1144.4
1398700 1138.6
1398710 1132.0
1398720 1132.0
1398730 1126.2
1398740 1121.0
1398750 1121.0
1398760 1115.5
1398770 1109.6
1398780 1109.6
1398790 1104.3
1398800 1098.2
1398810 1098.2
1398820 1092.7
1398830 1086.8
1398840 1086.8
1398850 1081.3
1398860 1075.6
1398870 1070.0
1398880 1070.0
1398890 1064.6
1398900 1059.1
1398910 1059.1
1398920 1053.6
1398930 1048.2
1398940 1048.2
1398950 1042.9
1398960 1037.9
1398970 1037.9
1398980 1033.0
1398990 1028.2
1399000 1028.2
1399010 1023.9
1399020 1019.4
1399030 1019.4
1399040 1015.2
1399050 1011.2
1399060 1006.9
1399070 1006.9
1399080 1002.0
1399090 997.4
1399100 997.4
1399110 992.9
1399120 987.4
1399130 987.4
1399140 981.2
1399150 974.9
1399160 974.9
1399170 967.7
1399180 960.6
1399190 960.6
1399200 952.8
1399210 948.1
1399220 948.1
1399230 944.1
1399240 942.1
1399250 939.3
1399260 939.3
1399270 936.3
1399280 933.3
1399290 933.3
1399300 927.0
1399310 919.9
1399320 919.9
1399330 915.0
1399340 915.5
1399350 915.5
1399360 916.4
1399370 912.3
1399380 912.3
1399390 908.7
1399400 901.6
1399410 901.6
1399420 885.2
1399430 862.4
1399440 847.1
1399450 847.1
1399460 840.7
1399470 835.7
1399480 835.7
1399490 832.1
1399500 827.1
1399510 827.1
1399520 823.9
1399530 823.1
1399540 823.1
1399550 822.7
1399560 822.8
1399570 822.8
1399580 822.9
1399590 822.7
1399600 822.7
1399610 821.5
1399620 820.7
1399630 819.9
1399640 819.9
1399650 819.2
1399660 819.3
1399670 819.3
1399680 819.3
1399690 819.2
1399700 819.2
1399710 819.1
1399720 819.1
1399730 819.1
1399740 819.0
1399750 818.7
1399760 818.7
1399770 818.6
1399780 818.3
1399790 818.3
1399800 817.0
1399810 814.3
1399820 814.3
1399830 813.7
1399840 813.6
1399850 814.2
1399860 814.2
1399870 816.4
1399880 817.8
1399890 817.8
1399900 817.4
1399910 817.2
1399920 817.2
1399930 817.7
1399940 817.8
1399950 817.8
1399960 817.8
1399970 818.6
1399980 818.6
1399990 822.9
