1380000 2041.4
1380010 2034.1
1380020 2034.1
1380030 2028.3
1380040 2028.2
1380050 2028.2
1380060 2032.9
1380070 2037.7
1380080 2037.7
1380090 2040.2
1380100 2039.5
1380110 2039.5
1380120 2038.9
1380130 2036.7
1380140 2031.1
1380150 2031.1
1380160 2024.0
1380170 2016.7
1380180 2016.7
1380190 2009.0
1380200 2001.0
1380210 2001.0
1380220 1992.9
1380230 1985.3
1380240 1985.3
1380250 1977.3
1380260 1968.9
1380270 1968.9
1380280 1959.8
1380290 1958.3
1380300 1958.3
1380310 1960.1
1380320 1959.2
1380330 1964.5
1380340 1964.5
1380350 1964.9
1380360 1960.1
1380370 1960.1
1380380 1956.8
1380390 1956.2
1380400 1956.2
1380410 1951.2
1380420 1944.4
1380430 1944.4
1380440 1938.4
1380450 1932.5
1380460 1932.5
1380470 1926.3
1380480 1920.1
1380490 1920.1
1380500 1913.8
1380510 1903.7
1380520 1904.6
1380530 1904.6
1380540 1911.0
1380550 1911.5
1380560 1911.5
1380570 1919.0
1380580 1926.5
1380590 1926.5
1380600 1933.4
1380610 1941.4
1380620 1941.4
1380630 1950.1
1380640 1956.0
1380650 1956.0
1380660 1958.4
1380670 1961.2
1380680 1961.2
1380690 1965.0
1380700 1969.5
1380710 1973.9
1380720 1973.9
1380730 1978.1
1380740 1981.0
1380750 1981.0
1380760 1983.3
1380770 1984.9
1380780 1984.9
1380790 1986.1
1380800 1986.7
1380810 1986.7
1380820 1987.6
1380830 1989.3
1380840 1989.3
1380850 1991.4
1380860 1994.4
1380870 1994.4
1380880 1998.0
1380890 2001.9
1380900 2005.7
1380910 2005.7
1380920 2009.4
1380930 2013.2
1380940 2013.2
1380950 2017.3
1380960 2021.6
1380970 2021.6
1380980 2026.1
1380990 2030.3
1381000 2030.3
1381010 2034.9
1381020 2041.4
1381030 2041.4
1381040 2047.4
1381050 2052.7
1381060 2052.7
1381070 2058.0
1381080 2064.2
1381090 2069.8
1381100 2069.8
1381110 2075.6
1381120 2079.6
1381130 2079.6
1381140 2081.9
1381150 2084.6
1381160 2084.6
1381170 2087.3
1381180 2090.1
1381190 2090.1
1381200 2091.8
1381210 2093.2
1381220 2093.2
1381230 2094.5
1381240 2095.1
1381250 2095.1
1381260 2095.0
1381270 2095.1
1381280 2095.6
1381290 2095.6
1381300 2096.5
1381310 2095.9
1381320 2095.9
1381330 2096.2
1381340 2094.9
1381350 2094.9
1381360 2092.5
1381370 2089.8
1381380 2089.8
1381390 2087.5
1381400 2085.5
1381410 2085.5
1381420 2083.0
1381430 2080.6
1381440 2080.6
1381450 2078.7
1381460 2077.0
1381470 2077.0
1381480 2074.2
1381490 2071.3
1381500 2069.1
1381510 2069.1
1381520 2065.0
1381530 2059.1
1381540 2059.1
1381550 2053.3
1381560 2048.7
1381570 2048.7
1381580 2046.1
1381590 2043.9
1381600 2043.9
1381610 2040.9
1381620 2037.0
1381630 2037.0
1381640 2034.3
1381650 2033.2
1381660 2033.2
1381670 2033.5
1381680 2033.4
1381690 2033.0
1381700 2033.0
1381710 2031.8
1381720 2029.4
1381730 2029.4
1381740 2026.7
1381750 2023.9
1381760 2023.9
1381770 2019.4
1381780 2017.6
1381790 2017.6
1381800 2016.1
1381810 2014.6
1381820 2014.6
1381830 2012.9
1381840 2010.2
1381850 2010.2
1381860 2008.3
1381870 2008.0
1381880 2008.9
1381890 2008.9
1381900 2009.7
1381910 2010.4
1381920 2010.4
1381930 2011.8
1381940 2012.6
1381950 2012.6
1381960 2018.0
1381970 2023.3
1381980 2023.3
1381990 2026.2
1382000 2026.5
1382010 2026.5
1382020 2026.0
1382030 2024.3
1382040 2024.3
1382050 2023.4
1382060 2025.3
1382070 2026.5
1382080 2026.5
1382090 2027.0
1382100 2027.5
1382110 2027.5
1382120 2027.0
1382130 2025.6
1382140 2025.6
1382150 2025.3
1382160 2026.4
1382170 2026.4
1382180 2025.1
1382190 2022.3
1382200 2022.3
1382210 2018.3
1382220 2013.9
1382230 2013.9
1382240 2008.7
1382250 2004.1
1382260 2000.2
1382270 2000.2
1382280 1997.2
1382290 1996.0
1382300 1996.0
1382310 1994.6
1382320 1991.3
1382330 1991.3
1382340 1988.3
1382350 1985.9
1382360 1985.9
1382370 1982.8
1382380 1980.8
1382390 1980.8
1382400 1978.6
1382410 1977.3
1382420 1977.3
1382430 1976.4
1382440 1976.4
1382450 1976.8
1382460 1976.8
1382470 1976.4
1382480 1975.3
1382490 1975.3
1382500 1974.5
1382510 1974.1
1382520 1974.1
1382530 1974.7
1382540 1975.6
1382550 1975.6
1382560 1976.3
1382570 1976.6
1382580 1976.6
1382590 1976.7
1382600 1976.6
1382610 1976.6
1382620 1976.7
1382630 1976.7
1382640 1976.2
1382650 1976.2
1382660 1975.4
1382670 1974.0
1382680 1974.0
1382690 1972.6
1382700 1971.2
1382710 1971.2
1382720 1970.0
1382730 1968.1
1382740 1968.1
1382750 1965.4
1382760 1962.0
1382770 1962.0
1382780 1958.6
1382790 1956.3
1382800 1956.3
1382810 1954.9
1382820 1954.1
1382830 1954.1
1382840 1953.2
1382850 1952.4
1382860 1950.6
1382870 1950.6
1382880 1948.3
1382890 1946.1
1382900 1946.1
1382910 1943.0
1382920 1938.9
1382930 1938.9
1382940 1934.1
1382950 1928.4
1382960 1928.4
1382970 1922.2
1382980 1916.9
1382990 1916.9
1383000 1914.3
1383010 1906.8
1383020 1906.8
1383030 1906.5
1383040 1904.0
1383050 1899.7
1383060 1899.7
1383070 1895.9
1383080 1892.7
1383090 1892.7
1383100 1891.3
1383110 1890.3
1383120 1890.3
1383130 1889.6
1383140 1888.9
1383150 1888.9
1383160 1889.4
1383170 1889.9
1383180 1889.9
1383190 1889.9
1383200 1891.5
1383210 1891.5
1383220 1892.2
1383230 1893.3
1383240 1894.5
1383250 1894.5
1383260 1894.6
1383270 1893.7
1383280 1893.7
1383290 1890.8
1383300 1888.2
1383310 1888.2
1383320 1886.0
1383330 1883.2
1383340 1883.2
1383350 1880.7
1383360 1879.3
1383370 1879.3
1383380 1877.1
1383390 1874.6
1383400 1874.6
1383410 1871.8
1383420 1868.7
1383430 1862.2
1383440 1862.2
1383450 1853.6
1383460 1845.0
1383470 1845.0
1383480 1838.2
1383490 1833.0
1383500 1833.0
1383510 1832.0
1383520 1834.5
1383530 1834.5
1383540 1834.7
1383550 1832.0
1383560 1832.0
1383570 1828.7
1383580 1825.1
1383590 1825.1
1383600 1820.8
1383610 1816.5
1383620 1811.3
1383630 1811.3
1383640 1804.6
1383650 1798.0
1383660 1798.0
1383670 1792.0
1383680 1787.8
1383690 1787.8
1383700 1784.7
1383710 1781.1
1383720 1781.1
1383730 1780.0
1383740 1779.7
1383750 1779.7
1383760 1778.9
1383770 1775.0
1383780 1775.0
1383790 1767.8
1383800 1760.8
1383810 1754.0
1383820 1754.0
1383830 1745.4
1383840 1745.9
1383850 1745.9
1383860 1753.2
1383870 1756.1
1383880 1756.1
1383890 1755.0
1383900 1752.1
1383910 1752.1
1383920 1746.3
1383930 1745.0
1383940 1745.0
1383950 1752.9
1383960 1756.8
1383970 1756.8
1383980 1758.9
1383990 1759.5
1384000 1759.3
1384010 1759.3
1384020 1757.8
1384030 1753.2
1384040 1753.2
1384050 1748.8
1384060 1740.4
1384070 1740.4
1384080 1742.9
1384090 1756.9
1384100 1756.9
1384110 1763.9
1384120 1765.8
1384130 1765.8
1384140 1769.0
1384150 1774.0
1384160 1774.0
1384170 1773.0
1384180 1767.9
1384190 1767.9
1384200 1762.7
1384210 1757.1
1384220 1749.7
1384230 1749.7
1384240 1745.0
1384250 1745.0
1384260 1739.2
1384270 1743.6
1384280 1749.5
1384290 1749.5
1384300 1755.3
1384310 1761.2
1384320 1761.2
1384330 1766.9
1384340 1772.1
1384350 1772.1
1384360 1777.5
1384370 1783.4
1384380 1783.4
1384390 1791.5
1384400 1798.0
1384410 1804.1
1384420 1804.1
1384430 1809.0
1384440 1812.1
1384450 1812.1
1384460 1815.6
1384470 1819.2
1384480 1819.2
1384490 1821.3
1384500 1822.5
1384510 1822.5
1384520 1823.7
1384530 1825.6
1384540 1825.6
1384550 1828.6
1384560 1831.7
1384570 1831.7
1384580 1834.3
1384590 1837.4
1384600 1839.8
1384610 1839.8
1384620 1843.6
1384630 1847.3
1384640 1847.3
1384650 1848.9
1384660 1849.9
1384670 1849.9
1384680 1850.9
1384690 1851.6
1384700 1851.6
1384710 1852.1
1384720 1852.2
1384730 1852.2
1384740 1852.8
1384750 1853.9
1384760 1853.9
1384770 1855.4
1384780 1857.1
1384790 1858.3
1384800 1858.3
1384810 1858.8
1384820 1858.7
1384830 1858.7
1384840 1857.7
1384850 1854.4
1384860 1854.4
1384870 1845.6
1384880 1839.2
1384890 1839.2
1384900 1832.9
1384910 1827.5
1384920 1827.5
1384930 1824.4
1384940 1822.1
1384950 1822.1
1384960 1819.0
1384970 1816.3
1384980 1813.4
1384990 1813.4
1385000 1809.3
1385010 1803.2
1385020 1803.2
1385030 1799.1
1385040 1799.3
1385050 1799.3
1385060 1799.4
1385070 1799.1
1385080 1799.1
1385090 1799.3
1385100 1800.6
1385110 1800.6
1385120 1801.3
1385130 1799.5
1385140 1799.5
1385150 1797.0
1385160 1795.3
1385170 1793.4
1385180 1793.4
1385190 1787.8
1385200 1781.7
1385210 1781.7
1385220 1776.5
1385230 1774.2
1385240 1774.2
1385250 1774.3
1385260 1773.5
1385270 1773.5
1385280 1772.0
1385290 1769.6
1385300 1769.6
1385310 1766.0
1385320 1764.4
1385330 1764.4
1385340 1764.1
1385350 1765.8
1385360 1765.8
1385370 1768.4
1385380 1771.8
1385390 1774.4
1385400 1774.4
1385410 1778.4
1385420 1787.6
1385430 1787.6
1385440 1787.8
1385450 1788.8
1385460 1788.8
1385470 1785.1
1385480 1780.9
1385490 1780.9
1385500 1774.1
1385510 1763.9
1385520 1763.9
1385530 1756.8
1385540 1741.3
1385550 1741.3
1385560 1729.3
1385570 1718.9
1385580 1709.7
1385590 1709.7
1385600 1699.4
1385610 1689.7
1385620 1689.7
1385630 1691.7
1385640 1699.2
1385650 1699.2
1385660 1707.0
1385670 1716.9
1385680 1716.9
1385690 1725.5
1385700 1729.9
1385710 1729.9
1385720 1735.4
1385730 1741.6
1385740 1741.6
1385750 1749.1
1385760 1757.1
1385770 1764.8
1385780 1764.8
1385790 1768.6
1385800 1770.6
1385810 1770.6
1385820 1773.5
1385830 1776.7
1385840 1776.7
1385850 1780.6
1385860 1784.3
1385870 1784.3
1385880 1788.9
1385890 1794.1
1385900 1794.1
1385910 1797.9
1385920 1800.5
1385930 1800.5
1385940 1804.5
1385950 1804.5
1385960 1806.0
1385970 1806.0
1385980 1810.4
1385990 1815.1
1386000 1815.1
1386010 1818.7
1386020 1821.0
1386030 1821.0
1386040 1822.6
1386050 1822.8
1386060 1822.8
1386070 1820.9
1386080 1818.0
1386090 1818.0
1386100 1814.6
1386110 1811.7
1386120 1811.7
1386130 1809.9
1386140 1808.0
1386150 1805.7
1386160 1805.7
1386170 1802.4
1386180 1799.6
1386190 1799.6
1386200 1797.8
1386210 1794.4
1386220 1794.4
1386230 1791.5
1386240 1789.1
1386250 1789.1
1386260 1786.1
1386270 1785.2
1386280 1785.2
1386290 1784.1
1386300 1781.4
1386310 1781.4
1386320 1780.1
1386330 1780.1
1386340 1780.2
1386350 1780.2
1386360 1779.5
1386370 1778.5
1386380 1778.5
1386390 1777.2
1386400 1774.0
1386410 1774.0
1386420 1770.6
1386430 1767.4
1386440 1767.4
1386450 1764.0
1386460 1760.9
1386470 1760.9
1386480 1757.9
1386490 1754.1
1386500 1754.1
1386510 1749.2
1386520 1745.1
1386530 1742.7
1386540 1742.7
1386550 1743.1
1386560 1745.4
1386570 1745.4
1386580 1746.5
1386590 1743.0
1386600 1743.0
1386610 1729.8
1386620 1718.4
1386630 1718.4
1386640 1708.6
1386650 1699.4
1386660 1699.4
1386670 1690.0
1386680 1680.4
1386690 1680.4
1386700 1670.3
1386710 1659.9
1386720 1659.9
1386730 1649.8
1386740 1639.6
1386750 1630.3
1386760 1630.3
1386770 1621.1
1386780 1613.0
1386790 1613.0
1386800 1607.2
1386810 1608.7
1386820 1604.0
1386830 1608.7
1386840 1608.8
1386850 1608.8
1386860 1607.8
1386870 1607.7
1386880 1607.7
1386890 1608.1
1386900 1610.2
1386910 1610.2
1386920 1612.4
1386930 1611.9
1386940 1618.0
1386950 1618.0
1386960 1625.3
1386970 1632.6
1386980 1632.6
1386990 1632.4
1387000 1631.7
1387010 1631.7
1387020 1633.8
1387030 1634.5
1387040 1634.5
1387050 1635.9
1387060 1641.0
1387070 1641.0
1387080 1648.0
1387090 1658.3
1387100 1658.3
1387110 1669.2
1387120 1679.3
1387130 1687.6
1387140 1687.6
1387150 1693.6
1387160 1695.8
1387170 1695.8
1387180 1697.3
1387190 1697.9
1387200 1697.9
1387210 1698.0
1387220 1698.0
1387230 1698.0
1387240 1698.6
1387250 1700.1
1387260 1700.1
1387270 1701.7
1387280 1704.5
1387290 1704.5
1387300 1707.4
1387310 1705.8
1387320 1700.3
1387330 1700.3
1387340 1696.4
1387350 1692.8
1387360 1692.8
1387370 1689.8
1387380 1686.9
1387390 1686.9
1387400 1683.5
1387410 1680.9
1387420 1680.9
1387430 1678.7
1387440 1676.7
1387450 1676.7
1387460 1674.6
1387470 1673.4
1387480 1673.4
1387490 1673.3
1387500 1675.3
1387510 1678.7
1387520 1678.7
1387530 1682.1
1387540 1684.3
1387550 1684.3
1387560 1688.8
1387570 1690.1
1387580 1690.1
1387590 1690.0
1387600 1689.7
1387610 1689.7
1387620 1688.5
1387630 1686.2
1387640 1686.2
1387650 1683.9
1387660 1680.8
1387670 1680.8
1387680 1676.4
1387690 1672.1
1387700 1669.1
1387710 1669.1
1387720 1664.9
1387730 1660.8
1387740 1660.8
1387750 1659.4
1387760 1658.6
1387770 1658.6
1387780 1658.0
1387790 1657.9
1387800 1657.9
1387810 1657.3
1387820 1655.4
1387830 1655.4
1387840 1653.7
1387850 1653.6
1387860 1653.6
1387870 1657.7
1387880 1664.7
1387890 1667.5
1387900 1667.5
1387910 1668.5
1387920 1669.3
1387930 1669.3
1387940 1669.8
1387950 1671.2
1387960 1671.2
1387970 1671.3
1387980 1668.5
1387990 1668.5
1388000 1664.4
1388010 1658.9
1388020 1658.9
1388030 1654.1
1388040 1650.5
1388050 1650.5
1388060 1646.5
1388070 1640.4
1388080 1640.4
1388090 1633.6
1388100 1630.2
1388110 1629.4
1388120 1619.1
1388130 1616.5
1388140 1613.3
1388150 1613.3
1388160 1610.7
1388170 1608.2
1388180 1608.2
1388190 1600.3
1388200 1589.9
1388210 1589.9
1388220 1585.4
1388230 1581.3
1388240 1581.3
1388250 1567.7
1388260 1556.7
1388270 1556.7
1388280 1559.6
1388290 1568.6
1388300 1580.2
1388310 1580.2
1388320 1593.0
1388330 1605.2
1388340 1605.2
1388350 1615.0
1388360 1624.7
1388370 1624.7
1388380 1638.1
1388390 1650.3
1388400 1650.3
1388410 1659.8
1388420 1669.0
1388430 1669.0
1388440 1676.8
1388450 1684.6
1388460 1684.6
1388470 1692.0
1388480 1698.3
1388490 1704.2
1388500 1704.2
1388510 1710.8
1388520 1717.6
1388530 1717.6
1388540 1723.6
1388550 1729.0
1388560 1729.0
1388570 1734.5
1388580 1740.3
1388590 1740.3
1388600 1744.4
1388610 1747.0
1388620 1747.0
1388630 1751.0
1388640 1754.7
1388650 1754.7
1388660 1755.9
1388670 1756.0
1388680 1756.4
1388690 1756.4
1388700 1756.9
1388710 1759.4
1388720 1759.4
1388730 1762.5
1388740 1765.4
1388750 1765.4
1388760 1767.6
1388770 1769.8
1388780 1769.8
1388790 1774.3
1388800 1779.3
1388810 1779.3
1388820 1783.2
1388830 1785.5
1388840 1785.5
1388850 1786.2
1388860 1785.9
1388870 1785.0
1388880 1785.0
1388890 1785.5
1388900 1786.5
1388910 1786.5
1388920 1787.5
1388930 1788.5
1388940 1788.5
1388950 1790.3
1388960 1791.5
1388970 1791.5
1388980 1791.9
1388990 1791.8
1389000 1791.8
1389010 1792.0
1389020 1792.3
1389030 1792.3
1389040 1792.3
1389050 1792.6
1389060 1793.3
1389070 1793.3
1389080 1793.7
1389090 1794.5
1389100 1794.5
1389110 1795.5
1389120 1795.6
1389130 1795.6
1389140 1796.3
1389150 1796.9
1389160 1796.9
1389170 1797.5
1389180 1799.4
1389190 1799.4
1389200 1800.2
1389210 1800.4
1389220 1800.4
1389230 1803.6
1389240 1804.9
1389250 1805.9
1389260 1805.9
1389270 1807.8
1389280 1809.3
1389290 1809.3
1389300 1810.7
1389310 1812.0
1389320 1812.0
1389330 1813.9
1389340 1816.3
1389350 1816.3
1389360 1818.1
1389370 1819.3
1389380 1819.3
1389390 1819.3
1389400 1818.5
1389410 1818.5
1389420 1817.3
1389430 1816.3
1389440 1816.3
1389450 1810.5
1389460 1810.4
1389470 1810.8
1389480 1810.8
1389490 1811.2
1389500 1809.4
1389510 1809.4
1389520 1809.4
1389530 1810.2
1389540 1810.2
1389550 1811.0
1389560 1812.7
1389570 1812.7
1389580 1814.9
1389590 1817.2
1389600 1817.2
1389610 1820.0
1389620 1821.4
1389630 1821.4
1389640 1818.7
1389650 1816.2
1389660 1813.2
1389670 1813.2
1389680 1810.4
1389690 1808.2
1389700 1808.2
1389710 1807.5
1389720 1808.4
1389730 1808.4
1389740 1808.3
1389750 1807.7
1389760 1807.7
1389770 1808.9
1389780 1812.2
1389790 1812.2
1389800 1815.8
1389810 1819.0
1389820 1819.0
1389830 1821.4
1389840 1821.8
1389850 1821.3
1389860 1821.3
1389870 1820.7
1389880 1821.8
1389890 1821.8
1389900 1826.3
1389910 1832.0
1389920 1832.0
1389930 1833.1
1389940 1833.3
1389950 1833.3
1389960 1833.0
1389970 1829.5
1389980 1829.5
1389990 1827.4
1390000 1832.5
1390010 1832.5
1390020 1833.5
1390030 1835.4
1390040 1836.7
1390050 1836.7
1390060 1835.5
1390070 1838.1
1390080 1838.1
1390090 1843.6
1390100 1849.8
1390110 1849.8
1390120 1852.9
1390130 1854.2
1390140 1854.2
1390150 1856.3
1390160 1859.5
1390170 1859.5
1390180 1863.8
1390190 1867.3
1390200 1867.3
1390210 1870.0
1390220 1871.7
1390230 1873.5
1390240 1873.5
1390250 1875.5
1390260 1877.1
1390270 1877.1
1390280 1877.9
1390290 1879.2
1390300 1879.2
1390310 1881.0
1390320 1882.6
1390330 1882.6
1390340 1883.9
1390350 1885.1
1390360 1885.1
1390370 1884.9
1390380 1883.2
1390390 1883.2
1390400 1878.1
1390410 1870.7
1390420 1865.9
1390430 1865.9
1390440 1871.8
1390450 1879.1
1390460 1879.1
1390470 1885.6
1390480 1890.9
1390490 1890.9
1390500 1896.4
1390510 1902.6
1390520 1902.6
1390530 1907.8
1390540 1910.4
1390550 1910.4
1390560 1913.1
1390570 1916.0
1390580 1916.0
1390590 1919.0
1390600 1922.4
1390610 1926.6
1390620 1926.6
1390630 1930.1
1390640 1934.3
1390650 1934.3
1390660 1939.6
1390670 1944.1
1390680 1944.1
1390690 1946.1
1390700 1947.5
1390710 1947.5
1390720 1949.2
1390730 1950.6
1390740 1950.6
1390750 1951.7
1390760 1952.1
1390770 1952.1
1390780 1951.8
1390790 1948.0
1390800 1948.0
1390810 1947.8
1390820 1947.9
1390830 1947.6
1390840 1947.6
1390850 1947.0
1390860 1945.9
1390870 1945.9
1390880 1944.3
1390890 1941.0
1390900 1941.0
1390910 1935.1
1390920 1933.6
1390930 1933.6
1390940 1937.4
1390950 1939.3
1390960 1939.3
1390970 1939.5
1390980 1939.2
1390990 1939.2
1391000 1938.8
1391010 1937.7
1391020 1937.5
1391030 1937.5
1391040 1939.9
1391050 1942.2
1391060 1942.2
1391070 1943.9
1391080 1945.0
1391090 1945.0
1391100 1945.6
1391110 1946.1
1391120 1946.1
1391130 1947.6
1391140 1944.4
1391150 1944.4
1391160 1938.1
1391170 1933.9
1391180 1933.9
1391190 1933.6
1391200 1936.5
1391210 1940.2
1391220 1940.2
1391230 1941.3
1391240 1940.4
1391250 1940.4
1391260 1939.0
1391270 1937.3
1391280 1937.3
1391290 1935.6
1391300 1933.4
1391310 1933.4
1391320 1931.1
1391330 1929.0
1391340 1929.0
1391350 1927.1
1391360 1926.1
1391370 1926.1
1391380 1925.7
1391390 1925.2
1391400 1924.4
1391410 1924.4
1391420 1924.0
1391430 1923.8
1391440 1923.8
1391450 1923.5
1391460 1923.5
1391470 1923.5
1391480 1923.8
1391490 1923.9
1391500 1923.9
1391510 1923.5
1391520 1922.7
1391530 1922.7
1391540 1920.3
1391550 1916.4
1391560 1916.4
1391570 1913.1
1391580 1905.3
1391590 1896.5
1391600 1896.5
1391610 1898.0
1391620 1905.1
1391630 1905.1
1391640 1912.1
1391650 1915.7
1391660 1915.7
1391670 1917.2
1391680 1919.0
1391690 1919.0
1391700 1920.9
1391710 1922.7
1391720 1922.7
1391730 1923.4
1391740 1923.6
1391750 1923.6
1391760 1923.8
1391770 1923.6
1391780 1923.0
1391790 1923.0
1391800 1920.7
1391810 1917.5
1391820 1917.5
1391830 1913.5
1391840 1908.7
1391850 1908.7
1391860 1902.5
1391870 1895.3
1391880 1895.3
1391890 1887.3
1391900 1882.1
1391910 1882.1
1391920 1880.4
1391930 1881.9
1391940 1881.9
1391950 1885.2
1391960 1887.4
1391970 1888.1
1391980 1888.1
1391990 1888.8
1392000 1888.9
1392010 1888.9
1392020 1888.6
1392030 1890.0
1392040 1890.0
1392050 1891.7
1392060 1892.8
1392070 1892.8
1392080 1894.0
1392090 1896.6
1392100 1896.6
1392110 1897.0
1392120 1896.9
1392130 1896.9
1392140 1896.3
1392150 1887.2
1392160 1887.2
1392170 1885.0
1392180 1885.4
1392190 1886.4
1392200 1886.4
1392210 1889.0
1392220 1891.7
1392230 1891.7
1392240 1894.7
1392250 1897.6
1392260 1897.6
1392270 1899.8
1392280 1900.7
1392290 1900.7
1392300 1900.5
1392310 1901.9
1392320 1901.9
1392330 1897.9
1392340 1894.9
1392350 1894.9
1392360 1895.8
1392370 1897.7
1392380 1897.0
1392390 1897.0
1392400 1894.1
1392410 1889.0
1392420 1889.0
1392430 1886.3
1392440 1890.8
1392450 1890.8
1392460 1896.2
1392470 1898.8
1392480 1898.8
1392490 1898.7
1392500 1897.1
1392510 1897.1
1392520 1895.5
1392530 1895.4
1392540 1895.4
1392550 1895.0
1392560 1891.9
1392570 1888.6
1392580 1888.6
1392590 1884.8
1392600 1879.6
1392610 1879.6
1392620 1876.9
1392630 1876.4
1392640 1876.4
1392650 1873.9
1392660 1871.4
1392670 1871.4
1392680 1868.7
1392690 1863.8
1392700 1863.8
1392710 1858.3
1392720 1853.6
1392730 1853.6
1392740 1851.0
1392750 1847.5
1392760 1843.6
1392770 1843.6
1392780 1840.5
1392790 1837.1
1392800 1837.1
1392810 1832.3
1392820 1829.0
1392830 1829.0
1392840 1826.2
1392850 1823.1
1392860 1823.1
1392870 1819.6
1392880 1815.9
1392890 1815.9
1392900 1811.1
1392910 1807.3
1392920 1807.3
1392930 1805.5
1392940 1804.0
1392950 1798.1
1392960 1798.1
1392970 1793.5
1392980 1795.7
1392990 1795.7
1393000 1798.5
1393010 1799.8
1393020 1799.8
1393030 1800.6
1393040 1799.2
1393050 1799.2
1393060 1798.9
1393070 1798.8
1393080 1798.8
1393090 1797.1
1393100 1795.8
1393110 1795.8
1393120 1793.5
1393130 1789.2
1393140 1783.6
1393150 1783.6
1393160 1782.9
1393170 1787.9
1393180 1787.9
1393190 1786.7
1393200 1781.8
1393210 1781.8
1393220 1772.1
1393230 1767.2
1393240 1767.2
1393250 1775.1
1393260 1783.5
1393270 1783.5
1393280 1792.1
1393290 1798.5
1393300 1798.5
1393310 1804.1
1393320 1807.0
1393330 1808.6
1393340 1808.6
1393350 1811.7
1393360 1821.0
1393370 1821.0
1393380 1825.7
1393390 1825.5
1393400 1825.5
1393410 1823.3
1393420 1819.4
1393430 1819.4
1393440 1817.7
1393450 1819.5
1393460 1819.5
1393470 1820.8
1393480 1819.2
1393490 1819.2
1393500 1817.3
1393510 1816.0
1393520 1810.6
1393530 1810.8
1393540 1811.3
1393550 1812.3
1393560 1812.3
1393570 1813.7
1393580 1813.2
1393590 1813.2
1393600 1810.0
1393610 1806.4
1393620 1806.4
1393630 1803.3
1393640 1800.6
1393650 1800.6
1393660 1798.5
1393670 1796.0
1393680 1796.0
1393690 1793.5
1393700 1789.1
1393710 1789.1
1393720 1783.2
1393730 1785.8
1393740 1793.5
1393750 1793.5
1393760 1802.5
1393770 1808.5
1393780 1808.5
1393790 1812.5
1393800 1816.7
1393810 1816.7
1393820 1818.5
1393830 1821.4
1393840 1821.4
1393850 1826.7
1393860 1832.4
1393870 1832.4
1393880 1835.0
1393890 1839.7
1393900 1839.7
1393910 1846.7
1393920 1856.3
1393930 1865.4
1393940 1865.4
1393950 1876.9
1393960 1892.7
1393970 1892.7
1393980 1906.5
1393990 1913.3
1394000 1913.3
1394010 1921.3
1394020 1930.8
1394030 1930.8
1394040 1937.2
1394050 1942.1
1394060 1942.1
1394070 1944.2
1394080 1942.7
1394090 1942.7
1394100 1942.6
1394110 1941.0
1394120 1935.7
1394130 1935.7
1394140 1930.4
1394150 1933.0
1394160 1933.0
1394170 1932.0
1394180 1925.6
1394190 1925.6
1394200 1919.1
1394210 1913.6
1394220 1913.6
1394230 1909.3
1394240 1906.7
1394250 1906.7
1394260 1905.2
1394270 1904.7
1394280 1904.7
1394290 1906.3
1394300 1905.4
1394310 1902.2
1394320 1902.2
1394330 1900.2
1394340 1899.3
1394350 1899.3
1394360 1899.0
1394370 1898.7
1394380 1898.7
1394390 1898.2
1394400 1897.6
1394410 1897.6
1394420 1897.0
1394430 1896.3
1394440 1896.3
1394450 1895.5
1394460 1895.7
1394470 1895.7
1394480 1897.7
1394490 1901.0
1394500 1906.2
1394510 1906.2
1394520 1911.3
1394530 1915.0
1394540 1915.0
1394550 1917.6
1394560 1917.9
1394570 1917.9
1394580 1915.4
1394590 1909.2
1394600 1909.2
1394610 1905.4
1394620 1904.6
1394630 1904.6
1394640 1903.3
1394650 1902.3
1394660 1902.3
1394670 1902.5
1394680 1903.1
1394690 1901.6
1394700 1901.6
1394710 1901.0
1394720 1896.6
1394730 1896.6
1394740 1889.9
1394750 1886.8
1394760 1886.8
1394770 1884.7
1394780 1882.7
1394790 1882.7
1394800 1880.2
1394810 1877.7
1394820 1877.7
1394830 1875.8
1394840 1873.5
1394850 1873.5
1394860 1869.3
1394870 1863.7
1394880 1863.7
1394890 1859.9
1394900 1856.4
1394910 1856.5
1394920 1843.7
1394930 1840.4
1394940 1836.6
1394950 1836.6
1394960 1834.3
1394970 1832.7
1394980 1832.7
1394990 1831.4
1395000 1831.7
1395010 1831.7
1395020 1832.4
1395030 1832.9
1395040 1832.9
1395050 1833.1
1395060 1832.9
1395070 1832.9
1395080 1832.0
1395090 1830.7
1395100 1829.1
1395110 1829.1
1395120 1827.3
1395130 1825.1
1395140 1825.1
1395150 1823.0
1395160 1821.8
1395170 1821.8
1395180 1820.7
1395190 1818.9
1395200 1818.9
1395210 1817.7
1395220 1816.4
1395230 1816.4
1395240 1815.0
1395250 1814.0
1395260 1814.0
1395270 1812.6
1395280 1811.2
1395290 1810.2
1395300 1810.2
1395310 1809.4
1395320 1808.6
1395330 1808.6
1395340 1807.3
1395350 1805.2
1395360 1805.2
1395370 1802.9
1395380 1800.4
1395390 1800.4
1395400 1797.2
1395410 1794.1
1395420 1794.1
1395430 1791.4
1395440 1789.0
1395450 1789.0
1395460 1787.0
1395470 1785.8
1395480 1785.6
1395490 1785.6
1395500 1784.9
1395510 1783.9
1395520 1783.9
1395530 1781.5
1395540 1778.5
1395550 1778.5
1395560 1775.7
1395570 1772.9
1395580 1772.9
1395590 1770.1
1395600 1767.2
1395610 1767.2
1395620 1764.8
1395630 1762.6
1395640 1762.6
1395650 1760.4
1395660 1757.9
1395670 1755.7
1395680 1755.7
1395690 1753.6
1395700 1751.0
1395710 1751.0
1395720 1748.6
1395730 1746.8
1395740 1746.8
1395750 1745.8
1395760 1744.8
1395770 1744.8
1395780 1743.1
1395790 1741.6
1395800 1741.6
1395810 1740.0
1395820 1737.5
1395830 1737.5
1395840 1735.6
1395850 1734.6
1395860 1734.5
1395870 1734.5
1395880 1733.7
1395890 1732.6
1395900 1732.6
1395910 1731.8
1395920 1731.7
1395930 1731.7
1395940 1731.7
1395950 1731.2
1395960 1731.2
1395970 1730.2
1395980 1727.8
1395990 1727.8
1396000 1725.5
1396010 1723.8
1396020 1723.8
1396030 1722.0
1396040 1720.1
1396050 1720.1
1396060 1718.2
1396070 1716.1
1396080 1714.5
1396090 1714.5
1396100 1712.6
1396110 1709.9
1396120 1709.9
1396130 1706.9
1396140 1704.0
1396150 1704.0
1396160 1701.8
1396170 1699.9
1396180 1699.9
1396190 1697.9
1396200 1696.0
1396210 1696.0
1396220 1693.9
1396230 1691.3
1396240 1691.3
1396250 1688.4
1396260 1685.9
1396270 1682.9
1396280 1682.9
1396290 1679.9
1396300 1677.9
1396310 1677.9
1396320 1676.0
1396330 1674.1
1396340 1670.9
1396350 1668.5
1396360 1663.9
1396370 1663.9
1396380 1659.4
1396390 1656.2
1396400 1656.2
1396410 1651.9
1396420 1649.2
1396430 1649.2
1396440 1649.4
1396450 1648.7
1396460 1645.9
1396470 1645.9
1396480 1642.7
1396490 1638.5
1396500 1638.5
1396510 1632.9
1396520 1625.9
1396530 1625.9
1396540 1618.7
1396550 1610.8
1396560 1610.8
1396570 1607.7
1396580 1610.8
1396590 1610.8
1396600 1614.3
1396610 1610.9
1396620 1610.9
1396630 1604.1
1396640 1597.6
1396650 1594.3
1396660 1594.3
1396670 1596.9
1396680 1600.4
1396690 1600.4
1396700 1603.7
1396710 1605.5
1396720 1605.5
1396730 1606.2
1396740 1603.2
1396750 1603.2
1396760 1600.3
1396770 1598.8
1396780 1598.8
1396790 1597.8
1396800 1596.5
1396810 1596.5
1396820 1596.0
1396830 1596.1
1396840 1596.6
1396850 1596.6
1396860 1597.6
1396870 1598.4
1396880 1598.4
1396890 1600.4
1396900 1602.0
1396910 1602.0
1396920 1603.6
1396930 1605.6
1396940 1605.6
1396950 1606.8
1396960 1608.0
1396970 1608.0
1396980 1607.7
1396990 1607.5
1397000 1607.5
1397010 1607.9
1397020 1608.3
1397030 1607.3
1397040 1607.3
1397050 1605.3
1397060 1602.6
1397070 1602.6
1397080 1600.0
1397090 1596.1
1397100 1596.1
1397110 1591.3
1397120 1585.4
1397130 1585.4
1397140 1582.0
1397150 1583.3
1397160 1583.3
1397170 1584.5
1397180 1587.0
1397190 1587.0
1397200 1591.5
1397210 1594.3
1397220 1598.9
1397230 1598.9
1397240 1603.7
1397250 1607.3
1397260 1607.3
1397270 1611.0
1397280 1615.2
1397290 1615.2
1397300 1619.2
1397310 1622.6
1397320 1622.6
1397330 1624.6
1397340 1627.7
1397350 1627.7
1397360 1630.8
1397370 1634.3
1397380 1634.3
1397390 1637.9
1397400 1641.8
1397410 1641.8
1397420 1645.8
1397430 1649.2
1397440 1653.6
1397450 1653.6
1397460 1657.2
1397470 1660.4
1397480 1660.4
1397490 1663.3
1397500 1666.4
1397510 1666.4
1397520 1669.2
1397530 1672.1
1397540 1672.1
1397550 1674.9
1397560 1677.8
1397570 1677.8
1397580 1681.3
1397590 1683.5
1397600 1683.5
1397610 1684.9
1397620 1687.6
1397630 1689.8
1397640 1689.8
1397650 1691.8
1397660 1694.0
1397670 1694.0
1397680 1696.6
1397690 1698.3
1397700 1698.3
1397710 1700.7
1397720 1703.7
1397730 1703.7
1397740 1706.5
1397750 1708.3
1397760 1708.3
1397770 1709.4
1397780 1710.2
1397790 1708.8
1397800 1709.4
1397810 1709.3
1397820 1707.9
1397830 1707.9
1397840 1705.3
1397850 1701.7
1397860 1701.7
1397870 1695.2
1397880 1687.2
1397890 1687.2
1397900 1676.2
1397910 1665.0
1397920 1665.0
1397930 1650.2
1397940 1634.5
1397950 1634.5
1397960 1621.0
1397970 1603.9
1397980 1603.9
1397990 1587.0
1398000 1573.6
1398010 1559.8
1398020 1559.8
1398030 1546.1
1398040 1531.5
1398050 1531.5
1398060 1513.8
1398070 1497.9
1398080 1497.9
1398090 1485.7
1398100 1474.2
1398110 1474.2
1398120 1464.7
1398130 1453.2
1398140 1453.2
1398150 1443.5
1398160 1435.6
1398170 1435.6
1398180 1428.4
1398190 1422.3
1398200 1416.1
1398210 1416.1
1398220 1409.2
1398230 1401.5
1398240 1401.5
1398250 1394.0
1398260 1387.2
1398270 1387.2
1398280 1380.5
1398290 1373.9
1398300 1373.9
1398310 1367.4
1398320 1361.2
1398330 1361.2
1398340 1355.2
1398350 1348.7
1398360 1348.7
1398370 1342.4
1398380 1336.2
1398390 1330.2
1398400 1330.2
1398410 1323.9
1398420 1317.7
1398430 1317.7
1398440 1311.5
1398450 1305.3
1398460 1305.3
1398470 1299.0
1398480 1292.2
1398490 1292.2
1398500 1285.6
1398510 1278.8
1398520 1278.8
1398530 1272.2
1398540 1264.2
1398550 1264.2
1398560 1256.7
1398570 1250.0
1398580 1243.1
1398590 1243.1
1398600 1235.5
1398610 1228.1
1398620 1228.1
1398630 1220.3
1398640 1212.9
1398650 1212.9
1398660 1207.3
1398670 1202.4
1398680 1202.4
1398690 1198.0
1398700 1194.4
1398710 1194.4
1398720 1190.4
1398730 1183.8
1398740 1183.8
1398750 1178.6
1398760 1173.4
1398770 1173.4
1398780 1165.9
1398790 1158.7
1398800 1153.8
1398810 1153.8
1398820 1149.0
1398830 1142.2
1398840 1142.2
1398850 1136.3
1398860 1131.9
1398870 1131.9
1398880 1126.9
1398890 1121.0
1398900 1121.0
1398910 1115.7
1398920 1111.1
1398930 1111.1
1398940 1106.9
1398950 1102.6
1398960 1102.6
1398970 1098.1
1398980 1094.5
1398990 1090.5
1399000 1090.5
1399010 1087.0
1399020 1083.8
1399030 1083.8
1399040 1080.4
1399050 1076.8
1399060 1076.8
1399070 1072.2
1399080 1064.5
1399090 1064.5
1399100 1056.8
1399110 1043.3
1399120 1043.3
1399130 1034.6
1399140 1026.3
1399150 1026.3
1399160 1013.7
1399170 999.7
1399180 989.7
1399190 989.7
1399200 978.6
1399210 965.6
1399220 965.6
1399230 957.4
1399240 950.3
1399250 953.7
1399260 946.8
1399270 940.6
1399280 940.6
1399290 933.7
1399300 926.3
1399310 926.3
1399320 919.0
1399330 912.1
1399340 912.1
1399350 905.0
1399360 898.4
1399370 891.9
1399380 891.9
1399390 885.0
1399400 878.9
1399410 878.9
1399420 874.2
1399430 870.6
1399440 870.6
1399450 867.0
1399460 862.3
1399470 862.3
1399480 858.1
1399490 854.6
1399500 854.6
1399510 852.0
1399520 848.8
1399530 848.8
1399540 844.2
1399550 842.0
1399560 837.3
1399570 837.3
1399580 831.6
1399590 826.5
1399600 826.5
1399610 822.5
1399620 819.8
1399630 819.8
1399640 817.8
1399650 817.1
1399660 817.1
1399670 816.7
1399680 816.6
1399690 816.6
1399700 816.3
1399710 816.0
1399720 816.0
1399730 815.8
1399740 815.5
1399750 815.5
1399760 815.5
1399770 815.4
1399780 815.2
1399790 815.2
1399800 815.3
1399810 815.9
1399820 815.9
1399830 816.1
1399840 816.1
1399850 816.1
1399860 815.7
1399870 814.9
1399880 814.9
1399890 814.7
1399900 814.8
1399910 814.8
1399920 814.7
1399930 814.5
1399940 811.2
1399950 811.2
1399960 809.7
1399970 809.8
1399980 809.8
1399990 812.2
1380000 2041.4
1380010 2034.1
1380020 2034.1
1380030 2028.3
1380040 2028.2
1380050 2028.2
1380060 2032.9
1380070 2037.7
1380080 2037.7
1380090 2040.2
1380100 2039.5
1380110 2039.5
1380120 2038.9
1380130 2036.7
1380140 2031.1
1380150 2031.1
1380160 2024.0
1380170 2016.7
1380180 2016.7
1380190 2009.0
1380200 2001.0
1380210 2001.0
1380220 1992.9
1380230 1985.3
1380240 1985.3
1380250 1977.3
1380260 1968.9
1380270 1968.9
1380280 1959.8
1380290 1958.3
1380300 1958.3
1380310 1960.1
1380320 1959.2
1380330 1964.5
1380340 1964.5
1380350 1964.9
1380360 1960.1
1380370 1960.1
1380380 1956.8
1380390 1956.2
1380400 1956.2
1380410 1951.2
1380420 1944.4
1380430 1944.4
1380440 1938.4
1380450 1932.5
1380460 1932.5
1380470 1926.3
1380480 1920.1
1380490 1920.1
1380500 1913.8
1380510 1903.7
1380520 1904.6
1380530 1904.6
1380540 1911.0
1380550 1911.5
1380560 1911.5
1380570 1919.0
1380580 1926.5
1380590 1926.5
1380600 1933.4
1380610 1941.4
1380620 1941.4
1380630 1950.1
1380640 1956.0
1380650 1956.0
1380660 1958.4
1380670 1961.2
1380680 1961.2
1380690 1965.0
1380700 1969.5
1380710 1973.9
1380720 1973.9
1380730 1978.1
1380740 1981.0
1380750 1981.0
1380760 1983.3
1380770 1984.9
1380780 1984.9
1380790 1986.1
1380800 1986.7
1380810 1986.7
1380820 1987.6
1380830 1989.3
1380840 1989.3
1380850 1991.4
1380860 1994.4
1380870 1994.4
1380880 1998.0
1380890 2001.9
1380900 2005.7
1380910 2005.7
1380920 2009.4
1380930 2013.2
1380940 2013.2
1380950 2017.3
1380960 2021.6
1380970 2021.6
1380980 2026.1
1380990 2030.3
1381000 2030.3
1381010 2034.9
1381020 2041.4
1381030 2041.4
1381040 2047.4
1381050 2052.7
1381060 2052.7
1381070 2058.0
1381080 2064.2
1381090 2069.8
1381100 2069.8
1381110 2075.6
1381120 2079.6
1381130 2079.6
1381140 2081.9
1381150 2084.6
1381160 2084.6
1381170 2087.3
1381180 2090.1
1381190 2090.1
1381200 2091.8
1381210 2093.2
1381220 2093.2
1381230 2094.5
1381240 2095.1
1381250 2095.1
1381260 2095.0
1381270 2095.1
1381280 2095.6
1381290 2095.6
1381300 2096.5
1381310 2095.9
1381320 2095.9
1381330 2096.2
1381340 2094.9
1381350 2094.9
1381360 2092.5
1381370 2089.8
1381380 2089.8
1381390 2087.5
1381400 2085.5
1381410 2085.5
1381420 2083.0
1381430 2080.6
1381440 2080.6
1381450 2078.7
1381460 2077.0
1381470 2077.0
1381480 2074.2
1381490 2071.3
1381500 2069.1
1381510 2069.1
1381520 2065.0
1381530 2059.1
1381540 2059.1
1381550 2053.3
1381560 2048.7
1381570 2048.7
1381580 2046.1
1381590 2043.9
1381600 2043.9
1381610 2040.9
1381620 2037.0
1381630 2037.0
1381640 2034.3
1381650 2033.2
1381660 2033.2
1381670 2033.5
1381680 2033.4
1381690 2033.0
1381700 2033.0
1381710 2031.8
1381720 2029.4
1381730 2029.4
1381740 2026.7
1381750 2023.9
1381760 2023.9
1381770 2019.4
1381780 2017.6
1381790 2017.6
1381800 2016.1
1381810 2014.6
1381820 2014.6
1381830 2012.9
1381840 2010.2
1381850 2010.2
1381860 2008.3
1381870 2008.0
1381880 2008.9
1381890 2008.9
1381900 2009.7
1381910 2010.4
1381920 2010.4
1381930 2011.8
1381940 2012.6
1381950 2012.6
1381960 2018.0
1381970 2023.3
1381980 2023.3
1381990 2026.2
1382000 2026.5
1382010 2026.5
1382020 2026.0
1382030 2024.3
1382040 2024.3
1382050 2023.4
1382060 2025.3
1382070 2026.5
1382080 2026.5
1382090 2027.0
1382100 2027.5
1382110 2027.5
1382120 2027.0
1382130 2025.6
1382140 2025.6
1382150 2025.3
1382160 2026.4
1382170 2026.4
1382180 2025.1
1382190 2022.3
1382200 2022.3
1382210 2018.3
1382220 2013.9
1382230 2013.9
1382240 2008.7
1382250 2004.1
1382260 2000.2
1382270 2000.2
1382280 1997.2
1382290 1996.0
1382300 1996.0
1382310 1994.6
1382320 1991.3
1382330 1991.3
1382340 1988.3
1382350 1985.9
1382360 1985.9
1382370 1982.8
1382380 1980.8
1382390 1980.8
1382400 1978.6
1382410 1977.3
1382420 1977.3
1382430 1976.4
1382440 1976.4
1382450 1976.8
1382460 1976.8
1382470 1976.4
1382480 1975.3
1382490 1975.3
1382500 1974.5
1382510 1974.1
1382520 1974.1
1382530 1974.7
1382540 1975.6
1382550 1975.6
1382560 1976.3
1382570 1976.6
1382580 1976.6
1382590 1976.7
1382600 1976.6
1382610 1976.6
1382620 1976.7
1382630 1976.7
1382640 1976.2
1382650 1976.2
1382660 1975.4
1382670 1974.0
1382680 1974.0
1382690 1972.6
1382700 1971.2
1382710 1971.2
1382720 1970.0
1382730 1968.1
1382740 1968.1
1382750 1965.4
1382760 1962.0
1382770 1962.0
1382780 1958.6
1382790 1956.3
1382800 1956.3
1382810 1954.9
1382820 1954.1
1382830 1954.1
1382840 1953.2
1382850 1952.4
1382860 1950.6
1382870 1950.6
1382880 1948.3
1382890 1946.1
1382900 1946.1
1382910 1943.0
1382920 1938.9
1382930 1938.9
1382940 1934.1
1382950 1928.4
1382960 1928.4
1382970 1922.2
1382980 1916.9
1382990 1916.9
1383000 1914.3
1383010 1906.8
1383020 1906.8
1383030 1906.5
1383040 1904.0
1383050 1899.7
1383060 1899.7
1383070 1895.9
1383080 1892.7
1383090 1892.7
1383100 1891.3
1383110 1890.3
1383120 1890.3
1383130 1889.6
1383140 1888.9
1383150 1888.9
1383160 1889.4
1383170 1889.9
1383180 1889.9
1383190 1889.9
1383200 1891.5
1383210 1891.5
1383220 1892.2
1383230 1893.3
1383240 1894.5
1383250 1894.5
1383260 1894.6
1383270 1893.7
1383280 1893.7
1383290 1890.8
1383300 1888.2
1383310 1888.2
1383320 1886.0
1383330 1883.2
1383340 1883.2
1383350 1880.7
1383360 1879.3
1383370 1879.3
1383380 1877.1
1383390 1874.6
1383400 1874.6
1383410 1871.8
1383420 1868.7
1383430 1862.2
1383440 1862.2
1383450 1853.6
1383460 1845.0
1383470 1845.0
1383480 1838.2
1383490 1833.0
1383500 1833.0
1383510 1832.0
1383520 1834.5
1383530 1834.5
1383540 1834.7
1383550 1832.0
1383560 1832.0
1383570 1828.7
1383580 1825.1
1383590 1825.1
1383600 1820.8
1383610 1816.5
1383620 1811.3
1383630 1811.3
1383640 1804.6
1383650 1798.0
1383660 1798.0
1383670 1792.0
1383680 1787.8
1383690 1787.8
1383700 1784.7
1383710 1781.1
1383720 1781.1
1383730 1780.0
1383740 1779.7
1383750 1779.7
1383760 1778.9
1383770 1775.0
1383780 1775.0
1383790 1767.8
1383800 1760.8
1383810 1754.0
1383820 1754.0
1383830 1745.4
1383840 1745.9
1383850 1745.9
1383860 1753.2
1383870 1756.1
1383880 1756.1
1383890 1755.0
1383900 1752.1
1383910 1752.1
1383920 1746.3
1383930 1745.0
1383940 1745.0
1383950 1752.9
1383960 1756.8
1383970 1756.8
1383980 1758.9
1383990 1759.5
1384000 1759.3
1384010 1759.3
1384020 1757.8
1384030 1753.2
1384040 1753.2
1384050 1748.8
1384060 1740.4
1384070 1740.4
1384080 1742.9
1384090 1756.9
1384100 1756.9
1384110 1763.9
1384120 1765.8
1384130 1765.8
1384140 1769.0
1384150 1774.0
1384160 1774.0
1384170 1773.0
1384180 1767.9
1384190 1767.9
1384200 1762.7
1384210 1757.1
1384220 1749.7
1384230 1749.7
1384240 1745.0
1384250 1745.0
1384260 1739.2
1384270 1743.6
1384280 1749.5
1384290 1749.5
1384300 1755.3
1384310 1761.2
1384320 1761.2
1384330 1766.9
1384340 1772.1
1384350 1772.1
1384360 1777.5
1384370 1783.4
1384380 1783.4
1384390 1791.5
1384400 1798.0
1384410 1804.1
1384420 1804.1
1384430 1809.0
1384440 1812.1
1384450 1812.1
1384460 1815.6
1384470 1819.2
1384480 1819.2
1384490 1821.3
1384500 1822.5
1384510 1822.5
1384520 1823.7
1384530 1825.6
1384540 1825.6
1384550 1828.6
1384560 1831.7
1384570 1831.7
1384580 1834.3
1384590 1837.4
1384600 1839.8
1384610 1839.8
1384620 1843.6
1384630 1847.3
1384640 1847.3
1384650 1848.9
1384660 1849.9
1384670 1849.9
1384680 1850.9
1384690 1851.6
1384700 1851.6
1384710 1852.1
1384720 1852.2
1384730 1852.2
1384740 1852.8
1384750 1853.9
1384760 1853.9
1384770 1855.4
1384780 1857.1
1384790 1858.3
1384800 1858.3
1384810 1858.8
1384820 1858.7
1384830 1858.7
1384840 1857.7
1384850 1854.4
1384860 1854.4
1384870 1845.6
1384880 1839.2
1384890 1839.2
1384900 1832.9
1384910 1827.5
1384920 1827.5
1384930 1824.4
1384940 1822.1
1384950 1822.1
1384960 1819.0
1384970 1816.3
1384980 1813.4
1384990 1813.4
1385000 1809.3
1385010 1803.2
1385020 1803.2
1385030 1799.1
1385040 1799.3
1385050 1799.3
1385060 1799.4
1385070 1799.1
1385080 1799.1
1385090 1799.3
1385100 1800.6
1385110 1800.6
1385120 1801.3
1385130 1799.5
1385140 1799.5
1385150 1797.0
1385160 1795.3
1385170 1793.4
1385180 1793.4
1385190 1787.8
1385200 1781.7
1385210 1781.7
1385220 1776.5
1385230 1774.2
1385240 1774.2
1385250 1774.3
1385260 1773.5
1385270 1773.5
1385280 1772.0
1385290 1769.6
1385300 1769.6
1385310 1766.0
1385320 1764.4
1385330 1764.4
1385340 1764.1
1385350 1765.8
1385360 1765.8
1385370 1768.4
1385380 1771.8
1385390 1774.4
1385400 1774.4
1385410 1778.4
1385420 1787.6
1385430 1787.6
1385440 1787.8
1385450 1788.8
1385460 1788.8
1385470 1785.1
1385480 1780.9
1385490 1780.9
1385500 1774.1
1385510 1763.9
1385520 1763.9
1385530 1756.8
1385540 1741.3
1385550 1741.3
1385560 1729.3
1385570 1718.9
1385580 1709.7
1385590 1709.7
1385600 1699.4
1385610 1689.7
1385620 1689.7
1385630 1691.7
1385640 1699.2
1385650 1699.2
1385660 1707.0
1385670 1716.9
1385680 1716.9
1385690 1725.5
1385700 1729.9
1385710 1729.9
1385720 1735.4
1385730 1741.6
1385740 1741.6
1385750 1749.1
1385760 1757.1
1385770 1764.8
1385780 1764.8
1385790 1768.6
1385800 1770.6
1385810 1770.6
1385820 1773.5
1385830 1776.7
1385840 1776.7
1385850 1780.6
1385860 1784.3
1385870 1784.3
1385880 1788.9
1385890 1794.1
1385900 1794.1
1385910 1797.9
1385920 1800.5
1385930 1800.5
1385940 1804.5
1385950 1804.5
1385960 1806.0
1385970 1806.0
1385980 1810.4
1385990 1815.1
1386000 1815.1
1386010 1818.7
1386020 1821.0
1386030 1821.0
1386040 1822.6
1386050 1822.8
1386060 1822.8
1386070 1820.9
1386080 1818.0
1386090 1818.0
1386100 1814.6
1386110 1811.7
1386120 1811.7
1386130 1809.9
1386140 1808.0
1386150 1805.7
1386160 1805.7
1386170 1802.4
1386180 1799.6
1386190 1799.6
1386200 1797.8
1386210 1794.4
1386220 1794.4
1386230 1791.5
1386240 1789.1
1386250 1789.1
1386260 1786.1
1386270 1785.2
1386280 1785.2
1386290 1784.1
1386300 1781.4
1386310 1781.4
1386320 1780.1
1386330 1780.1
1386340 1780.2
1386350 1780.2
1386360 1779.5
1386370 1778.5
1386380 1778.5
1386390 1777.2
1386400 1774.0
1386410 1774.0
1386420 1770.6
1386430 1767.4
1386440 1767.4
1386450 1764.0
1386460 1760.9
1386470 1760.9
1386480 1757.9
1386490 1754.1
1386500 1754.1
1386510 1749.2
1386520 1745.1
1386530 1742.7
1386540 1742.7
1386550 1743.1
1386560 1745.4
1386570 1745.4
1386580 1746.5
1386590 1743.0
1386600 1743.0
1386610 1729.8
1386620 1718.4
1386630 1718.4
1386640 1708.6
1386650 1699.4
1386660 1699.4
1386670 1690.0
1386680 1680.4
1386690 1680.4
1386700 1670.3
1386710 1659.9
1386720 1659.9
1386730 1649.8
1386740 1639.6
1386750 1630.3
1386760 1630.3
1386770 1621.1
1386780 1613.0
1386790 1613.0
1386800 1607.2
1386810 1608.7
1386820 1604.0
1386830 1608.7
1386840 1608.8
1386850 1608.8
1386860 1607.8
1386870 1607.7
1386880 1607.7
1386890 1608.1
1386900 1610.2
1386910 1610.2
1386920 1612.4
1386930 1611.9
1386940 1618.0
1386950 1618.0
1386960 1625.3
1386970 1632.6
1386980 1632.6
1386990 1632.4
1387000 1631.7
1387010 1631.7
1387020 1633.8
1387030 1634.5
1387040 1634.5
1387050 1635.9
1387060 1641.0
1387070 1641.0
1387080 1648.0
1387090 1658.3
1387100 1658.3
1387110 1669.2
1387120 1679.3
1387130 1687.6
1387140 1687.6
1387150 1693.6
1387160 1695.8
1387170 1695.8
1387180 1697.3
1387190 1697.9
1387200 1697.9
1387210 1698.0
1387220 1698.0
1387230 1698.0
1387240 1698.6
1387250 1700.1
1387260 1700.1
1387270 1701.7
1387280 1704.5
1387290 1704.5
1387300 1707.4
1387310 1705.8
1387320 1700.3
1387330 1700.3
1387340 1696.4
1387350 1692.8
1387360 1692.8
1387370 1689.8
1387380 1686.9
1387390 1686.9
1387400 1683.5
1387410 1680.9
1387420 1680.9
1387430 1678.7
1387440 1676.7
1387450 1676.7
1387460 1674.6
1387470 1673.4
1387480 1673.4
1387490 1673.3
1387500 1675.3
1387510 1678.7
1387520 1678.7
1387530 1682.1
1387540 1684.3
1387550 1684.3
1387560 1688.8
1387570 1690.1
1387580 1690.1
1387590 1690.0
1387600 1689.7
1387610 1689.7
1387620 1688.5
1387630 1686.2
1387640 1686.2
1387650 1683.9
1387660 1680.8
1387670 1680.8
1387680 1676.4
1387690 1672.1
1387700 1669.1
1387710 1669.1
1387720 1664.9
1387730 1660.8
1387740 1660.8
1387750 1659.4
1387760 1658.6
1387770 1658.6
1387780 1658.0
1387790 1657.9
1387800 1657.9
1387810 1657.3
1387820 1655.4
1387830 1655.4
1387840 1653.7
1387850 1653.6
1387860 1653.6
1387870 1657.7
1387880 1664.7
1387890 1667.5
1387900 1667.5
1387910 1668.5
1387920 1669.3
1387930 1669.3
1387940 1669.8
1387950 1671.2
1387960 1671.2
1387970 1671.3
1387980 1668.5
1387990 1668.5
1388000 1664.4
1388010 1658.9
1388020 1658.9
1388030 1654.1
1388040 1650.5
1388050 1650.5
1388060 1646.5
1388070 1640.4
1388080 1640.4
1388090 1633.6
1388100 1630.2
1388110 1629.4
1388120 1619.1
1388130 1616.5
1388140 1613.3
1388150 1613.3
1388160 1610.7
1388170 1608.2
1388180 1608.2
1388190 1600.3
1388200 1589.9
1388210 1589.9
1388220 1585.4
1388230 1581.3
1388240 1581.3
1388250 1567.7
1388260 1556.7
1388270 1556.7
1388280 1559.6
1388290 1568.6
1388300 1580.2
1388310 1580.2
1388320 1593.0
1388330 1605.2
1388340 1605.2
1388350 1615.0
1388360 1624.7
1388370 1624.7
1388380 1638.1
1388390 1650.3
1388400 1650.3
1388410 1659.8
1388420 1669.0
1388430 1669.0
1388440 1676.8
1388450 1684.6
1388460 1684.6
1388470 1692.0
1388480 1698.3
1388490 1704.2
1388500 1704.2
1388510 1710.8
1388520 1717.6
1388530 1717.6
1388540 1723.6
1388550 1729.0
1388560 1729.0
1388570 1734.5
1388580 1740.3
1388590 1740.3
1388600 1744.4
1388610 1747.0
1388620 1747.0
1388630 1751.0
1388640 1754.7
1388650 1754.7
1388660 1755.9
1388670 1756.0
1388680 1756.4
1388690 1756.4
1388700 1756.9
1388710 1759.4
1388720 1759.4
1388730 1762.5
1388740 1765.4
1388750 1765.4
1388760 1767.6
1388770 1769.8
1388780 1769.8
1388790 1774.3
1388800 1779.3
1388810 1779.3
1388820 1783.2
1388830 1785.5
1388840 1785.5
1388850 1786.2
1388860 1785.9
1388870 1785.0
1388880 1785.0
1388890 1785.5
1388900 1786.5
1388910 1786.5
1388920 1787.5
1388930 1788.5
1388940 1788.5
1388950 1790.3
1388960 1791.5
1388970 1791.5
1388980 1791.9
1388990 1791.8
1389000 1791.8
1389010 1792.0
1389020 1792.3
1389030 1792.3
1389040 1792.3
1389050 1792.6
1389060 1793.3
1389070 1793.3
1389080 1793.7
1389090 1794.5
1389100 1794.5
1389110 1795.5
1389120 1795.6
1389130 1795.6
1389140 1796.3
1389150 1796.9
1389160 1796.9
1389170 1797.5
1389180 1799.4
1389190 1799.4
1389200 1800.2
1389210 1800.4
1389220 1800.4
1389230 1803.6
1389240 1804.9
1389250 1805.9
1389260 1805.9
1389270 1807.8
1389280 1809.3
1389290 1809.3
1389300 1810.7
1389310 1812.0
1389320 1812.0
1389330 1813.9
1389340 1816.3
1389350 1816.3
1389360 1818.1
1389370 1819.3
1389380 1819.3
1389390 1819.3
1389400 1818.5
1389410 1818.5
1389420 1817.3
1389430 1816.3
1389440 1816.3
1389450 1810.5
1389460 1810.4
1389470 1810.8
1389480 1810.8
1389490 1811.2
1389500 1809.4
1389510 1809.4
1389520 1809.4
1389530 1810.2
1389540 1810.2
1389550 1811.0
1389560 1812.7
1389570 1812.7
1389580 1814.9
1389590 1817.2
1389600 1817.2
1389610 1820.0
1389620 1821.4
1389630 1821.4
1389640 1818.7
1389650 1816.2
1389660 1813.2
1389670 1813.2
1389680 1810.4
1389690 1808.2
1389700 1808.2
1389710 1807.5
1389720 1808.4
1389730 1808.4
1389740 1808.3
1389750 1807.7
1389760 1807.7
1389770 1808.9
1389780 1812.2
1389790 1812.2
1389800 1815.8
1389810 1819.0
1389820 1819.0
1389830 1821.4
1389840 1821.8
1389850 1821.3
1389860 1821.3
1389870 1820.7
1389880 1821.8
1389890 1821.8
1389900 1826.3
1389910 1832.0
1389920 1832.0
1389930 1833.1
1389940 1833.3
1389950 1833.3
1389960 1833.0
1389970 1829.5
1389980 1829.5
1389990 1827.4
1390000 1832.5
1390010 1832.5
1390020 1833.5
1390030 1835.4
1390040 1836.7
1390050 1836.7
1390060 1835.5
1390070 1838.1
1390080 1838.1
1390090 1843.6
1390100 1849.8
1390110 1849.8
1390120 1852.9
1390130 1854.2
1390140 1854.2
1390150 1856.3
1390160 1859.5
1390170 1859.5
1390180 1863.8
1390190 1867.3
1390200 1867.3
1390210 1870.0
1390220 1871.7
1390230 1873.5
1390240 1873.5
1390250 1875.5
1390260 1877.1
1390270 1877.1
1390280 1877.9
1390290 1879.2
1390300 1879.2
1390310 1881.0
1390320 1882.6
1390330 1882.6
1390340 1883.9
1390350 1885.1
1390360 1885.1
1390370 1884.9
1390380 1883.2
1390390 1883.2
1390400 1878.1
1390410 1870.7
1390420 1865.9
1390430 1865.9
1390440 1871.8
1390450 1879.1
1390460 1879.1
1390470 1885.6
1390480 1890.9
1390490 1890.9
1390500 1896.4
1390510 1902.6
1390520 1902.6
1390530 1907.8
1390540 1910.4
1390550 1910.4
1390560 1913.1
1390570 1916.0
1390580 1916.0
1390590 1919.0
1390600 1922.4
1390610 1926.6
1390620 1926.6
1390630 1930.1
1390640 1934.3
1390650 1934.3
1390660 1939.6
1390670 1944.1
1390680 1944.1
1390690 1946.1
1390700 1947.5
1390710 1947.5
1390720 1949.2
1390730 1950.6
1390740 1950.6
1390750 1951.7
1390760 1952.1
1390770 1952.1
1390780 1951.8
1390790 1948.0
1390800 1948.0
1390810 1947.8
1390820 1947.9
1390830 1947.6
1390840 1947.6
1390850 1947.0
1390860 1945.9
1390870 1945.9
1390880 1944.3
1390890 1941.0
1390900 1941.0
1390910 1935.1
1390920 1933.6
1390930 1933.6
1390940 1937.4
1390950 1939.3
1390960 1939.3
1390970 1939.5
1390980 1939.2
1390990 1939.2
1391000 1938.8
1391010 1937.7
1391020 1937.5
1391030 1937.5
1391040 1939.9
1391050 1942.2
1391060 1942.2
1391070 1943.9
1391080 1945.0
1391090 1945.0
1391100 1945.6
1391110 1946.1
1391120 1946.1
1391130 1947.6
1391140 1944.4
1391150 1944.4
1391160 1938.1
1391170 1933.9
1391180 1933.9
1391190 1933.6
1391200 1936.5
1391210 1940.2
1391220 1940.2
1391230 1941.3
1391240 1940.4
1391250 1940.4
1391260 1939.0
1391270 1937.3
1391280 1937.3
1391290 1935.6
1391300 1933.4
1391310 1933.4
1391320 1931.1
1391330 1929.0
1391340 1929.0
1391350 1927.1
1391360 1926.1
1391370 1926.1
1391380 1925.7
1391390 1925.2
1391400 1924.4
1391410 1924.4
1391420 1924.0
1391430 1923.8
1391440 1923.8
1391450 1923.5
1391460 1923.5
1391470 1923.5
1391480 1923.8
1391490 1923.9
1391500 1923.9
1391510 1923.5
1391520 1922.7
1391530 1922.7
1391540 1920.3
1391550 1916.4
1391560 1916.4
1391570 1913.1
1391580 1905.3
1391590 1896.5
1391600 1896.5
1391610 1898.0
1391620 1905.1
1391630 1905.1
1391640 1912.1
1391650 1915.7
1391660 1915.7
1391670 1917.2
1391680 1919.0
1391690 1919.0
1391700 1920.9
1391710 1922.7
1391720 1922.7
1391730 1923.4
1391740 1923.6
1391750 1923.6
1391760 1923.8
1391770 1923.6
1391780 1923.0
1391790 1923.0
1391800 1920.7
1391810 1917.5
1391820 1917.5
1391830 1913.5
1391840 1908.7
1391850 1908.7
1391860 1902.5
1391870 1895.3
1391880 1895.3
1391890 1887.3
1391900 1882.1
1391910 1882.1
1391920 1880.4
1391930 1881.9
1391940 1881.9
1391950 1885.2
1391960 1887.4
1391970 1888.1
1391980 1888.1
1391990 1888.8
1392000 1888.9
1392010 1888.9
1392020 1888.6
1392030 1890.0
1392040 1890.0
1392050 1891.7
1392060 1892.8
1392070 1892.8
1392080 1894.0
1392090 1896.6
1392100 1896.6
1392110 1897.0
1392120 1896.9
1392130 1896.9
1392140 1896.3
1392150 1887.2
1392160 1887.2
1392170 1885.0
1392180 1885.4
1392190 1886.4
1392200 1886.4
1392210 1889.0
1392220 1891.7
1392230 1891.7
1392240 1894.7
1392250 1897.6
1392260 1897.6
1392270 1899.8
1392280 1900.7
1392290 1900.7
1392300 1900.5
1392310 1901.9
1392320 1901.9
1392330 1897.9
1392340 1894.9
1392350 1894.9
1392360 1895.8
1392370 1897.7
1392380 1897.0
1392390 1897.0
1392400 1894.1
1392410 1889.0
1392420 1889.0
1392430 1886.3
1392440 1890.8
1392450 1890.8
1392460 1896.2
1392470 1898.8
1392480 1898.8
1392490 1898.7
1392500 1897.1
1392510 1897.1
1392520 1895.5
1392530 1895.4
1392540 1895.4
1392550 1895.0
1392560 1891.9
1392570 1888.6
1392580 1888.6
1392590 1884.8
1392600 1879.6
1392610 1879.6
1392620 1876.9
1392630 1876.4
1392640 1876.4
1392650 1873.9
1392660 1871.4
1392670 1871.4
1392680 1868.7
1392690 1863.8
1392700 1863.8
1392710 1858.3
1392720 1853.6
1392730 1853.6
1392740 1851.0
1392750 1847.5
1392760 1843.6
1392770 1843.6
1392780 1840.5
1392790 1837.1
1392800 1837.1
1392810 1832.3
1392820 1829.0
1392830 1829.0
1392840 1826.2
1392850 1823.1
1392860 1823.1
1392870 1819.6
1392880 1815.9
1392890 1815.9
1392900 1811.1
1392910 1807.3
1392920 1807.3
1392930 1805.5
1392940 1804.0
1392950 1798.1
1392960 1798.1
1392970 1793.5
1392980 1795.7
1392990 1795.7
1393000 1798.5
1393010 1799.8
1393020 1799.8
1393030 1800.6
1393040 1799.2
1393050 1799.2
1393060 1798.9
1393070 1798.8
1393080 1798.8
1393090 1797.1
1393100 1795.8
1393110 1795.8
1393120 1793.5
1393130 1789.2
1393140 1783.6
1393150 1783.6
1393160 1782.9
1393170 1787.9
1393180 1787.9
1393190 1786.7
1393200 1781.8
1393210 1781.8
1393220 1772.1
1393230 1767.2
1393240 1767.2
1393250 1775.1
1393260 1783.5
1393270 1783.5
1393280 1792.1
1393290 1798.5
1393300 1798.5
1393310 1804.1
1393320 1807.0
1393330 1808.6
1393340 1808.6
1393350 1811.7
1393360 1821.0
1393370 1821.0
1393380 1825.7
1393390 1825.5
1393400 1825.5
1393410 1823.3
1393420 1819.4
1393430 1819.4
1393440 1817.7
1393450 1819.5
1393460 1819.5
1393470 1820.8
1393480 1819.2
1393490 1819.2
1393500 1817.3
1393510 1816.0
1393520 1810.6
1393530 1810.8
1393540 1811.3
1393550 1812.3
1393560 1812.3
1393570 1813.7
1393580 1813.2
1393590 1813.2
1393600 1810.0
1393610 1806.4
1393620 1806.4
1393630 1803.3
1393640 1800.6
1393650 1800.6
1393660 1798.5
1393670 1796.0
1393680 1796.0
1393690 1793.5
1393700 1789.1
1393710 1789.1
1393720 1783.2
1393730 1785.8
1393740 1793.5
1393750 1793.5
1393760 1802.5
1393770 1808.5
1393780 1808.5
1393790 1812.5
1393800 1816.7
1393810 1816.7
1393820 1818.5
1393830 1821.4
1393840 1821.4
1393850 1826.7
1393860 1832.4
1393870 1832.4
1393880 1835.0
1393890 1839.7
1393900 1839.7
1393910 1846.7
1393920 1856.3
1393930 1865.4
1393940 1865.4
1393950 1876.9
1393960 1892.7
1393970 1892.7
1393980 1906.5
1393990 1913.3
1394000 1913.3
1394010 1921.3
1394020 1930.8
1394030 1930.8
1394040 1937.2
1394050 1942.1
1394060 1942.1
1394070 1944.2
1394080 1942.7
1394090 1942.7
1394100 1942.6
1394110 1941.0
1394120 1935.7
1394130 1935.7
1394140 1930.4
1394150 1933.0
1394160 1933.0
1394170 1932.0
1394180 1925.6
1394190 1925.6
1394200 1919.1
1394210 1913.6
1394220 1913.6
1394230 1909.3
1394240 1906.7
1394250 1906.7
1394260 1905.2
1394270 1904.7
1394280 1904.7
1394290 1906.3
1394300 1905.4
1394310 1902.2
1394320 1902.2
1394330 1900.2
1394340 1899.3
1394350 1899.3
1394360 1899.0
1394370 1898.7
1394380 1898.7
1394390 1898.2
1394400 1897.6
1394410 1897.6
1394420 1897.0
1394430 1896.3
1394440 1896.3
1394450 1895.5
1394460 1895.7
1394470 1895.7
1394480 1897.7
1394490 1901.0
1394500 1906.2
1394510 1906.2
1394520 1911.3
1394530 1915.0
1394540 1915.0
1394550 1917.6
1394560 1917.9
1394570 1917.9
1394580 1915.4
1394590 1909.2
1394600 1909.2
1394610 1905.4
1394620 1904.6
1394630 1904.6
1394640 1903.3
1394650 1902.3
1394660 1902.3
1394670 1902.5
1394680 1903.1
1394690 1901.6
1394700 1901.6
1394710 1901.0
1394720 1896.6
1394730 1896.6
1394740 1889.9
1394750 1886.8
1394760 1886.8
1394770 1884.7
1394780 1882.7
1394790 1882.7
1394800 1880.2
1394810 1877.7
1394820 1877.7
1394830 1875.8
1394840 1873.5
1394850 1873.5
1394860 1869.3
1394870 1863.7
1394880 1863.7
1394890 1859.9
1394900 1856.4
1394910 1856.5
1394920 1843.7
1394930 1840.4
1394940 1836.6
1394950 1836.6
1394960 1834.3
1394970 1832.7
1394980 1832.7
1394990 1831.4
1395000 1831.7
1395010 1831.7
1395020 1832.4
1395030 1832.9
1395040 1832.9
1395050 1833.1
1395060 1832.9
1395070 1832.9
1395080 1832.0
1395090 1830.7
1395100 1829.1
1395110 1829.1
1395120 1827.3
1395130 1825.1
1395140 1825.1
1395150 1823.0
1395160 1821.8
1395170 1821.8
1395180 1820.7
1395190 1818.9
1395200 1818.9
1395210 1817.7
1395220 1816.4
1395230 1816.4
1395240 1815.0
1395250 1814.0
1395260 1814.0
1395270 1812.6
1395280 1811.2
1395290 1810.2
1395300 1810.2
1395310 1809.4
1395320 1808.6
1395330 1808.6
1395340 1807.3
1395350 1805.2
1395360 1805.2
1395370 1802.9
1395380 1800.4
1395390 1800.4
1395400 1797.2
1395410 1794.1
1395420 1794.1
1395430 1791.4
1395440 1789.0
1395450 1789.0
1395460 1787.0
1395470 1785.8
1395480 1785.6
1395490 1785.6
1395500 1784.9
1395510 1783.9
1395520 1783.9
1395530 1781.5
1395540 1778.5
1395550 1778.5
1395560 1775.7
1395570 1772.9
1395580 1772.9
1395590 1770.1
1395600 1767.2
1395610 1767.2
1395620 1764.8
1395630 1762.6
1395640 1762.6
1395650 1760.4
1395660 1757.9
1395670 1755.7
1395680 1755.7
1395690 1753.6
1395700 1751.0
1395710 1751.0
1395720 1748.6
1395730 1746.8
1395740 1746.8
1395750 1745.8
1395760 1744.8
1395770 1744.8
1395780 1743.1
1395790 1741.6
1395800 1741.6
1395810 1740.0
1395820 1737.5
1395830 1737.5
1395840 1735.6
1395850 1734.6
1395860 1734.5
1395870 1734.5
1395880 1733.7
1395890 1732.6
1395900 1732.6
1395910 1731.8
1395920 1731.7
1395930 1731.7
1395940 1731.7
1395950 1731.2
1395960 1731.2
1395970 1730.2
1395980 1727.8
1395990 1727.8
1396000 1725.5
1396010 1723.8
1396020 1723.8
1396030 1722.0
1396040 1720.1
1396050 1720.1
1396060 1718.2
1396070 1716.1
1396080 1714.5
1396090 1714.5
1396100 1712.6
1396110 1709.9
1396120 1709.9
1396130 1706.9
1396140 1704.0
1396150 1704.0
1396160 1701.8
1396170 1699.9
1396180 1699.9
1396190 1697.9
1396200 1696.0
1396210 1696.0
1396220 1693.9
1396230 1691.3
1396240 1691.3
1396250 1688.4
1396260 1685.9
1396270 1682.9
1396280 1682.9
1396290 1679.9
1396300 1677.9
1396310 1677.9
1396320 1676.0
1396330 1674.1
1396340 1670.9
1396350 1668.5
1396360 1663.9
1396370 1663.9
1396380 1659.4
1396390 1656.2
1396400 1656.2
1396410 1651.9
1396420 1649.2
1396430 1649.2
1396440 1649.4
1396450 1648.7
1396460 1645.9
1396470 1645.9
1396480 1642.7
1396490 1638.5
1396500 1638.5
1396510 1632.9
1396520 1625.9
1396530 1625.9
1396540 1618.7
1396550 1610.8
1396560 1610.8
1396570 1607.7
1396580 1610.8
1396590 1610.8
1396600 1614.3
1396610 1610.9
1396620 1610.9
1396630 1604.1
1396640 1597.6
1396650 1594.3
1396660 1594.3
1396670 1596.9
1396680 1600.4
1396690 1600.4
1396700 1603.7
1396710 1605.5
1396720 1605.5
1396730 1606.2
1396740 1603.2
1396750 1603.2
1396760 1600.3
1396770 1598.8
1396780 1598.8
1396790 1597.8
1396800 1596.5
1396810 1596.5
1396820 1596.0
1396830 1596.1
1396840 1596.6
1396850 1596.6
1396860 1597.6
1396870 1598.4
1396880 1598.4
1396890 1600.4
1396900 1602.0
1396910 1602.0
1396920 1603.6
1396930 1605.6
1396940 1605.6
1396950 1606.8
1396960 1608.0
1396970 1608.0
1396980 1607.7
1396990 1607.5
1397000 1607.5
1397010 1607.9
1397020 1608.3
1397030 1607.3
1397040 1607.3
1397050 1605.3
1397060 1602.6
1397070 1602.6
1397080 1600.0
1397090 1596.1
1397100 1596.1
1397110 1591.3
1397120 1585.4
1397130 1585.4
1397140 1582.0
1397150 1583.3
1397160 1583.3
1397170 1584.5
1397180 1587.0
1397190 1587.0
1397200 1591.5
1397210 1594.3
1397220 1598.9
1397230 1598.9
1397240 1603.7
1397250 1607.3
1397260 1607.3
1397270 1611.0
1397280 1615.2
1397290 1615.2
1397300 1619.2
1397310 1622.6
1397320 1622.6
1397330 1624.6
1397340 1627.7
1397350 1627.7
1397360 1630.8
1397370 1634.3
1397380 1634.3
1397390 1637.9
1397400 1641.8
1397410 1641.8
1397420 1645.8
1397430 1649.2
1397440 1653.6
1397450 1653.6
1397460 1657.2
1397470 1660.4
1397480 1660.4
1397490 1663.3
1397500 1666.4
1397510 1666.4
1397520 1669.2
1397530 1672.1
1397540 1672.1
1397550 1674.9
1397560 1677.8
1397570 1677.8
1397580 1681.3
1397590 1683.5
1397600 1683.5
1397610 1684.9
1397620 1687.6
1397630 1689.8
1397640 1689.8
1397650 1691.8
1397660 1694.0
1397670 1694.0
1397680 1696.6
1397690 1698.3
1397700 1698.3
1397710 1700.7
1397720 1703.7
1397730 1703.7
1397740 1706.5
1397750 1708.3
1397760 1708.3
1397770 1709.4
1397780 1710.2
1397790 1708.8
1397800 1709.4
1397810 1709.3
1397820 1707.9
1397830 1707.9
1397840 1705.3
1397850 1701.7
1397860 1701.7
1397870 1695.2
1397880 1687.2
1397890 1687.2
1397900 1676.2
1397910 1665.0
1397920 1665.0
1397930 1650.2
1397940 1634.5
1397950 1634.5
1397960 1621.0
1397970 1603.9
1397980 1603.9
1397990 1587.0
1398000 1573.6
1398010 1559.8
1398020 1559.8
1398030 1546.1
1398040 1531.5
1398050 1531.5
1398060 1513.8
1398070 1497.9
1398080 1497.9
1398090 1485.7
1398100 1474.2
1398110 1474.2
1398120 1464.7
1398130 1453.2
1398140 1453.2
1398150 1443.5
1398160 1435.6
1398170 1435.6
1398180 1428.4
1398190 1422.3
1398200 1416.1
1398210 1416.1
1398220 1409.2
1398230 1401.5
1398240 1401.5
1398250 1394.0
1398260 1387.2
1398270 1387.2
1398280 1380.5
1398290 1373.9
1398300 1373.9
1398310 1367.4
1398320 1361.2
1398330 1361.2
1398340 1355.2
1398350 1348.7
1398360 1348.7
1398370 1342.4
1398380 1336.2
1398390 1330.2
1398400 1330.2
1398410 1323.9
1398420 1317.7
1398430 1317.7
1398440 1311.5
1398450 1305.3
1398460 1305.3
1398470 1299.0
1398480 1292.2
1398490 1292.2
1398500 1285.6
1398510 1278.8
1398520 1278.8
1398530 1272.2
1398540 1264.2
1398550 1264.2
1398560 1256.7
1398570 1250.0
1398580 1243.1
1398590 1243.1
1398600 1235.5
1398610 1228.1
1398620 1228.1
1398630 1220.3
1398640 1212.9
1398650 1212.9
1398660 1207.3
1398670 1202.4
1398680 1202.4
1398690 1198.0
1398700 1194.4
1398710 1194.4
1398720 1190.4
1398730 1183.8
1398740 1183.8
1398750 1178.6
1398760 1173.4
1398770 1173.4
1398780 1165.9
1398790 1158.7
1398800 1153.8
1398810 1153.8
1398820 1149.0
1398830 1142.2
1398840 1142.2
1398850 1136.3
1398860 1131.9
1398870 1131.9
1398880 1126.9
1398890 1121.0
1398900 1121.0
1398910 1115.7
1398920 1111.1
1398930 1111.1
1398940 1106.9
1398950 1102.6
1398960 1102.6
1398970 1098.1
1398980 1094.5
1398990 1090.5
1399000 1090.5
1399010 1087.0
1399020 1083.8
1399030 1083.8
1399040 1080.4
1399050 1076.8
1399060 1076.8
1399070 1072.2
1399080 1064.5
1399090 1064.5
1399100 1056.8
1399110 1043.3
1399120 1043.3
1399130 1034.6
1399140 1026.3
1399150 1026.3
1399160 1013.7
1399170 999.7
1399180 989.7
1399190 989.7
1399200 978.6
1399210 965.6
1399220 965.6
1399230 957.4
1399240 950.3
1399250 953.7
1399260 946.8
1399270 940.6
1399280 940.6
1399290 933.7
1399300 926.3
1399310 926.3
1399320 919.0
1399330 912.1
1399340 912.1
1399350 905.0
1399360 898.4
1399370 891.9
1399380 891.9
1399390 885.0
1399400 878.9
1399410 878.9
1399420 874.2
1399430 870.6
1399440 870.6
1399450 867.0
1399460 862.3
1399470 862.3
1399480 858.1
1399490 854.6
1399500 854.6
1399510 852.0
1399520 848.8
1399530 848.8
1399540 844.2
1399550 842.0
1399560 837.3
1399570 837.3
1399580 831.6
1399590 826.5
1399600 826.5
1399610 822.5
1399620 819.8
1399630 819.8
1399640 817.8
1399650 817.1
1399660 817.1
1399670 816.7
1399680 816.6
1399690 816.6
1399700 816.3
1399710 816.0
1399720 816.0
1399730 815.8
1399740 815.5
1399750 815.5
1399760 815.5
1399770 815.4
1399780 815.2
1399790 815.2
1399800 815.3
1399810 815.9
1399820 815.9
1399830 816.1
1399840 816.1
1399850 816.1
1399860 815.7
1399870 814.9
1399880 814.9
1399890 814.7
1399900 814.8
1399910 814.8
1399920 814.7
1399930 814.5
1399940 811.2
1399950 811.2
1399960 809.7
1399970 809.8
1399980 809.8
1399990 812.2
