1380000 2113.3
1380010 2107.7
1380020 2102.1
1380030 2102.1
1380040 2096.9
1380050 2092.4
1380060 2092.4
1380070 2087.2
1380080 2080.8
1380090 2080.8
1380100 2074.0
1380110 2066.1
1380120 2066.1
1380130 2058.1
1380140 2057.0
1380150 2057.0
1380160 2059.3
1380170 2061.5
1380180 2061.5
1380190 2063.6
1380200 2063.3
1380210 2062.0
1380220 2062.0
1380230 2059.3
1380240 2055.8
1380250 2055.8
1380260 2053.0
1380270 2050.6
1380280 2050.6
1380290 2047.7
1380300 2043.8
1380310 2043.8
1380320 2039.3
1380330 2034.1
1380340 2034.1
1380350 2028.3
1380360 2023.0
1380370 2023.0
1380380 2018.6
1380390 2014.8
1380400 2010.7
1380410 2010.7
1380420 2005.8
1380430 1998.9
1380440 1998.9
1380450 1991.4
1380460 1985.8
1380470 1985.8
1380480 1981.1
1380490 1975.9
1380500 1975.9
1380510 1980.0
1380520 1987.7
1380530 1987.7
1380540 1995.3
1380550 2001.7
1380560 2001.7
1380570 2008.2
1380580 2013.9
1380590 2015.5
1380600 2009.1
1380610 2005.3
1380620 1998.2
1380630 1998.2
1380640 1997.1
1380650 2002.0
1380660 2002.0
1380670 2008.8
1380680 2013.9
1380690 2013.9
1380700 2020.0
1380710 2027.3
1380720 2027.3
1380730 2033.3
1380740 2039.2
1380750 2039.2
1380760 2044.5
1380770 2049.6
1380780 2054.3
1380790 2054.3
1380800 2058.9
1380810 2063.5
1380820 2063.5
1380830 2068.1
1380840 2073.0
1380850 2073.0
1380860 2079.8
1380870 2087.3
1380880 2087.3
1380890 2093.1
1380900 2100.0
1380910 2100.0
1380920 2107.0
1380930 2112.4
1380940 2112.4
1380950 2115.6
1380960 2116.4
1380970 2117.6
1380980 2117.6
1380990 2119.6
1381000 2122.1
1381010 2122.1
1381020 2124.5
1381030 2127.2
1381040 2127.2
1381050 2130.7
1381060 2134.0
1381070 2134.0
1381080 2137.1
1381090 2140.9
1381100 2140.9
1381110 2145.1
1381120 2149.7
1381130 2149.7
1381140 2155.7
1381150 2159.7
1381160 2162.2
1381170 2162.2
1381180 2164.3
1381190 2166.8
1381200 2166.8
1381210 2170.8
1381220 2175.9
1381230 2175.9
1381240 2181.8
1381250 2187.5
1381260 2187.5
1381270 2194.2
1381280 2199.8
1381290 2199.8
1381300 2202.2
1381310 2202.1
1381320 2202.1
1381330 2201.7
1381340 2201.4
1381350 2201.4
1381360 2200.6
1381370 2199.5
1381380 2198.8
1381390 2198.8
1381400 2197.8
1381410 2196.8
1381420 2196.8
1381430 2195.1
1381440 2192.2
1381450 2192.2
1381460 2186.6
1381470 2181.4
1381480 2181.4
1381490 2176.7
1381500 2171.0
1381510 2171.0
1381520 2166.0
1381530 2162.4
1381540 2162.4
1381550 2159.3
1381560 2155.5
1381570 2150.7
1381580 2150.7
1381590 2143.9
1381600 2137.2
1381610 2137.2
1381620 2132.0
1381630 2127.8
1381640 2127.8
1381650 2123.9
1381660 2121.1
1381670 2121.1
1381680 2118.5
1381690 2116.8
1381700 2116.8
1381710 2116.6
1381720 2116.5
1381730 2116.5
1381740 2115.8
1381750 2115.6
1381760 2115.7
1381770 2115.7
1381780 2115.5
1381790 2115.7
1381800 2115.7
1381810 2116.1
1381820 2110.2
1381830 2110.2
1381840 2109.7
1381850 2107.9
1381860 2107.9
1381870 2105.0
1381880 2102.0
1381890 2102.0
1381900 2099.0
1381910 2094.4
1381920 2094.4
1381930 2089.5
1381940 2086.2
1381950 2083.8
1381960 2083.8
1381970 2082.4
1381980 2081.3
1381990 2081.3
1382000 2081.0
1382010 2081.3
1382020 2081.3
1382030 2081.5
1382040 2082.2
1382050 2082.2
1382060 2083.2
1382070 2084.3
1382080 2084.3
1382090 2085.5
1382100 2086.4
1382110 2086.4
1382120 2086.8
1382130 2087.1
1382140 2087.1
1382150 2087.1
1382160 2087.8
1382170 2089.0
1382180 2089.0
1382190 2090.1
1382200 2091.7
1382210 2091.7
1382220 2094.3
1382230 2096.9
1382240 2096.9
1382250 2097.7
1382260 2097.8
1382270 2097.8
1382280 2097.9
1382290 2098.1
1382300 2098.1
1382310 2098.4
1382320 2098.5
1382330 2098.7
1382340 2098.7
1382350 2097.8
1382360 2096.3
1382370 2096.3
1382380 2097.0
1382390 2094.1
1382400 2094.1
1382410 2089.5
1382420 2087.8
1382430 2087.8
1382440 2083.6
1382450 2079.8
1382460 2079.8
1382470 2077.3
1382480 2074.9
1382490 2074.9
1382500 2074.5
1382510 2076.5
1382520 2076.5
1382530 2078.4
1382540 2077.7
1382550 2076.7
1382560 2076.7
1382570 2074.6
1382580 2071.7
1382590 2071.7
1382600 2070.6
1382610 2069.7
1382620 2069.7
1382630 2068.5
1382640 2066.5
1382650 2066.5
1382660 2065.5
1382670 2065.0
1382680 2065.0
1382690 2065.2
1382700 2064.2
1382710 2064.2
1382720 2064.0
1382730 2063.9
1382740 2063.0
1382750 2063.0
1382760 2061.6
1382770 2059.5
1382780 2059.5
1382790 2057.1
1382800 2055.7
1382810 2055.7
1382820 2055.8
1382830 2055.1
1382840 2055.1
1382850 2054.0
1382860 2051.2
1382870 2051.2
1382880 2047.0
1382890 2042.4
1382900 2042.4
1382910 2037.7
1382920 2034.4
1382930 2032.8
1382940 2032.8
1382950 2031.2
1382960 2031.1
1382970 2031.1
1382980 2030.0
1382990 2029.2
1383000 2029.2
1383010 2027.6
1383020 2022.2
1383030 2022.2
1383040 2018.3
1383050 2016.6
1383060 2009.7
1383070 2008.7
1383080 2007.6
1383090 2007.6
1383100 2005.9
1383110 2003.8
1383120 2002.7
1383130 2002.7
1383140 2002.2
1383150 2001.7
1383160 2001.7
1383170 2000.6
1383180 1999.2
1383190 1999.2
1383200 1997.5
1383210 1995.5
1383220 1995.5
1383230 1993.4
1383240 1991.6
1383250 1991.6
1383260 1989.6
1383270 1987.0
1383280 1987.0
1383290 1984.3
1383300 1981.7
1383310 1979.8
1383320 1979.8
1383330 1977.2
1383340 1974.4
1383350 1974.4
1383360 1972.4
1383370 1970.3
1383380 1970.3
1383390 1968.1
1383400 1966.4
1383410 1966.4
1383420 1965.0
1383430 1963.2
1383440 1963.2
1383450 1961.5
1383460 1958.8
1383470 1958.8
1383480 1955.3
1383490 1950.2
1383500 1944.1
1383510 1944.1
1383520 1937.7
1383530 1931.7
1383540 1931.7
1383550 1927.0
1383560 1921.9
1383570 1921.9
1383580 1913.9
1383590 1907.9
1383600 1907.9
1383610 1903.2
1383620 1896.9
1383630 1896.9
1383640 1890.9
1383650 1886.7
1383660 1886.7
1383670 1885.9
1383680 1890.0
1383690 1893.3
1383700 1893.3
1383710 1890.2
1383720 1886.3
1383730 1886.3
1383740 1881.5
1383750 1876.3
1383760 1876.3
1383770 1868.9
1383780 1862.1
1383790 1862.1
1383800 1856.9
1383810 1853.7
1383820 1853.7
1383830 1854.0
1383840 1857.7
1383850 1857.7
1383860 1858.8
1383870 1856.3
1383880 1856.3
1383890 1855.6
1383900 1855.7
1383910 1855.5
1383920 1855.5
1383930 1856.4
1383940 1856.6
1383950 1856.6
1383960 1855.2
1383970 1855.1
1383980 1855.1
1383990 1852.1
1384000 1842.3
1384010 1842.3
1384020 1843.9
1384030 1846.5
1384040 1846.5
1384050 1844.3
1384060 1837.7
1384070 1837.7
1384080 1829.5
1384090 1834.2
1384100 1838.2
1384110 1838.2
1384120 1839.5
1384130 1836.9
1384140 1836.9
1384150 1832.2
1384160 1828.9
1384170 1828.9
1384180 1834.2
1384190 1844.5
1384200 1844.5
1384210 1853.3
1384220 1857.4
1384230 1857.4
1384240 1859.8
1384250 1862.4
1384260 1862.4
1384270 1865.2
1384280 1866.9
1384290 1868.4
1384300 1868.4
1384310 1871.4
1384320 1868.3
1384330 1868.3
1384340 1874.2
1384350 1879.8
1384360 1879.8
1384370 1885.9
1384380 1892.5
1384390 1892.5
1384400 1898.6
1384410 1902.0
1384420 1902.0
1384430 1906.0
1384440 1909.1
1384450 1909.1
1384460 1911.3
1384470 1913.9
1384480 1917.0
1384490 1917.0
1384500 1920.0
1384510 1922.9
1384520 1922.9
1384530 1926.7
1384540 1930.9
1384550 1930.9
1384560 1935.0
1384570 1939.1
1384580 1939.1
1384590 1943.1
1384600 1946.4
1384610 1946.4
1384620 1949.1
1384630 1951.4
1384640 1951.4
1384650 1953.0
1384660 1955.6
1384670 1959.2
1384680 1959.2
1384690 1963.1
1384700 1965.1
1384710 1965.1
1384720 1965.7
1384730 1965.6
1384740 1965.6
1384750 1965.2
1384760 1964.8
1384770 1964.8
1384780 1963.8
1384790 1963.2
1384800 1963.2
1384810 1963.0
1384820 1963.6
1384830 1963.6
1384840 1964.5
1384850 1963.9
1384860 1959.8
1384870 1959.8
1384880 1955.8
1384890 1951.8
1384900 1951.8
1384910 1947.7
1384920 1943.4
1384930 1943.4
1384940 1939.5
1384950 1936.2
1384960 1936.2
1384970 1932.8
1384980 1929.7
1384990 1929.7
1385000 1925.7
1385010 1921.3
1385020 1921.3
1385030 1918.5
1385040 1915.2
1385050 1915.2
1385060 1910.4
1385070 1905.2
1385080 1904.3
1385090 1904.3
1385100 1906.3
1385110 1902.6
1385120 1902.6
1385130 1904.5
1385140 1906.1
1385150 1906.1
1385160 1906.1
1385170 1905.9
1385180 1905.9
1385190 1904.0
1385200 1901.8
1385210 1901.8
1385220 1900.6
1385230 1900.1
1385240 1900.1
1385250 1900.0
1385260 1899.6
1385270 1899.8
1385280 1899.8
1385290 1900.3
1385300 1899.1
1385310 1899.1
1385320 1897.7
1385330 1894.6
1385340 1894.6
1385350 1888.4
1385360 1881.8
1385370 1881.8
1385380 1875.7
1385390 1872.5
1385400 1872.5
1385410 1870.7
1385420 1868.8
1385430 1868.8
1385440 1867.3
1385450 1865.0
1385460 1863.6
1385470 1863.6
1385480 1859.5
1385490 1850.3
1385500 1850.3
1385510 1839.6
1385520 1828.6
1385530 1828.6
1385540 1817.6
1385550 1803.3
1385560 1803.3
1385570 1791.7
1385580 1783.1
1385590 1783.1
1385600 1778.5
1385610 1778.6
1385620 1778.6
1385630 1783.1
1385640 1791.0
1385650 1801.3
1385660 1801.3
1385670 1812.8
1385680 1818.8
1385690 1818.8
1385700 1823.5
1385710 1829.4
1385720 1829.4
1385730 1834.1
1385740 1836.2
1385750 1836.2
1385760 1837.6
1385770 1839.0
1385780 1839.0
1385790 1840.4
1385800 1841.8
1385810 1841.8
1385820 1842.6
1385830 1844.7
1385840 1848.6
1385850 1848.6
1385860 1852.2
1385870 1853.9
1385880 1853.9
1385890 1854.1
1385900 1854.8
1385910 1854.8
1385920 1855.0
1385930 1856.7
1385940 1856.7
1385950 1859.7
1385960 1863.4
1385970 1863.4
1385980 1866.6
1385990 1869.0
1386000 1869.0
1386010 1872.4
1386020 1876.1
1386030 1878.2
1386040 1878.2
1386050 1881.1
1386060 1884.8
1386070 1884.8
1386080 1886.4
1386090 1886.1
1386100 1886.1
1386110 1888.4
1386120 1890.3
1386130 1890.3
1386140 1889.2
1386150 1887.3
1386160 1887.3
1386170 1887.1
1386180 1886.0
1386190 1886.0
1386200 1883.7
1386210 1881.0
1386220 1881.0
1386230 1877.0
1386240 1873.9
1386250 1869.9
1386260 1869.9
1386270 1867.2
1386280 1865.4
1386290 1865.4
1386300 1862.4
1386310 1861.2
1386320 1861.2
1386330 1861.7
1386340 1861.7
1386350 1861.7
1386360 1861.6
1386370 1860.6
1386380 1860.6
1386390 1856.9
1386400 1853.2
1386410 1853.2
1386420 1851.6
1386430 1850.7
1386440 1849.7
1386450 1849.7
1386460 1846.5
1386470 1842.0
1386480 1842.0
1386490 1836.2
1386500 1830.4
1386510 1830.4
1386520 1827.2
1386530 1820.3
1386540 1820.3
1386550 1815.6
1386560 1813.4
1386570 1813.4
1386580 1810.3
1386590 1798.3
1386600 1798.3
1386610 1785.3
1386620 1775.1
1386630 1764.9
1386640 1764.9
1386650 1754.6
1386660 1747.4
1386670 1747.4
1386680 1744.8
1386690 1738.1
1386700 1738.1
1386710 1728.5
1386720 1722.2
1386730 1722.2
1386740 1716.2
1386750 1706.8
1386760 1706.8
1386770 1697.0
1386780 1698.3
1386790 1698.3
1386800 1707.7
1386810 1717.0
1386820 1726.5
1386830 1726.5
1386840 1733.7
1386850 1740.0
1386860 1740.0
1386870 1743.1
1386880 1744.0
1386890 1744.0
1386900 1748.8
1386910 1753.4
1386920 1753.4
1386930 1757.1
1386940 1758.9
1386950 1758.9
1386960 1760.1
1386970 1765.0
1386980 1765.0
1386990 1768.6
1387000 1770.8
1387010 1772.9
1387020 1772.9
1387030 1775.1
1387040 1776.6
1387050 1776.6
1387060 1779.3
1387070 1782.8
1387080 1782.8
1387090 1787.2
1387100 1790.8
1387110 1790.8
1387120 1793.2
1387130 1795.2
1387140 1795.2
1387150 1798.3
1387160 1799.1
1387170 1799.1
1387180 1798.0
1387190 1794.6
1387200 1790.9
1387210 1790.9
1387220 1789.2
1387230 1788.4
1387240 1788.4
1387250 1788.5
1387260 1789.5
1387270 1789.5
1387280 1790.7
1387290 1791.6
1387300 1791.6
1387310 1792.9
1387320 1795.7
1387330 1795.7
1387340 1797.8
1387350 1799.6
1387360 1799.6
1387370 1801.6
1387380 1803.1
1387390 1803.0
1387400 1803.0
1387410 1802.9
1387420 1802.7
1387430 1802.7
1387440 1801.1
1387450 1799.0
1387460 1799.0
1387470 1796.9
1387480 1796.5
1387490 1796.5
1387500 1796.4
1387510 1796.2
1387520 1796.2
1387530 1795.2
1387540 1793.4
1387550 1793.4
1387560 1790.7
1387570 1788.7
1387580 1788.7
1387590 1787.0
1387600 1784.6
1387610 1783.0
1387620 1783.0
1387630 1783.0
1387640 1783.0
1387650 1783.0
1387660 1784.0
1387670 1786.3
1387680 1786.3
1387690 1788.4
1387700 1788.1
1387710 1788.1
1387720 1784.2
1387730 1778.4
1387740 1778.4
1387750 1774.3
1387760 1771.7
1387770 1771.7
1387780 1770.1
1387790 1768.9
1387800 1767.7
1387810 1767.7
1387820 1766.0
1387830 1764.2
1387840 1764.2
1387850 1762.4
1387860 1761.4
1387870 1761.4
1387880 1761.2
1387890 1761.8
1387900 1761.8
1387910 1760.6
1387920 1757.9
1387930 1757.9
1387940 1756.2
1387950 1755.4
1387960 1755.4
1387970 1755.3
1387980 1757.0
1387990 1757.8
1388000 1757.8
1388010 1757.1
1388020 1755.6
1388030 1755.6
1388040 1754.4
1388050 1754.7
1388060 1754.7
1388070 1752.2
1388080 1750.3
1388090 1750.3
1388100 1748.5
1388110 1749.0
1388120 1749.0
1388130 1751.1
1388140 1749.9
1388150 1749.9
1388160 1745.2
1388170 1738.4
1388180 1721.7
1388190 1721.7
1388200 1709.6
1388210 1700.5
1388220 1700.5
1388230 1690.9
1388240 1691.1
1388250 1691.1
1388260 1696.0
1388270 1699.0
1388280 1699.0
1388290 1699.1
1388300 1695.3
1388310 1695.3
1388320 1686.7
1388330 1674.1
1388340 1674.1
1388350 1658.9
1388360 1649.3
1388370 1651.5
1388380 1651.5
1388390 1662.9
1388400 1672.3
1388410 1672.3
1388420 1682.1
1388430 1687.1
1388440 1687.1
1388450 1680.3
1388460 1677.5
1388470 1677.5
1388480 1682.7
1388490 1680.9
1388500 1680.9
1388510 1672.8
1388520 1671.2
1388530 1671.2
1388540 1675.9
1388550 1683.1
1388560 1692.4
1388570 1692.4
1388580 1702.4
1388590 1716.6
1388600 1716.6
1388610 1731.3
1388620 1743.5
1388630 1743.5
1388640 1745.9
1388650 1748.6
1388660 1748.6
1388670 1764.7
1388680 1779.6
1388690 1779.6
1388700 1789.5
1388710 1798.0
1388720 1798.0
1388730 1804.9
1388740 1809.6
1388750 1809.6
1388760 1815.2
1388770 1824.2
1388780 1833.7
1388790 1833.7
1388800 1842.6
1388810 1851.3
1388820 1851.3
1388830 1859.1
1388840 1866.8
1388850 1866.8
1388860 1872.9
1388870 1878.0
1388880 1878.0
1388890 1882.2
1388900 1885.5
1388910 1885.5
1388920 1887.7
1388930 1890.3
1388940 1890.3
1388950 1893.9
1388960 1897.7
1388970 1901.2
1388980 1901.2
1388990 1903.2
1389000 1904.2
1389010 1904.2
1389020 1904.6
1389030 1904.0
1389040 1904.0
1389050 1901.8
1389060 1897.9
1389070 1897.9
1389080 1895.4
1389090 1894.2
1389100 1894.2
1389110 1893.3
1389120 1891.8
1389130 1891.8
1389140 1891.7
1389150 1892.6
1389160 1893.2
1389170 1893.2
1389180 1893.5
1389190 1893.0
1389200 1893.0
1389210 1893.0
1389220 1893.7
1389230 1893.7
1389240 1895.1
1389250 1897.7
1389260 1897.7
1389270 1900.1
1389280 1902.4
1389290 1902.4
1389300 1904.3
1389310 1905.1
1389320 1905.1
1389330 1905.2
1389340 1905.8
1389350 1906.9
1389360 1906.9
1389370 1908.3
1389380 1909.6
1389390 1909.6
1389400 1910.8
1389410 1911.5
1389420 1911.5
1389430 1912.1
1389440 1912.9
1389450 1912.9
1389460 1913.3
1389470 1913.5
1389480 1913.5
1389490 1915.1
1389500 1910.6
1389510 1910.6
1389520 1912.7
1389530 1914.8
1389540 1915.2
1389550 1915.2
1389560 1914.3
1389570 1913.8
1389580 1913.8
1389590 1915.3
1389600 1916.1
1389610 1916.1
1389620 1915.4
1389630 1915.6
1389640 1915.6
1389650 1915.5
1389660 1915.1
1389670 1915.1
1389680 1913.7
1389690 1912.1
1389700 1912.1
1389710 1911.3
1389720 1911.2
1389730 1910.7
1389740 1910.7
1389750 1912.9
1389760 1917.0
1389770 1917.0
1389780 1918.2
1389790 1917.4
1389800 1917.4
1389810 1915.5
1389820 1915.2
1389830 1915.2
1389840 1916.6
1389850 1914.5
1389860 1914.5
1389870 1913.2
1389880 1913.9
1389890 1913.9
1389900 1914.3
1389910 1916.4
1389920 1922.4
1389930 1922.4
1389940 1929.7
1389950 1936.3
1389960 1936.3
1389970 1941.9
1389980 1945.7
1389990 1945.7
1390000 1948.2
1390010 1949.9
1390020 1949.9
1390030 1951.0
1390040 1951.0
1390050 1951.0
1390060 1951.3
1390070 1951.6
1390080 1951.6
1390090 1950.8
1390100 1949.8
1390110 1949.8
1390120 1946.0
1390130 1940.6
1390140 1933.4
1390150 1933.4
1390160 1927.3
1390170 1934.5
1390180 1934.5
1390190 1939.9
1390200 1947.5
1390210 1947.5
1390220 1954.2
1390230 1958.4
1390240 1958.4
1390250 1958.1
1390260 1955.7
1390270 1955.7
1390280 1956.7
1390290 1957.7
1390300 1957.7
1390310 1958.5
1390320 1960.3
1390330 1962.3
1390340 1962.3
1390350 1962.7
1390360 1962.2
1390370 1962.2
1390380 1961.9
1390390 1960.8
1390400 1960.8
1390410 1957.4
1390420 1955.2
1390430 1955.2
1390440 1955.1
1390450 1957.8
1390460 1957.8
1390470 1960.4
1390480 1960.9
1390490 1960.9
1390500 1957.1
1390510 1956.2
1390520 1962.0
1390530 1962.0
1390540 1968.8
1390550 1974.5
1390560 1974.5
1390570 1981.1
1390580 1987.5
1390590 1987.5
1390600 1992.7
1390610 1998.3
1390620 1998.3
1390630 2003.4
1390640 2004.7
1390650 2004.7
1390660 2006.8
1390670 2010.8
1390680 2010.8
1390690 2015.3
1390700 2018.9
1390710 2021.6
1390720 2021.6
1390730 2021.7
1390740 2020.8
1390750 2020.8
1390760 2019.4
1390770 2017.6
1390780 2017.6
1390790 2016.0
1390800 2014.4
1390810 2014.4
1390820 2012.4
1390830 2010.5
1390840 2007.5
1390850 2005.5
1390860 2004.1
1390870 2004.1
1390880 2003.6
1390890 2003.4
1390900 2003.6
1390910 2003.6
1390920 2004.8
1390930 2007.8
1390940 2007.8
1390950 2009.8
1390960 2010.8
1390970 2010.8
1390980 2012.1
1390990 2014.1
1391000 2014.1
1391010 2017.5
1391020 2021.9
1391030 2021.9
1391040 2025.8
1391050 2027.2
1391060 2027.2
1391070 2027.8
1391080 2026.5
1391090 2023.2
1391100 2023.2
1391110 2020.5
1391120 2018.6
1391130 2018.6
1391140 2018.8
1391150 2020.1
1391160 2020.1
1391170 2022.3
1391180 2023.4
1391190 2023.4
1391200 2022.9
1391210 2023.1
1391220 2023.1
1391230 2023.3
1391240 2023.3
1391250 2023.3
1391260 2023.0
1391270 2022.2
1391280 2020.2
1391290 2020.2
1391300 2018.1
1391310 2017.1
1391320 2017.1
1391330 2015.7
1391340 2015.9
1391350 2015.9
1391360 2017.8
1391370 2017.3
1391380 2017.3
1391390 2015.2
1391400 2013.1
1391410 2013.1
1391420 2008.6
1391430 2003.9
1391440 2003.9
1391450 1998.9
1391460 1993.9
1391470 1993.9
1391480 1989.8
1391490 1986.6
1391500 1985.9
1391510 1985.9
1391520 1985.9
1391530 1985.4
1391540 1985.4
1391550 1985.4
1391560 1985.1
1391570 1985.1
1391580 1984.8
1391590 1985.9
1391600 1985.9
1391610 1983.7
1391620 1981.9
1391630 1981.9
1391640 1989.7
1391650 1997.9
1391660 1997.9
1391670 2002.8
1391680 2004.4
1391690 2004.0
1391700 2004.0
1391710 2002.8
1391720 2002.1
1391730 2002.1
1391740 2001.4
1391750 1999.6
1391760 1999.6
1391770 1995.8
1391780 1991.4
1391790 1991.4
1391800 1990.0
1391810 1989.6
1391820 1989.6
1391830 1989.8
1391840 1989.4
1391850 1989.4
1391860 1994.9
1391870 2003.7
1391880 2012.5
1391890 2012.5
1391900 2021.2
1391910 2030.4
1391920 2030.4
1391930 2035.0
1391940 2037.1
1391950 2037.1
1391960 2045.8
1391970 2063.1
1391980 2063.1
1391990 2068.4
1392000 2067.7
1392010 2067.7
1392020 2065.8
1392030 2066.1
1392040 2066.1
1392050 2067.9
1392060 2065.5
1392070 2063.8
1392080 2063.8
1392090 2060.5
1392100 2052.6
1392110 2052.6
1392120 2042.1
1392130 2034.5
1392140 2034.5
1392150 2038.3
1392160 2042.0
1392170 2042.0
1392180 2048.4
1392190 2049.5
1392200 2038.2
1392210 2042.1
1392220 2049.6
1392230 2049.6
1392240 2052.9
1392250 2053.1
1392260 2052.7
1392270 2052.7
1392280 2051.8
1392290 2050.6
1392300 2050.6
1392310 2048.5
1392320 2045.1
1392330 2045.1
1392340 2042.2
1392350 2039.5
1392360 2039.5
1392370 2035.8
1392380 2031.1
1392390 2031.1
1392400 2026.6
1392410 2017.9
1392420 2017.9
1392430 2009.6
1392440 2003.2
1392450 1998.5
1392460 1998.5
1392470 1996.6
1392480 1995.1
1392490 1995.1
1392500 1993.3
1392510 1990.5
1392520 1990.5
1392530 1986.3
1392540 1983.5
1392550 1983.5
1392560 1980.2
1392570 1976.0
1392580 1976.0
1392590 1972.0
1392600 1967.3
1392610 1967.3
1392620 1962.4
1392630 1959.3
1392640 1959.3
1392650 1957.4
1392660 1955.9
1392670 1954.5
1392680 1954.5
1392690 1952.8
1392700 1951.2
1392710 1951.2
1392720 1949.8
1392730 1948.8
1392740 1948.8
1392750 1947.5
1392760 1945.2
1392770 1945.2
1392780 1941.3
1392790 1937.9
1392800 1937.9
1392810 1934.7
1392820 1930.9
1392830 1930.9
1392840 1926.2
1392850 1920.5
1392860 1915.8
1392870 1915.8
1392880 1913.8
1392890 1915.2
1392900 1915.2
1392910 1917.0
1392920 1917.2
1392930 1917.2
1392940 1915.0
1392950 1912.1
1392960 1912.1
1392970 1908.6
1392980 1906.3
1392990 1906.3
1393000 1905.0
1393010 1901.9
1393020 1901.9
1393030 1896.0
1393040 1888.6
1393050 1881.5
1393060 1881.5
1393070 1875.3
1393080 1869.6
1393090 1869.6
1393100 1873.3
1393110 1879.6
1393120 1879.6
1393130 1886.3
1393140 1893.8
1393150 1893.8
1393160 1901.1
1393170 1906.7
1393180 1906.7
1393190 1907.0
1393200 1917.0
1393210 1917.0
1393220 1928.8
1393230 1931.6
1393240 1931.7
1393250 1931.7
1393260 1931.6
1393270 1931.9
1393280 1931.9
1393290 1931.3
1393300 1930.3
1393310 1930.3
1393320 1930.5
1393330 1931.7
1393340 1931.7
1393350 1933.1
1393360 1934.5
1393370 1934.5
1393380 1935.8
1393390 1935.8
1393400 1935.8
1393410 1936.3
1393420 1936.4
1393430 1937.1
1393440 1937.1
1393450 1938.3
1393460 1938.5
1393470 1938.5
1393480 1938.5
1393490 1938.5
1393500 1938.5
1393510 1936.3
1393520 1934.7
1393530 1934.7
1393540 1933.8
1393550 1933.0
1393560 1933.0
1393570 1932.7
1393580 1926.2
1393590 1926.2
1393600 1925.3
1393610 1923.1
1393620 1920.1
1393630 1920.1
1393640 1917.2
1393650 1912.0
1393660 1912.0
1393670 1903.2
1393680 1894.9
1393690 1894.9
1393700 1888.0
1393710 1883.4
1393720 1883.4
1393730 1887.4
1393740 1891.9
1393750 1891.9
1393760 1897.2
1393770 1903.2
1393780 1903.2
1393790 1907.2
1393800 1907.5
1393810 1908.8
1393820 1908.8
1393830 1914.2
1393840 1917.7
1393850 1917.7
1393860 1920.2
1393870 1923.2
1393880 1923.2
1393890 1927.8
1393900 1933.8
1393910 1933.8
1393920 1941.6
1393930 1949.1
1393940 1949.1
1393950 1954.7
1393960 1960.3
1393970 1960.3
1393980 1965.0
1393990 1969.4
1394000 1969.4
1394010 1973.5
1394020 1977.3
1394030 1981.3
1394040 1981.3
1394050 1987.0
1394060 1993.1
1394070 1993.1
1394080 1996.8
1394090 1998.1
1394100 1998.1
1394110 1998.5
1394120 1998.8
1394130 1998.8
1394140 2000.0
1394150 2005.0
1394160 2005.0
1394170 2006.9
1394180 2006.6
1394190 2006.6
1394200 2004.7
1394210 2004.3
1394220 2005.5
1394230 2005.5
1394240 2006.0
1394250 2006.2
1394260 2006.2
1394270 2005.4
1394280 2005.7
1394290 2005.7
1394300 2006.4
1394310 2006.1
1394320 2006.1
1394330 2006.0
1394340 2006.5
1394350 2006.5
1394360 2006.6
1394370 2006.8
1394380 2006.8
1394390 2006.4
1394400 2005.0
1394410 2004.6
1394420 2004.6
1394430 2005.1
1394440 2005.9
1394450 2005.9
1394460 2007.5
1394470 2008.5
1394480 2008.5
1394490 2009.6
1394500 2010.4
1394510 2010.4
1394520 2011.7
1394530 2012.6
1394540 2012.6
1394550 2013.3
1394560 2013.3
1394570 2013.3
1394580 2013.3
1394590 2013.5
1394600 2013.3
1394610 2013.3
1394620 2012.7
1394630 2012.0
1394640 2012.0
1394650 2011.6
1394660 2012.0
1394670 2012.0
1394680 2012.3
1394690 2012.6
1394700 2012.6
1394710 2012.4
1394720 2011.1
1394730 2011.1
1394740 2008.7
1394750 2006.5
1394760 2006.5
1394770 2004.2
1394780 2001.1
1394790 1999.4
1394800 1999.4
1394810 1998.4
1394820 1997.5
1394830 1997.5
1394840 1997.7
1394850 1999.1
1394860 1999.1
1394870 1999.5
1394880 2000.0
1394890 2000.0
1394900 2000.5
1394910 2000.2
1394920 2000.2
1394930 2001.6
1394940 2000.1
1394950 2000.1
1394960 1998.7
1394970 1997.1
1394980 1981.5
1394990 1981.5
1395000 1978.6
1395010 1973.5
1395020 1973.5
1395030 1969.9
1395040 1967.3
1395050 1967.3
1395060 1964.8
1395070 1962.9
1395080 1962.9
1395090 1959.8
1395100 1955.9
1395110 1955.9
1395120 1949.3
1395130 1940.4
1395140 1940.4
1395150 1937.7
1395160 1938.3
1395170 1938.3
1395180 1937.6
1395190 1935.7
1395200 1933.5
1395210 1933.5
1395220 1933.5
1395230 1936.1
1395240 1936.1
1395250 1936.4
1395260 1933.2
1395270 1933.2
1395280 1933.9
1395290 1933.7
1395300 1933.7
1395310 1932.0
1395320 1933.8
1395330 1933.8
1395340 1937.2
1395350 1936.1
1395360 1936.1
1395370 1935.0
1395380 1933.8
1395390 1932.1
1395400 1932.1
1395410 1930.0
1395420 1928.4
1395430 1928.4
1395440 1927.1
1395450 1925.3
1395460 1925.3
1395470 1923.6
1395480 1923.0
1395490 1923.0
1395500 1920.9
1395510 1918.1
1395520 1918.1
1395530 1917.2
1395540 1916.2
1395550 1916.2
1395560 1913.5
1395570 1911.2
1395580 1908.8
1395590 1908.8
1395600 1905.6
1395610 1901.7
1395620 1901.7
1395630 1895.6
1395640 1891.0
1395650 1891.0
1395660 1887.6
1395670 1883.8
1395680 1883.8
1395690 1881.3
1395700 1880.1
1395710 1880.1
1395720 1874.4
1395730 1871.1
1395740 1871.1
1395750 1868.9
1395760 1863.7
1395770 1859.0
1395780 1859.0
1395790 1853.4
1395800 1850.5
1395810 1850.5
1395820 1850.6
1395830 1851.1
1395840 1851.1
1395850 1853.6
1395860 1859.3
1395870 1859.3
1395880 1863.7
1395890 1863.0
1395900 1863.0
1395910 1861.1
1395920 1859.1
1395930 1859.1
1395940 1857.2
1395950 1855.0
1395960 1852.5
1395970 1852.5
1395980 1849.8
1395990 1846.7
1396000 1846.7
1396010 1842.9
1396020 1838.8
1396030 1838.8
1396040 1834.2
1396050 1828.4
1396060 1828.4
1396070 1822.8
1396080 1817.9
1396090 1817.9
1396100 1813.4
1396110 1809.1
1396120 1809.1
1396130 1805.4
1396140 1801.8
1396150 1798.1
1396160 1798.1
1396170 1794.5
1396180 1792.1
1396190 1792.1
1396200 1790.6
1396210 1788.6
1396220 1788.6
1396230 1786.0
1396240 1781.5
1396250 1781.5
1396260 1775.6
1396270 1769.7
1396280 1769.7
1396290 1763.4
1396300 1757.5
1396310 1757.5
1396320 1753.0
1396330 1749.2
1396340 1745.3
1396350 1745.3
1396360 1741.1
1396370 1736.8
1396380 1736.8
1396390 1733.7
1396400 1723.7
1396410 1723.7
1396420 1720.8
1396430 1714.4
1396440 1714.4
1396450 1706.3
1396460 1700.6
1396470 1700.6
1396480 1697.1
1396490 1695.0
1396500 1695.0
1396510 1692.1
1396520 1689.6
1396530 1689.6
1396540 1688.3
1396550 1685.9
1396560 1683.1
1396570 1683.1
1396580 1681.8
1396590 1681.8
1396600 1681.8
1396610 1682.0
1396620 1682.2
1396630 1682.2
1396640 1682.1
1396650 1681.7
1396660 1681.7
1396670 1680.9
1396680 1679.8
1396690 1679.8
1396700 1678.8
1396710 1678.2
1396720 1678.2
1396730 1677.5
1396740 1676.5
1396750 1676.4
1396760 1676.4
1396770 1677.4
1396780 1678.0
1396790 1678.0
1396800 1678.1
1396810 1679.0
1396820 1679.0
1396830 1680.1
1396840 1680.9
1396850 1680.9
1396860 1680.9
1396870 1680.9
1396880 1680.9
1396890 1681.1
1396900 1680.6
1396910 1680.6
1396920 1680.8
1396930 1682.2
1396940 1684.0
1396950 1684.0
1396960 1686.3
1396970 1689.3
1396980 1689.3
1396990 1691.3
1397000 1691.7
1397010 1691.7
1397020 1690.9
1397030 1692.0
1397040 1692.0
1397050 1695.6
1397060 1699.2
1397070 1699.2
1397080 1702.0
1397090 1703.9
1397100 1703.9
1397110 1704.3
1397120 1705.2
1397130 1706.3
1397140 1706.3
1397150 1707.0
1397160 1707.0
1397170 1707.0
1397180 1709.1
1397190 1712.7
1397200 1712.7
1397210 1716.5
1397220 1719.4
1397230 1719.4
1397240 1721.6
1397250 1723.3
1397260 1723.3
1397270 1725.5
1397280 1727.0
1397290 1727.0
1397300 1727.6
1397310 1729.3
1397320 1730.7
1397330 1730.7
1397340 1734.2
1397350 1739.0
1397360 1739.0
1397370 1742.8
1397380 1744.1
1397390 1744.1
1397400 1745.0
1397410 1746.0
1397420 1746.0
1397430 1746.3
1397440 1746.5
1397450 1746.5
1397460 1747.2
1397470 1748.0
1397480 1748.0
1397490 1748.9
1397500 1749.1
1397510 1748.8
1397520 1748.8
1397530 1748.5
1397540 1747.8
1397550 1747.8
1397560 1746.5
1397570 1742.9
1397580 1742.9
1397590 1737.4
1397600 1729.9
1397610 1729.9
1397620 1723.5
1397630 1716.4
1397640 1716.4
1397650 1710.2
1397660 1704.7
1397670 1704.7
1397680 1699.3
1397690 1694.5
1397700 1690.8
1397710 1690.8
1397720 1687.2
1397730 1681.9
1397740 1681.9
1397750 1675.4
1397760 1661.8
1397770 1661.8
1397780 1641.1
1397790 1622.3
1397800 1622.3
1397810 1610.9
1397820 1598.0
1397830 1598.0
1397840 1588.0
1397850 1576.4
1397860 1576.4
1397870 1566.6
1397880 1554.3
1397890 1554.3
1397900 1540.8
1397910 1529.0
1397920 1518.0
1397930 1518.0
1397940 1508.8
1397950 1501.3
1397960 1501.3
1397970 1493.6
1397980 1485.9
1397990 1485.9
1398000 1478.2
1398010 1470.7
1398020 1470.7
1398030 1463.3
1398040 1455.8
1398050 1455.8
1398060 1448.3
1398070 1440.7
1398080 1440.7
1398090 1433.2
1398100 1426.1
1398110 1418.9
1398120 1418.9
1398130 1411.5
1398140 1404.3
1398150 1404.3
1398160 1397.0
1398170 1390.0
1398180 1390.0
1398190 1382.8
1398200 1375.7
1398210 1375.7
1398220 1368.3
1398230 1361.0
1398240 1361.0
1398250 1353.7
1398260 1346.4
1398270 1346.4
1398280 1339.2
1398290 1331.9
1398300 1324.2
1398310 1324.2
1398320 1316.8
1398330 1310.1
1398340 1310.1
1398350 1302.7
1398360 1295.7
1398370 1295.7
1398380 1288.7
1398390 1282.0
1398400 1282.0
1398410 1275.1
1398420 1264.6
1398430 1264.6
1398440 1255.5
1398450 1250.0
1398460 1250.0
1398470 1243.3
1398480 1237.3
1398490 1231.2
1398500 1231.2
1398510 1224.9
1398520 1218.5
1398530 1218.5
1398540 1212.1
1398550 1205.8
1398560 1205.8
1398570 1199.8
1398580 1193.9
1398590 1193.9
1398600 1187.5
1398610 1180.9
1398620 1180.9
1398630 1175.5
1398640 1169.6
1398650 1169.6
1398660 1163.5
1398670 1158.0
1398680 1152.1
1398690 1152.1
1398700 1146.1
1398710 1140.0
1398720 1140.0
1398730 1133.8
1398740 1127.4
1398750 1127.4
1398760 1121.2
1398770 1115.3
1398780 1115.3
1398790 1109.3
1398800 1104.0
1398810 1104.0
1398820 1098.7
1398830 1093.0
1398840 1093.0
1398850 1087.6
1398860 1082.3
1398870 1077.0
1398880 1077.0
1398890 1071.1
1398900 1065.1
1398910 1065.1
1398920 1059.3
1398930 1053.1
1398940 1053.1
1398950 1047.5
1398960 1042.7
1398970 1042.7
1398980 1037.7
1398990 1032.9
1399000 1032.9
1399010 1029.2
1399020 1025.4
1399030 1025.4
1399040 1021.4
1399050 1018.4
1399060 1018.4
1399070 1015.0
1399080 1009.8
1399090 1001.0
1399100 1001.0
1399110 996.6
1399120 993.8
1399130 993.8
1399140 989.6
1399150 986.2
1399160 986.2
1399170 982.6
1399180 974.0
1399190 974.0
1399200 960.6
1399210 947.4
1399220 947.4
1399230 941.2
1399240 935.4
1399250 935.4
1399260 928.5
1399270 921.8
1399280 915.7
1399290 915.7
1399300 909.4
1399310 903.0
1399320 901.6
1399330 895.0
1399340 890.0
1399350 890.0
1399360 884.0
1399370 877.1
1399380 877.1
1399390 871.2
1399400 860.3
1399410 860.3
1399420 846.1
1399430 837.9
1399440 837.9
1399450 830.3
1399460 825.9
1399470 822.8
1399480 822.8
1399490 821.0
1399500 820.5
1399510 820.5
1399520 821.4
1399530 821.3
1399540 821.3
1399550 821.4
1399560 821.6
1399570 821.6
1399580 821.9
1399590 820.9
1399600 820.9
1399610 820.1
1399620 819.6
1399630 819.6
1399640 819.1
1399650 818.8
1399660 818.8
1399670 818.8
1399680 818.8
1399690 818.7
1399700 818.7
1399710 818.6
1399720 818.5
1399730 818.5
1399740 818.7
1399750 818.6
1399760 818.6
1399770 818.2
1399780 817.8
1399790 817.8
1399800 818.0
1399810 817.9
1399820 817.9
1399830 817.6
1399840 815.0
1399850 813.3
1399860 813.3
1399870 812.7
1399880 812.8
1399890 812.8
1399900 814.2
1399910 816.5
1399920 816.5
1399930 816.9
1399940 817.5
1399950 817.5
1399960 817.6
1399970 817.8
1399980 817.8
1399990 818.9
1380000 2113.3
1380010 2107.7
1380020 2102.1
1380030 2102.1
1380040 2096.9
1380050 2092.4
1380060 2092.4
1380070 2087.2
1380080 2080.8
1380090 2080.8
1380100 2074.0
1380110 2066.1
1380120 2066.1
1380130 2058.1
1380140 2057.0
1380150 2057.0
1380160 2059.3
1380170 2061.5
1380180 2061.5
1380190 2063.6
1380200 2063.3
1380210 2062.0
1380220 2062.0
1380230 2059.3
1380240 2055.8
1380250 2055.8
1380260 2053.0
1380270 2050.6
1380280 2050.6
1380290 2047.7
1380300 2043.8
1380310 2043.8
1380320 2039.3
1380330 2034.1
1380340 2034.1
1380350 2028.3
1380360 2023.0
1380370 2023.0
1380380 2018.6
1380390 2014.8
1380400 2010.7
1380410 2010.7
1380420 2005.8
1380430 1998.9
1380440 1998.9
1380450 1991.4
1380460 1985.8
1380470 1985.8
1380480 1981.1
1380490 1975.9
1380500 1975.9
1380510 1980.0
1380520 1987.7
1380530 1987.7
1380540 1995.3
1380550 2001.7
1380560 2001.7
1380570 2008.2
1380580 2013.9
1380590 2015.5
1380600 2009.1
1380610 2005.3
1380620 1998.2
1380630 1998.2
1380640 1997.1
1380650 2002.0
1380660 2002.0
1380670 2008.8
1380680 2013.9
1380690 2013.9
1380700 2020.0
1380710 2027.3
1380720 2027.3
1380730 2033.3
1380740 2039.2
1380750 2039.2
1380760 2044.5
1380770 2049.6
1380780 2054.3
1380790 2054.3
1380800 2058.9
1380810 2063.5
1380820 2063.5
1380830 2068.1
1380840 2073.0
1380850 2073.0
1380860 2079.8
1380870 2087.3
1380880 2087.3
1380890 2093.1
1380900 2100.0
1380910 2100.0
1380920 2107.0
1380930 2112.4
1380940 2112.4
1380950 2115.6
1380960 2116.4
1380970 2117.6
1380980 2117.6
1380990 2119.6
1381000 2122.1
1381010 2122.1
1381020 2124.5
1381030 2127.2
1381040 2127.2
1381050 2130.7
1381060 2134.0
1381070 2134.0
1381080 2137.1
1381090 2140.9
1381100 2140.9
1381110 2145.1
1381120 2149.7
1381130 2149.7
1381140 2155.7
1381150 2159.7
1381160 2162.2
1381170 2162.2
1381180 2164.3
1381190 2166.8
1381200 2166.8
1381210 2170.8
1381220 2175.9
1381230 2175.9
1381240 2181.8
1381250 2187.5
1381260 2187.5
1381270 2194.2
1381280 2199.8
1381290 2199.8
1381300 2202.2
1381310 2202.1
1381320 2202.1
1381330 2201.7
1381340 2201.4
1381350 2201.4
1381360 2200.6
1381370 2199.5
1381380 2198.8
1381390 2198.8
1381400 2197.8
1381410 2196.8
1381420 2196.8
1381430 2195.1
1381440 2192.2
1381450 2192.2
1381460 2186.6
1381470 2181.4
1381480 2181.4
1381490 2176.7
1381500 2171.0
1381510 2171.0
1381520 2166.0
1381530 2162.4
1381540 2162.4
1381550 2159.3
1381560 2155.5
1381570 2150.7
1381580 2150.7
1381590 2143.9
1381600 2137.2
1381610 2137.2
1381620 2132.0
1381630 2127.8
1381640 2127.8
1381650 2123.9
1381660 2121.1
1381670 2121.1
1381680 2118.5
1381690 2116.8
1381700 2116.8
1381710 2116.6
1381720 2116.5
1381730 2116.5
1381740 2115.8
1381750 2115.6
1381760 2115.7
1381770 2115.7
1381780 2115.5
1381790 2115.7
1381800 2115.7
1381810 2116.1
1381820 2110.2
1381830 2110.2
1381840 2109.7
1381850 2107.9
1381860 2107.9
1381870 2105.0
1381880 2102.0
1381890 2102.0
1381900 2099.0
1381910 2094.4
1381920 2094.4
1381930 2089.5
1381940 2086.2
1381950 2083.8
1381960 2083.8
1381970 2082.4
1381980 2081.3
1381990 2081.3
1382000 2081.0
1382010 2081.3
1382020 2081.3
1382030 2081.5
1382040 2082.2
1382050 2082.2
1382060 2083.2
1382070 2084.3
1382080 2084.3
1382090 2085.5
1382100 2086.4
1382110 2086.4
1382120 2086.8
1382130 2087.1
1382140 2087.1
1382150 2087.1
1382160 2087.8
1382170 2089.0
1382180 2089.0
1382190 2090.1
1382200 2091.7
1382210 2091.7
1382220 2094.3
1382230 2096.9
1382240 2096.9
1382250 2097.7
1382260 2097.8
1382270 2097.8
1382280 2097.9
1382290 2098.1
1382300 2098.1
1382310 2098.4
1382320 2098.5
1382330 2098.7
1382340 2098.7
1382350 2097.8
1382360 2096.3
1382370 2096.3
1382380 2097.0
1382390 2094.1
1382400 2094.1
1382410 2089.5
1382420 2087.8
1382430 2087.8
1382440 2083.6
1382450 2079.8
1382460 2079.8
1382470 2077.3
1382480 2074.9
1382490 2074.9
1382500 2074.5
1382510 2076.5
1382520 2076.5
1382530 2078.4
1382540 2077.7
1382550 2076.7
1382560 2076.7
1382570 2074.6
1382580 2071.7
1382590 2071.7
1382600 2070.6
1382610 2069.7
1382620 2069.7
1382630 2068.5
1382640 2066.5
1382650 2066.5
1382660 2065.5
1382670 2065.0
1382680 2065.0
1382690 2065.2
1382700 2064.2
1382710 2064.2
1382720 2064.0
1382730 2063.9
1382740 2063.0
1382750 2063.0
1382760 2061.6
1382770 2059.5
1382780 2059.5
1382790 2057.1
1382800 2055.7
1382810 2055.7
1382820 2055.8
1382830 2055.1
1382840 2055.1
1382850 2054.0
1382860 2051.2
1382870 2051.2
1382880 2047.0
1382890 2042.4
1382900 2042.4
1382910 2037.7
1382920 2034.4
1382930 2032.8
1382940 2032.8
1382950 2031.2
1382960 2031.1
1382970 2031.1
1382980 2030.0
1382990 2029.2
1383000 2029.2
1383010 2027.6
1383020 2022.2
1383030 2022.2
1383040 2018.3
1383050 2016.6
1383060 2009.7
1383070 2008.7
1383080 2007.6
1383090 2007.6
1383100 2005.9
1383110 2003.8
1383120 2002.7
1383130 2002.7
1383140 2002.2
1383150 2001.7
1383160 2001.7
1383170 2000.6
1383180 1999.2
1383190 1999.2
1383200 1997.5
1383210 1995.5
1383220 1995.5
1383230 1993.4
1383240 1991.6
1383250 1991.6
1383260 1989.6
1383270 1987.0
1383280 1987.0
1383290 1984.3
1383300 1981.7
1383310 1979.8
1383320 1979.8
1383330 1977.2
1383340 1974.4
1383350 1974.4
1383360 1972.4
1383370 1970.3
1383380 1970.3
1383390 1968.1
1383400 1966.4
1383410 1966.4
1383420 1965.0
1383430 1963.2
1383440 1963.2
1383450 1961.5
1383460 1958.8
1383470 1958.8
1383480 1955.3
1383490 1950.2
1383500 1944.1
1383510 1944.1
1383520 1937.7
1383530 1931.7
1383540 1931.7
1383550 1927.0
1383560 1921.9
1383570 1921.9
1383580 1913.9
1383590 1907.9
1383600 1907.9
1383610 1903.2
1383620 1896.9
1383630 1896.9
1383640 1890.9
1383650 1886.7
1383660 1886.7
1383670 1885.9
1383680 1890.0
1383690 1893.3
1383700 1893.3
1383710 1890.2
1383720 1886.3
1383730 1886.3
1383740 1881.5
1383750 1876.3
1383760 1876.3
1383770 1868.9
1383780 1862.1
1383790 1862.1
1383800 1856.9
1383810 1853.7
1383820 1853.7
1383830 1854.0
1383840 1857.7
1383850 1857.7
1383860 1858.8
1383870 1856.3
1383880 1856.3
1383890 1855.6
1383900 1855.7
1383910 1855.5
1383920 1855.5
1383930 1856.4
1383940 1856.6
1383950 1856.6
1383960 1855.2
1383970 1855.1
1383980 1855.1
1383990 1852.1
1384000 1842.3
1384010 1842.3
1384020 1843.9
1384030 1846.5
1384040 1846.5
1384050 1844.3
1384060 1837.7
1384070 1837.7
1384080 1829.5
1384090 1834.2
1384100 1838.2
1384110 1838.2
1384120 1839.5
1384130 1836.9
1384140 1836.9
1384150 1832.2
1384160 1828.9
1384170 1828.9
1384180 1834.2
1384190 1844.5
1384200 1844.5
1384210 1853.3
1384220 1857.4
1384230 1857.4
1384240 1859.8
1384250 1862.4
1384260 1862.4
1384270 1865.2
1384280 1866.9
1384290 1868.4
1384300 1868.4
1384310 1871.4
1384320 1868.3
1384330 1868.3
1384340 1874.2
1384350 1879.8
1384360 1879.8
1384370 1885.9
1384380 1892.5
1384390 1892.5
1384400 1898.6
1384410 1902.0
1384420 1902.0
1384430 1906.0
1384440 1909.1
1384450 1909.1
1384460 1911.3
1384470 1913.9
1384480 1917.0
1384490 1917.0
1384500 1920.0
1384510 1922.9
1384520 1922.9
1384530 1926.7
1384540 1930.9
1384550 1930.9
1384560 1935.0
1384570 1939.1
1384580 1939.1
1384590 1943.1
1384600 1946.4
1384610 1946.4
1384620 1949.1
1384630 1951.4
1384640 1951.4
1384650 1953.0
1384660 1955.6
1384670 1959.2
1384680 1959.2
1384690 1963.1
1384700 1965.1
1384710 1965.1
1384720 1965.7
1384730 1965.6
1384740 1965.6
1384750 1965.2
1384760 1964.8
1384770 1964.8
1384780 1963.8
1384790 1963.2
1384800 1963.2
1384810 1963.0
1384820 1963.6
1384830 1963.6
1384840 1964.5
1384850 1963.9
1384860 1959.8
1384870 1959.8
1384880 1955.8
1384890 1951.8
1384900 1951.8
1384910 1947.7
1384920 1943.4
1384930 1943.4
1384940 1939.5
1384950 1936.2
1384960 1936.2
1384970 1932.8
1384980 1929.7
1384990 1929.7
1385000 1925.7
1385010 1921.3
1385020 1921.3
1385030 1918.5
1385040 1915.2
1385050 1915.2
1385060 1910.4
1385070 1905.2
1385080 1904.3
1385090 1904.3
1385100 1906.3
1385110 1902.6
1385120 1902.6
1385130 1904.5
1385140 1906.1
1385150 1906.1
1385160 1906.1
1385170 1905.9
1385180 1905.9
1385190 1904.0
1385200 1901.8
1385210 1901.8
1385220 1900.6
1385230 1900.1
1385240 1900.1
1385250 1900.0
1385260 1899.6
1385270 1899.8
1385280 1899.8
1385290 1900.3
1385300 1899.1
1385310 1899.1
1385320 1897.7
1385330 1894.6
1385340 1894.6
1385350 1888.4
1385360 1881.8
1385370 1881.8
1385380 1875.7
1385390 1872.5
1385400 1872.5
1385410 1870.7
1385420 1868.8
1385430 1868.8
1385440 1867.3
1385450 1865.0
1385460 1863.6
1385470 1863.6
1385480 1859.5
1385490 1850.3
1385500 1850.3
1385510 1839.6
1385520 1828.6
1385530 1828.6
1385540 1817.6
1385550 1803.3
1385560 1803.3
1385570 1791.7
1385580 1783.1
1385590 1783.1
1385600 1778.5
1385610 1778.6
1385620 1778.6
1385630 1783.1
1385640 1791.0
1385650 1801.3
1385660 1801.3
1385670 1812.8
1385680 1818.8
1385690 1818.8
1385700 1823.5
1385710 1829.4
1385720 1829.4
1385730 1834.1
1385740 1836.2
1385750 1836.2
1385760 1837.6
1385770 1839.0
1385780 1839.0
1385790 1840.4
1385800 1841.8
1385810 1841.8
1385820 1842.6
1385830 1844.7
1385840 1848.6
1385850 1848.6
1385860 1852.2
1385870 1853.9
1385880 1853.9
1385890 1854.1
1385900 1854.8
1385910 1854.8
1385920 1855.0
1385930 1856.7
1385940 1856.7
1385950 1859.7
1385960 1863.4
1385970 1863.4
1385980 1866.6
1385990 1869.0
1386000 1869.0
1386010 1872.4
1386020 1876.1
1386030 1878.2
1386040 1878.2
1386050 1881.1
1386060 1884.8
1386070 1884.8
1386080 1886.4
1386090 1886.1
1386100 1886.1
1386110 1888.4
1386120 1890.3
1386130 1890.3
1386140 1889.2
1386150 1887.3
1386160 1887.3
1386170 1887.1
1386180 1886.0
1386190 1886.0
1386200 1883.7
1386210 1881.0
1386220 1881.0
1386230 1877.0
1386240 1873.9
1386250 1869.9
1386260 1869.9
1386270 1867.2
1386280 1865.4
1386290 1865.4
1386300 1862.4
1386310 1861.2
1386320 1861.2
1386330 1861.7
1386340 1861.7
1386350 1861.7
1386360 1861.6
1386370 1860.6
1386380 1860.6
1386390 1856.9
1386400 1853.2
1386410 1853.2
1386420 1851.6
1386430 1850.7
1386440 1849.7
1386450 1849.7
1386460 1846.5
1386470 1842.0
1386480 1842.0
1386490 1836.2
1386500 1830.4
1386510 1830.4
1386520 1827.2
1386530 1820.3
1386540 1820.3
1386550 1815.6
1386560 1813.4
1386570 1813.4
1386580 1810.3
1386590 1798.3
1386600 1798.3
1386610 1785.3
1386620 1775.1
1386630 1764.9
1386640 1764.9
1386650 1754.6
1386660 1747.4
1386670 1747.4
1386680 1744.8
1386690 1738.1
1386700 1738.1
1386710 1728.5
1386720 1722.2
1386730 1722.2
1386740 1716.2
1386750 1706.8
1386760 1706.8
1386770 1697.0
1386780 1698.3
1386790 1698.3
1386800 1707.7
1386810 1717.0
1386820 1726.5
1386830 1726.5
1386840 1733.7
1386850 1740.0
1386860 1740.0
1386870 1743.1
1386880 1744.0
1386890 1744.0
1386900 1748.8
1386910 1753.4
1386920 1753.4
1386930 1757.1
1386940 1758.9
1386950 1758.9
1386960 1760.1
1386970 1765.0
1386980 1765.0
1386990 1768.6
1387000 1770.8
1387010 1772.9
1387020 1772.9
1387030 1775.1
1387040 1776.6
1387050 1776.6
1387060 1779.3
1387070 1782.8
1387080 1782.8
1387090 1787.2
1387100 1790.8
1387110 1790.8
1387120 1793.2
1387130 1795.2
1387140 1795.2
1387150 1798.3
1387160 1799.1
1387170 1799.1
1387180 1798.0
1387190 1794.6
1387200 1790.9
1387210 1790.9
1387220 1789.2
1387230 1788.4
1387240 1788.4
1387250 1788.5
1387260 1789.5
1387270 1789.5
1387280 1790.7
1387290 1791.6
1387300 1791.6
1387310 1792.9
1387320 1795.7
1387330 1795.7
1387340 1797.8
1387350 1799.6
1387360 1799.6
1387370 1801.6
1387380 1803.1
1387390 1803.0
1387400 1803.0
1387410 1802.9
1387420 1802.7
1387430 1802.7
1387440 1801.1
1387450 1799.0
1387460 1799.0
1387470 1796.9
1387480 1796.5
1387490 1796.5
1387500 1796.4
1387510 1796.2
1387520 1796.2
1387530 1795.2
1387540 1793.4
1387550 1793.4
1387560 1790.7
1387570 1788.7
1387580 1788.7
1387590 1787.0
1387600 1784.6
1387610 1783.0
1387620 1783.0
1387630 1783.0
1387640 1783.0
1387650 1783.0
1387660 1784.0
1387670 1786.3
1387680 1786.3
1387690 1788.4
1387700 1788.1
1387710 1788.1
1387720 1784.2
1387730 1778.4
1387740 1778.4
1387750 1774.3
1387760 1771.7
1387770 1771.7
1387780 1770.1
1387790 1768.9
1387800 1767.7
1387810 1767.7
1387820 1766.0
1387830 1764.2
1387840 1764.2
1387850 1762.4
1387860 1761.4
1387870 1761.4
1387880 1761.2
1387890 1761.8
1387900 1761.8
1387910 1760.6
1387920 1757.9
1387930 1757.9
1387940 1756.2
1387950 1755.4
1387960 1755.4
1387970 1755.3
1387980 1757.0
1387990 1757.8
1388000 1757.8
1388010 1757.1
1388020 1755.6
1388030 1755.6
1388040 1754.4
1388050 1754.7
1388060 1754.7
1388070 1752.2
1388080 1750.3
1388090 1750.3
1388100 1748.5
1388110 1749.0
1388120 1749.0
1388130 1751.1
1388140 1749.9
1388150 1749.9
1388160 1745.2
1388170 1738.4
1388180 1721.7
1388190 1721.7
1388200 1709.6
1388210 1700.5
1388220 1700.5
1388230 1690.9
1388240 1691.1
1388250 1691.1
1388260 1696.0
1388270 1699.0
1388280 1699.0
1388290 1699.1
1388300 1695.3
1388310 1695.3
1388320 1686.7
1388330 1674.1
1388340 1674.1
1388350 1658.9
1388360 1649.3
1388370 1651.5
1388380 1651.5
1388390 1662.9
1388400 1672.3
1388410 1672.3
1388420 1682.1
1388430 1687.1
1388440 1687.1
1388450 1680.3
1388460 1677.5
1388470 1677.5
1388480 1682.7
1388490 1680.9
1388500 1680.9
1388510 1672.8
1388520 1671.2
1388530 1671.2
1388540 1675.9
1388550 1683.1
1388560 1692.4
1388570 1692.4
1388580 1702.4
1388590 1716.6
1388600 1716.6
1388610 1731.3
1388620 1743.5
1388630 1743.5
1388640 1745.9
1388650 1748.6
1388660 1748.6
1388670 1764.7
1388680 1779.6
1388690 1779.6
1388700 1789.5
1388710 1798.0
1388720 1798.0
1388730 1804.9
1388740 1809.6
1388750 1809.6
1388760 1815.2
1388770 1824.2
1388780 1833.7
1388790 1833.7
1388800 1842.6
1388810 1851.3
1388820 1851.3
1388830 1859.1
1388840 1866.8
1388850 1866.8
1388860 1872.9
1388870 1878.0
1388880 1878.0
1388890 1882.2
1388900 1885.5
1388910 1885.5
1388920 1887.7
1388930 1890.3
1388940 1890.3
1388950 1893.9
1388960 1897.7
1388970 1901.2
1388980 1901.2
1388990 1903.2
1389000 1904.2
1389010 1904.2
1389020 1904.6
1389030 1904.0
1389040 1904.0
1389050 1901.8
1389060 1897.9
1389070 1897.9
1389080 1895.4
1389090 1894.2
1389100 1894.2
1389110 1893.3
1389120 1891.8
1389130 1891.8
1389140 1891.7
1389150 1892.6
1389160 1893.2
1389170 1893.2
1389180 1893.5
1389190 1893.0
1389200 1893.0
1389210 1893.0
1389220 1893.7
1389230 1893.7
1389240 1895.1
1389250 1897.7
1389260 1897.7
1389270 1900.1
1389280 1902.4
1389290 1902.4
1389300 1904.3
1389310 1905.1
1389320 1905.1
1389330 1905.2
1389340 1905.8
1389350 1906.9
1389360 1906.9
1389370 1908.3
1389380 1909.6
1389390 1909.6
1389400 1910.8
1389410 1911.5
1389420 1911.5
1389430 1912.1
1389440 1912.9
1389450 1912.9
1389460 1913.3
1389470 1913.5
1389480 1913.5
1389490 1915.1
1389500 1910.6
1389510 1910.6
1389520 1912.7
1389530 1914.8
1389540 1915.2
1389550 1915.2
1389560 1914.3
1389570 1913.8
1389580 1913.8
1389590 1915.3
1389600 1916.1
1389610 1916.1
1389620 1915.4
1389630 1915.6
1389640 1915.6
1389650 1915.5
1389660 1915.1
1389670 1915.1
1389680 1913.7
1389690 1912.1
1389700 1912.1
1389710 1911.3
1389720 1911.2
1389730 1910.7
1389740 1910.7
1389750 1912.9
1389760 1917.0
1389770 1917.0
1389780 1918.2
1389790 1917.4
1389800 1917.4
1389810 1915.5
1389820 1915.2
1389830 1915.2
1389840 1916.6
1389850 1914.5
1389860 1914.5
1389870 1913.2
1389880 1913.9
1389890 1913.9
1389900 1914.3
1389910 1916.4
1389920 1922.4
1389930 1922.4
1389940 1929.7
1389950 1936.3
1389960 1936.3
1389970 1941.9
1389980 1945.7
1389990 1945.7
1390000 1948.2
1390010 1949.9
1390020 1949.9
1390030 1951.0
1390040 1951.0
1390050 1951.0
1390060 1951.3
1390070 1951.6
1390080 1951.6
1390090 1950.8
1390100 1949.8
1390110 1949.8
1390120 1946.0
1390130 1940.6
1390140 1933.4
1390150 1933.4
1390160 1927.3
1390170 1934.5
1390180 1934.5
1390190 1939.9
1390200 1947.5
1390210 1947.5
1390220 1954.2
1390230 1958.4
1390240 1958.4
1390250 1958.1
1390260 1955.7
1390270 1955.7
1390280 1956.7
1390290 1957.7
1390300 1957.7
1390310 1958.5
1390320 1960.3
1390330 1962.3
1390340 1962.3
1390350 1962.7
1390360 1962.2
1390370 1962.2
1390380 1961.9
1390390 1960.8
1390400 1960.8
1390410 1957.4
1390420 1955.2
1390430 1955.2
1390440 1955.1
1390450 1957.8
1390460 1957.8
1390470 1960.4
1390480 1960.9
1390490 1960.9
1390500 1957.1
1390510 1956.2
1390520 1962.0
1390530 1962.0
1390540 1968.8
1390550 1974.5
1390560 1974.5
1390570 1981.1
1390580 1987.5
1390590 1987.5
1390600 1992.7
1390610 1998.3
1390620 1998.3
1390630 2003.4
1390640 2004.7
1390650 2004.7
1390660 2006.8
1390670 2010.8
1390680 2010.8
1390690 2015.3
1390700 2018.9
1390710 2021.6
1390720 2021.6
1390730 2021.7
1390740 2020.8
1390750 2020.8
1390760 2019.4
1390770 2017.6
1390780 2017.6
1390790 2016.0
1390800 2014.4
1390810 2014.4
1390820 2012.4
1390830 2010.5
1390840 2007.5
1390850 2005.5
1390860 2004.1
1390870 2004.1
1390880 2003.6
1390890 2003.4
1390900 2003.6
1390910 2003.6
1390920 2004.8
1390930 2007.8
1390940 2007.8
1390950 2009.8
1390960 2010.8
1390970 2010.8
1390980 2012.1
1390990 2014.1
1391000 2014.1
1391010 2017.5
1391020 2021.9
1391030 2021.9
1391040 2025.8
1391050 2027.2
1391060 2027.2
1391070 2027.8
1391080 2026.5
1391090 2023.2
1391100 2023.2
1391110 2020.5
1391120 2018.6
1391130 2018.6
1391140 2018.8
1391150 2020.1
1391160 2020.1
1391170 2022.3
1391180 2023.4
1391190 2023.4
1391200 2022.9
1391210 2023.1
1391220 2023.1
1391230 2023.3
1391240 2023.3
1391250 2023.3
1391260 2023.0
1391270 2022.2
1391280 2020.2
1391290 2020.2
1391300 2018.1
1391310 2017.1
1391320 2017.1
1391330 2015.7
1391340 2015.9
1391350 2015.9
1391360 2017.8
1391370 2017.3
1391380 2017.3
1391390 2015.2
1391400 2013.1
1391410 2013.1
1391420 2008.6
1391430 2003.9
1391440 2003.9
1391450 1998.9
1391460 1993.9
1391470 1993.9
1391480 1989.8
1391490 1986.6
1391500 1985.9
1391510 1985.9
1391520 1985.9
1391530 1985.4
1391540 1985.4
1391550 1985.4
1391560 1985.1
1391570 1985.1
1391580 1984.8
1391590 1985.9
1391600 1985.9
1391610 1983.7
1391620 1981.9
1391630 1981.9
1391640 1989.7
1391650 1997.9
1391660 1997.9
1391670 2002.8
1391680 2004.4
1391690 2004.0
1391700 2004.0
1391710 2002.8
1391720 2002.1
1391730 2002.1
1391740 2001.4
1391750 1999.6
1391760 1999.6
1391770 1995.8
1391780 1991.4
1391790 1991.4
1391800 1990.0
1391810 1989.6
1391820 1989.6
1391830 1989.8
1391840 1989.4
1391850 1989.4
1391860 1994.9
1391870 2003.7
1391880 2012.5
1391890 2012.5
1391900 2021.2
1391910 2030.4
1391920 2030.4
1391930 2035.0
1391940 2037.1
1391950 2037.1
1391960 2045.8
1391970 2063.1
1391980 2063.1
1391990 2068.4
1392000 2067.7
1392010 2067.7
1392020 2065.8
1392030 2066.1
1392040 2066.1
1392050 2067.9
1392060 2065.5
1392070 2063.8
1392080 2063.8
1392090 2060.5
1392100 2052.6
1392110 2052.6
1392120 2042.1
1392130 2034.5
1392140 2034.5
1392150 2038.3
1392160 2042.0
1392170 2042.0
1392180 2048.4
1392190 2049.5
1392200 2038.2
1392210 2042.1
1392220 2049.6
1392230 2049.6
1392240 2052.9
1392250 2053.1
1392260 2052.7
1392270 2052.7
1392280 2051.8
1392290 2050.6
1392300 2050.6
1392310 2048.5
1392320 2045.1
1392330 2045.1
1392340 2042.2
1392350 2039.5
1392360 2039.5
1392370 2035.8
1392380 2031.1
1392390 2031.1
1392400 2026.6
1392410 2017.9
1392420 2017.9
1392430 2009.6
1392440 2003.2
1392450 1998.5
1392460 1998.5
1392470 1996.6
1392480 1995.1
1392490 1995.1
1392500 1993.3
1392510 1990.5
1392520 1990.5
1392530 1986.3
1392540 1983.5
1392550 1983.5
1392560 1980.2
1392570 1976.0
1392580 1976.0
1392590 1972.0
1392600 1967.3
1392610 1967.3
1392620 1962.4
1392630 1959.3
1392640 1959.3
1392650 1957.4
1392660 1955.9
1392670 1954.5
1392680 1954.5
1392690 1952.8
1392700 1951.2
1392710 1951.2
1392720 1949.8
1392730 1948.8
1392740 1948.8
1392750 1947.5
1392760 1945.2
1392770 1945.2
1392780 1941.3
1392790 1937.9
1392800 1937.9
1392810 1934.7
1392820 1930.9
1392830 1930.9
1392840 1926.2
1392850 1920.5
1392860 1915.8
1392870 1915.8
1392880 1913.8
1392890 1915.2
1392900 1915.2
1392910 1917.0
1392920 1917.2
1392930 1917.2
1392940 1915.0
1392950 1912.1
1392960 1912.1
1392970 1908.6
1392980 1906.3
1392990 1906.3
1393000 1905.0
1393010 1901.9
1393020 1901.9
1393030 1896.0
1393040 1888.6
1393050 1881.5
1393060 1881.5
1393070 1875.3
1393080 1869.6
1393090 1869.6
1393100 1873.3
1393110 1879.6
1393120 1879.6
1393130 1886.3
1393140 1893.8
1393150 1893.8
1393160 1901.1
1393170 1906.7
1393180 1906.7
1393190 1907.0
1393200 1917.0
1393210 1917.0
1393220 1928.8
1393230 1931.6
1393240 1931.7
1393250 1931.7
1393260 1931.6
1393270 1931.9
1393280 1931.9
1393290 1931.3
1393300 1930.3
1393310 1930.3
1393320 1930.5
1393330 1931.7
1393340 1931.7
1393350 1933.1
1393360 1934.5
1393370 1934.5
1393380 1935.8
1393390 1935.8
1393400 1935.8
1393410 1936.3
1393420 1936.4
1393430 1937.1
1393440 1937.1
1393450 1938.3
1393460 1938.5
1393470 1938.5
1393480 1938.5
1393490 1938.5
1393500 1938.5
1393510 1936.3
1393520 1934.7
1393530 1934.7
1393540 1933.8
1393550 1933.0
1393560 1933.0
1393570 1932.7
1393580 1926.2
1393590 1926.2
1393600 1925.3
1393610 1923.1
1393620 1920.1
1393630 1920.1
1393640 1917.2
1393650 1912.0
1393660 1912.0
1393670 1903.2
1393680 1894.9
1393690 1894.9
1393700 1888.0
1393710 1883.4
1393720 1883.4
1393730 1887.4
1393740 1891.9
1393750 1891.9
1393760 1897.2
1393770 1903.2
1393780 1903.2
1393790 1907.2
1393800 1907.5
1393810 1908.8
1393820 1908.8
1393830 1914.2
1393840 1917.7
1393850 1917.7
1393860 1920.2
1393870 1923.2
1393880 1923.2
1393890 1927.8
1393900 1933.8
1393910 1933.8
1393920 1941.6
1393930 1949.1
1393940 1949.1
1393950 1954.7
1393960 1960.3
1393970 1960.3
1393980 1965.0
1393990 1969.4
1394000 1969.4
1394010 1973.5
1394020 1977.3
1394030 1981.3
1394040 1981.3
1394050 1987.0
1394060 1993.1
1394070 1993.1
1394080 1996.8
1394090 1998.1
1394100 1998.1
1394110 1998.5
1394120 1998.8
1394130 1998.8
1394140 2000.0
1394150 2005.0
1394160 2005.0
1394170 2006.9
1394180 2006.6
1394190 2006.6
1394200 2004.7
1394210 2004.3
1394220 2005.5
1394230 2005.5
1394240 2006.0
1394250 2006.2
1394260 2006.2
1394270 2005.4
1394280 2005.7
1394290 2005.7
1394300 2006.4
1394310 2006.1
1394320 2006.1
1394330 2006.0
1394340 2006.5
1394350 2006.5
1394360 2006.6
1394370 2006.8
1394380 2006.8
1394390 2006.4
1394400 2005.0
1394410 2004.6
1394420 2004.6
1394430 2005.1
1394440 2005.9
1394450 2005.9
1394460 2007.5
1394470 2008.5
1394480 2008.5
1394490 2009.6
1394500 2010.4
1394510 2010.4
1394520 2011.7
1394530 2012.6
1394540 2012.6
1394550 2013.3
1394560 2013.3
1394570 2013.3
1394580 2013.3
1394590 2013.5
1394600 2013.3
1394610 2013.3
1394620 2012.7
1394630 2012.0
1394640 2012.0
1394650 2011.6
1394660 2012.0
1394670 2012.0
1394680 2012.3
1394690 2012.6
1394700 2012.6
1394710 2012.4
1394720 2011.1
1394730 2011.1
1394740 2008.7
1394750 2006.5
1394760 2006.5
1394770 2004.2
1394780 2001.1
1394790 1999.4
1394800 1999.4
1394810 1998.4
1394820 1997.5
1394830 1997.5
1394840 1997.7
1394850 1999.1
1394860 1999.1
1394870 1999.5
1394880 2000.0
1394890 2000.0
1394900 2000.5
1394910 2000.2
1394920 2000.2
1394930 2001.6
1394940 2000.1
1394950 2000.1
1394960 1998.7
1394970 1997.1
1394980 1981.5
1394990 1981.5
1395000 1978.6
1395010 1973.5
1395020 1973.5
1395030 1969.9
1395040 1967.3
1395050 1967.3
1395060 1964.8
1395070 1962.9
1395080 1962.9
1395090 1959.8
1395100 1955.9
1395110 1955.9
1395120 1949.3
1395130 1940.4
1395140 1940.4
1395150 1937.7
1395160 1938.3
1395170 1938.3
1395180 1937.6
1395190 1935.7
1395200 1933.5
1395210 1933.5
1395220 1933.5
1395230 1936.1
1395240 1936.1
1395250 1936.4
1395260 1933.2
1395270 1933.2
1395280 1933.9
1395290 1933.7
1395300 1933.7
1395310 1932.0
1395320 1933.8
1395330 1933.8
1395340 1937.2
1395350 1936.1
1395360 1936.1
1395370 1935.0
1395380 1933.8
1395390 1932.1
1395400 1932.1
1395410 1930.0
1395420 1928.4
1395430 1928.4
1395440 1927.1
1395450 1925.3
1395460 1925.3
1395470 1923.6
1395480 1923.0
1395490 1923.0
1395500 1920.9
1395510 1918.1
1395520 1918.1
1395530 1917.2
1395540 1916.2
1395550 1916.2
1395560 1913.5
1395570 1911.2
1395580 1908.8
1395590 1908.8
1395600 1905.6
1395610 1901.7
1395620 1901.7
1395630 1895.6
1395640 1891.0
1395650 1891.0
1395660 1887.6
1395670 1883.8
1395680 1883.8
1395690 1881.3
1395700 1880.1
1395710 1880.1
1395720 1874.4
1395730 1871.1
1395740 1871.1
1395750 1868.9
1395760 1863.7
1395770 1859.0
1395780 1859.0
1395790 1853.4
1395800 1850.5
1395810 1850.5
1395820 1850.6
1395830 1851.1
1395840 1851.1
1395850 1853.6
1395860 1859.3
1395870 1859.3
1395880 1863.7
1395890 1863.0
1395900 1863.0
1395910 1861.1
1395920 1859.1
1395930 1859.1
1395940 1857.2
1395950 1855.0
1395960 1852.5
1395970 1852.5
1395980 1849.8
1395990 1846.7
1396000 1846.7
1396010 1842.9
1396020 1838.8
1396030 1838.8
1396040 1834.2
1396050 1828.4
1396060 1828.4
1396070 1822.8
1396080 1817.9
1396090 1817.9
1396100 1813.4
1396110 1809.1
1396120 1809.1
1396130 1805.4
1396140 1801.8
1396150 1798.1
1396160 1798.1
1396170 1794.5
1396180 1792.1
1396190 1792.1
1396200 1790.6
1396210 1788.6
1396220 1788.6
1396230 1786.0
1396240 1781.5
1396250 1781.5
1396260 1775.6
1396270 1769.7
1396280 1769.7
1396290 1763.4
1396300 1757.5
1396310 1757.5
1396320 1753.0
1396330 1749.2
1396340 1745.3
1396350 1745.3
1396360 1741.1
1396370 1736.8
1396380 1736.8
1396390 1733.7
1396400 1723.7
1396410 1723.7
1396420 1720.8
1396430 1714.4
1396440 1714.4
1396450 1706.3
1396460 1700.6
1396470 1700.6
1396480 1697.1
1396490 1695.0
1396500 1695.0
1396510 1692.1
1396520 1689.6
1396530 1689.6
1396540 1688.3
1396550 1685.9
1396560 1683.1
1396570 1683.1
1396580 1681.8
1396590 1681.8
1396600 1681.8
1396610 1682.0
1396620 1682.2
1396630 1682.2
1396640 1682.1
1396650 1681.7
1396660 1681.7
1396670 1680.9
1396680 1679.8
1396690 1679.8
1396700 1678.8
1396710 1678.2
1396720 1678.2
1396730 1677.5
1396740 1676.5
1396750 1676.4
1396760 1676.4
1396770 1677.4
1396780 1678.0
1396790 1678.0
1396800 1678.1
1396810 1679.0
1396820 1679.0
1396830 1680.1
1396840 1680.9
1396850 1680.9
1396860 1680.9
1396870 1680.9
1396880 1680.9
1396890 1681.1
1396900 1680.6
1396910 1680.6
1396920 1680.8
1396930 1682.2
1396940 1684.0
1396950 1684.0
1396960 1686.3
1396970 1689.3
1396980 1689.3
1396990 1691.3
1397000 1691.7
1397010 1691.7
1397020 1690.9
1397030 1692.0
1397040 1692.0
1397050 1695.6
1397060 1699.2
1397070 1699.2
1397080 1702.0
1397090 1703.9
1397100 1703.9
1397110 1704.3
1397120 1705.2
1397130 1706.3
1397140 1706.3
1397150 1707.0
1397160 1707.0
1397170 1707.0
1397180 1709.1
1397190 1712.7
1397200 1712.7
1397210 1716.5
1397220 1719.4
1397230 1719.4
1397240 1721.6
1397250 1723.3
1397260 1723.3
1397270 1725.5
1397280 1727.0
1397290 1727.0
1397300 1727.6
1397310 1729.3
1397320 1730.7
1397330 1730.7
1397340 1734.2
1397350 1739.0
1397360 1739.0
1397370 1742.8
1397380 1744.1
1397390 1744.1
1397400 1745.0
1397410 1746.0
1397420 1746.0
1397430 1746.3
1397440 1746.5
1397450 1746.5
1397460 1747.2
1397470 1748.0
1397480 1748.0
1397490 1748.9
1397500 1749.1
1397510 1748.8
1397520 1748.8
1397530 1748.5
1397540 1747.8
1397550 1747.8
1397560 1746.5
1397570 1742.9
1397580 1742.9
1397590 1737.4
1397600 1729.9
1397610 1729.9
1397620 1723.5
1397630 1716.4
1397640 1716.4
1397650 1710.2
1397660 1704.7
1397670 1704.7
1397680 1699.3
1397690 1694.5
1397700 1690.8
1397710 1690.8
1397720 1687.2
1397730 1681.9
1397740 1681.9
1397750 1675.4
1397760 1661.8
1397770 1661.8
1397780 1641.1
1397790 1622.3
1397800 1622.3
1397810 1610.9
1397820 1598.0
1397830 1598.0
1397840 1588.0
1397850 1576.4
1397860 1576.4
1397870 1566.6
1397880 1554.3
1397890 1554.3
1397900 1540.8
1397910 1529.0
1397920 1518.0
1397930 1518.0
1397940 1508.8
1397950 1501.3
1397960 1501.3
1397970 1493.6
1397980 1485.9
1397990 1485.9
1398000 1478.2
1398010 1470.7
1398020 1470.7
1398030 1463.3
1398040 1455.8
1398050 1455.8
1398060 1448.3
1398070 1440.7
1398080 1440.7
1398090 1433.2
1398100 1426.1
1398110 1418.9
1398120 1418.9
1398130 1411.5
1398140 1404.3
1398150 1404.3
1398160 1397.0
1398170 1390.0
1398180 1390.0
1398190 1382.8
1398200 1375.7
1398210 1375.7
1398220 1368.3
1398230 1361.0
1398240 1361.0
1398250 1353.7
1398260 1346.4
1398270 1346.4
1398280 1339.2
1398290 1331.9
1398300 1324.2
1398310 1324.2
1398320 1316.8
1398330 1310.1
1398340 1310.1
1398350 1302.7
1398360 1295.7
1398370 1295.7
1398380 1288.7
1398390 1282.0
1398400 1282.0
1398410 1275.1
1398420 1264.6
1398430 1264.6
1398440 1255.5
1398450 1250.0
1398460 1250.0
1398470 1243.3
1398480 1237.3
1398490 1231.2
1398500 1231.2
1398510 1224.9
1398520 1218.5
1398530 1218.5
1398540 1212.1
1398550 1205.8
1398560 1205.8
1398570 1199.8
1398580 1193.9
1398590 1193.9
1398600 1187.5
1398610 1180.9
1398620 1180.9
1398630 1175.5
1398640 1169.6
1398650 1169.6
1398660 1163.5
1398670 1158.0
1398680 1152.1
1398690 1152.1
1398700 1146.1
1398710 1140.0
1398720 1140.0
1398730 1133.8
1398740 1127.4
1398750 1127.4
1398760 1121.2
1398770 1115.3
1398780 1115.3
1398790 1109.3
1398800 1104.0
1398810 1104.0
1398820 1098.7
1398830 1093.0
1398840 1093.0
1398850 1087.6
1398860 1082.3
1398870 1077.0
1398880 1077.0
1398890 1071.1
1398900 1065.1
1398910 1065.1
1398920 1059.3
1398930 1053.1
1398940 1053.1
1398950 1047.5
1398960 1042.7
1398970 1042.7
1398980 1037.7
1398990 1032.9
1399000 1032.9
1399010 1029.2
1399020 1025.4
1399030 1025.4
1399040 1021.4
1399050 1018.4
1399060 1018.4
1399070 1015.0
1399080 1009.8
1399090 1001.0
1399100 1001.0
1399110 996.6
1399120 993.8
1399130 993.8
1399140 989.6
1399150 986.2
1399160 986.2
1399170 982.6
1399180 974.0
1399190 974.0
1399200 960.6
1399210 947.4
1399220 947.4
1399230 941.2
1399240 935.4
1399250 935.4
1399260 928.5
1399270 921.8
1399280 915.7
1399290 915.7
1399300 909.4
1399310 903.0
1399320 901.6
1399330 895.0
1399340 890.0
1399350 890.0
1399360 884.0
1399370 877.1
1399380 877.1
1399390 871.2
1399400 860.3
1399410 860.3
1399420 846.1
1399430 837.9
1399440 837.9
1399450 830.3
1399460 825.9
1399470 822.8
1399480 822.8
1399490 821.0
1399500 820.5
1399510 820.5
1399520 821.4
1399530 821.3
1399540 821.3
1399550 821.4
1399560 821.6
1399570 821.6
1399580 821.9
1399590 820.9
1399600 820.9
1399610 820.1
1399620 819.6
1399630 819.6
1399640 819.1
1399650 818.8
1399660 818.8
1399670 818.8
1399680 818.8
1399690 818.7
1399700 818.7
1399710 818.6
1399720 818.5
1399730 818.5
1399740 818.7
1399750 818.6
1399760 818.6
1399770 818.2
1399780 817.8
1399790 817.8
1399800 818.0
1399810 817.9
1399820 817.9
1399830 817.6
1399840 815.0
1399850 813.3
1399860 813.3
1399870 812.7
1399880 812.8
1399890 812.8
1399900 814.2
1399910 816.5
1399920 816.5
1399930 816.9
1399940 817.5
1399950 817.5
1399960 817.6
1399970 817.8
1399980 817.8
1399990 818.9
1380000 2113.3
1380010 2107.7
1380020 2102.1
1380030 2102.1
1380040 2096.9
1380050 2092.4
1380060 2092.4
1380070 2087.2
1380080 2080.8
1380090 2080.8
1380100 2074.0
1380110 2066.1
1380120 2066.1
1380130 2058.1
1380140 2057.0
1380150 2057.0
1380160 2059.3
1380170 2061.5
1380180 2061.5
1380190 2063.6
1380200 2063.3
1380210 2062.0
1380220 2062.0
1380230 2059.3
1380240 2055.8
1380250 2055.8
1380260 2053.0
1380270 2050.6
1380280 2050.6
1380290 2047.7
1380300 2043.8
1380310 2043.8
1380320 2039.3
1380330 2034.1
1380340 2034.1
1380350 2028.3
1380360 2023.0
1380370 2023.0
1380380 2018.6
1380390 2014.8
1380400 2010.7
1380410 2010.7
1380420 2005.8
1380430 1998.9
1380440 1998.9
1380450 1991.4
1380460 1985.8
1380470 1985.8
1380480 1981.1
1380490 1975.9
1380500 1975.9
1380510 1980.0
1380520 1987.7
1380530 1987.7
1380540 1995.3
1380550 2001.7
1380560 2001.7
1380570 2008.2
1380580 2013.9
1380590 2015.5
1380600 2009.1
1380610 2005.3
1380620 1998.2
1380630 1998.2
1380640 1997.1
1380650 2002.0
1380660 2002.0
1380670 2008.8
1380680 2013.9
1380690 2013.9
1380700 2020.0
1380710 2027.3
1380720 2027.3
1380730 2033.3
1380740 2039.2
1380750 2039.2
1380760 2044.5
1380770 2049.6
1380780 2054.3
1380790 2054.3
1380800 2058.9
1380810 2063.5
1380820 2063.5
1380830 2068.1
1380840 2073.0
1380850 2073.0
1380860 2079.8
1380870 2087.3
1380880 2087.3
1380890 2093.1
1380900 2100.0
1380910 2100.0
1380920 2107.0
1380930 2112.4
1380940 2112.4
1380950 2115.6
1380960 2116.4
1380970 2117.6
1380980 2117.6
1380990 2119.6
1381000 2122.1
1381010 2122.1
1381020 2124.5
1381030 2127.2
1381040 2127.2
1381050 2130.7
1381060 2134.0
1381070 2134.0
1381080 2137.1
1381090 2140.9
1381100 2140.9
1381110 2145.1
1381120 2149.7
1381130 2149.7
1381140 2155.7
1381150 2159.7
1381160 2162.2
1381170 2162.2
1381180 2164.3
1381190 2166.8
1381200 2166.8
1381210 2170.8
1381220 2175.9
1381230 2175.9
1381240 2181.8
1381250 2187.5
1381260 2187.5
1381270 2194.2
1381280 2199.8
1381290 2199.8
1381300 2202.2
1381310 2202.1
1381320 2202.1
1381330 2201.7
1381340 2201.4
1381350 2201.4
1381360 2200.6
1381370 2199.5
1381380 2198.8
1381390 2198.8
1381400 2197.8
1381410 2196.8
1381420 2196.8
1381430 2195.1
1381440 2192.2
1381450 2192.2
1381460 2186.6
1381470 2181.4
1381480 2181.4
1381490 2176.7
1381500 2171.0
1381510 2171.0
1381520 2166.0
1381530 2162.4
1381540 2162.4
1381550 2159.3
1381560 2155.5
1381570 2150.7
1381580 2150.7
1381590 2143.9
1381600 2137.2
1381610 2137.2
1381620 2132.0
1381630 2127.8
1381640 2127.8
1381650 2123.9
1381660 2121.1
1381670 2121.1
1381680 2118.5
1381690 2116.8
1381700 2116.8
1381710 2116.6
1381720 2116.5
1381730 2116.5
1381740 2115.8
1381750 2115.6
1381760 2115.7
1381770 2115.7
1381780 2115.5
1381790 2115.7
1381800 2115.7
1381810 2116.1
1381820 2110.2
1381830 2110.2
1381840 2109.7
1381850 2107.9
1381860 2107.9
1381870 2105.0
1381880 2102.0
1381890 2102.0
1381900 2099.0
1381910 2094.4
1381920 2094.4
1381930 2089.5
1381940 2086.2
1381950 2083.8
1381960 2083.8
1381970 2082.4
1381980 2081.3
1381990 2081.3
1382000 2081.0
1382010 2081.3
1382020 2081.3
1382030 2081.5
1382040 2082.2
1382050 2082.2
1382060 2083.2
1382070 2084.3
1382080 2084.3
1382090 2085.5
1382100 2086.4
1382110 2086.4
1382120 2086.8
1382130 2087.1
1382140 2087.1
1382150 2087.1
1382160 2087.8
1382170 2089.0
1382180 2089.0
1382190 2090.1
1382200 2091.7
1382210 2091.7
1382220 2094.3
1382230 2096.9
1382240 2096.9
1382250 2097.7
1382260 2097.8
1382270 2097.8
1382280 2097.9
1382290 2098.1
1382300 2098.1
1382310 2098.4
1382320 2098.5
1382330 2098.7
1382340 2098.7
1382350 2097.8
1382360 2096.3
1382370 2096.3
1382380 2097.0
1382390 2094.1
1382400 2094.1
1382410 2089.5
1382420 2087.8
1382430 2087.8
1382440 2083.6
1382450 2079.8
1382460 2079.8
1382470 2077.3
1382480 2074.9
1382490 2074.9
1382500 2074.5
1382510 2076.5
1382520 2076.5
1382530 2078.4
1382540 2077.7
1382550 2076.7
1382560 2076.7
1382570 2074.6
1382580 2071.7
1382590 2071.7
1382600 2070.6
1382610 2069.7
1382620 2069.7
1382630 2068.5
1382640 2066.5
1382650 2066.5
1382660 2065.5
1382670 2065.0
1382680 2065.0
1382690 2065.2
1382700 2064.2
1382710 2064.2
1382720 2064.0
1382730 2063.9
1382740 2063.0
1382750 2063.0
1382760 2061.6
1382770 2059.5
1382780 2059.5
1382790 2057.1
1382800 2055.7
1382810 2055.7
1382820 2055.8
1382830 2055.1
1382840 2055.1
1382850 2054.0
1382860 2051.2
1382870 2051.2
1382880 2047.0
1382890 2042.4
1382900 2042.4
1382910 2037.7
1382920 2034.4
1382930 2032.8
1382940 2032.8
1382950 2031.2
1382960 2031.1
1382970 2031.1
1382980 2030.0
1382990 2029.2
1383000 2029.2
1383010 2027.6
1383020 2022.2
1383030 2022.2
1383040 2018.3
1383050 2016.6
1383060 2009.7
1383070 2008.7
1383080 2007.6
1383090 2007.6
1383100 2005.9
1383110 2003.8
1383120 2002.7
1383130 2002.7
1383140 2002.2
1383150 2001.7
1383160 2001.7
1383170 2000.6
1383180 1999.2
1383190 1999.2
1383200 1997.5
1383210 1995.5
1383220 1995.5
1383230 1993.4
1383240 1991.6
1383250 1991.6
1383260 1989.6
1383270 1987.0
1383280 1987.0
1383290 1984.3
1383300 1981.7
1383310 1979.8
1383320 1979.8
1383330 1977.2
1383340 1974.4
1383350 1974.4
1383360 1972.4
1383370 1970.3
1383380 1970.3
1383390 1968.1
1383400 1966.4
1383410 1966.4
1383420 1965.0
1383430 1963.2
1383440 1963.2
1383450 1961.5
1383460 1958.8
1383470 1958.8
1383480 1955.3
1383490 1950.2
1383500 1944.1
1383510 1944.1
1383520 1937.7
1383530 1931.7
1383540 1931.7
1383550 1927.0
1383560 1921.9
1383570 1921.9
1383580 1913.9
1383590 1907.9
1383600 1907.9
1383610 1903.2
1383620 1896.9
1383630 1896.9
1383640 1890.9
1383650 1886.7
1383660 1886.7
1383670 1885.9
1383680 1890.0
1383690 1893.3
1383700 1893.3
1383710 1890.2
1383720 1886.3
1383730 1886.3
1383740 1881.5
1383750 1876.3
1383760 1876.3
1383770 1868.9
1383780 1862.1
1383790 1862.1
1383800 1856.9
1383810 1853.7
1383820 1853.7
1383830 1854.0
1383840 1857.7
1383850 1857.7
1383860 1858.8
1383870 1856.3
1383880 1856.3
1383890 1855.6
1383900 1855.7
1383910 1855.5
1383920 1855.5
1383930 1856.4
1383940 1856.6
1383950 1856.6
1383960 1855.2
1383970 1855.1
1383980 1855.1
1383990 1852.1
1384000 1842.3
1384010 1842.3
1384020 1843.9
1384030 1846.5
1384040 1846.5
1384050 1844.3
1384060 1837.7
1384070 1837.7
1384080 1829.5
1384090 1834.2
1384100 1838.2
1384110 1838.2
1384120 1839.5
1384130 1836.9
1384140 1836.9
1384150 1832.2
1384160 1828.9
1384170 1828.9
1384180 1834.2
1384190 1844.5
1384200 1844.5
1384210 1853.3
1384220 1857.4
1384230 1857.4
1384240 1859.8
1384250 1862.4
1384260 1862.4
1384270 1865.2
1384280 1866.9
1384290 1868.4
1384300 1868.4
1384310 1871.4
1384320 1868.3
1384330 1868.3
1384340 1874.2
1384350 1879.8
1384360 1879.8
1384370 1885.9
1384380 1892.5
1384390 1892.5
1384400 1898.6
1384410 1902.0
1384420 1902.0
1384430 1906.0
1384440 1909.1
1384450 1909.1
1384460 1911.3
1384470 1913.9
1384480 1917.0
1384490 1917.0
1384500 1920.0
1384510 1922.9
1384520 1922.9
1384530 1926.7
1384540 1930.9
1384550 1930.9
1384560 1935.0
1384570 1939.1
1384580 1939.1
1384590 1943.1
1384600 1946.4
1384610 1946.4
1384620 1949.1
1384630 1951.4
1384640 1951.4
1384650 1953.0
1384660 1955.6
1384670 1959.2
1384680 1959.2
1384690 1963.1
1384700 1965.1
1384710 1965.1
1384720 1965.7
1384730 1965.6
1384740 1965.6
1384750 1965.2
1384760 1964.8
1384770 1964.8
1384780 1963.8
1384790 1963.2
1384800 1963.2
1384810 1963.0
1384820 1963.6
1384830 1963.6
1384840 1964.5
1384850 1963.9
1384860 1959.8
1384870 1959.8
1384880 1955.8
1384890 1951.8
1384900 1951.8
1384910 1947.7
1384920 1943.4
1384930 1943.4
1384940 1939.5
1384950 1936.2
1384960 1936.2
1384970 1932.8
1384980 1929.7
1384990 1929.7
1385000 1925.7
1385010 1921.3
1385020 1921.3
1385030 1918.5
1385040 1915.2
1385050 1915.2
1385060 1910.4
1385070 1905.2
1385080 1904.3
1385090 1904.3
1385100 1906.3
1385110 1902.6
1385120 1902.6
1385130 1904.5
1385140 1906.1
1385150 1906.1
1385160 1906.1
1385170 1905.9
1385180 1905.9
1385190 1904.0
1385200 1901.8
1385210 1901.8
1385220 1900.6
1385230 1900.1
1385240 1900.1
1385250 1900.0
1385260 1899.6
1385270 1899.8
1385280 1899.8
1385290 1900.3
1385300 1899.1
1385310 1899.1
1385320 1897.7
1385330 1894.6
1385340 1894.6
1385350 1888.4
1385360 1881.8
1385370 1881.8
1385380 1875.7
1385390 1872.5
1385400 1872.5
1385410 1870.7
1385420 1868.8
1385430 1868.8
1385440 1867.3
1385450 1865.0
1385460 1863.6
1385470 1863.6
1385480 1859.5
1385490 1850.3
1385500 1850.3
1385510 1839.6
1385520 1828.6
1385530 1828.6
1385540 1817.6
1385550 1803.3
1385560 1803.3
1385570 1791.7
1385580 1783.1
1385590 1783.1
1385600 1778.5
1385610 1778.6
1385620 1778.6
1385630 1783.1
1385640 1791.0
1385650 1801.3
1385660 1801.3
1385670 1812.8
1385680 1818.8
1385690 1818.8
1385700 1823.5
1385710 1829.4
1385720 1829.4
1385730 1834.1
1385740 1836.2
1385750 1836.2
1385760 1837.6
1385770 1839.0
1385780 1839.0
1385790 1840.4
1385800 1841.8
1385810 1841.8
1385820 1842.6
1385830 1844.7
1385840 1848.6
1385850 1848.6
1385860 1852.2
1385870 1853.9
1385880 1853.9
1385890 1854.1
1385900 1854.8
1385910 1854.8
1385920 1855.0
1385930 1856.7
1385940 1856.7
1385950 1859.7
1385960 1863.4
1385970 1863.4
1385980 1866.6
1385990 1869.0
1386000 1869.0
1386010 1872.4
1386020 1876.1
1386030 1878.2
1386040 1878.2
1386050 1881.1
1386060 1884.8
1386070 1884.8
1386080 1886.4
1386090 1886.1
1386100 1886.1
1386110 1888.4
1386120 1890.3
1386130 1890.3
1386140 1889.2
1386150 1887.3
1386160 1887.3
1386170 1887.1
1386180 1886.0
1386190 1886.0
1386200 1883.7
1386210 1881.0
1386220 1881.0
1386230 1877.0
1386240 1873.9
1386250 1869.9
1386260 1869.9
1386270 1867.2
1386280 1865.4
1386290 1865.4
1386300 1862.4
1386310 1861.2
1386320 1861.2
1386330 1861.7
1386340 1861.7
1386350 1861.7
1386360 1861.6
1386370 1860.6
1386380 1860.6
1386390 1856.9
1386400 1853.2
1386410 1853.2
1386420 1851.6
1386430 1850.7
1386440 1849.7
1386450 1849.7
1386460 1846.5
1386470 1842.0
1386480 1842.0
1386490 1836.2
1386500 1830.4
1386510 1830.4
1386520 1827.2
1386530 1820.3
1386540 1820.3
1386550 1815.6
1386560 1813.4
1386570 1813.4
1386580 1810.3
1386590 1798.3
1386600 1798.3
1386610 1785.3
1386620 1775.1
1386630 1764.9
1386640 1764.9
1386650 1754.6
1386660 1747.4
1386670 1747.4
1386680 1744.8
1386690 1738.1
1386700 1738.1
1386710 1728.5
1386720 1722.2
1386730 1722.2
1386740 1716.2
1386750 1706.8
1386760 1706.8
1386770 1697.0
1386780 1698.3
1386790 1698.3
1386800 1707.7
1386810 1717.0
1386820 1726.5
1386830 1726.5
1386840 1733.7
1386850 1740.0
1386860 1740.0
1386870 1743.1
1386880 1744.0
1386890 1744.0
1386900 1748.8
1386910 1753.4
1386920 1753.4
1386930 1757.1
1386940 1758.9
1386950 1758.9
1386960 1760.1
1386970 1765.0
1386980 1765.0
1386990 1768.6
1387000 1770.8
1387010 1772.9
1387020 1772.9
1387030 1775.1
1387040 1776.6
1387050 1776.6
1387060 1779.3
1387070 1782.8
1387080 1782.8
1387090 1787.2
1387100 1790.8
1387110 1790.8
1387120 1793.2
1387130 1795.2
1387140 1795.2
1387150 1798.3
1387160 1799.1
1387170 1799.1
1387180 1798.0
1387190 1794.6
1387200 1790.9
1387210 1790.9
1387220 1789.2
1387230 1788.4
1387240 1788.4
1387250 1788.5
1387260 1789.5
1387270 1789.5
1387280 1790.7
1387290 1791.6
1387300 1791.6
1387310 1792.9
1387320 1795.7
1387330 1795.7
1387340 1797.8
1387350 1799.6
1387360 1799.6
1387370 1801.6
1387380 1803.1
1387390 1803.0
1387400 1803.0
1387410 1802.9
1387420 1802.7
1387430 1802.7
1387440 1801.1
1387450 1799.0
1387460 1799.0
1387470 1796.9
1387480 1796.5
1387490 1796.5
1387500 1796.4
1387510 1796.2
1387520 1796.2
1387530 1795.2
1387540 1793.4
1387550 1793.4
1387560 1790.7
1387570 1788.7
1387580 1788.7
1387590 1787.0
1387600 1784.6
1387610 1783.0
1387620 1783.0
1387630 1783.0
1387640 1783.0
1387650 1783.0
1387660 1784.0
1387670 1786.3
1387680 1786.3
1387690 1788.4
1387700 1788.1
1387710 1788.1
1387720 1784.2
1387730 1778.4
1387740 1778.4
1387750 1774.3
1387760 1771.7
1387770 1771.7
1387780 1770.1
1387790 1768.9
1387800 1767.7
1387810 1767.7
1387820 1766.0
1387830 1764.2
1387840 1764.2
1387850 1762.4
1387860 1761.4
1387870 1761.4
1387880 1761.2
1387890 1761.8
1387900 1761.8
1387910 1760.6
1387920 1757.9
1387930 1757.9
1387940 1756.2
1387950 1755.4
1387960 1755.4
1387970 1755.3
1387980 1757.0
1387990 1757.8
1388000 1757.8
1388010 1757.1
1388020 1755.6
1388030 1755.6
1388040 1754.4
1388050 1754.7
1388060 1754.7
1388070 1752.2
1388080 1750.3
1388090 1750.3
1388100 1748.5
1388110 1749.0
1388120 1749.0
1388130 1751.1
1388140 1749.9
1388150 1749.9
1388160 1745.2
1388170 1738.4
1388180 1721.7
1388190 1721.7
1388200 1709.6
1388210 1700.5
1388220 1700.5
1388230 1690.9
1388240 1691.1
1388250 1691.1
1388260 1696.0
1388270 1699.0
1388280 1699.0
1388290 1699.1
1388300 1695.3
1388310 1695.3
1388320 1686.7
1388330 1674.1
1388340 1674.1
1388350 1658.9
1388360 1649.3
1388370 1651.5
1388380 1651.5
1388390 1662.9
1388400 1672.3
1388410 1672.3
1388420 1682.1
1388430 1687.1
1388440 1687.1
1388450 1680.3
1388460 1677.5
1388470 1677.5
1388480 1682.7
1388490 1680.9
1388500 1680.9
1388510 1672.8
1388520 1671.2
1388530 1671.2
1388540 1675.9
1388550 1683.1
1388560 1692.4
1388570 1692.4
1388580 1702.4
1388590 1716.6
1388600 1716.6
1388610 1731.3
1388620 1743.5
1388630 1743.5
1388640 1745.9
1388650 1748.6
1388660 1748.6
1388670 1764.7
1388680 1779.6
1388690 1779.6
1388700 1789.5
1388710 1798.0
1388720 1798.0
1388730 1804.9
1388740 1809.6
1388750 1809.6
1388760 1815.2
1388770 1824.2
1388780 1833.7
1388790 1833.7
1388800 1842.6
1388810 1851.3
1388820 1851.3
1388830 1859.1
1388840 1866.8
1388850 1866.8
1388860 1872.9
1388870 1878.0
1388880 1878.0
1388890 1882.2
1388900 1885.5
1388910 1885.5
1388920 1887.7
1388930 1890.3
1388940 1890.3
1388950 1893.9
1388960 1897.7
1388970 1901.2
1388980 1901.2
1388990 1903.2
1389000 1904.2
1389010 1904.2
1389020 1904.6
1389030 1904.0
1389040 1904.0
1389050 1901.8
1389060 1897.9
1389070 1897.9
1389080 1895.4
1389090 1894.2
1389100 1894.2
1389110 1893.3
1389120 1891.8
1389130 1891.8
1389140 1891.7
1389150 1892.6
1389160 1893.2
1389170 1893.2
1389180 1893.5
1389190 1893.0
1389200 1893.0
1389210 1893.0
1389220 1893.7
1389230 1893.7
1389240 1895.1
1389250 1897.7
1389260 1897.7
1389270 1900.1
1389280 1902.4
1389290 1902.4
1389300 1904.3
1389310 1905.1
1389320 1905.1
1389330 1905.2
1389340 1905.8
1389350 1906.9
1389360 1906.9
1389370 1908.3
1389380 1909.6
1389390 1909.6
1389400 1910.8
1389410 1911.5
1389420 1911.5
1389430 1912.1
1389440 1912.9
1389450 1912.9
1389460 1913.3
1389470 1913.5
1389480 1913.5
1389490 1915.1
1389500 1910.6
1389510 1910.6
1389520 1912.7
1389530 1914.8
1389540 1915.2
1389550 1915.2
1389560 1914.3
1389570 1913.8
1389580 1913.8
1389590 1915.3
1389600 1916.1
1389610 1916.1
1389620 1915.4
1389630 1915.6
1389640 1915.6
1389650 1915.5
1389660 1915.1
1389670 1915.1
1389680 1913.7
1389690 1912.1
1389700 1912.1
1389710 1911.3
1389720 1911.2
1389730 1910.7
1389740 1910.7
1389750 1912.9
1389760 1917.0
1389770 1917.0
1389780 1918.2
1389790 1917.4
1389800 1917.4
1389810 1915.5
1389820 1915.2
1389830 1915.2
1389840 1916.6
1389850 1914.5
1389860 1914.5
1389870 1913.2
1389880 1913.9
1389890 1913.9
1389900 1914.3
1389910 1916.4
1389920 1922.4
1389930 1922.4
1389940 1929.7
1389950 1936.3
1389960 1936.3
1389970 1941.9
1389980 1945.7
1389990 1945.7
1390000 1948.2
1390010 1949.9
1390020 1949.9
1390030 1951.0
1390040 1951.0
1390050 1951.0
1390060 1951.3
1390070 1951.6
1390080 1951.6
1390090 1950.8
1390100 1949.8
1390110 1949.8
1390120 1946.0
1390130 1940.6
1390140 1933.4
1390150 1933.4
1390160 1927.3
1390170 1934.5
1390180 1934.5
1390190 1939.9
1390200 1947.5
1390210 1947.5
1390220 1954.2
1390230 1958.4
1390240 1958.4
1390250 1958.1
1390260 1955.7
1390270 1955.7
1390280 1956.7
1390290 1957.7
1390300 1957.7
1390310 1958.5
1390320 1960.3
1390330 1962.3
1390340 1962.3
1390350 1962.7
1390360 1962.2
1390370 1962.2
1390380 1961.9
1390390 1960.8
1390400 1960.8
1390410 1957.4
1390420 1955.2
1390430 1955.2
1390440 1955.1
1390450 1957.8
1390460 1957.8
1390470 1960.4
1390480 1960.9
1390490 1960.9
1390500 1957.1
1390510 1956.2
1390520 1962.0
1390530 1962.0
1390540 1968.8
1390550 1974.5
1390560 1974.5
1390570 1981.1
1390580 1987.5
1390590 1987.5
1390600 1992.7
1390610 1998.3
1390620 1998.3
1390630 2003.4
1390640 2004.7
1390650 2004.7
1390660 2006.8
1390670 2010.8
1390680 2010.8
1390690 2015.3
1390700 2018.9
1390710 2021.6
1390720 2021.6
1390730 2021.7
1390740 2020.8
1390750 2020.8
1390760 2019.4
1390770 2017.6
1390780 2017.6
1390790 2016.0
1390800 2014.4
1390810 2014.4
1390820 2012.4
1390830 2010.5
1390840 2007.5
1390850 2005.5
1390860 2004.1
1390870 2004.1
1390880 2003.6
1390890 2003.4
1390900 2003.6
1390910 2003.6
1390920 2004.8
1390930 2007.8
1390940 2007.8
1390950 2009.8
1390960 2010.8
1390970 2010.8
1390980 2012.1
1390990 2014.1
1391000 2014.1
1391010 2017.5
1391020 2021.9
1391030 2021.9
1391040 2025.8
1391050 2027.2
1391060 2027.2
1391070 2027.8
1391080 2026.5
1391090 2023.2
1391100 2023.2
1391110 2020.5
1391120 2018.6
1391130 2018.6
1391140 2018.8
1391150 2020.1
1391160 2020.1
1391170 2022.3
1391180 2023.4
1391190 2023.4
1391200 2022.9
1391210 2023.1
1391220 2023.1
1391230 2023.3
1391240 2023.3
1391250 2023.3
1391260 2023.0
1391270 2022.2
1391280 2020.2
1391290 2020.2
1391300 2018.1
1391310 2017.1
1391320 2017.1
1391330 2015.7
1391340 2015.9
1391350 2015.9
1391360 2017.8
1391370 2017.3
1391380 2017.3
1391390 2015.2
1391400 2013.1
1391410 2013.1
1391420 2008.6
1391430 2003.9
1391440 2003.9
1391450 1998.9
1391460 1993.9
1391470 1993.9
1391480 1989.8
1391490 1986.6
1391500 1985.9
1391510 1985.9
1391520 1985.9
1391530 1985.4
1391540 1985.4
1391550 1985.4
1391560 1985.1
1391570 1985.1
1391580 1984.8
1391590 1985.9
1391600 1985.9
1391610 1983.7
1391620 1981.9
1391630 1981.9
1391640 1989.7
1391650 1997.9
1391660 1997.9
1391670 2002.8
1391680 2004.4
1391690 2004.0
1391700 2004.0
1391710 2002.8
1391720 2002.1
1391730 2002.1
1391740 2001.4
1391750 1999.6
1391760 1999.6
1391770 1995.8
1391780 1991.4
1391790 1991.4
1391800 1990.0
1391810 1989.6
1391820 1989.6
1391830 1989.8
1391840 1989.4
1391850 1989.4
1391860 1994.9
1391870 2003.7
1391880 2012.5
1391890 2012.5
1391900 2021.2
1391910 2030.4
1391920 2030.4
1391930 2035.0
1391940 2037.1
1391950 2037.1
1391960 2045.8
1391970 2063.1
1391980 2063.1
1391990 2068.4
1392000 2067.7
1392010 2067.7
1392020 2065.8
1392030 2066.1
1392040 2066.1
1392050 2067.9
1392060 2065.5
1392070 2063.8
1392080 2063.8
1392090 2060.5
1392100 2052.6
1392110 2052.6
1392120 2042.1
1392130 2034.5
1392140 2034.5
1392150 2038.3
1392160 2042.0
1392170 2042.0
1392180 2048.4
1392190 2049.5
1392200 2038.2
1392210 2042.1
1392220 2049.6
1392230 2049.6
1392240 2052.9
1392250 2053.1
1392260 2052.7
1392270 2052.7
1392280 2051.8
1392290 2050.6
1392300 2050.6
1392310 2048.5
1392320 2045.1
1392330 2045.1
1392340 2042.2
1392350 2039.5
1392360 2039.5
1392370 2035.8
1392380 2031.1
1392390 2031.1
1392400 2026.6
1392410 2017.9
1392420 2017.9
1392430 2009.6
1392440 2003.2
1392450 1998.5
1392460 1998.5
1392470 1996.6
1392480 1995.1
1392490 1995.1
1392500 1993.3
1392510 1990.5
1392520 1990.5
1392530 1986.3
1392540 1983.5
1392550 1983.5
1392560 1980.2
1392570 1976.0
1392580 1976.0
1392590 1972.0
1392600 1967.3
1392610 1967.3
1392620 1962.4
1392630 1959.3
1392640 1959.3
1392650 1957.4
1392660 1955.9
1392670 1954.5
1392680 1954.5
1392690 1952.8
1392700 1951.2
1392710 1951.2
1392720 1949.8
1392730 1948.8
1392740 1948.8
1392750 1947.5
1392760 1945.2
1392770 1945.2
1392780 1941.3
1392790 1937.9
1392800 1937.9
1392810 1934.7
1392820 1930.9
1392830 1930.9
1392840 1926.2
1392850 1920.5
1392860 1915.8
1392870 1915.8
1392880 1913.8
1392890 1915.2
1392900 1915.2
1392910 1917.0
1392920 1917.2
1392930 1917.2
1392940 1915.0
1392950 1912.1
1392960 1912.1
1392970 1908.6
1392980 1906.3
1392990 1906.3
1393000 1905.0
1393010 1901.9
1393020 1901.9
1393030 1896.0
1393040 1888.6
1393050 1881.5
1393060 1881.5
1393070 1875.3
1393080 1869.6
1393090 1869.6
1393100 1873.3
1393110 1879.6
1393120 1879.6
1393130 1886.3
1393140 1893.8
1393150 1893.8
1393160 1901.1
1393170 1906.7
1393180 1906.7
1393190 1907.0
1393200 1917.0
1393210 1917.0
1393220 1928.8
1393230 1931.6
1393240 1931.7
1393250 1931.7
1393260 1931.6
1393270 1931.9
1393280 1931.9
1393290 1931.3
1393300 1930.3
1393310 1930.3
1393320 1930.5
1393330 1931.7
1393340 1931.7
1393350 1933.1
1393360 1934.5
1393370 1934.5
1393380 1935.8
1393390 1935.8
1393400 1935.8
1393410 1936.3
1393420 1936.4
1393430 1937.1
1393440 1937.1
1393450 1938.3
1393460 1938.5
1393470 1938.5
1393480 1938.5
1393490 1938.5
1393500 1938.5
1393510 1936.3
1393520 1934.7
1393530 1934.7
1393540 1933.8
1393550 1933.0
1393560 1933.0
1393570 1932.7
1393580 1926.2
1393590 1926.2
1393600 1925.3
1393610 1923.1
1393620 1920.1
1393630 1920.1
1393640 1917.2
1393650 1912.0
1393660 1912.0
1393670 1903.2
1393680 1894.9
1393690 1894.9
1393700 1888.0
1393710 1883.4
1393720 1883.4
1393730 1887.4
1393740 1891.9
1393750 1891.9
1393760 1897.2
1393770 1903.2
1393780 1903.2
1393790 1907.2
1393800 1907.5
1393810 1908.8
1393820 1908.8
1393830 1914.2
1393840 1917.7
1393850 1917.7
1393860 1920.2
1393870 1923.2
1393880 1923.2
1393890 1927.8
1393900 1933.8
1393910 1933.8
1393920 1941.6
1393930 1949.1
1393940 1949.1
1393950 1954.7
1393960 1960.3
1393970 1960.3
1393980 1965.0
1393990 1969.4
1394000 1969.4
1394010 1973.5
1394020 1977.3
1394030 1981.3
1394040 1981.3
1394050 1987.0
1394060 1993.1
1394070 1993.1
1394080 1996.8
1394090 1998.1
1394100 1998.1
1394110 1998.5
1394120 1998.8
1394130 1998.8
1394140 2000.0
1394150 2005.0
1394160 2005.0
1394170 2006.9
1394180 2006.6
1394190 2006.6
1394200 2004.7
1394210 2004.3
1394220 2005.5
1394230 2005.5
1394240 2006.0
1394250 2006.2
1394260 2006.2
1394270 2005.4
1394280 2005.7
1394290 2005.7
1394300 2006.4
1394310 2006.1
1394320 2006.1
1394330 2006.0
1394340 2006.5
1394350 2006.5
1394360 2006.6
1394370 2006.8
1394380 2006.8
1394390 2006.4
1394400 2005.0
1394410 2004.6
1394420 2004.6
1394430 2005.1
1394440 2005.9
1394450 2005.9
1394460 2007.5
1394470 2008.5
1394480 2008.5
1394490 2009.6
1394500 2010.4
1394510 2010.4
1394520 2011.7
1394530 2012.6
1394540 2012.6
1394550 2013.3
1394560 2013.3
1394570 2013.3
1394580 2013.3
1394590 2013.5
1394600 2013.3
1394610 2013.3
1394620 2012.7
1394630 2012.0
1394640 2012.0
1394650 2011.6
1394660 2012.0
1394670 2012.0
1394680 2012.3
1394690 2012.6
1394700 2012.6
1394710 2012.4
1394720 2011.1
1394730 2011.1
1394740 2008.7
1394750 2006.5
1394760 2006.5
1394770 2004.2
1394780 2001.1
1394790 1999.4
1394800 1999.4
1394810 1998.4
1394820 1997.5
1394830 1997.5
1394840 1997.7
1394850 1999.1
1394860 1999.1
1394870 1999.5
1394880 2000.0
1394890 2000.0
1394900 2000.5
1394910 2000.2
1394920 2000.2
1394930 2001.6
1394940 2000.1
1394950 2000.1
1394960 1998.7
1394970 1997.1
1394980 1981.5
1394990 1981.5
1395000 1978.6
1395010 1973.5
1395020 1973.5
1395030 1969.9
1395040 1967.3
1395050 1967.3
1395060 1964.8
1395070 1962.9
1395080 1962.9
1395090 1959.8
1395100 1955.9
1395110 1955.9
1395120 1949.3
1395130 1940.4
1395140 1940.4
1395150 1937.7
1395160 1938.3
1395170 1938.3
1395180 1937.6
1395190 1935.7
1395200 1933.5
1395210 1933.5
1395220 1933.5
1395230 1936.1
1395240 1936.1
1395250 1936.4
1395260 1933.2
1395270 1933.2
1395280 1933.9
1395290 1933.7
1395300 1933.7
1395310 1932.0
1395320 1933.8
1395330 1933.8
1395340 1937.2
1395350 1936.1
1395360 1936.1
1395370 1935.0
1395380 1933.8
1395390 1932.1
1395400 1932.1
1395410 1930.0
1395420 1928.4
1395430 1928.4
1395440 1927.1
1395450 1925.3
1395460 1925.3
1395470 1923.6
1395480 1923.0
1395490 1923.0
1395500 1920.9
1395510 1918.1
1395520 1918.1
1395530 1917.2
1395540 1916.2
1395550 1916.2
1395560 1913.5
1395570 1911.2
1395580 1908.8
1395590 1908.8
1395600 1905.6
1395610 1901.7
1395620 1901.7
1395630 1895.6
1395640 1891.0
1395650 1891.0
1395660 1887.6
1395670 1883.8
1395680 1883.8
1395690 1881.3
1395700 1880.1
1395710 1880.1
1395720 1874.4
1395730 1871.1
1395740 1871.1
1395750 1868.9
1395760 1863.7
1395770 1859.0
1395780 1859.0
1395790 1853.4
1395800 1850.5
1395810 1850.5
1395820 1850.6
1395830 1851.1
1395840 1851.1
1395850 1853.6
1395860 1859.3
1395870 1859.3
1395880 1863.7
1395890 1863.0
1395900 1863.0
1395910 1861.1
1395920 1859.1
1395930 1859.1
1395940 1857.2
1395950 1855.0
1395960 1852.5
1395970 1852.5
1395980 1849.8
1395990 1846.7
1396000 1846.7
1396010 1842.9
1396020 1838.8
1396030 1838.8
1396040 1834.2
1396050 1828.4
1396060 1828.4
1396070 1822.8
1396080 1817.9
1396090 1817.9
1396100 1813.4
1396110 1809.1
1396120 1809.1
1396130 1805.4
1396140 1801.8
1396150 1798.1
1396160 1798.1
1396170 1794.5
1396180 1792.1
1396190 1792.1
1396200 1790.6
1396210 1788.6
1396220 1788.6
1396230 1786.0
1396240 1781.5
1396250 1781.5
1396260 1775.6
1396270 1769.7
1396280 1769.7
1396290 1763.4
1396300 1757.5
1396310 1757.5
1396320 1753.0
1396330 1749.2
1396340 1745.3
1396350 1745.3
1396360 1741.1
1396370 1736.8
1396380 1736.8
1396390 1733.7
1396400 1723.7
1396410 1723.7
1396420 1720.8
1396430 1714.4
1396440 1714.4
1396450 1706.3
1396460 1700.6
1396470 1700.6
1396480 1697.1
1396490 1695.0
1396500 1695.0
1396510 1692.1
1396520 1689.6
1396530 1689.6
1396540 1688.3
1396550 1685.9
1396560 1683.1
1396570 1683.1
1396580 1681.8
1396590 1681.8
1396600 1681.8
1396610 1682.0
1396620 1682.2
1396630 1682.2
1396640 1682.1
1396650 1681.7
1396660 1681.7
1396670 1680.9
1396680 1679.8
1396690 1679.8
1396700 1678.8
1396710 1678.2
1396720 1678.2
1396730 1677.5
1396740 1676.5
1396750 1676.4
1396760 1676.4
1396770 1677.4
1396780 1678.0
1396790 1678.0
1396800 1678.1
1396810 1679.0
1396820 1679.0
1396830 1680.1
1396840 1680.9
1396850 1680.9
1396860 1680.9
1396870 1680.9
1396880 1680.9
1396890 1681.1
1396900 1680.6
1396910 1680.6
1396920 1680.8
1396930 1682.2
1396940 1684.0
1396950 1684.0
1396960 1686.3
1396970 1689.3
1396980 1689.3
1396990 1691.3
1397000 1691.7
1397010 1691.7
1397020 1690.9
1397030 1692.0
1397040 1692.0
1397050 1695.6
1397060 1699.2
1397070 1699.2
1397080 1702.0
1397090 1703.9
1397100 1703.9
1397110 1704.3
1397120 1705.2
1397130 1706.3
1397140 1706.3
1397150 1707.0
1397160 1707.0
1397170 1707.0
1397180 1709.1
1397190 1712.7
1397200 1712.7
1397210 1716.5
1397220 1719.4
1397230 1719.4
1397240 1721.6
1397250 1723.3
1397260 1723.3
1397270 1725.5
1397280 1727.0
1397290 1727.0
1397300 1727.6
1397310 1729.3
1397320 1730.7
1397330 1730.7
1397340 1734.2
1397350 1739.0
1397360 1739.0
1397370 1742.8
1397380 1744.1
1397390 1744.1
1397400 1745.0
1397410 1746.0
1397420 1746.0
1397430 1746.3
1397440 1746.5
1397450 1746.5
1397460 1747.2
1397470 1748.0
1397480 1748.0
1397490 1748.9
1397500 1749.1
1397510 1748.8
1397520 1748.8
1397530 1748.5
1397540 1747.8
1397550 1747.8
1397560 1746.5
1397570 1742.9
1397580 1742.9
1397590 1737.4
1397600 1729.9
1397610 1729.9
1397620 1723.5
1397630 1716.4
1397640 1716.4
1397650 1710.2
1397660 1704.7
1397670 1704.7
1397680 1699.3
1397690 1694.5
1397700 1690.8
1397710 1690.8
1397720 1687.2
1397730 1681.9
1397740 1681.9
1397750 1675.4
1397760 1661.8
1397770 1661.8
1397780 1641.1
1397790 1622.3
1397800 1622.3
1397810 1610.9
1397820 1598.0
1397830 1598.0
1397840 1588.0
1397850 1576.4
1397860 1576.4
1397870 1566.6
1397880 1554.3
1397890 1554.3
1397900 1540.8
1397910 1529.0
1397920 1518.0
1397930 1518.0
1397940 1508.8
1397950 1501.3
1397960 1501.3
1397970 1493.6
1397980 1485.9
1397990 1485.9
1398000 1478.2
1398010 1470.7
1398020 1470.7
1398030 1463.3
1398040 1455.8
1398050 1455.8
1398060 1448.3
1398070 1440.7
1398080 1440.7
1398090 1433.2
1398100 1426.1
1398110 1418.9
1398120 1418.9
1398130 1411.5
1398140 1404.3
1398150 1404.3
1398160 1397.0
1398170 1390.0
1398180 1390.0
1398190 1382.8
1398200 1375.7
1398210 1375.7
1398220 1368.3
1398230 1361.0
1398240 1361.0
1398250 1353.7
1398260 1346.4
1398270 1346.4
1398280 1339.2
1398290 1331.9
1398300 1324.2
1398310 1324.2
1398320 1316.8
1398330 1310.1
1398340 1310.1
1398350 1302.7
1398360 1295.7
1398370 1295.7
1398380 1288.7
1398390 1282.0
1398400 1282.0
1398410 1275.1
1398420 1264.6
1398430 1264.6
1398440 1255.5
1398450 1250.0
1398460 1250.0
1398470 1243.3
1398480 1237.3
1398490 1231.2
1398500 1231.2
1398510 1224.9
1398520 1218.5
1398530 1218.5
1398540 1212.1
1398550 1205.8
1398560 1205.8
1398570 1199.8
1398580 1193.9
1398590 1193.9
1398600 1187.5
1398610 1180.9
1398620 1180.9
1398630 1175.5
1398640 1169.6
1398650 1169.6
1398660 1163.5
1398670 1158.0
1398680 1152.1
1398690 1152.1
1398700 1146.1
1398710 1140.0
1398720 1140.0
1398730 1133.8
1398740 1127.4
1398750 1127.4
1398760 1121.2
1398770 1115.3
1398780 1115.3
1398790 1109.3
1398800 1104.0
1398810 1104.0
1398820 1098.7
1398830 1093.0
1398840 1093.0
1398850 1087.6
1398860 1082.3
1398870 1077.0
1398880 1077.0
1398890 1071.1
1398900 1065.1
1398910 1065.1
1398920 1059.3
1398930 1053.1
1398940 1053.1
1398950 1047.5
1398960 1042.7
1398970 1042.7
1398980 1037.7
1398990 1032.9
1399000 1032.9
1399010 1029.2
1399020 1025.4
1399030 1025.4
1399040 1021.4
1399050 1018.4
1399060 1018.4
1399070 1015.0
1399080 1009.8
1399090 1001.0
1399100 1001.0
1399110 996.6
1399120 993.8
1399130 993.8
1399140 989.6
1399150 986.2
1399160 986.2
1399170 982.6
1399180 974.0
1399190 974.0
1399200 960.6
1399210 947.4
1399220 947.4
1399230 941.2
1399240 935.4
1399250 935.4
1399260 928.5
1399270 921.8
1399280 915.7
1399290 915.7
1399300 909.4
1399310 903.0
1399320 901.6
1399330 895.0
1399340 890.0
1399350 890.0
1399360 884.0
1399370 877.1
1399380 877.1
1399390 871.2
1399400 860.3
1399410 860.3
1399420 846.1
1399430 837.9
1399440 837.9
1399450 830.3
1399460 825.9
1399470 822.8
1399480 822.8
1399490 821.0
1399500 820.5
1399510 820.5
1399520 821.4
1399530 821.3
1399540 821.3
1399550 821.4
1399560 821.6
1399570 821.6
1399580 821.9
1399590 820.9
1399600 820.9
1399610 820.1
1399620 819.6
1399630 819.6
1399640 819.1
1399650 818.8
1399660 818.8
1399670 818.8
1399680 818.8
1399690 818.7
1399700 818.7
1399710 818.6
1399720 818.5
1399730 818.5
1399740 818.7
1399750 818.6
1399760 818.6
1399770 818.2
1399780 817.8
1399790 817.8
1399800 818.0
1399810 817.9
1399820 817.9
1399830 817.6
1399840 815.0
1399850 813.3
1399860 813.3
1399870 812.7
1399880 812.8
1399890 812.8
1399900 814.2
1399910 816.5
1399920 816.5
1399930 816.9
1399940 817.5
1399950 817.5
1399960 817.6
1399970 817.8
1399980 817.8
1399990 818.9
