1380000 2293.8
1380010 2293.8
1380020 2294.5
1380030 2295.7
1380040 2295.7
1380050 2297.3
1380060 2296.4
1380070 2296.4
1380080 2291.8
1380090 2286.0
1380100 2279.5
1380110 2279.5
1380120 2272.6
1380130 2266.1
1380140 2266.1
1380150 2259.5
1380160 2253.2
1380170 2253.2
1380180 2247.5
1380190 2242.6
1380200 2242.6
1380210 2238.5
1380220 2238.4
1380230 2238.4
1380240 2239.6
1380250 2241.0
1380260 2241.0
1380270 2243.3
1380280 2244.3
1380290 2244.3
1380300 2245.0
1380310 2243.2
1380320 2239.3
1380330 2239.3
1380340 2238.3
1380350 2237.1
1380360 2237.1
1380370 2232.5
1380380 2225.8
1380390 2225.8
1380400 2218.8
1380410 2210.2
1380420 2210.2
1380430 2203.3
1380440 2204.2
1380450 2204.2
1380460 2208.6
1380470 2213.1
1380480 2213.1
1380490 2216.4
1380500 2220.6
1380510 2222.3
1380520 2222.3
1380530 2218.3
1380540 2210.9
1380550 2210.9
1380560 2210.7
1380570 2216.2
1380580 2216.2
1380590 2216.8
1380600 2215.5
1380610 2215.5
1380620 2212.4
1380630 2209.3
1380640 2209.3
1380650 2209.8
1380660 2212.3
1380670 2212.3
1380680 2216.0
1380690 2220.5
1380700 2224.0
1380710 2224.0
1380720 2227.2
1380730 2229.0
1380740 2229.0
1380750 2230.2
1380760 2232.7
1380770 2232.7
1380780 2235.5
1380790 2238.3
1380800 2238.3
1380810 2241.6
1380820 2244.6
1380830 2244.6
1380840 2247.5
1380850 2250.0
1380860 2244.1
1380870 2244.9
1380880 2245.2
1380890 2246.6
1380900 2246.6
1380910 2249.5
1380920 2255.9
1380930 2255.9
1380940 2263.4
1380950 2269.3
1380960 2269.3
1380970 2272.6
1380980 2274.6
1380990 2274.6
1381000 2275.7
1381010 2275.6
1381020 2275.6
1381030 2275.1
1381040 2274.5
1381050 2274.5
1381060 2273.0
1381070 2271.7
1381080 2274.4
1381090 2274.4
1381100 2278.9
1381110 2284.7
1381120 2284.7
1381130 2290.2
1381140 2294.9
1381150 2294.9
1381160 2298.3
1381170 2299.0
1381180 2299.0
1381190 2299.0
1381200 2299.7
1381210 2299.7
1381220 2302.0
1381230 2306.5
1381240 2306.5
1381250 2312.7
1381260 2316.8
1381270 2320.4
1381280 2320.4
1381290 2324.3
1381300 2327.1
1381310 2327.1
1381320 2328.5
1381330 2329.7
1381340 2329.7
1381350 2331.4
1381360 2333.2
1381370 2333.2
1381380 2334.3
1381390 2335.8
1381400 2335.8
1381410 2338.4
1381420 2340.9
1381430 2340.9
1381440 2341.8
1381450 2341.8
1381460 2341.8
1381470 2341.1
1381480 2339.0
1381490 2335.5
1381500 2335.5
1381510 2330.8
1381520 2325.3
1381530 2325.3
1381540 2319.3
1381550 2313.3
1381560 2313.3
1381570 2307.9
1381580 2302.1
1381590 2302.1
1381600 2296.4
1381610 2292.2
1381620 2292.2
1381630 2289.9
1381640 2287.8
1381650 2287.8
1381660 2288.0
1381670 2289.4
1381680 2289.8
1381690 2289.8
1381700 2289.9
1381710 2290.8
1381720 2290.8
1381730 2291.4
1381740 2291.8
1381750 2291.8
1381760 2292.6
1381770 2293.7
1381780 2293.7
1381790 2295.0
1381800 2295.7
1381810 2295.7
1381820 2296.0
1381830 2295.9
1381840 2295.9
1381850 2296.0
1381860 2296.0
1381870 2295.6
1381880 2295.6
1381890 2295.1
1381900 2294.0
1381910 2294.0
1381920 2289.5
1381930 2284.7
1381940 2284.7
1381950 2281.8
1381960 2280.9
1381970 2280.9
1381980 2279.9
1381990 2279.4
1382000 2279.4
1382010 2279.1
1382020 2278.9
1382030 2278.9
1382040 2278.2
1382050 2276.9
1382060 2272.9
1382070 2272.9
1382080 2270.3
1382090 2264.8
1382100 2264.8
1382110 2264.2
1382120 2264.1
1382130 2264.1
1382140 2264.5
1382150 2263.7
1382160 2263.7
1382170 2261.8
1382180 2259.5
1382190 2259.5
1382200 2255.0
1382210 2249.2
1382220 2249.2
1382230 2243.1
1382240 2239.6
1382250 2236.1
1382260 2236.1
1382270 2232.8
1382280 2230.5
1382290 2230.5
1382300 2229.1
1382310 2228.6
1382320 2228.6
1382330 2227.5
1382340 2225.4
1382350 2225.4
1382360 2222.9
1382370 2220.1
1382380 2220.1
1382390 2217.8
1382400 2216.5
1382410 2216.5
1382420 2217.1
1382430 2218.8
1382440 2220.4
1382450 2220.4
1382460 2221.9
1382470 2224.7
1382480 2224.7
1382490 2227.6
1382500 2230.7
1382510 2230.7
1382520 2233.5
1382530 2237.2
1382540 2237.2
1382550 2241.1
1382560 2244.3
1382570 2244.3
1382580 2246.5
1382590 2249.4
1382600 2249.4
1382610 2253.4
1382620 2257.3
1382630 2257.3
1382640 2260.7
1382650 2262.9
1382660 2263.5
1382670 2263.5
1382680 2264.6
1382690 2264.8
1382700 2264.8
1382710 2264.1
1382720 2265.5
1382730 2265.5
1382740 2264.7
1382750 2261.3
1382760 2261.3
1382770 2257.2
1382780 2252.8
1382790 2252.8
1382800 2251.2
1382810 2250.9
1382820 2250.9
1382830 2250.0
1382840 2248.6
1382850 2247.5
1382860 2247.5
1382870 2244.6
1382880 2241.4
1382890 2241.4
1382900 2238.1
1382910 2235.5
1382920 2235.5
1382930 2232.8
1382940 2228.9
1382950 2228.9
1382960 2224.8
1382970 2220.4
1382980 2220.4
1382990 2216.3
1383000 2212.5
1383010 2212.5
1383020 2208.8
1383030 2204.2
1383040 2199.0
1383050 2199.0
1383060 2193.3
1383070 2187.5
1383080 2187.5
1383090 2181.5
1383100 2175.3
1383110 2175.3
1383120 2169.5
1383130 2164.3
1383140 2164.3
1383150 2159.7
1383160 2152.9
1383170 2152.9
1383180 2144.7
1383190 2136.3
1383200 2136.3
1383210 2127.6
1383220 2122.3
1383230 2124.4
1383240 2124.4
1383250 2125.4
1383260 2122.3
1383270 2122.3
1383280 2122.7
1383290 2125.1
1383300 2125.1
1383310 2127.8
1383320 2126.7
1383330 2119.4
1383340 2124.4
1383350 2129.0
1383360 2129.0
1383370 2130.5
1383380 2130.3
1383390 2130.3
1383400 2131.4
1383410 2132.7
1383420 2136.0
1383430 2136.0
1383440 2140.2
1383450 2143.6
1383460 2143.6
1383470 2146.9
1383480 2149.6
1383490 2149.6
1383500 2150.3
1383510 2151.4
1383520 2151.4
1383530 2152.7
1383540 2152.7
1383550 2152.7
1383560 2151.5
1383570 2150.6
1383580 2150.6
1383590 2148.8
1383600 2145.6
1383610 2145.6
1383620 2144.9
1383630 2145.8
1383640 2146.2
1383650 2146.2
1383660 2147.2
1383670 2148.0
1383680 2148.0
1383690 2147.1
1383700 2145.5
1383710 2145.5
1383720 2143.3
1383730 2139.3
1383740 2139.3
1383750 2132.3
1383760 2123.7
1383770 2123.7
1383780 2114.3
1383790 2105.5
1383800 2105.5
1383810 2096.1
1383820 2086.3
1383830 2085.8
1383840 2085.8
1383850 2090.6
1383860 2095.1
1383870 2095.1
1383880 2097.5
1383890 2099.8
1383900 2099.8
1383910 2105.3
1383920 2112.2
1383930 2112.2
1383940 2114.3
1383950 2109.0
1383960 2109.0
1383970 2100.8
1383980 2094.7
1383990 2094.7
1384000 2086.8
1384010 2077.5
1384020 2070.9
1384030 2070.9
1384040 2076.0
1384050 2086.0
1384060 2086.0
1384070 2092.4
1384080 2101.4
1384090 2101.4
1384100 2112.1
1384110 2116.8
1384120 2116.8
1384130 2119.8
1384140 2123.0
1384150 2123.0
1384160 2126.1
1384170 2128.3
1384180 2128.3
1384190 2129.8
1384200 2130.6
1384210 2128.5
1384220 2128.5
1384230 2119.3
1384240 2111.3
1384250 2111.3
1384260 2103.5
1384270 2100.3
1384280 2100.3
1384290 2094.1
1384300 2086.1
1384310 2086.1
1384320 2088.4
1384330 2095.1
1384340 2095.1
1384350 2102.6
1384360 2109.8
1384370 2109.8
1384380 2114.9
1384390 2120.0
1384400 2127.0
1384410 2127.0
1384420 2134.7
1384430 2143.0
1384440 2143.0
1384450 2149.9
1384460 2155.8
1384470 2155.8
1384480 2162.4
1384490 2169.6
1384500 2169.6
1384510 2176.4
1384520 2183.5
1384530 2183.5
1384540 2190.5
1384550 2197.9
1384560 2197.9
1384570 2205.8
1384580 2213.8
1384590 2219.6
1384600 2219.6
1384610 2227.0
1384620 2233.7
1384630 2233.7
1384640 2239.5
1384650 2243.5
1384660 2243.5
1384670 2245.3
1384680 2245.8
1384690 2245.8
1384700 2245.5
1384710 2244.1
1384720 2244.1
1384730 2241.6
1384740 2238.4
1384750 2238.4
1384760 2233.1
1384770 2226.0
1384780 2226.0
1384790 2221.4
1384800 2217.8
1384810 2215.1
1384820 2215.1
1384830 2212.7
1384840 2209.6
1384850 2209.6
1384860 2205.7
1384870 2201.2
1384880 2201.2
1384890 2194.3
1384900 2188.2
1384910 2188.2
1384920 2182.3
1384930 2176.8
1384940 2176.8
1384950 2171.3
1384960 2166.1
1384970 2166.1
1384980 2161.5
1384990 2157.3
1385000 2153.0
1385010 2153.0
1385020 2148.6
1385030 2144.2
1385040 2144.2
1385050 2139.8
1385060 2134.2
1385070 2134.2
1385080 2127.3
1385090 2121.3
1385100 2121.3
1385110 2115.8
1385120 2110.0
1385130 2110.0
1385140 2103.8
1385150 2097.3
1385160 2097.3
1385170 2091.1
1385180 2085.7
1385190 2081.1
1385200 2081.1
1385210 2077.0
1385220 2071.5
1385230 2071.5
1385240 2064.3
1385250 2056.3
1385260 2056.3
1385270 2048.4
1385280 2040.8
1385290 2040.8
1385300 2033.2
1385310 2024.7
1385320 2024.7
1385330 2016.6
1385340 2010.4
1385350 2010.4
1385360 2009.4
1385370 2019.2
1385380 2025.8
1385390 2025.8
1385400 2032.0
1385410 2038.5
1385420 2038.5
1385430 2044.3
1385440 2048.8
1385450 2048.8
1385460 2054.2
1385470 2060.4
1385480 2060.4
1385490 2066.2
1385500 2071.8
1385510 2071.8
1385520 2076.9
1385530 2081.9
1385540 2081.9
1385550 2086.5
1385560 2091.7
1385570 2097.2
1385580 2097.2
1385590 2097.4
1385600 2087.6
1385610 2087.6
1385620 2079.0
1385630 2068.6
1385640 2068.6
1385650 2060.0
1385660 2054.2
1385670 2054.2
1385680 2046.4
1385690 2042.7
1385700 2042.7
1385710 2042.1
1385720 2041.6
1385730 2041.6
1385740 2040.8
1385750 2038.7
1385760 2037.3
1385770 2037.3
1385780 2035.9
1385790 2034.4
1385800 2034.4
1385810 2032.0
1385820 2029.8
1385830 2029.8
1385840 2028.0
1385850 2025.7
1385860 2018.6
1385870 2016.4
1385880 2014.2
1385890 2014.2
1385900 2011.5
1385910 2009.8
1385920 2009.8
1385930 2008.0
1385940 2005.6
1385950 2005.6
1385960 2004.6
1385970 2006.7
1385980 2007.7
1385990 2007.7
1386000 2007.3
1386010 2005.8
1386020 2005.8
1386030 2004.2
1386040 2002.6
1386050 2002.6
1386060 2000.3
1386070 1999.4
1386080 1999.4
1386090 2000.5
1386100 2001.3
1386110 2001.3
1386120 2002.4
1386130 2004.3
1386140 2004.3
1386150 2005.6
1386160 2005.9
1386170 2005.9
1386180 2005.9
1386190 2007.8
1386200 2010.8
1386210 2010.8
1386220 2010.9
1386230 2009.5
1386240 2009.5
1386250 2006.6
1386260 1999.3
1386270 1999.3
1386280 1990.3
1386290 1981.3
1386300 1981.3
1386310 1972.4
1386320 1965.5
1386330 1965.5
1386340 1966.7
1386350 1970.7
1386360 1972.6
1386370 1972.6
1386380 1974.8
1386390 1975.1
1386400 1975.1
1386410 1974.3
1386420 1973.4
1386430 1973.4
1386440 1972.5
1386450 1972.4
1386460 1972.4
1386470 1972.0
1386480 1972.8
1386490 1972.8
1386500 1971.9
1386510 1971.1
1386520 1971.1
1386530 1971.5
1386540 1972.6
1386550 1975.1
1386560 1975.1
1386570 1978.1
1386580 1982.1
1386590 1982.1
1386600 1983.2
1386610 1981.9
1386620 1981.9
1386630 1980.0
1386640 1977.1
1386650 1977.1
1386660 1973.9
1386670 1969.8
1386680 1969.8
1386690 1966.3
1386700 1963.4
1386710 1963.4
1386720 1961.3
1386730 1959.4
1386740 1957.1
1386750 1957.1
1386760 1956.8
1386770 1953.7
1386780 1953.7
1386790 1952.2
1386800 1953.2
1386810 1953.2
1386820 1953.7
1386830 1950.3
1386840 1950.3
1386850 1943.5
1386860 1938.4
1386870 1938.4
1386880 1932.1
1386890 1934.8
1386900 1934.8
1386910 1938.7
1386920 1944.6
1386930 1951.0
1386940 1951.0
1386950 1955.3
1386960 1958.7
1386970 1958.7
1386980 1961.8
1386990 1965.3
1387000 1965.3
1387010 1968.7
1387020 1971.6
1387030 1971.6
1387040 1974.1
1387050 1976.1
1387060 1976.1
1387070 1977.9
1387080 1979.9
1387090 1979.9
1387100 1981.6
1387110 1983.0
1387120 1983.0
1387130 1984.1
1387140 1986.0
1387150 1981.5
1387160 1981.5
1387170 1983.0
1387180 1985.0
1387190 1985.0
1387200 1987.2
1387210 1989.0
1387220 1989.0
1387230 1991.6
1387240 1993.1
1387250 1993.1
1387260 1992.5
1387270 1993.9
1387280 1993.9
1387290 1995.3
1387300 1997.3
1387310 1997.3
1387320 2000.8
1387330 2004.4
1387340 2009.0
1387350 2009.0
1387360 2013.3
1387370 2017.3
1387380 2017.3
1387390 2018.8
1387400 2020.8
1387410 2020.8
1387420 2024.0
1387430 2026.8
1387440 2026.8
1387450 2032.4
1387460 2038.2
1387470 2038.2
1387480 2043.5
1387490 2055.9
1387500 2055.9
1387510 2074.2
1387520 2091.0
1387530 2098.2
1387540 2098.2
1387550 2102.3
1387560 2106.3
1387570 2106.3
1387580 2109.3
1387590 2114.8
1387600 2114.8
1387610 2121.5
1387620 2135.9
1387630 2135.9
1387640 2139.7
1387650 2133.6
1387660 2133.6
1387670 2128.9
1387680 2125.2
1387690 2125.2
1387700 2122.8
1387710 2122.6
1387720 2127.7
1387730 2127.7
1387740 2134.6
1387750 2138.4
1387760 2138.4
1387770 2138.1
1387780 2135.9
1387790 2135.9
1387800 2131.6
1387810 2124.8
1387820 2124.8
1387830 2118.1
1387840 2111.5
1387850 2111.5
1387860 2106.1
1387870 2100.4
1387880 2100.4
1387890 2094.0
1387900 2087.5
1387910 2079.5
1387920 2079.5
1387930 2070.3
1387940 2058.4
1387950 2058.4
1387960 2047.2
1387970 2036.9
1387980 2036.9
1387990 2025.7
1388000 2014.3
1388010 2014.3
1388020 2002.7
1388030 1990.7
1388040 1990.7
1388050 1978.7
1388060 1969.9
1388070 1969.9
1388080 1962.6
1388090 1958.1
1388100 1958.1
1388110 1958.3
1388120 1957.9
1388130 1950.6
1388140 1950.6
1388150 1941.3
1388160 1929.4
1388170 1929.4
1388180 1917.0
1388190 1904.3
1388200 1904.3
1388210 1892.8
1388220 1876.9
1388230 1876.9
1388240 1866.3
1388250 1856.7
1388260 1856.7
1388270 1852.0
1388280 1851.8
1388290 1851.8
1388300 1857.9
1388310 1867.1
1388320 1878.6
1388330 1878.6
1388340 1892.1
1388350 1899.4
1388360 1899.4
1388370 1901.1
1388380 1907.7
1388390 1907.7
1388400 1914.5
1388410 1920.2
1388420 1920.2
1388430 1925.1
1388440 1929.0
1388450 1929.0
1388460 1924.1
1388470 1932.2
1388480 1932.2
1388490 1940.9
1388500 1947.1
1388510 1952.0
1388520 1952.0
1388530 1958.8
1388540 1966.0
1388550 1966.0
1388560 1969.7
1388570 1974.9
1388580 1974.9
1388590 1984.7
1388600 1993.0
1388610 1993.0
1388620 1999.8
1388630 2006.8
1388640 2006.8
1388650 2014.7
1388660 2023.9
1388670 2023.9
1388680 2029.5
1388690 2031.7
1388700 2034.1
1388710 2034.1
1388720 2037.9
1388730 2043.4
1388740 2043.4
1388750 2049.1
1388760 2052.5
1388770 2052.5
1388780 2054.3
1388790 2054.4
1388800 2054.4
1388810 2051.3
1388820 2043.8
1388830 2043.8
1388840 2034.1
1388850 2024.0
1388860 2024.0
1388870 2014.7
1388880 2009.7
1388890 2006.2
1388900 2006.2
1388910 2009.7
1388920 2024.1
1388930 2024.1
1388940 2032.6
1388950 2038.0
1388960 2038.0
1388970 2039.9
1388980 2038.9
1388990 2038.9
1389000 2036.1
1389010 2034.9
1389020 2034.9
1389030 2035.3
1389040 2035.8
1389050 2035.8
1389060 2034.8
1389070 2030.3
1389080 2024.2
1389090 2024.2
1389100 2028.0
1389110 2037.1
1389120 2037.1
1389130 2047.5
1389140 2054.8
1389150 2054.8
1389160 2057.3
1389170 2054.0
1389180 2054.0
1389190 2046.3
1389200 2049.6
1389210 2049.6
1389220 2049.8
1389230 2046.6
1389240 2046.6
1389250 2047.4
1389260 2053.5
1389270 2053.5
1389280 2064.0
1389290 2074.1
1389300 2082.7
1389310 2082.7
1389320 2091.3
1389330 2100.1
1389340 2100.1
1389350 2108.7
1389360 2116.2
1389370 2116.2
1389380 2123.1
1389390 2129.8
1389400 2129.8
1389410 2136.7
1389420 2143.2
1389430 2143.2
1389440 2149.7
1389450 2155.6
1389460 2155.6
1389470 2161.3
1389480 2167.6
1389490 2174.7
1389500 2174.7
1389510 2181.9
1389520 2189.5
1389530 2189.5
1389540 2197.6
1389550 2205.0
1389560 2205.0
1389570 2211.8
1389580 2218.1
1389590 2218.1
1389600 2224.6
1389610 2231.1
1389620 2231.1
1389630 2236.2
1389640 2240.8
1389650 2240.8
1389660 2244.5
1389670 2246.8
1389680 2246.3
1389690 2246.3
1389700 2244.6
1389710 2242.9
1389720 2242.9
1389730 2240.9
1389740 2238.5
1389750 2238.5
1389760 2236.7
1389770 2236.2
1389780 2236.2
1389790 2227.8
1389800 2230.2
1389810 2230.2
1389820 2231.3
1389830 2232.0
1389840 2232.0
1389850 2230.8
1389860 2231.3
1389870 2234.6
1389880 2234.6
1389890 2233.5
1389900 2227.7
1389910 2227.7
1389920 2218.7
1389930 2216.1
1389940 2216.1
1389950 2216.6
1389960 2214.9
1389970 2214.9
1389980 2211.3
1389990 2210.5
1390000 2210.5
1390010 2213.4
1390020 2215.3
1390030 2215.3
1390040 2215.7
1390050 2215.1
1390060 2214.9
1390070 2214.9
1390080 2215.2
1390090 2214.6
1390100 2214.6
1390110 2213.4
1390120 2213.7
1390130 2213.7
1390140 2213.3
1390150 2211.9
1390160 2211.9
1390170 2211.5
1390180 2211.8
1390190 2211.8
1390200 2209.2
1390210 2205.6
1390220 2205.6
1390230 2208.6
1390240 2213.8
1390250 2213.6
1390260 2213.6
1390270 2209.4
1390280 2208.4
1390290 2208.4
1390300 2209.1
1390310 2206.9
1390320 2206.9
1390330 2200.3
1390340 2195.9
1390350 2195.9
1390360 2195.7
1390370 2196.2
1390380 2196.2
1390390 2195.5
1390400 2198.2
1390410 2198.2
1390420 2207.2
1390430 2217.2
1390440 2217.2
1390450 2223.8
1390460 2229.4
1390470 2233.8
1390480 2233.8
1390490 2237.0
1390500 2240.0
1390510 2240.0
1390520 2242.8
1390530 2245.1
1390540 2245.1
1390550 2247.5
1390560 2249.6
1390570 2249.6
1390580 2250.4
1390590 2249.1
1390600 2249.1
1390610 2247.5
1390620 2247.9
1390630 2247.9
1390640 2248.0
1390650 2248.1
1390660 2246.7
1390670 2246.7
1390680 2246.4
1390690 2245.8
1390700 2245.8
1390710 2247.0
1390720 2247.4
1390730 2247.4
1390740 2246.4
1390750 2245.0
1390760 2245.0
1390770 2242.2
1390780 2235.6
1390790 2235.6
1390800 2228.1
1390810 2230.2
1390820 2230.2
1390830 2234.1
1390840 2238.9
1390850 2244.0
1390860 2244.0
1390870 2248.2
1390880 2252.0
1390890 2252.0
1390900 2257.0
1390910 2260.7
1390920 2260.7
1390930 2263.6
1390940 2266.2
1390950 2266.2
1390960 2269.6
1390970 2276.5
1390980 2276.5
1390990 2285.8
1391000 2294.5
1391010 2294.5
1391020 2303.9
1391030 2308.8
1391040 2312.4
1391050 2312.4
1391060 2312.4
1391070 2313.2
1391080 2313.2
1391090 2319.6
1391100 2332.4
1391110 2332.4
1391120 2343.4
1391130 2337.8
1391140 2337.8
1391150 2338.4
1391160 2338.1
1391170 2338.1
1391180 2339.0
1391190 2337.2
1391200 2337.2
1391210 2336.7
1391220 2338.9
1391230 2340.7
1391240 2340.7
1391250 2345.7
1391260 2346.8
1391270 2346.8
1391280 2348.7
1391290 2353.8
1391300 2353.8
1391310 2355.3
1391320 2354.8
1391330 2354.8
1391340 2352.0
1391350 2347.0
1391360 2347.0
1391370 2345.3
1391380 2346.6
1391390 2346.6
1391400 2345.8
1391410 2346.0
1391420 2347.4
1391430 2347.4
1391440 2344.2
1391450 2341.5
1391460 2341.5
1391470 2345.3
1391480 2343.6
1391490 2343.6
1391500 2341.3
1391510 2337.5
1391520 2337.5
1391530 2331.6
1391540 2325.7
1391550 2325.7
1391560 2319.1
1391570 2311.2
1391580 2311.2
1391590 2303.1
1391600 2306.2
1391610 2306.2
1391620 2315.0
1391630 2325.1
1391640 2337.4
1391650 2337.4
1391660 2340.4
1391670 2336.7
1391680 2336.7
1391690 2332.2
1391700 2327.4
1391710 2327.4
1391720 2325.7
1391730 2327.1
1391740 2327.1
1391750 2322.1
1391760 2311.0
1391770 2311.0
1391780 2304.5
1391790 2312.3
1391800 2312.3
1391810 2319.6
1391820 2320.8
1391830 2317.3
1391840 2317.3
1391850 2313.5
1391860 2314.2
1391870 2314.2
1391880 2320.2
1391890 2330.7
1391900 2330.7
1391910 2341.4
1391920 2347.4
1391930 2347.4
1391940 2349.8
1391950 2351.9
1391960 2351.9
1391970 2357.0
1391980 2363.0
1391990 2363.0
1392000 2371.2
1392010 2373.4
1392020 2376.7
1392030 2376.7
1392040 2382.8
1392050 2387.8
1392060 2387.8
1392070 2392.8
1392080 2399.1
1392090 2399.1
1392100 2405.3
1392110 2406.6
1392120 2406.6
1392130 2402.8
1392140 2397.7
1392150 2397.7
1392160 2392.3
1392170 2387.0
1392180 2387.0
1392190 2381.1
1392200 2376.5
1392210 2379.1
1392220 2379.1
1392230 2375.1
1392240 2365.0
1392250 2365.0
1392260 2355.2
1392270 2347.0
1392280 2347.0
1392290 2346.0
1392300 2349.7
1392310 2349.7
1392320 2355.2
1392330 2359.0
1392340 2359.0
1392350 2355.0
1392360 2348.8
1392370 2348.8
1392380 2344.5
1392390 2343.7
1392400 2343.7
1392410 2343.7
1392420 2343.6
1392430 2342.5
1392440 2342.5
1392450 2339.6
1392460 2336.0
1392470 2336.0
1392480 2332.5
1392490 2329.5
1392500 2323.1
1392510 2320.5
1392520 2318.3
1392530 2318.3
1392540 2316.1
1392550 2315.5
1392560 2315.5
1392570 2319.1
1392580 2322.6
1392590 2324.5
1392600 2324.5
1392610 2323.3
1392620 2320.8
1392630 2320.8
1392640 2319.6
1392650 2319.0
1392660 2319.0
1392670 2314.7
1392680 2308.3
1392690 2308.3
1392700 2301.4
1392710 2295.1
1392720 2295.1
1392730 2289.4
1392740 2284.1
1392750 2284.1
1392760 2276.4
1392770 2267.0
1392780 2267.0
1392790 2259.2
1392800 2264.4
1392810 2276.6
1392820 2276.6
1392830 2271.5
1392840 2260.7
1392850 2260.7
1392860 2252.9
1392870 2245.3
1392880 2245.3
1392890 2238.3
1392900 2239.0
1392910 2239.0
1392920 2247.4
1392930 2252.5
1392940 2252.5
1392950 2252.5
1392960 2244.3
1392970 2244.3
1392980 2227.2
1392990 2202.6
1393000 2189.0
1393010 2189.0
1393020 2195.6
1393030 2203.9
1393040 2203.9
1393050 2208.6
1393060 2214.6
1393070 2214.6
1393080 2220.7
1393090 2219.4
1393100 2219.4
1393110 2212.8
1393120 2211.3
1393130 2211.3
1393140 2213.3
1393150 2214.8
1393160 2214.8
1393170 2214.6
1393180 2211.9
1393190 2210.5
1393200 2210.5
1393210 2207.9
1393220 2203.7
1393230 2203.7
1393240 2207.8
1393250 2212.3
1393260 2212.3
1393270 2214.4
1393280 2212.7
1393290 2212.7
1393300 2208.7
1393310 2203.0
1393320 2203.0
1393330 2200.3
1393340 2196.9
1393350 2196.9
1393360 2196.2
1393370 2196.8
1393380 2197.1
1393390 2197.1
1393400 2195.7
1393410 2192.7
1393420 2192.7
1393430 2190.8
1393440 2190.8
1393450 2190.8
1393460 2191.7
1393470 2192.6
1393480 2192.6
1393490 2193.5
1393500 2193.2
1393510 2193.2
1393520 2191.8
1393530 2191.2
1393540 2191.2
1393550 2193.7
1393560 2194.4
1393570 2194.3
1393580 2194.3
1393590 2193.8
1393600 2192.7
1393610 2192.7
1393620 2186.6
1393630 2178.1
1393640 2178.1
1393650 2178.8
1393660 2189.1
1393670 2189.1
1393680 2192.7
1393690 2196.0
1393700 2196.0
1393710 2199.6
1393720 2196.9
1393730 2196.9
1393740 2199.5
1393750 2211.4
1393760 2220.1
1393770 2220.1
1393780 2224.6
1393790 2229.7
1393800 2229.7
1393810 2232.0
1393820 2236.8
1393830 2236.8
1393840 2239.1
1393850 2243.1
1393860 2243.1
1393870 2250.7
1393880 2254.8
1393890 2254.8
1393900 2258.3
1393910 2259.9
1393920 2259.9
1393930 2260.0
1393940 2261.1
1393950 2261.1
1393960 2266.4
1393970 2275.6
1393980 2280.6
1393990 2280.6
1394000 2284.3
1394010 2288.6
1394020 2288.6
1394030 2294.9
1394040 2299.1
1394050 2299.1
1394060 2299.6
1394070 2298.9
1394080 2298.9
1394090 2297.2
1394100 2293.2
1394110 2293.2
1394120 2290.4
1394130 2287.5
1394140 2287.5
1394150 2284.9
1394160 2282.8
1394170 2281.9
1394180 2281.9
1394190 2282.4
1394200 2281.5
1394210 2281.5
1394220 2280.3
1394230 2277.1
1394240 2277.1
1394250 2275.1
1394260 2274.1
1394270 2274.1
1394280 2275.2
1394290 2276.9
1394300 2276.9
1394310 2278.5
1394320 2279.3
1394330 2279.3
1394340 2279.2
1394350 2277.3
1394360 2276.9
1394370 2276.9
1394380 2279.0
1394390 2280.2
1394400 2280.2
1394410 2281.5
1394420 2282.0
1394430 2282.0
1394440 2282.5
1394450 2283.0
1394460 2283.0
1394470 2283.6
1394480 2284.4
1394490 2284.4
1394500 2284.5
1394510 2289.1
1394520 2289.1
1394530 2289.1
1394540 2291.5
1394550 2301.6
1394560 2301.6
1394570 2309.0
1394580 2312.3
1394590 2312.3
1394600 2311.7
1394610 2310.0
1394620 2310.0
1394630 2306.0
1394640 2302.0
1394650 2302.0
1394660 2300.1
1394670 2301.5
1394680 2301.5
1394690 2300.2
1394700 2297.1
1394710 2297.1
1394720 2294.2
1394730 2294.2
1394740 2292.9
1394750 2292.9
1394760 2291.7
1394770 2289.3
1394780 2289.3
1394790 2287.7
1394800 2286.8
1394810 2286.8
1394820 2286.2
1394830 2285.8
1394840 2285.8
1394850 2284.4
1394860 2283.1
1394870 2283.1
1394880 2282.6
1394890 2281.5
1394900 2281.5
1394910 2278.8
1394920 2276.0
1394930 2270.8
1394940 2270.8
1394950 2263.0
1394960 2255.6
1394970 2255.6
1394980 2253.7
1394990 2247.8
1395000 2247.8
1395010 2250.5
1395020 2249.7
1395030 2249.7
1395040 2238.8
1395050 2232.7
1395060 2232.7
1395070 2229.1
1395080 2227.2
1395090 2227.2
1395100 2225.3
1395110 2222.4
1395120 2222.4
1395130 2219.7
1395140 2217.0
1395150 2214.7
1395160 2214.7
1395170 2211.2
1395180 2206.7
1395190 2206.7
1395200 2203.3
1395210 2199.8
1395220 2199.8
1395230 2195.6
1395240 2192.1
1395250 2192.1
1395260 2189.5
1395270 2186.2
1395280 2186.2
1395290 2172.7
1395300 2168.5
1395310 2168.5
1395320 2162.6
1395330 2156.7
1395340 2151.8
1395350 2151.8
1395360 2147.5
1395370 2144.2
1395380 2144.2
1395390 2141.4
1395400 2139.1
1395410 2139.1
1395420 2136.2
1395430 2133.0
1395440 2133.0
1395450 2130.3
1395460 2127.9
1395470 2127.9
1395480 2126.8
1395490 2126.8
1395500 2126.8
1395510 2126.8
1395520 2126.2
1395530 2125.5
1395540 2125.5
1395550 2125.2
1395560 2126.1
1395570 2126.1
1395580 2125.7
1395590 2123.5
1395600 2123.5
1395610 2120.9
1395620 2119.1
1395630 2119.1
1395640 2115.5
1395650 2112.5
1395660 2112.5
1395670 2108.8
1395680 2103.5
1395690 2103.5
1395700 2098.1
1395710 2093.4
1395720 2089.1
1395730 2089.1
1395740 2083.2
1395750 2075.7
1395760 2075.7
1395770 2069.8
1395780 2065.6
1395790 2065.6
1395800 2063.2
1395810 2060.6
1395820 2060.6
1395830 2056.7
1395840 2053.2
1395850 2053.2
1395860 2049.1
1395870 2046.5
1395880 2046.5
1395890 2042.5
1395900 2037.5
1395910 2033.8
1395920 2033.8
1395930 2030.6
1395940 2026.9
1395950 2026.9
1395960 2023.2
1395970 2018.5
1395980 2018.5
1395990 2013.4
1396000 2007.9
1396010 2007.9
1396020 2002.9
1396030 2000.2
1396040 2000.2
1396050 1997.9
1396060 1997.8
1396070 1997.8
1396080 1998.9
1396090 1998.6
1396100 1997.3
1396110 1997.3
1396120 1997.6
1396130 1996.7
1396140 1996.7
1396150 1994.5
1396160 1992.5
1396170 1992.5
1396180 1990.8
1396190 1988.6
1396200 1988.6
1396210 1985.6
1396220 1981.6
1396230 1981.6
1396240 1977.1
1396250 1972.8
1396260 1972.8
1396270 1968.6
1396280 1964.6
1396290 1964.6
1396300 1961.0
1396310 1957.5
1396320 1953.7
1396330 1953.7
1396340 1950.1
1396350 1946.6
1396360 1946.6
1396370 1943.3
1396380 1939.9
1396390 1939.9
1396400 1936.4
1396410 1933.5
1396420 1933.5
1396430 1930.9
1396440 1928.5
1396450 1928.5
1396460 1925.3
1396470 1920.5
1396480 1920.5
1396490 1916.1
1396500 1912.3
1396510 1908.9
1396520 1908.9
1396530 1906.0
1396540 1903.7
1396550 1903.7
1396560 1901.7
1396570 1899.9
1396580 1899.9
1396590 1899.9
1396600 1899.4
1396610 1899.4
1396620 1898.0
1396630 1896.7
1396640 1896.7
1396650 1896.4
1396660 1896.1
1396670 1896.1
1396680 1894.4
1396690 1891.7
1396700 1888.8
1396710 1891.6
1396720 1888.2
1396730 1884.6
1396740 1884.6
1396750 1880.6
1396760 1876.5
1396770 1876.5
1396780 1872.1
1396790 1866.3
1396800 1866.3
1396810 1858.4
1396820 1844.4
1396830 1844.4
1396840 1832.8
1396850 1825.9
1396860 1825.9
1396870 1819.0
1396880 1813.2
1396890 1810.2
1396900 1810.2
1396910 1807.8
1396920 1804.7
1396930 1804.7
1396940 1800.8
1396950 1797.6
1396960 1797.6
1396970 1796.6
1396980 1791.6
1396990 1791.6
1397000 1785.4
1397010 1781.4
1397020 1781.4
1397030 1779.5
1397040 1777.8
1397050 1777.8
1397060 1772.5
1397070 1766.4
1397080 1760.0
1397090 1760.0
1397100 1753.9
1397110 1750.3
1397120 1750.3
1397130 1743.7
1397140 1735.2
1397150 1735.2
1397160 1730.4
1397170 1726.8
1397180 1726.8
1397190 1721.7
1397200 1716.3
1397210 1716.3
1397220 1711.3
1397230 1706.2
1397240 1706.2
1397250 1702.2
1397260 1700.2
1397270 1698.9
1397280 1698.9
1397290 1697.4
1397300 1695.6
1397310 1695.6
1397320 1693.6
1397330 1690.2
1397340 1690.2
1397350 1685.8
1397360 1681.0
1397370 1681.0
1397380 1674.2
1397390 1664.5
1397400 1664.5
1397410 1657.3
1397420 1650.2
1397430 1650.2
1397440 1645.6
1397450 1642.9
1397460 1642.9
1397470 1640.9
1397480 1635.3
1397490 1627.6
1397500 1627.6
1397510 1620.9
1397520 1618.4
1397530 1618.4
1397540 1618.5
1397550 1612.9
1397560 1612.9
1397570 1604.5
1397580 1599.3
1397590 1599.3
1397600 1596.4
1397610 1592.8
1397620 1592.8
1397630 1585.8
1397640 1572.5
1397650 1572.5
1397660 1560.6
1397670 1551.6
1397680 1544.6
1397690 1544.6
1397700 1538.3
1397710 1532.0
1397720 1532.0
1397730 1525.2
1397740 1519.2
1397750 1519.2
1397760 1514.8
1397770 1510.9
1397780 1510.9
1397790 1506.7
1397800 1502.3
1397810 1502.3
1397820 1497.3
1397830 1492.6
1397840 1492.6
1397850 1489.2
1397860 1487.2
1397870 1483.7
1397880 1483.7
1397890 1476.5
1397900 1465.6
1397910 1465.6
1397920 1458.9
1397930 1453.2
1397940 1453.2
1397950 1447.0
1397960 1438.8
1397970 1438.8
1397980 1430.2
1397990 1421.9
1398000 1421.9
1398010 1412.4
1398020 1401.4
1398030 1401.4
1398040 1393.8
1398050 1386.5
1398060 1378.8
1398070 1378.8
1398080 1371.1
1398090 1365.5
1398100 1365.5
1398110 1360.2
1398120 1355.3
1398130 1355.3
1398140 1350.3
1398150 1344.1
1398160 1343.9
1398170 1337.5
1398180 1330.9
1398190 1330.9
1398200 1324.2
1398210 1318.0
1398220 1318.0
1398230 1312.2
1398240 1306.9
1398250 1301.2
1398260 1301.2
1398270 1293.8
1398280 1286.4
1398290 1286.4
1398300 1281.1
1398310 1276.5
1398320 1276.5
1398330 1269.8
1398340 1260.1
1398350 1260.1
1398360 1250.5
1398370 1242.0
1398380 1242.0
1398390 1233.6
1398400 1226.1
1398410 1226.1
1398420 1220.0
1398430 1213.3
1398440 1208.0
1398450 1208.0
1398460 1203.9
1398470 1199.8
1398480 1199.8
1398490 1193.0
1398500 1186.7
1398510 1186.7
1398520 1181.7
1398530 1173.7
1398540 1173.7
1398550 1167.8
1398560 1163.9
1398570 1163.9
1398580 1159.5
1398590 1155.0
1398600 1155.0
1398610 1151.6
1398620 1147.2
1398630 1147.2
1398640 1138.5
1398650 1131.1
1398660 1126.3
1398670 1126.3
1398680 1123.6
1398690 1120.2
1398700 1120.2
1398710 1116.9
1398720 1112.6
1398730 1112.6
1398740 1105.7
1398750 1097.3
1398760 1097.3
1398770 1089.0
1398780 1081.9
1398790 1081.9
1398800 1072.7
1398810 1063.2
1398820 1063.2
1398830 1052.1
1398840 1044.7
1398850 1039.0
1398860 1039.0
1398870 1032.4
1398880 1026.8
1398890 1026.8
1398900 1023.6
1398910 1021.7
1398920 1021.7
1398930 1016.5
1398940 1006.8
1398950 1006.8
1398960 999.8
1398970 995.6
1398980 995.6
1398990 992.5
1399000 989.1
1399010 989.1
1399020 986.8
1399030 983.9
1399040 976.7
1399050 976.7
1399060 968.7
1399070 962.3
1399080 962.3
1399090 951.7
1399100 942.3
1399110 942.3
1399120 933.2
1399130 925.4
1399140 925.4
1399150 921.3
1399160 918.1
1399170 918.1
1399180 914.1
1399190 909.8
1399200 909.8
1399210 905.0
1399220 898.5
1399230 892.6
1399240 892.6
1399250 889.6
1399260 885.6
1399270 885.6
1399280 882.5
1399290 869.6
1399300 869.6
1399310 855.3
1399320 843.1
1399330 843.1
1399340 835.2
1399350 831.3
1399360 831.3
1399370 828.1
1399380 827.3
1399390 827.3
1399400 826.6
1399410 823.6
1399420 821.4
1399430 821.4
1399440 821.4
1399450 822.1
1399460 822.1
1399470 822.1
1399480 822.0
1399490 822.0
1399500 822.9
1399510 824.2
1399520 824.2
1399530 825.6
1399540 825.8
1399550 825.8
1399560 824.6
1399570 824.5
1399580 824.5
1399590 824.4
1399600 824.2
1399610 824.2
1399620 824.2
1399630 826.0
1399640 827.7
1399650 827.7
1399660 827.4
1399670 827.3
1399680 827.3
1399690 827.0
1399700 827.6
1399710 827.6
1399720 828.1
1399730 827.9
1399740 827.9
1399750 827.7
1399760 827.8
1399770 827.8
1399780 828.0
1399790 828.0
1399800 828.0
1399810 828.6
1399820 829.2
1399830 829.5
1399840 829.5
1399850 832.5
1399860 836.5
1399870 836.5
1399880 841.8
1399890 848.1
1399900 848.1
1399910 854.9
1399920 862.0
1399930 862.0
1399940 869.6
1399950 877.4
1399960 877.4
1399970 885.5
1399980 894.0
1399990 894.0
1380000 2293.8
1380010 2293.8
1380020 2294.5
1380030 2295.7
1380040 2295.7
1380050 2297.3
1380060 2296.4
1380070 2296.4
1380080 2291.8
1380090 2286.0
1380100 2279.5
1380110 2279.5
1380120 2272.6
1380130 2266.1
1380140 2266.1
1380150 2259.5
1380160 2253.2
1380170 2253.2
1380180 2247.5
1380190 2242.6
1380200 2242.6
1380210 2238.5
1380220 2238.4
1380230 2238.4
1380240 2239.6
1380250 2241.0
1380260 2241.0
1380270 2243.3
1380280 2244.3
1380290 2244.3
1380300 2245.0
1380310 2243.2
1380320 2239.3
1380330 2239.3
1380340 2238.3
1380350 2237.1
1380360 2237.1
1380370 2232.5
1380380 2225.8
1380390 2225.8
1380400 2218.8
1380410 2210.2
1380420 2210.2
1380430 2203.3
1380440 2204.2
1380450 2204.2
1380460 2208.6
1380470 2213.1
1380480 2213.1
1380490 2216.4
1380500 2220.6
1380510 2222.3
1380520 2222.3
1380530 2218.3
1380540 2210.9
1380550 2210.9
1380560 2210.7
1380570 2216.2
1380580 2216.2
1380590 2216.8
1380600 2215.5
1380610 2215.5
1380620 2212.4
1380630 2209.3
1380640 2209.3
1380650 2209.8
1380660 2212.3
1380670 2212.3
1380680 2216.0
1380690 2220.5
1380700 2224.0
1380710 2224.0
1380720 2227.2
1380730 2229.0
1380740 2229.0
1380750 2230.2
1380760 2232.7
1380770 2232.7
1380780 2235.5
1380790 2238.3
1380800 2238.3
1380810 2241.6
1380820 2244.6
1380830 2244.6
1380840 2247.5
1380850 2250.0
1380860 2244.1
1380870 2244.9
1380880 2245.2
1380890 2246.6
1380900 2246.6
1380910 2249.5
1380920 2255.9
1380930 2255.9
1380940 2263.4
1380950 2269.3
1380960 2269.3
1380970 2272.6
1380980 2274.6
1380990 2274.6
1381000 2275.7
1381010 2275.6
1381020 2275.6
1381030 2275.1
1381040 2274.5
1381050 2274.5
1381060 2273.0
1381070 2271.7
1381080 2274.4
1381090 2274.4
1381100 2278.9
1381110 2284.7
1381120 2284.7
1381130 2290.2
1381140 2294.9
1381150 2294.9
1381160 2298.3
1381170 2299.0
1381180 2299.0
1381190 2299.0
1381200 2299.7
1381210 2299.7
1381220 2302.0
1381230 2306.5
1381240 2306.5
1381250 2312.7
1381260 2316.8
1381270 2320.4
1381280 2320.4
1381290 2324.3
1381300 2327.1
1381310 2327.1
1381320 2328.5
1381330 2329.7
1381340 2329.7
1381350 2331.4
1381360 2333.2
1381370 2333.2
1381380 2334.3
1381390 2335.8
1381400 2335.8
1381410 2338.4
1381420 2340.9
1381430 2340.9
1381440 2341.8
1381450 2341.8
1381460 2341.8
1381470 2341.1
1381480 2339.0
1381490 2335.5
1381500 2335.5
1381510 2330.8
1381520 2325.3
1381530 2325.3
1381540 2319.3
1381550 2313.3
1381560 2313.3
1381570 2307.9
1381580 2302.1
1381590 2302.1
1381600 2296.4
1381610 2292.2
1381620 2292.2
1381630 2289.9
1381640 2287.8
1381650 2287.8
1381660 2288.0
1381670 2289.4
1381680 2289.8
1381690 2289.8
1381700 2289.9
1381710 2290.8
1381720 2290.8
1381730 2291.4
1381740 2291.8
1381750 2291.8
1381760 2292.6
1381770 2293.7
1381780 2293.7
1381790 2295.0
1381800 2295.7
1381810 2295.7
1381820 2296.0
1381830 2295.9
1381840 2295.9
1381850 2296.0
1381860 2296.0
1381870 2295.6
1381880 2295.6
1381890 2295.1
1381900 2294.0
1381910 2294.0
1381920 2289.5
1381930 2284.7
1381940 2284.7
1381950 2281.8
1381960 2280.9
1381970 2280.9
1381980 2279.9
1381990 2279.4
1382000 2279.4
1382010 2279.1
1382020 2278.9
1382030 2278.9
1382040 2278.2
1382050 2276.9
1382060 2272.9
1382070 2272.9
1382080 2270.3
1382090 2264.8
1382100 2264.8
1382110 2264.2
1382120 2264.1
1382130 2264.1
1382140 2264.5
1382150 2263.7
1382160 2263.7
1382170 2261.8
1382180 2259.5
1382190 2259.5
1382200 2255.0
1382210 2249.2
1382220 2249.2
1382230 2243.1
1382240 2239.6
1382250 2236.1
1382260 2236.1
1382270 2232.8
1382280 2230.5
1382290 2230.5
1382300 2229.1
1382310 2228.6
1382320 2228.6
1382330 2227.5
1382340 2225.4
1382350 2225.4
1382360 2222.9
1382370 2220.1
1382380 2220.1
1382390 2217.8
1382400 2216.5
1382410 2216.5
1382420 2217.1
1382430 2218.8
1382440 2220.4
1382450 2220.4
1382460 2221.9
1382470 2224.7
1382480 2224.7
1382490 2227.6
1382500 2230.7
1382510 2230.7
1382520 2233.5
1382530 2237.2
1382540 2237.2
1382550 2241.1
1382560 2244.3
1382570 2244.3
1382580 2246.5
1382590 2249.4
1382600 2249.4
1382610 2253.4
1382620 2257.3
1382630 2257.3
1382640 2260.7
1382650 2262.9
1382660 2263.5
1382670 2263.5
1382680 2264.6
1382690 2264.8
1382700 2264.8
1382710 2264.1
1382720 2265.5
1382730 2265.5
1382740 2264.7
1382750 2261.3
1382760 2261.3
1382770 2257.2
1382780 2252.8
1382790 2252.8
1382800 2251.2
1382810 2250.9
1382820 2250.9
1382830 2250.0
1382840 2248.6
1382850 2247.5
1382860 2247.5
1382870 2244.6
1382880 2241.4
1382890 2241.4
1382900 2238.1
1382910 2235.5
1382920 2235.5
1382930 2232.8
1382940 2228.9
1382950 2228.9
1382960 2224.8
1382970 2220.4
1382980 2220.4
1382990 2216.3
1383000 2212.5
1383010 2212.5
1383020 2208.8
1383030 2204.2
1383040 2199.0
1383050 2199.0
1383060 2193.3
1383070 2187.5
1383080 2187.5
1383090 2181.5
1383100 2175.3
1383110 2175.3
1383120 2169.5
1383130 2164.3
1383140 2164.3
1383150 2159.7
1383160 2152.9
1383170 2152.9
1383180 2144.7
1383190 2136.3
1383200 2136.3
1383210 2127.6
1383220 2122.3
1383230 2124.4
1383240 2124.4
1383250 2125.4
1383260 2122.3
1383270 2122.3
1383280 2122.7
1383290 2125.1
1383300 2125.1
1383310 2127.8
1383320 2126.7
1383330 2119.4
1383340 2124.4
1383350 2129.0
1383360 2129.0
1383370 2130.5
1383380 2130.3
1383390 2130.3
1383400 2131.4
1383410 2132.7
1383420 2136.0
1383430 2136.0
1383440 2140.2
1383450 2143.6
1383460 2143.6
1383470 2146.9
1383480 2149.6
1383490 2149.6
1383500 2150.3
1383510 2151.4
1383520 2151.4
1383530 2152.7
1383540 2152.7
1383550 2152.7
1383560 2151.5
1383570 2150.6
1383580 2150.6
1383590 2148.8
1383600 2145.6
1383610 2145.6
1383620 2144.9
1383630 2145.8
1383640 2146.2
1383650 2146.2
1383660 2147.2
1383670 2148.0
1383680 2148.0
1383690 2147.1
1383700 2145.5
1383710 2145.5
1383720 2143.3
1383730 2139.3
1383740 2139.3
1383750 2132.3
1383760 2123.7
1383770 2123.7
1383780 2114.3
1383790 2105.5
1383800 2105.5
1383810 2096.1
1383820 2086.3
1383830 2085.8
1383840 2085.8
1383850 2090.6
1383860 2095.1
1383870 2095.1
1383880 2097.5
1383890 2099.8
1383900 2099.8
1383910 2105.3
1383920 2112.2
1383930 2112.2
1383940 2114.3
1383950 2109.0
1383960 2109.0
1383970 2100.8
1383980 2094.7
1383990 2094.7
1384000 2086.8
1384010 2077.5
1384020 2070.9
1384030 2070.9
1384040 2076.0
1384050 2086.0
1384060 2086.0
1384070 2092.4
1384080 2101.4
1384090 2101.4
1384100 2112.1
1384110 2116.8
1384120 2116.8
1384130 2119.8
1384140 2123.0
1384150 2123.0
1384160 2126.1
1384170 2128.3
1384180 2128.3
1384190 2129.8
1384200 2130.6
1384210 2128.5
1384220 2128.5
1384230 2119.3
1384240 2111.3
1384250 2111.3
1384260 2103.5
1384270 2100.3
1384280 2100.3
1384290 2094.1
1384300 2086.1
1384310 2086.1
1384320 2088.4
1384330 2095.1
1384340 2095.1
1384350 2102.6
1384360 2109.8
1384370 2109.8
1384380 2114.9
1384390 2120.0
1384400 2127.0
1384410 2127.0
1384420 2134.7
1384430 2143.0
1384440 2143.0
1384450 2149.9
1384460 2155.8
1384470 2155.8
1384480 2162.4
1384490 2169.6
1384500 2169.6
1384510 2176.4
1384520 2183.5
1384530 2183.5
1384540 2190.5
1384550 2197.9
1384560 2197.9
1384570 2205.8
1384580 2213.8
1384590 2219.6
1384600 2219.6
1384610 2227.0
1384620 2233.7
1384630 2233.7
1384640 2239.5
1384650 2243.5
1384660 2243.5
1384670 2245.3
1384680 2245.8
1384690 2245.8
1384700 2245.5
1384710 2244.1
1384720 2244.1
1384730 2241.6
1384740 2238.4
1384750 2238.4
1384760 2233.1
1384770 2226.0
1384780 2226.0
1384790 2221.4
1384800 2217.8
1384810 2215.1
1384820 2215.1
1384830 2212.7
1384840 2209.6
1384850 2209.6
1384860 2205.7
1384870 2201.2
1384880 2201.2
1384890 2194.3
1384900 2188.2
1384910 2188.2
1384920 2182.3
1384930 2176.8
1384940 2176.8
1384950 2171.3
1384960 2166.1
1384970 2166.1
1384980 2161.5
1384990 2157.3
1385000 2153.0
1385010 2153.0
1385020 2148.6
1385030 2144.2
1385040 2144.2
1385050 2139.8
1385060 2134.2
1385070 2134.2
1385080 2127.3
1385090 2121.3
1385100 2121.3
1385110 2115.8
1385120 2110.0
1385130 2110.0
1385140 2103.8
1385150 2097.3
1385160 2097.3
1385170 2091.1
1385180 2085.7
1385190 2081.1
1385200 2081.1
1385210 2077.0
1385220 2071.5
1385230 2071.5
1385240 2064.3
1385250 2056.3
1385260 2056.3
1385270 2048.4
1385280 2040.8
1385290 2040.8
1385300 2033.2
1385310 2024.7
1385320 2024.7
1385330 2016.6
1385340 2010.4
1385350 2010.4
1385360 2009.4
1385370 2019.2
1385380 2025.8
1385390 2025.8
1385400 2032.0
1385410 2038.5
1385420 2038.5
1385430 2044.3
1385440 2048.8
1385450 2048.8
1385460 2054.2
1385470 2060.4
1385480 2060.4
1385490 2066.2
1385500 2071.8
1385510 2071.8
1385520 2076.9
1385530 2081.9
1385540 2081.9
1385550 2086.5
1385560 2091.7
1385570 2097.2
1385580 2097.2
1385590 2097.4
1385600 2087.6
1385610 2087.6
1385620 2079.0
1385630 2068.6
1385640 2068.6
1385650 2060.0
1385660 2054.2
1385670 2054.2
1385680 2046.4
1385690 2042.7
1385700 2042.7
1385710 2042.1
1385720 2041.6
1385730 2041.6
1385740 2040.8
1385750 2038.7
1385760 2037.3
1385770 2037.3
1385780 2035.9
1385790 2034.4
1385800 2034.4
1385810 2032.0
1385820 2029.8
1385830 2029.8
1385840 2028.0
1385850 2025.7
1385860 2018.6
1385870 2016.4
1385880 2014.2
1385890 2014.2
1385900 2011.5
1385910 2009.8
1385920 2009.8
1385930 2008.0
1385940 2005.6
1385950 2005.6
1385960 2004.6
1385970 2006.7
1385980 2007.7
1385990 2007.7
1386000 2007.3
1386010 2005.8
1386020 2005.8
1386030 2004.2
1386040 2002.6
1386050 2002.6
1386060 2000.3
1386070 1999.4
1386080 1999.4
1386090 2000.5
1386100 2001.3
1386110 2001.3
1386120 2002.4
1386130 2004.3
1386140 2004.3
1386150 2005.6
1386160 2005.9
1386170 2005.9
1386180 2005.9
1386190 2007.8
1386200 2010.8
1386210 2010.8
1386220 2010.9
1386230 2009.5
1386240 2009.5
1386250 2006.6
1386260 1999.3
1386270 1999.3
1386280 1990.3
1386290 1981.3
1386300 1981.3
1386310 1972.4
1386320 1965.5
1386330 1965.5
1386340 1966.7
1386350 1970.7
1386360 1972.6
1386370 1972.6
1386380 1974.8
1386390 1975.1
1386400 1975.1
1386410 1974.3
1386420 1973.4
1386430 1973.4
1386440 1972.5
1386450 1972.4
1386460 1972.4
1386470 1972.0
1386480 1972.8
1386490 1972.8
1386500 1971.9
1386510 1971.1
1386520 1971.1
1386530 1971.5
1386540 1972.6
1386550 1975.1
1386560 1975.1
1386570 1978.1
1386580 1982.1
1386590 1982.1
1386600 1983.2
1386610 1981.9
1386620 1981.9
1386630 1980.0
1386640 1977.1
1386650 1977.1
1386660 1973.9
1386670 1969.8
1386680 1969.8
1386690 1966.3
1386700 1963.4
1386710 1963.4
1386720 1961.3
1386730 1959.4
1386740 1957.1
1386750 1957.1
1386760 1956.8
1386770 1953.7
1386780 1953.7
1386790 1952.2
1386800 1953.2
1386810 1953.2
1386820 1953.7
1386830 1950.3
1386840 1950.3
1386850 1943.5
1386860 1938.4
1386870 1938.4
1386880 1932.1
1386890 1934.8
1386900 1934.8
1386910 1938.7
1386920 1944.6
1386930 1951.0
1386940 1951.0
1386950 1955.3
1386960 1958.7
1386970 1958.7
1386980 1961.8
1386990 1965.3
1387000 1965.3
1387010 1968.7
1387020 1971.6
1387030 1971.6
1387040 1974.1
1387050 1976.1
1387060 1976.1
1387070 1977.9
1387080 1979.9
1387090 1979.9
1387100 1981.6
1387110 1983.0
1387120 1983.0
1387130 1984.1
1387140 1986.0
1387150 1981.5
1387160 1981.5
1387170 1983.0
1387180 1985.0
1387190 1985.0
1387200 1987.2
1387210 1989.0
1387220 1989.0
1387230 1991.6
1387240 1993.1
1387250 1993.1
1387260 1992.5
1387270 1993.9
1387280 1993.9
1387290 1995.3
1387300 1997.3
1387310 1997.3
1387320 2000.8
1387330 2004.4
1387340 2009.0
1387350 2009.0
1387360 2013.3
1387370 2017.3
1387380 2017.3
1387390 2018.8
1387400 2020.8
1387410 2020.8
1387420 2024.0
1387430 2026.8
1387440 2026.8
1387450 2032.4
1387460 2038.2
1387470 2038.2
1387480 2043.5
1387490 2055.9
1387500 2055.9
1387510 2074.2
1387520 2091.0
1387530 2098.2
1387540 2098.2
1387550 2102.3
1387560 2106.3
1387570 2106.3
1387580 2109.3
1387590 2114.8
1387600 2114.8
1387610 2121.5
1387620 2135.9
1387630 2135.9
1387640 2139.7
1387650 2133.6
1387660 2133.6
1387670 2128.9
1387680 2125.2
1387690 2125.2
1387700 2122.8
1387710 2122.6
1387720 2127.7
1387730 2127.7
1387740 2134.6
1387750 2138.4
1387760 2138.4
1387770 2138.1
1387780 2135.9
1387790 2135.9
1387800 2131.6
1387810 2124.8
1387820 2124.8
1387830 2118.1
1387840 2111.5
1387850 2111.5
1387860 2106.1
1387870 2100.4
1387880 2100.4
1387890 2094.0
1387900 2087.5
1387910 2079.5
1387920 2079.5
1387930 2070.3
1387940 2058.4
1387950 2058.4
1387960 2047.2
1387970 2036.9
1387980 2036.9
1387990 2025.7
1388000 2014.3
1388010 2014.3
1388020 2002.7
1388030 1990.7
1388040 1990.7
1388050 1978.7
1388060 1969.9
1388070 1969.9
1388080 1962.6
1388090 1958.1
1388100 1958.1
1388110 1958.3
1388120 1957.9
1388130 1950.6
1388140 1950.6
1388150 1941.3
1388160 1929.4
1388170 1929.4
1388180 1917.0
1388190 1904.3
1388200 1904.3
1388210 1892.8
1388220 1876.9
1388230 1876.9
1388240 1866.3
1388250 1856.7
1388260 1856.7
1388270 1852.0
1388280 1851.8
1388290 1851.8
1388300 1857.9
1388310 1867.1
1388320 1878.6
1388330 1878.6
1388340 1892.1
1388350 1899.4
1388360 1899.4
1388370 1901.1
1388380 1907.7
1388390 1907.7
1388400 1914.5
1388410 1920.2
1388420 1920.2
1388430 1925.1
1388440 1929.0
1388450 1929.0
1388460 1924.1
1388470 1932.2
1388480 1932.2
1388490 1940.9
1388500 1947.1
1388510 1952.0
1388520 1952.0
1388530 1958.8
1388540 1966.0
1388550 1966.0
1388560 1969.7
1388570 1974.9
1388580 1974.9
1388590 1984.7
1388600 1993.0
1388610 1993.0
1388620 1999.8
1388630 2006.8
1388640 2006.8
1388650 2014.7
1388660 2023.9
1388670 2023.9
1388680 2029.5
1388690 2031.7
1388700 2034.1
1388710 2034.1
1388720 2037.9
1388730 2043.4
1388740 2043.4
1388750 2049.1
1388760 2052.5
1388770 2052.5
1388780 2054.3
1388790 2054.4
1388800 2054.4
1388810 2051.3
1388820 2043.8
1388830 2043.8
1388840 2034.1
1388850 2024.0
1388860 2024.0
1388870 2014.7
1388880 2009.7
1388890 2006.2
1388900 2006.2
1388910 2009.7
1388920 2024.1
1388930 2024.1
1388940 2032.6
1388950 2038.0
1388960 2038.0
1388970 2039.9
1388980 2038.9
1388990 2038.9
1389000 2036.1
1389010 2034.9
1389020 2034.9
1389030 2035.3
1389040 2035.8
1389050 2035.8
1389060 2034.8
1389070 2030.3
1389080 2024.2
1389090 2024.2
1389100 2028.0
1389110 2037.1
1389120 2037.1
1389130 2047.5
1389140 2054.8
1389150 2054.8
1389160 2057.3
1389170 2054.0
1389180 2054.0
1389190 2046.3
1389200 2049.6
1389210 2049.6
1389220 2049.8
1389230 2046.6
1389240 2046.6
1389250 2047.4
1389260 2053.5
1389270 2053.5
1389280 2064.0
1389290 2074.1
1389300 2082.7
1389310 2082.7
1389320 2091.3
1389330 2100.1
1389340 2100.1
1389350 2108.7
1389360 2116.2
1389370 2116.2
1389380 2123.1
1389390 2129.8
1389400 2129.8
1389410 2136.7
1389420 2143.2
1389430 2143.2
1389440 2149.7
1389450 2155.6
1389460 2155.6
1389470 2161.3
1389480 2167.6
1389490 2174.7
1389500 2174.7
1389510 2181.9
1389520 2189.5
1389530 2189.5
1389540 2197.6
1389550 2205.0
1389560 2205.0
1389570 2211.8
1389580 2218.1
1389590 2218.1
1389600 2224.6
1389610 2231.1
1389620 2231.1
1389630 2236.2
1389640 2240.8
1389650 2240.8
1389660 2244.5
1389670 2246.8
1389680 2246.3
1389690 2246.3
1389700 2244.6
1389710 2242.9
1389720 2242.9
1389730 2240.9
1389740 2238.5
1389750 2238.5
1389760 2236.7
1389770 2236.2
1389780 2236.2
1389790 2227.8
1389800 2230.2
1389810 2230.2
1389820 2231.3
1389830 2232.0
1389840 2232.0
1389850 2230.8
1389860 2231.3
1389870 2234.6
1389880 2234.6
1389890 2233.5
1389900 2227.7
1389910 2227.7
1389920 2218.7
1389930 2216.1
1389940 2216.1
1389950 2216.6
1389960 2214.9
1389970 2214.9
1389980 2211.3
1389990 2210.5
1390000 2210.5
1390010 2213.4
1390020 2215.3
1390030 2215.3
1390040 2215.7
1390050 2215.1
1390060 2214.9
1390070 2214.9
1390080 2215.2
1390090 2214.6
1390100 2214.6
1390110 2213.4
1390120 2213.7
1390130 2213.7
1390140 2213.3
1390150 2211.9
1390160 2211.9
1390170 2211.5
1390180 2211.8
1390190 2211.8
1390200 2209.2
1390210 2205.6
1390220 2205.6
1390230 2208.6
1390240 2213.8
1390250 2213.6
1390260 2213.6
1390270 2209.4
1390280 2208.4
1390290 2208.4
1390300 2209.1
1390310 2206.9
1390320 2206.9
1390330 2200.3
1390340 2195.9
1390350 2195.9
1390360 2195.7
1390370 2196.2
1390380 2196.2
1390390 2195.5
1390400 2198.2
1390410 2198.2
1390420 2207.2
1390430 2217.2
1390440 2217.2
1390450 2223.8
1390460 2229.4
1390470 2233.8
1390480 2233.8
1390490 2237.0
1390500 2240.0
1390510 2240.0
1390520 2242.8
1390530 2245.1
1390540 2245.1
1390550 2247.5
1390560 2249.6
1390570 2249.6
1390580 2250.4
1390590 2249.1
1390600 2249.1
1390610 2247.5
1390620 2247.9
1390630 2247.9
1390640 2248.0
1390650 2248.1
1390660 2246.7
1390670 2246.7
1390680 2246.4
1390690 2245.8
1390700 2245.8
1390710 2247.0
1390720 2247.4
1390730 2247.4
1390740 2246.4
1390750 2245.0
1390760 2245.0
1390770 2242.2
1390780 2235.6
1390790 2235.6
1390800 2228.1
1390810 2230.2
1390820 2230.2
1390830 2234.1
1390840 2238.9
1390850 2244.0
1390860 2244.0
1390870 2248.2
1390880 2252.0
1390890 2252.0
1390900 2257.0
1390910 2260.7
1390920 2260.7
1390930 2263.6
1390940 2266.2
1390950 2266.2
1390960 2269.6
1390970 2276.5
1390980 2276.5
1390990 2285.8
1391000 2294.5
1391010 2294.5
1391020 2303.9
1391030 2308.8
1391040 2312.4
1391050 2312.4
1391060 2312.4
1391070 2313.2
1391080 2313.2
1391090 2319.6
1391100 2332.4
1391110 2332.4
1391120 2343.4
1391130 2337.8
1391140 2337.8
1391150 2338.4
1391160 2338.1
1391170 2338.1
1391180 2339.0
1391190 2337.2
1391200 2337.2
1391210 2336.7
1391220 2338.9
1391230 2340.7
1391240 2340.7
1391250 2345.7
1391260 2346.8
1391270 2346.8
1391280 2348.7
1391290 2353.8
1391300 2353.8
1391310 2355.3
1391320 2354.8
1391330 2354.8
1391340 2352.0
1391350 2347.0
1391360 2347.0
1391370 2345.3
1391380 2346.6
1391390 2346.6
1391400 2345.8
1391410 2346.0
1391420 2347.4
1391430 2347.4
1391440 2344.2
1391450 2341.5
1391460 2341.5
1391470 2345.3
1391480 2343.6
1391490 2343.6
1391500 2341.3
1391510 2337.5
1391520 2337.5
1391530 2331.6
1391540 2325.7
1391550 2325.7
1391560 2319.1
1391570 2311.2
1391580 2311.2
1391590 2303.1
1391600 2306.2
1391610 2306.2
1391620 2315.0
1391630 2325.1
1391640 2337.4
1391650 2337.4
1391660 2340.4
1391670 2336.7
1391680 2336.7
1391690 2332.2
1391700 2327.4
1391710 2327.4
1391720 2325.7
1391730 2327.1
1391740 2327.1
1391750 2322.1
1391760 2311.0
1391770 2311.0
1391780 2304.5
1391790 2312.3
1391800 2312.3
1391810 2319.6
1391820 2320.8
1391830 2317.3
1391840 2317.3
1391850 2313.5
1391860 2314.2
1391870 2314.2
1391880 2320.2
1391890 2330.7
1391900 2330.7
1391910 2341.4
1391920 2347.4
1391930 2347.4
1391940 2349.8
1391950 2351.9
1391960 2351.9
1391970 2357.0
1391980 2363.0
1391990 2363.0
1392000 2371.2
1392010 2373.4
1392020 2376.7
1392030 2376.7
1392040 2382.8
1392050 2387.8
1392060 2387.8
1392070 2392.8
1392080 2399.1
1392090 2399.1
1392100 2405.3
1392110 2406.6
1392120 2406.6
1392130 2402.8
1392140 2397.7
1392150 2397.7
1392160 2392.3
1392170 2387.0
1392180 2387.0
1392190 2381.1
1392200 2376.5
1392210 2379.1
1392220 2379.1
1392230 2375.1
1392240 2365.0
1392250 2365.0
1392260 2355.2
1392270 2347.0
1392280 2347.0
1392290 2346.0
1392300 2349.7
1392310 2349.7
1392320 2355.2
1392330 2359.0
1392340 2359.0
1392350 2355.0
1392360 2348.8
1392370 2348.8
1392380 2344.5
1392390 2343.7
1392400 2343.7
1392410 2343.7
1392420 2343.6
1392430 2342.5
1392440 2342.5
1392450 2339.6
1392460 2336.0
1392470 2336.0
1392480 2332.5
1392490 2329.5
1392500 2323.1
1392510 2320.5
1392520 2318.3
1392530 2318.3
1392540 2316.1
1392550 2315.5
1392560 2315.5
1392570 2319.1
1392580 2322.6
1392590 2324.5
1392600 2324.5
1392610 2323.3
1392620 2320.8
1392630 2320.8
1392640 2319.6
1392650 2319.0
1392660 2319.0
1392670 2314.7
1392680 2308.3
1392690 2308.3
1392700 2301.4
1392710 2295.1
1392720 2295.1
1392730 2289.4
1392740 2284.1
1392750 2284.1
1392760 2276.4
1392770 2267.0
1392780 2267.0
1392790 2259.2
1392800 2264.4
1392810 2276.6
1392820 2276.6
1392830 2271.5
1392840 2260.7
1392850 2260.7
1392860 2252.9
1392870 2245.3
1392880 2245.3
1392890 2238.3
1392900 2239.0
1392910 2239.0
1392920 2247.4
1392930 2252.5
1392940 2252.5
1392950 2252.5
1392960 2244.3
1392970 2244.3
1392980 2227.2
1392990 2202.6
1393000 2189.0
1393010 2189.0
1393020 2195.6
1393030 2203.9
1393040 2203.9
1393050 2208.6
1393060 2214.6
1393070 2214.6
1393080 2220.7
1393090 2219.4
1393100 2219.4
1393110 2212.8
1393120 2211.3
1393130 2211.3
1393140 2213.3
1393150 2214.8
1393160 2214.8
1393170 2214.6
1393180 2211.9
1393190 2210.5
1393200 2210.5
1393210 2207.9
1393220 2203.7
1393230 2203.7
1393240 2207.8
1393250 2212.3
1393260 2212.3
1393270 2214.4
1393280 2212.7
1393290 2212.7
1393300 2208.7
1393310 2203.0
1393320 2203.0
1393330 2200.3
1393340 2196.9
1393350 2196.9
1393360 2196.2
1393370 2196.8
1393380 2197.1
1393390 2197.1
1393400 2195.7
1393410 2192.7
1393420 2192.7
1393430 2190.8
1393440 2190.8
1393450 2190.8
1393460 2191.7
1393470 2192.6
1393480 2192.6
1393490 2193.5
1393500 2193.2
1393510 2193.2
1393520 2191.8
1393530 2191.2
1393540 2191.2
1393550 2193.7
1393560 2194.4
1393570 2194.3
1393580 2194.3
1393590 2193.8
1393600 2192.7
1393610 2192.7
1393620 2186.6
1393630 2178.1
1393640 2178.1
1393650 2178.8
1393660 2189.1
1393670 2189.1
1393680 2192.7
1393690 2196.0
1393700 2196.0
1393710 2199.6
1393720 2196.9
1393730 2196.9
1393740 2199.5
1393750 2211.4
1393760 2220.1
1393770 2220.1
1393780 2224.6
1393790 2229.7
1393800 2229.7
1393810 2232.0
1393820 2236.8
1393830 2236.8
1393840 2239.1
1393850 2243.1
1393860 2243.1
1393870 2250.7
1393880 2254.8
1393890 2254.8
1393900 2258.3
1393910 2259.9
1393920 2259.9
1393930 2260.0
1393940 2261.1
1393950 2261.1
1393960 2266.4
1393970 2275.6
1393980 2280.6
1393990 2280.6
1394000 2284.3
1394010 2288.6
1394020 2288.6
1394030 2294.9
1394040 2299.1
1394050 2299.1
1394060 2299.6
1394070 2298.9
1394080 2298.9
1394090 2297.2
1394100 2293.2
1394110 2293.2
1394120 2290.4
1394130 2287.5
1394140 2287.5
1394150 2284.9
1394160 2282.8
1394170 2281.9
1394180 2281.9
1394190 2282.4
1394200 2281.5
1394210 2281.5
1394220 2280.3
1394230 2277.1
1394240 2277.1
1394250 2275.1
1394260 2274.1
1394270 2274.1
1394280 2275.2
1394290 2276.9
1394300 2276.9
1394310 2278.5
1394320 2279.3
1394330 2279.3
1394340 2279.2
1394350 2277.3
1394360 2276.9
1394370 2276.9
1394380 2279.0
1394390 2280.2
1394400 2280.2
1394410 2281.5
1394420 2282.0
1394430 2282.0
1394440 2282.5
1394450 2283.0
1394460 2283.0
1394470 2283.6
1394480 2284.4
1394490 2284.4
1394500 2284.5
1394510 2289.1
1394520 2289.1
1394530 2289.1
1394540 2291.5
1394550 2301.6
1394560 2301.6
1394570 2309.0
1394580 2312.3
1394590 2312.3
1394600 2311.7
1394610 2310.0
1394620 2310.0
1394630 2306.0
1394640 2302.0
1394650 2302.0
1394660 2300.1
1394670 2301.5
1394680 2301.5
1394690 2300.2
1394700 2297.1
1394710 2297.1
1394720 2294.2
1394730 2294.2
1394740 2292.9
1394750 2292.9
1394760 2291.7
1394770 2289.3
1394780 2289.3
1394790 2287.7
1394800 2286.8
1394810 2286.8
1394820 2286.2
1394830 2285.8
1394840 2285.8
1394850 2284.4
1394860 2283.1
1394870 2283.1
1394880 2282.6
1394890 2281.5
1394900 2281.5
1394910 2278.8
1394920 2276.0
1394930 2270.8
1394940 2270.8
1394950 2263.0
1394960 2255.6
1394970 2255.6
1394980 2253.7
1394990 2247.8
1395000 2247.8
1395010 2250.5
1395020 2249.7
1395030 2249.7
1395040 2238.8
1395050 2232.7
1395060 2232.7
1395070 2229.1
1395080 2227.2
1395090 2227.2
1395100 2225.3
1395110 2222.4
1395120 2222.4
1395130 2219.7
1395140 2217.0
1395150 2214.7
1395160 2214.7
1395170 2211.2
1395180 2206.7
1395190 2206.7
1395200 2203.3
1395210 2199.8
1395220 2199.8
1395230 2195.6
1395240 2192.1
1395250 2192.1
1395260 2189.5
1395270 2186.2
1395280 2186.2
1395290 2172.7
1395300 2168.5
1395310 2168.5
1395320 2162.6
1395330 2156.7
1395340 2151.8
1395350 2151.8
1395360 2147.5
1395370 2144.2
1395380 2144.2
1395390 2141.4
1395400 2139.1
1395410 2139.1
1395420 2136.2
1395430 2133.0
1395440 2133.0
1395450 2130.3
1395460 2127.9
1395470 2127.9
1395480 2126.8
1395490 2126.8
1395500 2126.8
1395510 2126.8
1395520 2126.2
1395530 2125.5
1395540 2125.5
1395550 2125.2
1395560 2126.1
1395570 2126.1
1395580 2125.7
1395590 2123.5
1395600 2123.5
1395610 2120.9
1395620 2119.1
1395630 2119.1
1395640 2115.5
1395650 2112.5
1395660 2112.5
1395670 2108.8
1395680 2103.5
1395690 2103.5
1395700 2098.1
1395710 2093.4
1395720 2089.1
1395730 2089.1
1395740 2083.2
1395750 2075.7
1395760 2075.7
1395770 2069.8
1395780 2065.6
1395790 2065.6
1395800 2063.2
1395810 2060.6
1395820 2060.6
1395830 2056.7
1395840 2053.2
1395850 2053.2
1395860 2049.1
1395870 2046.5
1395880 2046.5
1395890 2042.5
1395900 2037.5
1395910 2033.8
1395920 2033.8
1395930 2030.6
1395940 2026.9
1395950 2026.9
1395960 2023.2
1395970 2018.5
1395980 2018.5
1395990 2013.4
1396000 2007.9
1396010 2007.9
1396020 2002.9
1396030 2000.2
1396040 2000.2
1396050 1997.9
1396060 1997.8
1396070 1997.8
1396080 1998.9
1396090 1998.6
1396100 1997.3
1396110 1997.3
1396120 1997.6
1396130 1996.7
1396140 1996.7
1396150 1994.5
1396160 1992.5
1396170 1992.5
1396180 1990.8
1396190 1988.6
1396200 1988.6
1396210 1985.6
1396220 1981.6
1396230 1981.6
1396240 1977.1
1396250 1972.8
1396260 1972.8
1396270 1968.6
1396280 1964.6
1396290 1964.6
1396300 1961.0
1396310 1957.5
1396320 1953.7
1396330 1953.7
1396340 1950.1
1396350 1946.6
1396360 1946.6
1396370 1943.3
1396380 1939.9
1396390 1939.9
1396400 1936.4
1396410 1933.5
1396420 1933.5
1396430 1930.9
1396440 1928.5
1396450 1928.5
1396460 1925.3
1396470 1920.5
1396480 1920.5
1396490 1916.1
1396500 1912.3
1396510 1908.9
1396520 1908.9
1396530 1906.0
1396540 1903.7
1396550 1903.7
1396560 1901.7
1396570 1899.9
1396580 1899.9
1396590 1899.9
1396600 1899.4
1396610 1899.4
1396620 1898.0
1396630 1896.7
1396640 1896.7
1396650 1896.4
1396660 1896.1
1396670 1896.1
1396680 1894.4
1396690 1891.7
1396700 1888.8
1396710 1891.6
1396720 1888.2
1396730 1884.6
1396740 1884.6
1396750 1880.6
1396760 1876.5
1396770 1876.5
1396780 1872.1
1396790 1866.3
1396800 1866.3
1396810 1858.4
1396820 1844.4
1396830 1844.4
1396840 1832.8
1396850 1825.9
1396860 1825.9
1396870 1819.0
1396880 1813.2
1396890 1810.2
1396900 1810.2
1396910 1807.8
1396920 1804.7
1396930 1804.7
1396940 1800.8
1396950 1797.6
1396960 1797.6
1396970 1796.6
1396980 1791.6
1396990 1791.6
1397000 1785.4
1397010 1781.4
1397020 1781.4
1397030 1779.5
1397040 1777.8
1397050 1777.8
1397060 1772.5
1397070 1766.4
1397080 1760.0
1397090 1760.0
1397100 1753.9
1397110 1750.3
1397120 1750.3
1397130 1743.7
1397140 1735.2
1397150 1735.2
1397160 1730.4
1397170 1726.8
1397180 1726.8
1397190 1721.7
1397200 1716.3
1397210 1716.3
1397220 1711.3
1397230 1706.2
1397240 1706.2
1397250 1702.2
1397260 1700.2
1397270 1698.9
1397280 1698.9
1397290 1697.4
1397300 1695.6
1397310 1695.6
1397320 1693.6
1397330 1690.2
1397340 1690.2
1397350 1685.8
1397360 1681.0
1397370 1681.0
1397380 1674.2
1397390 1664.5
1397400 1664.5
1397410 1657.3
1397420 1650.2
1397430 1650.2
1397440 1645.6
1397450 1642.9
1397460 1642.9
1397470 1640.9
1397480 1635.3
1397490 1627.6
1397500 1627.6
1397510 1620.9
1397520 1618.4
1397530 1618.4
1397540 1618.5
1397550 1612.9
1397560 1612.9
1397570 1604.5
1397580 1599.3
1397590 1599.3
1397600 1596.4
1397610 1592.8
1397620 1592.8
1397630 1585.8
1397640 1572.5
1397650 1572.5
1397660 1560.6
1397670 1551.6
1397680 1544.6
1397690 1544.6
1397700 1538.3
1397710 1532.0
1397720 1532.0
1397730 1525.2
1397740 1519.2
1397750 1519.2
1397760 1514.8
1397770 1510.9
1397780 1510.9
1397790 1506.7
1397800 1502.3
1397810 1502.3
1397820 1497.3
1397830 1492.6
1397840 1492.6
1397850 1489.2
1397860 1487.2
1397870 1483.7
1397880 1483.7
1397890 1476.5
1397900 1465.6
1397910 1465.6
1397920 1458.9
1397930 1453.2
1397940 1453.2
1397950 1447.0
1397960 1438.8
1397970 1438.8
1397980 1430.2
1397990 1421.9
1398000 1421.9
1398010 1412.4
1398020 1401.4
1398030 1401.4
1398040 1393.8
1398050 1386.5
1398060 1378.8
1398070 1378.8
1398080 1371.1
1398090 1365.5
1398100 1365.5
1398110 1360.2
1398120 1355.3
1398130 1355.3
1398140 1350.3
1398150 1344.1
1398160 1343.9
1398170 1337.5
1398180 1330.9
1398190 1330.9
1398200 1324.2
1398210 1318.0
1398220 1318.0
1398230 1312.2
1398240 1306.9
1398250 1301.2
1398260 1301.2
1398270 1293.8
1398280 1286.4
1398290 1286.4
1398300 1281.1
1398310 1276.5
1398320 1276.5
1398330 1269.8
1398340 1260.1
1398350 1260.1
1398360 1250.5
1398370 1242.0
1398380 1242.0
1398390 1233.6
1398400 1226.1
1398410 1226.1
1398420 1220.0
1398430 1213.3
1398440 1208.0
1398450 1208.0
1398460 1203.9
1398470 1199.8
1398480 1199.8
1398490 1193.0
1398500 1186.7
1398510 1186.7
1398520 1181.7
1398530 1173.7
1398540 1173.7
1398550 1167.8
1398560 1163.9
1398570 1163.9
1398580 1159.5
1398590 1155.0
1398600 1155.0
1398610 1151.6
1398620 1147.2
1398630 1147.2
1398640 1138.5
1398650 1131.1
1398660 1126.3
1398670 1126.3
1398680 1123.6
1398690 1120.2
1398700 1120.2
1398710 1116.9
1398720 1112.6
1398730 1112.6
1398740 1105.7
1398750 1097.3
1398760 1097.3
1398770 1089.0
1398780 1081.9
1398790 1081.9
1398800 1072.7
1398810 1063.2
1398820 1063.2
1398830 1052.1
1398840 1044.7
1398850 1039.0
1398860 1039.0
1398870 1032.4
1398880 1026.8
1398890 1026.8
1398900 1023.6
1398910 1021.7
1398920 1021.7
1398930 1016.5
1398940 1006.8
1398950 1006.8
1398960 999.8
1398970 995.6
1398980 995.6
1398990 992.5
1399000 989.1
1399010 989.1
1399020 986.8
1399030 983.9
1399040 976.7
1399050 976.7
1399060 968.7
1399070 962.3
1399080 962.3
1399090 951.7
1399100 942.3
1399110 942.3
1399120 933.2
1399130 925.4
1399140 925.4
1399150 921.3
1399160 918.1
1399170 918.1
1399180 914.1
1399190 909.8
1399200 909.8
1399210 905.0
1399220 898.5
1399230 892.6
1399240 892.6
1399250 889.6
1399260 885.6
1399270 885.6
1399280 882.5
1399290 869.6
1399300 869.6
1399310 855.3
1399320 843.1
1399330 843.1
1399340 835.2
1399350 831.3
1399360 831.3
1399370 828.1
1399380 827.3
1399390 827.3
1399400 826.6
1399410 823.6
1399420 821.4
1399430 821.4
1399440 821.4
1399450 822.1
1399460 822.1
1399470 822.1
1399480 822.0
1399490 822.0
1399500 822.9
1399510 824.2
1399520 824.2
1399530 825.6
1399540 825.8
1399550 825.8
1399560 824.6
1399570 824.5
1399580 824.5
1399590 824.4
1399600 824.2
1399610 824.2
1399620 824.2
1399630 826.0
1399640 827.7
1399650 827.7
1399660 827.4
1399670 827.3
1399680 827.3
1399690 827.0
1399700 827.6
1399710 827.6
1399720 828.1
1399730 827.9
1399740 827.9
1399750 827.7
1399760 827.8
1399770 827.8
1399780 828.0
1399790 828.0
1399800 828.0
1399810 828.6
1399820 829.2
1399830 829.5
1399840 829.5
1399850 832.5
1399860 836.5
1399870 836.5
1399880 841.8
1399890 848.1
1399900 848.1
1399910 854.9
1399920 862.0
1399930 862.0
1399940 869.6
1399950 877.4
1399960 877.4
1399970 885.5
1399980 894.0
1399990 894.0
1380000 2293.8
1380010 2293.8
1380020 2294.5
1380030 2295.7
1380040 2295.7
1380050 2297.3
1380060 2296.4
1380070 2296.4
1380080 2291.8
1380090 2286.0
1380100 2279.5
1380110 2279.5
1380120 2272.6
1380130 2266.1
1380140 2266.1
1380150 2259.5
1380160 2253.2
1380170 2253.2
1380180 2247.5
1380190 2242.6
1380200 2242.6
1380210 2238.5
1380220 2238.4
1380230 2238.4
1380240 2239.6
1380250 2241.0
1380260 2241.0
1380270 2243.3
1380280 2244.3
1380290 2244.3
1380300 2245.0
1380310 2243.2
1380320 2239.3
1380330 2239.3
1380340 2238.3
1380350 2237.1
1380360 2237.1
1380370 2232.5
1380380 2225.8
1380390 2225.8
1380400 2218.8
1380410 2210.2
1380420 2210.2
1380430 2203.3
1380440 2204.2
1380450 2204.2
1380460 2208.6
1380470 2213.1
1380480 2213.1
1380490 2216.4
1380500 2220.6
1380510 2222.3
1380520 2222.3
1380530 2218.3
1380540 2210.9
1380550 2210.9
1380560 2210.7
1380570 2216.2
1380580 2216.2
1380590 2216.8
1380600 2215.5
1380610 2215.5
1380620 2212.4
1380630 2209.3
1380640 2209.3
1380650 2209.8
1380660 2212.3
1380670 2212.3
1380680 2216.0
1380690 2220.5
1380700 2224.0
1380710 2224.0
1380720 2227.2
1380730 2229.0
1380740 2229.0
1380750 2230.2
1380760 2232.7
1380770 2232.7
1380780 2235.5
1380790 2238.3
1380800 2238.3
1380810 2241.6
1380820 2244.6
1380830 2244.6
1380840 2247.5
1380850 2250.0
1380860 2244.1
1380870 2244.9
1380880 2245.2
1380890 2246.6
1380900 2246.6
1380910 2249.5
1380920 2255.9
1380930 2255.9
1380940 2263.4
1380950 2269.3
1380960 2269.3
1380970 2272.6
1380980 2274.6
1380990 2274.6
1381000 2275.7
1381010 2275.6
1381020 2275.6
1381030 2275.1
1381040 2274.5
1381050 2274.5
1381060 2273.0
1381070 2271.7
1381080 2274.4
1381090 2274.4
1381100 2278.9
1381110 2284.7
1381120 2284.7
1381130 2290.2
1381140 2294.9
1381150 2294.9
1381160 2298.3
1381170 2299.0
1381180 2299.0
1381190 2299.0
1381200 2299.7
1381210 2299.7
1381220 2302.0
1381230 2306.5
1381240 2306.5
1381250 2312.7
1381260 2316.8
1381270 2320.4
1381280 2320.4
1381290 2324.3
1381300 2327.1
1381310 2327.1
1381320 2328.5
1381330 2329.7
1381340 2329.7
1381350 2331.4
1381360 2333.2
1381370 2333.2
1381380 2334.3
1381390 2335.8
1381400 2335.8
1381410 2338.4
1381420 2340.9
1381430 2340.9
1381440 2341.8
1381450 2341.8
1381460 2341.8
1381470 2341.1
1381480 2339.0
1381490 2335.5
1381500 2335.5
1381510 2330.8
1381520 2325.3
1381530 2325.3
1381540 2319.3
1381550 2313.3
1381560 2313.3
1381570 2307.9
1381580 2302.1
1381590 2302.1
1381600 2296.4
1381610 2292.2
1381620 2292.2
1381630 2289.9
1381640 2287.8
1381650 2287.8
1381660 2288.0
1381670 2289.4
1381680 2289.8
1381690 2289.8
1381700 2289.9
1381710 2290.8
1381720 2290.8
1381730 2291.4
1381740 2291.8
1381750 2291.8
1381760 2292.6
1381770 2293.7
1381780 2293.7
1381790 2295.0
1381800 2295.7
1381810 2295.7
1381820 2296.0
1381830 2295.9
1381840 2295.9
1381850 2296.0
1381860 2296.0
1381870 2295.6
1381880 2295.6
1381890 2295.1
1381900 2294.0
1381910 2294.0
1381920 2289.5
1381930 2284.7
1381940 2284.7
1381950 2281.8
1381960 2280.9
1381970 2280.9
1381980 2279.9
1381990 2279.4
1382000 2279.4
1382010 2279.1
1382020 2278.9
1382030 2278.9
1382040 2278.2
1382050 2276.9
1382060 2272.9
1382070 2272.9
1382080 2270.3
1382090 2264.8
1382100 2264.8
1382110 2264.2
1382120 2264.1
1382130 2264.1
1382140 2264.5
1382150 2263.7
1382160 2263.7
1382170 2261.8
1382180 2259.5
1382190 2259.5
1382200 2255.0
1382210 2249.2
1382220 2249.2
1382230 2243.1
1382240 2239.6
1382250 2236.1
1382260 2236.1
1382270 2232.8
1382280 2230.5
1382290 2230.5
1382300 2229.1
1382310 2228.6
1382320 2228.6
1382330 2227.5
1382340 2225.4
1382350 2225.4
1382360 2222.9
1382370 2220.1
1382380 2220.1
1382390 2217.8
1382400 2216.5
1382410 2216.5
1382420 2217.1
1382430 2218.8
1382440 2220.4
1382450 2220.4
1382460 2221.9
1382470 2224.7
1382480 2224.7
1382490 2227.6
1382500 2230.7
1382510 2230.7
1382520 2233.5
1382530 2237.2
1382540 2237.2
1382550 2241.1
1382560 2244.3
1382570 2244.3
1382580 2246.5
1382590 2249.4
1382600 2249.4
1382610 2253.4
1382620 2257.3
1382630 2257.3
1382640 2260.7
1382650 2262.9
1382660 2263.5
1382670 2263.5
1382680 2264.6
1382690 2264.8
1382700 2264.8
1382710 2264.1
1382720 2265.5
1382730 2265.5
1382740 2264.7
1382750 2261.3
1382760 2261.3
1382770 2257.2
1382780 2252.8
1382790 2252.8
1382800 2251.2
1382810 2250.9
1382820 2250.9
1382830 2250.0
1382840 2248.6
1382850 2247.5
1382860 2247.5
1382870 2244.6
1382880 2241.4
1382890 2241.4
1382900 2238.1
1382910 2235.5
1382920 2235.5
1382930 2232.8
1382940 2228.9
1382950 2228.9
1382960 2224.8
1382970 2220.4
1382980 2220.4
1382990 2216.3
1383000 2212.5
1383010 2212.5
1383020 2208.8
1383030 2204.2
1383040 2199.0
1383050 2199.0
1383060 2193.3
1383070 2187.5
1383080 2187.5
1383090 2181.5
1383100 2175.3
1383110 2175.3
1383120 2169.5
1383130 2164.3
1383140 2164.3
1383150 2159.7
1383160 2152.9
1383170 2152.9
1383180 2144.7
1383190 2136.3
1383200 2136.3
1383210 2127.6
1383220 2122.3
1383230 2124.4
1383240 2124.4
1383250 2125.4
1383260 2122.3
1383270 2122.3
1383280 2122.7
1383290 2125.1
1383300 2125.1
1383310 2127.8
1383320 2126.7
1383330 2119.4
1383340 2124.4
1383350 2129.0
1383360 2129.0
1383370 2130.5
1383380 2130.3
1383390 2130.3
1383400 2131.4
1383410 2132.7
1383420 2136.0
1383430 2136.0
1383440 2140.2
1383450 2143.6
1383460 2143.6
1383470 2146.9
1383480 2149.6
1383490 2149.6
1383500 2150.3
1383510 2151.4
1383520 2151.4
1383530 2152.7
1383540 2152.7
1383550 2152.7
1383560 2151.5
1383570 2150.6
1383580 2150.6
1383590 2148.8
1383600 2145.6
1383610 2145.6
1383620 2144.9
1383630 2145.8
1383640 2146.2
1383650 2146.2
1383660 2147.2
1383670 2148.0
1383680 2148.0
1383690 2147.1
1383700 2145.5
1383710 2145.5
1383720 2143.3
1383730 2139.3
1383740 2139.3
1383750 2132.3
1383760 2123.7
1383770 2123.7
1383780 2114.3
1383790 2105.5
1383800 2105.5
1383810 2096.1
1383820 2086.3
1383830 2085.8
1383840 2085.8
1383850 2090.6
1383860 2095.1
1383870 2095.1
1383880 2097.5
1383890 2099.8
1383900 2099.8
1383910 2105.3
1383920 2112.2
1383930 2112.2
1383940 2114.3
1383950 2109.0
1383960 2109.0
1383970 2100.8
1383980 2094.7
1383990 2094.7
1384000 2086.8
1384010 2077.5
1384020 2070.9
1384030 2070.9
1384040 2076.0
1384050 2086.0
1384060 2086.0
1384070 2092.4
1384080 2101.4
1384090 2101.4
1384100 2112.1
1384110 2116.8
1384120 2116.8
1384130 2119.8
1384140 2123.0
1384150 2123.0
1384160 2126.1
1384170 2128.3
1384180 2128.3
1384190 2129.8
1384200 2130.6
1384210 2128.5
1384220 2128.5
1384230 2119.3
1384240 2111.3
1384250 2111.3
1384260 2103.5
1384270 2100.3
1384280 2100.3
1384290 2094.1
1384300 2086.1
1384310 2086.1
1384320 2088.4
1384330 2095.1
1384340 2095.1
1384350 2102.6
1384360 2109.8
1384370 2109.8
1384380 2114.9
1384390 2120.0
1384400 2127.0
1384410 2127.0
1384420 2134.7
1384430 2143.0
1384440 2143.0
1384450 2149.9
1384460 2155.8
1384470 2155.8
1384480 2162.4
1384490 2169.6
1384500 2169.6
1384510 2176.4
1384520 2183.5
1384530 2183.5
1384540 2190.5
1384550 2197.9
1384560 2197.9
1384570 2205.8
1384580 2213.8
1384590 2219.6
1384600 2219.6
1384610 2227.0
1384620 2233.7
1384630 2233.7
1384640 2239.5
1384650 2243.5
1384660 2243.5
1384670 2245.3
1384680 2245.8
1384690 2245.8
1384700 2245.5
1384710 2244.1
1384720 2244.1
1384730 2241.6
1384740 2238.4
1384750 2238.4
1384760 2233.1
1384770 2226.0
1384780 2226.0
1384790 2221.4
1384800 2217.8
1384810 2215.1
1384820 2215.1
1384830 2212.7
1384840 2209.6
1384850 2209.6
1384860 2205.7
1384870 2201.2
1384880 2201.2
1384890 2194.3
1384900 2188.2
1384910 2188.2
1384920 2182.3
1384930 2176.8
1384940 2176.8
1384950 2171.3
1384960 2166.1
1384970 2166.1
1384980 2161.5
1384990 2157.3
1385000 2153.0
1385010 2153.0
1385020 2148.6
1385030 2144.2
1385040 2144.2
1385050 2139.8
1385060 2134.2
1385070 2134.2
1385080 2127.3
1385090 2121.3
1385100 2121.3
1385110 2115.8
1385120 2110.0
1385130 2110.0
1385140 2103.8
1385150 2097.3
1385160 2097.3
1385170 2091.1
1385180 2085.7
1385190 2081.1
1385200 2081.1
1385210 2077.0
1385220 2071.5
1385230 2071.5
1385240 2064.3
1385250 2056.3
1385260 2056.3
1385270 2048.4
1385280 2040.8
1385290 2040.8
1385300 2033.2
1385310 2024.7
1385320 2024.7
1385330 2016.6
1385340 2010.4
1385350 2010.4
1385360 2009.4
1385370 2019.2
1385380 2025.8
1385390 2025.8
1385400 2032.0
1385410 2038.5
1385420 2038.5
1385430 2044.3
1385440 2048.8
1385450 2048.8
1385460 2054.2
1385470 2060.4
1385480 2060.4
1385490 2066.2
1385500 2071.8
1385510 2071.8
1385520 2076.9
1385530 2081.9
1385540 2081.9
1385550 2086.5
1385560 2091.7
1385570 2097.2
1385580 2097.2
1385590 2097.4
1385600 2087.6
1385610 2087.6
1385620 2079.0
1385630 2068.6
1385640 2068.6
1385650 2060.0
1385660 2054.2
1385670 2054.2
1385680 2046.4
1385690 2042.7
1385700 2042.7
1385710 2042.1
1385720 2041.6
1385730 2041.6
1385740 2040.8
1385750 2038.7
1385760 2037.3
1385770 2037.3
1385780 2035.9
1385790 2034.4
1385800 2034.4
1385810 2032.0
1385820 2029.8
1385830 2029.8
1385840 2028.0
1385850 2025.7
1385860 2018.6
1385870 2016.4
1385880 2014.2
1385890 2014.2
1385900 2011.5
1385910 2009.8
1385920 2009.8
1385930 2008.0
1385940 2005.6
1385950 2005.6
1385960 2004.6
1385970 2006.7
1385980 2007.7
1385990 2007.7
1386000 2007.3
1386010 2005.8
1386020 2005.8
1386030 2004.2
1386040 2002.6
1386050 2002.6
1386060 2000.3
1386070 1999.4
1386080 1999.4
1386090 2000.5
1386100 2001.3
1386110 2001.3
1386120 2002.4
1386130 2004.3
1386140 2004.3
1386150 2005.6
1386160 2005.9
1386170 2005.9
1386180 2005.9
1386190 2007.8
1386200 2010.8
1386210 2010.8
1386220 2010.9
1386230 2009.5
1386240 2009.5
1386250 2006.6
1386260 1999.3
1386270 1999.3
1386280 1990.3
1386290 1981.3
1386300 1981.3
1386310 1972.4
1386320 1965.5
1386330 1965.5
1386340 1966.7
1386350 1970.7
1386360 1972.6
1386370 1972.6
1386380 1974.8
1386390 1975.1
1386400 1975.1
1386410 1974.3
1386420 1973.4
1386430 1973.4
1386440 1972.5
1386450 1972.4
1386460 1972.4
1386470 1972.0
1386480 1972.8
1386490 1972.8
1386500 1971.9
1386510 1971.1
1386520 1971.1
1386530 1971.5
1386540 1972.6
1386550 1975.1
1386560 1975.1
1386570 1978.1
1386580 1982.1
1386590 1982.1
1386600 1983.2
1386610 1981.9
1386620 1981.9
1386630 1980.0
1386640 1977.1
1386650 1977.1
1386660 1973.9
1386670 1969.8
1386680 1969.8
1386690 1966.3
1386700 1963.4
1386710 1963.4
1386720 1961.3
1386730 1959.4
1386740 1957.1
1386750 1957.1
1386760 1956.8
1386770 1953.7
1386780 1953.7
1386790 1952.2
1386800 1953.2
1386810 1953.2
1386820 1953.7
1386830 1950.3
1386840 1950.3
1386850 1943.5
1386860 1938.4
1386870 1938.4
1386880 1932.1
1386890 1934.8
1386900 1934.8
1386910 1938.7
1386920 1944.6
1386930 1951.0
1386940 1951.0
1386950 1955.3
1386960 1958.7
1386970 1958.7
1386980 1961.8
1386990 1965.3
1387000 1965.3
1387010 1968.7
1387020 1971.6
1387030 1971.6
1387040 1974.1
1387050 1976.1
1387060 1976.1
1387070 1977.9
1387080 1979.9
1387090 1979.9
1387100 1981.6
1387110 1983.0
1387120 1983.0
1387130 1984.1
1387140 1986.0
1387150 1981.5
1387160 1981.5
1387170 1983.0
1387180 1985.0
1387190 1985.0
1387200 1987.2
1387210 1989.0
1387220 1989.0
1387230 1991.6
1387240 1993.1
1387250 1993.1
1387260 1992.5
1387270 1993.9
1387280 1993.9
1387290 1995.3
1387300 1997.3
1387310 1997.3
1387320 2000.8
1387330 2004.4
1387340 2009.0
1387350 2009.0
1387360 2013.3
1387370 2017.3
1387380 2017.3
1387390 2018.8
1387400 2020.8
1387410 2020.8
1387420 2024.0
1387430 2026.8
1387440 2026.8
1387450 2032.4
1387460 2038.2
1387470 2038.2
1387480 2043.5
1387490 2055.9
1387500 2055.9
1387510 2074.2
1387520 2091.0
1387530 2098.2
1387540 2098.2
1387550 2102.3
1387560 2106.3
1387570 2106.3
1387580 2109.3
1387590 2114.8
1387600 2114.8
1387610 2121.5
1387620 2135.9
1387630 2135.9
1387640 2139.7
1387650 2133.6
1387660 2133.6
1387670 2128.9
1387680 2125.2
1387690 2125.2
1387700 2122.8
1387710 2122.6
1387720 2127.7
1387730 2127.7
1387740 2134.6
1387750 2138.4
1387760 2138.4
1387770 2138.1
1387780 2135.9
1387790 2135.9
1387800 2131.6
1387810 2124.8
1387820 2124.8
1387830 2118.1
1387840 2111.5
1387850 2111.5
1387860 2106.1
1387870 2100.4
1387880 2100.4
1387890 2094.0
1387900 2087.5
1387910 2079.5
1387920 2079.5
1387930 2070.3
1387940 2058.4
1387950 2058.4
1387960 2047.2
1387970 2036.9
1387980 2036.9
1387990 2025.7
1388000 2014.3
1388010 2014.3
1388020 2002.7
1388030 1990.7
1388040 1990.7
1388050 1978.7
1388060 1969.9
1388070 1969.9
1388080 1962.6
1388090 1958.1
1388100 1958.1
1388110 1958.3
1388120 1957.9
1388130 1950.6
1388140 1950.6
1388150 1941.3
1388160 1929.4
1388170 1929.4
1388180 1917.0
1388190 1904.3
1388200 1904.3
1388210 1892.8
1388220 1876.9
1388230 1876.9
1388240 1866.3
1388250 1856.7
1388260 1856.7
1388270 1852.0
1388280 1851.8
1388290 1851.8
1388300 1857.9
1388310 1867.1
1388320 1878.6
1388330 1878.6
1388340 1892.1
1388350 1899.4
1388360 1899.4
1388370 1901.1
1388380 1907.7
1388390 1907.7
1388400 1914.5
1388410 1920.2
1388420 1920.2
1388430 1925.1
1388440 1929.0
1388450 1929.0
1388460 1924.1
1388470 1932.2
1388480 1932.2
1388490 1940.9
1388500 1947.1
1388510 1952.0
1388520 1952.0
1388530 1958.8
1388540 1966.0
1388550 1966.0
1388560 1969.7
1388570 1974.9
1388580 1974.9
1388590 1984.7
1388600 1993.0
1388610 1993.0
1388620 1999.8
1388630 2006.8
1388640 2006.8
1388650 2014.7
1388660 2023.9
1388670 2023.9
1388680 2029.5
1388690 2031.7
1388700 2034.1
1388710 2034.1
1388720 2037.9
1388730 2043.4
1388740 2043.4
1388750 2049.1
1388760 2052.5
1388770 2052.5
1388780 2054.3
1388790 2054.4
1388800 2054.4
1388810 2051.3
1388820 2043.8
1388830 2043.8
1388840 2034.1
1388850 2024.0
1388860 2024.0
1388870 2014.7
1388880 2009.7
1388890 2006.2
1388900 2006.2
1388910 2009.7
1388920 2024.1
1388930 2024.1
1388940 2032.6
1388950 2038.0
1388960 2038.0
1388970 2039.9
1388980 2038.9
1388990 2038.9
1389000 2036.1
1389010 2034.9
1389020 2034.9
1389030 2035.3
1389040 2035.8
1389050 2035.8
1389060 2034.8
1389070 2030.3
1389080 2024.2
1389090 2024.2
1389100 2028.0
1389110 2037.1
1389120 2037.1
1389130 2047.5
1389140 2054.8
1389150 2054.8
1389160 2057.3
1389170 2054.0
1389180 2054.0
1389190 2046.3
1389200 2049.6
1389210 2049.6
1389220 2049.8
1389230 2046.6
1389240 2046.6
1389250 2047.4
1389260 2053.5
1389270 2053.5
1389280 2064.0
1389290 2074.1
1389300 2082.7
1389310 2082.7
1389320 2091.3
1389330 2100.1
1389340 2100.1
1389350 2108.7
1389360 2116.2
1389370 2116.2
1389380 2123.1
1389390 2129.8
1389400 2129.8
1389410 2136.7
1389420 2143.2
1389430 2143.2
1389440 2149.7
1389450 2155.6
1389460 2155.6
1389470 2161.3
1389480 2167.6
1389490 2174.7
1389500 2174.7
1389510 2181.9
1389520 2189.5
1389530 2189.5
1389540 2197.6
1389550 2205.0
1389560 2205.0
1389570 2211.8
1389580 2218.1
1389590 2218.1
1389600 2224.6
1389610 2231.1
1389620 2231.1
1389630 2236.2
1389640 2240.8
1389650 2240.8
1389660 2244.5
1389670 2246.8
1389680 2246.3
1389690 2246.3
1389700 2244.6
1389710 2242.9
1389720 2242.9
1389730 2240.9
1389740 2238.5
1389750 2238.5
1389760 2236.7
1389770 2236.2
1389780 2236.2
1389790 2227.8
1389800 2230.2
1389810 2230.2
1389820 2231.3
1389830 2232.0
1389840 2232.0
1389850 2230.8
1389860 2231.3
1389870 2234.6
1389880 2234.6
1389890 2233.5
1389900 2227.7
1389910 2227.7
1389920 2218.7
1389930 2216.1
1389940 2216.1
1389950 2216.6
1389960 2214.9
1389970 2214.9
1389980 2211.3
1389990 2210.5
1390000 2210.5
1390010 2213.4
1390020 2215.3
1390030 2215.3
1390040 2215.7
1390050 2215.1
1390060 2214.9
1390070 2214.9
1390080 2215.2
1390090 2214.6
1390100 2214.6
1390110 2213.4
1390120 2213.7
1390130 2213.7
1390140 2213.3
1390150 2211.9
1390160 2211.9
1390170 2211.5
1390180 2211.8
1390190 2211.8
1390200 2209.2
1390210 2205.6
1390220 2205.6
1390230 2208.6
1390240 2213.8
1390250 2213.6
1390260 2213.6
1390270 2209.4
1390280 2208.4
1390290 2208.4
1390300 2209.1
1390310 2206.9
1390320 2206.9
1390330 2200.3
1390340 2195.9
1390350 2195.9
1390360 2195.7
1390370 2196.2
1390380 2196.2
1390390 2195.5
1390400 2198.2
1390410 2198.2
1390420 2207.2
1390430 2217.2
1390440 2217.2
1390450 2223.8
1390460 2229.4
1390470 2233.8
1390480 2233.8
1390490 2237.0
1390500 2240.0
1390510 2240.0
1390520 2242.8
1390530 2245.1
1390540 2245.1
1390550 2247.5
1390560 2249.6
1390570 2249.6
1390580 2250.4
1390590 2249.1
1390600 2249.1
1390610 2247.5
1390620 2247.9
1390630 2247.9
1390640 2248.0
1390650 2248.1
1390660 2246.7
1390670 2246.7
1390680 2246.4
1390690 2245.8
1390700 2245.8
1390710 2247.0
1390720 2247.4
1390730 2247.4
1390740 2246.4
1390750 2245.0
1390760 2245.0
1390770 2242.2
1390780 2235.6
1390790 2235.6
1390800 2228.1
1390810 2230.2
1390820 2230.2
1390830 2234.1
1390840 2238.9
1390850 2244.0
1390860 2244.0
1390870 2248.2
1390880 2252.0
1390890 2252.0
1390900 2257.0
1390910 2260.7
1390920 2260.7
1390930 2263.6
1390940 2266.2
1390950 2266.2
1390960 2269.6
1390970 2276.5
1390980 2276.5
1390990 2285.8
1391000 2294.5
1391010 2294.5
1391020 2303.9
1391030 2308.8
1391040 2312.4
1391050 2312.4
1391060 2312.4
1391070 2313.2
1391080 2313.2
1391090 2319.6
1391100 2332.4
1391110 2332.4
1391120 2343.4
1391130 2337.8
1391140 2337.8
1391150 2338.4
1391160 2338.1
1391170 2338.1
1391180 2339.0
1391190 2337.2
1391200 2337.2
1391210 2336.7
1391220 2338.9
1391230 2340.7
1391240 2340.7
1391250 2345.7
1391260 2346.8
1391270 2346.8
1391280 2348.7
1391290 2353.8
1391300 2353.8
1391310 2355.3
1391320 2354.8
1391330 2354.8
1391340 2352.0
1391350 2347.0
1391360 2347.0
1391370 2345.3
1391380 2346.6
1391390 2346.6
1391400 2345.8
1391410 2346.0
1391420 2347.4
1391430 2347.4
1391440 2344.2
1391450 2341.5
1391460 2341.5
1391470 2345.3
1391480 2343.6
1391490 2343.6
1391500 2341.3
1391510 2337.5
1391520 2337.5
1391530 2331.6
1391540 2325.7
1391550 2325.7
1391560 2319.1
1391570 2311.2
1391580 2311.2
1391590 2303.1
1391600 2306.2
1391610 2306.2
1391620 2315.0
1391630 2325.1
1391640 2337.4
1391650 2337.4
1391660 2340.4
1391670 2336.7
1391680 2336.7
1391690 2332.2
1391700 2327.4
1391710 2327.4
1391720 2325.7
1391730 2327.1
1391740 2327.1
1391750 2322.1
1391760 2311.0
1391770 2311.0
1391780 2304.5
1391790 2312.3
1391800 2312.3
1391810 2319.6
1391820 2320.8
1391830 2317.3
1391840 2317.3
1391850 2313.5
1391860 2314.2
1391870 2314.2
1391880 2320.2
1391890 2330.7
1391900 2330.7
1391910 2341.4
1391920 2347.4
1391930 2347.4
1391940 2349.8
1391950 2351.9
1391960 2351.9
1391970 2357.0
1391980 2363.0
1391990 2363.0
1392000 2371.2
1392010 2373.4
1392020 2376.7
1392030 2376.7
1392040 2382.8
1392050 2387.8
1392060 2387.8
1392070 2392.8
1392080 2399.1
1392090 2399.1
1392100 2405.3
1392110 2406.6
1392120 2406.6
1392130 2402.8
1392140 2397.7
1392150 2397.7
1392160 2392.3
1392170 2387.0
1392180 2387.0
1392190 2381.1
1392200 2376.5
1392210 2379.1
1392220 2379.1
1392230 2375.1
1392240 2365.0
1392250 2365.0
1392260 2355.2
1392270 2347.0
1392280 2347.0
1392290 2346.0
1392300 2349.7
1392310 2349.7
1392320 2355.2
1392330 2359.0
1392340 2359.0
1392350 2355.0
1392360 2348.8
1392370 2348.8
1392380 2344.5
1392390 2343.7
1392400 2343.7
1392410 2343.7
1392420 2343.6
1392430 2342.5
1392440 2342.5
1392450 2339.6
1392460 2336.0
1392470 2336.0
1392480 2332.5
1392490 2329.5
1392500 2323.1
1392510 2320.5
1392520 2318.3
1392530 2318.3
1392540 2316.1
1392550 2315.5
1392560 2315.5
1392570 2319.1
1392580 2322.6
1392590 2324.5
1392600 2324.5
1392610 2323.3
1392620 2320.8
1392630 2320.8
1392640 2319.6
1392650 2319.0
1392660 2319.0
1392670 2314.7
1392680 2308.3
1392690 2308.3
1392700 2301.4
1392710 2295.1
1392720 2295.1
1392730 2289.4
1392740 2284.1
1392750 2284.1
1392760 2276.4
1392770 2267.0
1392780 2267.0
1392790 2259.2
1392800 2264.4
1392810 2276.6
1392820 2276.6
1392830 2271.5
1392840 2260.7
1392850 2260.7
1392860 2252.9
1392870 2245.3
1392880 2245.3
1392890 2238.3
1392900 2239.0
1392910 2239.0
1392920 2247.4
1392930 2252.5
1392940 2252.5
1392950 2252.5
1392960 2244.3
1392970 2244.3
1392980 2227.2
1392990 2202.6
1393000 2189.0
1393010 2189.0
1393020 2195.6
1393030 2203.9
1393040 2203.9
1393050 2208.6
1393060 2214.6
1393070 2214.6
1393080 2220.7
1393090 2219.4
1393100 2219.4
1393110 2212.8
1393120 2211.3
1393130 2211.3
1393140 2213.3
1393150 2214.8
1393160 2214.8
1393170 2214.6
1393180 2211.9
1393190 2210.5
1393200 2210.5
1393210 2207.9
1393220 2203.7
1393230 2203.7
1393240 2207.8
1393250 2212.3
1393260 2212.3
1393270 2214.4
1393280 2212.7
1393290 2212.7
1393300 2208.7
1393310 2203.0
1393320 2203.0
1393330 2200.3
1393340 2196.9
1393350 2196.9
1393360 2196.2
1393370 2196.8
1393380 2197.1
1393390 2197.1
1393400 2195.7
1393410 2192.7
1393420 2192.7
1393430 2190.8
1393440 2190.8
1393450 2190.8
1393460 2191.7
1393470 2192.6
1393480 2192.6
1393490 2193.5
1393500 2193.2
1393510 2193.2
1393520 2191.8
1393530 2191.2
1393540 2191.2
1393550 2193.7
1393560 2194.4
1393570 2194.3
1393580 2194.3
1393590 2193.8
1393600 2192.7
1393610 2192.7
1393620 2186.6
1393630 2178.1
1393640 2178.1
1393650 2178.8
1393660 2189.1
1393670 2189.1
1393680 2192.7
1393690 2196.0
1393700 2196.0
1393710 2199.6
1393720 2196.9
1393730 2196.9
1393740 2199.5
1393750 2211.4
1393760 2220.1
1393770 2220.1
1393780 2224.6
1393790 2229.7
1393800 2229.7
1393810 2232.0
1393820 2236.8
1393830 2236.8
1393840 2239.1
1393850 2243.1
1393860 2243.1
1393870 2250.7
1393880 2254.8
1393890 2254.8
1393900 2258.3
1393910 2259.9
1393920 2259.9
1393930 2260.0
1393940 2261.1
1393950 2261.1
1393960 2266.4
1393970 2275.6
1393980 2280.6
1393990 2280.6
1394000 2284.3
1394010 2288.6
1394020 2288.6
1394030 2294.9
1394040 2299.1
1394050 2299.1
1394060 2299.6
1394070 2298.9
1394080 2298.9
1394090 2297.2
1394100 2293.2
1394110 2293.2
1394120 2290.4
1394130 2287.5
1394140 2287.5
1394150 2284.9
1394160 2282.8
1394170 2281.9
1394180 2281.9
1394190 2282.4
1394200 2281.5
1394210 2281.5
1394220 2280.3
1394230 2277.1
1394240 2277.1
1394250 2275.1
1394260 2274.1
1394270 2274.1
1394280 2275.2
1394290 2276.9
1394300 2276.9
1394310 2278.5
1394320 2279.3
1394330 2279.3
1394340 2279.2
1394350 2277.3
1394360 2276.9
1394370 2276.9
1394380 2279.0
1394390 2280.2
1394400 2280.2
1394410 2281.5
1394420 2282.0
1394430 2282.0
1394440 2282.5
1394450 2283.0
1394460 2283.0
1394470 2283.6
1394480 2284.4
1394490 2284.4
1394500 2284.5
1394510 2289.1
1394520 2289.1
1394530 2289.1
1394540 2291.5
1394550 2301.6
1394560 2301.6
1394570 2309.0
1394580 2312.3
1394590 2312.3
1394600 2311.7
1394610 2310.0
1394620 2310.0
1394630 2306.0
1394640 2302.0
1394650 2302.0
1394660 2300.1
1394670 2301.5
1394680 2301.5
1394690 2300.2
1394700 2297.1
1394710 2297.1
1394720 2294.2
1394730 2294.2
1394740 2292.9
1394750 2292.9
1394760 2291.7
1394770 2289.3
1394780 2289.3
1394790 2287.7
1394800 2286.8
1394810 2286.8
1394820 2286.2
1394830 2285.8
1394840 2285.8
1394850 2284.4
1394860 2283.1
1394870 2283.1
1394880 2282.6
1394890 2281.5
1394900 2281.5
1394910 2278.8
1394920 2276.0
1394930 2270.8
1394940 2270.8
1394950 2263.0
1394960 2255.6
1394970 2255.6
1394980 2253.7
1394990 2247.8
1395000 2247.8
1395010 2250.5
1395020 2249.7
1395030 2249.7
1395040 2238.8
1395050 2232.7
1395060 2232.7
1395070 2229.1
1395080 2227.2
1395090 2227.2
1395100 2225.3
1395110 2222.4
1395120 2222.4
1395130 2219.7
1395140 2217.0
1395150 2214.7
1395160 2214.7
1395170 2211.2
1395180 2206.7
1395190 2206.7
1395200 2203.3
1395210 2199.8
1395220 2199.8
1395230 2195.6
1395240 2192.1
1395250 2192.1
1395260 2189.5
1395270 2186.2
1395280 2186.2
1395290 2172.7
1395300 2168.5
1395310 2168.5
1395320 2162.6
1395330 2156.7
1395340 2151.8
1395350 2151.8
1395360 2147.5
1395370 2144.2
1395380 2144.2
1395390 2141.4
1395400 2139.1
1395410 2139.1
1395420 2136.2
1395430 2133.0
1395440 2133.0
1395450 2130.3
1395460 2127.9
1395470 2127.9
1395480 2126.8
1395490 2126.8
1395500 2126.8
1395510 2126.8
1395520 2126.2
1395530 2125.5
1395540 2125.5
1395550 2125.2
1395560 2126.1
1395570 2126.1
1395580 2125.7
1395590 2123.5
1395600 2123.5
1395610 2120.9
1395620 2119.1
1395630 2119.1
1395640 2115.5
1395650 2112.5
1395660 2112.5
1395670 2108.8
1395680 2103.5
1395690 2103.5
1395700 2098.1
1395710 2093.4
1395720 2089.1
1395730 2089.1
1395740 2083.2
1395750 2075.7
1395760 2075.7
1395770 2069.8
1395780 2065.6
1395790 2065.6
1395800 2063.2
1395810 2060.6
1395820 2060.6
1395830 2056.7
1395840 2053.2
1395850 2053.2
1395860 2049.1
1395870 2046.5
1395880 2046.5
1395890 2042.5
1395900 2037.5
1395910 2033.8
1395920 2033.8
1395930 2030.6
1395940 2026.9
1395950 2026.9
1395960 2023.2
1395970 2018.5
1395980 2018.5
1395990 2013.4
1396000 2007.9
1396010 2007.9
1396020 2002.9
1396030 2000.2
1396040 2000.2
1396050 1997.9
1396060 1997.8
1396070 1997.8
1396080 1998.9
1396090 1998.6
1396100 1997.3
1396110 1997.3
1396120 1997.6
1396130 1996.7
1396140 1996.7
1396150 1994.5
1396160 1992.5
1396170 1992.5
1396180 1990.8
1396190 1988.6
1396200 1988.6
1396210 1985.6
1396220 1981.6
1396230 1981.6
1396240 1977.1
1396250 1972.8
1396260 1972.8
1396270 1968.6
1396280 1964.6
1396290 1964.6
1396300 1961.0
1396310 1957.5
1396320 1953.7
1396330 1953.7
1396340 1950.1
1396350 1946.6
1396360 1946.6
1396370 1943.3
1396380 1939.9
1396390 1939.9
1396400 1936.4
1396410 1933.5
1396420 1933.5
1396430 1930.9
1396440 1928.5
1396450 1928.5
1396460 1925.3
1396470 1920.5
1396480 1920.5
1396490 1916.1
1396500 1912.3
1396510 1908.9
1396520 1908.9
1396530 1906.0
1396540 1903.7
1396550 1903.7
1396560 1901.7
1396570 1899.9
1396580 1899.9
1396590 1899.9
1396600 1899.4
1396610 1899.4
1396620 1898.0
1396630 1896.7
1396640 1896.7
1396650 1896.4
1396660 1896.1
1396670 1896.1
1396680 1894.4
1396690 1891.7
1396700 1888.8
1396710 1891.6
1396720 1888.2
1396730 1884.6
1396740 1884.6
1396750 1880.6
1396760 1876.5
1396770 1876.5
1396780 1872.1
1396790 1866.3
1396800 1866.3
1396810 1858.4
1396820 1844.4
1396830 1844.4
1396840 1832.8
1396850 1825.9
1396860 1825.9
1396870 1819.0
1396880 1813.2
1396890 1810.2
1396900 1810.2
1396910 1807.8
1396920 1804.7
1396930 1804.7
1396940 1800.8
1396950 1797.6
1396960 1797.6
1396970 1796.6
1396980 1791.6
1396990 1791.6
1397000 1785.4
1397010 1781.4
1397020 1781.4
1397030 1779.5
1397040 1777.8
1397050 1777.8
1397060 1772.5
1397070 1766.4
1397080 1760.0
1397090 1760.0
1397100 1753.9
1397110 1750.3
1397120 1750.3
1397130 1743.7
1397140 1735.2
1397150 1735.2
1397160 1730.4
1397170 1726.8
1397180 1726.8
1397190 1721.7
1397200 1716.3
1397210 1716.3
1397220 1711.3
1397230 1706.2
1397240 1706.2
1397250 1702.2
1397260 1700.2
1397270 1698.9
1397280 1698.9
1397290 1697.4
1397300 1695.6
1397310 1695.6
1397320 1693.6
1397330 1690.2
1397340 1690.2
1397350 1685.8
1397360 1681.0
1397370 1681.0
1397380 1674.2
1397390 1664.5
1397400 1664.5
1397410 1657.3
1397420 1650.2
1397430 1650.2
1397440 1645.6
1397450 1642.9
1397460 1642.9
1397470 1640.9
1397480 1635.3
1397490 1627.6
1397500 1627.6
1397510 1620.9
1397520 1618.4
1397530 1618.4
1397540 1618.5
1397550 1612.9
1397560 1612.9
1397570 1604.5
1397580 1599.3
1397590 1599.3
1397600 1596.4
1397610 1592.8
1397620 1592.8
1397630 1585.8
1397640 1572.5
1397650 1572.5
1397660 1560.6
1397670 1551.6
1397680 1544.6
1397690 1544.6
1397700 1538.3
1397710 1532.0
1397720 1532.0
1397730 1525.2
1397740 1519.2
1397750 1519.2
1397760 1514.8
1397770 1510.9
1397780 1510.9
1397790 1506.7
1397800 1502.3
1397810 1502.3
1397820 1497.3
1397830 1492.6
1397840 1492.6
1397850 1489.2
1397860 1487.2
1397870 1483.7
1397880 1483.7
1397890 1476.5
1397900 1465.6
1397910 1465.6
1397920 1458.9
1397930 1453.2
1397940 1453.2
1397950 1447.0
1397960 1438.8
1397970 1438.8
1397980 1430.2
1397990 1421.9
1398000 1421.9
1398010 1412.4
1398020 1401.4
1398030 1401.4
1398040 1393.8
1398050 1386.5
1398060 1378.8
1398070 1378.8
1398080 1371.1
1398090 1365.5
1398100 1365.5
1398110 1360.2
1398120 1355.3
1398130 1355.3
1398140 1350.3
1398150 1344.1
1398160 1343.9
1398170 1337.5
1398180 1330.9
1398190 1330.9
1398200 1324.2
1398210 1318.0
1398220 1318.0
1398230 1312.2
1398240 1306.9
1398250 1301.2
1398260 1301.2
1398270 1293.8
1398280 1286.4
1398290 1286.4
1398300 1281.1
1398310 1276.5
1398320 1276.5
1398330 1269.8
1398340 1260.1
1398350 1260.1
1398360 1250.5
1398370 1242.0
1398380 1242.0
1398390 1233.6
1398400 1226.1
1398410 1226.1
1398420 1220.0
1398430 1213.3
1398440 1208.0
1398450 1208.0
1398460 1203.9
1398470 1199.8
1398480 1199.8
1398490 1193.0
1398500 1186.7
1398510 1186.7
1398520 1181.7
1398530 1173.7
1398540 1173.7
1398550 1167.8
1398560 1163.9
1398570 1163.9
1398580 1159.5
1398590 1155.0
1398600 1155.0
1398610 1151.6
1398620 1147.2
1398630 1147.2
1398640 1138.5
1398650 1131.1
1398660 1126.3
1398670 1126.3
1398680 1123.6
1398690 1120.2
1398700 1120.2
1398710 1116.9
1398720 1112.6
1398730 1112.6
1398740 1105.7
1398750 1097.3
1398760 1097.3
1398770 1089.0
1398780 1081.9
1398790 1081.9
1398800 1072.7
1398810 1063.2
1398820 1063.2
1398830 1052.1
1398840 1044.7
1398850 1039.0
1398860 1039.0
1398870 1032.4
1398880 1026.8
1398890 1026.8
1398900 1023.6
1398910 1021.7
1398920 1021.7
1398930 1016.5
1398940 1006.8
1398950 1006.8
1398960 999.8
1398970 995.6
1398980 995.6
1398990 992.5
1399000 989.1
1399010 989.1
1399020 986.8
1399030 983.9
1399040 976.7
1399050 976.7
1399060 968.7
1399070 962.3
1399080 962.3
1399090 951.7
1399100 942.3
1399110 942.3
1399120 933.2
1399130 925.4
1399140 925.4
1399150 921.3
1399160 918.1
1399170 918.1
1399180 914.1
1399190 909.8
1399200 909.8
1399210 905.0
1399220 898.5
1399230 892.6
1399240 892.6
1399250 889.6
1399260 885.6
1399270 885.6
1399280 882.5
1399290 869.6
1399300 869.6
1399310 855.3
1399320 843.1
1399330 843.1
1399340 835.2
1399350 831.3
1399360 831.3
1399370 828.1
1399380 827.3
1399390 827.3
1399400 826.6
1399410 823.6
1399420 821.4
1399430 821.4
1399440 821.4
1399450 822.1
1399460 822.1
1399470 822.1
1399480 822.0
1399490 822.0
1399500 822.9
1399510 824.2
1399520 824.2
1399530 825.6
1399540 825.8
1399550 825.8
1399560 824.6
1399570 824.5
1399580 824.5
1399590 824.4
1399600 824.2
1399610 824.2
1399620 824.2
1399630 826.0
1399640 827.7
1399650 827.7
1399660 827.4
1399670 827.3
1399680 827.3
1399690 827.0
1399700 827.6
1399710 827.6
1399720 828.1
1399730 827.9
1399740 827.9
1399750 827.7
1399760 827.8
1399770 827.8
1399780 828.0
1399790 828.0
1399800 828.0
1399810 828.6
1399820 829.2
1399830 829.5
1399840 829.5
1399850 832.5
1399860 836.5
1399870 836.5
1399880 841.8
1399890 848.1
1399900 848.1
1399910 854.9
1399920 862.0
1399930 862.0
1399940 869.6
1399950 877.4
1399960 877.4
1399970 885.5
1399980 894.0
1399990 894.0
