1380000 2424.3
1380010 2425.1
1380020 2423.3
1380030 2423.3
1380040 2420.3
1380050 2418.5
1380060 2418.5
1380070 2417.3
1380080 2415.9
1380090 2415.9
1380100 2413.7
1380110 2410.9
1380120 2410.9
1380130 2408.6
1380140 2407.0
1380150 2407.0
1380160 2405.7
1380170 2404.4
1380180 2404.4
1380190 2403.3
1380200 2403.1
1380210 2403.7
1380220 2403.7
1380230 2404.0
1380240 2404.9
1380250 2404.9
1380260 2406.2
1380270 2407.4
1380280 2407.4
1380290 2409.9
1380300 2413.0
1380310 2413.0
1380320 2416.0
1380330 2418.5
1380340 2418.5
1380350 2421.2
1380360 2424.3
1380370 2424.3
1380380 2426.5
1380390 2429.1
1380400 2432.4
1380410 2432.4
1380420 2436.0
1380430 2440.6
1380440 2440.6
1380450 2445.7
1380460 2450.8
1380470 2450.8
1380480 2455.1
1380490 2458.2
1380500 2458.2
1380510 2458.3
1380520 2457.9
1380530 2457.9
1380540 2463.1
1380550 2469.9
1380560 2469.9
1380570 2475.3
1380580 2478.7
1380590 2481.9
1380600 2481.9
1380610 2484.9
1380620 2487.2
1380630 2487.2
1380640 2489.1
1380650 2490.5
1380660 2490.5
1380670 2490.7
1380680 2488.8
1380690 2488.8
1380700 2491.0
1380710 2496.5
1380720 2496.5
1380730 2496.3
1380740 2501.4
1380750 2501.4
1380760 2506.2
1380770 2510.5
1380780 2510.5
1380790 2514.8
1380800 2519.8
1380810 2524.5
1380820 2524.5
1380830 2528.6
1380840 2531.7
1380850 2531.7
1380860 2532.4
1380870 2531.9
1380880 2531.9
1380890 2530.2
1380900 2528.3
1380910 2528.3
1380920 2526.8
1380930 2526.0
1380940 2526.0
1380950 2526.4
1380960 2526.8
1380970 2526.8
1380980 2527.5
1380990 2528.8
1381000 2530.2
1381010 2530.2
1381020 2530.6
1381030 2530.6
1381040 2530.6
1381050 2529.9
1381060 2528.5
1381070 2528.5
1381080 2526.0
1381090 2522.4
1381100 2522.4
1381110 2518.4
1381120 2514.2
1381130 2514.2
1381140 2509.9
1381150 2505.4
1381160 2505.4
1381170 2501.0
1381180 2495.8
1381190 2489.0
1381200 2489.0
1381210 2483.8
1381220 2479.5
1381230 2479.5
1381240 2475.2
1381250 2470.5
1381260 2470.5
1381270 2465.6
1381280 2461.5
1381290 2461.5
1381300 2458.1
1381310 2455.5
1381320 2455.5
1381330 2453.9
1381340 2453.9
1381350 2453.9
1381360 2453.6
1381370 2454.3
1381380 2458.2
1381390 2458.2
1381400 2461.2
1381410 2462.7
1381420 2462.7
1381430 2463.7
1381440 2463.7
1381450 2463.7
1381460 2462.6
1381470 2460.4
1381480 2460.4
1381490 2456.9
1381500 2453.8
1381510 2453.8
1381520 2451.5
1381530 2449.8
1381540 2449.8
1381550 2448.8
1381560 2446.8
1381570 2443.6
1381580 2443.6
1381590 2441.0
1381600 2440.8
1381610 2440.8
1381620 2441.4
1381630 2443.0
1381640 2443.0
1381650 2443.4
1381660 2442.1
1381670 2442.1
1381680 2440.1
1381690 2438.4
1381700 2438.4
1381710 2437.7
1381720 2438.7
1381730 2438.7
1381740 2439.3
1381750 2439.1
1381760 2439.1
1381770 2439.2
1381780 2438.9
1381790 2438.1
1381800 2438.1
1381810 2437.0
1381820 2436.2
1381830 2436.2
1381840 2435.7
1381850 2436.1
1381860 2436.1
1381870 2436.8
1381880 2437.8
1381890 2437.8
1381900 2438.9
1381910 2440.4
1381920 2440.4
1381930 2442.3
1381940 2444.0
1381950 2444.0
1381960 2439.2
1381970 2440.5
1381980 2441.5
1381990 2441.5
1382000 2441.3
1382010 2441.1
1382020 2441.1
1382030 2441.3
1382040 2442.7
1382050 2442.7
1382060 2444.7
1382070 2446.7
1382080 2446.7
1382090 2447.4
1382100 2446.4
1382110 2446.4
1382120 2444.2
1382130 2441.5
1382140 2441.5
1382150 2440.6
1382160 2440.6
1382170 2441.1
1382180 2441.1
1382190 2442.7
1382200 2444.7
1382210 2444.7
1382220 2448.0
1382230 2451.3
1382240 2451.3
1382250 2454.8
1382260 2458.1
1382270 2458.1
1382280 2461.1
1382290 2465.0
1382300 2465.0
1382310 2469.4
1382320 2474.1
1382330 2474.1
1382340 2478.5
1382350 2482.8
1382360 2487.1
1382370 2487.1
1382380 2491.2
1382390 2493.7
1382400 2493.7
1382410 2492.9
1382420 2490.4
1382430 2490.4
1382440 2487.6
1382450 2483.3
1382460 2483.3
1382470 2478.4
1382480 2474.4
1382490 2474.4
1382500 2470.8
1382510 2467.1
1382520 2467.1
1382530 2463.3
1382540 2461.0
1382550 2458.4
1382560 2458.4
1382570 2455.2
1382580 2451.4
1382590 2451.4
1382600 2446.5
1382610 2440.5
1382620 2440.5
1382630 2433.2
1382640 2427.5
1382650 2427.5
1382660 2424.2
1382670 2420.4
1382680 2420.4
1382690 2417.1
1382700 2415.3
1382710 2415.3
1382720 2413.6
1382730 2412.1
1382740 2412.1
1382750 2408.7
1382760 2407.8
1382770 2409.5
1382780 2409.5
1382790 2408.0
1382800 2406.0
1382810 2406.0
1382820 2404.3
1382830 2402.6
1382840 2402.6
1382850 2401.0
1382860 2399.5
1382870 2399.5
1382880 2397.9
1382890 2396.7
1382900 2396.7
1382910 2395.3
1382920 2393.7
1382930 2393.7
1382940 2392.4
1382950 2390.5
1382960 2389.2
1382970 2389.2
1382980 2388.1
1382990 2387.5
1383000 2387.5
1383010 2387.2
1383020 2386.5
1383030 2386.5
1383040 2385.3
1383050 2384.0
1383060 2384.0
1383070 2382.7
1383080 2381.4
1383090 2381.4
1383100 2377.7
1383110 2371.6
1383120 2371.6
1383130 2368.4
1383140 2374.1
1383150 2377.3
1383160 2377.3
1383170 2376.7
1383180 2380.2
1383190 2380.2
1383200 2377.4
1383210 2378.8
1383220 2378.8
1383230 2379.9
1383240 2380.7
1383250 2380.7
1383260 2381.1
1383270 2381.9
1383280 2381.9
1383290 2382.1
1383300 2381.5
1383310 2381.5
1383320 2380.9
1383330 2380.1
1383340 2379.7
1383350 2379.7
1383360 2379.3
1383370 2379.5
1383380 2379.5
1383390 2380.3
1383400 2381.2
1383410 2381.2
1383420 2382.3
1383430 2382.8
1383440 2382.8
1383450 2383.6
1383460 2385.7
1383470 2385.7
1383480 2388.2
1383490 2390.8
1383500 2390.8
1383510 2392.4
1383520 2392.5
1383530 2391.7
1383540 2391.7
1383550 2391.0
1383560 2390.5
1383570 2390.5
1383580 2390.5
1383590 2390.0
1383600 2390.0
1383610 2388.5
1383620 2386.8
1383630 2386.8
1383640 2385.9
1383650 2384.8
1383660 2384.8
1383670 2383.8
1383680 2383.2
1383690 2383.2
1383700 2382.0
1383710 2380.2
1383720 2380.2
1383730 2378.9
1383740 2373.8
1383750 2364.0
1383760 2364.0
1383770 2361.8
1383780 2366.5
1383790 2366.5
1383800 2370.9
1383810 2373.6
1383820 2373.6
1383830 2375.0
1383840 2376.9
1383850 2376.9
1383860 2378.4
1383870 2379.7
1383880 2379.7
1383890 2380.9
1383900 2382.3
1383910 2382.3
1383920 2385.8
1383930 2390.2
1383940 2393.1
1383950 2393.1
1383960 2391.7
1383970 2385.2
1383980 2385.2
1383990 2378.2
1384000 2372.1
1384010 2372.1
1384020 2366.7
1384030 2365.0
1384040 2365.0
1384050 2367.4
1384060 2369.2
1384070 2369.2
1384080 2369.7
1384090 2370.5
1384100 2370.5
1384110 2370.7
1384120 2371.4
1384130 2376.2
1384140 2376.2
1384150 2384.4
1384160 2392.9
1384170 2392.9
1384180 2402.5
1384190 2411.6
1384200 2411.6
1384210 2419.5
1384220 2427.0
1384230 2427.0
1384240 2433.6
1384250 2437.9
1384260 2437.9
1384270 2437.1
1384280 2433.5
1384290 2433.5
1384300 2432.4
1384310 2433.1
1384320 2434.9
1384330 2434.9
1384340 2436.9
1384350 2436.6
1384360 2436.6
1384370 2431.2
1384380 2427.4
1384390 2427.4
1384400 2421.8
1384410 2418.7
1384420 2418.7
1384430 2417.6
1384440 2420.2
1384450 2412.0
1384460 2414.4
1384470 2417.8
1384480 2417.8
1384490 2421.1
1384500 2423.5
1384510 2425.7
1384520 2425.7
1384530 2428.6
1384540 2432.1
1384550 2432.1
1384560 2436.6
1384570 2443.0
1384580 2443.0
1384590 2451.0
1384600 2458.0
1384610 2458.0
1384620 2458.5
1384630 2452.3
1384640 2452.3
1384650 2443.8
1384660 2432.8
1384670 2432.8
1384680 2421.7
1384690 2409.5
1384700 2409.5
1384710 2399.4
1384720 2388.5
1384730 2376.5
1384740 2376.5
1384750 2367.5
1384760 2360.5
1384770 2360.5
1384780 2354.3
1384790 2347.6
1384800 2347.6
1384810 2340.0
1384820 2331.6
1384830 2331.6
1384840 2325.2
1384850 2319.4
1384860 2319.4
1384870 2313.7
1384880 2309.0
1384890 2309.0
1384900 2304.5
1384910 2300.4
1384920 2296.7
1384930 2296.7
1384940 2292.7
1384950 2287.3
1384960 2287.3
1384970 2281.8
1384980 2276.5
1384990 2276.5
1385000 2271.5
1385010 2266.0
1385020 2266.0
1385030 2260.6
1385040 2256.0
1385050 2256.0
1385060 2251.1
1385070 2246.4
1385080 2246.4
1385090 2241.8
1385100 2237.6
1385110 2233.2
1385120 2233.2
1385130 2229.9
1385140 2223.6
1385150 2223.6
1385160 2223.5
1385170 2222.4
1385180 2222.4
1385190 2223.7
1385200 2225.3
1385210 2225.3
1385220 2226.5
1385230 2227.5
1385240 2227.5
1385250 2227.4
1385260 2230.8
1385270 2230.8
1385280 2234.8
1385290 2237.2
1385300 2239.6
1385310 2239.6
1385320 2244.2
1385330 2248.4
1385340 2248.4
1385350 2247.9
1385360 2249.3
1385370 2249.3
1385380 2253.0
1385390 2257.0
1385400 2257.0
1385410 2260.9
1385420 2264.3
1385430 2264.3
1385440 2266.7
1385450 2267.8
1385460 2267.8
1385470 2267.5
1385480 2268.4
1385490 2274.2
1385500 2274.2
1385510 2280.2
1385520 2287.1
1385530 2287.1
1385540 2293.7
1385550 2300.4
1385560 2300.4
1385570 2307.4
1385580 2314.1
1385590 2314.1
1385600 2320.9
1385610 2326.9
1385620 2326.9
1385630 2331.2
1385640 2335.9
1385650 2335.9
1385660 2340.7
1385670 2345.2
1385680 2347.0
1385690 2347.0
1385700 2337.3
1385710 2330.3
1385720 2325.6
1385730 2321.1
1385740 2319.3
1385750 2319.3
1385760 2316.7
1385770 2313.4
1385780 2313.4
1385790 2311.4
1385800 2306.6
1385810 2306.6
1385820 2299.9
1385830 2291.9
1385840 2291.9
1385850 2283.5
1385860 2275.1
1385870 2275.1
1385880 2266.6
1385890 2259.1
1385900 2251.7
1385910 2251.7
1385920 2245.6
1385930 2239.9
1385940 2239.9
1385950 2234.5
1385960 2230.4
1385970 2230.4
1385980 2228.3
1385990 2226.4
1386000 2226.4
1386010 2225.6
1386020 2223.8
1386030 2223.8
1386040 2221.7
1386050 2222.8
1386060 2222.8
1386070 2225.1
1386080 2224.1
1386090 2218.2
1386100 2218.2
1386110 2208.8
1386120 2210.5
1386130 2210.5
1386140 2213.1
1386150 2220.8
1386160 2220.8
1386170 2227.0
1386180 2231.3
1386190 2231.3
1386200 2236.2
1386210 2241.7
1386220 2241.7
1386230 2246.2
1386240 2250.7
1386250 2250.7
1386260 2256.0
1386270 2262.2
1386280 2265.3
1386290 2265.3
1386300 2253.7
1386310 2245.0
1386320 2245.0
1386330 2246.5
1386340 2253.0
1386350 2253.0
1386360 2258.4
1386370 2255.7
1386380 2255.7
1386390 2251.8
1386400 2250.9
1386410 2250.9
1386420 2253.4
1386430 2257.4
1386440 2257.4
1386450 2256.0
1386460 2256.7
1386470 2257.8
1386480 2257.8
1386490 2259.4
1386500 2261.3
1386510 2261.3
1386520 2268.2
1386530 2276.0
1386540 2276.0
1386550 2279.9
1386560 2290.6
1386570 2290.6
1386580 2294.9
1386590 2299.0
1386600 2299.0
1386610 2302.8
1386620 2300.8
1386630 2300.8
1386640 2294.9
1386650 2288.8
1386660 2282.5
1386670 2282.5
1386680 2274.8
1386690 2267.1
1386700 2267.1
1386710 2264.4
1386720 2265.4
1386730 2265.4
1386740 2264.6
1386750 2263.3
1386760 2263.3
1386770 2260.5
1386780 2254.1
1386790 2254.1
1386800 2248.1
1386810 2251.0
1386820 2251.0
1386830 2254.0
1386840 2255.8
1386850 2255.8
1386860 2257.3
1386870 2258.0
1386880 2259.0
1386890 2259.0
1386900 2258.4
1386910 2257.6
1386920 2257.6
1386930 2256.5
1386940 2258.2
1386950 2258.2
1386960 2258.6
1386970 2265.9
1386980 2265.9
1386990 2274.0
1387000 2281.8
1387010 2276.2
1387020 2283.1
1387030 2290.1
1387040 2290.1
1387050 2297.3
1387060 2304.4
1387070 2311.7
1387080 2311.7
1387090 2318.9
1387100 2326.0
1387110 2326.0
1387120 2333.1
1387130 2340.0
1387140 2340.0
1387150 2346.9
1387160 2348.3
1387170 2348.3
1387180 2350.9
1387190 2353.2
1387200 2353.2
1387210 2354.2
1387220 2355.1
1387230 2355.1
1387240 2356.1
1387250 2361.0
1387260 2367.5
1387270 2367.5
1387280 2374.2
1387290 2380.0
1387300 2380.0
1387310 2385.1
1387320 2390.0
1387330 2390.0
1387340 2391.8
1387350 2390.9
1387360 2390.9
1387370 2390.8
1387380 2390.2
1387390 2390.2
1387400 2392.2
1387410 2397.0
1387420 2397.0
1387430 2403.1
1387440 2406.3
1387450 2402.6
1387460 2402.6
1387470 2395.2
1387480 2386.1
1387490 2386.1
1387500 2378.1
1387510 2370.6
1387520 2370.6
1387530 2361.8
1387540 2352.9
1387550 2352.9
1387560 2345.6
1387570 2337.8
1387580 2337.8
1387590 2329.0
1387600 2319.9
1387610 2319.9
1387620 2311.6
1387630 2303.0
1387640 2295.8
1387650 2295.8
1387660 2288.7
1387670 2281.5
1387680 2281.5
1387690 2274.9
1387700 2267.7
1387710 2267.7
1387720 2260.1
1387730 2253.0
1387740 2253.0
1387750 2245.5
1387760 2237.2
1387770 2237.2
1387780 2227.5
1387790 2216.4
1387800 2216.4
1387810 2204.8
1387820 2196.6
1387830 2196.6
1387840 2206.0
1387850 2215.7
1387860 2213.3
1387870 2213.3
1387880 2209.3
1387890 2204.2
1387900 2204.2
1387910 2203.9
1387920 2208.0
1387930 2208.0
1387940 2209.1
1387950 2206.7
1387960 2206.7
1387970 2200.9
1387980 2193.2
1387990 2193.2
1388000 2185.3
1388010 2176.9
1388020 2176.9
1388030 2166.0
1388040 2157.3
1388050 2155.4
1388060 2155.4
1388070 2161.2
1388080 2166.1
1388090 2166.1
1388100 2166.5
1388110 2165.3
1388120 2165.3
1388130 2160.0
1388140 2151.0
1388150 2151.0
1388160 2140.8
1388170 2133.9
1388180 2133.9
1388190 2137.0
1388200 2139.6
1388210 2139.6
1388220 2146.1
1388230 2148.5
1388240 2142.3
1388250 2142.3
1388260 2135.8
1388270 2134.8
1388280 2134.8
1388290 2145.2
1388300 2159.6
1388310 2159.6
1388320 2170.1
1388330 2178.7
1388340 2178.7
1388350 2182.0
1388360 2176.9
1388370 2176.9
1388380 2171.4
1388390 2173.6
1388400 2173.6
1388410 2181.8
1388420 2183.7
1388430 2179.4
1388440 2179.4
1388450 2174.0
1388460 2169.6
1388470 2169.6
1388480 2173.1
1388490 2167.2
1388500 2167.2
1388510 2161.2
1388520 2164.5
1388530 2164.5
1388540 2173.2
1388550 2183.4
1388560 2183.4
1388570 2194.6
1388580 2208.1
1388590 2208.1
1388600 2216.8
1388610 2224.3
1388620 2231.6
1388630 2231.6
1388640 2239.3
1388650 2247.4
1388660 2247.4
1388670 2255.4
1388680 2263.6
1388690 2263.6
1388700 2271.5
1388710 2279.2
1388720 2279.2
1388730 2286.8
1388740 2295.2
1388750 2295.2
1388760 2301.1
1388770 2303.0
1388780 2303.0
1388790 2302.5
1388800 2304.5
1388810 2304.5
1388820 2308.1
1388830 2309.8
1388840 2307.9
1388850 2307.9
1388860 2304.1
1388870 2299.7
1388880 2299.7
1388890 2297.1
1388900 2294.7
1388910 2294.7
1388920 2289.3
1388930 2288.5
1388940 2288.5
1388950 2293.0
1388960 2298.2
1388970 2298.2
1388980 2303.2
1388990 2306.6
1389000 2306.6
1389010 2308.4
1389020 2308.4
1389030 2306.8
1389040 2306.8
1389050 2302.8
1389060 2299.4
1389070 2299.4
1389080 2294.9
1389090 2291.6
1389100 2291.6
1389110 2297.0
1389120 2304.8
1389130 2304.8
1389140 2311.6
1389150 2317.0
1389160 2317.0
1389170 2322.1
1389180 2328.1
1389190 2328.1
1389200 2334.2
1389210 2340.3
1389220 2347.2
1389230 2347.2
1389240 2354.4
1389250 2359.9
1389260 2359.9
1389270 2361.9
1389280 2363.5
1389290 2363.5
1389300 2362.2
1389310 2363.5
1389320 2363.5
1389330 2364.5
1389340 2366.1
1389350 2366.1
1389360 2366.6
1389370 2364.9
1389380 2364.9
1389390 2364.4
1389400 2365.1
1389410 2365.8
1389420 2365.8
1389430 2368.6
1389440 2369.4
1389450 2369.4
1389460 2368.6
1389470 2368.5
1389480 2368.5
1389490 2368.7
1389500 2367.9
1389510 2367.9
1389520 2369.7
1389530 2374.3
1389540 2374.3
1389550 2377.8
1389560 2379.1
1389570 2379.1
1389580 2379.8
1389590 2380.6
1389600 2383.4
1389610 2383.4
1389620 2389.7
1389630 2397.6
1389640 2393.4
1389650 2397.0
1389660 2398.0
1389670 2398.0
1389680 2397.7
1389690 2396.7
1389700 2396.7
1389710 2396.4
1389720 2400.2
1389730 2400.2
1389740 2406.8
1389750 2408.9
1389760 2408.9
1389770 2410.1
1389780 2414.4
1389790 2423.4
1389800 2423.4
1389810 2428.5
1389820 2431.6
1389830 2431.6
1389840 2437.4
1389850 2445.2
1389860 2445.2
1389870 2454.1
1389880 2462.9
1389890 2462.9
1389900 2471.2
1389910 2475.5
1389920 2475.5
1389930 2478.1
1389940 2480.4
1389950 2480.4
1389960 2483.4
1389970 2487.9
1389980 2487.9
1389990 2491.1
1390000 2495.2
1390010 2502.2
1390020 2502.2
1390030 2509.8
1390040 2516.3
1390050 2516.3
1390060 2522.1
1390070 2527.1
1390080 2527.1
1390090 2529.9
1390100 2531.3
1390110 2531.3
1390120 2529.6
1390130 2528.3
1390140 2528.3
1390150 2526.4
1390160 2523.8
1390170 2523.8
1390180 2520.4
1390190 2517.2
1390200 2513.9
1390210 2513.9
1390220 2509.1
1390230 2506.3
1390240 2506.3
1390250 2501.2
1390260 2494.3
1390270 2494.3
1390280 2488.7
1390290 2486.3
1390300 2486.3
1390310 2483.1
1390320 2480.7
1390330 2480.7
1390340 2480.3
1390350 2478.8
1390360 2478.8
1390370 2478.0
1390380 2477.8
1390390 2478.2
1390400 2478.2
1390410 2480.3
1390420 2480.5
1390430 2480.5
1390440 2480.1
1390450 2480.3
1390460 2480.3
1390470 2480.9
1390480 2482.7
1390490 2482.7
1390500 2483.2
1390510 2482.9
1390520 2482.9
1390530 2485.0
1390540 2486.9
1390550 2486.9
1390560 2488.8
1390570 2491.3
1390580 2495.2
1390590 2495.2
1390600 2499.9
1390610 2503.8
1390620 2503.8
1390630 2503.6
1390640 2500.7
1390650 2500.7
1390660 2499.2
1390670 2500.0
1390680 2500.0
1390690 2503.7
1390700 2508.8
1390710 2508.8
1390720 2511.9
1390730 2512.9
1390740 2512.9
1390750 2512.9
1390760 2511.8
1390770 2509.6
1390780 2509.6
1390790 2509.1
1390800 2509.4
1390810 2509.4
1390820 2511.8
1390830 2515.4
1390840 2515.4
1390850 2518.5
1390860 2521.6
1390870 2521.6
1390880 2525.3
1390890 2529.5
1390900 2529.5
1390910 2534.8
1390920 2533.7
1390930 2533.7
1390940 2535.3
1390950 2539.7
1390960 2539.7
1390970 2540.9
1390980 2550.3
1390990 2555.7
1391000 2555.7
1391010 2563.2
1391020 2565.8
1391030 2565.8
1391040 2565.9
1391050 2564.4
1391060 2564.4
1391070 2562.0
1391080 2566.2
1391090 2566.2
1391100 2575.8
1391110 2588.1
1391120 2588.1
1391130 2603.3
1391140 2621.2
1391150 2621.2
1391160 2637.4
1391170 2645.7
1391180 2645.8
1391190 2645.8
1391200 2653.1
1391210 2664.2
1391220 2664.2
1391230 2668.7
1391240 2664.0
1391250 2664.0
1391260 2659.1
1391270 2651.9
1391280 2651.9
1391290 2643.2
1391300 2635.6
1391310 2635.6
1391320 2628.6
1391330 2622.1
1391340 2622.1
1391350 2617.0
1391360 2612.0
1391370 2607.9
1391380 2607.9
1391390 2604.8
1391400 2603.1
1391410 2603.1
1391420 2602.2
1391430 2598.3
1391440 2598.3
1391450 2592.9
1391460 2589.4
1391470 2589.4
1391480 2591.8
1391490 2594.4
1391500 2594.4
1391510 2592.5
1391520 2591.6
1391530 2591.6
1391540 2592.8
1391550 2594.7
1391560 2596.2
1391570 2596.2
1391580 2598.7
1391590 2602.8
1391600 2602.8
1391610 2608.1
1391620 2613.2
1391630 2613.2
1391640 2614.0
1391650 2612.5
1391660 2612.5
1391670 2610.0
1391680 2604.3
1391690 2604.3
1391700 2598.4
1391710 2593.5
1391720 2593.5
1391730 2589.1
1391740 2583.9
1391750 2577.5
1391760 2577.5
1391770 2570.8
1391780 2563.6
1391790 2563.6
1391800 2557.3
1391810 2551.3
1391820 2551.3
1391830 2548.2
1391840 2547.1
1391850 2547.1
1391860 2545.9
1391870 2544.0
1391880 2544.0
1391890 2542.4
1391900 2541.9
1391910 2541.9
1391920 2540.9
1391930 2537.9
1391940 2537.9
1391950 2538.0
1391960 2538.0
1391970 2540.5
1391980 2540.5
1391990 2543.5
1392000 2547.2
1392010 2547.2
1392020 2551.0
1392030 2554.6
1392040 2554.6
1392050 2557.5
1392060 2560.1
1392070 2560.1
1392080 2563.3
1392090 2567.2
1392100 2567.2
1392110 2571.4
1392120 2575.8
1392130 2575.8
1392140 2581.2
1392150 2587.1
1392160 2595.4
1392170 2595.4
1392180 2607.5
1392190 2619.1
1392200 2619.1
1392210 2626.0
1392220 2627.9
1392230 2627.9
1392240 2630.3
1392250 2630.1
1392260 2630.1
1392270 2631.0
1392280 2635.0
1392290 2635.0
1392300 2638.8
1392310 2639.2
1392320 2639.2
1392330 2639.5
1392340 2636.1
1392350 2626.7
1392360 2626.7
1392370 2629.1
1392380 2631.7
1392390 2631.7
1392400 2631.2
1392410 2629.1
1392420 2629.1
1392430 2626.0
1392440 2626.2
1392450 2626.2
1392460 2629.1
1392470 2629.9
1392480 2629.9
1392490 2630.9
1392500 2636.8
1392510 2636.8
1392520 2644.9
1392530 2641.8
1392540 2638.5
1392550 2638.5
1392560 2635.6
1392570 2632.2
1392580 2632.2
1392590 2632.3
1392600 2633.5
1392610 2633.5
1392620 2628.1
1392630 2617.9
1392640 2617.9
1392650 2605.4
1392660 2596.0
1392670 2596.0
1392680 2587.3
1392690 2576.9
1392700 2576.9
1392710 2565.2
1392720 2559.7
1392730 2555.6
1392740 2555.6
1392750 2553.2
1392760 2550.2
1392770 2550.2
1392780 2543.3
1392790 2538.0
1392800 2538.0
1392810 2533.0
1392820 2525.4
1392830 2525.4
1392840 2521.6
1392850 2519.1
1392860 2519.1
1392870 2516.5
1392880 2520.3
1392890 2520.3
1392900 2524.9
1392910 2529.4
1392920 2529.9
1392930 2529.9
1392940 2523.8
1392950 2529.2
1392960 2529.2
1392970 2537.6
1392980 2542.3
1392990 2542.3
1393000 2546.5
1393010 2548.3
1393020 2548.3
1393030 2557.8
1393040 2553.8
1393050 2553.8
1393060 2545.1
1393070 2542.4
1393080 2542.4
1393090 2547.3
1393100 2555.0
1393110 2555.0
1393120 2561.2
1393130 2563.2
1393140 2561.6
1393150 2561.6
1393160 2562.3
1393170 2565.0
1393180 2565.0
1393190 2564.2
1393200 2565.0
1393210 2565.0
1393220 2561.5
1393230 2554.8
1393240 2554.8
1393250 2548.9
1393260 2541.8
1393270 2541.8
1393280 2537.4
1393290 2542.2
1393300 2542.2
1393310 2551.2
1393320 2559.9
1393330 2566.8
1393340 2566.8
1393350 2575.7
1393360 2583.4
1393370 2583.4
1393380 2590.9
1393390 2599.9
1393400 2599.9
1393410 2608.9
1393420 2614.0
1393430 2614.0
1393440 2619.4
1393450 2619.4
1393460 2619.4
1393470 2613.7
1393480 2603.1
1393490 2603.1
1393500 2593.7
1393510 2594.6
1393520 2590.6
1393530 2590.6
1393540 2580.8
1393550 2573.2
1393560 2573.2
1393570 2572.5
1393580 2572.7
1393590 2572.7
1393600 2566.2
1393610 2558.2
1393620 2558.2
1393630 2539.5
1393640 2530.2
1393650 2530.2
1393660 2532.4
1393670 2537.1
1393680 2537.1
1393690 2550.9
1393700 2554.8
1393710 2549.1
1393720 2549.1
1393730 2536.2
1393740 2535.3
1393750 2535.3
1393760 2530.8
1393770 2530.1
1393780 2530.1
1393790 2528.2
1393800 2525.4
1393810 2525.4
1393820 2522.6
1393830 2527.1
1393840 2527.1
1393850 2534.0
1393860 2534.4
1393870 2534.4
1393880 2539.4
1393890 2546.0
1393900 2551.4
1393910 2551.4
1393920 2555.5
1393930 2559.6
1393940 2559.6
1393950 2558.4
1393960 2553.0
1393970 2553.0
1393980 2547.2
1393990 2542.4
1394000 2542.4
1394010 2539.1
1394020 2537.1
1394030 2537.1
1394040 2536.0
1394050 2535.4
1394060 2535.4
1394070 2535.6
1394080 2537.0
1394090 2537.0
1394100 2538.6
1394110 2540.2
1394120 2542.0
1394130 2542.0
1394140 2542.3
1394150 2539.0
1394160 2539.0
1394170 2535.4
1394180 2530.4
1394190 2530.4
1394200 2526.2
1394210 2522.3
1394220 2522.3
1394230 2519.3
1394240 2517.7
1394250 2517.7
1394260 2514.2
1394270 2508.1
1394280 2508.1
1394290 2504.0
1394300 2497.3
1394310 2493.4
1394320 2493.4
1394330 2491.1
1394340 2489.0
1394350 2489.0
1394360 2484.4
1394370 2479.1
1394380 2479.1
1394390 2474.3
1394400 2468.3
1394410 2468.3
1394420 2461.7
1394430 2454.8
1394440 2454.8
1394450 2447.8
1394460 2441.0
1394470 2441.0
1394480 2435.1
1394490 2430.9
1394500 2426.8
1394510 2426.8
1394520 2421.4
1394530 2416.3
1394540 2416.3
1394550 2411.3
1394560 2405.4
1394570 2405.4
1394580 2399.6
1394590 2394.8
1394600 2394.8
1394610 2390.4
1394620 2386.2
1394630 2386.2
1394640 2382.1
1394650 2377.9
1394660 2377.9
1394670 2373.1
1394680 2367.3
1394690 2360.5
1394700 2360.5
1394710 2355.0
1394720 2351.6
1394730 2351.6
1394740 2348.5
1394750 2343.3
1394760 2343.3
1394770 2337.7
1394780 2333.8
1394790 2333.8
1394800 2330.5
1394810 2326.5
1394820 2326.5
1394830 2323.0
1394840 2319.1
1394850 2319.1
1394860 2313.5
1394870 2307.1
1394880 2300.4
1394890 2300.4
1394900 2293.9
1394910 2287.8
1394920 2287.8
1394930 2282.7
1394940 2277.0
1394950 2277.0
1394960 2271.6
1394970 2265.4
1394980 2265.4
1394990 2258.3
1395000 2251.4
1395010 2251.4
1395020 2244.0
1395030 2236.7
1395040 2236.7
1395050 2230.2
1395060 2224.8
1395070 2224.8
1395080 2219.7
1395090 2215.5
1395100 2212.0
1395110 2212.0
1395120 2208.7
1395130 2205.9
1395140 2210.8
1395150 2205.8
1395160 2200.5
1395170 2200.5
1395180 2194.7
1395190 2189.9
1395200 2189.9
1395210 2185.8
1395220 2179.7
1395230 2179.7
1395240 2173.4
1395250 2169.1
1395260 2169.1
1395270 2165.0
1395280 2160.3
1395290 2154.9
1395300 2154.9
1395310 2149.8
1395320 2143.9
1395330 2143.9
1395340 2137.1
1395350 2131.6
1395360 2131.6
1395370 2126.8
1395380 2123.6
1395390 2123.6
1395400 2121.0
1395410 2117.3
1395420 2117.3
1395430 2113.4
1395440 2109.7
1395450 2109.7
1395460 2105.1
1395470 2099.5
1395480 2094.0
1395490 2094.0
1395500 2091.1
1395510 2090.6
1395520 2090.6
1395530 2089.4
1395540 2086.5
1395550 2086.5
1395560 2081.5
1395570 2078.4
1395580 2078.4
1395590 2075.2
1395600 2071.1
1395610 2071.1
1395620 2065.5
1395630 2059.7
1395640 2059.7
1395650 2054.4
1395660 2050.1
1395670 2046.4
1395680 2046.4
1395690 2042.9
1395700 2039.2
1395710 2039.2
1395720 2035.3
1395730 2031.0
1395740 2031.0
1395750 2026.1
1395760 2020.5
1395770 2020.5
1395780 2015.3
1395790 2011.5
1395800 2011.5
1395810 2008.5
1395820 2006.5
1395830 2006.5
1395840 2005.8
1395850 2006.0
1395860 2006.1
1395870 2006.1
1395880 2005.3
1395890 2003.8
1395900 2003.8
1395910 2002.2
1395920 2000.0
1395930 2000.0
1395940 1996.8
1395950 1993.4
1395960 1993.4
1395970 1989.6
1395980 1985.1
1395990 1985.1
1396000 1980.2
1396010 1974.2
1396020 1974.2
1396030 1968.0
1396040 1962.7
1396050 1956.6
1396060 1956.6
1396070 1949.2
1396080 1940.7
1396090 1940.7
1396100 1932.2
1396110 1924.3
1396120 1924.3
1396130 1917.1
1396140 1910.4
1396150 1910.4
1396160 1902.8
1396170 1894.9
1396180 1894.9
1396190 1887.9
1396200 1882.1
1396210 1882.1
1396220 1876.5
1396230 1870.8
1396240 1870.8
1396250 1863.4
1396260 1855.4
1396270 1849.0
1396280 1849.0
1396290 1843.9
1396300 1838.2
1396310 1838.2
1396320 1832.3
1396330 1826.2
1396340 1826.2
1396350 1820.9
1396360 1816.1
1396370 1816.1
1396380 1811.4
1396390 1807.3
1396400 1807.3
1396410 1803.4
1396420 1799.7
1396430 1799.7
1396440 1794.7
1396450 1788.7
1396460 1783.9
1396470 1783.9
1396480 1778.5
1396490 1773.1
1396500 1773.1
1396510 1769.3
1396520 1765.2
1396530 1765.2
1396540 1759.2
1396550 1752.1
1396560 1747.9
1396570 1743.0
1396580 1737.6
1396590 1737.6
1396600 1734.8
1396610 1732.7
1396620 1732.7
1396630 1729.1
1396640 1726.4
1396650 1722.3
1396660 1722.3
1396670 1717.5
1396680 1713.0
1396690 1713.0
1396700 1709.3
1396710 1705.1
1396720 1705.1
1396730 1699.5
1396740 1692.7
1396750 1692.7
1396760 1686.9
1396770 1681.3
1396780 1681.3
1396790 1676.0
1396800 1670.4
1396810 1670.4
1396820 1665.5
1396830 1660.7
1396840 1655.0
1396850 1655.0
1396860 1650.5
1396870 1650.0
1396880 1650.0
1396890 1648.1
1396900 1646.5
1396910 1646.5
1396920 1644.1
1396930 1640.1
1396940 1640.1
1396950 1637.9
1396960 1636.7
1396970 1636.7
1396980 1634.9
1396990 1633.0
1397000 1633.0
1397010 1631.0
1397020 1628.8
1397030 1626.3
1397040 1626.3
1397050 1623.4
1397060 1620.1
1397070 1620.1
1397080 1616.2
1397090 1612.8
1397100 1612.8
1397110 1609.3
1397120 1604.6
1397130 1604.6
1397140 1599.2
1397150 1594.6
1397160 1594.6
1397170 1591.3
1397180 1587.1
1397190 1587.1
1397200 1582.3
1397210 1578.2
1397220 1578.2
1397230 1573.0
1397240 1567.6
1397250 1562.6
1397260 1562.6
1397270 1558.8
1397280 1557.4
1397290 1557.4
1397300 1555.6
1397310 1549.1
1397320 1549.1
1397330 1540.3
1397340 1529.9
1397350 1529.9
1397360 1520.1
1397370 1512.0
1397380 1512.0
1397390 1506.5
1397400 1500.0
1397410 1500.0
1397420 1491.7
1397430 1480.9
1397440 1468.8
1397450 1468.8
1397460 1460.3
1397470 1452.5
1397480 1452.5
1397490 1440.7
1397500 1432.9
1397510 1432.9
1397520 1427.5
1397530 1421.0
1397540 1421.0
1397550 1413.8
1397560 1406.6
1397570 1406.6
1397580 1399.4
1397590 1392.6
1397600 1392.6
1397610 1385.7
1397620 1379.1
1397630 1372.9
1397640 1372.9
1397650 1367.0
1397660 1361.3
1397670 1361.3
1397680 1355.8
1397690 1350.3
1397700 1350.3
1397710 1345.0
1397720 1339.7
1397730 1339.7
1397740 1335.2
1397750 1331.5
1397760 1331.5
1397770 1328.6
1397780 1326.1
1397790 1326.1
1397800 1322.3
1397810 1316.1
1397820 1309.2
1397830 1309.2
1397840 1303.1
1397850 1296.6
1397860 1296.6
1397870 1290.2
1397880 1282.9
1397890 1282.9
1397900 1272.5
1397910 1263.2
1397920 1263.2
1397930 1254.9
1397940 1245.8
1397950 1245.8
1397960 1240.3
1397970 1236.6
1397980 1236.6
1397990 1232.3
1398000 1226.7
1398010 1227.2
1398020 1227.2
1398030 1221.3
1398040 1215.4
1398050 1215.4
1398060 1210.7
1398070 1207.6
1398080 1207.6
1398090 1204.9
1398100 1201.8
1398110 1201.8
1398120 1198.6
1398130 1195.2
1398140 1195.2
1398150 1191.5
1398160 1187.2
1398170 1187.2
1398180 1183.7
1398190 1180.8
1398200 1178.0
1398210 1178.0
1398220 1174.7
1398230 1171.2
1398240 1171.2
1398250 1167.6
1398260 1163.6
1398270 1163.6
1398280 1158.7
1398290 1153.3
1398300 1153.3
1398310 1149.1
1398320 1144.4
1398330 1144.4
1398340 1138.9
1398350 1133.1
1398360 1133.1
1398370 1127.0
1398380 1118.6
1398390 1118.6
1398400 1109.6
1398410 1103.3
1398420 1097.5
1398430 1097.5
1398440 1092.2
1398450 1086.7
1398460 1086.7
1398470 1082.5
1398480 1078.8
1398490 1078.8
1398500 1074.7
1398510 1069.2
1398520 1069.2
1398530 1061.1
1398540 1052.5
1398550 1052.5
1398560 1044.0
1398570 1035.8
1398580 1035.8
1398590 1027.7
1398600 1020.8
1398610 1015.5
1398620 1015.5
1398630 1011.5
1398640 1007.0
1398650 1007.0
1398660 998.9
1398670 991.7
1398680 991.7
1398690 985.9
1398700 979.7
1398710 979.7
1398720 974.4
1398730 970.3
1398740 970.3
1398750 967.0
1398760 964.5
1398770 964.5
1398780 962.8
1398790 957.5
1398800 951.0
1398810 951.0
1398820 947.6
1398830 943.2
1398840 943.2
1398850 936.5
1398860 928.6
1398870 928.6
1398880 921.1
1398890 915.1
1398900 915.1
1398910 909.3
1398920 903.9
1398930 903.9
1398940 898.0
1398950 891.2
1398960 891.2
1398970 882.5
1398980 870.6
1398990 861.6
1399000 861.6
1399010 852.7
1399020 845.1
1399030 845.1
1399040 842.3
1399050 841.8
1399060 841.8
1399070 841.9
1399080 842.6
1399090 842.6
1399100 842.1
1399110 841.1
1399120 841.1
1399130 837.8
1399140 834.0
1399150 834.0
1399160 831.0
1399170 830.6
1399180 832.5
1399190 832.5
1399200 832.3
1399210 831.4
1399220 831.4
1399230 830.0
1399240 830.4
1399250 830.4
1399260 830.6
1399270 830.7
1399280 830.7
1399290 833.2
1399300 833.6
1399310 833.6
1399320 832.4
1399330 832.9
1399340 832.9
1399350 833.2
1399360 833.6
1399370 833.6
1399380 833.8
1399390 833.9
1399400 833.9
1399410 833.9
1399420 833.5
1399430 833.2
1399440 833.2
1399450 833.5
1399460 834.0
1399470 834.0
1399480 834.2
1399490 837.1
1399500 837.1
1399510 837.5
1399520 837.5
1399530 837.5
1399540 837.0
1399550 837.2
1399560 837.2
1399570 838.2
1399580 839.2
1399590 842.1
1399600 842.1
1399610 844.8
1399620 847.9
1399630 847.9
1399640 851.3
1399650 855.0
1399660 855.0
1399670 859.3
1399680 865.3
1399690 865.3
1399700 872.4
1399710 880.0
1399720 880.0
1399730 887.5
1399740 895.2
1399750 895.2
1399760 903.0
1399770 911.3
1399780 921.3
1399790 921.3
1399800 929.6
1399810 937.2
1399820 937.2
1399830 945.5
1399840 956.2
1399850 956.2
1399860 969.9
1399870 980.7
1399880 980.7
1399890 989.6
1399900 995.9
1399910 995.9
1399920 1000.9
1399930 1005.7
1399940 1005.7
1399950 1012.8
1399960 1019.4
1399970 1025.1
1399980 1025.1
1399990 1031.0
1380000 2424.3
1380010 2425.1
1380020 2423.3
1380030 2423.3
1380040 2420.3
1380050 2418.5
1380060 2418.5
1380070 2417.3
1380080 2415.9
1380090 2415.9
1380100 2413.7
1380110 2410.9
1380120 2410.9
1380130 2408.6
1380140 2407.0
1380150 2407.0
1380160 2405.7
1380170 2404.4
1380180 2404.4
1380190 2403.3
1380200 2403.1
1380210 2403.7
1380220 2403.7
1380230 2404.0
1380240 2404.9
1380250 2404.9
1380260 2406.2
1380270 2407.4
1380280 2407.4
1380290 2409.9
1380300 2413.0
1380310 2413.0
1380320 2416.0
1380330 2418.5
1380340 2418.5
1380350 2421.2
1380360 2424.3
1380370 2424.3
1380380 2426.5
1380390 2429.1
1380400 2432.4
1380410 2432.4
1380420 2436.0
1380430 2440.6
1380440 2440.6
1380450 2445.7
1380460 2450.8
1380470 2450.8
1380480 2455.1
1380490 2458.2
1380500 2458.2
1380510 2458.3
1380520 2457.9
1380530 2457.9
1380540 2463.1
1380550 2469.9
1380560 2469.9
1380570 2475.3
1380580 2478.7
1380590 2481.9
1380600 2481.9
1380610 2484.9
1380620 2487.2
1380630 2487.2
1380640 2489.1
1380650 2490.5
1380660 2490.5
1380670 2490.7
1380680 2488.8
1380690 2488.8
1380700 2491.0
1380710 2496.5
1380720 2496.5
1380730 2496.3
1380740 2501.4
1380750 2501.4
1380760 2506.2
1380770 2510.5
1380780 2510.5
1380790 2514.8
1380800 2519.8
1380810 2524.5
1380820 2524.5
1380830 2528.6
1380840 2531.7
1380850 2531.7
1380860 2532.4
1380870 2531.9
1380880 2531.9
1380890 2530.2
1380900 2528.3
1380910 2528.3
1380920 2526.8
1380930 2526.0
1380940 2526.0
1380950 2526.4
1380960 2526.8
1380970 2526.8
1380980 2527.5
1380990 2528.8
1381000 2530.2
1381010 2530.2
1381020 2530.6
1381030 2530.6
1381040 2530.6
1381050 2529.9
1381060 2528.5
1381070 2528.5
1381080 2526.0
1381090 2522.4
1381100 2522.4
1381110 2518.4
1381120 2514.2
1381130 2514.2
1381140 2509.9
1381150 2505.4
1381160 2505.4
1381170 2501.0
1381180 2495.8
1381190 2489.0
1381200 2489.0
1381210 2483.8
1381220 2479.5
1381230 2479.5
1381240 2475.2
1381250 2470.5
1381260 2470.5
1381270 2465.6
1381280 2461.5
1381290 2461.5
1381300 2458.1
1381310 2455.5
1381320 2455.5
1381330 2453.9
1381340 2453.9
1381350 2453.9
1381360 2453.6
1381370 2454.3
1381380 2458.2
1381390 2458.2
1381400 2461.2
1381410 2462.7
1381420 2462.7
1381430 2463.7
1381440 2463.7
1381450 2463.7
1381460 2462.6
1381470 2460.4
1381480 2460.4
1381490 2456.9
1381500 2453.8
1381510 2453.8
1381520 2451.5
1381530 2449.8
1381540 2449.8
1381550 2448.8
1381560 2446.8
1381570 2443.6
1381580 2443.6
1381590 2441.0
1381600 2440.8
1381610 2440.8
1381620 2441.4
1381630 2443.0
1381640 2443.0
1381650 2443.4
1381660 2442.1
1381670 2442.1
1381680 2440.1
1381690 2438.4
1381700 2438.4
1381710 2437.7
1381720 2438.7
1381730 2438.7
1381740 2439.3
1381750 2439.1
1381760 2439.1
1381770 2439.2
1381780 2438.9
1381790 2438.1
1381800 2438.1
1381810 2437.0
1381820 2436.2
1381830 2436.2
1381840 2435.7
1381850 2436.1
1381860 2436.1
1381870 2436.8
1381880 2437.8
1381890 2437.8
1381900 2438.9
1381910 2440.4
1381920 2440.4
1381930 2442.3
1381940 2444.0
1381950 2444.0
1381960 2439.2
1381970 2440.5
1381980 2441.5
1381990 2441.5
1382000 2441.3
1382010 2441.1
1382020 2441.1
1382030 2441.3
1382040 2442.7
1382050 2442.7
1382060 2444.7
1382070 2446.7
1382080 2446.7
1382090 2447.4
1382100 2446.4
1382110 2446.4
1382120 2444.2
1382130 2441.5
1382140 2441.5
1382150 2440.6
1382160 2440.6
1382170 2441.1
1382180 2441.1
1382190 2442.7
1382200 2444.7
1382210 2444.7
1382220 2448.0
1382230 2451.3
1382240 2451.3
1382250 2454.8
1382260 2458.1
1382270 2458.1
1382280 2461.1
1382290 2465.0
1382300 2465.0
1382310 2469.4
1382320 2474.1
1382330 2474.1
1382340 2478.5
1382350 2482.8
1382360 2487.1
1382370 2487.1
1382380 2491.2
1382390 2493.7
1382400 2493.7
1382410 2492.9
1382420 2490.4
1382430 2490.4
1382440 2487.6
1382450 2483.3
1382460 2483.3
1382470 2478.4
1382480 2474.4
1382490 2474.4
1382500 2470.8
1382510 2467.1
1382520 2467.1
1382530 2463.3
1382540 2461.0
1382550 2458.4
1382560 2458.4
1382570 2455.2
1382580 2451.4
1382590 2451.4
1382600 2446.5
1382610 2440.5
1382620 2440.5
1382630 2433.2
1382640 2427.5
1382650 2427.5
1382660 2424.2
1382670 2420.4
1382680 2420.4
1382690 2417.1
1382700 2415.3
1382710 2415.3
1382720 2413.6
1382730 2412.1
1382740 2412.1
1382750 2408.7
1382760 2407.8
1382770 2409.5
1382780 2409.5
1382790 2408.0
1382800 2406.0
1382810 2406.0
1382820 2404.3
1382830 2402.6
1382840 2402.6
1382850 2401.0
1382860 2399.5
1382870 2399.5
1382880 2397.9
1382890 2396.7
1382900 2396.7
1382910 2395.3
1382920 2393.7
1382930 2393.7
1382940 2392.4
1382950 2390.5
1382960 2389.2
1382970 2389.2
1382980 2388.1
1382990 2387.5
1383000 2387.5
1383010 2387.2
1383020 2386.5
1383030 2386.5
1383040 2385.3
1383050 2384.0
1383060 2384.0
1383070 2382.7
1383080 2381.4
1383090 2381.4
1383100 2377.7
1383110 2371.6
1383120 2371.6
1383130 2368.4
1383140 2374.1
1383150 2377.3
1383160 2377.3
1383170 2376.7
1383180 2380.2
1383190 2380.2
1383200 2377.4
1383210 2378.8
1383220 2378.8
1383230 2379.9
1383240 2380.7
1383250 2380.7
1383260 2381.1
1383270 2381.9
1383280 2381.9
1383290 2382.1
1383300 2381.5
1383310 2381.5
1383320 2380.9
1383330 2380.1
1383340 2379.7
1383350 2379.7
1383360 2379.3
1383370 2379.5
1383380 2379.5
1383390 2380.3
1383400 2381.2
1383410 2381.2
1383420 2382.3
1383430 2382.8
1383440 2382.8
1383450 2383.6
1383460 2385.7
1383470 2385.7
1383480 2388.2
1383490 2390.8
1383500 2390.8
1383510 2392.4
1383520 2392.5
1383530 2391.7
1383540 2391.7
1383550 2391.0
1383560 2390.5
1383570 2390.5
1383580 2390.5
1383590 2390.0
1383600 2390.0
1383610 2388.5
1383620 2386.8
1383630 2386.8
1383640 2385.9
1383650 2384.8
1383660 2384.8
1383670 2383.8
1383680 2383.2
1383690 2383.2
1383700 2382.0
1383710 2380.2
1383720 2380.2
1383730 2378.9
1383740 2373.8
1383750 2364.0
1383760 2364.0
1383770 2361.8
1383780 2366.5
1383790 2366.5
1383800 2370.9
1383810 2373.6
1383820 2373.6
1383830 2375.0
1383840 2376.9
1383850 2376.9
1383860 2378.4
1383870 2379.7
1383880 2379.7
1383890 2380.9
1383900 2382.3
1383910 2382.3
1383920 2385.8
1383930 2390.2
1383940 2393.1
1383950 2393.1
1383960 2391.7
1383970 2385.2
1383980 2385.2
1383990 2378.2
1384000 2372.1
1384010 2372.1
1384020 2366.7
1384030 2365.0
1384040 2365.0
1384050 2367.4
1384060 2369.2
1384070 2369.2
1384080 2369.7
1384090 2370.5
1384100 2370.5
1384110 2370.7
1384120 2371.4
1384130 2376.2
1384140 2376.2
1384150 2384.4
1384160 2392.9
1384170 2392.9
1384180 2402.5
1384190 2411.6
1384200 2411.6
1384210 2419.5
1384220 2427.0
1384230 2427.0
1384240 2433.6
1384250 2437.9
1384260 2437.9
1384270 2437.1
1384280 2433.5
1384290 2433.5
1384300 2432.4
1384310 2433.1
1384320 2434.9
1384330 2434.9
1384340 2436.9
1384350 2436.6
1384360 2436.6
1384370 2431.2
1384380 2427.4
1384390 2427.4
1384400 2421.8
1384410 2418.7
1384420 2418.7
1384430 2417.6
1384440 2420.2
1384450 2412.0
1384460 2414.4
1384470 2417.8
1384480 2417.8
1384490 2421.1
1384500 2423.5
1384510 2425.7
1384520 2425.7
1384530 2428.6
1384540 2432.1
1384550 2432.1
1384560 2436.6
1384570 2443.0
1384580 2443.0
1384590 2451.0
1384600 2458.0
1384610 2458.0
1384620 2458.5
1384630 2452.3
1384640 2452.3
1384650 2443.8
1384660 2432.8
1384670 2432.8
1384680 2421.7
1384690 2409.5
1384700 2409.5
1384710 2399.4
1384720 2388.5
1384730 2376.5
1384740 2376.5
1384750 2367.5
1384760 2360.5
1384770 2360.5
1384780 2354.3
1384790 2347.6
1384800 2347.6
1384810 2340.0
1384820 2331.6
1384830 2331.6
1384840 2325.2
1384850 2319.4
1384860 2319.4
1384870 2313.7
1384880 2309.0
1384890 2309.0
1384900 2304.5
1384910 2300.4
1384920 2296.7
1384930 2296.7
1384940 2292.7
1384950 2287.3
1384960 2287.3
1384970 2281.8
1384980 2276.5
1384990 2276.5
1385000 2271.5
1385010 2266.0
1385020 2266.0
1385030 2260.6
1385040 2256.0
1385050 2256.0
1385060 2251.1
1385070 2246.4
1385080 2246.4
1385090 2241.8
1385100 2237.6
1385110 2233.2
1385120 2233.2
1385130 2229.9
1385140 2223.6
1385150 2223.6
1385160 2223.5
1385170 2222.4
1385180 2222.4
1385190 2223.7
1385200 2225.3
1385210 2225.3
1385220 2226.5
1385230 2227.5
1385240 2227.5
1385250 2227.4
1385260 2230.8
1385270 2230.8
1385280 2234.8
1385290 2237.2
1385300 2239.6
1385310 2239.6
1385320 2244.2
1385330 2248.4
1385340 2248.4
1385350 2247.9
1385360 2249.3
1385370 2249.3
1385380 2253.0
1385390 2257.0
1385400 2257.0
1385410 2260.9
1385420 2264.3
1385430 2264.3
1385440 2266.7
1385450 2267.8
1385460 2267.8
1385470 2267.5
1385480 2268.4
1385490 2274.2
1385500 2274.2
1385510 2280.2
1385520 2287.1
1385530 2287.1
1385540 2293.7
1385550 2300.4
1385560 2300.4
1385570 2307.4
1385580 2314.1
1385590 2314.1
1385600 2320.9
1385610 2326.9
1385620 2326.9
1385630 2331.2
1385640 2335.9
1385650 2335.9
1385660 2340.7
1385670 2345.2
1385680 2347.0
1385690 2347.0
1385700 2337.3
1385710 2330.3
1385720 2325.6
1385730 2321.1
1385740 2319.3
1385750 2319.3
1385760 2316.7
1385770 2313.4
1385780 2313.4
1385790 2311.4
1385800 2306.6
1385810 2306.6
1385820 2299.9
1385830 2291.9
1385840 2291.9
1385850 2283.5
1385860 2275.1
1385870 2275.1
1385880 2266.6
1385890 2259.1
1385900 2251.7
1385910 2251.7
1385920 2245.6
1385930 2239.9
1385940 2239.9
1385950 2234.5
1385960 2230.4
1385970 2230.4
1385980 2228.3
1385990 2226.4
1386000 2226.4
1386010 2225.6
1386020 2223.8
1386030 2223.8
1386040 2221.7
1386050 2222.8
1386060 2222.8
1386070 2225.1
1386080 2224.1
1386090 2218.2
1386100 2218.2
1386110 2208.8
1386120 2210.5
1386130 2210.5
1386140 2213.1
1386150 2220.8
1386160 2220.8
1386170 2227.0
1386180 2231.3
1386190 2231.3
1386200 2236.2
1386210 2241.7
1386220 2241.7
1386230 2246.2
1386240 2250.7
1386250 2250.7
1386260 2256.0
1386270 2262.2
1386280 2265.3
1386290 2265.3
1386300 2253.7
1386310 2245.0
1386320 2245.0
1386330 2246.5
1386340 2253.0
1386350 2253.0
1386360 2258.4
1386370 2255.7
1386380 2255.7
1386390 2251.8
1386400 2250.9
1386410 2250.9
1386420 2253.4
1386430 2257.4
1386440 2257.4
1386450 2256.0
1386460 2256.7
1386470 2257.8
1386480 2257.8
1386490 2259.4
1386500 2261.3
1386510 2261.3
1386520 2268.2
1386530 2276.0
1386540 2276.0
1386550 2279.9
1386560 2290.6
1386570 2290.6
1386580 2294.9
1386590 2299.0
1386600 2299.0
1386610 2302.8
1386620 2300.8
1386630 2300.8
1386640 2294.9
1386650 2288.8
1386660 2282.5
1386670 2282.5
1386680 2274.8
1386690 2267.1
1386700 2267.1
1386710 2264.4
1386720 2265.4
1386730 2265.4
1386740 2264.6
1386750 2263.3
1386760 2263.3
1386770 2260.5
1386780 2254.1
1386790 2254.1
1386800 2248.1
1386810 2251.0
1386820 2251.0
1386830 2254.0
1386840 2255.8
1386850 2255.8
1386860 2257.3
1386870 2258.0
1386880 2259.0
1386890 2259.0
1386900 2258.4
1386910 2257.6
1386920 2257.6
1386930 2256.5
1386940 2258.2
1386950 2258.2
1386960 2258.6
1386970 2265.9
1386980 2265.9
1386990 2274.0
1387000 2281.8
1387010 2276.2
1387020 2283.1
1387030 2290.1
1387040 2290.1
1387050 2297.3
1387060 2304.4
1387070 2311.7
1387080 2311.7
1387090 2318.9
1387100 2326.0
1387110 2326.0
1387120 2333.1
1387130 2340.0
1387140 2340.0
1387150 2346.9
1387160 2348.3
1387170 2348.3
1387180 2350.9
1387190 2353.2
1387200 2353.2
1387210 2354.2
1387220 2355.1
1387230 2355.1
1387240 2356.1
1387250 2361.0
1387260 2367.5
1387270 2367.5
1387280 2374.2
1387290 2380.0
1387300 2380.0
1387310 2385.1
1387320 2390.0
1387330 2390.0
1387340 2391.8
1387350 2390.9
1387360 2390.9
1387370 2390.8
1387380 2390.2
1387390 2390.2
1387400 2392.2
1387410 2397.0
1387420 2397.0
1387430 2403.1
1387440 2406.3
1387450 2402.6
1387460 2402.6
1387470 2395.2
1387480 2386.1
1387490 2386.1
1387500 2378.1
1387510 2370.6
1387520 2370.6
1387530 2361.8
1387540 2352.9
1387550 2352.9
1387560 2345.6
1387570 2337.8
1387580 2337.8
1387590 2329.0
1387600 2319.9
1387610 2319.9
1387620 2311.6
1387630 2303.0
1387640 2295.8
1387650 2295.8
1387660 2288.7
1387670 2281.5
1387680 2281.5
1387690 2274.9
1387700 2267.7
1387710 2267.7
1387720 2260.1
1387730 2253.0
1387740 2253.0
1387750 2245.5
1387760 2237.2
1387770 2237.2
1387780 2227.5
1387790 2216.4
1387800 2216.4
1387810 2204.8
1387820 2196.6
1387830 2196.6
1387840 2206.0
1387850 2215.7
1387860 2213.3
1387870 2213.3
1387880 2209.3
1387890 2204.2
1387900 2204.2
1387910 2203.9
1387920 2208.0
1387930 2208.0
1387940 2209.1
1387950 2206.7
1387960 2206.7
1387970 2200.9
1387980 2193.2
1387990 2193.2
1388000 2185.3
1388010 2176.9
1388020 2176.9
1388030 2166.0
1388040 2157.3
1388050 2155.4
1388060 2155.4
1388070 2161.2
1388080 2166.1
1388090 2166.1
1388100 2166.5
1388110 2165.3
1388120 2165.3
1388130 2160.0
1388140 2151.0
1388150 2151.0
1388160 2140.8
1388170 2133.9
1388180 2133.9
1388190 2137.0
1388200 2139.6
1388210 2139.6
1388220 2146.1
1388230 2148.5
1388240 2142.3
1388250 2142.3
1388260 2135.8
1388270 2134.8
1388280 2134.8
1388290 2145.2
1388300 2159.6
1388310 2159.6
1388320 2170.1
1388330 2178.7
1388340 2178.7
1388350 2182.0
1388360 2176.9
1388370 2176.9
1388380 2171.4
1388390 2173.6
1388400 2173.6
1388410 2181.8
1388420 2183.7
1388430 2179.4
1388440 2179.4
1388450 2174.0
1388460 2169.6
1388470 2169.6
1388480 2173.1
1388490 2167.2
1388500 2167.2
1388510 2161.2
1388520 2164.5
1388530 2164.5
1388540 2173.2
1388550 2183.4
1388560 2183.4
1388570 2194.6
1388580 2208.1
1388590 2208.1
1388600 2216.8
1388610 2224.3
1388620 2231.6
1388630 2231.6
1388640 2239.3
1388650 2247.4
1388660 2247.4
1388670 2255.4
1388680 2263.6
1388690 2263.6
1388700 2271.5
1388710 2279.2
1388720 2279.2
1388730 2286.8
1388740 2295.2
1388750 2295.2
1388760 2301.1
1388770 2303.0
1388780 2303.0
1388790 2302.5
1388800 2304.5
1388810 2304.5
1388820 2308.1
1388830 2309.8
1388840 2307.9
1388850 2307.9
1388860 2304.1
1388870 2299.7
1388880 2299.7
1388890 2297.1
1388900 2294.7
1388910 2294.7
1388920 2289.3
1388930 2288.5
1388940 2288.5
1388950 2293.0
1388960 2298.2
1388970 2298.2
1388980 2303.2
1388990 2306.6
1389000 2306.6
1389010 2308.4
1389020 2308.4
1389030 2306.8
1389040 2306.8
1389050 2302.8
1389060 2299.4
1389070 2299.4
1389080 2294.9
1389090 2291.6
1389100 2291.6
1389110 2297.0
1389120 2304.8
1389130 2304.8
1389140 2311.6
1389150 2317.0
1389160 2317.0
1389170 2322.1
1389180 2328.1
1389190 2328.1
1389200 2334.2
1389210 2340.3
1389220 2347.2
1389230 2347.2
1389240 2354.4
1389250 2359.9
1389260 2359.9
1389270 2361.9
1389280 2363.5
1389290 2363.5
1389300 2362.2
1389310 2363.5
1389320 2363.5
1389330 2364.5
1389340 2366.1
1389350 2366.1
1389360 2366.6
1389370 2364.9
1389380 2364.9
1389390 2364.4
1389400 2365.1
1389410 2365.8
1389420 2365.8
1389430 2368.6
1389440 2369.4
1389450 2369.4
1389460 2368.6
1389470 2368.5
1389480 2368.5
1389490 2368.7
1389500 2367.9
1389510 2367.9
1389520 2369.7
1389530 2374.3
1389540 2374.3
1389550 2377.8
1389560 2379.1
1389570 2379.1
1389580 2379.8
1389590 2380.6
1389600 2383.4
1389610 2383.4
1389620 2389.7
1389630 2397.6
1389640 2393.4
1389650 2397.0
1389660 2398.0
1389670 2398.0
1389680 2397.7
1389690 2396.7
1389700 2396.7
1389710 2396.4
1389720 2400.2
1389730 2400.2
1389740 2406.8
1389750 2408.9
1389760 2408.9
1389770 2410.1
1389780 2414.4
1389790 2423.4
1389800 2423.4
1389810 2428.5
1389820 2431.6
1389830 2431.6
1389840 2437.4
1389850 2445.2
1389860 2445.2
1389870 2454.1
1389880 2462.9
1389890 2462.9
1389900 2471.2
1389910 2475.5
1389920 2475.5
1389930 2478.1
1389940 2480.4
1389950 2480.4
1389960 2483.4
1389970 2487.9
1389980 2487.9
1389990 2491.1
1390000 2495.2
1390010 2502.2
1390020 2502.2
1390030 2509.8
1390040 2516.3
1390050 2516.3
1390060 2522.1
1390070 2527.1
1390080 2527.1
1390090 2529.9
1390100 2531.3
1390110 2531.3
1390120 2529.6
1390130 2528.3
1390140 2528.3
1390150 2526.4
1390160 2523.8
1390170 2523.8
1390180 2520.4
1390190 2517.2
1390200 2513.9
1390210 2513.9
1390220 2509.1
1390230 2506.3
1390240 2506.3
1390250 2501.2
1390260 2494.3
1390270 2494.3
1390280 2488.7
1390290 2486.3
1390300 2486.3
1390310 2483.1
1390320 2480.7
1390330 2480.7
1390340 2480.3
1390350 2478.8
1390360 2478.8
1390370 2478.0
1390380 2477.8
1390390 2478.2
1390400 2478.2
1390410 2480.3
1390420 2480.5
1390430 2480.5
1390440 2480.1
1390450 2480.3
1390460 2480.3
1390470 2480.9
1390480 2482.7
1390490 2482.7
1390500 2483.2
1390510 2482.9
1390520 2482.9
1390530 2485.0
1390540 2486.9
1390550 2486.9
1390560 2488.8
1390570 2491.3
1390580 2495.2
1390590 2495.2
1390600 2499.9
1390610 2503.8
1390620 2503.8
1390630 2503.6
1390640 2500.7
1390650 2500.7
1390660 2499.2
1390670 2500.0
1390680 2500.0
1390690 2503.7
1390700 2508.8
1390710 2508.8
1390720 2511.9
1390730 2512.9
1390740 2512.9
1390750 2512.9
1390760 2511.8
1390770 2509.6
1390780 2509.6
1390790 2509.1
1390800 2509.4
1390810 2509.4
1390820 2511.8
1390830 2515.4
1390840 2515.4
1390850 2518.5
1390860 2521.6
1390870 2521.6
1390880 2525.3
1390890 2529.5
1390900 2529.5
1390910 2534.8
1390920 2533.7
1390930 2533.7
1390940 2535.3
1390950 2539.7
1390960 2539.7
1390970 2540.9
1390980 2550.3
1390990 2555.7
1391000 2555.7
1391010 2563.2
1391020 2565.8
1391030 2565.8
1391040 2565.9
1391050 2564.4
1391060 2564.4
1391070 2562.0
1391080 2566.2
1391090 2566.2
1391100 2575.8
1391110 2588.1
1391120 2588.1
1391130 2603.3
1391140 2621.2
1391150 2621.2
1391160 2637.4
1391170 2645.7
1391180 2645.8
1391190 2645.8
1391200 2653.1
1391210 2664.2
1391220 2664.2
1391230 2668.7
1391240 2664.0
1391250 2664.0
1391260 2659.1
1391270 2651.9
1391280 2651.9
1391290 2643.2
1391300 2635.6
1391310 2635.6
1391320 2628.6
1391330 2622.1
1391340 2622.1
1391350 2617.0
1391360 2612.0
1391370 2607.9
1391380 2607.9
1391390 2604.8
1391400 2603.1
1391410 2603.1
1391420 2602.2
1391430 2598.3
1391440 2598.3
1391450 2592.9
1391460 2589.4
1391470 2589.4
1391480 2591.8
1391490 2594.4
1391500 2594.4
1391510 2592.5
1391520 2591.6
1391530 2591.6
1391540 2592.8
1391550 2594.7
1391560 2596.2
1391570 2596.2
1391580 2598.7
1391590 2602.8
1391600 2602.8
1391610 2608.1
1391620 2613.2
1391630 2613.2
1391640 2614.0
1391650 2612.5
1391660 2612.5
1391670 2610.0
1391680 2604.3
1391690 2604.3
1391700 2598.4
1391710 2593.5
1391720 2593.5
1391730 2589.1
1391740 2583.9
1391750 2577.5
1391760 2577.5
1391770 2570.8
1391780 2563.6
1391790 2563.6
1391800 2557.3
1391810 2551.3
1391820 2551.3
1391830 2548.2
1391840 2547.1
1391850 2547.1
1391860 2545.9
1391870 2544.0
1391880 2544.0
1391890 2542.4
1391900 2541.9
1391910 2541.9
1391920 2540.9
1391930 2537.9
1391940 2537.9
1391950 2538.0
1391960 2538.0
1391970 2540.5
1391980 2540.5
1391990 2543.5
1392000 2547.2
1392010 2547.2
1392020 2551.0
1392030 2554.6
1392040 2554.6
1392050 2557.5
1392060 2560.1
1392070 2560.1
1392080 2563.3
1392090 2567.2
1392100 2567.2
1392110 2571.4
1392120 2575.8
1392130 2575.8
1392140 2581.2
1392150 2587.1
1392160 2595.4
1392170 2595.4
1392180 2607.5
1392190 2619.1
1392200 2619.1
1392210 2626.0
1392220 2627.9
1392230 2627.9
1392240 2630.3
1392250 2630.1
1392260 2630.1
1392270 2631.0
1392280 2635.0
1392290 2635.0
1392300 2638.8
1392310 2639.2
1392320 2639.2
1392330 2639.5
1392340 2636.1
1392350 2626.7
1392360 2626.7
1392370 2629.1
1392380 2631.7
1392390 2631.7
1392400 2631.2
1392410 2629.1
1392420 2629.1
1392430 2626.0
1392440 2626.2
1392450 2626.2
1392460 2629.1
1392470 2629.9
1392480 2629.9
1392490 2630.9
1392500 2636.8
1392510 2636.8
1392520 2644.9
1392530 2641.8
1392540 2638.5
1392550 2638.5
1392560 2635.6
1392570 2632.2
1392580 2632.2
1392590 2632.3
1392600 2633.5
1392610 2633.5
1392620 2628.1
1392630 2617.9
1392640 2617.9
1392650 2605.4
1392660 2596.0
1392670 2596.0
1392680 2587.3
1392690 2576.9
1392700 2576.9
1392710 2565.2
1392720 2559.7
1392730 2555.6
1392740 2555.6
1392750 2553.2
1392760 2550.2
1392770 2550.2
1392780 2543.3
1392790 2538.0
1392800 2538.0
1392810 2533.0
1392820 2525.4
1392830 2525.4
1392840 2521.6
1392850 2519.1
1392860 2519.1
1392870 2516.5
1392880 2520.3
1392890 2520.3
1392900 2524.9
1392910 2529.4
1392920 2529.9
1392930 2529.9
1392940 2523.8
1392950 2529.2
1392960 2529.2
1392970 2537.6
1392980 2542.3
1392990 2542.3
1393000 2546.5
1393010 2548.3
1393020 2548.3
1393030 2557.8
1393040 2553.8
1393050 2553.8
1393060 2545.1
1393070 2542.4
1393080 2542.4
1393090 2547.3
1393100 2555.0
1393110 2555.0
1393120 2561.2
1393130 2563.2
1393140 2561.6
1393150 2561.6
1393160 2562.3
1393170 2565.0
1393180 2565.0
1393190 2564.2
1393200 2565.0
1393210 2565.0
1393220 2561.5
1393230 2554.8
1393240 2554.8
1393250 2548.9
1393260 2541.8
1393270 2541.8
1393280 2537.4
1393290 2542.2
1393300 2542.2
1393310 2551.2
1393320 2559.9
1393330 2566.8
1393340 2566.8
1393350 2575.7
1393360 2583.4
1393370 2583.4
1393380 2590.9
1393390 2599.9
1393400 2599.9
1393410 2608.9
1393420 2614.0
1393430 2614.0
1393440 2619.4
1393450 2619.4
1393460 2619.4
1393470 2613.7
1393480 2603.1
1393490 2603.1
1393500 2593.7
1393510 2594.6
1393520 2590.6
1393530 2590.6
1393540 2580.8
1393550 2573.2
1393560 2573.2
1393570 2572.5
1393580 2572.7
1393590 2572.7
1393600 2566.2
1393610 2558.2
1393620 2558.2
1393630 2539.5
1393640 2530.2
1393650 2530.2
1393660 2532.4
1393670 2537.1
1393680 2537.1
1393690 2550.9
1393700 2554.8
1393710 2549.1
1393720 2549.1
1393730 2536.2
1393740 2535.3
1393750 2535.3
1393760 2530.8
1393770 2530.1
1393780 2530.1
1393790 2528.2
1393800 2525.4
1393810 2525.4
1393820 2522.6
1393830 2527.1
1393840 2527.1
1393850 2534.0
1393860 2534.4
1393870 2534.4
1393880 2539.4
1393890 2546.0
1393900 2551.4
1393910 2551.4
1393920 2555.5
1393930 2559.6
1393940 2559.6
1393950 2558.4
1393960 2553.0
1393970 2553.0
1393980 2547.2
1393990 2542.4
1394000 2542.4
1394010 2539.1
1394020 2537.1
1394030 2537.1
1394040 2536.0
1394050 2535.4
1394060 2535.4
1394070 2535.6
1394080 2537.0
1394090 2537.0
1394100 2538.6
1394110 2540.2
1394120 2542.0
1394130 2542.0
1394140 2542.3
1394150 2539.0
1394160 2539.0
1394170 2535.4
1394180 2530.4
1394190 2530.4
1394200 2526.2
1394210 2522.3
1394220 2522.3
1394230 2519.3
1394240 2517.7
1394250 2517.7
1394260 2514.2
1394270 2508.1
1394280 2508.1
1394290 2504.0
1394300 2497.3
1394310 2493.4
1394320 2493.4
1394330 2491.1
1394340 2489.0
1394350 2489.0
1394360 2484.4
1394370 2479.1
1394380 2479.1
1394390 2474.3
1394400 2468.3
1394410 2468.3
1394420 2461.7
1394430 2454.8
1394440 2454.8
1394450 2447.8
1394460 2441.0
1394470 2441.0
1394480 2435.1
1394490 2430.9
1394500 2426.8
1394510 2426.8
1394520 2421.4
1394530 2416.3
1394540 2416.3
1394550 2411.3
1394560 2405.4
1394570 2405.4
1394580 2399.6
1394590 2394.8
1394600 2394.8
1394610 2390.4
1394620 2386.2
1394630 2386.2
1394640 2382.1
1394650 2377.9
1394660 2377.9
1394670 2373.1
1394680 2367.3
1394690 2360.5
1394700 2360.5
1394710 2355.0
1394720 2351.6
1394730 2351.6
1394740 2348.5
1394750 2343.3
1394760 2343.3
1394770 2337.7
1394780 2333.8
1394790 2333.8
1394800 2330.5
1394810 2326.5
1394820 2326.5
1394830 2323.0
1394840 2319.1
1394850 2319.1
1394860 2313.5
1394870 2307.1
1394880 2300.4
1394890 2300.4
1394900 2293.9
1394910 2287.8
1394920 2287.8
1394930 2282.7
1394940 2277.0
1394950 2277.0
1394960 2271.6
1394970 2265.4
1394980 2265.4
1394990 2258.3
1395000 2251.4
1395010 2251.4
1395020 2244.0
1395030 2236.7
1395040 2236.7
1395050 2230.2
1395060 2224.8
1395070 2224.8
1395080 2219.7
1395090 2215.5
1395100 2212.0
1395110 2212.0
1395120 2208.7
1395130 2205.9
1395140 2210.8
1395150 2205.8
1395160 2200.5
1395170 2200.5
1395180 2194.7
1395190 2189.9
1395200 2189.9
1395210 2185.8
1395220 2179.7
1395230 2179.7
1395240 2173.4
1395250 2169.1
1395260 2169.1
1395270 2165.0
1395280 2160.3
1395290 2154.9
1395300 2154.9
1395310 2149.8
1395320 2143.9
1395330 2143.9
1395340 2137.1
1395350 2131.6
1395360 2131.6
1395370 2126.8
1395380 2123.6
1395390 2123.6
1395400 2121.0
1395410 2117.3
1395420 2117.3
1395430 2113.4
1395440 2109.7
1395450 2109.7
1395460 2105.1
1395470 2099.5
1395480 2094.0
1395490 2094.0
1395500 2091.1
1395510 2090.6
1395520 2090.6
1395530 2089.4
1395540 2086.5
1395550 2086.5
1395560 2081.5
1395570 2078.4
1395580 2078.4
1395590 2075.2
1395600 2071.1
1395610 2071.1
1395620 2065.5
1395630 2059.7
1395640 2059.7
1395650 2054.4
1395660 2050.1
1395670 2046.4
1395680 2046.4
1395690 2042.9
1395700 2039.2
1395710 2039.2
1395720 2035.3
1395730 2031.0
1395740 2031.0
1395750 2026.1
1395760 2020.5
1395770 2020.5
1395780 2015.3
1395790 2011.5
1395800 2011.5
1395810 2008.5
1395820 2006.5
1395830 2006.5
1395840 2005.8
1395850 2006.0
1395860 2006.1
1395870 2006.1
1395880 2005.3
1395890 2003.8
1395900 2003.8
1395910 2002.2
1395920 2000.0
1395930 2000.0
1395940 1996.8
1395950 1993.4
1395960 1993.4
1395970 1989.6
1395980 1985.1
1395990 1985.1
1396000 1980.2
1396010 1974.2
1396020 1974.2
1396030 1968.0
1396040 1962.7
1396050 1956.6
1396060 1956.6
1396070 1949.2
1396080 1940.7
1396090 1940.7
1396100 1932.2
1396110 1924.3
1396120 1924.3
1396130 1917.1
1396140 1910.4
1396150 1910.4
1396160 1902.8
1396170 1894.9
1396180 1894.9
1396190 1887.9
1396200 1882.1
1396210 1882.1
1396220 1876.5
1396230 1870.8
1396240 1870.8
1396250 1863.4
1396260 1855.4
1396270 1849.0
1396280 1849.0
1396290 1843.9
1396300 1838.2
1396310 1838.2
1396320 1832.3
1396330 1826.2
1396340 1826.2
1396350 1820.9
1396360 1816.1
1396370 1816.1
1396380 1811.4
1396390 1807.3
1396400 1807.3
1396410 1803.4
1396420 1799.7
1396430 1799.7
1396440 1794.7
1396450 1788.7
1396460 1783.9
1396470 1783.9
1396480 1778.5
1396490 1773.1
1396500 1773.1
1396510 1769.3
1396520 1765.2
1396530 1765.2
1396540 1759.2
1396550 1752.1
1396560 1747.9
1396570 1743.0
1396580 1737.6
1396590 1737.6
1396600 1734.8
1396610 1732.7
1396620 1732.7
1396630 1729.1
1396640 1726.4
1396650 1722.3
1396660 1722.3
1396670 1717.5
1396680 1713.0
1396690 1713.0
1396700 1709.3
1396710 1705.1
1396720 1705.1
1396730 1699.5
1396740 1692.7
1396750 1692.7
1396760 1686.9
1396770 1681.3
1396780 1681.3
1396790 1676.0
1396800 1670.4
1396810 1670.4
1396820 1665.5
1396830 1660.7
1396840 1655.0
1396850 1655.0
1396860 1650.5
1396870 1650.0
1396880 1650.0
1396890 1648.1
1396900 1646.5
1396910 1646.5
1396920 1644.1
1396930 1640.1
1396940 1640.1
1396950 1637.9
1396960 1636.7
1396970 1636.7
1396980 1634.9
1396990 1633.0
1397000 1633.0
1397010 1631.0
1397020 1628.8
1397030 1626.3
1397040 1626.3
1397050 1623.4
1397060 1620.1
1397070 1620.1
1397080 1616.2
1397090 1612.8
1397100 1612.8
1397110 1609.3
1397120 1604.6
1397130 1604.6
1397140 1599.2
1397150 1594.6
1397160 1594.6
1397170 1591.3
1397180 1587.1
1397190 1587.1
1397200 1582.3
1397210 1578.2
1397220 1578.2
1397230 1573.0
1397240 1567.6
1397250 1562.6
1397260 1562.6
1397270 1558.8
1397280 1557.4
1397290 1557.4
1397300 1555.6
1397310 1549.1
1397320 1549.1
1397330 1540.3
1397340 1529.9
1397350 1529.9
1397360 1520.1
1397370 1512.0
1397380 1512.0
1397390 1506.5
1397400 1500.0
1397410 1500.0
1397420 1491.7
1397430 1480.9
1397440 1468.8
1397450 1468.8
1397460 1460.3
1397470 1452.5
1397480 1452.5
1397490 1440.7
1397500 1432.9
1397510 1432.9
1397520 1427.5
1397530 1421.0
1397540 1421.0
1397550 1413.8
1397560 1406.6
1397570 1406.6
1397580 1399.4
1397590 1392.6
1397600 1392.6
1397610 1385.7
1397620 1379.1
1397630 1372.9
1397640 1372.9
1397650 1367.0
1397660 1361.3
1397670 1361.3
1397680 1355.8
1397690 1350.3
1397700 1350.3
1397710 1345.0
1397720 1339.7
1397730 1339.7
1397740 1335.2
1397750 1331.5
1397760 1331.5
1397770 1328.6
1397780 1326.1
1397790 1326.1
1397800 1322.3
1397810 1316.1
1397820 1309.2
1397830 1309.2
1397840 1303.1
1397850 1296.6
1397860 1296.6
1397870 1290.2
1397880 1282.9
1397890 1282.9
1397900 1272.5
1397910 1263.2
1397920 1263.2
1397930 1254.9
1397940 1245.8
1397950 1245.8
1397960 1240.3
1397970 1236.6
1397980 1236.6
1397990 1232.3
1398000 1226.7
1398010 1227.2
1398020 1227.2
1398030 1221.3
1398040 1215.4
1398050 1215.4
1398060 1210.7
1398070 1207.6
1398080 1207.6
1398090 1204.9
1398100 1201.8
1398110 1201.8
1398120 1198.6
1398130 1195.2
1398140 1195.2
1398150 1191.5
1398160 1187.2
1398170 1187.2
1398180 1183.7
1398190 1180.8
1398200 1178.0
1398210 1178.0
1398220 1174.7
1398230 1171.2
1398240 1171.2
1398250 1167.6
1398260 1163.6
1398270 1163.6
1398280 1158.7
1398290 1153.3
1398300 1153.3
1398310 1149.1
1398320 1144.4
1398330 1144.4
1398340 1138.9
1398350 1133.1
1398360 1133.1
1398370 1127.0
1398380 1118.6
1398390 1118.6
1398400 1109.6
1398410 1103.3
1398420 1097.5
1398430 1097.5
1398440 1092.2
1398450 1086.7
1398460 1086.7
1398470 1082.5
1398480 1078.8
1398490 1078.8
1398500 1074.7
1398510 1069.2
1398520 1069.2
1398530 1061.1
1398540 1052.5
1398550 1052.5
1398560 1044.0
1398570 1035.8
1398580 1035.8
1398590 1027.7
1398600 1020.8
1398610 1015.5
1398620 1015.5
1398630 1011.5
1398640 1007.0
1398650 1007.0
1398660 998.9
1398670 991.7
1398680 991.7
1398690 985.9
1398700 979.7
1398710 979.7
1398720 974.4
1398730 970.3
1398740 970.3
1398750 967.0
1398760 964.5
1398770 964.5
1398780 962.8
1398790 957.5
1398800 951.0
1398810 951.0
1398820 947.6
1398830 943.2
1398840 943.2
1398850 936.5
1398860 928.6
1398870 928.6
1398880 921.1
1398890 915.1
1398900 915.1
1398910 909.3
1398920 903.9
1398930 903.9
1398940 898.0
1398950 891.2
1398960 891.2
1398970 882.5
1398980 870.6
1398990 861.6
1399000 861.6
1399010 852.7
1399020 845.1
1399030 845.1
1399040 842.3
1399050 841.8
1399060 841.8
1399070 841.9
1399080 842.6
1399090 842.6
1399100 842.1
1399110 841.1
1399120 841.1
1399130 837.8
1399140 834.0
1399150 834.0
1399160 831.0
1399170 830.6
1399180 832.5
1399190 832.5
1399200 832.3
1399210 831.4
1399220 831.4
1399230 830.0
1399240 830.4
1399250 830.4
1399260 830.6
1399270 830.7
1399280 830.7
1399290 833.2
1399300 833.6
1399310 833.6
1399320 832.4
1399330 832.9
1399340 832.9
1399350 833.2
1399360 833.6
1399370 833.6
1399380 833.8
1399390 833.9
1399400 833.9
1399410 833.9
1399420 833.5
1399430 833.2
1399440 833.2
1399450 833.5
1399460 834.0
1399470 834.0
1399480 834.2
1399490 837.1
1399500 837.1
1399510 837.5
1399520 837.5
1399530 837.5
1399540 837.0
1399550 837.2
1399560 837.2
1399570 838.2
1399580 839.2
1399590 842.1
1399600 842.1
1399610 844.8
1399620 847.9
1399630 847.9
1399640 851.3
1399650 855.0
1399660 855.0
1399670 859.3
1399680 865.3
1399690 865.3
1399700 872.4
1399710 880.0
1399720 880.0
1399730 887.5
1399740 895.2
1399750 895.2
1399760 903.0
1399770 911.3
1399780 921.3
1399790 921.3
1399800 929.6
1399810 937.2
1399820 937.2
1399830 945.5
1399840 956.2
1399850 956.2
1399860 969.9
1399870 980.7
1399880 980.7
1399890 989.6
1399900 995.9
1399910 995.9
1399920 1000.9
1399930 1005.7
1399940 1005.7
1399950 1012.8
1399960 1019.4
1399970 1025.1
1399980 1025.1
1399990 1031.0
1380000 2424.3
1380010 2425.1
1380020 2423.3
1380030 2423.3
1380040 2420.3
1380050 2418.5
1380060 2418.5
1380070 2417.3
1380080 2415.9
1380090 2415.9
1380100 2413.7
1380110 2410.9
1380120 2410.9
1380130 2408.6
1380140 2407.0
1380150 2407.0
1380160 2405.7
1380170 2404.4
1380180 2404.4
1380190 2403.3
1380200 2403.1
1380210 2403.7
1380220 2403.7
1380230 2404.0
1380240 2404.9
1380250 2404.9
1380260 2406.2
1380270 2407.4
1380280 2407.4
1380290 2409.9
1380300 2413.0
1380310 2413.0
1380320 2416.0
1380330 2418.5
1380340 2418.5
1380350 2421.2
1380360 2424.3
1380370 2424.3
1380380 2426.5
1380390 2429.1
1380400 2432.4
1380410 2432.4
1380420 2436.0
1380430 2440.6
1380440 2440.6
1380450 2445.7
1380460 2450.8
1380470 2450.8
1380480 2455.1
1380490 2458.2
1380500 2458.2
1380510 2458.3
1380520 2457.9
1380530 2457.9
1380540 2463.1
1380550 2469.9
1380560 2469.9
1380570 2475.3
1380580 2478.7
1380590 2481.9
1380600 2481.9
1380610 2484.9
1380620 2487.2
1380630 2487.2
1380640 2489.1
1380650 2490.5
1380660 2490.5
1380670 2490.7
1380680 2488.8
1380690 2488.8
1380700 2491.0
1380710 2496.5
1380720 2496.5
1380730 2496.3
1380740 2501.4
1380750 2501.4
1380760 2506.2
1380770 2510.5
1380780 2510.5
1380790 2514.8
1380800 2519.8
1380810 2524.5
1380820 2524.5
1380830 2528.6
1380840 2531.7
1380850 2531.7
1380860 2532.4
1380870 2531.9
1380880 2531.9
1380890 2530.2
1380900 2528.3
1380910 2528.3
1380920 2526.8
1380930 2526.0
1380940 2526.0
1380950 2526.4
1380960 2526.8
1380970 2526.8
1380980 2527.5
1380990 2528.8
1381000 2530.2
1381010 2530.2
1381020 2530.6
1381030 2530.6
1381040 2530.6
1381050 2529.9
1381060 2528.5
1381070 2528.5
1381080 2526.0
1381090 2522.4
1381100 2522.4
1381110 2518.4
1381120 2514.2
1381130 2514.2
1381140 2509.9
1381150 2505.4
1381160 2505.4
1381170 2501.0
1381180 2495.8
1381190 2489.0
1381200 2489.0
1381210 2483.8
1381220 2479.5
1381230 2479.5
1381240 2475.2
1381250 2470.5
1381260 2470.5
1381270 2465.6
1381280 2461.5
1381290 2461.5
1381300 2458.1
1381310 2455.5
1381320 2455.5
1381330 2453.9
1381340 2453.9
1381350 2453.9
1381360 2453.6
1381370 2454.3
1381380 2458.2
1381390 2458.2
1381400 2461.2
1381410 2462.7
1381420 2462.7
1381430 2463.7
1381440 2463.7
1381450 2463.7
1381460 2462.6
1381470 2460.4
1381480 2460.4
1381490 2456.9
1381500 2453.8
1381510 2453.8
1381520 2451.5
1381530 2449.8
1381540 2449.8
1381550 2448.8
1381560 2446.8
1381570 2443.6
1381580 2443.6
1381590 2441.0
1381600 2440.8
1381610 2440.8
1381620 2441.4
1381630 2443.0
1381640 2443.0
1381650 2443.4
1381660 2442.1
1381670 2442.1
1381680 2440.1
1381690 2438.4
1381700 2438.4
1381710 2437.7
1381720 2438.7
1381730 2438.7
1381740 2439.3
1381750 2439.1
1381760 2439.1
1381770 2439.2
1381780 2438.9
1381790 2438.1
1381800 2438.1
1381810 2437.0
1381820 2436.2
1381830 2436.2
1381840 2435.7
1381850 2436.1
1381860 2436.1
1381870 2436.8
1381880 2437.8
1381890 2437.8
1381900 2438.9
1381910 2440.4
1381920 2440.4
1381930 2442.3
1381940 2444.0
1381950 2444.0
1381960 2439.2
1381970 2440.5
1381980 2441.5
1381990 2441.5
1382000 2441.3
1382010 2441.1
1382020 2441.1
1382030 2441.3
1382040 2442.7
1382050 2442.7
1382060 2444.7
1382070 2446.7
1382080 2446.7
1382090 2447.4
1382100 2446.4
1382110 2446.4
1382120 2444.2
1382130 2441.5
1382140 2441.5
1382150 2440.6
1382160 2440.6
1382170 2441.1
1382180 2441.1
1382190 2442.7
1382200 2444.7
1382210 2444.7
1382220 2448.0
1382230 2451.3
1382240 2451.3
1382250 2454.8
1382260 2458.1
1382270 2458.1
1382280 2461.1
1382290 2465.0
1382300 2465.0
1382310 2469.4
1382320 2474.1
1382330 2474.1
1382340 2478.5
1382350 2482.8
1382360 2487.1
1382370 2487.1
1382380 2491.2
1382390 2493.7
1382400 2493.7
1382410 2492.9
1382420 2490.4
1382430 2490.4
1382440 2487.6
1382450 2483.3
1382460 2483.3
1382470 2478.4
1382480 2474.4
1382490 2474.4
1382500 2470.8
1382510 2467.1
1382520 2467.1
1382530 2463.3
1382540 2461.0
1382550 2458.4
1382560 2458.4
1382570 2455.2
1382580 2451.4
1382590 2451.4
1382600 2446.5
1382610 2440.5
1382620 2440.5
1382630 2433.2
1382640 2427.5
1382650 2427.5
1382660 2424.2
1382670 2420.4
1382680 2420.4
1382690 2417.1
1382700 2415.3
1382710 2415.3
1382720 2413.6
1382730 2412.1
1382740 2412.1
1382750 2408.7
1382760 2407.8
1382770 2409.5
1382780 2409.5
1382790 2408.0
1382800 2406.0
1382810 2406.0
1382820 2404.3
1382830 2402.6
1382840 2402.6
1382850 2401.0
1382860 2399.5
1382870 2399.5
1382880 2397.9
1382890 2396.7
1382900 2396.7
1382910 2395.3
1382920 2393.7
1382930 2393.7
1382940 2392.4
1382950 2390.5
1382960 2389.2
1382970 2389.2
1382980 2388.1
1382990 2387.5
1383000 2387.5
1383010 2387.2
1383020 2386.5
1383030 2386.5
1383040 2385.3
1383050 2384.0
1383060 2384.0
1383070 2382.7
1383080 2381.4
1383090 2381.4
1383100 2377.7
1383110 2371.6
1383120 2371.6
1383130 2368.4
1383140 2374.1
1383150 2377.3
1383160 2377.3
1383170 2376.7
1383180 2380.2
1383190 2380.2
1383200 2377.4
1383210 2378.8
1383220 2378.8
1383230 2379.9
1383240 2380.7
1383250 2380.7
1383260 2381.1
1383270 2381.9
1383280 2381.9
1383290 2382.1
1383300 2381.5
1383310 2381.5
1383320 2380.9
1383330 2380.1
1383340 2379.7
1383350 2379.7
1383360 2379.3
1383370 2379.5
1383380 2379.5
1383390 2380.3
1383400 2381.2
1383410 2381.2
1383420 2382.3
1383430 2382.8
1383440 2382.8
1383450 2383.6
1383460 2385.7
1383470 2385.7
1383480 2388.2
1383490 2390.8
1383500 2390.8
1383510 2392.4
1383520 2392.5
1383530 2391.7
1383540 2391.7
1383550 2391.0
1383560 2390.5
1383570 2390.5
1383580 2390.5
1383590 2390.0
1383600 2390.0
1383610 2388.5
1383620 2386.8
1383630 2386.8
1383640 2385.9
1383650 2384.8
1383660 2384.8
1383670 2383.8
1383680 2383.2
1383690 2383.2
1383700 2382.0
1383710 2380.2
1383720 2380.2
1383730 2378.9
1383740 2373.8
1383750 2364.0
1383760 2364.0
1383770 2361.8
1383780 2366.5
1383790 2366.5
1383800 2370.9
1383810 2373.6
1383820 2373.6
1383830 2375.0
1383840 2376.9
1383850 2376.9
1383860 2378.4
1383870 2379.7
1383880 2379.7
1383890 2380.9
1383900 2382.3
1383910 2382.3
1383920 2385.8
1383930 2390.2
1383940 2393.1
1383950 2393.1
1383960 2391.7
1383970 2385.2
1383980 2385.2
1383990 2378.2
1384000 2372.1
1384010 2372.1
1384020 2366.7
1384030 2365.0
1384040 2365.0
1384050 2367.4
1384060 2369.2
1384070 2369.2
1384080 2369.7
1384090 2370.5
1384100 2370.5
1384110 2370.7
1384120 2371.4
1384130 2376.2
1384140 2376.2
1384150 2384.4
1384160 2392.9
1384170 2392.9
1384180 2402.5
1384190 2411.6
1384200 2411.6
1384210 2419.5
1384220 2427.0
1384230 2427.0
1384240 2433.6
1384250 2437.9
1384260 2437.9
1384270 2437.1
1384280 2433.5
1384290 2433.5
1384300 2432.4
1384310 2433.1
1384320 2434.9
1384330 2434.9
1384340 2436.9
1384350 2436.6
1384360 2436.6
1384370 2431.2
1384380 2427.4
1384390 2427.4
1384400 2421.8
1384410 2418.7
1384420 2418.7
1384430 2417.6
1384440 2420.2
1384450 2412.0
1384460 2414.4
1384470 2417.8
1384480 2417.8
1384490 2421.1
1384500 2423.5
1384510 2425.7
1384520 2425.7
1384530 2428.6
1384540 2432.1
1384550 2432.1
1384560 2436.6
1384570 2443.0
1384580 2443.0
1384590 2451.0
1384600 2458.0
1384610 2458.0
1384620 2458.5
1384630 2452.3
1384640 2452.3
1384650 2443.8
1384660 2432.8
1384670 2432.8
1384680 2421.7
1384690 2409.5
1384700 2409.5
1384710 2399.4
1384720 2388.5
1384730 2376.5
1384740 2376.5
1384750 2367.5
1384760 2360.5
1384770 2360.5
1384780 2354.3
1384790 2347.6
1384800 2347.6
1384810 2340.0
1384820 2331.6
1384830 2331.6
1384840 2325.2
1384850 2319.4
1384860 2319.4
1384870 2313.7
1384880 2309.0
1384890 2309.0
1384900 2304.5
1384910 2300.4
1384920 2296.7
1384930 2296.7
1384940 2292.7
1384950 2287.3
1384960 2287.3
1384970 2281.8
1384980 2276.5
1384990 2276.5
1385000 2271.5
1385010 2266.0
1385020 2266.0
1385030 2260.6
1385040 2256.0
1385050 2256.0
1385060 2251.1
1385070 2246.4
1385080 2246.4
1385090 2241.8
1385100 2237.6
1385110 2233.2
1385120 2233.2
1385130 2229.9
1385140 2223.6
1385150 2223.6
1385160 2223.5
1385170 2222.4
1385180 2222.4
1385190 2223.7
1385200 2225.3
1385210 2225.3
1385220 2226.5
1385230 2227.5
1385240 2227.5
1385250 2227.4
1385260 2230.8
1385270 2230.8
1385280 2234.8
1385290 2237.2
1385300 2239.6
1385310 2239.6
1385320 2244.2
1385330 2248.4
1385340 2248.4
1385350 2247.9
1385360 2249.3
1385370 2249.3
1385380 2253.0
1385390 2257.0
1385400 2257.0
1385410 2260.9
1385420 2264.3
1385430 2264.3
1385440 2266.7
1385450 2267.8
1385460 2267.8
1385470 2267.5
1385480 2268.4
1385490 2274.2
1385500 2274.2
1385510 2280.2
1385520 2287.1
1385530 2287.1
1385540 2293.7
1385550 2300.4
1385560 2300.4
1385570 2307.4
1385580 2314.1
1385590 2314.1
1385600 2320.9
1385610 2326.9
1385620 2326.9
1385630 2331.2
1385640 2335.9
1385650 2335.9
1385660 2340.7
1385670 2345.2
1385680 2347.0
1385690 2347.0
1385700 2337.3
1385710 2330.3
1385720 2325.6
1385730 2321.1
1385740 2319.3
1385750 2319.3
1385760 2316.7
1385770 2313.4
1385780 2313.4
1385790 2311.4
1385800 2306.6
1385810 2306.6
1385820 2299.9
1385830 2291.9
1385840 2291.9
1385850 2283.5
1385860 2275.1
1385870 2275.1
1385880 2266.6
1385890 2259.1
1385900 2251.7
1385910 2251.7
1385920 2245.6
1385930 2239.9
1385940 2239.9
1385950 2234.5
1385960 2230.4
1385970 2230.4
1385980 2228.3
1385990 2226.4
1386000 2226.4
1386010 2225.6
1386020 2223.8
1386030 2223.8
1386040 2221.7
1386050 2222.8
1386060 2222.8
1386070 2225.1
1386080 2224.1
1386090 2218.2
1386100 2218.2
1386110 2208.8
1386120 2210.5
1386130 2210.5
1386140 2213.1
1386150 2220.8
1386160 2220.8
1386170 2227.0
1386180 2231.3
1386190 2231.3
1386200 2236.2
1386210 2241.7
1386220 2241.7
1386230 2246.2
1386240 2250.7
1386250 2250.7
1386260 2256.0
1386270 2262.2
1386280 2265.3
1386290 2265.3
1386300 2253.7
1386310 2245.0
1386320 2245.0
1386330 2246.5
1386340 2253.0
1386350 2253.0
1386360 2258.4
1386370 2255.7
1386380 2255.7
1386390 2251.8
1386400 2250.9
1386410 2250.9
1386420 2253.4
1386430 2257.4
1386440 2257.4
1386450 2256.0
1386460 2256.7
1386470 2257.8
1386480 2257.8
1386490 2259.4
1386500 2261.3
1386510 2261.3
1386520 2268.2
1386530 2276.0
1386540 2276.0
1386550 2279.9
1386560 2290.6
1386570 2290.6
1386580 2294.9
1386590 2299.0
1386600 2299.0
1386610 2302.8
1386620 2300.8
1386630 2300.8
1386640 2294.9
1386650 2288.8
1386660 2282.5
1386670 2282.5
1386680 2274.8
1386690 2267.1
1386700 2267.1
1386710 2264.4
1386720 2265.4
1386730 2265.4
1386740 2264.6
1386750 2263.3
1386760 2263.3
1386770 2260.5
1386780 2254.1
1386790 2254.1
1386800 2248.1
1386810 2251.0
1386820 2251.0
1386830 2254.0
1386840 2255.8
1386850 2255.8
1386860 2257.3
1386870 2258.0
1386880 2259.0
1386890 2259.0
1386900 2258.4
1386910 2257.6
1386920 2257.6
1386930 2256.5
1386940 2258.2
1386950 2258.2
1386960 2258.6
1386970 2265.9
1386980 2265.9
1386990 2274.0
1387000 2281.8
1387010 2276.2
1387020 2283.1
1387030 2290.1
1387040 2290.1
1387050 2297.3
1387060 2304.4
1387070 2311.7
1387080 2311.7
1387090 2318.9
1387100 2326.0
1387110 2326.0
1387120 2333.1
1387130 2340.0
1387140 2340.0
1387150 2346.9
1387160 2348.3
1387170 2348.3
1387180 2350.9
1387190 2353.2
1387200 2353.2
1387210 2354.2
1387220 2355.1
1387230 2355.1
1387240 2356.1
1387250 2361.0
1387260 2367.5
1387270 2367.5
1387280 2374.2
1387290 2380.0
1387300 2380.0
1387310 2385.1
1387320 2390.0
1387330 2390.0
1387340 2391.8
1387350 2390.9
1387360 2390.9
1387370 2390.8
1387380 2390.2
1387390 2390.2
1387400 2392.2
1387410 2397.0
1387420 2397.0
1387430 2403.1
1387440 2406.3
1387450 2402.6
1387460 2402.6
1387470 2395.2
1387480 2386.1
1387490 2386.1
1387500 2378.1
1387510 2370.6
1387520 2370.6
1387530 2361.8
1387540 2352.9
1387550 2352.9
1387560 2345.6
1387570 2337.8
1387580 2337.8
1387590 2329.0
1387600 2319.9
1387610 2319.9
1387620 2311.6
1387630 2303.0
1387640 2295.8
1387650 2295.8
1387660 2288.7
1387670 2281.5
1387680 2281.5
1387690 2274.9
1387700 2267.7
1387710 2267.7
1387720 2260.1
1387730 2253.0
1387740 2253.0
1387750 2245.5
1387760 2237.2
1387770 2237.2
1387780 2227.5
1387790 2216.4
1387800 2216.4
1387810 2204.8
1387820 2196.6
1387830 2196.6
1387840 2206.0
1387850 2215.7
1387860 2213.3
1387870 2213.3
1387880 2209.3
1387890 2204.2
1387900 2204.2
1387910 2203.9
1387920 2208.0
1387930 2208.0
1387940 2209.1
1387950 2206.7
1387960 2206.7
1387970 2200.9
1387980 2193.2
1387990 2193.2
1388000 2185.3
1388010 2176.9
1388020 2176.9
1388030 2166.0
1388040 2157.3
1388050 2155.4
1388060 2155.4
1388070 2161.2
1388080 2166.1
1388090 2166.1
1388100 2166.5
1388110 2165.3
1388120 2165.3
1388130 2160.0
1388140 2151.0
1388150 2151.0
1388160 2140.8
1388170 2133.9
1388180 2133.9
1388190 2137.0
1388200 2139.6
1388210 2139.6
1388220 2146.1
1388230 2148.5
1388240 2142.3
1388250 2142.3
1388260 2135.8
1388270 2134.8
1388280 2134.8
1388290 2145.2
1388300 2159.6
1388310 2159.6
1388320 2170.1
1388330 2178.7
1388340 2178.7
1388350 2182.0
1388360 2176.9
1388370 2176.9
1388380 2171.4
1388390 2173.6
1388400 2173.6
1388410 2181.8
1388420 2183.7
1388430 2179.4
1388440 2179.4
1388450 2174.0
1388460 2169.6
1388470 2169.6
1388480 2173.1
1388490 2167.2
1388500 2167.2
1388510 2161.2
1388520 2164.5
1388530 2164.5
1388540 2173.2
1388550 2183.4
1388560 2183.4
1388570 2194.6
1388580 2208.1
1388590 2208.1
1388600 2216.8
1388610 2224.3
1388620 2231.6
1388630 2231.6
1388640 2239.3
1388650 2247.4
1388660 2247.4
1388670 2255.4
1388680 2263.6
1388690 2263.6
1388700 2271.5
1388710 2279.2
1388720 2279.2
1388730 2286.8
1388740 2295.2
1388750 2295.2
1388760 2301.1
1388770 2303.0
1388780 2303.0
1388790 2302.5
1388800 2304.5
1388810 2304.5
1388820 2308.1
1388830 2309.8
1388840 2307.9
1388850 2307.9
1388860 2304.1
1388870 2299.7
1388880 2299.7
1388890 2297.1
1388900 2294.7
1388910 2294.7
1388920 2289.3
1388930 2288.5
1388940 2288.5
1388950 2293.0
1388960 2298.2
1388970 2298.2
1388980 2303.2
1388990 2306.6
1389000 2306.6
1389010 2308.4
1389020 2308.4
1389030 2306.8
1389040 2306.8
1389050 2302.8
1389060 2299.4
1389070 2299.4
1389080 2294.9
1389090 2291.6
1389100 2291.6
1389110 2297.0
1389120 2304.8
1389130 2304.8
1389140 2311.6
1389150 2317.0
1389160 2317.0
1389170 2322.1
1389180 2328.1
1389190 2328.1
1389200 2334.2
1389210 2340.3
1389220 2347.2
1389230 2347.2
1389240 2354.4
1389250 2359.9
1389260 2359.9
1389270 2361.9
1389280 2363.5
1389290 2363.5
1389300 2362.2
1389310 2363.5
1389320 2363.5
1389330 2364.5
1389340 2366.1
1389350 2366.1
1389360 2366.6
1389370 2364.9
1389380 2364.9
1389390 2364.4
1389400 2365.1
1389410 2365.8
1389420 2365.8
1389430 2368.6
1389440 2369.4
1389450 2369.4
1389460 2368.6
1389470 2368.5
1389480 2368.5
1389490 2368.7
1389500 2367.9
1389510 2367.9
1389520 2369.7
1389530 2374.3
1389540 2374.3
1389550 2377.8
1389560 2379.1
1389570 2379.1
1389580 2379.8
1389590 2380.6
1389600 2383.4
1389610 2383.4
1389620 2389.7
1389630 2397.6
1389640 2393.4
1389650 2397.0
1389660 2398.0
1389670 2398.0
1389680 2397.7
1389690 2396.7
1389700 2396.7
1389710 2396.4
1389720 2400.2
1389730 2400.2
1389740 2406.8
1389750 2408.9
1389760 2408.9
1389770 2410.1
1389780 2414.4
1389790 2423.4
1389800 2423.4
1389810 2428.5
1389820 2431.6
1389830 2431.6
1389840 2437.4
1389850 2445.2
1389860 2445.2
1389870 2454.1
1389880 2462.9
1389890 2462.9
1389900 2471.2
1389910 2475.5
1389920 2475.5
1389930 2478.1
1389940 2480.4
1389950 2480.4
1389960 2483.4
1389970 2487.9
1389980 2487.9
1389990 2491.1
1390000 2495.2
1390010 2502.2
1390020 2502.2
1390030 2509.8
1390040 2516.3
1390050 2516.3
1390060 2522.1
1390070 2527.1
1390080 2527.1
1390090 2529.9
1390100 2531.3
1390110 2531.3
1390120 2529.6
1390130 2528.3
1390140 2528.3
1390150 2526.4
1390160 2523.8
1390170 2523.8
1390180 2520.4
1390190 2517.2
1390200 2513.9
1390210 2513.9
1390220 2509.1
1390230 2506.3
1390240 2506.3
1390250 2501.2
1390260 2494.3
1390270 2494.3
1390280 2488.7
1390290 2486.3
1390300 2486.3
1390310 2483.1
1390320 2480.7
1390330 2480.7
1390340 2480.3
1390350 2478.8
1390360 2478.8
1390370 2478.0
1390380 2477.8
1390390 2478.2
1390400 2478.2
1390410 2480.3
1390420 2480.5
1390430 2480.5
1390440 2480.1
1390450 2480.3
1390460 2480.3
1390470 2480.9
1390480 2482.7
1390490 2482.7
1390500 2483.2
1390510 2482.9
1390520 2482.9
1390530 2485.0
1390540 2486.9
1390550 2486.9
1390560 2488.8
1390570 2491.3
1390580 2495.2
1390590 2495.2
1390600 2499.9
1390610 2503.8
1390620 2503.8
1390630 2503.6
1390640 2500.7
1390650 2500.7
1390660 2499.2
1390670 2500.0
1390680 2500.0
1390690 2503.7
1390700 2508.8
1390710 2508.8
1390720 2511.9
1390730 2512.9
1390740 2512.9
1390750 2512.9
1390760 2511.8
1390770 2509.6
1390780 2509.6
1390790 2509.1
1390800 2509.4
1390810 2509.4
1390820 2511.8
1390830 2515.4
1390840 2515.4
1390850 2518.5
1390860 2521.6
1390870 2521.6
1390880 2525.3
1390890 2529.5
1390900 2529.5
1390910 2534.8
1390920 2533.7
1390930 2533.7
1390940 2535.3
1390950 2539.7
1390960 2539.7
1390970 2540.9
1390980 2550.3
1390990 2555.7
1391000 2555.7
1391010 2563.2
1391020 2565.8
1391030 2565.8
1391040 2565.9
1391050 2564.4
1391060 2564.4
1391070 2562.0
1391080 2566.2
1391090 2566.2
1391100 2575.8
1391110 2588.1
1391120 2588.1
1391130 2603.3
1391140 2621.2
1391150 2621.2
1391160 2637.4
1391170 2645.7
1391180 2645.8
1391190 2645.8
1391200 2653.1
1391210 2664.2
1391220 2664.2
1391230 2668.7
1391240 2664.0
1391250 2664.0
1391260 2659.1
1391270 2651.9
1391280 2651.9
1391290 2643.2
1391300 2635.6
1391310 2635.6
1391320 2628.6
1391330 2622.1
1391340 2622.1
1391350 2617.0
1391360 2612.0
1391370 2607.9
1391380 2607.9
1391390 2604.8
1391400 2603.1
1391410 2603.1
1391420 2602.2
1391430 2598.3
1391440 2598.3
1391450 2592.9
1391460 2589.4
1391470 2589.4
1391480 2591.8
1391490 2594.4
1391500 2594.4
1391510 2592.5
1391520 2591.6
1391530 2591.6
1391540 2592.8
1391550 2594.7
1391560 2596.2
1391570 2596.2
1391580 2598.7
1391590 2602.8
1391600 2602.8
1391610 2608.1
1391620 2613.2
1391630 2613.2
1391640 2614.0
1391650 2612.5
1391660 2612.5
1391670 2610.0
1391680 2604.3
1391690 2604.3
1391700 2598.4
1391710 2593.5
1391720 2593.5
1391730 2589.1
1391740 2583.9
1391750 2577.5
1391760 2577.5
1391770 2570.8
1391780 2563.6
1391790 2563.6
1391800 2557.3
1391810 2551.3
1391820 2551.3
1391830 2548.2
1391840 2547.1
1391850 2547.1
1391860 2545.9
1391870 2544.0
1391880 2544.0
1391890 2542.4
1391900 2541.9
1391910 2541.9
1391920 2540.9
1391930 2537.9
1391940 2537.9
1391950 2538.0
1391960 2538.0
1391970 2540.5
1391980 2540.5
1391990 2543.5
1392000 2547.2
1392010 2547.2
1392020 2551.0
1392030 2554.6
1392040 2554.6
1392050 2557.5
1392060 2560.1
1392070 2560.1
1392080 2563.3
1392090 2567.2
1392100 2567.2
1392110 2571.4
1392120 2575.8
1392130 2575.8
1392140 2581.2
1392150 2587.1
1392160 2595.4
1392170 2595.4
1392180 2607.5
1392190 2619.1
1392200 2619.1
1392210 2626.0
1392220 2627.9
1392230 2627.9
1392240 2630.3
1392250 2630.1
1392260 2630.1
1392270 2631.0
1392280 2635.0
1392290 2635.0
1392300 2638.8
1392310 2639.2
1392320 2639.2
1392330 2639.5
1392340 2636.1
1392350 2626.7
1392360 2626.7
1392370 2629.1
1392380 2631.7
1392390 2631.7
1392400 2631.2
1392410 2629.1
1392420 2629.1
1392430 2626.0
1392440 2626.2
1392450 2626.2
1392460 2629.1
1392470 2629.9
1392480 2629.9
1392490 2630.9
1392500 2636.8
1392510 2636.8
1392520 2644.9
1392530 2641.8
1392540 2638.5
1392550 2638.5
1392560 2635.6
1392570 2632.2
1392580 2632.2
1392590 2632.3
1392600 2633.5
1392610 2633.5
1392620 2628.1
1392630 2617.9
1392640 2617.9
1392650 2605.4
1392660 2596.0
1392670 2596.0
1392680 2587.3
1392690 2576.9
1392700 2576.9
1392710 2565.2
1392720 2559.7
1392730 2555.6
1392740 2555.6
1392750 2553.2
1392760 2550.2
1392770 2550.2
1392780 2543.3
1392790 2538.0
1392800 2538.0
1392810 2533.0
1392820 2525.4
1392830 2525.4
1392840 2521.6
1392850 2519.1
1392860 2519.1
1392870 2516.5
1392880 2520.3
1392890 2520.3
1392900 2524.9
1392910 2529.4
1392920 2529.9
1392930 2529.9
1392940 2523.8
1392950 2529.2
1392960 2529.2
1392970 2537.6
1392980 2542.3
1392990 2542.3
1393000 2546.5
1393010 2548.3
1393020 2548.3
1393030 2557.8
1393040 2553.8
1393050 2553.8
1393060 2545.1
1393070 2542.4
1393080 2542.4
1393090 2547.3
1393100 2555.0
1393110 2555.0
1393120 2561.2
1393130 2563.2
1393140 2561.6
1393150 2561.6
1393160 2562.3
1393170 2565.0
1393180 2565.0
1393190 2564.2
1393200 2565.0
1393210 2565.0
1393220 2561.5
1393230 2554.8
1393240 2554.8
1393250 2548.9
1393260 2541.8
1393270 2541.8
1393280 2537.4
1393290 2542.2
1393300 2542.2
1393310 2551.2
1393320 2559.9
1393330 2566.8
1393340 2566.8
1393350 2575.7
1393360 2583.4
1393370 2583.4
1393380 2590.9
1393390 2599.9
1393400 2599.9
1393410 2608.9
1393420 2614.0
1393430 2614.0
1393440 2619.4
1393450 2619.4
1393460 2619.4
1393470 2613.7
1393480 2603.1
1393490 2603.1
1393500 2593.7
1393510 2594.6
1393520 2590.6
1393530 2590.6
1393540 2580.8
1393550 2573.2
1393560 2573.2
1393570 2572.5
1393580 2572.7
1393590 2572.7
1393600 2566.2
1393610 2558.2
1393620 2558.2
1393630 2539.5
1393640 2530.2
1393650 2530.2
1393660 2532.4
1393670 2537.1
1393680 2537.1
1393690 2550.9
1393700 2554.8
1393710 2549.1
1393720 2549.1
1393730 2536.2
1393740 2535.3
1393750 2535.3
1393760 2530.8
1393770 2530.1
1393780 2530.1
1393790 2528.2
1393800 2525.4
1393810 2525.4
1393820 2522.6
1393830 2527.1
1393840 2527.1
1393850 2534.0
1393860 2534.4
1393870 2534.4
1393880 2539.4
1393890 2546.0
1393900 2551.4
1393910 2551.4
1393920 2555.5
1393930 2559.6
1393940 2559.6
1393950 2558.4
1393960 2553.0
1393970 2553.0
1393980 2547.2
1393990 2542.4
1394000 2542.4
1394010 2539.1
1394020 2537.1
1394030 2537.1
1394040 2536.0
1394050 2535.4
1394060 2535.4
1394070 2535.6
1394080 2537.0
1394090 2537.0
1394100 2538.6
1394110 2540.2
1394120 2542.0
1394130 2542.0
1394140 2542.3
1394150 2539.0
1394160 2539.0
1394170 2535.4
1394180 2530.4
1394190 2530.4
1394200 2526.2
1394210 2522.3
1394220 2522.3
1394230 2519.3
1394240 2517.7
1394250 2517.7
1394260 2514.2
1394270 2508.1
1394280 2508.1
1394290 2504.0
1394300 2497.3
1394310 2493.4
1394320 2493.4
1394330 2491.1
1394340 2489.0
1394350 2489.0
1394360 2484.4
1394370 2479.1
1394380 2479.1
1394390 2474.3
1394400 2468.3
1394410 2468.3
1394420 2461.7
1394430 2454.8
1394440 2454.8
1394450 2447.8
1394460 2441.0
1394470 2441.0
1394480 2435.1
1394490 2430.9
1394500 2426.8
1394510 2426.8
1394520 2421.4
1394530 2416.3
1394540 2416.3
1394550 2411.3
1394560 2405.4
1394570 2405.4
1394580 2399.6
1394590 2394.8
1394600 2394.8
1394610 2390.4
1394620 2386.2
1394630 2386.2
1394640 2382.1
1394650 2377.9
1394660 2377.9
1394670 2373.1
1394680 2367.3
1394690 2360.5
1394700 2360.5
1394710 2355.0
1394720 2351.6
1394730 2351.6
1394740 2348.5
1394750 2343.3
1394760 2343.3
1394770 2337.7
1394780 2333.8
1394790 2333.8
1394800 2330.5
1394810 2326.5
1394820 2326.5
1394830 2323.0
1394840 2319.1
1394850 2319.1
1394860 2313.5
1394870 2307.1
1394880 2300.4
1394890 2300.4
1394900 2293.9
1394910 2287.8
1394920 2287.8
1394930 2282.7
1394940 2277.0
1394950 2277.0
1394960 2271.6
1394970 2265.4
1394980 2265.4
1394990 2258.3
1395000 2251.4
1395010 2251.4
1395020 2244.0
1395030 2236.7
1395040 2236.7
1395050 2230.2
1395060 2224.8
1395070 2224.8
1395080 2219.7
1395090 2215.5
1395100 2212.0
1395110 2212.0
1395120 2208.7
1395130 2205.9
1395140 2210.8
1395150 2205.8
1395160 2200.5
1395170 2200.5
1395180 2194.7
1395190 2189.9
1395200 2189.9
1395210 2185.8
1395220 2179.7
1395230 2179.7
1395240 2173.4
1395250 2169.1
1395260 2169.1
1395270 2165.0
1395280 2160.3
1395290 2154.9
1395300 2154.9
1395310 2149.8
1395320 2143.9
1395330 2143.9
1395340 2137.1
1395350 2131.6
1395360 2131.6
1395370 2126.8
1395380 2123.6
1395390 2123.6
1395400 2121.0
1395410 2117.3
1395420 2117.3
1395430 2113.4
1395440 2109.7
1395450 2109.7
1395460 2105.1
1395470 2099.5
1395480 2094.0
1395490 2094.0
1395500 2091.1
1395510 2090.6
1395520 2090.6
1395530 2089.4
1395540 2086.5
1395550 2086.5
1395560 2081.5
1395570 2078.4
1395580 2078.4
1395590 2075.2
1395600 2071.1
1395610 2071.1
1395620 2065.5
1395630 2059.7
1395640 2059.7
1395650 2054.4
1395660 2050.1
1395670 2046.4
1395680 2046.4
1395690 2042.9
1395700 2039.2
1395710 2039.2
1395720 2035.3
1395730 2031.0
1395740 2031.0
1395750 2026.1
1395760 2020.5
1395770 2020.5
1395780 2015.3
1395790 2011.5
1395800 2011.5
1395810 2008.5
1395820 2006.5
1395830 2006.5
1395840 2005.8
1395850 2006.0
1395860 2006.1
1395870 2006.1
1395880 2005.3
1395890 2003.8
1395900 2003.8
1395910 2002.2
1395920 2000.0
1395930 2000.0
1395940 1996.8
1395950 1993.4
1395960 1993.4
1395970 1989.6
1395980 1985.1
1395990 1985.1
1396000 1980.2
1396010 1974.2
1396020 1974.2
1396030 1968.0
1396040 1962.7
1396050 1956.6
1396060 1956.6
1396070 1949.2
1396080 1940.7
1396090 1940.7
1396100 1932.2
1396110 1924.3
1396120 1924.3
1396130 1917.1
1396140 1910.4
1396150 1910.4
1396160 1902.8
1396170 1894.9
1396180 1894.9
1396190 1887.9
1396200 1882.1
1396210 1882.1
1396220 1876.5
1396230 1870.8
1396240 1870.8
1396250 1863.4
1396260 1855.4
1396270 1849.0
1396280 1849.0
1396290 1843.9
1396300 1838.2
1396310 1838.2
1396320 1832.3
1396330 1826.2
1396340 1826.2
1396350 1820.9
1396360 1816.1
1396370 1816.1
1396380 1811.4
1396390 1807.3
1396400 1807.3
1396410 1803.4
1396420 1799.7
1396430 1799.7
1396440 1794.7
1396450 1788.7
1396460 1783.9
1396470 1783.9
1396480 1778.5
1396490 1773.1
1396500 1773.1
1396510 1769.3
1396520 1765.2
1396530 1765.2
1396540 1759.2
1396550 1752.1
1396560 1747.9
1396570 1743.0
1396580 1737.6
1396590 1737.6
1396600 1734.8
1396610 1732.7
1396620 1732.7
1396630 1729.1
1396640 1726.4
1396650 1722.3
1396660 1722.3
1396670 1717.5
1396680 1713.0
1396690 1713.0
1396700 1709.3
1396710 1705.1
1396720 1705.1
1396730 1699.5
1396740 1692.7
1396750 1692.7
1396760 1686.9
1396770 1681.3
1396780 1681.3
1396790 1676.0
1396800 1670.4
1396810 1670.4
1396820 1665.5
1396830 1660.7
1396840 1655.0
1396850 1655.0
1396860 1650.5
1396870 1650.0
1396880 1650.0
1396890 1648.1
1396900 1646.5
1396910 1646.5
1396920 1644.1
1396930 1640.1
1396940 1640.1
1396950 1637.9
1396960 1636.7
1396970 1636.7
1396980 1634.9
1396990 1633.0
1397000 1633.0
1397010 1631.0
1397020 1628.8
1397030 1626.3
1397040 1626.3
1397050 1623.4
1397060 1620.1
1397070 1620.1
1397080 1616.2
1397090 1612.8
1397100 1612.8
1397110 1609.3
1397120 1604.6
1397130 1604.6
1397140 1599.2
1397150 1594.6
1397160 1594.6
1397170 1591.3
1397180 1587.1
1397190 1587.1
1397200 1582.3
1397210 1578.2
1397220 1578.2
1397230 1573.0
1397240 1567.6
1397250 1562.6
1397260 1562.6
1397270 1558.8
1397280 1557.4
1397290 1557.4
1397300 1555.6
1397310 1549.1
1397320 1549.1
1397330 1540.3
1397340 1529.9
1397350 1529.9
1397360 1520.1
1397370 1512.0
1397380 1512.0
1397390 1506.5
1397400 1500.0
1397410 1500.0
1397420 1491.7
1397430 1480.9
1397440 1468.8
1397450 1468.8
1397460 1460.3
1397470 1452.5
1397480 1452.5
1397490 1440.7
1397500 1432.9
1397510 1432.9
1397520 1427.5
1397530 1421.0
1397540 1421.0
1397550 1413.8
1397560 1406.6
1397570 1406.6
1397580 1399.4
1397590 1392.6
1397600 1392.6
1397610 1385.7
1397620 1379.1
1397630 1372.9
1397640 1372.9
1397650 1367.0
1397660 1361.3
1397670 1361.3
1397680 1355.8
1397690 1350.3
1397700 1350.3
1397710 1345.0
1397720 1339.7
1397730 1339.7
1397740 1335.2
1397750 1331.5
1397760 1331.5
1397770 1328.6
1397780 1326.1
1397790 1326.1
1397800 1322.3
1397810 1316.1
1397820 1309.2
1397830 1309.2
1397840 1303.1
1397850 1296.6
1397860 1296.6
1397870 1290.2
1397880 1282.9
1397890 1282.9
1397900 1272.5
1397910 1263.2
1397920 1263.2
1397930 1254.9
1397940 1245.8
1397950 1245.8
1397960 1240.3
1397970 1236.6
1397980 1236.6
1397990 1232.3
1398000 1226.7
1398010 1227.2
1398020 1227.2
1398030 1221.3
1398040 1215.4
1398050 1215.4
1398060 1210.7
1398070 1207.6
1398080 1207.6
1398090 1204.9
1398100 1201.8
1398110 1201.8
1398120 1198.6
1398130 1195.2
1398140 1195.2
1398150 1191.5
1398160 1187.2
1398170 1187.2
1398180 1183.7
1398190 1180.8
1398200 1178.0
1398210 1178.0
1398220 1174.7
1398230 1171.2
1398240 1171.2
1398250 1167.6
1398260 1163.6
1398270 1163.6
1398280 1158.7
1398290 1153.3
1398300 1153.3
1398310 1149.1
1398320 1144.4
1398330 1144.4
1398340 1138.9
1398350 1133.1
1398360 1133.1
1398370 1127.0
1398380 1118.6
1398390 1118.6
1398400 1109.6
1398410 1103.3
1398420 1097.5
1398430 1097.5
1398440 1092.2
1398450 1086.7
1398460 1086.7
1398470 1082.5
1398480 1078.8
1398490 1078.8
1398500 1074.7
1398510 1069.2
1398520 1069.2
1398530 1061.1
1398540 1052.5
1398550 1052.5
1398560 1044.0
1398570 1035.8
1398580 1035.8
1398590 1027.7
1398600 1020.8
1398610 1015.5
1398620 1015.5
1398630 1011.5
1398640 1007.0
1398650 1007.0
1398660 998.9
1398670 991.7
1398680 991.7
1398690 985.9
1398700 979.7
1398710 979.7
1398720 974.4
1398730 970.3
1398740 970.3
1398750 967.0
1398760 964.5
1398770 964.5
1398780 962.8
1398790 957.5
1398800 951.0
1398810 951.0
1398820 947.6
1398830 943.2
1398840 943.2
1398850 936.5
1398860 928.6
1398870 928.6
1398880 921.1
1398890 915.1
1398900 915.1
1398910 909.3
1398920 903.9
1398930 903.9
1398940 898.0
1398950 891.2
1398960 891.2
1398970 882.5
1398980 870.6
1398990 861.6
1399000 861.6
1399010 852.7
1399020 845.1
1399030 845.1
1399040 842.3
1399050 841.8
1399060 841.8
1399070 841.9
1399080 842.6
1399090 842.6
1399100 842.1
1399110 841.1
1399120 841.1
1399130 837.8
1399140 834.0
1399150 834.0
1399160 831.0
1399170 830.6
1399180 832.5
1399190 832.5
1399200 832.3
1399210 831.4
1399220 831.4
1399230 830.0
1399240 830.4
1399250 830.4
1399260 830.6
1399270 830.7
1399280 830.7
1399290 833.2
1399300 833.6
1399310 833.6
1399320 832.4
1399330 832.9
1399340 832.9
1399350 833.2
1399360 833.6
1399370 833.6
1399380 833.8
1399390 833.9
1399400 833.9
1399410 833.9
1399420 833.5
1399430 833.2
1399440 833.2
1399450 833.5
1399460 834.0
1399470 834.0
1399480 834.2
1399490 837.1
1399500 837.1
1399510 837.5
1399520 837.5
1399530 837.5
1399540 837.0
1399550 837.2
1399560 837.2
1399570 838.2
1399580 839.2
1399590 842.1
1399600 842.1
1399610 844.8
1399620 847.9
1399630 847.9
1399640 851.3
1399650 855.0
1399660 855.0
1399670 859.3
1399680 865.3
1399690 865.3
1399700 872.4
1399710 880.0
1399720 880.0
1399730 887.5
1399740 895.2
1399750 895.2
1399760 903.0
1399770 911.3
1399780 921.3
1399790 921.3
1399800 929.6
1399810 937.2
1399820 937.2
1399830 945.5
1399840 956.2
1399850 956.2
1399860 969.9
1399870 980.7
1399880 980.7
1399890 989.6
1399900 995.9
1399910 995.9
1399920 1000.9
1399930 1005.7
1399940 1005.7
1399950 1012.8
1399960 1019.4
1399970 1025.1
1399980 1025.1
1399990 1031.0
