1380000 2613.5
1380010 2613.8
1380020 2613.8
1380030 2614.1
1380040 2614.0
1380050 2612.7
1380060 2612.7
1380070 2613.7
1380080 2617.9
1380090 2617.9
1380100 2612.5
1380110 2600.1
1380120 2600.1
1380130 2591.9
1380140 2584.6
1380150 2584.6
1380160 2577.6
1380170 2570.1
1380180 2570.1
1380190 2560.1
1380200 2551.0
1380210 2551.0
1380220 2543.2
1380230 2536.3
1380240 2530.2
1380250 2530.2
1380260 2524.7
1380270 2521.0
1380280 2521.0
1380290 2517.3
1380300 2513.0
1380310 2513.0
1380320 2510.5
1380330 2509.3
1380340 2509.3
1380350 2509.1
1380360 2507.8
1380370 2507.8
1380380 2505.7
1380390 2503.3
1380400 2503.3
1380410 2505.2
1380420 2504.9
1380430 2504.8
1380440 2504.8
1380450 2504.4
1380460 2503.2
1380470 2503.2
1380480 2501.7
1380490 2501.0
1380500 2501.0
1380510 2500.8
1380520 2500.2
1380530 2500.2
1380540 2498.7
1380550 2497.6
1380560 2497.6
1380570 2496.8
1380580 2497.6
1380590 2497.6
1380600 2497.2
1380610 2495.9
1380620 2494.3
1380630 2494.3
1380640 2492.3
1380650 2491.4
1380660 2491.4
1380670 2490.9
1380680 2489.1
1380690 2489.1
1380700 2487.9
1380710 2488.0
1380720 2488.0
1380730 2487.8
1380740 2486.8
1380750 2486.8
1380760 2486.4
1380770 2486.8
1380780 2486.8
1380790 2487.3
1380800 2488.6
1380810 2488.6
1380820 2490.0
1380830 2490.9
1380840 2491.4
1380850 2491.4
1380860 2491.9
1380870 2492.1
1380880 2492.1
1380890 2492.3
1380900 2494.1
1380910 2494.1
1380920 2498.4
1380930 2501.5
1380940 2501.5
1380950 2501.6
1380960 2500.5
1380970 2500.5
1380980 2500.2
1380990 2502.6
1381000 2502.6
1381010 2505.9
1381020 2510.6
1381030 2513.9
1381040 2513.9
1381050 2514.4
1381060 2515.2
1381070 2515.2
1381080 2514.6
1381090 2515.0
1381100 2515.0
1381110 2517.6
1381120 2519.7
1381130 2519.7
1381140 2519.2
1381150 2517.6
1381160 2517.6
1381170 2517.2
1381180 2517.0
1381190 2517.0
1381200 2514.6
1381210 2510.9
1381220 2499.0
1381230 2499.0
1381240 2486.2
1381250 2479.0
1381260 2479.0
1381270 2473.1
1381280 2467.4
1381290 2467.4
1381300 2463.3
1381310 2460.3
1381320 2460.3
1381330 2458.7
1381340 2456.0
1381350 2456.0
1381360 2452.3
1381370 2449.0
1381380 2449.0
1381390 2445.4
1381400 2441.6
1381410 2438.0
1381420 2438.0
1381430 2435.1
1381440 2432.1
1381450 2432.1
1381460 2429.3
1381470 2427.1
1381480 2427.1
1381490 2424.7
1381500 2421.9
1381510 2421.9
1381520 2418.6
1381530 2414.7
1381540 2414.7
1381550 2410.7
1381560 2405.8
1381570 2405.8
1381580 2401.9
1381590 2398.5
1381600 2394.5
1381610 2394.5
1381620 2391.3
1381630 2387.7
1381640 2389.1
1381650 2387.5
1381660 2385.6
1381670 2385.6
1381680 2382.6
1381690 2380.6
1381700 2380.6
1381710 2379.3
1381720 2379.6
1381730 2379.6
1381740 2378.3
1381750 2377.6
1381760 2377.6
1381770 2378.5
1381780 2377.5
1381790 2377.5
1381800 2377.3
1381810 2377.9
1381820 2377.1
1381830 2377.1
1381840 2377.9
1381850 2378.2
1381860 2378.2
1381870 2379.1
1381880 2380.5
1381890 2380.5
1381900 2380.6
1381910 2378.7
1381920 2378.7
1381930 2378.3
1381940 2379.2
1381950 2379.2
1381960 2380.9
1381970 2382.8
1381980 2382.8
1381990 2383.8
1382000 2383.5
1382010 2383.7
1382020 2383.7
1382030 2383.4
1382040 2383.7
1382050 2383.7
1382060 2384.6
1382070 2385.1
1382080 2385.1
1382090 2384.6
1382100 2382.2
1382110 2382.2
1382120 2378.4
1382130 2374.1
1382140 2374.1
1382150 2370.6
1382160 2369.8
1382170 2369.8
1382180 2369.2
1382190 2369.0
1382200 2369.7
1382210 2369.7
1382220 2367.8
1382230 2365.4
1382240 2365.4
1382250 2365.6
1382260 2363.3
1382270 2363.3
1382280 2360.0
1382290 2357.8
1382300 2357.8
1382310 2357.6
1382320 2357.5
1382330 2357.5
1382340 2357.6
1382350 2357.6
1382360 2357.6
1382370 2357.7
1382380 2357.7
1382390 2357.6
1382400 2357.6
1382410 2357.6
1382420 2357.6
1382430 2357.6
1382440 2357.6
1382450 2357.6
1382460 2357.6
1382470 2358.4
1382480 2360.5
1382490 2360.5
1382500 2362.8
1382510 2364.5
1382520 2364.5
1382530 2366.0
1382540 2368.1
1382550 2368.1
1382560 2371.0
1382570 2375.2
1382580 2375.2
1382590 2380.0
1382600 2384.7
1382610 2388.1
1382620 2388.1
1382630 2390.5
1382640 2392.4
1382650 2392.4
1382660 2395.0
1382670 2398.6
1382680 2398.6
1382690 2402.2
1382700 2405.6
1382710 2405.6
1382720 2408.2
1382730 2409.9
1382740 2409.9
1382750 2411.8
1382760 2413.3
1382770 2413.3
1382780 2414.7
1382790 2416.8
1382800 2418.2
1382810 2418.2
1382820 2421.0
1382830 2424.8
1382840 2424.8
1382850 2427.2
1382860 2430.6
1382870 2440.4
1382880 2443.3
1382890 2446.7
1382900 2446.7
1382910 2455.4
1382920 2462.5
1382930 2462.5
1382940 2457.2
1382950 2454.6
1382960 2454.6
1382970 2462.6
1382980 2461.9
1382990 2457.7
1383000 2457.7
1383010 2459.0
1383020 2458.8
1383030 2458.8
1383040 2460.8
1383050 2461.7
1383060 2461.7
1383070 2462.2
1383080 2461.2
1383090 2461.2
1383100 2457.2
1383110 2457.3
1383120 2457.3
1383130 2457.4
1383140 2456.0
1383150 2456.0
1383160 2455.7
1383170 2457.9
1383180 2459.5
1383190 2459.5
1383200 2462.9
1383210 2465.0
1383220 2465.0
1383230 2465.7
1383240 2466.8
1383250 2466.8
1383260 2467.6
1383270 2469.0
1383280 2469.0
1383290 2471.4
1383300 2473.7
1383310 2473.7
1383320 2476.3
1383330 2478.5
1383340 2478.5
1383350 2480.3
1383360 2482.8
1383370 2482.8
1383380 2485.2
1383390 2487.4
1383400 2489.3
1383410 2489.3
1383420 2490.6
1383430 2491.8
1383440 2491.8
1383450 2493.6
1383460 2497.2
1383470 2497.2
1383480 2503.8
1383490 2512.5
1383500 2512.5
1383510 2520.8
1383520 2527.2
1383530 2527.2
1383540 2533.3
1383550 2536.7
1383560 2536.7
1383570 2538.6
1383580 2539.9
1383590 2541.3
1383600 2541.3
1383610 2542.8
1383620 2543.4
1383630 2543.4
1383640 2543.6
1383650 2542.2
1383660 2542.2
1383670 2540.1
1383680 2539.0
1383690 2539.0
1383700 2538.1
1383710 2537.5
1383720 2537.5
1383730 2536.3
1383740 2534.4
1383750 2534.4
1383760 2534.6
1383770 2536.2
1383780 2539.0
1383790 2539.0
1383800 2543.1
1383810 2547.4
1383820 2547.4
1383830 2551.4
1383840 2556.2
1383850 2556.2
1383860 2562.5
1383870 2568.6
1383880 2568.6
1383890 2573.7
1383900 2579.0
1383910 2579.0
1383920 2587.7
1383930 2599.7
1383940 2599.7
1383950 2608.4
1383960 2613.2
1383970 2616.7
1383980 2616.7
1383990 2618.2
1384000 2617.9
1384010 2617.9
1384020 2617.1
1384030 2614.4
1384040 2614.4
1384050 2608.8
1384060 2603.4
1384070 2603.4
1384080 2600.0
1384090 2599.0
1384100 2599.0
1384110 2600.2
1384120 2606.8
1384130 2606.8
1384140 2602.3
1384150 2599.2
1384160 2598.7
1384170 2598.7
1384180 2597.1
1384190 2596.3
1384200 2596.3
1384210 2595.7
1384220 2593.1
1384230 2593.1
1384240 2591.8
1384250 2586.8
1384260 2586.8
1384270 2579.1
1384280 2574.4
1384290 2574.4
1384300 2573.6
1384310 2573.8
1384320 2573.8
1384330 2572.3
1384340 2569.9
1384350 2569.9
1384360 2566.8
1384370 2563.7
1384380 2562.8
1384390 2562.8
1384400 2560.1
1384410 2559.3
1384420 2559.3
1384430 2558.4
1384440 2558.0
1384450 2558.0
1384460 2558.0
1384470 2557.0
1384480 2557.0
1384490 2556.2
1384500 2555.9
1384510 2555.9
1384520 2556.1
1384530 2556.7
1384540 2556.7
1384550 2558.6
1384560 2562.6
1384570 2565.4
1384580 2565.4
1384590 2566.5
1384600 2568.1
1384610 2568.1
1384620 2569.0
1384630 2568.7
1384640 2568.7
1384650 2570.3
1384660 2572.6
1384670 2572.6
1384680 2572.9
1384690 2574.1
1384700 2574.1
1384710 2577.8
1384720 2579.9
1384730 2579.9
1384740 2582.1
1384750 2585.4
1384760 2588.2
1384770 2588.2
1384780 2592.1
1384790 2596.9
1384800 2596.9
1384810 2600.9
1384820 2604.9
1384830 2604.9
1384840 2609.0
1384850 2613.9
1384860 2613.9
1384870 2619.2
1384880 2625.5
1384890 2625.5
1384900 2631.4
1384910 2638.6
1384920 2638.6
1384930 2645.4
1384940 2653.5
1384950 2662.9
1384960 2662.9
1384970 2670.9
1384980 2676.9
1384990 2676.9
1385000 2678.5
1385010 2680.0
1385020 2680.0
1385030 2682.2
1385040 2683.5
1385050 2683.5
1385060 2684.6
1385070 2687.4
1385080 2687.4
1385090 2690.8
1385100 2693.8
1385110 2693.8
1385120 2697.7
1385130 2702.0
1385140 2702.0
1385150 2704.8
1385160 2706.1
1385170 2704.2
1385180 2704.2
1385190 2700.7
1385200 2696.7
1385210 2696.7
1385220 2693.4
1385230 2691.2
1385240 2691.2
1385250 2688.3
1385260 2685.0
1385270 2685.0
1385280 2681.5
1385290 2674.8
1385300 2674.8
1385310 2664.7
1385320 2656.2
1385330 2656.2
1385340 2648.6
1385350 2641.1
1385360 2634.0
1385370 2634.0
1385380 2626.4
1385390 2619.6
1385400 2619.6
1385410 2612.9
1385420 2606.3
1385430 2606.3
1385440 2600.0
1385450 2594.0
1385460 2594.0
1385470 2588.0
1385480 2583.5
1385490 2583.5
1385500 2580.3
1385510 2577.8
1385520 2577.8
1385530 2575.5
1385540 2572.7
1385550 2571.3
1385560 2571.3
1385570 2571.7
1385580 2571.6
1385590 2571.6
1385600 2568.9
1385610 2563.1
1385620 2563.1
1385630 2556.1
1385640 2547.8
1385650 2547.8
1385660 2538.9
1385670 2530.4
1385680 2530.4
1385690 2521.3
1385700 2513.9
1385710 2513.9
1385720 2507.7
1385730 2502.4
1385740 2498.2
1385750 2498.2
1385760 2494.6
1385770 2491.2
1385780 2491.2
1385790 2488.2
1385800 2485.5
1385810 2485.5
1385820 2483.4
1385830 2482.3
1385840 2482.3
1385850 2481.0
1385860 2479.5
1385870 2479.5
1385880 2477.8
1385890 2474.1
1385900 2474.1
1385910 2470.5
1385920 2468.7
1385930 2469.4
1385940 2469.4
1385950 2471.1
1385960 2472.8
1385970 2472.8
1385980 2473.6
1385990 2474.5
1386000 2474.5
1386010 2474.8
1386020 2475.3
1386030 2475.3
1386040 2475.5
1386050 2475.8
1386060 2475.8
1386070 2476.4
1386080 2478.7
1386090 2478.7
1386100 2481.0
1386110 2485.8
1386120 2485.8
1386130 2490.5
1386140 2491.7
1386150 2490.8
1386160 2490.8
1386170 2486.7
1386180 2482.7
1386190 2482.7
1386200 2481.5
1386210 2477.9
1386220 2477.9
1386230 2466.2
1386240 2453.0
1386250 2453.0
1386260 2442.1
1386270 2431.9
1386280 2431.9
1386290 2425.1
1386300 2419.5
1386310 2419.5
1386320 2415.8
1386330 2413.7
1386340 2412.0
1386350 2412.0
1386360 2411.4
1386370 2409.4
1386380 2409.4
1386390 2407.3
1386400 2405.6
1386410 2405.6
1386420 2403.3
1386430 2401.6
1386440 2401.6
1386450 2400.4
1386460 2399.3
1386470 2399.3
1386480 2398.4
1386490 2398.1
1386500 2398.1
1386510 2397.2
1386520 2395.8
1386530 2396.7
1386540 2396.7
1386550 2399.0
1386560 2401.7
1386570 2401.7
1386580 2404.3
1386590 2406.4
1386600 2406.4
1386610 2407.7
1386620 2408.9
1386630 2408.9
1386640 2409.7
1386650 2409.7
1386660 2409.7
1386670 2411.1
1386680 2409.3
1386690 2409.3
1386700 2404.5
1386710 2399.0
1386720 2393.6
1386730 2393.6
1386740 2388.4
1386750 2383.9
1386760 2383.9
1386770 2381.2
1386780 2378.5
1386790 2378.5
1386800 2376.5
1386810 2375.2
1386820 2375.2
1386830 2374.6
1386840 2374.0
1386850 2374.0
1386860 2373.1
1386870 2372.8
1386880 2372.8
1386890 2372.5
1386900 2372.5
1386910 2372.5
1386920 2374.7
1386930 2376.9
1386940 2378.5
1386950 2378.5
1386960 2381.3
1386970 2384.4
1386980 2384.4
1386990 2386.9
1387000 2389.1
1387010 2389.1
1387020 2389.8
1387030 2390.1
1387040 2390.1
1387050 2391.1
1387060 2393.8
1387070 2393.8
1387080 2398.2
1387090 2402.4
1387100 2402.4
1387110 2401.8
1387120 2400.7
1387130 2399.4
1387140 2399.4
1387150 2398.9
1387160 2397.7
1387170 2397.7
1387180 2395.5
1387190 2393.1
1387200 2393.1
1387210 2392.0
1387220 2392.1
1387230 2392.1
1387240 2394.2
1387250 2398.0
1387260 2398.0
1387270 2401.5
1387280 2407.3
1387290 2407.3
1387300 2414.7
1387310 2424.9
1387320 2432.4
1387330 2432.4
1387340 2433.0
1387350 2431.1
1387360 2431.1
1387370 2428.0
1387380 2423.0
1387390 2423.0
1387400 2417.9
1387410 2413.2
1387420 2413.2
1387430 2409.9
1387440 2405.9
1387450 2405.9
1387460 2402.4
1387470 2401.6
1387480 2401.6
1387490 2401.6
1387500 2402.5
1387510 2404.7
1387520 2404.7
1387530 2407.5
1387540 2410.3
1387550 2410.3
1387560 2414.1
1387570 2419.2
1387580 2419.2
1387590 2425.6
1387600 2434.8
1387610 2434.8
1387620 2445.3
1387630 2451.6
1387640 2451.6
1387650 2456.7
1387660 2463.7
1387670 2463.7
1387680 2472.6
1387690 2481.3
1387700 2481.3
1387710 2487.0
1387720 2493.5
1387730 2501.8
1387740 2501.8
1387750 2513.2
1387760 2523.7
1387770 2523.7
1387780 2531.2
1387790 2534.2
1387800 2534.2
1387810 2533.2
1387820 2531.6
1387830 2531.6
1387840 2528.5
1387850 2527.4
1387860 2527.4
1387870 2528.4
1387880 2528.8
1387890 2528.8
1387900 2525.5
1387910 2517.9
1387920 2510.9
1387930 2510.9
1387940 2504.4
1387950 2498.5
1387960 2498.5
1387970 2496.2
1387980 2490.7
1387990 2490.7
1388000 2485.0
1388010 2480.2
1388020 2480.2
1388030 2476.7
1388040 2474.0
1388050 2474.0
1388060 2471.0
1388070 2470.6
1388080 2470.6
1388090 2469.9
1388100 2468.1
1388110 2466.5
1388120 2466.5
1388130 2464.6
1388140 2463.2
1388150 2463.2
1388160 2462.1
1388170 2461.4
1388180 2461.4
1388190 2460.7
1388200 2461.0
1388210 2461.0
1388220 2462.0
1388230 2462.4
1388240 2462.4
1388250 2463.3
1388260 2465.4
1388270 2465.4
1388280 2469.1
1388290 2472.1
1388300 2475.0
1388310 2475.0
1388320 2477.2
1388330 2478.0
1388340 2478.0
1388350 2478.3
1388360 2477.6
1388370 2477.6
1388380 2476.9
1388390 2476.3
1388400 2476.3
1388410 2476.0
1388420 2474.8
1388430 2474.8
1388440 2471.9
1388450 2468.9
1388460 2468.9
1388470 2466.2
1388480 2461.9
1388490 2455.0
1388500 2455.0
1388510 2448.5
1388520 2442.9
1388530 2442.9
1388540 2438.1
1388550 2435.7
1388560 2435.7
1388570 2435.8
1388580 2436.3
1388590 2436.3
1388600 2436.2
1388610 2435.0
1388620 2435.0
1388630 2434.0
1388640 2433.2
1388650 2433.2
1388660 2431.7
1388670 2427.9
1388680 2427.9
1388690 2423.6
1388700 2420.3
1388710 2418.0
1388720 2418.0
1388730 2417.5
1388740 2419.2
1388750 2419.2
1388760 2421.2
1388770 2420.6
1388780 2420.6
1388790 2416.1
1388800 2410.9
1388810 2410.9
1388820 2409.1
1388830 2407.8
1388840 2407.8
1388850 2404.0
1388860 2400.6
1388870 2400.6
1388880 2397.8
1388890 2395.3
1388900 2393.3
1388910 2393.3
1388920 2391.5
1388930 2390.2
1388940 2390.2
1388950 2388.3
1388960 2386.5
1388970 2386.5
1388980 2383.7
1388990 2381.6
1389000 2381.6
1389010 2381.8
1389020 2382.3
1389030 2382.3
1389040 2382.7
1389050 2382.8
1389060 2382.8
1389070 2382.7
1389080 2382.2
1389090 2381.6
1389100 2381.6
1389110 2380.7
1389120 2379.7
1389130 2379.7
1389140 2379.2
1389150 2379.0
1389160 2379.0
1389170 2378.8
1389180 2378.6
1389190 2378.6
1389200 2378.2
1389210 2377.6
1389220 2377.6
1389230 2377.1
1389240 2376.9
1389250 2376.9
1389260 2376.2
1389270 2375.5
1389280 2373.9
1389290 2378.3
1389300 2377.3
1389310 2378.3
1389320 2378.3
1389330 2380.0
1389340 2381.6
1389350 2381.6
1389360 2383.2
1389370 2385.0
1389380 2385.0
1389390 2386.2
1389400 2385.8
1389410 2385.8
1389420 2385.5
1389430 2385.2
1389440 2385.2
1389450 2384.6
1389460 2384.5
1389470 2384.5
1389480 2384.5
1389490 2383.2
1389500 2381.4
1389510 2381.4
1389520 2380.7
1389530 2380.3
1389540 2380.3
1389550 2380.6
1389560 2382.2
1389570 2382.2
1389580 2383.7
1389590 2384.3
1389600 2384.3
1389610 2385.4
1389620 2386.3
1389630 2386.3
1389640 2386.3
1389650 2386.2
1389660 2386.2
1389670 2386.3
1389680 2386.1
1389690 2386.0
1389700 2386.0
1389710 2386.3
1389720 2386.8
1389730 2386.8
1389740 2387.3
1389750 2387.2
1389760 2387.2
1389770 2386.9
1389780 2386.8
1389790 2386.8
1389800 2386.5
1389810 2386.4
1389820 2386.4
1389830 2387.9
1389840 2389.6
1389850 2389.6
1389860 2391.0
1389870 2394.5
1389880 2398.3
1389890 2398.3
1389900 2401.9
1389910 2406.0
1389920 2406.0
1389930 2409.4
1389940 2410.6
1389950 2410.6
1389960 2411.5
1389970 2413.1
1389980 2413.1
1389990 2415.8
1390000 2418.8
1390010 2418.8
1390020 2421.9
1390030 2425.5
1390040 2425.5
1390050 2429.6
1390060 2433.5
1390070 2437.4
1390080 2437.4
1390090 2442.2
1390100 2447.6
1390110 2447.6
1390120 2453.4
1390130 2459.2
1390140 2459.2
1390150 2465.4
1390160 2471.6
1390170 2471.6
1390180 2478.4
1390190 2486.3
1390200 2486.3
1390210 2495.2
1390220 2503.0
1390230 2503.0
1390240 2507.9
1390250 2512.2
1390260 2514.6
1390270 2514.6
1390280 2516.0
1390290 2516.5
1390300 2516.5
1390310 2519.3
1390320 2523.5
1390330 2523.5
1390340 2528.3
1390350 2533.7
1390360 2533.7
1390370 2540.2
1390380 2547.3
1390390 2547.3
1390400 2556.0
1390410 2559.8
1390420 2559.8
1390430 2556.5
1390440 2552.4
1390450 2552.4
1390460 2548.4
1390470 2543.3
1390480 2536.5
1390490 2536.5
1390500 2529.5
1390510 2523.7
1390520 2523.7
1390530 2518.2
1390540 2512.5
1390550 2512.5
1390560 2506.8
1390570 2499.4
1390580 2499.4
1390590 2492.4
1390600 2486.0
1390610 2486.0
1390620 2480.9
1390630 2482.7
1390640 2482.7
1390650 2480.3
1390660 2478.5
1390670 2478.3
1390680 2478.3
1390690 2478.9
1390700 2480.5
1390710 2480.5
1390720 2482.3
1390730 2482.9
1390740 2482.9
1390750 2481.9
1390760 2480.0
1390770 2480.0
1390780 2478.4
1390790 2475.4
1390800 2475.4
1390810 2472.3
1390820 2470.2
1390830 2470.2
1390840 2469.6
1390850 2468.1
1390860 2466.8
1390870 2466.8
1390880 2465.5
1390890 2464.3
1390900 2464.3
1390910 2463.8
1390920 2464.9
1390930 2464.9
1390940 2466.6
1390950 2468.1
1390960 2468.1
1390970 2468.8
1390980 2466.5
1390990 2466.5
1391000 2463.7
1391010 2461.8
1391020 2461.8
1391030 2460.3
1391040 2456.0
1391050 2457.4
1391060 2457.4
1391070 2459.9
1391080 2459.1
1391090 2459.1
1391100 2449.7
1391110 2440.0
1391120 2440.0
1391130 2437.3
1391140 2434.7
1391150 2434.7
1391160 2429.1
1391170 2423.6
1391180 2423.6
1391190 2421.3
1391200 2429.2
1391210 2429.2
1391220 2441.9
1391230 2452.2
1391240 2452.2
1391250 2461.3
1391260 2473.6
1391270 2479.3
1391280 2479.3
1391290 2477.9
1391300 2462.9
1391310 2462.9
1391320 2447.3
1391330 2439.6
1391340 2439.6
1391350 2436.0
1391360 2435.5
1391370 2435.5
1391380 2430.6
1391390 2420.0
1391400 2420.0
1391410 2414.0
1391420 2415.9
1391430 2415.9
1391440 2418.9
1391450 2421.4
1391460 2428.3
1391470 2428.3
1391480 2429.4
1391490 2422.0
1391500 2422.0
1391510 2420.1
1391520 2421.1
1391530 2421.1
1391540 2420.5
1391550 2411.9
1391560 2411.9
1391570 2401.0
1391580 2403.6
1391590 2403.6
1391600 2409.1
1391610 2410.9
1391620 2410.9
1391630 2413.5
1391640 2415.6
1391650 2418.3
1391660 2418.3
1391670 2419.9
1391680 2417.1
1391690 2417.1
1391700 2412.5
1391710 2409.7
1391720 2409.7
1391730 2408.9
1391740 2408.7
1391750 2408.7
1391760 2409.6
1391770 2409.1
1391780 2409.1
1391790 2405.3
1391800 2404.9
1391810 2404.9
1391820 2408.6
1391830 2412.9
1391840 2415.7
1391850 2415.7
1391860 2419.7
1391870 2422.9
1391880 2422.9
1391890 2423.3
1391900 2423.6
1391910 2423.6
1391920 2423.4
1391930 2424.1
1391940 2424.1
1391950 2428.7
1391960 2432.0
1391970 2432.0
1391980 2436.6
1391990 2443.7
1392000 2443.7
1392010 2446.6
1392020 2448.0
1392030 2451.6
1392040 2451.6
1392050 2456.6
1392060 2461.8
1392070 2461.8
1392080 2467.7
1392090 2475.5
1392100 2475.5
1392110 2489.7
1392120 2501.8
1392130 2501.8
1392140 2510.3
1392150 2519.0
1392160 2519.0
1392170 2524.6
1392180 2527.5
1392190 2527.5
1392200 2528.8
1392210 2528.5
1392220 2528.5
1392230 2527.6
1392240 2525.8
1392250 2523.2
1392260 2523.2
1392270 2522.1
1392280 2521.0
1392290 2521.0
1392300 2519.2
1392310 2519.1
1392320 2519.1
1392330 2518.6
1392340 2517.3
1392350 2517.3
1392360 2516.8
1392370 2516.6
1392380 2516.6
1392390 2518.4
1392400 2519.8
1392410 2519.8
1392420 2519.3
1392430 2518.9
1392440 2518.1
1392450 2518.1
1392460 2515.4
1392470 2511.7
1392480 2511.7
1392490 2506.6
1392500 2502.8
1392510 2502.8
1392520 2500.4
1392530 2499.3
1392540 2499.3
1392550 2499.2
1392560 2499.6
1392570 2499.6
1392580 2500.9
1392590 2501.5
1392600 2501.5
1392610 2501.5
1392620 2501.5
1392630 2503.0
1392640 2503.0
1392650 2505.0
1392660 2507.4
1392670 2507.4
1392680 2510.8
1392690 2513.3
1392700 2513.3
1392710 2516.0
1392720 2519.7
1392730 2519.7
1392740 2526.0
1392750 2537.2
1392760 2537.2
1392770 2543.4
1392780 2548.7
1392790 2548.7
1392800 2552.7
1392810 2557.5
1392820 2563.2
1392830 2563.2
1392840 2569.6
1392850 2576.7
1392860 2576.7
1392870 2584.5
1392880 2594.1
1392890 2594.1
1392900 2603.9
1392910 2613.3
1392920 2613.3
1392930 2611.1
1392940 2602.0
1392950 2602.0
1392960 2592.3
1392970 2584.9
1392980 2584.9
1392990 2573.7
1393000 2564.1
1393010 2564.1
1393020 2557.0
1393030 2550.8
1393040 2546.3
1393050 2546.3
1393060 2542.9
1393070 2539.3
1393080 2539.3
1393090 2535.0
1393100 2528.2
1393110 2528.2
1393120 2522.2
1393130 2516.8
1393140 2516.8
1393150 2510.2
1393160 2503.1
1393170 2503.1
1393180 2496.9
1393190 2491.8
1393200 2491.8
1393210 2487.6
1393220 2483.4
1393230 2480.0
1393240 2480.0
1393250 2479.0
1393260 2479.0
1393270 2479.0
1393280 2479.6
1393290 2480.8
1393300 2480.8
1393310 2481.8
1393320 2478.3
1393330 2478.3
1393340 2478.8
1393350 2482.5
1393360 2482.5
1393370 2480.5
1393380 2482.3
1393390 2482.3
1393400 2480.1
1393410 2476.0
1393420 2472.9
1393430 2472.9
1393440 2469.9
1393450 2467.0
1393460 2467.0
1393470 2461.8
1393480 2454.1
1393490 2454.1
1393500 2448.9
1393510 2444.5
1393520 2444.5
1393530 2440.4
1393540 2435.4
1393550 2435.4
1393560 2430.0
1393570 2424.9
1393580 2424.9
1393590 2420.1
1393600 2409.7
1393610 2393.6
1393620 2393.6
1393630 2380.2
1393640 2371.0
1393650 2371.0
1393660 2364.3
1393670 2358.1
1393680 2358.1
1393690 2353.0
1393700 2348.1
1393710 2348.1
1393720 2343.5
1393730 2338.6
1393740 2338.6
1393750 2333.2
1393760 2328.4
1393770 2328.4
1393780 2323.9
1393790 2317.8
1393800 2312.0
1393810 2312.0
1393820 2308.4
1393830 2306.7
1393840 2306.7
1393850 2304.4
1393860 2302.2
1393870 2302.2
1393880 2301.1
1393890 2300.4
1393900 2300.4
1393910 2300.5
1393920 2299.0
1393930 2299.0
1393940 2294.4
1393950 2289.2
1393960 2289.2
1393970 2284.6
1393980 2281.0
1393990 2281.0
1394000 2276.7
1394010 2268.8
1394020 2258.8
1394030 2258.8
1394040 2251.2
1394050 2245.0
1394060 2245.0
1394070 2240.6
1394080 2237.2
1394090 2237.2
1394100 2234.3
1394110 2230.7
1394120 2230.7
1394130 2227.1
1394140 2223.9
1394150 2223.9
1394160 2219.9
1394170 2215.3
1394180 2215.3
1394190 2209.2
1394200 2199.0
1394210 2188.8
1394220 2188.8
1394230 2180.7
1394240 2174.7
1394250 2174.7
1394260 2170.4
1394270 2166.9
1394280 2166.9
1394290 2162.4
1394300 2157.8
1394310 2157.8
1394320 2152.3
1394330 2145.6
1394340 2145.6
1394350 2138.0
1394360 2129.9
1394370 2129.9
1394380 2121.7
1394390 2115.3
1394400 2109.0
1394410 2109.0
1394420 2100.3
1394430 2091.2
1394440 2091.2
1394450 2080.4
1394460 2066.9
1394470 2066.9
1394480 2054.3
1394490 2045.2
1394500 2045.2
1394510 2037.3
1394520 2030.5
1394530 2030.5
1394540 2025.4
1394550 2019.8
1394560 2019.8
1394570 2013.7
1394580 2005.9
1394590 1995.6
1394600 1995.6
1394610 1984.6
1394620 1977.8
1394630 1977.8
1394640 1971.6
1394650 1966.8
1394660 1966.8
1394670 1962.5
1394680 1956.0
1394690 1956.0
1394700 1949.2
1394710 1942.8
1394720 1942.8
1394730 1937.2
1394740 1929.5
1394750 1929.5
1394760 1921.7
1394770 1911.8
1394780 1911.8
1394790 1908.1
1394800 1905.1
1394810 1901.7
1394820 1901.7
1394830 1897.6
1394840 1893.0
1394850 1893.0
1394860 1889.2
1394870 1886.0
1394880 1886.0
1394890 1882.5
1394900 1880.2
1394910 1880.2
1394920 1881.5
1394930 1882.6
1394940 1882.6
1394950 1882.0
1394960 1881.2
1394970 1881.2
1394980 1880.7
1394990 1880.1
1395000 1879.1
1395010 1879.1
1395020 1878.6
1395030 1877.3
1395040 1877.3
1395050 1876.0
1395060 1873.4
1395070 1873.4
1395080 1871.2
1395090 1869.6
1395100 1869.6
1395110 1867.4
1395120 1864.8
1395130 1864.8
1395140 1858.2
1395150 1851.9
1395160 1851.9
1395170 1850.9
1395180 1849.7
1395190 1849.6
1395200 1849.6
1395210 1850.8
1395220 1851.4
1395230 1851.4
1395240 1851.1
1395250 1850.1
1395260 1850.1
1395270 1848.9
1395280 1847.2
1395290 1847.2
1395300 1847.8
1395310 1849.0
1395320 1849.0
1395330 1851.0
1395340 1851.4
1395350 1851.4
1395360 1851.1
1395370 1851.2
1395380 1851.7
1395390 1851.7
1395400 1852.3
1395410 1852.2
1395420 1852.2
1395430 1851.7
1395440 1851.6
1395450 1851.6
1395460 1850.4
1395470 1850.3
1395480 1850.3
1395490 1853.9
1395500 1857.9
1395510 1857.9
1395520 1860.3
1395530 1862.2
1395540 1862.2
1395550 1864.8
1395560 1872.7
1395570 1870.8
1395580 1870.8
1395590 1876.0
1395600 1882.2
1395610 1882.2
1395620 1884.2
1395630 1887.8
1395640 1887.8
1395650 1891.5
1395660 1891.6
1395670 1891.6
1395680 1890.7
1395690 1887.7
1395700 1887.7
1395710 1881.4
1395720 1878.6
1395730 1878.6
1395740 1876.2
1395750 1874.6
1395760 1874.6
1395770 1874.1
1395780 1873.5
1395790 1875.9
1395800 1875.9
1395810 1879.1
1395820 1881.6
1395830 1881.6
1395840 1881.1
1395850 1877.4
1395860 1877.4
1395870 1873.7
1395880 1869.1
1395890 1869.1
1395900 1863.0
1395910 1859.5
1395920 1859.5
1395930 1857.0
1395940 1852.6
1395950 1852.6
1395960 1848.3
1395970 1843.5
1395980 1837.9
1395990 1837.9
1396000 1832.4
1396010 1826.8
1396020 1826.8
1396030 1821.6
1396040 1816.4
1396050 1816.4
1396060 1811.5
1396070 1806.8
1396080 1806.8
1396090 1801.4
1396100 1794.1
1396110 1794.1
1396120 1787.8
1396130 1782.9
1396140 1782.9
1396150 1777.8
1396160 1772.5
1396170 1768.2
1396180 1768.2
1396190 1768.9
1396200 1765.4
1396210 1765.4
1396220 1760.8
1396230 1756.3
1396240 1756.3
1396250 1752.1
1396260 1748.6
1396270 1748.6
1396280 1746.5
1396290 1744.9
1396300 1744.9
1396310 1737.6
1396320 1727.6
1396330 1727.6
1396340 1720.0
1396350 1713.1
1396360 1709.0
1396370 1709.0
1396380 1704.7
1396390 1701.2
1396400 1701.2
1396410 1697.4
1396420 1692.1
1396430 1692.1
1396440 1684.9
1396450 1678.5
1396460 1678.5
1396470 1671.7
1396480 1665.3
1396490 1665.3
1396500 1660.7
1396510 1656.9
1396520 1656.9
1396530 1652.1
1396540 1643.6
1396550 1643.6
1396560 1637.3
1396570 1634.8
1396580 1628.7
1396590 1628.7
1396600 1617.4
1396610 1605.0
1396620 1605.0
1396630 1593.0
1396640 1581.8
1396650 1581.8
1396660 1572.3
1396670 1566.3
1396680 1566.3
1396690 1561.1
1396700 1555.9
1396710 1555.9
1396720 1554.0
1396730 1552.2
1396740 1552.2
1396750 1549.0
1396760 1544.1
1396770 1538.8
1396780 1538.8
1396790 1532.8
1396800 1526.9
1396810 1526.9
1396820 1521.8
1396830 1517.7
1396840 1517.7
1396850 1515.1
1396860 1511.2
1396870 1511.2
1396880 1505.4
1396890 1499.9
1396900 1499.9
1396910 1493.0
1396920 1486.5
1396930 1486.5
1396940 1480.3
1396950 1474.4
1396960 1468.6
1396970 1468.6
1396980 1463.3
1396990 1458.3
1397000 1458.3
1397010 1452.8
1397020 1447.0
1397030 1447.0
1397040 1441.4
1397050 1435.5
1397060 1435.5
1397070 1430.6
1397080 1425.6
1397090 1425.6
1397100 1420.6
1397110 1415.3
1397120 1415.3
1397130 1410.0
1397140 1405.7
1397150 1402.0
1397160 1402.0
1397170 1396.7
1397180 1391.9
1397190 1391.9
1397200 1386.1
1397210 1378.2
1397220 1378.2
1397230 1374.0
1397240 1370.3
1397250 1370.3
1397260 1366.8
1397270 1364.8
1397280 1364.8
1397290 1363.4
1397300 1362.8
1397310 1362.8
1397320 1359.8
1397330 1354.4
1397340 1348.7
1397350 1348.7
1397360 1341.7
1397370 1331.9
1397380 1331.9
1397390 1322.5
1397400 1314.4
1397410 1314.4
1397420 1301.7
1397430 1293.1
1397440 1293.1
1397450 1285.9
1397460 1281.4
1397470 1281.4
1397480 1275.3
1397490 1270.5
1397500 1270.5
1397510 1264.8
1397520 1258.4
1397530 1258.4
1397540 1250.7
1397550 1243.3
1397560 1237.6
1397570 1237.6
1397580 1231.1
1397590 1223.7
1397600 1223.7
1397610 1214.3
1397620 1205.6
1397630 1207.9
1397640 1210.3
1397650 1213.4
1397660 1213.4
1397670 1211.0
1397680 1205.2
1397690 1205.2
1397700 1197.1
1397710 1190.1
1397720 1190.1
1397730 1183.1
1397740 1177.4
1397750 1170.6
1397760 1170.6
1397770 1165.8
1397780 1163.9
1397790 1163.9
1397800 1161.1
1397810 1155.8
1397820 1155.8
1397830 1150.3
1397840 1144.8
1397850 1144.8
1397860 1135.8
1397870 1123.2
1397880 1123.2
1397890 1111.6
1397900 1105.3
1397910 1105.3
1397920 1102.0
1397930 1092.6
1397940 1082.2
1397950 1082.2
1397960 1073.0
1397970 1062.3
1397980 1062.3
1397990 1054.3
1398000 1046.5
1398010 1046.5
1398020 1038.8
1398030 1030.9
1398040 1030.9
1398050 1023.3
1398060 1016.0
1398070 1016.0
1398080 1009.3
1398090 1003.1
1398100 1003.1
1398110 997.1
1398120 992.1
1398130 987.5
1398140 987.5
1398150 982.7
1398160 977.9
1398170 977.9
1398180 973.4
1398190 969.2
1398200 969.2
1398210 965.4
1398220 962.2
1398230 962.2
1398240 960.5
1398250 959.0
1398260 959.0
1398270 955.9
1398280 952.4
1398290 952.4
1398300 948.7
1398310 945.6
1398320 945.6
1398330 942.8
1398340 940.0
1398350 936.0
1398360 936.0
1398370 931.1
1398380 926.1
1398390 926.1
1398400 920.7
1398410 914.5
1398420 914.5
1398430 906.8
1398440 899.7
1398450 899.7
1398460 892.0
1398470 882.3
1398480 882.3
1398490 871.4
1398500 862.6
1398510 862.6
1398520 860.5
1398530 860.1
1398540 860.1
1398550 860.1
1398560 860.2
1398570 860.3
1398580 860.3
1398590 860.1
1398600 859.3
1398610 859.3
1398620 858.8
1398630 858.4
1398640 858.4
1398650 857.8
1398660 857.5
1398670 857.5
1398680 857.4
1398690 857.3
1398700 857.3
1398710 857.4
1398720 857.5
1398730 857.4
1398740 857.4
1398750 857.3
1398760 857.2
1398770 857.2
1398780 855.4
1398790 851.4
1398800 851.4
1398810 850.4
1398820 851.1
1398830 851.1
1398840 850.4
1398850 849.7
1398860 849.7
1398870 848.8
1398880 848.6
1398890 848.6
1398900 849.0
1398910 849.8
1398920 852.7
1398930 852.7
1398940 853.2
1398950 853.3
1398960 853.3
1398970 853.5
1398980 853.2
1398990 853.2
1399000 852.7
1399010 852.7
1399020 852.7
1399030 852.9
1399040 854.0
1399050 854.0
1399060 854.9
1399070 852.5
1399080 852.5
1399090 851.6
1399100 851.4
1399110 851.8
1399120 851.8
1399130 853.8
1399140 858.8
1399150 858.8
1399160 864.5
1399170 870.7
1399180 870.7
1399190 875.7
1399200 877.9
1399210 877.9
1399220 880.7
1399230 883.5
1399240 883.5
1399250 885.7
1399260 887.4
1399270 887.4
1399280 890.0
1399290 895.2
1399300 895.2
1399310 898.3
1399320 900.4
1399330 904.3
1399340 904.3
1399350 910.5
1399360 917.4
1399370 917.4
1399380 924.5
1399390 930.0
1399400 930.0
1399410 936.7
1399420 943.9
1399430 943.9
1399440 950.4
1399450 957.1
1399460 957.1
1399470 965.7
1399480 973.4
1399490 973.4
1399500 979.1
1399510 983.2
1399520 987.2
1399530 987.2
1399540 991.3
1399550 994.8
1399560 994.8
1399570 997.9
1399580 1001.7
1399590 1001.7
1399600 1006.1
1399610 1010.4
1399620 1010.4
1399630 1014.7
1399640 1019.0
1399650 1019.0
1399660 1024.2
1399670 1029.3
1399680 1029.3
1399690 1034.4
1399700 1038.0
1399710 1038.8
1399720 1038.8
1399730 1038.6
1399740 1036.6
1399750 1036.6
1399760 1034.1
1399770 1033.6
1399780 1033.6
1399790 1036.7
1399800 1043.5
1399810 1043.5
1399820 1052.3
1399830 1062.1
1399840 1062.1
1399850 1072.0
1399860 1078.0
1399870 1078.0
1399880 1084.1
1399890 1091.4
1399900 1098.9
1399910 1098.9
1399920 1107.4
1399930 1113.9
1399940 1113.9
1399950 1118.2
1399960 1125.7
1399970 1125.7
1399980 1133.8
1399990 1143.2
1380000 2613.5
1380010 2613.8
1380020 2613.8
1380030 2614.1
1380040 2614.0
1380050 2612.7
1380060 2612.7
1380070 2613.7
1380080 2617.9
1380090 2617.9
1380100 2612.5
1380110 2600.1
1380120 2600.1
1380130 2591.9
1380140 2584.6
1380150 2584.6
1380160 2577.6
1380170 2570.1
1380180 2570.1
1380190 2560.1
1380200 2551.0
1380210 2551.0
1380220 2543.2
1380230 2536.3
1380240 2530.2
1380250 2530.2
1380260 2524.7
1380270 2521.0
1380280 2521.0
1380290 2517.3
1380300 2513.0
1380310 2513.0
1380320 2510.5
1380330 2509.3
1380340 2509.3
1380350 2509.1
1380360 2507.8
1380370 2507.8
1380380 2505.7
1380390 2503.3
1380400 2503.3
1380410 2505.2
1380420 2504.9
1380430 2504.8
1380440 2504.8
1380450 2504.4
1380460 2503.2
1380470 2503.2
1380480 2501.7
1380490 2501.0
1380500 2501.0
1380510 2500.8
1380520 2500.2
1380530 2500.2
1380540 2498.7
1380550 2497.6
1380560 2497.6
1380570 2496.8
1380580 2497.6
1380590 2497.6
1380600 2497.2
1380610 2495.9
1380620 2494.3
1380630 2494.3
1380640 2492.3
1380650 2491.4
1380660 2491.4
1380670 2490.9
1380680 2489.1
1380690 2489.1
1380700 2487.9
1380710 2488.0
1380720 2488.0
1380730 2487.8
1380740 2486.8
1380750 2486.8
1380760 2486.4
1380770 2486.8
1380780 2486.8
1380790 2487.3
1380800 2488.6
1380810 2488.6
1380820 2490.0
1380830 2490.9
1380840 2491.4
1380850 2491.4
1380860 2491.9
1380870 2492.1
1380880 2492.1
1380890 2492.3
1380900 2494.1
1380910 2494.1
1380920 2498.4
1380930 2501.5
1380940 2501.5
1380950 2501.6
1380960 2500.5
1380970 2500.5
1380980 2500.2
1380990 2502.6
1381000 2502.6
1381010 2505.9
1381020 2510.6
1381030 2513.9
1381040 2513.9
1381050 2514.4
1381060 2515.2
1381070 2515.2
1381080 2514.6
1381090 2515.0
1381100 2515.0
1381110 2517.6
1381120 2519.7
1381130 2519.7
1381140 2519.2
1381150 2517.6
1381160 2517.6
1381170 2517.2
1381180 2517.0
1381190 2517.0
1381200 2514.6
1381210 2510.9
1381220 2499.0
1381230 2499.0
1381240 2486.2
1381250 2479.0
1381260 2479.0
1381270 2473.1
1381280 2467.4
1381290 2467.4
1381300 2463.3
1381310 2460.3
1381320 2460.3
1381330 2458.7
1381340 2456.0
1381350 2456.0
1381360 2452.3
1381370 2449.0
1381380 2449.0
1381390 2445.4
1381400 2441.6
1381410 2438.0
1381420 2438.0
1381430 2435.1
1381440 2432.1
1381450 2432.1
1381460 2429.3
1381470 2427.1
1381480 2427.1
1381490 2424.7
1381500 2421.9
1381510 2421.9
1381520 2418.6
1381530 2414.7
1381540 2414.7
1381550 2410.7
1381560 2405.8
1381570 2405.8
1381580 2401.9
1381590 2398.5
1381600 2394.5
1381610 2394.5
1381620 2391.3
1381630 2387.7
1381640 2389.1
1381650 2387.5
1381660 2385.6
1381670 2385.6
1381680 2382.6
1381690 2380.6
1381700 2380.6
1381710 2379.3
1381720 2379.6
1381730 2379.6
1381740 2378.3
1381750 2377.6
1381760 2377.6
1381770 2378.5
1381780 2377.5
1381790 2377.5
1381800 2377.3
1381810 2377.9
1381820 2377.1
1381830 2377.1
1381840 2377.9
1381850 2378.2
1381860 2378.2
1381870 2379.1
1381880 2380.5
1381890 2380.5
1381900 2380.6
1381910 2378.7
1381920 2378.7
1381930 2378.3
1381940 2379.2
1381950 2379.2
1381960 2380.9
1381970 2382.8
1381980 2382.8
1381990 2383.8
1382000 2383.5
1382010 2383.7
1382020 2383.7
1382030 2383.4
1382040 2383.7
1382050 2383.7
1382060 2384.6
1382070 2385.1
1382080 2385.1
1382090 2384.6
1382100 2382.2
1382110 2382.2
1382120 2378.4
1382130 2374.1
1382140 2374.1
1382150 2370.6
1382160 2369.8
1382170 2369.8
1382180 2369.2
1382190 2369.0
1382200 2369.7
1382210 2369.7
1382220 2367.8
1382230 2365.4
1382240 2365.4
1382250 2365.6
1382260 2363.3
1382270 2363.3
1382280 2360.0
1382290 2357.8
1382300 2357.8
1382310 2357.6
1382320 2357.5
1382330 2357.5
1382340 2357.6
1382350 2357.6
1382360 2357.6
1382370 2357.7
1382380 2357.7
1382390 2357.6
1382400 2357.6
1382410 2357.6
1382420 2357.6
1382430 2357.6
1382440 2357.6
1382450 2357.6
1382460 2357.6
1382470 2358.4
1382480 2360.5
1382490 2360.5
1382500 2362.8
1382510 2364.5
1382520 2364.5
1382530 2366.0
1382540 2368.1
1382550 2368.1
1382560 2371.0
1382570 2375.2
1382580 2375.2
1382590 2380.0
1382600 2384.7
1382610 2388.1
1382620 2388.1
1382630 2390.5
1382640 2392.4
1382650 2392.4
1382660 2395.0
1382670 2398.6
1382680 2398.6
1382690 2402.2
1382700 2405.6
1382710 2405.6
1382720 2408.2
1382730 2409.9
1382740 2409.9
1382750 2411.8
1382760 2413.3
1382770 2413.3
1382780 2414.7
1382790 2416.8
1382800 2418.2
1382810 2418.2
1382820 2421.0
1382830 2424.8
1382840 2424.8
1382850 2427.2
1382860 2430.6
1382870 2440.4
1382880 2443.3
1382890 2446.7
1382900 2446.7
1382910 2455.4
1382920 2462.5
1382930 2462.5
1382940 2457.2
1382950 2454.6
1382960 2454.6
1382970 2462.6
1382980 2461.9
1382990 2457.7
1383000 2457.7
1383010 2459.0
1383020 2458.8
1383030 2458.8
1383040 2460.8
1383050 2461.7
1383060 2461.7
1383070 2462.2
1383080 2461.2
1383090 2461.2
1383100 2457.2
1383110 2457.3
1383120 2457.3
1383130 2457.4
1383140 2456.0
1383150 2456.0
1383160 2455.7
1383170 2457.9
1383180 2459.5
1383190 2459.5
1383200 2462.9
1383210 2465.0
1383220 2465.0
1383230 2465.7
1383240 2466.8
1383250 2466.8
1383260 2467.6
1383270 2469.0
1383280 2469.0
1383290 2471.4
1383300 2473.7
1383310 2473.7
1383320 2476.3
1383330 2478.5
1383340 2478.5
1383350 2480.3
1383360 2482.8
1383370 2482.8
1383380 2485.2
1383390 2487.4
1383400 2489.3
1383410 2489.3
1383420 2490.6
1383430 2491.8
1383440 2491.8
1383450 2493.6
1383460 2497.2
1383470 2497.2
1383480 2503.8
1383490 2512.5
1383500 2512.5
1383510 2520.8
1383520 2527.2
1383530 2527.2
1383540 2533.3
1383550 2536.7
1383560 2536.7
1383570 2538.6
1383580 2539.9
1383590 2541.3
1383600 2541.3
1383610 2542.8
1383620 2543.4
1383630 2543.4
1383640 2543.6
1383650 2542.2
1383660 2542.2
1383670 2540.1
1383680 2539.0
1383690 2539.0
1383700 2538.1
1383710 2537.5
1383720 2537.5
1383730 2536.3
1383740 2534.4
1383750 2534.4
1383760 2534.6
1383770 2536.2
1383780 2539.0
1383790 2539.0
1383800 2543.1
1383810 2547.4
1383820 2547.4
1383830 2551.4
1383840 2556.2
1383850 2556.2
1383860 2562.5
1383870 2568.6
1383880 2568.6
1383890 2573.7
1383900 2579.0
1383910 2579.0
1383920 2587.7
1383930 2599.7
1383940 2599.7
1383950 2608.4
1383960 2613.2
1383970 2616.7
1383980 2616.7
1383990 2618.2
1384000 2617.9
1384010 2617.9
1384020 2617.1
1384030 2614.4
1384040 2614.4
1384050 2608.8
1384060 2603.4
1384070 2603.4
1384080 2600.0
1384090 2599.0
1384100 2599.0
1384110 2600.2
1384120 2606.8
1384130 2606.8
1384140 2602.3
1384150 2599.2
1384160 2598.7
1384170 2598.7
1384180 2597.1
1384190 2596.3
1384200 2596.3
1384210 2595.7
1384220 2593.1
1384230 2593.1
1384240 2591.8
1384250 2586.8
1384260 2586.8
1384270 2579.1
1384280 2574.4
1384290 2574.4
1384300 2573.6
1384310 2573.8
1384320 2573.8
1384330 2572.3
1384340 2569.9
1384350 2569.9
1384360 2566.8
1384370 2563.7
1384380 2562.8
1384390 2562.8
1384400 2560.1
1384410 2559.3
1384420 2559.3
1384430 2558.4
1384440 2558.0
1384450 2558.0
1384460 2558.0
1384470 2557.0
1384480 2557.0
1384490 2556.2
1384500 2555.9
1384510 2555.9
1384520 2556.1
1384530 2556.7
1384540 2556.7
1384550 2558.6
1384560 2562.6
1384570 2565.4
1384580 2565.4
1384590 2566.5
1384600 2568.1
1384610 2568.1
1384620 2569.0
1384630 2568.7
1384640 2568.7
1384650 2570.3
1384660 2572.6
1384670 2572.6
1384680 2572.9
1384690 2574.1
1384700 2574.1
1384710 2577.8
1384720 2579.9
1384730 2579.9
1384740 2582.1
1384750 2585.4
1384760 2588.2
1384770 2588.2
1384780 2592.1
1384790 2596.9
1384800 2596.9
1384810 2600.9
1384820 2604.9
1384830 2604.9
1384840 2609.0
1384850 2613.9
1384860 2613.9
1384870 2619.2
1384880 2625.5
1384890 2625.5
1384900 2631.4
1384910 2638.6
1384920 2638.6
1384930 2645.4
1384940 2653.5
1384950 2662.9
1384960 2662.9
1384970 2670.9
1384980 2676.9
1384990 2676.9
1385000 2678.5
1385010 2680.0
1385020 2680.0
1385030 2682.2
1385040 2683.5
1385050 2683.5
1385060 2684.6
1385070 2687.4
1385080 2687.4
1385090 2690.8
1385100 2693.8
1385110 2693.8
1385120 2697.7
1385130 2702.0
1385140 2702.0
1385150 2704.8
1385160 2706.1
1385170 2704.2
1385180 2704.2
1385190 2700.7
1385200 2696.7
1385210 2696.7
1385220 2693.4
1385230 2691.2
1385240 2691.2
1385250 2688.3
1385260 2685.0
1385270 2685.0
1385280 2681.5
1385290 2674.8
1385300 2674.8
1385310 2664.7
1385320 2656.2
1385330 2656.2
1385340 2648.6
1385350 2641.1
1385360 2634.0
1385370 2634.0
1385380 2626.4
1385390 2619.6
1385400 2619.6
1385410 2612.9
1385420 2606.3
1385430 2606.3
1385440 2600.0
1385450 2594.0
1385460 2594.0
1385470 2588.0
1385480 2583.5
1385490 2583.5
1385500 2580.3
1385510 2577.8
1385520 2577.8
1385530 2575.5
1385540 2572.7
1385550 2571.3
1385560 2571.3
1385570 2571.7
1385580 2571.6
1385590 2571.6
1385600 2568.9
1385610 2563.1
1385620 2563.1
1385630 2556.1
1385640 2547.8
1385650 2547.8
1385660 2538.9
1385670 2530.4
1385680 2530.4
1385690 2521.3
1385700 2513.9
1385710 2513.9
1385720 2507.7
1385730 2502.4
1385740 2498.2
1385750 2498.2
1385760 2494.6
1385770 2491.2
1385780 2491.2
1385790 2488.2
1385800 2485.5
1385810 2485.5
1385820 2483.4
1385830 2482.3
1385840 2482.3
1385850 2481.0
1385860 2479.5
1385870 2479.5
1385880 2477.8
1385890 2474.1
1385900 2474.1
1385910 2470.5
1385920 2468.7
1385930 2469.4
1385940 2469.4
1385950 2471.1
1385960 2472.8
1385970 2472.8
1385980 2473.6
1385990 2474.5
1386000 2474.5
1386010 2474.8
1386020 2475.3
1386030 2475.3
1386040 2475.5
1386050 2475.8
1386060 2475.8
1386070 2476.4
1386080 2478.7
1386090 2478.7
1386100 2481.0
1386110 2485.8
1386120 2485.8
1386130 2490.5
1386140 2491.7
1386150 2490.8
1386160 2490.8
1386170 2486.7
1386180 2482.7
1386190 2482.7
1386200 2481.5
1386210 2477.9
1386220 2477.9
1386230 2466.2
1386240 2453.0
1386250 2453.0
1386260 2442.1
1386270 2431.9
1386280 2431.9
1386290 2425.1
1386300 2419.5
1386310 2419.5
1386320 2415.8
1386330 2413.7
1386340 2412.0
1386350 2412.0
1386360 2411.4
1386370 2409.4
1386380 2409.4
1386390 2407.3
1386400 2405.6
1386410 2405.6
1386420 2403.3
1386430 2401.6
1386440 2401.6
1386450 2400.4
1386460 2399.3
1386470 2399.3
1386480 2398.4
1386490 2398.1
1386500 2398.1
1386510 2397.2
1386520 2395.8
1386530 2396.7
1386540 2396.7
1386550 2399.0
1386560 2401.7
1386570 2401.7
1386580 2404.3
1386590 2406.4
1386600 2406.4
1386610 2407.7
1386620 2408.9
1386630 2408.9
1386640 2409.7
1386650 2409.7
1386660 2409.7
1386670 2411.1
1386680 2409.3
1386690 2409.3
1386700 2404.5
1386710 2399.0
1386720 2393.6
1386730 2393.6
1386740 2388.4
1386750 2383.9
1386760 2383.9
1386770 2381.2
1386780 2378.5
1386790 2378.5
1386800 2376.5
1386810 2375.2
1386820 2375.2
1386830 2374.6
1386840 2374.0
1386850 2374.0
1386860 2373.1
1386870 2372.8
1386880 2372.8
1386890 2372.5
1386900 2372.5
1386910 2372.5
1386920 2374.7
1386930 2376.9
1386940 2378.5
1386950 2378.5
1386960 2381.3
1386970 2384.4
1386980 2384.4
1386990 2386.9
1387000 2389.1
1387010 2389.1
1387020 2389.8
1387030 2390.1
1387040 2390.1
1387050 2391.1
1387060 2393.8
1387070 2393.8
1387080 2398.2
1387090 2402.4
1387100 2402.4
1387110 2401.8
1387120 2400.7
1387130 2399.4
1387140 2399.4
1387150 2398.9
1387160 2397.7
1387170 2397.7
1387180 2395.5
1387190 2393.1
1387200 2393.1
1387210 2392.0
1387220 2392.1
1387230 2392.1
1387240 2394.2
1387250 2398.0
1387260 2398.0
1387270 2401.5
1387280 2407.3
1387290 2407.3
1387300 2414.7
1387310 2424.9
1387320 2432.4
1387330 2432.4
1387340 2433.0
1387350 2431.1
1387360 2431.1
1387370 2428.0
1387380 2423.0
1387390 2423.0
1387400 2417.9
1387410 2413.2
1387420 2413.2
1387430 2409.9
1387440 2405.9
1387450 2405.9
1387460 2402.4
1387470 2401.6
1387480 2401.6
1387490 2401.6
1387500 2402.5
1387510 2404.7
1387520 2404.7
1387530 2407.5
1387540 2410.3
1387550 2410.3
1387560 2414.1
1387570 2419.2
1387580 2419.2
1387590 2425.6
1387600 2434.8
1387610 2434.8
1387620 2445.3
1387630 2451.6
1387640 2451.6
1387650 2456.7
1387660 2463.7
1387670 2463.7
1387680 2472.6
1387690 2481.3
1387700 2481.3
1387710 2487.0
1387720 2493.5
1387730 2501.8
1387740 2501.8
1387750 2513.2
1387760 2523.7
1387770 2523.7
1387780 2531.2
1387790 2534.2
1387800 2534.2
1387810 2533.2
1387820 2531.6
1387830 2531.6
1387840 2528.5
1387850 2527.4
1387860 2527.4
1387870 2528.4
1387880 2528.8
1387890 2528.8
1387900 2525.5
1387910 2517.9
1387920 2510.9
1387930 2510.9
1387940 2504.4
1387950 2498.5
1387960 2498.5
1387970 2496.2
1387980 2490.7
1387990 2490.7
1388000 2485.0
1388010 2480.2
1388020 2480.2
1388030 2476.7
1388040 2474.0
1388050 2474.0
1388060 2471.0
1388070 2470.6
1388080 2470.6
1388090 2469.9
1388100 2468.1
1388110 2466.5
1388120 2466.5
1388130 2464.6
1388140 2463.2
1388150 2463.2
1388160 2462.1
1388170 2461.4
1388180 2461.4
1388190 2460.7
1388200 2461.0
1388210 2461.0
1388220 2462.0
1388230 2462.4
1388240 2462.4
1388250 2463.3
1388260 2465.4
1388270 2465.4
1388280 2469.1
1388290 2472.1
1388300 2475.0
1388310 2475.0
1388320 2477.2
1388330 2478.0
1388340 2478.0
1388350 2478.3
1388360 2477.6
1388370 2477.6
1388380 2476.9
1388390 2476.3
1388400 2476.3
1388410 2476.0
1388420 2474.8
1388430 2474.8
1388440 2471.9
1388450 2468.9
1388460 2468.9
1388470 2466.2
1388480 2461.9
1388490 2455.0
1388500 2455.0
1388510 2448.5
1388520 2442.9
1388530 2442.9
1388540 2438.1
1388550 2435.7
1388560 2435.7
1388570 2435.8
1388580 2436.3
1388590 2436.3
1388600 2436.2
1388610 2435.0
1388620 2435.0
1388630 2434.0
1388640 2433.2
1388650 2433.2
1388660 2431.7
1388670 2427.9
1388680 2427.9
1388690 2423.6
1388700 2420.3
1388710 2418.0
1388720 2418.0
1388730 2417.5
1388740 2419.2
1388750 2419.2
1388760 2421.2
1388770 2420.6
1388780 2420.6
1388790 2416.1
1388800 2410.9
1388810 2410.9
1388820 2409.1
1388830 2407.8
1388840 2407.8
1388850 2404.0
1388860 2400.6
1388870 2400.6
1388880 2397.8
1388890 2395.3
1388900 2393.3
1388910 2393.3
1388920 2391.5
1388930 2390.2
1388940 2390.2
1388950 2388.3
1388960 2386.5
1388970 2386.5
1388980 2383.7
1388990 2381.6
1389000 2381.6
1389010 2381.8
1389020 2382.3
1389030 2382.3
1389040 2382.7
1389050 2382.8
1389060 2382.8
1389070 2382.7
1389080 2382.2
1389090 2381.6
1389100 2381.6
1389110 2380.7
1389120 2379.7
1389130 2379.7
1389140 2379.2
1389150 2379.0
1389160 2379.0
1389170 2378.8
1389180 2378.6
1389190 2378.6
1389200 2378.2
1389210 2377.6
1389220 2377.6
1389230 2377.1
1389240 2376.9
1389250 2376.9
1389260 2376.2
1389270 2375.5
1389280 2373.9
1389290 2378.3
1389300 2377.3
1389310 2378.3
1389320 2378.3
1389330 2380.0
1389340 2381.6
1389350 2381.6
1389360 2383.2
1389370 2385.0
1389380 2385.0
1389390 2386.2
1389400 2385.8
1389410 2385.8
1389420 2385.5
1389430 2385.2
1389440 2385.2
1389450 2384.6
1389460 2384.5
1389470 2384.5
1389480 2384.5
1389490 2383.2
1389500 2381.4
1389510 2381.4
1389520 2380.7
1389530 2380.3
1389540 2380.3
1389550 2380.6
1389560 2382.2
1389570 2382.2
1389580 2383.7
1389590 2384.3
1389600 2384.3
1389610 2385.4
1389620 2386.3
1389630 2386.3
1389640 2386.3
1389650 2386.2
1389660 2386.2
1389670 2386.3
1389680 2386.1
1389690 2386.0
1389700 2386.0
1389710 2386.3
1389720 2386.8
1389730 2386.8
1389740 2387.3
1389750 2387.2
1389760 2387.2
1389770 2386.9
1389780 2386.8
1389790 2386.8
1389800 2386.5
1389810 2386.4
1389820 2386.4
1389830 2387.9
1389840 2389.6
1389850 2389.6
1389860 2391.0
1389870 2394.5
1389880 2398.3
1389890 2398.3
1389900 2401.9
1389910 2406.0
1389920 2406.0
1389930 2409.4
1389940 2410.6
1389950 2410.6
1389960 2411.5
1389970 2413.1
1389980 2413.1
1389990 2415.8
1390000 2418.8
1390010 2418.8
1390020 2421.9
1390030 2425.5
1390040 2425.5
1390050 2429.6
1390060 2433.5
1390070 2437.4
1390080 2437.4
1390090 2442.2
1390100 2447.6
1390110 2447.6
1390120 2453.4
1390130 2459.2
1390140 2459.2
1390150 2465.4
1390160 2471.6
1390170 2471.6
1390180 2478.4
1390190 2486.3
1390200 2486.3
1390210 2495.2
1390220 2503.0
1390230 2503.0
1390240 2507.9
1390250 2512.2
1390260 2514.6
1390270 2514.6
1390280 2516.0
1390290 2516.5
1390300 2516.5
1390310 2519.3
1390320 2523.5
1390330 2523.5
1390340 2528.3
1390350 2533.7
1390360 2533.7
1390370 2540.2
1390380 2547.3
1390390 2547.3
1390400 2556.0
1390410 2559.8
1390420 2559.8
1390430 2556.5
1390440 2552.4
1390450 2552.4
1390460 2548.4
1390470 2543.3
1390480 2536.5
1390490 2536.5
1390500 2529.5
1390510 2523.7
1390520 2523.7
1390530 2518.2
1390540 2512.5
1390550 2512.5
1390560 2506.8
1390570 2499.4
1390580 2499.4
1390590 2492.4
1390600 2486.0
1390610 2486.0
1390620 2480.9
1390630 2482.7
1390640 2482.7
1390650 2480.3
1390660 2478.5
1390670 2478.3
1390680 2478.3
1390690 2478.9
1390700 2480.5
1390710 2480.5
1390720 2482.3
1390730 2482.9
1390740 2482.9
1390750 2481.9
1390760 2480.0
1390770 2480.0
1390780 2478.4
1390790 2475.4
1390800 2475.4
1390810 2472.3
1390820 2470.2
1390830 2470.2
1390840 2469.6
1390850 2468.1
1390860 2466.8
1390870 2466.8
1390880 2465.5
1390890 2464.3
1390900 2464.3
1390910 2463.8
1390920 2464.9
1390930 2464.9
1390940 2466.6
1390950 2468.1
1390960 2468.1
1390970 2468.8
1390980 2466.5
1390990 2466.5
1391000 2463.7
1391010 2461.8
1391020 2461.8
1391030 2460.3
1391040 2456.0
1391050 2457.4
1391060 2457.4
1391070 2459.9
1391080 2459.1
1391090 2459.1
1391100 2449.7
1391110 2440.0
1391120 2440.0
1391130 2437.3
1391140 2434.7
1391150 2434.7
1391160 2429.1
1391170 2423.6
1391180 2423.6
1391190 2421.3
1391200 2429.2
1391210 2429.2
1391220 2441.9
1391230 2452.2
1391240 2452.2
1391250 2461.3
1391260 2473.6
1391270 2479.3
1391280 2479.3
1391290 2477.9
1391300 2462.9
1391310 2462.9
1391320 2447.3
1391330 2439.6
1391340 2439.6
1391350 2436.0
1391360 2435.5
1391370 2435.5
1391380 2430.6
1391390 2420.0
1391400 2420.0
1391410 2414.0
1391420 2415.9
1391430 2415.9
1391440 2418.9
1391450 2421.4
1391460 2428.3
1391470 2428.3
1391480 2429.4
1391490 2422.0
1391500 2422.0
1391510 2420.1
1391520 2421.1
1391530 2421.1
1391540 2420.5
1391550 2411.9
1391560 2411.9
1391570 2401.0
1391580 2403.6
1391590 2403.6
1391600 2409.1
1391610 2410.9
1391620 2410.9
1391630 2413.5
1391640 2415.6
1391650 2418.3
1391660 2418.3
1391670 2419.9
1391680 2417.1
1391690 2417.1
1391700 2412.5
1391710 2409.7
1391720 2409.7
1391730 2408.9
1391740 2408.7
1391750 2408.7
1391760 2409.6
1391770 2409.1
1391780 2409.1
1391790 2405.3
1391800 2404.9
1391810 2404.9
1391820 2408.6
1391830 2412.9
1391840 2415.7
1391850 2415.7
1391860 2419.7
1391870 2422.9
1391880 2422.9
1391890 2423.3
1391900 2423.6
1391910 2423.6
1391920 2423.4
1391930 2424.1
1391940 2424.1
1391950 2428.7
1391960 2432.0
1391970 2432.0
1391980 2436.6
1391990 2443.7
1392000 2443.7
1392010 2446.6
1392020 2448.0
1392030 2451.6
1392040 2451.6
1392050 2456.6
1392060 2461.8
1392070 2461.8
1392080 2467.7
1392090 2475.5
1392100 2475.5
1392110 2489.7
1392120 2501.8
1392130 2501.8
1392140 2510.3
1392150 2519.0
1392160 2519.0
1392170 2524.6
1392180 2527.5
1392190 2527.5
1392200 2528.8
1392210 2528.5
1392220 2528.5
1392230 2527.6
1392240 2525.8
1392250 2523.2
1392260 2523.2
1392270 2522.1
1392280 2521.0
1392290 2521.0
1392300 2519.2
1392310 2519.1
1392320 2519.1
1392330 2518.6
1392340 2517.3
1392350 2517.3
1392360 2516.8
1392370 2516.6
1392380 2516.6
1392390 2518.4
1392400 2519.8
1392410 2519.8
1392420 2519.3
1392430 2518.9
1392440 2518.1
1392450 2518.1
1392460 2515.4
1392470 2511.7
1392480 2511.7
1392490 2506.6
1392500 2502.8
1392510 2502.8
1392520 2500.4
1392530 2499.3
1392540 2499.3
1392550 2499.2
1392560 2499.6
1392570 2499.6
1392580 2500.9
1392590 2501.5
1392600 2501.5
1392610 2501.5
1392620 2501.5
1392630 2503.0
1392640 2503.0
1392650 2505.0
1392660 2507.4
1392670 2507.4
1392680 2510.8
1392690 2513.3
1392700 2513.3
1392710 2516.0
1392720 2519.7
1392730 2519.7
1392740 2526.0
1392750 2537.2
1392760 2537.2
1392770 2543.4
1392780 2548.7
1392790 2548.7
1392800 2552.7
1392810 2557.5
1392820 2563.2
1392830 2563.2
1392840 2569.6
1392850 2576.7
1392860 2576.7
1392870 2584.5
1392880 2594.1
1392890 2594.1
1392900 2603.9
1392910 2613.3
1392920 2613.3
1392930 2611.1
1392940 2602.0
1392950 2602.0
1392960 2592.3
1392970 2584.9
1392980 2584.9
1392990 2573.7
1393000 2564.1
1393010 2564.1
1393020 2557.0
1393030 2550.8
1393040 2546.3
1393050 2546.3
1393060 2542.9
1393070 2539.3
1393080 2539.3
1393090 2535.0
1393100 2528.2
1393110 2528.2
1393120 2522.2
1393130 2516.8
1393140 2516.8
1393150 2510.2
1393160 2503.1
1393170 2503.1
1393180 2496.9
1393190 2491.8
1393200 2491.8
1393210 2487.6
1393220 2483.4
1393230 2480.0
1393240 2480.0
1393250 2479.0
1393260 2479.0
1393270 2479.0
1393280 2479.6
1393290 2480.8
1393300 2480.8
1393310 2481.8
1393320 2478.3
1393330 2478.3
1393340 2478.8
1393350 2482.5
1393360 2482.5
1393370 2480.5
1393380 2482.3
1393390 2482.3
1393400 2480.1
1393410 2476.0
1393420 2472.9
1393430 2472.9
1393440 2469.9
1393450 2467.0
1393460 2467.0
1393470 2461.8
1393480 2454.1
1393490 2454.1
1393500 2448.9
1393510 2444.5
1393520 2444.5
1393530 2440.4
1393540 2435.4
1393550 2435.4
1393560 2430.0
1393570 2424.9
1393580 2424.9
1393590 2420.1
1393600 2409.7
1393610 2393.6
1393620 2393.6
1393630 2380.2
1393640 2371.0
1393650 2371.0
1393660 2364.3
1393670 2358.1
1393680 2358.1
1393690 2353.0
1393700 2348.1
1393710 2348.1
1393720 2343.5
1393730 2338.6
1393740 2338.6
1393750 2333.2
1393760 2328.4
1393770 2328.4
1393780 2323.9
1393790 2317.8
1393800 2312.0
1393810 2312.0
1393820 2308.4
1393830 2306.7
1393840 2306.7
1393850 2304.4
1393860 2302.2
1393870 2302.2
1393880 2301.1
1393890 2300.4
1393900 2300.4
1393910 2300.5
1393920 2299.0
1393930 2299.0
1393940 2294.4
1393950 2289.2
1393960 2289.2
1393970 2284.6
1393980 2281.0
1393990 2281.0
1394000 2276.7
1394010 2268.8
1394020 2258.8
1394030 2258.8
1394040 2251.2
1394050 2245.0
1394060 2245.0
1394070 2240.6
1394080 2237.2
1394090 2237.2
1394100 2234.3
1394110 2230.7
1394120 2230.7
1394130 2227.1
1394140 2223.9
1394150 2223.9
1394160 2219.9
1394170 2215.3
1394180 2215.3
1394190 2209.2
1394200 2199.0
1394210 2188.8
1394220 2188.8
1394230 2180.7
1394240 2174.7
1394250 2174.7
1394260 2170.4
1394270 2166.9
1394280 2166.9
1394290 2162.4
1394300 2157.8
1394310 2157.8
1394320 2152.3
1394330 2145.6
1394340 2145.6
1394350 2138.0
1394360 2129.9
1394370 2129.9
1394380 2121.7
1394390 2115.3
1394400 2109.0
1394410 2109.0
1394420 2100.3
1394430 2091.2
1394440 2091.2
1394450 2080.4
1394460 2066.9
1394470 2066.9
1394480 2054.3
1394490 2045.2
1394500 2045.2
1394510 2037.3
1394520 2030.5
1394530 2030.5
1394540 2025.4
1394550 2019.8
1394560 2019.8
1394570 2013.7
1394580 2005.9
1394590 1995.6
1394600 1995.6
1394610 1984.6
1394620 1977.8
1394630 1977.8
1394640 1971.6
1394650 1966.8
1394660 1966.8
1394670 1962.5
1394680 1956.0
1394690 1956.0
1394700 1949.2
1394710 1942.8
1394720 1942.8
1394730 1937.2
1394740 1929.5
1394750 1929.5
1394760 1921.7
1394770 1911.8
1394780 1911.8
1394790 1908.1
1394800 1905.1
1394810 1901.7
1394820 1901.7
1394830 1897.6
1394840 1893.0
1394850 1893.0
1394860 1889.2
1394870 1886.0
1394880 1886.0
1394890 1882.5
1394900 1880.2
1394910 1880.2
1394920 1881.5
1394930 1882.6
1394940 1882.6
1394950 1882.0
1394960 1881.2
1394970 1881.2
1394980 1880.7
1394990 1880.1
1395000 1879.1
1395010 1879.1
1395020 1878.6
1395030 1877.3
1395040 1877.3
1395050 1876.0
1395060 1873.4
1395070 1873.4
1395080 1871.2
1395090 1869.6
1395100 1869.6
1395110 1867.4
1395120 1864.8
1395130 1864.8
1395140 1858.2
1395150 1851.9
1395160 1851.9
1395170 1850.9
1395180 1849.7
1395190 1849.6
1395200 1849.6
1395210 1850.8
1395220 1851.4
1395230 1851.4
1395240 1851.1
1395250 1850.1
1395260 1850.1
1395270 1848.9
1395280 1847.2
1395290 1847.2
1395300 1847.8
1395310 1849.0
1395320 1849.0
1395330 1851.0
1395340 1851.4
1395350 1851.4
1395360 1851.1
1395370 1851.2
1395380 1851.7
1395390 1851.7
1395400 1852.3
1395410 1852.2
1395420 1852.2
1395430 1851.7
1395440 1851.6
1395450 1851.6
1395460 1850.4
1395470 1850.3
1395480 1850.3
1395490 1853.9
1395500 1857.9
1395510 1857.9
1395520 1860.3
1395530 1862.2
1395540 1862.2
1395550 1864.8
1395560 1872.7
1395570 1870.8
1395580 1870.8
1395590 1876.0
1395600 1882.2
1395610 1882.2
1395620 1884.2
1395630 1887.8
1395640 1887.8
1395650 1891.5
1395660 1891.6
1395670 1891.6
1395680 1890.7
1395690 1887.7
1395700 1887.7
1395710 1881.4
1395720 1878.6
1395730 1878.6
1395740 1876.2
1395750 1874.6
1395760 1874.6
1395770 1874.1
1395780 1873.5
1395790 1875.9
1395800 1875.9
1395810 1879.1
1395820 1881.6
1395830 1881.6
1395840 1881.1
1395850 1877.4
1395860 1877.4
1395870 1873.7
1395880 1869.1
1395890 1869.1
1395900 1863.0
1395910 1859.5
1395920 1859.5
1395930 1857.0
1395940 1852.6
1395950 1852.6
1395960 1848.3
1395970 1843.5
1395980 1837.9
1395990 1837.9
1396000 1832.4
1396010 1826.8
1396020 1826.8
1396030 1821.6
1396040 1816.4
1396050 1816.4
1396060 1811.5
1396070 1806.8
1396080 1806.8
1396090 1801.4
1396100 1794.1
1396110 1794.1
1396120 1787.8
1396130 1782.9
1396140 1782.9
1396150 1777.8
1396160 1772.5
1396170 1768.2
1396180 1768.2
1396190 1768.9
1396200 1765.4
1396210 1765.4
1396220 1760.8
1396230 1756.3
1396240 1756.3
1396250 1752.1
1396260 1748.6
1396270 1748.6
1396280 1746.5
1396290 1744.9
1396300 1744.9
1396310 1737.6
1396320 1727.6
1396330 1727.6
1396340 1720.0
1396350 1713.1
1396360 1709.0
1396370 1709.0
1396380 1704.7
1396390 1701.2
1396400 1701.2
1396410 1697.4
1396420 1692.1
1396430 1692.1
1396440 1684.9
1396450 1678.5
1396460 1678.5
1396470 1671.7
1396480 1665.3
1396490 1665.3
1396500 1660.7
1396510 1656.9
1396520 1656.9
1396530 1652.1
1396540 1643.6
1396550 1643.6
1396560 1637.3
1396570 1634.8
1396580 1628.7
1396590 1628.7
1396600 1617.4
1396610 1605.0
1396620 1605.0
1396630 1593.0
1396640 1581.8
1396650 1581.8
1396660 1572.3
1396670 1566.3
1396680 1566.3
1396690 1561.1
1396700 1555.9
1396710 1555.9
1396720 1554.0
1396730 1552.2
1396740 1552.2
1396750 1549.0
1396760 1544.1
1396770 1538.8
1396780 1538.8
1396790 1532.8
1396800 1526.9
1396810 1526.9
1396820 1521.8
1396830 1517.7
1396840 1517.7
1396850 1515.1
1396860 1511.2
1396870 1511.2
1396880 1505.4
1396890 1499.9
1396900 1499.9
1396910 1493.0
1396920 1486.5
1396930 1486.5
1396940 1480.3
1396950 1474.4
1396960 1468.6
1396970 1468.6
1396980 1463.3
1396990 1458.3
1397000 1458.3
1397010 1452.8
1397020 1447.0
1397030 1447.0
1397040 1441.4
1397050 1435.5
1397060 1435.5
1397070 1430.6
1397080 1425.6
1397090 1425.6
1397100 1420.6
1397110 1415.3
1397120 1415.3
1397130 1410.0
1397140 1405.7
1397150 1402.0
1397160 1402.0
1397170 1396.7
1397180 1391.9
1397190 1391.9
1397200 1386.1
1397210 1378.2
1397220 1378.2
1397230 1374.0
1397240 1370.3
1397250 1370.3
1397260 1366.8
1397270 1364.8
1397280 1364.8
1397290 1363.4
1397300 1362.8
1397310 1362.8
1397320 1359.8
1397330 1354.4
1397340 1348.7
1397350 1348.7
1397360 1341.7
1397370 1331.9
1397380 1331.9
1397390 1322.5
1397400 1314.4
1397410 1314.4
1397420 1301.7
1397430 1293.1
1397440 1293.1
1397450 1285.9
1397460 1281.4
1397470 1281.4
1397480 1275.3
1397490 1270.5
1397500 1270.5
1397510 1264.8
1397520 1258.4
1397530 1258.4
1397540 1250.7
1397550 1243.3
1397560 1237.6
1397570 1237.6
1397580 1231.1
1397590 1223.7
1397600 1223.7
1397610 1214.3
1397620 1205.6
1397630 1207.9
1397640 1210.3
1397650 1213.4
1397660 1213.4
1397670 1211.0
1397680 1205.2
1397690 1205.2
1397700 1197.1
1397710 1190.1
1397720 1190.1
1397730 1183.1
1397740 1177.4
1397750 1170.6
1397760 1170.6
1397770 1165.8
1397780 1163.9
1397790 1163.9
1397800 1161.1
1397810 1155.8
1397820 1155.8
1397830 1150.3
1397840 1144.8
1397850 1144.8
1397860 1135.8
1397870 1123.2
1397880 1123.2
1397890 1111.6
1397900 1105.3
1397910 1105.3
1397920 1102.0
1397930 1092.6
1397940 1082.2
1397950 1082.2
1397960 1073.0
1397970 1062.3
1397980 1062.3
1397990 1054.3
1398000 1046.5
1398010 1046.5
1398020 1038.8
1398030 1030.9
1398040 1030.9
1398050 1023.3
1398060 1016.0
1398070 1016.0
1398080 1009.3
1398090 1003.1
1398100 1003.1
1398110 997.1
1398120 992.1
1398130 987.5
1398140 987.5
1398150 982.7
1398160 977.9
1398170 977.9
1398180 973.4
1398190 969.2
1398200 969.2
1398210 965.4
1398220 962.2
1398230 962.2
1398240 960.5
1398250 959.0
1398260 959.0
1398270 955.9
1398280 952.4
1398290 952.4
1398300 948.7
1398310 945.6
1398320 945.6
1398330 942.8
1398340 940.0
1398350 936.0
1398360 936.0
1398370 931.1
1398380 926.1
1398390 926.1
1398400 920.7
1398410 914.5
1398420 914.5
1398430 906.8
1398440 899.7
1398450 899.7
1398460 892.0
1398470 882.3
1398480 882.3
1398490 871.4
1398500 862.6
1398510 862.6
1398520 860.5
1398530 860.1
1398540 860.1
1398550 860.1
1398560 860.2
1398570 860.3
1398580 860.3
1398590 860.1
1398600 859.3
1398610 859.3
1398620 858.8
1398630 858.4
1398640 858.4
1398650 857.8
1398660 857.5
1398670 857.5
1398680 857.4
1398690 857.3
1398700 857.3
1398710 857.4
1398720 857.5
1398730 857.4
1398740 857.4
1398750 857.3
1398760 857.2
1398770 857.2
1398780 855.4
1398790 851.4
1398800 851.4
1398810 850.4
1398820 851.1
1398830 851.1
1398840 850.4
1398850 849.7
1398860 849.7
1398870 848.8
1398880 848.6
1398890 848.6
1398900 849.0
1398910 849.8
1398920 852.7
1398930 852.7
1398940 853.2
1398950 853.3
1398960 853.3
1398970 853.5
1398980 853.2
1398990 853.2
1399000 852.7
1399010 852.7
1399020 852.7
1399030 852.9
1399040 854.0
1399050 854.0
1399060 854.9
1399070 852.5
1399080 852.5
1399090 851.6
1399100 851.4
1399110 851.8
1399120 851.8
1399130 853.8
1399140 858.8
1399150 858.8
1399160 864.5
1399170 870.7
1399180 870.7
1399190 875.7
1399200 877.9
1399210 877.9
1399220 880.7
1399230 883.5
1399240 883.5
1399250 885.7
1399260 887.4
1399270 887.4
1399280 890.0
1399290 895.2
1399300 895.2
1399310 898.3
1399320 900.4
1399330 904.3
1399340 904.3
1399350 910.5
1399360 917.4
1399370 917.4
1399380 924.5
1399390 930.0
1399400 930.0
1399410 936.7
1399420 943.9
1399430 943.9
1399440 950.4
1399450 957.1
1399460 957.1
1399470 965.7
1399480 973.4
1399490 973.4
1399500 979.1
1399510 983.2
1399520 987.2
1399530 987.2
1399540 991.3
1399550 994.8
1399560 994.8
1399570 997.9
1399580 1001.7
1399590 1001.7
1399600 1006.1
1399610 1010.4
1399620 1010.4
1399630 1014.7
1399640 1019.0
1399650 1019.0
1399660 1024.2
1399670 1029.3
1399680 1029.3
1399690 1034.4
1399700 1038.0
1399710 1038.8
1399720 1038.8
1399730 1038.6
1399740 1036.6
1399750 1036.6
1399760 1034.1
1399770 1033.6
1399780 1033.6
1399790 1036.7
1399800 1043.5
1399810 1043.5
1399820 1052.3
1399830 1062.1
1399840 1062.1
1399850 1072.0
1399860 1078.0
1399870 1078.0
1399880 1084.1
1399890 1091.4
1399900 1098.9
1399910 1098.9
1399920 1107.4
1399930 1113.9
1399940 1113.9
1399950 1118.2
1399960 1125.7
1399970 1125.7
1399980 1133.8
1399990 1143.2
1380000 2613.5
1380010 2613.8
1380020 2613.8
1380030 2614.1
1380040 2614.0
1380050 2612.7
1380060 2612.7
1380070 2613.7
1380080 2617.9
1380090 2617.9
1380100 2612.5
1380110 2600.1
1380120 2600.1
1380130 2591.9
1380140 2584.6
1380150 2584.6
1380160 2577.6
1380170 2570.1
1380180 2570.1
1380190 2560.1
1380200 2551.0
1380210 2551.0
1380220 2543.2
1380230 2536.3
1380240 2530.2
1380250 2530.2
1380260 2524.7
1380270 2521.0
1380280 2521.0
1380290 2517.3
1380300 2513.0
1380310 2513.0
1380320 2510.5
1380330 2509.3
1380340 2509.3
1380350 2509.1
1380360 2507.8
1380370 2507.8
1380380 2505.7
1380390 2503.3
1380400 2503.3
1380410 2505.2
1380420 2504.9
1380430 2504.8
1380440 2504.8
1380450 2504.4
1380460 2503.2
1380470 2503.2
1380480 2501.7
1380490 2501.0
1380500 2501.0
1380510 2500.8
1380520 2500.2
1380530 2500.2
1380540 2498.7
1380550 2497.6
1380560 2497.6
1380570 2496.8
1380580 2497.6
1380590 2497.6
1380600 2497.2
1380610 2495.9
1380620 2494.3
1380630 2494.3
1380640 2492.3
1380650 2491.4
1380660 2491.4
1380670 2490.9
1380680 2489.1
1380690 2489.1
1380700 2487.9
1380710 2488.0
1380720 2488.0
1380730 2487.8
1380740 2486.8
1380750 2486.8
1380760 2486.4
1380770 2486.8
1380780 2486.8
1380790 2487.3
1380800 2488.6
1380810 2488.6
1380820 2490.0
1380830 2490.9
1380840 2491.4
1380850 2491.4
1380860 2491.9
1380870 2492.1
1380880 2492.1
1380890 2492.3
1380900 2494.1
1380910 2494.1
1380920 2498.4
1380930 2501.5
1380940 2501.5
1380950 2501.6
1380960 2500.5
1380970 2500.5
1380980 2500.2
1380990 2502.6
1381000 2502.6
1381010 2505.9
1381020 2510.6
1381030 2513.9
1381040 2513.9
1381050 2514.4
1381060 2515.2
1381070 2515.2
1381080 2514.6
1381090 2515.0
1381100 2515.0
1381110 2517.6
1381120 2519.7
1381130 2519.7
1381140 2519.2
1381150 2517.6
1381160 2517.6
1381170 2517.2
1381180 2517.0
1381190 2517.0
1381200 2514.6
1381210 2510.9
1381220 2499.0
1381230 2499.0
1381240 2486.2
1381250 2479.0
1381260 2479.0
1381270 2473.1
1381280 2467.4
1381290 2467.4
1381300 2463.3
1381310 2460.3
1381320 2460.3
1381330 2458.7
1381340 2456.0
1381350 2456.0
1381360 2452.3
1381370 2449.0
1381380 2449.0
1381390 2445.4
1381400 2441.6
1381410 2438.0
1381420 2438.0
1381430 2435.1
1381440 2432.1
1381450 2432.1
1381460 2429.3
1381470 2427.1
1381480 2427.1
1381490 2424.7
1381500 2421.9
1381510 2421.9
1381520 2418.6
1381530 2414.7
1381540 2414.7
1381550 2410.7
1381560 2405.8
1381570 2405.8
1381580 2401.9
1381590 2398.5
1381600 2394.5
1381610 2394.5
1381620 2391.3
1381630 2387.7
1381640 2389.1
1381650 2387.5
1381660 2385.6
1381670 2385.6
1381680 2382.6
1381690 2380.6
1381700 2380.6
1381710 2379.3
1381720 2379.6
1381730 2379.6
1381740 2378.3
1381750 2377.6
1381760 2377.6
1381770 2378.5
1381780 2377.5
1381790 2377.5
1381800 2377.3
1381810 2377.9
1381820 2377.1
1381830 2377.1
1381840 2377.9
1381850 2378.2
1381860 2378.2
1381870 2379.1
1381880 2380.5
1381890 2380.5
1381900 2380.6
1381910 2378.7
1381920 2378.7
1381930 2378.3
1381940 2379.2
1381950 2379.2
1381960 2380.9
1381970 2382.8
1381980 2382.8
1381990 2383.8
1382000 2383.5
1382010 2383.7
1382020 2383.7
1382030 2383.4
1382040 2383.7
1382050 2383.7
1382060 2384.6
1382070 2385.1
1382080 2385.1
1382090 2384.6
1382100 2382.2
1382110 2382.2
1382120 2378.4
1382130 2374.1
1382140 2374.1
1382150 2370.6
1382160 2369.8
1382170 2369.8
1382180 2369.2
1382190 2369.0
1382200 2369.7
1382210 2369.7
1382220 2367.8
1382230 2365.4
1382240 2365.4
1382250 2365.6
1382260 2363.3
1382270 2363.3
1382280 2360.0
1382290 2357.8
1382300 2357.8
1382310 2357.6
1382320 2357.5
1382330 2357.5
1382340 2357.6
1382350 2357.6
1382360 2357.6
1382370 2357.7
1382380 2357.7
1382390 2357.6
1382400 2357.6
1382410 2357.6
1382420 2357.6
1382430 2357.6
1382440 2357.6
1382450 2357.6
1382460 2357.6
1382470 2358.4
1382480 2360.5
1382490 2360.5
1382500 2362.8
1382510 2364.5
1382520 2364.5
1382530 2366.0
1382540 2368.1
1382550 2368.1
1382560 2371.0
1382570 2375.2
1382580 2375.2
1382590 2380.0
1382600 2384.7
1382610 2388.1
1382620 2388.1
1382630 2390.5
1382640 2392.4
1382650 2392.4
1382660 2395.0
1382670 2398.6
1382680 2398.6
1382690 2402.2
1382700 2405.6
1382710 2405.6
1382720 2408.2
1382730 2409.9
1382740 2409.9
1382750 2411.8
1382760 2413.3
1382770 2413.3
1382780 2414.7
1382790 2416.8
1382800 2418.2
1382810 2418.2
1382820 2421.0
1382830 2424.8
1382840 2424.8
1382850 2427.2
1382860 2430.6
1382870 2440.4
1382880 2443.3
1382890 2446.7
1382900 2446.7
1382910 2455.4
1382920 2462.5
1382930 2462.5
1382940 2457.2
1382950 2454.6
1382960 2454.6
1382970 2462.6
1382980 2461.9
1382990 2457.7
1383000 2457.7
1383010 2459.0
1383020 2458.8
1383030 2458.8
1383040 2460.8
1383050 2461.7
1383060 2461.7
1383070 2462.2
1383080 2461.2
1383090 2461.2
1383100 2457.2
1383110 2457.3
1383120 2457.3
1383130 2457.4
1383140 2456.0
1383150 2456.0
1383160 2455.7
1383170 2457.9
1383180 2459.5
1383190 2459.5
1383200 2462.9
1383210 2465.0
1383220 2465.0
1383230 2465.7
1383240 2466.8
1383250 2466.8
1383260 2467.6
1383270 2469.0
1383280 2469.0
1383290 2471.4
1383300 2473.7
1383310 2473.7
1383320 2476.3
1383330 2478.5
1383340 2478.5
1383350 2480.3
1383360 2482.8
1383370 2482.8
1383380 2485.2
1383390 2487.4
1383400 2489.3
1383410 2489.3
1383420 2490.6
1383430 2491.8
1383440 2491.8
1383450 2493.6
1383460 2497.2
1383470 2497.2
1383480 2503.8
1383490 2512.5
1383500 2512.5
1383510 2520.8
1383520 2527.2
1383530 2527.2
1383540 2533.3
1383550 2536.7
1383560 2536.7
1383570 2538.6
1383580 2539.9
1383590 2541.3
1383600 2541.3
1383610 2542.8
1383620 2543.4
1383630 2543.4
1383640 2543.6
1383650 2542.2
1383660 2542.2
1383670 2540.1
1383680 2539.0
1383690 2539.0
1383700 2538.1
1383710 2537.5
1383720 2537.5
1383730 2536.3
1383740 2534.4
1383750 2534.4
1383760 2534.6
1383770 2536.2
1383780 2539.0
1383790 2539.0
1383800 2543.1
1383810 2547.4
1383820 2547.4
1383830 2551.4
1383840 2556.2
1383850 2556.2
1383860 2562.5
1383870 2568.6
1383880 2568.6
1383890 2573.7
1383900 2579.0
1383910 2579.0
1383920 2587.7
1383930 2599.7
1383940 2599.7
1383950 2608.4
1383960 2613.2
1383970 2616.7
1383980 2616.7
1383990 2618.2
1384000 2617.9
1384010 2617.9
1384020 2617.1
1384030 2614.4
1384040 2614.4
1384050 2608.8
1384060 2603.4
1384070 2603.4
1384080 2600.0
1384090 2599.0
1384100 2599.0
1384110 2600.2
1384120 2606.8
1384130 2606.8
1384140 2602.3
1384150 2599.2
1384160 2598.7
1384170 2598.7
1384180 2597.1
1384190 2596.3
1384200 2596.3
1384210 2595.7
1384220 2593.1
1384230 2593.1
1384240 2591.8
1384250 2586.8
1384260 2586.8
1384270 2579.1
1384280 2574.4
1384290 2574.4
1384300 2573.6
1384310 2573.8
1384320 2573.8
1384330 2572.3
1384340 2569.9
1384350 2569.9
1384360 2566.8
1384370 2563.7
1384380 2562.8
1384390 2562.8
1384400 2560.1
1384410 2559.3
1384420 2559.3
1384430 2558.4
1384440 2558.0
1384450 2558.0
1384460 2558.0
1384470 2557.0
1384480 2557.0
1384490 2556.2
1384500 2555.9
1384510 2555.9
1384520 2556.1
1384530 2556.7
1384540 2556.7
1384550 2558.6
1384560 2562.6
1384570 2565.4
1384580 2565.4
1384590 2566.5
1384600 2568.1
1384610 2568.1
1384620 2569.0
1384630 2568.7
1384640 2568.7
1384650 2570.3
1384660 2572.6
1384670 2572.6
1384680 2572.9
1384690 2574.1
1384700 2574.1
1384710 2577.8
1384720 2579.9
1384730 2579.9
1384740 2582.1
1384750 2585.4
1384760 2588.2
1384770 2588.2
1384780 2592.1
1384790 2596.9
1384800 2596.9
1384810 2600.9
1384820 2604.9
1384830 2604.9
1384840 2609.0
1384850 2613.9
1384860 2613.9
1384870 2619.2
1384880 2625.5
1384890 2625.5
1384900 2631.4
1384910 2638.6
1384920 2638.6
1384930 2645.4
1384940 2653.5
1384950 2662.9
1384960 2662.9
1384970 2670.9
1384980 2676.9
1384990 2676.9
1385000 2678.5
1385010 2680.0
1385020 2680.0
1385030 2682.2
1385040 2683.5
1385050 2683.5
1385060 2684.6
1385070 2687.4
1385080 2687.4
1385090 2690.8
1385100 2693.8
1385110 2693.8
1385120 2697.7
1385130 2702.0
1385140 2702.0
1385150 2704.8
1385160 2706.1
1385170 2704.2
1385180 2704.2
1385190 2700.7
1385200 2696.7
1385210 2696.7
1385220 2693.4
1385230 2691.2
1385240 2691.2
1385250 2688.3
1385260 2685.0
1385270 2685.0
1385280 2681.5
1385290 2674.8
1385300 2674.8
1385310 2664.7
1385320 2656.2
1385330 2656.2
1385340 2648.6
1385350 2641.1
1385360 2634.0
1385370 2634.0
1385380 2626.4
1385390 2619.6
1385400 2619.6
1385410 2612.9
1385420 2606.3
1385430 2606.3
1385440 2600.0
1385450 2594.0
1385460 2594.0
1385470 2588.0
1385480 2583.5
1385490 2583.5
1385500 2580.3
1385510 2577.8
1385520 2577.8
1385530 2575.5
1385540 2572.7
1385550 2571.3
1385560 2571.3
1385570 2571.7
1385580 2571.6
1385590 2571.6
1385600 2568.9
1385610 2563.1
1385620 2563.1
1385630 2556.1
1385640 2547.8
1385650 2547.8
1385660 2538.9
1385670 2530.4
1385680 2530.4
1385690 2521.3
1385700 2513.9
1385710 2513.9
1385720 2507.7
1385730 2502.4
1385740 2498.2
1385750 2498.2
1385760 2494.6
1385770 2491.2
1385780 2491.2
1385790 2488.2
1385800 2485.5
1385810 2485.5
1385820 2483.4
1385830 2482.3
1385840 2482.3
1385850 2481.0
1385860 2479.5
1385870 2479.5
1385880 2477.8
1385890 2474.1
1385900 2474.1
1385910 2470.5
1385920 2468.7
1385930 2469.4
1385940 2469.4
1385950 2471.1
1385960 2472.8
1385970 2472.8
1385980 2473.6
1385990 2474.5
1386000 2474.5
1386010 2474.8
1386020 2475.3
1386030 2475.3
1386040 2475.5
1386050 2475.8
1386060 2475.8
1386070 2476.4
1386080 2478.7
1386090 2478.7
1386100 2481.0
1386110 2485.8
1386120 2485.8
1386130 2490.5
1386140 2491.7
1386150 2490.8
1386160 2490.8
1386170 2486.7
1386180 2482.7
1386190 2482.7
1386200 2481.5
1386210 2477.9
1386220 2477.9
1386230 2466.2
1386240 2453.0
1386250 2453.0
1386260 2442.1
1386270 2431.9
1386280 2431.9
1386290 2425.1
1386300 2419.5
1386310 2419.5
1386320 2415.8
1386330 2413.7
1386340 2412.0
1386350 2412.0
1386360 2411.4
1386370 2409.4
1386380 2409.4
1386390 2407.3
1386400 2405.6
1386410 2405.6
1386420 2403.3
1386430 2401.6
1386440 2401.6
1386450 2400.4
1386460 2399.3
1386470 2399.3
1386480 2398.4
1386490 2398.1
1386500 2398.1
1386510 2397.2
1386520 2395.8
1386530 2396.7
1386540 2396.7
1386550 2399.0
1386560 2401.7
1386570 2401.7
1386580 2404.3
1386590 2406.4
1386600 2406.4
1386610 2407.7
1386620 2408.9
1386630 2408.9
1386640 2409.7
1386650 2409.7
1386660 2409.7
1386670 2411.1
1386680 2409.3
1386690 2409.3
1386700 2404.5
1386710 2399.0
1386720 2393.6
1386730 2393.6
1386740 2388.4
1386750 2383.9
1386760 2383.9
1386770 2381.2
1386780 2378.5
1386790 2378.5
1386800 2376.5
1386810 2375.2
1386820 2375.2
1386830 2374.6
1386840 2374.0
1386850 2374.0
1386860 2373.1
1386870 2372.8
1386880 2372.8
1386890 2372.5
1386900 2372.5
1386910 2372.5
1386920 2374.7
1386930 2376.9
1386940 2378.5
1386950 2378.5
1386960 2381.3
1386970 2384.4
1386980 2384.4
1386990 2386.9
1387000 2389.1
1387010 2389.1
1387020 2389.8
1387030 2390.1
1387040 2390.1
1387050 2391.1
1387060 2393.8
1387070 2393.8
1387080 2398.2
1387090 2402.4
1387100 2402.4
1387110 2401.8
1387120 2400.7
1387130 2399.4
1387140 2399.4
1387150 2398.9
1387160 2397.7
1387170 2397.7
1387180 2395.5
1387190 2393.1
1387200 2393.1
1387210 2392.0
1387220 2392.1
1387230 2392.1
1387240 2394.2
1387250 2398.0
1387260 2398.0
1387270 2401.5
1387280 2407.3
1387290 2407.3
1387300 2414.7
1387310 2424.9
1387320 2432.4
1387330 2432.4
1387340 2433.0
1387350 2431.1
1387360 2431.1
1387370 2428.0
1387380 2423.0
1387390 2423.0
1387400 2417.9
1387410 2413.2
1387420 2413.2
1387430 2409.9
1387440 2405.9
1387450 2405.9
1387460 2402.4
1387470 2401.6
1387480 2401.6
1387490 2401.6
1387500 2402.5
1387510 2404.7
1387520 2404.7
1387530 2407.5
1387540 2410.3
1387550 2410.3
1387560 2414.1
1387570 2419.2
1387580 2419.2
1387590 2425.6
1387600 2434.8
1387610 2434.8
1387620 2445.3
1387630 2451.6
1387640 2451.6
1387650 2456.7
1387660 2463.7
1387670 2463.7
1387680 2472.6
1387690 2481.3
1387700 2481.3
1387710 2487.0
1387720 2493.5
1387730 2501.8
1387740 2501.8
1387750 2513.2
1387760 2523.7
1387770 2523.7
1387780 2531.2
1387790 2534.2
1387800 2534.2
1387810 2533.2
1387820 2531.6
1387830 2531.6
1387840 2528.5
1387850 2527.4
1387860 2527.4
1387870 2528.4
1387880 2528.8
1387890 2528.8
1387900 2525.5
1387910 2517.9
1387920 2510.9
1387930 2510.9
1387940 2504.4
1387950 2498.5
1387960 2498.5
1387970 2496.2
1387980 2490.7
1387990 2490.7
1388000 2485.0
1388010 2480.2
1388020 2480.2
1388030 2476.7
1388040 2474.0
1388050 2474.0
1388060 2471.0
1388070 2470.6
1388080 2470.6
1388090 2469.9
1388100 2468.1
1388110 2466.5
1388120 2466.5
1388130 2464.6
1388140 2463.2
1388150 2463.2
1388160 2462.1
1388170 2461.4
1388180 2461.4
1388190 2460.7
1388200 2461.0
1388210 2461.0
1388220 2462.0
1388230 2462.4
1388240 2462.4
1388250 2463.3
1388260 2465.4
1388270 2465.4
1388280 2469.1
1388290 2472.1
1388300 2475.0
1388310 2475.0
1388320 2477.2
1388330 2478.0
1388340 2478.0
1388350 2478.3
1388360 2477.6
1388370 2477.6
1388380 2476.9
1388390 2476.3
1388400 2476.3
1388410 2476.0
1388420 2474.8
1388430 2474.8
1388440 2471.9
1388450 2468.9
1388460 2468.9
1388470 2466.2
1388480 2461.9
1388490 2455.0
1388500 2455.0
1388510 2448.5
1388520 2442.9
1388530 2442.9
1388540 2438.1
1388550 2435.7
1388560 2435.7
1388570 2435.8
1388580 2436.3
1388590 2436.3
1388600 2436.2
1388610 2435.0
1388620 2435.0
1388630 2434.0
1388640 2433.2
1388650 2433.2
1388660 2431.7
1388670 2427.9
1388680 2427.9
1388690 2423.6
1388700 2420.3
1388710 2418.0
1388720 2418.0
1388730 2417.5
1388740 2419.2
1388750 2419.2
1388760 2421.2
1388770 2420.6
1388780 2420.6
1388790 2416.1
1388800 2410.9
1388810 2410.9
1388820 2409.1
1388830 2407.8
1388840 2407.8
1388850 2404.0
1388860 2400.6
1388870 2400.6
1388880 2397.8
1388890 2395.3
1388900 2393.3
1388910 2393.3
1388920 2391.5
1388930 2390.2
1388940 2390.2
1388950 2388.3
1388960 2386.5
1388970 2386.5
1388980 2383.7
1388990 2381.6
1389000 2381.6
1389010 2381.8
1389020 2382.3
1389030 2382.3
1389040 2382.7
1389050 2382.8
1389060 2382.8
1389070 2382.7
1389080 2382.2
1389090 2381.6
1389100 2381.6
1389110 2380.7
1389120 2379.7
1389130 2379.7
1389140 2379.2
1389150 2379.0
1389160 2379.0
1389170 2378.8
1389180 2378.6
1389190 2378.6
1389200 2378.2
1389210 2377.6
1389220 2377.6
1389230 2377.1
1389240 2376.9
1389250 2376.9
1389260 2376.2
1389270 2375.5
1389280 2373.9
1389290 2378.3
1389300 2377.3
1389310 2378.3
1389320 2378.3
1389330 2380.0
1389340 2381.6
1389350 2381.6
1389360 2383.2
1389370 2385.0
1389380 2385.0
1389390 2386.2
1389400 2385.8
1389410 2385.8
1389420 2385.5
1389430 2385.2
1389440 2385.2
1389450 2384.6
1389460 2384.5
1389470 2384.5
1389480 2384.5
1389490 2383.2
1389500 2381.4
1389510 2381.4
1389520 2380.7
1389530 2380.3
1389540 2380.3
1389550 2380.6
1389560 2382.2
1389570 2382.2
1389580 2383.7
1389590 2384.3
1389600 2384.3
1389610 2385.4
1389620 2386.3
1389630 2386.3
1389640 2386.3
1389650 2386.2
1389660 2386.2
1389670 2386.3
1389680 2386.1
1389690 2386.0
1389700 2386.0
1389710 2386.3
1389720 2386.8
1389730 2386.8
1389740 2387.3
1389750 2387.2
1389760 2387.2
1389770 2386.9
1389780 2386.8
1389790 2386.8
1389800 2386.5
1389810 2386.4
1389820 2386.4
1389830 2387.9
1389840 2389.6
1389850 2389.6
1389860 2391.0
1389870 2394.5
1389880 2398.3
1389890 2398.3
1389900 2401.9
1389910 2406.0
1389920 2406.0
1389930 2409.4
1389940 2410.6
1389950 2410.6
1389960 2411.5
1389970 2413.1
1389980 2413.1
1389990 2415.8
1390000 2418.8
1390010 2418.8
1390020 2421.9
1390030 2425.5
1390040 2425.5
1390050 2429.6
1390060 2433.5
1390070 2437.4
1390080 2437.4
1390090 2442.2
1390100 2447.6
1390110 2447.6
1390120 2453.4
1390130 2459.2
1390140 2459.2
1390150 2465.4
1390160 2471.6
1390170 2471.6
1390180 2478.4
1390190 2486.3
1390200 2486.3
1390210 2495.2
1390220 2503.0
1390230 2503.0
1390240 2507.9
1390250 2512.2
1390260 2514.6
1390270 2514.6
1390280 2516.0
1390290 2516.5
1390300 2516.5
1390310 2519.3
1390320 2523.5
1390330 2523.5
1390340 2528.3
1390350 2533.7
1390360 2533.7
1390370 2540.2
1390380 2547.3
1390390 2547.3
1390400 2556.0
1390410 2559.8
1390420 2559.8
1390430 2556.5
1390440 2552.4
1390450 2552.4
1390460 2548.4
1390470 2543.3
1390480 2536.5
1390490 2536.5
1390500 2529.5
1390510 2523.7
1390520 2523.7
1390530 2518.2
1390540 2512.5
1390550 2512.5
1390560 2506.8
1390570 2499.4
1390580 2499.4
1390590 2492.4
1390600 2486.0
1390610 2486.0
1390620 2480.9
1390630 2482.7
1390640 2482.7
1390650 2480.3
1390660 2478.5
1390670 2478.3
1390680 2478.3
1390690 2478.9
1390700 2480.5
1390710 2480.5
1390720 2482.3
1390730 2482.9
1390740 2482.9
1390750 2481.9
1390760 2480.0
1390770 2480.0
1390780 2478.4
1390790 2475.4
1390800 2475.4
1390810 2472.3
1390820 2470.2
1390830 2470.2
1390840 2469.6
1390850 2468.1
1390860 2466.8
1390870 2466.8
1390880 2465.5
1390890 2464.3
1390900 2464.3
1390910 2463.8
1390920 2464.9
1390930 2464.9
1390940 2466.6
1390950 2468.1
1390960 2468.1
1390970 2468.8
1390980 2466.5
1390990 2466.5
1391000 2463.7
1391010 2461.8
1391020 2461.8
1391030 2460.3
1391040 2456.0
1391050 2457.4
1391060 2457.4
1391070 2459.9
1391080 2459.1
1391090 2459.1
1391100 2449.7
1391110 2440.0
1391120 2440.0
1391130 2437.3
1391140 2434.7
1391150 2434.7
1391160 2429.1
1391170 2423.6
1391180 2423.6
1391190 2421.3
1391200 2429.2
1391210 2429.2
1391220 2441.9
1391230 2452.2
1391240 2452.2
1391250 2461.3
1391260 2473.6
1391270 2479.3
1391280 2479.3
1391290 2477.9
1391300 2462.9
1391310 2462.9
1391320 2447.3
1391330 2439.6
1391340 2439.6
1391350 2436.0
1391360 2435.5
1391370 2435.5
1391380 2430.6
1391390 2420.0
1391400 2420.0
1391410 2414.0
1391420 2415.9
1391430 2415.9
1391440 2418.9
1391450 2421.4
1391460 2428.3
1391470 2428.3
1391480 2429.4
1391490 2422.0
1391500 2422.0
1391510 2420.1
1391520 2421.1
1391530 2421.1
1391540 2420.5
1391550 2411.9
1391560 2411.9
1391570 2401.0
1391580 2403.6
1391590 2403.6
1391600 2409.1
1391610 2410.9
1391620 2410.9
1391630 2413.5
1391640 2415.6
1391650 2418.3
1391660 2418.3
1391670 2419.9
1391680 2417.1
1391690 2417.1
1391700 2412.5
1391710 2409.7
1391720 2409.7
1391730 2408.9
1391740 2408.7
1391750 2408.7
1391760 2409.6
1391770 2409.1
1391780 2409.1
1391790 2405.3
1391800 2404.9
1391810 2404.9
1391820 2408.6
1391830 2412.9
1391840 2415.7
1391850 2415.7
1391860 2419.7
1391870 2422.9
1391880 2422.9
1391890 2423.3
1391900 2423.6
1391910 2423.6
1391920 2423.4
1391930 2424.1
1391940 2424.1
1391950 2428.7
1391960 2432.0
1391970 2432.0
1391980 2436.6
1391990 2443.7
1392000 2443.7
1392010 2446.6
1392020 2448.0
1392030 2451.6
1392040 2451.6
1392050 2456.6
1392060 2461.8
1392070 2461.8
1392080 2467.7
1392090 2475.5
1392100 2475.5
1392110 2489.7
1392120 2501.8
1392130 2501.8
1392140 2510.3
1392150 2519.0
1392160 2519.0
1392170 2524.6
1392180 2527.5
1392190 2527.5
1392200 2528.8
1392210 2528.5
1392220 2528.5
1392230 2527.6
1392240 2525.8
1392250 2523.2
1392260 2523.2
1392270 2522.1
1392280 2521.0
1392290 2521.0
1392300 2519.2
1392310 2519.1
1392320 2519.1
1392330 2518.6
1392340 2517.3
1392350 2517.3
1392360 2516.8
1392370 2516.6
1392380 2516.6
1392390 2518.4
1392400 2519.8
1392410 2519.8
1392420 2519.3
1392430 2518.9
1392440 2518.1
1392450 2518.1
1392460 2515.4
1392470 2511.7
1392480 2511.7
1392490 2506.6
1392500 2502.8
1392510 2502.8
1392520 2500.4
1392530 2499.3
1392540 2499.3
1392550 2499.2
1392560 2499.6
1392570 2499.6
1392580 2500.9
1392590 2501.5
1392600 2501.5
1392610 2501.5
1392620 2501.5
1392630 2503.0
1392640 2503.0
1392650 2505.0
1392660 2507.4
1392670 2507.4
1392680 2510.8
1392690 2513.3
1392700 2513.3
1392710 2516.0
1392720 2519.7
1392730 2519.7
1392740 2526.0
1392750 2537.2
1392760 2537.2
1392770 2543.4
1392780 2548.7
1392790 2548.7
1392800 2552.7
1392810 2557.5
1392820 2563.2
1392830 2563.2
1392840 2569.6
1392850 2576.7
1392860 2576.7
1392870 2584.5
1392880 2594.1
1392890 2594.1
1392900 2603.9
1392910 2613.3
1392920 2613.3
1392930 2611.1
1392940 2602.0
1392950 2602.0
1392960 2592.3
1392970 2584.9
1392980 2584.9
1392990 2573.7
1393000 2564.1
1393010 2564.1
1393020 2557.0
1393030 2550.8
1393040 2546.3
1393050 2546.3
1393060 2542.9
1393070 2539.3
1393080 2539.3
1393090 2535.0
1393100 2528.2
1393110 2528.2
1393120 2522.2
1393130 2516.8
1393140 2516.8
1393150 2510.2
1393160 2503.1
1393170 2503.1
1393180 2496.9
1393190 2491.8
1393200 2491.8
1393210 2487.6
1393220 2483.4
1393230 2480.0
1393240 2480.0
1393250 2479.0
1393260 2479.0
1393270 2479.0
1393280 2479.6
1393290 2480.8
1393300 2480.8
1393310 2481.8
1393320 2478.3
1393330 2478.3
1393340 2478.8
1393350 2482.5
1393360 2482.5
1393370 2480.5
1393380 2482.3
1393390 2482.3
1393400 2480.1
1393410 2476.0
1393420 2472.9
1393430 2472.9
1393440 2469.9
1393450 2467.0
1393460 2467.0
1393470 2461.8
1393480 2454.1
1393490 2454.1
1393500 2448.9
1393510 2444.5
1393520 2444.5
1393530 2440.4
1393540 2435.4
1393550 2435.4
1393560 2430.0
1393570 2424.9
1393580 2424.9
1393590 2420.1
1393600 2409.7
1393610 2393.6
1393620 2393.6
1393630 2380.2
1393640 2371.0
1393650 2371.0
1393660 2364.3
1393670 2358.1
1393680 2358.1
1393690 2353.0
1393700 2348.1
1393710 2348.1
1393720 2343.5
1393730 2338.6
1393740 2338.6
1393750 2333.2
1393760 2328.4
1393770 2328.4
1393780 2323.9
1393790 2317.8
1393800 2312.0
1393810 2312.0
1393820 2308.4
1393830 2306.7
1393840 2306.7
1393850 2304.4
1393860 2302.2
1393870 2302.2
1393880 2301.1
1393890 2300.4
1393900 2300.4
1393910 2300.5
1393920 2299.0
1393930 2299.0
1393940 2294.4
1393950 2289.2
1393960 2289.2
1393970 2284.6
1393980 2281.0
1393990 2281.0
1394000 2276.7
1394010 2268.8
1394020 2258.8
1394030 2258.8
1394040 2251.2
1394050 2245.0
1394060 2245.0
1394070 2240.6
1394080 2237.2
1394090 2237.2
1394100 2234.3
1394110 2230.7
1394120 2230.7
1394130 2227.1
1394140 2223.9
1394150 2223.9
1394160 2219.9
1394170 2215.3
1394180 2215.3
1394190 2209.2
1394200 2199.0
1394210 2188.8
1394220 2188.8
1394230 2180.7
1394240 2174.7
1394250 2174.7
1394260 2170.4
1394270 2166.9
1394280 2166.9
1394290 2162.4
1394300 2157.8
1394310 2157.8
1394320 2152.3
1394330 2145.6
1394340 2145.6
1394350 2138.0
1394360 2129.9
1394370 2129.9
1394380 2121.7
1394390 2115.3
1394400 2109.0
1394410 2109.0
1394420 2100.3
1394430 2091.2
1394440 2091.2
1394450 2080.4
1394460 2066.9
1394470 2066.9
1394480 2054.3
1394490 2045.2
1394500 2045.2
1394510 2037.3
1394520 2030.5
1394530 2030.5
1394540 2025.4
1394550 2019.8
1394560 2019.8
1394570 2013.7
1394580 2005.9
1394590 1995.6
1394600 1995.6
1394610 1984.6
1394620 1977.8
1394630 1977.8
1394640 1971.6
1394650 1966.8
1394660 1966.8
1394670 1962.5
1394680 1956.0
1394690 1956.0
1394700 1949.2
1394710 1942.8
1394720 1942.8
1394730 1937.2
1394740 1929.5
1394750 1929.5
1394760 1921.7
1394770 1911.8
1394780 1911.8
1394790 1908.1
1394800 1905.1
1394810 1901.7
1394820 1901.7
1394830 1897.6
1394840 1893.0
1394850 1893.0
1394860 1889.2
1394870 1886.0
1394880 1886.0
1394890 1882.5
1394900 1880.2
1394910 1880.2
1394920 1881.5
1394930 1882.6
1394940 1882.6
1394950 1882.0
1394960 1881.2
1394970 1881.2
1394980 1880.7
1394990 1880.1
1395000 1879.1
1395010 1879.1
1395020 1878.6
1395030 1877.3
1395040 1877.3
1395050 1876.0
1395060 1873.4
1395070 1873.4
1395080 1871.2
1395090 1869.6
1395100 1869.6
1395110 1867.4
1395120 1864.8
1395130 1864.8
1395140 1858.2
1395150 1851.9
1395160 1851.9
1395170 1850.9
1395180 1849.7
1395190 1849.6
1395200 1849.6
1395210 1850.8
1395220 1851.4
1395230 1851.4
1395240 1851.1
1395250 1850.1
1395260 1850.1
1395270 1848.9
1395280 1847.2
1395290 1847.2
1395300 1847.8
1395310 1849.0
1395320 1849.0
1395330 1851.0
1395340 1851.4
1395350 1851.4
1395360 1851.1
1395370 1851.2
1395380 1851.7
1395390 1851.7
1395400 1852.3
1395410 1852.2
1395420 1852.2
1395430 1851.7
1395440 1851.6
1395450 1851.6
1395460 1850.4
1395470 1850.3
1395480 1850.3
1395490 1853.9
1395500 1857.9
1395510 1857.9
1395520 1860.3
1395530 1862.2
1395540 1862.2
1395550 1864.8
1395560 1872.7
1395570 1870.8
1395580 1870.8
1395590 1876.0
1395600 1882.2
1395610 1882.2
1395620 1884.2
1395630 1887.8
1395640 1887.8
1395650 1891.5
1395660 1891.6
1395670 1891.6
1395680 1890.7
1395690 1887.7
1395700 1887.7
1395710 1881.4
1395720 1878.6
1395730 1878.6
1395740 1876.2
1395750 1874.6
1395760 1874.6
1395770 1874.1
1395780 1873.5
1395790 1875.9
1395800 1875.9
1395810 1879.1
1395820 1881.6
1395830 1881.6
1395840 1881.1
1395850 1877.4
1395860 1877.4
1395870 1873.7
1395880 1869.1
1395890 1869.1
1395900 1863.0
1395910 1859.5
1395920 1859.5
1395930 1857.0
1395940 1852.6
1395950 1852.6
1395960 1848.3
1395970 1843.5
1395980 1837.9
1395990 1837.9
1396000 1832.4
1396010 1826.8
1396020 1826.8
1396030 1821.6
1396040 1816.4
1396050 1816.4
1396060 1811.5
1396070 1806.8
1396080 1806.8
1396090 1801.4
1396100 1794.1
1396110 1794.1
1396120 1787.8
1396130 1782.9
1396140 1782.9
1396150 1777.8
1396160 1772.5
1396170 1768.2
1396180 1768.2
1396190 1768.9
1396200 1765.4
1396210 1765.4
1396220 1760.8
1396230 1756.3
1396240 1756.3
1396250 1752.1
1396260 1748.6
1396270 1748.6
1396280 1746.5
1396290 1744.9
1396300 1744.9
1396310 1737.6
1396320 1727.6
1396330 1727.6
1396340 1720.0
1396350 1713.1
1396360 1709.0
1396370 1709.0
1396380 1704.7
1396390 1701.2
1396400 1701.2
1396410 1697.4
1396420 1692.1
1396430 1692.1
1396440 1684.9
1396450 1678.5
1396460 1678.5
1396470 1671.7
1396480 1665.3
1396490 1665.3
1396500 1660.7
1396510 1656.9
1396520 1656.9
1396530 1652.1
1396540 1643.6
1396550 1643.6
1396560 1637.3
1396570 1634.8
1396580 1628.7
1396590 1628.7
1396600 1617.4
1396610 1605.0
1396620 1605.0
1396630 1593.0
1396640 1581.8
1396650 1581.8
1396660 1572.3
1396670 1566.3
1396680 1566.3
1396690 1561.1
1396700 1555.9
1396710 1555.9
1396720 1554.0
1396730 1552.2
1396740 1552.2
1396750 1549.0
1396760 1544.1
1396770 1538.8
1396780 1538.8
1396790 1532.8
1396800 1526.9
1396810 1526.9
1396820 1521.8
1396830 1517.7
1396840 1517.7
1396850 1515.1
1396860 1511.2
1396870 1511.2
1396880 1505.4
1396890 1499.9
1396900 1499.9
1396910 1493.0
1396920 1486.5
1396930 1486.5
1396940 1480.3
1396950 1474.4
1396960 1468.6
1396970 1468.6
1396980 1463.3
1396990 1458.3
1397000 1458.3
1397010 1452.8
1397020 1447.0
1397030 1447.0
1397040 1441.4
1397050 1435.5
1397060 1435.5
1397070 1430.6
1397080 1425.6
1397090 1425.6
1397100 1420.6
1397110 1415.3
1397120 1415.3
1397130 1410.0
1397140 1405.7
1397150 1402.0
1397160 1402.0
1397170 1396.7
1397180 1391.9
1397190 1391.9
1397200 1386.1
1397210 1378.2
1397220 1378.2
1397230 1374.0
1397240 1370.3
1397250 1370.3
1397260 1366.8
1397270 1364.8
1397280 1364.8
1397290 1363.4
1397300 1362.8
1397310 1362.8
1397320 1359.8
1397330 1354.4
1397340 1348.7
1397350 1348.7
1397360 1341.7
1397370 1331.9
1397380 1331.9
1397390 1322.5
1397400 1314.4
1397410 1314.4
1397420 1301.7
1397430 1293.1
1397440 1293.1
1397450 1285.9
1397460 1281.4
1397470 1281.4
1397480 1275.3
1397490 1270.5
1397500 1270.5
1397510 1264.8
1397520 1258.4
1397530 1258.4
1397540 1250.7
1397550 1243.3
1397560 1237.6
1397570 1237.6
1397580 1231.1
1397590 1223.7
1397600 1223.7
1397610 1214.3
1397620 1205.6
1397630 1207.9
1397640 1210.3
1397650 1213.4
1397660 1213.4
1397670 1211.0
1397680 1205.2
1397690 1205.2
1397700 1197.1
1397710 1190.1
1397720 1190.1
1397730 1183.1
1397740 1177.4
1397750 1170.6
1397760 1170.6
1397770 1165.8
1397780 1163.9
1397790 1163.9
1397800 1161.1
1397810 1155.8
1397820 1155.8
1397830 1150.3
1397840 1144.8
1397850 1144.8
1397860 1135.8
1397870 1123.2
1397880 1123.2
1397890 1111.6
1397900 1105.3
1397910 1105.3
1397920 1102.0
1397930 1092.6
1397940 1082.2
1397950 1082.2
1397960 1073.0
1397970 1062.3
1397980 1062.3
1397990 1054.3
1398000 1046.5
1398010 1046.5
1398020 1038.8
1398030 1030.9
1398040 1030.9
1398050 1023.3
1398060 1016.0
1398070 1016.0
1398080 1009.3
1398090 1003.1
1398100 1003.1
1398110 997.1
1398120 992.1
1398130 987.5
1398140 987.5
1398150 982.7
1398160 977.9
1398170 977.9
1398180 973.4
1398190 969.2
1398200 969.2
1398210 965.4
1398220 962.2
1398230 962.2
1398240 960.5
1398250 959.0
1398260 959.0
1398270 955.9
1398280 952.4
1398290 952.4
1398300 948.7
1398310 945.6
1398320 945.6
1398330 942.8
1398340 940.0
1398350 936.0
1398360 936.0
1398370 931.1
1398380 926.1
1398390 926.1
1398400 920.7
1398410 914.5
1398420 914.5
1398430 906.8
1398440 899.7
1398450 899.7
1398460 892.0
1398470 882.3
1398480 882.3
1398490 871.4
1398500 862.6
1398510 862.6
1398520 860.5
1398530 860.1
1398540 860.1
1398550 860.1
1398560 860.2
1398570 860.3
1398580 860.3
1398590 860.1
1398600 859.3
1398610 859.3
1398620 858.8
1398630 858.4
1398640 858.4
1398650 857.8
1398660 857.5
1398670 857.5
1398680 857.4
1398690 857.3
1398700 857.3
1398710 857.4
1398720 857.5
1398730 857.4
1398740 857.4
1398750 857.3
1398760 857.2
1398770 857.2
1398780 855.4
1398790 851.4
1398800 851.4
1398810 850.4
1398820 851.1
1398830 851.1
1398840 850.4
1398850 849.7
1398860 849.7
1398870 848.8
1398880 848.6
1398890 848.6
1398900 849.0
1398910 849.8
1398920 852.7
1398930 852.7
1398940 853.2
1398950 853.3
1398960 853.3
1398970 853.5
1398980 853.2
1398990 853.2
1399000 852.7
1399010 852.7
1399020 852.7
1399030 852.9
1399040 854.0
1399050 854.0
1399060 854.9
1399070 852.5
1399080 852.5
1399090 851.6
1399100 851.4
1399110 851.8
1399120 851.8
1399130 853.8
1399140 858.8
1399150 858.8
1399160 864.5
1399170 870.7
1399180 870.7
1399190 875.7
1399200 877.9
1399210 877.9
1399220 880.7
1399230 883.5
1399240 883.5
1399250 885.7
1399260 887.4
1399270 887.4
1399280 890.0
1399290 895.2
1399300 895.2
1399310 898.3
1399320 900.4
1399330 904.3
1399340 904.3
1399350 910.5
1399360 917.4
1399370 917.4
1399380 924.5
1399390 930.0
1399400 930.0
1399410 936.7
1399420 943.9
1399430 943.9
1399440 950.4
1399450 957.1
1399460 957.1
1399470 965.7
1399480 973.4
1399490 973.4
1399500 979.1
1399510 983.2
1399520 987.2
1399530 987.2
1399540 991.3
1399550 994.8
1399560 994.8
1399570 997.9
1399580 1001.7
1399590 1001.7
1399600 1006.1
1399610 1010.4
1399620 1010.4
1399630 1014.7
1399640 1019.0
1399650 1019.0
1399660 1024.2
1399670 1029.3
1399680 1029.3
1399690 1034.4
1399700 1038.0
1399710 1038.8
1399720 1038.8
1399730 1038.6
1399740 1036.6
1399750 1036.6
1399760 1034.1
1399770 1033.6
1399780 1033.6
1399790 1036.7
1399800 1043.5
1399810 1043.5
1399820 1052.3
1399830 1062.1
1399840 1062.1
1399850 1072.0
1399860 1078.0
1399870 1078.0
1399880 1084.1
1399890 1091.4
1399900 1098.9
1399910 1098.9
1399920 1107.4
1399930 1113.9
1399940 1113.9
1399950 1118.2
1399960 1125.7
1399970 1125.7
1399980 1133.8
1399990 1143.2
