1380000 2571.5
1380010 2571.5
1380020 2565.4
1380030 2559.7
1380040 2559.7
1380050 2553.6
1380060 2547.5
1380070 2547.5
1380080 2542.0
1380090 2537.4
1380100 2537.4
1380110 2533.0
1380120 2528.9
1380130 2528.9
1380140 2525.8
1380150 2524.6
1380160 2524.4
1380170 2524.4
1380180 2522.8
1380190 2518.4
1380200 2518.4
1380210 2512.0
1380220 2509.8
1380230 2509.8
1380240 2506.7
1380250 2503.3
1380260 2503.3
1380270 2499.6
1380280 2496.0
1380290 2496.0
1380300 2494.0
1380310 2493.6
1380320 2493.6
1380330 2494.0
1380340 2495.7
1380350 2497.0
1380360 2497.0
1380370 2496.6
1380380 2495.4
1380390 2495.4
1380400 2493.4
1380410 2489.6
1380420 2489.6
1380430 2483.4
1380440 2475.8
1380450 2475.8
1380460 2468.2
1380470 2461.0
1380480 2461.0
1380490 2455.3
1380500 2450.7
1380510 2450.7
1380520 2445.9
1380530 2440.9
1380540 2437.0
1380550 2437.0
1380560 2435.2
1380570 2433.6
1380580 2433.6
1380590 2432.6
1380600 2431.9
1380610 2431.9
1380620 2430.8
1380630 2429.8
1380640 2429.8
1380650 2429.1
1380660 2429.0
1380670 2429.0
1380680 2429.5
1380690 2430.2
1380700 2430.2
1380710 2431.3
1380720 2433.0
1380730 2433.0
1380740 2433.5
1380750 2431.6
1380760 2429.9
1380770 2429.9
1380780 2429.1
1380790 2427.8
1380800 2427.8
1380810 2427.2
1380820 2426.6
1380830 2426.6
1380840 2426.0
1380850 2424.9
1380860 2424.9
1380870 2423.1
1380880 2421.4
1380890 2421.4
1380900 2419.5
1380910 2416.6
1380920 2416.6
1380930 2413.1
1380940 2410.2
1380950 2408.1
1380960 2408.1
1380970 2406.2
1380980 2403.4
1380990 2403.4
1381000 2400.1
1381010 2396.7
1381020 2396.7
1381030 2393.9
1381040 2392.0
1381050 2392.0
1381060 2390.8
1381070 2388.7
1381080 2388.7
1381090 2386.5
1381100 2384.8
1381110 2384.8
1381120 2383.0
1381130 2381.4
1381140 2379.9
1381150 2379.9
1381160 2379.2
1381170 2379.8
1381180 2379.8
1381190 2380.4
1381200 2382.5
1381210 2382.5
1381220 2381.8
1381230 2375.7
1381240 2375.7
1381250 2368.9
1381260 2362.7
1381270 2362.7
1381280 2356.9
1381290 2351.1
1381300 2351.1
1381310 2346.9
1381320 2344.2
1381330 2342.1
1381340 2342.1
1381350 2340.5
1381360 2338.6
1381370 2338.6
1381380 2336.8
1381390 2335.6
1381400 2335.6
1381410 2333.5
1381420 2328.5
1381430 2328.5
1381440 2325.3
1381450 2320.5
1381460 2320.5
1381470 2315.2
1381480 2309.4
1381490 2309.4
1381500 2303.9
1381510 2298.3
1381520 2298.3
1381530 2292.3
1381540 2288.2
1381550 2285.3
1381560 2285.3
1381570 2282.0
1381580 2279.3
1381590 2279.3
1381600 2276.7
1381610 2274.1
1381620 2274.1
1381630 2272.2
1381640 2271.3
1381650 2271.3
1381660 2271.1
1381670 2270.2
1381680 2270.2
1381690 2268.6
1381700 2267.8
1381710 2267.8
1381720 2265.4
1381730 2261.4
1381740 2257.9
1381750 2257.9
1381760 2257.7
1381770 2258.4
1381780 2258.4
1381790 2259.9
1381800 2259.4
1381810 2259.4
1381820 2258.2
1381830 2257.1
1381840 2257.1
1381850 2256.1
1381860 2256.0
1381870 2256.0
1381880 2257.3
1381890 2258.2
1381900 2258.2
1381910 2258.9
1381920 2258.7
1381930 2258.5
1381940 2258.5
1381950 2257.6
1381960 2256.1
1381970 2256.1
1381980 2255.0
1381990 2254.4
1382000 2254.4
1382010 2254.4
1382020 2256.7
1382030 2256.7
1382040 2259.5
1382050 2261.6
1382060 2261.6
1382070 2263.4
1382080 2265.1
1382090 2265.1
1382100 2266.8
1382110 2268.0
1382120 2269.3
1382130 2269.3
1382140 2270.8
1382150 2273.5
1382160 2273.5
1382170 2275.5
1382180 2275.7
1382190 2275.7
1382200 2275.8
1382210 2276.6
1382220 2276.6
1382230 2277.6
1382240 2278.1
1382250 2278.1
1382260 2279.0
1382270 2279.2
1382280 2279.2
1382290 2278.1
1382300 2278.5
1382310 2278.5
1382320 2278.9
1382330 2279.5
1382340 2280.5
1382350 2280.5
1382360 2281.9
1382370 2283.3
1382380 2283.3
1382390 2284.3
1382400 2285.7
1382410 2285.7
1382420 2285.7
1382430 2285.3
1382440 2285.3
1382450 2285.6
1382460 2286.1
1382470 2286.1
1382480 2286.9
1382490 2288.2
1382500 2288.2
1382510 2289.7
1382520 2289.9
1382530 2290.4
1382540 2290.4
1382550 2291.0
1382560 2290.8
1382570 2290.8
1382580 2291.0
1382590 2291.8
1382600 2291.8
1382610 2292.9
1382620 2293.9
1382630 2293.9
1382640 2295.0
1382650 2294.5
1382660 2294.5
1382670 2294.2
1382680 2296.7
1382690 2296.7
1382700 2298.7
1382710 2302.7
1382720 2306.5
1382730 2306.5
1382740 2309.9
1382750 2312.0
1382760 2312.0
1382770 2311.8
1382780 2311.4
1382790 2311.4
1382800 2310.6
1382810 2310.8
1382820 2310.8
1382830 2311.8
1382840 2313.5
1382850 2313.5
1382860 2315.3
1382870 2318.1
1382880 2318.1
1382890 2321.5
1382900 2324.7
1382910 2326.1
1382920 2326.1
1382930 2328.0
1382940 2331.7
1382950 2331.7
1382960 2336.1
1382970 2340.2
1382980 2340.2
1382990 2343.1
1383000 2345.4
1383010 2345.4
1383020 2348.6
1383030 2351.1
1383040 2351.1
1383050 2352.6
1383060 2353.7
1383070 2353.7
1383080 2354.9
1383090 2356.1
1383100 2356.1
1383110 2357.1
1383120 2358.0
1383130 2358.6
1383140 2358.6
1383150 2359.3
1383160 2360.0
1383170 2360.0
1383180 2360.1
1383190 2360.5
1383200 2360.5
1383210 2361.2
1383220 2362.0
1383230 2362.0
1383240 2363.3
1383250 2365.2
1383260 2365.2
1383270 2368.0
1383280 2371.3
1383290 2371.3
1383300 2374.4
1383310 2376.7
1383320 2380.5
1383330 2380.5
1383340 2385.0
1383350 2388.7
1383360 2388.7
1383370 2391.0
1383380 2392.0
1383390 2392.0
1383400 2392.7
1383410 2392.9
1383420 2392.9
1383430 2392.6
1383440 2393.2
1383450 2393.2
1383460 2394.3
1383470 2395.9
1383480 2395.9
1383490 2397.4
1383500 2398.9
1383510 2401.6
1383520 2401.6
1383530 2406.2
1383540 2411.2
1383550 2411.2
1383560 2416.1
1383570 2420.2
1383580 2420.2
1383590 2423.5
1383600 2427.3
1383610 2427.3
1383620 2431.5
1383630 2435.7
1383640 2435.7
1383650 2440.5
1383660 2446.4
1383670 2446.4
1383680 2453.6
1383690 2462.0
1383700 2471.0
1383710 2471.0
1383720 2478.9
1383730 2476.5
1383740 2476.5
1383750 2465.6
1383760 2455.6
1383770 2455.6
1383780 2447.9
1383790 2439.1
1383800 2439.1
1383810 2431.7
1383820 2426.6
1383830 2426.6
1383840 2421.9
1383850 2417.2
1383860 2417.2
1383870 2413.4
1383880 2410.4
1383890 2410.4
1383900 2407.9
1383910 2406.9
1383920 2410.8
1383930 2410.8
1383940 2410.2
1383950 2409.6
1383960 2409.6
1383970 2409.2
1383980 2407.8
1383990 2407.8
1384000 2406.8
1384010 2405.8
1384020 2405.8
1384030 2405.1
1384040 2403.9
1384050 2403.9
1384060 2402.6
1384070 2400.9
1384080 2400.9
1384090 2400.1
1384100 2400.1
1384110 2400.2
1384120 2400.2
1384130 2400.6
1384140 2400.9
1384150 2400.9
1384160 2401.2
1384170 2401.8
1384180 2401.8
1384190 2403.0
1384200 2403.4
1384210 2403.4
1384220 2403.6
1384230 2403.5
1384240 2403.5
1384250 2403.5
1384260 2403.6
1384270 2403.6
1384280 2403.7
1384290 2403.7
1384300 2404.1
1384310 2404.1
1384320 2405.0
1384330 2405.7
1384340 2405.7
1384350 2406.3
1384360 2407.0
1384370 2407.0
1384380 2408.7
1384390 2409.6
1384400 2409.6
1384410 2409.7
1384420 2410.1
1384430 2410.1
1384440 2410.1
1384450 2410.0
1384460 2410.0
1384470 2410.2
1384480 2410.6
1384490 2412.6
1384500 2412.6
1384510 2414.5
1384520 2417.3
1384530 2417.3
1384540 2419.4
1384550 2420.7
1384560 2420.7
1384570 2422.6
1384580 2425.2
1384590 2425.2
1384600 2428.3
1384610 2430.8
1384620 2430.8
1384630 2432.8
1384640 2435.4
1384650 2435.4
1384660 2439.0
1384670 2444.1
1384680 2444.1
1384690 2450.7
1384700 2458.1
1384710 2466.0
1384720 2466.0
1384730 2475.4
1384740 2487.5
1384750 2487.5
1384760 2496.4
1384770 2505.3
1384780 2505.3
1384790 2515.6
1384800 2522.3
1384810 2522.3
1384820 2525.7
1384830 2527.7
1384840 2527.7
1384850 2529.4
1384860 2529.4
1384870 2529.4
1384880 2525.5
1384890 2522.2
1384900 2521.1
1384910 2521.1
1384920 2517.5
1384930 2512.7
1384940 2512.7
1384950 2512.4
1384960 2515.4
1384970 2515.4
1384980 2520.6
1384990 2525.2
1385000 2525.2
1385010 2530.7
1385020 2535.9
1385030 2535.9
1385040 2540.2
1385050 2544.6
1385060 2544.6
1385070 2548.8
1385080 2553.9
1385090 2558.0
1385100 2558.0
1385110 2559.5
1385120 2560.3
1385130 2560.3
1385140 2562.7
1385150 2565.8
1385160 2565.8
1385170 2569.5
1385180 2573.8
1385190 2573.4
1385200 2576.5
1385210 2578.4
1385220 2578.4
1385230 2580.5
1385240 2584.3
1385250 2584.3
1385260 2589.1
1385270 2591.5
1385280 2593.3
1385290 2593.3
1385300 2594.8
1385310 2594.9
1385320 2594.9
1385330 2597.1
1385340 2602.3
1385350 2602.3
1385360 2608.4
1385370 2614.1
1385380 2614.1
1385390 2616.4
1385400 2614.7
1385410 2614.7
1385420 2612.1
1385430 2608.6
1385440 2608.6
1385450 2605.7
1385460 2603.3
1385470 2601.3
1385480 2601.3
1385490 2600.0
1385500 2600.2
1385510 2600.2
1385520 2599.9
1385530 2598.7
1385540 2598.7
1385550 2598.3
1385560 2598.7
1385570 2598.7
1385580 2593.6
1385590 2577.7
1385600 2577.7
1385610 2566.0
1385620 2554.8
1385630 2554.8
1385640 2545.8
1385650 2538.8
1385660 2538.8
1385670 2532.2
1385680 2525.3
1385690 2518.6
1385700 2518.6
1385710 2512.4
1385720 2506.7
1385730 2506.7
1385740 2501.5
1385750 2496.5
1385760 2496.5
1385770 2491.0
1385780 2485.6
1385790 2485.6
1385800 2480.2
1385810 2475.3
1385820 2475.3
1385830 2470.3
1385840 2465.6
1385850 2465.6
1385860 2461.8
1385870 2458.6
1385880 2456.1
1385890 2456.1
1385900 2453.5
1385910 2450.8
1385920 2450.8
1385930 2447.9
1385940 2444.8
1385950 2444.8
1385960 2441.1
1385970 2438.4
1385980 2438.4
1385990 2436.2
1386000 2431.6
1386010 2431.6
1386020 2424.3
1386030 2417.4
1386040 2417.4
1386050 2411.8
1386060 2406.4
1386070 2401.9
1386080 2401.9
1386090 2399.6
1386100 2397.7
1386110 2397.7
1386120 2394.3
1386130 2391.7
1386140 2391.7
1386150 2390.0
1386160 2386.6
1386170 2386.6
1386180 2381.9
1386190 2376.3
1386200 2376.3
1386210 2370.3
1386220 2366.0
1386230 2366.0
1386240 2363.8
1386250 2363.2
1386260 2363.0
1386270 2363.0
1386280 2361.5
1386290 2358.9
1386300 2358.9
1386310 2357.4
1386320 2356.6
1386330 2356.6
1386340 2354.0
1386350 2352.8
1386360 2352.8
1386370 2351.6
1386380 2347.0
1386390 2347.0
1386400 2342.0
1386410 2338.7
1386420 2338.7
1386430 2337.6
1386440 2336.3
1386450 2336.3
1386460 2335.1
1386470 2334.4
1386480 2333.4
1386490 2333.4
1386500 2332.0
1386510 2329.8
1386520 2329.8
1386530 2326.9
1386540 2323.5
1386550 2323.5
1386560 2319.2
1386570 2315.4
1386580 2315.4
1386590 2310.8
1386600 2304.9
1386610 2304.9
1386620 2299.2
1386630 2294.7
1386640 2294.7
1386650 2291.9
1386660 2291.1
1386670 2290.1
1386680 2290.1
1386690 2288.0
1386700 2285.4
1386710 2285.4
1386720 2283.5
1386730 2283.0
1386740 2283.0
1386750 2282.3
1386760 2281.2
1386770 2281.2
1386780 2279.9
1386790 2278.6
1386800 2278.6
1386810 2277.2
1386820 2275.1
1386830 2275.1
1386840 2273.2
1386850 2273.4
1386860 2272.5
1386870 2272.5
1386880 2273.2
1386890 2274.3
1386900 2274.3
1386910 2275.1
1386920 2275.3
1386930 2275.3
1386940 2275.7
1386950 2275.7
1386960 2275.7
1386970 2274.8
1386980 2276.5
1386990 2276.5
1387000 2277.4
1387010 2277.4
1387020 2277.4
1387030 2278.9
1387040 2280.0
1387050 2280.8
1387060 2280.8
1387070 2283.1
1387080 2285.8
1387090 2285.8
1387100 2286.1
1387110 2288.4
1387120 2288.4
1387130 2291.5
1387140 2294.7
1387150 2294.7
1387160 2298.9
1387170 2304.7
1387180 2304.7
1387190 2310.6
1387200 2315.9
1387210 2315.9
1387220 2322.3
1387230 2327.5
1387240 2327.5
1387250 2328.5
1387260 2328.3
1387270 2326.7
1387280 2326.7
1387290 2326.9
1387300 2323.9
1387310 2323.9
1387320 2322.5
1387330 2324.7
1387340 2324.7
1387350 2328.5
1387360 2333.2
1387370 2333.2
1387380 2336.8
1387390 2337.1
1387400 2337.1
1387410 2334.0
1387420 2332.2
1387430 2332.2
1387440 2332.5
1387450 2332.6
1387460 2331.7
1387470 2331.7
1387480 2331.4
1387490 2331.8
1387500 2331.8
1387510 2333.1
1387520 2334.8
1387530 2334.8
1387540 2337.0
1387550 2338.7
1387560 2338.7
1387570 2342.3
1387580 2348.1
1387590 2348.1
1387600 2353.9
1387610 2361.7
1387620 2361.7
1387630 2370.9
1387640 2376.2
1387650 2379.3
1387660 2379.3
1387670 2381.3
1387680 2384.8
1387690 2384.8
1387700 2390.0
1387710 2393.4
1387720 2393.4
1387730 2394.6
1387740 2395.2
1387750 2395.2
1387760 2396.6
1387770 2399.9
1387780 2399.9
1387790 2402.9
1387800 2406.4
1387810 2406.4
1387820 2410.3
1387830 2414.3
1387840 2419.0
1387850 2419.0
1387860 2423.4
1387870 2427.1
1387880 2427.1
1387890 2430.8
1387900 2434.7
1387910 2434.7
1387920 2437.4
1387930 2440.2
1387940 2440.2
1387950 2443.4
1387960 2443.8
1387970 2443.8
1387980 2442.6
1387990 2441.9
1388000 2441.9
1388010 2441.0
1388020 2438.5
1388030 2438.5
1388040 2433.3
1388050 2428.3
1388060 2423.7
1388070 2423.7
1388080 2419.5
1388090 2415.3
1388100 2415.3
1388110 2410.7
1388120 2406.6
1388130 2406.6
1388140 2403.5
1388150 2401.4
1388160 2401.4
1388170 2399.0
1388180 2396.1
1388190 2396.1
1388200 2392.8
1388210 2389.3
1388220 2389.3
1388230 2386.4
1388240 2383.0
1388250 2379.0
1388260 2379.0
1388270 2376.1
1388280 2373.2
1388290 2373.2
1388300 2370.0
1388310 2367.4
1388320 2367.4
1388330 2366.3
1388340 2365.0
1388350 2365.0
1388360 2362.6
1388370 2359.8
1388380 2359.8
1388390 2357.0
1388400 2354.1
1388410 2354.1
1388420 2349.9
1388430 2343.7
1388440 2338.8
1388450 2338.8
1388460 2336.9
1388470 2336.2
1388480 2336.2
1388490 2334.4
1388500 2332.8
1388510 2332.8
1388520 2332.2
1388530 2332.6
1388540 2332.6
1388550 2332.6
1388560 2330.7
1388570 2330.7
1388580 2328.0
1388590 2325.6
1388600 2325.6
1388610 2322.1
1388620 2317.4
1388630 2314.2
1388640 2314.2
1388650 2312.0
1388660 2309.0
1388670 2309.0
1388680 2304.8
1388690 2301.1
1388700 2301.1
1388710 2298.8
1388720 2296.8
1388730 2296.8
1388740 2294.8
1388750 2293.8
1388760 2293.8
1388770 2293.8
1388780 2296.9
1388790 2296.9
1388800 2299.0
1388810 2299.1
1388820 2299.1
1388830 2298.6
1388840 2297.1
1388850 2295.6
1388860 2295.6
1388870 2293.9
1388880 2294.9
1388890 2294.9
1388900 2297.8
1388910 2299.7
1388920 2299.7
1388930 2300.7
1388940 2300.6
1388950 2300.6
1388960 2300.6
1388970 2300.7
1388980 2300.7
1388990 2301.2
1389000 2301.9
1389010 2301.9
1389020 2303.3
1389030 2303.5
1389040 2303.3
1389050 2303.3
1389060 2303.1
1389070 2302.7
1389080 2301.7
1389090 2301.3
1389100 2302.4
1389110 2302.4
1389120 2303.4
1389130 2303.5
1389140 2303.5
1389150 2302.1
1389160 2301.0
1389170 2301.0
1389180 2299.2
1389190 2296.1
1389200 2296.1
1389210 2292.3
1389220 2288.7
1389230 2287.8
1389240 2287.8
1389250 2288.5
1389260 2290.4
1389270 2290.4
1389280 2291.4
1389290 2292.1
1389300 2292.1
1389310 2293.6
1389320 2293.7
1389330 2293.7
1389340 2294.8
1389350 2296.5
1389360 2296.5
1389370 2299.7
1389380 2300.4
1389390 2300.4
1389400 2299.0
1389410 2299.4
1389420 2297.1
1389430 2297.1
1389440 2293.5
1389450 2293.0
1389460 2293.0
1389470 2293.1
1389480 2293.7
1389490 2293.7
1389500 2296.3
1389510 2300.5
1389520 2300.5
1389530 2301.9
1389540 2301.6
1389550 2301.6
1389560 2302.5
1389570 2305.9
1389580 2305.9
1389590 2311.0
1389600 2316.7
1389610 2316.7
1389620 2323.1
1389630 2329.8
1389640 2336.7
1389650 2336.7
1389660 2343.8
1389670 2350.9
1389680 2350.9
1389690 2358.6
1389700 2366.8
1389710 2366.8
1389720 2377.2
1389730 2390.9
1389740 2390.9
1389750 2402.0
1389760 2415.8
1389770 2415.8
1389780 2428.2
1389790 2434.5
1389800 2434.5
1389810 2438.1
1389820 2442.8
1389830 2449.4
1389840 2449.4
1389850 2457.5
1389860 2467.2
1389870 2467.2
1389880 2478.4
1389890 2488.9
1389900 2488.9
1389910 2498.9
1389920 2510.1
1389930 2510.1
1389940 2520.9
1389950 2530.0
1389960 2530.0
1389970 2541.3
1389980 2554.3
1389990 2554.3
1390000 2563.9
1390010 2572.2
1390020 2580.1
1390030 2580.1
1390040 2587.7
1390050 2595.4
1390060 2595.4
1390070 2603.2
1390080 2611.0
1390090 2611.0
1390100 2619.1
1390110 2627.1
1390120 2627.1
1390130 2635.2
1390140 2643.3
1390150 2643.3
1390160 2651.2
1390170 2659.4
1390180 2659.4
1390190 2668.6
1390200 2677.6
1390210 2684.8
1390220 2684.8
1390230 2690.7
1390240 2696.5
1390250 2696.5
1390260 2703.8
1390270 2711.7
1390280 2711.7
1390290 2720.0
1390300 2726.4
1390310 2726.4
1390320 2723.6
1390330 2716.5
1390340 2716.5
1390350 2709.3
1390360 2701.6
1390370 2701.6
1390380 2689.0
1390390 2678.6
1390400 2678.6
1390410 2672.0
1390420 2668.1
1390430 2660.9
1390440 2660.9
1390450 2655.4
1390460 2649.6
1390470 2649.6
1390480 2643.8
1390490 2639.4
1390500 2639.4
1390510 2634.4
1390520 2628.8
1390530 2628.8
1390540 2623.3
1390550 2616.6
1390560 2616.6
1390570 2610.2
1390580 2604.0
1390590 2604.0
1390600 2598.7
1390610 2595.1
1390620 2592.5
1390630 2592.5
1390640 2586.8
1390650 2577.3
1390660 2577.3
1390670 2567.8
1390680 2558.7
1390690 2558.7
1390700 2550.3
1390710 2542.8
1390720 2542.8
1390730 2536.6
1390740 2526.3
1390750 2526.3
1390760 2513.3
1390770 2501.4
1390780 2501.4
1390790 2490.3
1390800 2480.7
1390810 2472.8
1390820 2472.8
1390830 2465.9
1390840 2459.2
1390850 2459.2
1390860 2452.6
1390870 2446.3
1390880 2446.3
1390890 2440.0
1390900 2433.7
1390910 2433.7
1390920 2427.9
1390930 2422.8
1390940 2422.8
1390950 2417.8
1390960 2413.1
1390970 2413.1
1390980 2409.1
1390990 2404.0
1391000 2398.8
1391010 2398.8
1391020 2395.0
1391030 2391.1
1391040 2391.1
1391050 2388.7
1391060 2385.6
1391070 2385.6
1391080 2381.3
1391090 2377.6
1391100 2377.6
1391110 2374.0
1391120 2370.3
1391130 2370.3
1391140 2366.2
1391150 2361.5
1391160 2361.5
1391170 2356.7
1391180 2350.5
1391190 2350.5
1391200 2341.3
1391210 2333.9
1391220 2329.8
1391230 2329.8
1391240 2327.6
1391250 2323.7
1391260 2323.7
1391270 2317.6
1391280 2310.7
1391290 2310.7
1391300 2295.9
1391310 2282.0
1391320 2282.0
1391330 2271.5
1391340 2262.1
1391350 2262.1
1391360 2252.1
1391370 2244.7
1391380 2244.7
1391390 2237.0
1391400 2227.8
1391410 2218.6
1391420 2218.6
1391430 2209.9
1391440 2203.4
1391450 2203.4
1391460 2198.5
1391470 2192.2
1391480 2192.2
1391490 2184.0
1391500 2180.3
1391510 2180.3
1391520 2179.1
1391530 2177.6
1391540 2177.6
1391550 2178.3
1391560 2181.2
1391570 2181.2
1391580 2182.8
1391590 2182.0
1391600 2177.9
1391610 2177.9
1391620 2171.9
1391630 2170.6
1391640 2170.6
1391650 2171.7
1391660 2174.4
1391670 2174.4
1391680 2178.0
1391690 2181.4
1391700 2181.4
1391710 2184.4
1391720 2187.2
1391730 2187.2
1391740 2189.6
1391750 2191.2
1391760 2191.2
1391770 2199.2
1391780 2201.9
1391790 2203.5
1391800 2203.5
1391810 2205.0
1391820 2206.5
1391830 2206.5
1391840 2209.6
1391850 2214.5
1391860 2214.5
1391870 2220.0
1391880 2224.4
1391890 2224.4
1391900 2228.2
1391910 2233.1
1391920 2233.1
1391930 2238.0
1391940 2242.2
1391950 2242.2
1391960 2245.8
1391970 2246.3
1391980 2247.9
1391990 2247.9
1392000 2254.6
1392010 2266.0
1392020 2266.0
1392030 2279.7
1392040 2295.5
1392050 2295.5
1392060 2307.9
1392070 2325.4
1392080 2325.4
1392090 2345.2
1392100 2360.2
1392110 2360.2
1392120 2380.6
1392130 2394.0
1392140 2394.0
1392150 2383.9
1392160 2369.0
1392170 2369.0
1392180 2361.9
1392190 2357.2
1392200 2352.0
1392210 2352.0
1392220 2351.0
1392230 2370.2
1392240 2370.2
1392250 2403.7
1392260 2403.8
1392270 2403.8
1392280 2401.3
1392290 2399.0
1392300 2399.0
1392310 2396.2
1392320 2389.9
1392330 2389.9
1392340 2385.8
1392350 2379.3
1392360 2379.3
1392370 2375.6
1392380 2372.9
1392390 2370.9
1392400 2370.9
1392410 2370.1
1392420 2368.9
1392430 2368.9
1392440 2370.8
1392450 2369.7
1392460 2369.7
1392470 2366.4
1392480 2366.0
1392490 2366.0
1392500 2366.4
1392510 2363.5
1392520 2363.5
1392530 2363.6
1392540 2368.9
1392550 2368.9
1392560 2373.4
1392570 2378.0
1392580 2381.7
1392590 2381.7
1392600 2383.0
1392610 2385.5
1392620 2385.5
1392630 2387.9
1392640 2391.2
1392650 2391.2
1392660 2395.6
1392670 2400.7
1392680 2400.7
1392690 2405.9
1392700 2411.1
1392710 2411.1
1392720 2416.7
1392730 2422.3
1392740 2422.3
1392750 2427.8
1392760 2433.6
1392770 2439.2
1392780 2439.2
1392790 2444.8
1392800 2450.4
1392810 2450.4
1392820 2455.5
1392830 2461.4
1392840 2461.4
1392850 2469.8
1392860 2484.6
1392870 2484.6
1392880 2495.3
1392890 2503.6
1392900 2503.6
1392910 2513.0
1392920 2523.2
1392930 2523.2
1392940 2533.2
1392950 2542.2
1392960 2542.2
1392970 2551.9
1392980 2559.0
1392990 2564.0
1393000 2564.0
1393010 2570.8
1393020 2591.0
1393030 2591.0
1393040 2614.2
1393050 2626.8
1393060 2626.8
1393070 2635.7
1393080 2639.4
1393090 2639.4
1393100 2640.9
1393110 2646.1
1393120 2646.1
1393130 2640.2
1393140 2628.5
1393150 2617.6
1393160 2605.8
1393170 2603.1
1393180 2597.5
1393190 2597.5
1393200 2586.1
1393210 2577.4
1393220 2577.4
1393230 2571.7
1393240 2567.4
1393250 2567.4
1393260 2562.4
1393270 2560.3
1393280 2560.3
1393290 2556.6
1393300 2546.9
1393310 2546.9
1393320 2541.9
1393330 2536.6
1393340 2536.6
1393350 2531.1
1393360 2525.4
1393370 2519.2
1393380 2519.2
1393390 2512.7
1393400 2508.4
1393410 2508.4
1393420 2504.5
1393430 2500.8
1393440 2500.8
1393450 2496.4
1393460 2493.2
1393470 2493.2
1393480 2486.3
1393490 2478.3
1393500 2478.3
1393510 2472.2
1393520 2468.0
1393530 2468.0
1393540 2466.0
1393550 2463.7
1393560 2461.5
1393570 2461.5
1393580 2458.7
1393590 2455.5
1393600 2455.5
1393610 2451.7
1393620 2447.7
1393630 2447.7
1393640 2443.2
1393650 2438.0
1393660 2438.0
1393670 2432.7
1393680 2427.5
1393690 2427.5
1393700 2422.0
1393710 2415.5
1393720 2415.5
1393730 2409.3
1393740 2402.7
1393750 2402.7
1393760 2395.9
1393770 2387.2
1393780 2376.6
1393790 2376.6
1393800 2364.1
1393810 2355.7
1393820 2355.7
1393830 2349.0
1393840 2341.9
1393850 2341.9
1393860 2332.9
1393870 2326.3
1393880 2326.3
1393890 2320.6
1393900 2314.5
1393910 2314.5
1393920 2308.2
1393930 2302.0
1393940 2302.0
1393950 2295.9
1393960 2290.2
1393970 2284.7
1393980 2284.7
1393990 2279.0
1394000 2273.5
1394010 2273.5
1394020 2267.9
1394030 2262.1
1394040 2262.1
1394050 2256.3
1394060 2250.8
1394070 2250.8
1394080 2245.4
1394090 2240.3
1394100 2240.3
1394110 2234.8
1394120 2229.3
1394130 2229.3
1394140 2224.1
1394150 2219.5
1394160 2214.3
1394170 2214.3
1394180 2208.5
1394190 2203.3
1394200 2203.3
1394210 2198.4
1394220 2193.7
1394230 2193.7
1394240 2189.1
1394250 2184.6
1394260 2184.6
1394270 2180.2
1394280 2176.0
1394290 2176.0
1394300 2171.9
1394310 2168.0
1394320 2168.0
1394330 2164.3
1394340 2160.7
1394350 2157.6
1394360 2157.6
1394370 2154.5
1394380 2151.3
1394390 2151.3
1394400 2147.7
1394410 2142.9
1394420 2142.9
1394430 2137.6
1394440 2134.4
1394450 2134.4
1394460 2130.6
1394470 2125.2
1394480 2125.2
1394490 2118.8
1394500 2111.0
1394510 2111.0
1394520 2098.9
1394530 2080.8
1394540 2081.5
1394550 2064.9
1394560 2049.5
1394570 2039.6
1394580 2039.6
1394590 2039.0
1394600 2042.3
1394610 2042.3
1394620 2048.0
1394630 2057.0
1394640 2057.0
1394650 2060.7
1394660 2060.3
1394670 2060.3
1394680 2059.0
1394690 2063.5
1394700 2063.5
1394710 2064.7
1394720 2065.0
1394730 2065.0
1394740 2064.2
1394750 2060.4
1394760 2057.2
1394770 2057.2
1394780 2054.5
1394790 2051.5
1394800 2051.5
1394810 2048.6
1394820 2045.3
1394830 2045.3
1394840 2042.0
1394850 2041.0
1394860 2041.0
1394870 2038.7
1394880 2036.2
1394890 2036.2
1394900 2034.5
1394910 2033.4
1394920 2033.4
1394930 2031.5
1394940 2029.5
1394950 2027.5
1394960 2027.5
1394970 2025.2
1394980 2024.8
1394990 2024.8
1395000 2024.8
1395010 2024.2
1395020 2024.2
1395030 2023.5
1395040 2016.9
1395050 2016.9
1395060 2005.3
1395070 1998.0
1395080 1998.0
1395090 1988.8
1395100 1984.0
1395110 1984.0
1395120 1974.2
1395130 1964.7
1395140 1955.8
1395150 1955.8
1395160 1948.0
1395170 1936.7
1395180 1936.7
1395190 1928.3
1395200 1919.5
1395210 1919.5
1395220 1911.5
1395230 1904.7
1395240 1904.7
1395250 1898.6
1395260 1892.9
1395270 1892.9
1395280 1886.8
1395290 1880.4
1395300 1880.4
1395310 1873.9
1395320 1867.2
1395330 1867.2
1395340 1860.4
1395350 1852.8
1395360 1844.1
1395370 1844.1
1395380 1831.7
1395390 1818.4
1395400 1818.4
1395410 1810.7
1395420 1802.7
1395430 1802.7
1395440 1795.6
1395450 1789.6
1395460 1789.6
1395470 1783.2
1395480 1775.7
1395490 1775.7
1395500 1767.8
1395510 1760.5
1395520 1760.5
1395530 1753.6
1395540 1747.1
1395550 1740.4
1395560 1740.4
1395570 1734.1
1395580 1726.9
1395590 1726.9
1395600 1719.0
1395610 1710.9
1395620 1710.9
1395630 1703.0
1395640 1696.1
1395650 1696.1
1395660 1690.3
1395670 1684.5
1395680 1684.5
1395690 1678.5
1395700 1671.4
1395710 1671.4
1395720 1665.5
1395730 1660.4
1395740 1651.5
1395750 1651.5
1395760 1644.1
1395770 1636.8
1395780 1636.8
1395790 1630.7
1395800 1623.7
1395810 1623.7
1395820 1617.8
1395830 1612.5
1395840 1612.5
1395850 1607.5
1395860 1602.6
1395870 1602.6
1395880 1597.3
1395890 1591.2
1395900 1591.2
1395910 1586.5
1395920 1579.6
1395930 1570.0
1395940 1570.0
1395950 1563.1
1395960 1549.1
1395970 1549.1
1395980 1545.3
1395990 1540.0
1396000 1540.0
1396010 1535.5
1396020 1527.7
1396030 1527.7
1396040 1522.7
1396050 1524.6
1396060 1524.6
1396070 1532.2
1396080 1534.3
1396090 1534.3
1396100 1526.1
1396110 1518.6
1396120 1517.8
1396130 1517.8
1396140 1520.5
1396150 1523.1
1396160 1523.1
1396170 1524.5
1396180 1524.2
1396190 1524.2
1396200 1524.8
1396210 1524.6
1396220 1524.6
1396230 1523.6
1396240 1524.2
1396250 1524.2
1396260 1524.6
1396270 1523.7
1396280 1523.7
1396290 1522.3
1396300 1520.6
1396310 1520.6
1396320 1517.6
1396330 1514.2
1396340 1515.1
1396350 1515.1
1396360 1512.6
1396370 1507.8
1396380 1507.8
1396390 1504.1
1396400 1499.6
1396410 1499.6
1396420 1492.7
1396430 1487.6
1396440 1487.6
1396450 1484.6
1396460 1481.9
1396470 1481.9
1396480 1474.8
1396490 1472.5
1396500 1472.5
1396510 1464.4
1396520 1451.9
1396530 1454.9
1396540 1454.9
1396550 1462.2
1396560 1465.9
1396570 1465.9
1396580 1470.8
1396590 1476.8
1396600 1476.8
1396610 1482.0
1396620 1485.6
1396630 1485.6
1396640 1486.4
1396650 1487.5
1396660 1487.5
1396670 1489.2
1396680 1489.7
1396690 1489.7
1396700 1489.2
1396710 1487.5
1396720 1484.9
1396730 1484.9
1396740 1483.9
1396750 1481.3
1396760 1481.3
1396770 1477.7
1396780 1474.0
1396790 1474.0
1396800 1469.4
1396810 1463.4
1396820 1463.4
1396830 1455.9
1396840 1448.2
1396850 1448.2
1396860 1440.9
1396870 1434.5
1396880 1434.5
1396890 1428.0
1396900 1423.3
1396910 1419.3
1396920 1419.3
1396930 1414.0
1396940 1408.7
1396950 1408.7
1396960 1403.3
1396970 1397.6
1396980 1397.6
1396990 1392.8
1397000 1389.1
1397010 1389.1
1397020 1384.8
1397030 1379.9
1397040 1379.9
1397050 1374.8
1397060 1368.0
1397070 1368.0
1397080 1360.1
1397090 1352.1
1397100 1352.1
1397110 1343.9
1397120 1336.2
1397130 1325.2
1397140 1325.2
1397150 1311.7
1397160 1298.4
1397170 1298.4
1397180 1286.0
1397190 1274.4
1397200 1274.4
1397210 1269.2
1397220 1268.4
1397230 1268.4
1397240 1268.5
1397250 1265.9
1397260 1265.9
1397270 1255.3
1397280 1248.9
1397290 1248.9
1397300 1240.8
1397310 1226.2
1397320 1210.9
1397330 1210.9
1397340 1200.7
1397350 1195.9
1397360 1195.9
1397370 1185.5
1397380 1173.3
1397390 1173.3
1397400 1171.0
1397410 1164.5
1397420 1164.5
1397430 1159.1
1397440 1151.8
1397450 1151.8
1397460 1140.2
1397470 1132.5
1397480 1132.5
1397490 1124.7
1397500 1115.7
1397510 1106.5
1397520 1106.5
1397530 1098.7
1397540 1099.0
1397550 1099.0
1397560 1099.6
1397570 1103.5
1397580 1103.5
1397590 1111.4
1397600 1101.5
1397610 1101.5
1397620 1089.5
1397630 1077.1
1397640 1077.1
1397650 1068.4
1397660 1058.6
1397670 1058.6
1397680 1037.7
1397690 1023.2
1397700 1009.5
1397710 1009.5
1397720 1002.0
1397730 997.3
1397740 997.3
1397750 993.2
1397760 988.1
1397770 988.1
1397780 981.8
1397790 975.4
1397800 975.4
1397810 969.6
1397820 964.2
1397830 964.2
1397840 959.1
1397850 954.7
1397860 954.7
1397870 950.6
1397880 946.4
1397890 946.4
1397900 942.0
1397910 937.2
1397920 929.9
1397930 929.9
1397940 922.8
1397950 922.6
1397960 922.6
1397970 923.1
1397980 915.7
1397990 915.7
1398000 901.2
1398010 889.8
1398020 889.8
1398030 885.9
1398040 884.6
1398050 884.6
1398060 883.5
1398070 882.5
1398080 882.5
1398090 881.5
1398100 880.5
1398110 879.6
1398120 879.6
1398130 878.8
1398140 878.2
1398150 878.2
1398160 877.6
1398170 877.0
1398180 877.0
1398190 876.4
1398200 876.1
1398210 876.1
1398220 875.7
1398230 875.4
1398240 875.4
1398250 875.0
1398260 874.4
1398270 874.4
1398280 874.0
1398290 874.0
1398300 873.6
1398310 873.6
1398320 873.1
1398330 872.8
1398340 872.8
1398350 872.4
1398360 872.3
1398370 872.3
1398380 871.6
1398390 869.6
1398400 869.6
1398410 866.6
1398420 865.4
1398430 865.4
1398440 865.1
1398450 864.5
1398460 864.5
1398470 864.0
1398480 863.5
1398490 863.5
1398500 863.5
1398510 863.7
1398520 863.7
1398530 863.7
1398540 863.7
1398550 863.5
1398560 863.5
1398570 862.4
1398580 860.5
1398590 860.5
1398600 859.5
1398610 859.4
1398620 859.4
1398630 859.7
1398640 860.9
1398650 860.9
1398660 863.1
1398670 862.8
1398680 862.8
1398690 863.1
1398700 863.3
1398710 863.6
1398720 863.6
1398730 864.7
1398740 867.7
1398750 867.7
1398760 870.9
1398770 872.1
1398780 872.1
1398790 872.8
1398800 873.1
1398810 873.1
1398820 873.2
1398830 873.6
1398840 873.6
1398850 874.7
1398860 876.9
1398870 876.7
1398880 879.4
1398890 881.0
1398900 881.9
1398910 881.9
1398920 883.2
1398930 884.8
1398940 884.8
1398950 891.4
1398960 895.7
1398970 895.7
1398980 896.6
1398990 900.0
1399000 900.0
1399010 902.1
1399020 903.8
1399030 903.8
1399040 907.3
1399050 922.1
1399060 922.1
1399070 930.1
1399080 931.9
1399090 935.1
1399100 935.1
1399110 938.6
1399120 942.8
1399130 942.8
1399140 947.1
1399150 949.9
1399160 949.9
1399170 951.7
1399180 954.9
1399190 954.9
1399200 957.9
1399210 961.4
1399220 961.4
1399230 965.6
1399240 971.4
1399250 971.4
1399260 978.9
1399270 985.4
1399280 991.4
1399290 991.4
1399300 997.4
1399310 1003.7
1399320 1003.7
1399330 1009.6
1399340 1016.0
1399350 1016.0
1399360 1023.6
1399370 1032.0
1399380 1032.0
1399390 1040.8
1399400 1050.0
1399410 1050.0
1399420 1058.7
1399430 1065.3
1399440 1065.3
1399450 1072.5
1399460 1079.8
1399470 1079.8
1399480 1085.2
1399490 1090.7
1399500 1096.5
1399510 1096.5
1399520 1102.7
1399530 1109.1
1399540 1109.1
1399550 1115.6
1399560 1122.4
1399570 1122.4
1399580 1128.9
1399590 1136.1
1399600 1136.1
1399610 1143.6
1399620 1151.4
1399630 1151.4
1399640 1159.0
1399650 1164.9
1399660 1164.9
1399670 1171.4
1399680 1179.6
1399690 1188.2
1399700 1188.2
1399710 1195.7
1399720 1202.0
1399730 1202.0
1399740 1207.8
1399750 1214.4
1399760 1214.4
1399770 1221.4
1399780 1228.4
1399790 1228.4
1399800 1236.1
1399810 1243.4
1399820 1243.4
1399830 1249.7
1399840 1256.8
1399850 1256.8
1399860 1263.1
1399870 1266.5
1399880 1269.9
1399890 1269.9
1399900 1273.7
1399910 1276.1
1399920 1276.1
1399930 1278.8
1399940 1281.9
1399950 1281.9
1399960 1284.3
1399970 1285.8
1399980 1285.8
1399990 1285.5
1380000 2571.5
1380010 2571.5
1380020 2565.4
1380030 2559.7
1380040 2559.7
1380050 2553.6
1380060 2547.5
1380070 2547.5
1380080 2542.0
1380090 2537.4
1380100 2537.4
1380110 2533.0
1380120 2528.9
1380130 2528.9
1380140 2525.8
1380150 2524.6
1380160 2524.4
1380170 2524.4
1380180 2522.8
1380190 2518.4
1380200 2518.4
1380210 2512.0
1380220 2509.8
1380230 2509.8
1380240 2506.7
1380250 2503.3
1380260 2503.3
1380270 2499.6
1380280 2496.0
1380290 2496.0
1380300 2494.0
1380310 2493.6
1380320 2493.6
1380330 2494.0
1380340 2495.7
1380350 2497.0
1380360 2497.0
1380370 2496.6
1380380 2495.4
1380390 2495.4
1380400 2493.4
1380410 2489.6
1380420 2489.6
1380430 2483.4
1380440 2475.8
1380450 2475.8
1380460 2468.2
1380470 2461.0
1380480 2461.0
1380490 2455.3
1380500 2450.7
1380510 2450.7
1380520 2445.9
1380530 2440.9
1380540 2437.0
1380550 2437.0
1380560 2435.2
1380570 2433.6
1380580 2433.6
1380590 2432.6
1380600 2431.9
1380610 2431.9
1380620 2430.8
1380630 2429.8
1380640 2429.8
1380650 2429.1
1380660 2429.0
1380670 2429.0
1380680 2429.5
1380690 2430.2
1380700 2430.2
1380710 2431.3
1380720 2433.0
1380730 2433.0
1380740 2433.5
1380750 2431.6
1380760 2429.9
1380770 2429.9
1380780 2429.1
1380790 2427.8
1380800 2427.8
1380810 2427.2
1380820 2426.6
1380830 2426.6
1380840 2426.0
1380850 2424.9
1380860 2424.9
1380870 2423.1
1380880 2421.4
1380890 2421.4
1380900 2419.5
1380910 2416.6
1380920 2416.6
1380930 2413.1
1380940 2410.2
1380950 2408.1
1380960 2408.1
1380970 2406.2
1380980 2403.4
1380990 2403.4
1381000 2400.1
1381010 2396.7
1381020 2396.7
1381030 2393.9
1381040 2392.0
1381050 2392.0
1381060 2390.8
1381070 2388.7
1381080 2388.7
1381090 2386.5
1381100 2384.8
1381110 2384.8
1381120 2383.0
1381130 2381.4
1381140 2379.9
1381150 2379.9
1381160 2379.2
1381170 2379.8
1381180 2379.8
1381190 2380.4
1381200 2382.5
1381210 2382.5
1381220 2381.8
1381230 2375.7
1381240 2375.7
1381250 2368.9
1381260 2362.7
1381270 2362.7
1381280 2356.9
1381290 2351.1
1381300 2351.1
1381310 2346.9
1381320 2344.2
1381330 2342.1
1381340 2342.1
1381350 2340.5
1381360 2338.6
1381370 2338.6
1381380 2336.8
1381390 2335.6
1381400 2335.6
1381410 2333.5
1381420 2328.5
1381430 2328.5
1381440 2325.3
1381450 2320.5
1381460 2320.5
1381470 2315.2
1381480 2309.4
1381490 2309.4
1381500 2303.9
1381510 2298.3
1381520 2298.3
1381530 2292.3
1381540 2288.2
1381550 2285.3
1381560 2285.3
1381570 2282.0
1381580 2279.3
1381590 2279.3
1381600 2276.7
1381610 2274.1
1381620 2274.1
1381630 2272.2
1381640 2271.3
1381650 2271.3
1381660 2271.1
1381670 2270.2
1381680 2270.2
1381690 2268.6
1381700 2267.8
1381710 2267.8
1381720 2265.4
1381730 2261.4
1381740 2257.9
1381750 2257.9
1381760 2257.7
1381770 2258.4
1381780 2258.4
1381790 2259.9
1381800 2259.4
1381810 2259.4
1381820 2258.2
1381830 2257.1
1381840 2257.1
1381850 2256.1
1381860 2256.0
1381870 2256.0
1381880 2257.3
1381890 2258.2
1381900 2258.2
1381910 2258.9
1381920 2258.7
1381930 2258.5
1381940 2258.5
1381950 2257.6
1381960 2256.1
1381970 2256.1
1381980 2255.0
1381990 2254.4
1382000 2254.4
1382010 2254.4
1382020 2256.7
1382030 2256.7
1382040 2259.5
1382050 2261.6
1382060 2261.6
1382070 2263.4
1382080 2265.1
1382090 2265.1
1382100 2266.8
1382110 2268.0
1382120 2269.3
1382130 2269.3
1382140 2270.8
1382150 2273.5
1382160 2273.5
1382170 2275.5
1382180 2275.7
1382190 2275.7
1382200 2275.8
1382210 2276.6
1382220 2276.6
1382230 2277.6
1382240 2278.1
1382250 2278.1
1382260 2279.0
1382270 2279.2
1382280 2279.2
1382290 2278.1
1382300 2278.5
1382310 2278.5
1382320 2278.9
1382330 2279.5
1382340 2280.5
1382350 2280.5
1382360 2281.9
1382370 2283.3
1382380 2283.3
1382390 2284.3
1382400 2285.7
1382410 2285.7
1382420 2285.7
1382430 2285.3
1382440 2285.3
1382450 2285.6
1382460 2286.1
1382470 2286.1
1382480 2286.9
1382490 2288.2
1382500 2288.2
1382510 2289.7
1382520 2289.9
1382530 2290.4
1382540 2290.4
1382550 2291.0
1382560 2290.8
1382570 2290.8
1382580 2291.0
1382590 2291.8
1382600 2291.8
1382610 2292.9
1382620 2293.9
1382630 2293.9
1382640 2295.0
1382650 2294.5
1382660 2294.5
1382670 2294.2
1382680 2296.7
1382690 2296.7
1382700 2298.7
1382710 2302.7
1382720 2306.5
1382730 2306.5
1382740 2309.9
1382750 2312.0
1382760 2312.0
1382770 2311.8
1382780 2311.4
1382790 2311.4
1382800 2310.6
1382810 2310.8
1382820 2310.8
1382830 2311.8
1382840 2313.5
1382850 2313.5
1382860 2315.3
1382870 2318.1
1382880 2318.1
1382890 2321.5
1382900 2324.7
1382910 2326.1
1382920 2326.1
1382930 2328.0
1382940 2331.7
1382950 2331.7
1382960 2336.1
1382970 2340.2
1382980 2340.2
1382990 2343.1
1383000 2345.4
1383010 2345.4
1383020 2348.6
1383030 2351.1
1383040 2351.1
1383050 2352.6
1383060 2353.7
1383070 2353.7
1383080 2354.9
1383090 2356.1
1383100 2356.1
1383110 2357.1
1383120 2358.0
1383130 2358.6
1383140 2358.6
1383150 2359.3
1383160 2360.0
1383170 2360.0
1383180 2360.1
1383190 2360.5
1383200 2360.5
1383210 2361.2
1383220 2362.0
1383230 2362.0
1383240 2363.3
1383250 2365.2
1383260 2365.2
1383270 2368.0
1383280 2371.3
1383290 2371.3
1383300 2374.4
1383310 2376.7
1383320 2380.5
1383330 2380.5
1383340 2385.0
1383350 2388.7
1383360 2388.7
1383370 2391.0
1383380 2392.0
1383390 2392.0
1383400 2392.7
1383410 2392.9
1383420 2392.9
1383430 2392.6
1383440 2393.2
1383450 2393.2
1383460 2394.3
1383470 2395.9
1383480 2395.9
1383490 2397.4
1383500 2398.9
1383510 2401.6
1383520 2401.6
1383530 2406.2
1383540 2411.2
1383550 2411.2
1383560 2416.1
1383570 2420.2
1383580 2420.2
1383590 2423.5
1383600 2427.3
1383610 2427.3
1383620 2431.5
1383630 2435.7
1383640 2435.7
1383650 2440.5
1383660 2446.4
1383670 2446.4
1383680 2453.6
1383690 2462.0
1383700 2471.0
1383710 2471.0
1383720 2478.9
1383730 2476.5
1383740 2476.5
1383750 2465.6
1383760 2455.6
1383770 2455.6
1383780 2447.9
1383790 2439.1
1383800 2439.1
1383810 2431.7
1383820 2426.6
1383830 2426.6
1383840 2421.9
1383850 2417.2
1383860 2417.2
1383870 2413.4
1383880 2410.4
1383890 2410.4
1383900 2407.9
1383910 2406.9
1383920 2410.8
1383930 2410.8
1383940 2410.2
1383950 2409.6
1383960 2409.6
1383970 2409.2
1383980 2407.8
1383990 2407.8
1384000 2406.8
1384010 2405.8
1384020 2405.8
1384030 2405.1
1384040 2403.9
1384050 2403.9
1384060 2402.6
1384070 2400.9
1384080 2400.9
1384090 2400.1
1384100 2400.1
1384110 2400.2
1384120 2400.2
1384130 2400.6
1384140 2400.9
1384150 2400.9
1384160 2401.2
1384170 2401.8
1384180 2401.8
1384190 2403.0
1384200 2403.4
1384210 2403.4
1384220 2403.6
1384230 2403.5
1384240 2403.5
1384250 2403.5
1384260 2403.6
1384270 2403.6
1384280 2403.7
1384290 2403.7
1384300 2404.1
1384310 2404.1
1384320 2405.0
1384330 2405.7
1384340 2405.7
1384350 2406.3
1384360 2407.0
1384370 2407.0
1384380 2408.7
1384390 2409.6
1384400 2409.6
1384410 2409.7
1384420 2410.1
1384430 2410.1
1384440 2410.1
1384450 2410.0
1384460 2410.0
1384470 2410.2
1384480 2410.6
1384490 2412.6
1384500 2412.6
1384510 2414.5
1384520 2417.3
1384530 2417.3
1384540 2419.4
1384550 2420.7
1384560 2420.7
1384570 2422.6
1384580 2425.2
1384590 2425.2
1384600 2428.3
1384610 2430.8
1384620 2430.8
1384630 2432.8
1384640 2435.4
1384650 2435.4
1384660 2439.0
1384670 2444.1
1384680 2444.1
1384690 2450.7
1384700 2458.1
1384710 2466.0
1384720 2466.0
1384730 2475.4
1384740 2487.5
1384750 2487.5
1384760 2496.4
1384770 2505.3
1384780 2505.3
1384790 2515.6
1384800 2522.3
1384810 2522.3
1384820 2525.7
1384830 2527.7
1384840 2527.7
1384850 2529.4
1384860 2529.4
1384870 2529.4
1384880 2525.5
1384890 2522.2
1384900 2521.1
1384910 2521.1
1384920 2517.5
1384930 2512.7
1384940 2512.7
1384950 2512.4
1384960 2515.4
1384970 2515.4
1384980 2520.6
1384990 2525.2
1385000 2525.2
1385010 2530.7
1385020 2535.9
1385030 2535.9
1385040 2540.2
1385050 2544.6
1385060 2544.6
1385070 2548.8
1385080 2553.9
1385090 2558.0
1385100 2558.0
1385110 2559.5
1385120 2560.3
1385130 2560.3
1385140 2562.7
1385150 2565.8
1385160 2565.8
1385170 2569.5
1385180 2573.8
1385190 2573.4
1385200 2576.5
1385210 2578.4
1385220 2578.4
1385230 2580.5
1385240 2584.3
1385250 2584.3
1385260 2589.1
1385270 2591.5
1385280 2593.3
1385290 2593.3
1385300 2594.8
1385310 2594.9
1385320 2594.9
1385330 2597.1
1385340 2602.3
1385350 2602.3
1385360 2608.4
1385370 2614.1
1385380 2614.1
1385390 2616.4
1385400 2614.7
1385410 2614.7
1385420 2612.1
1385430 2608.6
1385440 2608.6
1385450 2605.7
1385460 2603.3
1385470 2601.3
1385480 2601.3
1385490 2600.0
1385500 2600.2
1385510 2600.2
1385520 2599.9
1385530 2598.7
1385540 2598.7
1385550 2598.3
1385560 2598.7
1385570 2598.7
1385580 2593.6
1385590 2577.7
1385600 2577.7
1385610 2566.0
1385620 2554.8
1385630 2554.8
1385640 2545.8
1385650 2538.8
1385660 2538.8
1385670 2532.2
1385680 2525.3
1385690 2518.6
1385700 2518.6
1385710 2512.4
1385720 2506.7
1385730 2506.7
1385740 2501.5
1385750 2496.5
1385760 2496.5
1385770 2491.0
1385780 2485.6
1385790 2485.6
1385800 2480.2
1385810 2475.3
1385820 2475.3
1385830 2470.3
1385840 2465.6
1385850 2465.6
1385860 2461.8
1385870 2458.6
1385880 2456.1
1385890 2456.1
1385900 2453.5
1385910 2450.8
1385920 2450.8
1385930 2447.9
1385940 2444.8
1385950 2444.8
1385960 2441.1
1385970 2438.4
1385980 2438.4
1385990 2436.2
1386000 2431.6
1386010 2431.6
1386020 2424.3
1386030 2417.4
1386040 2417.4
1386050 2411.8
1386060 2406.4
1386070 2401.9
1386080 2401.9
1386090 2399.6
1386100 2397.7
1386110 2397.7
1386120 2394.3
1386130 2391.7
1386140 2391.7
1386150 2390.0
1386160 2386.6
1386170 2386.6
1386180 2381.9
1386190 2376.3
1386200 2376.3
1386210 2370.3
1386220 2366.0
1386230 2366.0
1386240 2363.8
1386250 2363.2
1386260 2363.0
1386270 2363.0
1386280 2361.5
1386290 2358.9
1386300 2358.9
1386310 2357.4
1386320 2356.6
1386330 2356.6
1386340 2354.0
1386350 2352.8
1386360 2352.8
1386370 2351.6
1386380 2347.0
1386390 2347.0
1386400 2342.0
1386410 2338.7
1386420 2338.7
1386430 2337.6
1386440 2336.3
1386450 2336.3
1386460 2335.1
1386470 2334.4
1386480 2333.4
1386490 2333.4
1386500 2332.0
1386510 2329.8
1386520 2329.8
1386530 2326.9
1386540 2323.5
1386550 2323.5
1386560 2319.2
1386570 2315.4
1386580 2315.4
1386590 2310.8
1386600 2304.9
1386610 2304.9
1386620 2299.2
1386630 2294.7
1386640 2294.7
1386650 2291.9
1386660 2291.1
1386670 2290.1
1386680 2290.1
1386690 2288.0
1386700 2285.4
1386710 2285.4
1386720 2283.5
1386730 2283.0
1386740 2283.0
1386750 2282.3
1386760 2281.2
1386770 2281.2
1386780 2279.9
1386790 2278.6
1386800 2278.6
1386810 2277.2
1386820 2275.1
1386830 2275.1
1386840 2273.2
1386850 2273.4
1386860 2272.5
1386870 2272.5
1386880 2273.2
1386890 2274.3
1386900 2274.3
1386910 2275.1
1386920 2275.3
1386930 2275.3
1386940 2275.7
1386950 2275.7
1386960 2275.7
1386970 2274.8
1386980 2276.5
1386990 2276.5
1387000 2277.4
1387010 2277.4
1387020 2277.4
1387030 2278.9
1387040 2280.0
1387050 2280.8
1387060 2280.8
1387070 2283.1
1387080 2285.8
1387090 2285.8
1387100 2286.1
1387110 2288.4
1387120 2288.4
1387130 2291.5
1387140 2294.7
1387150 2294.7
1387160 2298.9
1387170 2304.7
1387180 2304.7
1387190 2310.6
1387200 2315.9
1387210 2315.9
1387220 2322.3
1387230 2327.5
1387240 2327.5
1387250 2328.5
1387260 2328.3
1387270 2326.7
1387280 2326.7
1387290 2326.9
1387300 2323.9
1387310 2323.9
1387320 2322.5
1387330 2324.7
1387340 2324.7
1387350 2328.5
1387360 2333.2
1387370 2333.2
1387380 2336.8
1387390 2337.1
1387400 2337.1
1387410 2334.0
1387420 2332.2
1387430 2332.2
1387440 2332.5
1387450 2332.6
1387460 2331.7
1387470 2331.7
1387480 2331.4
1387490 2331.8
1387500 2331.8
1387510 2333.1
1387520 2334.8
1387530 2334.8
1387540 2337.0
1387550 2338.7
1387560 2338.7
1387570 2342.3
1387580 2348.1
1387590 2348.1
1387600 2353.9
1387610 2361.7
1387620 2361.7
1387630 2370.9
1387640 2376.2
1387650 2379.3
1387660 2379.3
1387670 2381.3
1387680 2384.8
1387690 2384.8
1387700 2390.0
1387710 2393.4
1387720 2393.4
1387730 2394.6
1387740 2395.2
1387750 2395.2
1387760 2396.6
1387770 2399.9
1387780 2399.9
1387790 2402.9
1387800 2406.4
1387810 2406.4
1387820 2410.3
1387830 2414.3
1387840 2419.0
1387850 2419.0
1387860 2423.4
1387870 2427.1
1387880 2427.1
1387890 2430.8
1387900 2434.7
1387910 2434.7
1387920 2437.4
1387930 2440.2
1387940 2440.2
1387950 2443.4
1387960 2443.8
1387970 2443.8
1387980 2442.6
1387990 2441.9
1388000 2441.9
1388010 2441.0
1388020 2438.5
1388030 2438.5
1388040 2433.3
1388050 2428.3
1388060 2423.7
1388070 2423.7
1388080 2419.5
1388090 2415.3
1388100 2415.3
1388110 2410.7
1388120 2406.6
1388130 2406.6
1388140 2403.5
1388150 2401.4
1388160 2401.4
1388170 2399.0
1388180 2396.1
1388190 2396.1
1388200 2392.8
1388210 2389.3
1388220 2389.3
1388230 2386.4
1388240 2383.0
1388250 2379.0
1388260 2379.0
1388270 2376.1
1388280 2373.2
1388290 2373.2
1388300 2370.0
1388310 2367.4
1388320 2367.4
1388330 2366.3
1388340 2365.0
1388350 2365.0
1388360 2362.6
1388370 2359.8
1388380 2359.8
1388390 2357.0
1388400 2354.1
1388410 2354.1
1388420 2349.9
1388430 2343.7
1388440 2338.8
1388450 2338.8
1388460 2336.9
1388470 2336.2
1388480 2336.2
1388490 2334.4
1388500 2332.8
1388510 2332.8
1388520 2332.2
1388530 2332.6
1388540 2332.6
1388550 2332.6
1388560 2330.7
1388570 2330.7
1388580 2328.0
1388590 2325.6
1388600 2325.6
1388610 2322.1
1388620 2317.4
1388630 2314.2
1388640 2314.2
1388650 2312.0
1388660 2309.0
1388670 2309.0
1388680 2304.8
1388690 2301.1
1388700 2301.1
1388710 2298.8
1388720 2296.8
1388730 2296.8
1388740 2294.8
1388750 2293.8
1388760 2293.8
1388770 2293.8
1388780 2296.9
1388790 2296.9
1388800 2299.0
1388810 2299.1
1388820 2299.1
1388830 2298.6
1388840 2297.1
1388850 2295.6
1388860 2295.6
1388870 2293.9
1388880 2294.9
1388890 2294.9
1388900 2297.8
1388910 2299.7
1388920 2299.7
1388930 2300.7
1388940 2300.6
1388950 2300.6
1388960 2300.6
1388970 2300.7
1388980 2300.7
1388990 2301.2
1389000 2301.9
1389010 2301.9
1389020 2303.3
1389030 2303.5
1389040 2303.3
1389050 2303.3
1389060 2303.1
1389070 2302.7
1389080 2301.7
1389090 2301.3
1389100 2302.4
1389110 2302.4
1389120 2303.4
1389130 2303.5
1389140 2303.5
1389150 2302.1
1389160 2301.0
1389170 2301.0
1389180 2299.2
1389190 2296.1
1389200 2296.1
1389210 2292.3
1389220 2288.7
1389230 2287.8
1389240 2287.8
1389250 2288.5
1389260 2290.4
1389270 2290.4
1389280 2291.4
1389290 2292.1
1389300 2292.1
1389310 2293.6
1389320 2293.7
1389330 2293.7
1389340 2294.8
1389350 2296.5
1389360 2296.5
1389370 2299.7
1389380 2300.4
1389390 2300.4
1389400 2299.0
1389410 2299.4
1389420 2297.1
1389430 2297.1
1389440 2293.5
1389450 2293.0
1389460 2293.0
1389470 2293.1
1389480 2293.7
1389490 2293.7
1389500 2296.3
1389510 2300.5
1389520 2300.5
1389530 2301.9
1389540 2301.6
1389550 2301.6
1389560 2302.5
1389570 2305.9
1389580 2305.9
1389590 2311.0
1389600 2316.7
1389610 2316.7
1389620 2323.1
1389630 2329.8
1389640 2336.7
1389650 2336.7
1389660 2343.8
1389670 2350.9
1389680 2350.9
1389690 2358.6
1389700 2366.8
1389710 2366.8
1389720 2377.2
1389730 2390.9
1389740 2390.9
1389750 2402.0
1389760 2415.8
1389770 2415.8
1389780 2428.2
1389790 2434.5
1389800 2434.5
1389810 2438.1
1389820 2442.8
1389830 2449.4
1389840 2449.4
1389850 2457.5
1389860 2467.2
1389870 2467.2
1389880 2478.4
1389890 2488.9
1389900 2488.9
1389910 2498.9
1389920 2510.1
1389930 2510.1
1389940 2520.9
1389950 2530.0
1389960 2530.0
1389970 2541.3
1389980 2554.3
1389990 2554.3
1390000 2563.9
1390010 2572.2
1390020 2580.1
1390030 2580.1
1390040 2587.7
1390050 2595.4
1390060 2595.4
1390070 2603.2
1390080 2611.0
1390090 2611.0
1390100 2619.1
1390110 2627.1
1390120 2627.1
1390130 2635.2
1390140 2643.3
1390150 2643.3
1390160 2651.2
1390170 2659.4
1390180 2659.4
1390190 2668.6
1390200 2677.6
1390210 2684.8
1390220 2684.8
1390230 2690.7
1390240 2696.5
1390250 2696.5
1390260 2703.8
1390270 2711.7
1390280 2711.7
1390290 2720.0
1390300 2726.4
1390310 2726.4
1390320 2723.6
1390330 2716.5
1390340 2716.5
1390350 2709.3
1390360 2701.6
1390370 2701.6
1390380 2689.0
1390390 2678.6
1390400 2678.6
1390410 2672.0
1390420 2668.1
1390430 2660.9
1390440 2660.9
1390450 2655.4
1390460 2649.6
1390470 2649.6
1390480 2643.8
1390490 2639.4
1390500 2639.4
1390510 2634.4
1390520 2628.8
1390530 2628.8
1390540 2623.3
1390550 2616.6
1390560 2616.6
1390570 2610.2
1390580 2604.0
1390590 2604.0
1390600 2598.7
1390610 2595.1
1390620 2592.5
1390630 2592.5
1390640 2586.8
1390650 2577.3
1390660 2577.3
1390670 2567.8
1390680 2558.7
1390690 2558.7
1390700 2550.3
1390710 2542.8
1390720 2542.8
1390730 2536.6
1390740 2526.3
1390750 2526.3
1390760 2513.3
1390770 2501.4
1390780 2501.4
1390790 2490.3
1390800 2480.7
1390810 2472.8
1390820 2472.8
1390830 2465.9
1390840 2459.2
1390850 2459.2
1390860 2452.6
1390870 2446.3
1390880 2446.3
1390890 2440.0
1390900 2433.7
1390910 2433.7
1390920 2427.9
1390930 2422.8
1390940 2422.8
1390950 2417.8
1390960 2413.1
1390970 2413.1
1390980 2409.1
1390990 2404.0
1391000 2398.8
1391010 2398.8
1391020 2395.0
1391030 2391.1
1391040 2391.1
1391050 2388.7
1391060 2385.6
1391070 2385.6
1391080 2381.3
1391090 2377.6
1391100 2377.6
1391110 2374.0
1391120 2370.3
1391130 2370.3
1391140 2366.2
1391150 2361.5
1391160 2361.5
1391170 2356.7
1391180 2350.5
1391190 2350.5
1391200 2341.3
1391210 2333.9
1391220 2329.8
1391230 2329.8
1391240 2327.6
1391250 2323.7
1391260 2323.7
1391270 2317.6
1391280 2310.7
1391290 2310.7
1391300 2295.9
1391310 2282.0
1391320 2282.0
1391330 2271.5
1391340 2262.1
1391350 2262.1
1391360 2252.1
1391370 2244.7
1391380 2244.7
1391390 2237.0
1391400 2227.8
1391410 2218.6
1391420 2218.6
1391430 2209.9
1391440 2203.4
1391450 2203.4
1391460 2198.5
1391470 2192.2
1391480 2192.2
1391490 2184.0
1391500 2180.3
1391510 2180.3
1391520 2179.1
1391530 2177.6
1391540 2177.6
1391550 2178.3
1391560 2181.2
1391570 2181.2
1391580 2182.8
1391590 2182.0
1391600 2177.9
1391610 2177.9
1391620 2171.9
1391630 2170.6
1391640 2170.6
1391650 2171.7
1391660 2174.4
1391670 2174.4
1391680 2178.0
1391690 2181.4
1391700 2181.4
1391710 2184.4
1391720 2187.2
1391730 2187.2
1391740 2189.6
1391750 2191.2
1391760 2191.2
1391770 2199.2
1391780 2201.9
1391790 2203.5
1391800 2203.5
1391810 2205.0
1391820 2206.5
1391830 2206.5
1391840 2209.6
1391850 2214.5
1391860 2214.5
1391870 2220.0
1391880 2224.4
1391890 2224.4
1391900 2228.2
1391910 2233.1
1391920 2233.1
1391930 2238.0
1391940 2242.2
1391950 2242.2
1391960 2245.8
1391970 2246.3
1391980 2247.9
1391990 2247.9
1392000 2254.6
1392010 2266.0
1392020 2266.0
1392030 2279.7
1392040 2295.5
1392050 2295.5
1392060 2307.9
1392070 2325.4
1392080 2325.4
1392090 2345.2
1392100 2360.2
1392110 2360.2
1392120 2380.6
1392130 2394.0
1392140 2394.0
1392150 2383.9
1392160 2369.0
1392170 2369.0
1392180 2361.9
1392190 2357.2
1392200 2352.0
1392210 2352.0
1392220 2351.0
1392230 2370.2
1392240 2370.2
1392250 2403.7
1392260 2403.8
1392270 2403.8
1392280 2401.3
1392290 2399.0
1392300 2399.0
1392310 2396.2
1392320 2389.9
1392330 2389.9
1392340 2385.8
1392350 2379.3
1392360 2379.3
1392370 2375.6
1392380 2372.9
1392390 2370.9
1392400 2370.9
1392410 2370.1
1392420 2368.9
1392430 2368.9
1392440 2370.8
1392450 2369.7
1392460 2369.7
1392470 2366.4
1392480 2366.0
1392490 2366.0
1392500 2366.4
1392510 2363.5
1392520 2363.5
1392530 2363.6
1392540 2368.9
1392550 2368.9
1392560 2373.4
1392570 2378.0
1392580 2381.7
1392590 2381.7
1392600 2383.0
1392610 2385.5
1392620 2385.5
1392630 2387.9
1392640 2391.2
1392650 2391.2
1392660 2395.6
1392670 2400.7
1392680 2400.7
1392690 2405.9
1392700 2411.1
1392710 2411.1
1392720 2416.7
1392730 2422.3
1392740 2422.3
1392750 2427.8
1392760 2433.6
1392770 2439.2
1392780 2439.2
1392790 2444.8
1392800 2450.4
1392810 2450.4
1392820 2455.5
1392830 2461.4
1392840 2461.4
1392850 2469.8
1392860 2484.6
1392870 2484.6
1392880 2495.3
1392890 2503.6
1392900 2503.6
1392910 2513.0
1392920 2523.2
1392930 2523.2
1392940 2533.2
1392950 2542.2
1392960 2542.2
1392970 2551.9
1392980 2559.0
1392990 2564.0
1393000 2564.0
1393010 2570.8
1393020 2591.0
1393030 2591.0
1393040 2614.2
1393050 2626.8
1393060 2626.8
1393070 2635.7
1393080 2639.4
1393090 2639.4
1393100 2640.9
1393110 2646.1
1393120 2646.1
1393130 2640.2
1393140 2628.5
1393150 2617.6
1393160 2605.8
1393170 2603.1
1393180 2597.5
1393190 2597.5
1393200 2586.1
1393210 2577.4
1393220 2577.4
1393230 2571.7
1393240 2567.4
1393250 2567.4
1393260 2562.4
1393270 2560.3
1393280 2560.3
1393290 2556.6
1393300 2546.9
1393310 2546.9
1393320 2541.9
1393330 2536.6
1393340 2536.6
1393350 2531.1
1393360 2525.4
1393370 2519.2
1393380 2519.2
1393390 2512.7
1393400 2508.4
1393410 2508.4
1393420 2504.5
1393430 2500.8
1393440 2500.8
1393450 2496.4
1393460 2493.2
1393470 2493.2
1393480 2486.3
1393490 2478.3
1393500 2478.3
1393510 2472.2
1393520 2468.0
1393530 2468.0
1393540 2466.0
1393550 2463.7
1393560 2461.5
1393570 2461.5
1393580 2458.7
1393590 2455.5
1393600 2455.5
1393610 2451.7
1393620 2447.7
1393630 2447.7
1393640 2443.2
1393650 2438.0
1393660 2438.0
1393670 2432.7
1393680 2427.5
1393690 2427.5
1393700 2422.0
1393710 2415.5
1393720 2415.5
1393730 2409.3
1393740 2402.7
1393750 2402.7
1393760 2395.9
1393770 2387.2
1393780 2376.6
1393790 2376.6
1393800 2364.1
1393810 2355.7
1393820 2355.7
1393830 2349.0
1393840 2341.9
1393850 2341.9
1393860 2332.9
1393870 2326.3
1393880 2326.3
1393890 2320.6
1393900 2314.5
1393910 2314.5
1393920 2308.2
1393930 2302.0
1393940 2302.0
1393950 2295.9
1393960 2290.2
1393970 2284.7
1393980 2284.7
1393990 2279.0
1394000 2273.5
1394010 2273.5
1394020 2267.9
1394030 2262.1
1394040 2262.1
1394050 2256.3
1394060 2250.8
1394070 2250.8
1394080 2245.4
1394090 2240.3
1394100 2240.3
1394110 2234.8
1394120 2229.3
1394130 2229.3
1394140 2224.1
1394150 2219.5
1394160 2214.3
1394170 2214.3
1394180 2208.5
1394190 2203.3
1394200 2203.3
1394210 2198.4
1394220 2193.7
1394230 2193.7
1394240 2189.1
1394250 2184.6
1394260 2184.6
1394270 2180.2
1394280 2176.0
1394290 2176.0
1394300 2171.9
1394310 2168.0
1394320 2168.0
1394330 2164.3
1394340 2160.7
1394350 2157.6
1394360 2157.6
1394370 2154.5
1394380 2151.3
1394390 2151.3
1394400 2147.7
1394410 2142.9
1394420 2142.9
1394430 2137.6
1394440 2134.4
1394450 2134.4
1394460 2130.6
1394470 2125.2
1394480 2125.2
1394490 2118.8
1394500 2111.0
1394510 2111.0
1394520 2098.9
1394530 2080.8
1394540 2081.5
1394550 2064.9
1394560 2049.5
1394570 2039.6
1394580 2039.6
1394590 2039.0
1394600 2042.3
1394610 2042.3
1394620 2048.0
1394630 2057.0
1394640 2057.0
1394650 2060.7
1394660 2060.3
1394670 2060.3
1394680 2059.0
1394690 2063.5
1394700 2063.5
1394710 2064.7
1394720 2065.0
1394730 2065.0
1394740 2064.2
1394750 2060.4
1394760 2057.2
1394770 2057.2
1394780 2054.5
1394790 2051.5
1394800 2051.5
1394810 2048.6
1394820 2045.3
1394830 2045.3
1394840 2042.0
1394850 2041.0
1394860 2041.0
1394870 2038.7
1394880 2036.2
1394890 2036.2
1394900 2034.5
1394910 2033.4
1394920 2033.4
1394930 2031.5
1394940 2029.5
1394950 2027.5
1394960 2027.5
1394970 2025.2
1394980 2024.8
1394990 2024.8
1395000 2024.8
1395010 2024.2
1395020 2024.2
1395030 2023.5
1395040 2016.9
1395050 2016.9
1395060 2005.3
1395070 1998.0
1395080 1998.0
1395090 1988.8
1395100 1984.0
1395110 1984.0
1395120 1974.2
1395130 1964.7
1395140 1955.8
1395150 1955.8
1395160 1948.0
1395170 1936.7
1395180 1936.7
1395190 1928.3
1395200 1919.5
1395210 1919.5
1395220 1911.5
1395230 1904.7
1395240 1904.7
1395250 1898.6
1395260 1892.9
1395270 1892.9
1395280 1886.8
1395290 1880.4
1395300 1880.4
1395310 1873.9
1395320 1867.2
1395330 1867.2
1395340 1860.4
1395350 1852.8
1395360 1844.1
1395370 1844.1
1395380 1831.7
1395390 1818.4
1395400 1818.4
1395410 1810.7
1395420 1802.7
1395430 1802.7
1395440 1795.6
1395450 1789.6
1395460 1789.6
1395470 1783.2
1395480 1775.7
1395490 1775.7
1395500 1767.8
1395510 1760.5
1395520 1760.5
1395530 1753.6
1395540 1747.1
1395550 1740.4
1395560 1740.4
1395570 1734.1
1395580 1726.9
1395590 1726.9
1395600 1719.0
1395610 1710.9
1395620 1710.9
1395630 1703.0
1395640 1696.1
1395650 1696.1
1395660 1690.3
1395670 1684.5
1395680 1684.5
1395690 1678.5
1395700 1671.4
1395710 1671.4
1395720 1665.5
1395730 1660.4
1395740 1651.5
1395750 1651.5
1395760 1644.1
1395770 1636.8
1395780 1636.8
1395790 1630.7
1395800 1623.7
1395810 1623.7
1395820 1617.8
1395830 1612.5
1395840 1612.5
1395850 1607.5
1395860 1602.6
1395870 1602.6
1395880 1597.3
1395890 1591.2
1395900 1591.2
1395910 1586.5
1395920 1579.6
1395930 1570.0
1395940 1570.0
1395950 1563.1
1395960 1549.1
1395970 1549.1
1395980 1545.3
1395990 1540.0
1396000 1540.0
1396010 1535.5
1396020 1527.7
1396030 1527.7
1396040 1522.7
1396050 1524.6
1396060 1524.6
1396070 1532.2
1396080 1534.3
1396090 1534.3
1396100 1526.1
1396110 1518.6
1396120 1517.8
1396130 1517.8
1396140 1520.5
1396150 1523.1
1396160 1523.1
1396170 1524.5
1396180 1524.2
1396190 1524.2
1396200 1524.8
1396210 1524.6
1396220 1524.6
1396230 1523.6
1396240 1524.2
1396250 1524.2
1396260 1524.6
1396270 1523.7
1396280 1523.7
1396290 1522.3
1396300 1520.6
1396310 1520.6
1396320 1517.6
1396330 1514.2
1396340 1515.1
1396350 1515.1
1396360 1512.6
1396370 1507.8
1396380 1507.8
1396390 1504.1
1396400 1499.6
1396410 1499.6
1396420 1492.7
1396430 1487.6
1396440 1487.6
1396450 1484.6
1396460 1481.9
1396470 1481.9
1396480 1474.8
1396490 1472.5
1396500 1472.5
1396510 1464.4
1396520 1451.9
1396530 1454.9
1396540 1454.9
1396550 1462.2
1396560 1465.9
1396570 1465.9
1396580 1470.8
1396590 1476.8
1396600 1476.8
1396610 1482.0
1396620 1485.6
1396630 1485.6
1396640 1486.4
1396650 1487.5
1396660 1487.5
1396670 1489.2
1396680 1489.7
1396690 1489.7
1396700 1489.2
1396710 1487.5
1396720 1484.9
1396730 1484.9
1396740 1483.9
1396750 1481.3
1396760 1481.3
1396770 1477.7
1396780 1474.0
1396790 1474.0
1396800 1469.4
1396810 1463.4
1396820 1463.4
1396830 1455.9
1396840 1448.2
1396850 1448.2
1396860 1440.9
1396870 1434.5
1396880 1434.5
1396890 1428.0
1396900 1423.3
1396910 1419.3
1396920 1419.3
1396930 1414.0
1396940 1408.7
1396950 1408.7
1396960 1403.3
1396970 1397.6
1396980 1397.6
1396990 1392.8
1397000 1389.1
1397010 1389.1
1397020 1384.8
1397030 1379.9
1397040 1379.9
1397050 1374.8
1397060 1368.0
1397070 1368.0
1397080 1360.1
1397090 1352.1
1397100 1352.1
1397110 1343.9
1397120 1336.2
1397130 1325.2
1397140 1325.2
1397150 1311.7
1397160 1298.4
1397170 1298.4
1397180 1286.0
1397190 1274.4
1397200 1274.4
1397210 1269.2
1397220 1268.4
1397230 1268.4
1397240 1268.5
1397250 1265.9
1397260 1265.9
1397270 1255.3
1397280 1248.9
1397290 1248.9
1397300 1240.8
1397310 1226.2
1397320 1210.9
1397330 1210.9
1397340 1200.7
1397350 1195.9
1397360 1195.9
1397370 1185.5
1397380 1173.3
1397390 1173.3
1397400 1171.0
1397410 1164.5
1397420 1164.5
1397430 1159.1
1397440 1151.8
1397450 1151.8
1397460 1140.2
1397470 1132.5
1397480 1132.5
1397490 1124.7
1397500 1115.7
1397510 1106.5
1397520 1106.5
1397530 1098.7
1397540 1099.0
1397550 1099.0
1397560 1099.6
1397570 1103.5
1397580 1103.5
1397590 1111.4
1397600 1101.5
1397610 1101.5
1397620 1089.5
1397630 1077.1
1397640 1077.1
1397650 1068.4
1397660 1058.6
1397670 1058.6
1397680 1037.7
1397690 1023.2
1397700 1009.5
1397710 1009.5
1397720 1002.0
1397730 997.3
1397740 997.3
1397750 993.2
1397760 988.1
1397770 988.1
1397780 981.8
1397790 975.4
1397800 975.4
1397810 969.6
1397820 964.2
1397830 964.2
1397840 959.1
1397850 954.7
1397860 954.7
1397870 950.6
1397880 946.4
1397890 946.4
1397900 942.0
1397910 937.2
1397920 929.9
1397930 929.9
1397940 922.8
1397950 922.6
1397960 922.6
1397970 923.1
1397980 915.7
1397990 915.7
1398000 901.2
1398010 889.8
1398020 889.8
1398030 885.9
1398040 884.6
1398050 884.6
1398060 883.5
1398070 882.5
1398080 882.5
1398090 881.5
1398100 880.5
1398110 879.6
1398120 879.6
1398130 878.8
1398140 878.2
1398150 878.2
1398160 877.6
1398170 877.0
1398180 877.0
1398190 876.4
1398200 876.1
1398210 876.1
1398220 875.7
1398230 875.4
1398240 875.4
1398250 875.0
1398260 874.4
1398270 874.4
1398280 874.0
1398290 874.0
1398300 873.6
1398310 873.6
1398320 873.1
1398330 872.8
1398340 872.8
1398350 872.4
1398360 872.3
1398370 872.3
1398380 871.6
1398390 869.6
1398400 869.6
1398410 866.6
1398420 865.4
1398430 865.4
1398440 865.1
1398450 864.5
1398460 864.5
1398470 864.0
1398480 863.5
1398490 863.5
1398500 863.5
1398510 863.7
1398520 863.7
1398530 863.7
1398540 863.7
1398550 863.5
1398560 863.5
1398570 862.4
1398580 860.5
1398590 860.5
1398600 859.5
1398610 859.4
1398620 859.4
1398630 859.7
1398640 860.9
1398650 860.9
1398660 863.1
1398670 862.8
1398680 862.8
1398690 863.1
1398700 863.3
1398710 863.6
1398720 863.6
1398730 864.7
1398740 867.7
1398750 867.7
1398760 870.9
1398770 872.1
1398780 872.1
1398790 872.8
1398800 873.1
1398810 873.1
1398820 873.2
1398830 873.6
1398840 873.6
1398850 874.7
1398860 876.9
1398870 876.7
1398880 879.4
1398890 881.0
1398900 881.9
1398910 881.9
1398920 883.2
1398930 884.8
1398940 884.8
1398950 891.4
1398960 895.7
1398970 895.7
1398980 896.6
1398990 900.0
1399000 900.0
1399010 902.1
1399020 903.8
1399030 903.8
1399040 907.3
1399050 922.1
1399060 922.1
1399070 930.1
1399080 931.9
1399090 935.1
1399100 935.1
1399110 938.6
1399120 942.8
1399130 942.8
1399140 947.1
1399150 949.9
1399160 949.9
1399170 951.7
1399180 954.9
1399190 954.9
1399200 957.9
1399210 961.4
1399220 961.4
1399230 965.6
1399240 971.4
1399250 971.4
1399260 978.9
1399270 985.4
1399280 991.4
1399290 991.4
1399300 997.4
1399310 1003.7
1399320 1003.7
1399330 1009.6
1399340 1016.0
1399350 1016.0
1399360 1023.6
1399370 1032.0
1399380 1032.0
1399390 1040.8
1399400 1050.0
1399410 1050.0
1399420 1058.7
1399430 1065.3
1399440 1065.3
1399450 1072.5
1399460 1079.8
1399470 1079.8
1399480 1085.2
1399490 1090.7
1399500 1096.5
1399510 1096.5
1399520 1102.7
1399530 1109.1
1399540 1109.1
1399550 1115.6
1399560 1122.4
1399570 1122.4
1399580 1128.9
1399590 1136.1
1399600 1136.1
1399610 1143.6
1399620 1151.4
1399630 1151.4
1399640 1159.0
1399650 1164.9
1399660 1164.9
1399670 1171.4
1399680 1179.6
1399690 1188.2
1399700 1188.2
1399710 1195.7
1399720 1202.0
1399730 1202.0
1399740 1207.8
1399750 1214.4
1399760 1214.4
1399770 1221.4
1399780 1228.4
1399790 1228.4
1399800 1236.1
1399810 1243.4
1399820 1243.4
1399830 1249.7
1399840 1256.8
1399850 1256.8
1399860 1263.1
1399870 1266.5
1399880 1269.9
1399890 1269.9
1399900 1273.7
1399910 1276.1
1399920 1276.1
1399930 1278.8
1399940 1281.9
1399950 1281.9
1399960 1284.3
1399970 1285.8
1399980 1285.8
1399990 1285.5
1380000 2571.5
1380010 2571.5
1380020 2565.4
1380030 2559.7
1380040 2559.7
1380050 2553.6
1380060 2547.5
1380070 2547.5
1380080 2542.0
1380090 2537.4
1380100 2537.4
1380110 2533.0
1380120 2528.9
1380130 2528.9
1380140 2525.8
1380150 2524.6
1380160 2524.4
1380170 2524.4
1380180 2522.8
1380190 2518.4
1380200 2518.4
1380210 2512.0
1380220 2509.8
1380230 2509.8
1380240 2506.7
1380250 2503.3
1380260 2503.3
1380270 2499.6
1380280 2496.0
1380290 2496.0
1380300 2494.0
1380310 2493.6
1380320 2493.6
1380330 2494.0
1380340 2495.7
1380350 2497.0
1380360 2497.0
1380370 2496.6
1380380 2495.4
1380390 2495.4
1380400 2493.4
1380410 2489.6
1380420 2489.6
1380430 2483.4
1380440 2475.8
1380450 2475.8
1380460 2468.2
1380470 2461.0
1380480 2461.0
1380490 2455.3
1380500 2450.7
1380510 2450.7
1380520 2445.9
1380530 2440.9
1380540 2437.0
1380550 2437.0
1380560 2435.2
1380570 2433.6
1380580 2433.6
1380590 2432.6
1380600 2431.9
1380610 2431.9
1380620 2430.8
1380630 2429.8
1380640 2429.8
1380650 2429.1
1380660 2429.0
1380670 2429.0
1380680 2429.5
1380690 2430.2
1380700 2430.2
1380710 2431.3
1380720 2433.0
1380730 2433.0
1380740 2433.5
1380750 2431.6
1380760 2429.9
1380770 2429.9
1380780 2429.1
1380790 2427.8
1380800 2427.8
1380810 2427.2
1380820 2426.6
1380830 2426.6
1380840 2426.0
1380850 2424.9
1380860 2424.9
1380870 2423.1
1380880 2421.4
1380890 2421.4
1380900 2419.5
1380910 2416.6
1380920 2416.6
1380930 2413.1
1380940 2410.2
1380950 2408.1
1380960 2408.1
1380970 2406.2
1380980 2403.4
1380990 2403.4
1381000 2400.1
1381010 2396.7
1381020 2396.7
1381030 2393.9
1381040 2392.0
1381050 2392.0
1381060 2390.8
1381070 2388.7
1381080 2388.7
1381090 2386.5
1381100 2384.8
1381110 2384.8
1381120 2383.0
1381130 2381.4
1381140 2379.9
1381150 2379.9
1381160 2379.2
1381170 2379.8
1381180 2379.8
1381190 2380.4
1381200 2382.5
1381210 2382.5
1381220 2381.8
1381230 2375.7
1381240 2375.7
1381250 2368.9
1381260 2362.7
1381270 2362.7
1381280 2356.9
1381290 2351.1
1381300 2351.1
1381310 2346.9
1381320 2344.2
1381330 2342.1
1381340 2342.1
1381350 2340.5
1381360 2338.6
1381370 2338.6
1381380 2336.8
1381390 2335.6
1381400 2335.6
1381410 2333.5
1381420 2328.5
1381430 2328.5
1381440 2325.3
1381450 2320.5
1381460 2320.5
1381470 2315.2
1381480 2309.4
1381490 2309.4
1381500 2303.9
1381510 2298.3
1381520 2298.3
1381530 2292.3
1381540 2288.2
1381550 2285.3
1381560 2285.3
1381570 2282.0
1381580 2279.3
1381590 2279.3
1381600 2276.7
1381610 2274.1
1381620 2274.1
1381630 2272.2
1381640 2271.3
1381650 2271.3
1381660 2271.1
1381670 2270.2
1381680 2270.2
1381690 2268.6
1381700 2267.8
1381710 2267.8
1381720 2265.4
1381730 2261.4
1381740 2257.9
1381750 2257.9
1381760 2257.7
1381770 2258.4
1381780 2258.4
1381790 2259.9
1381800 2259.4
1381810 2259.4
1381820 2258.2
1381830 2257.1
1381840 2257.1
1381850 2256.1
1381860 2256.0
1381870 2256.0
1381880 2257.3
1381890 2258.2
1381900 2258.2
1381910 2258.9
1381920 2258.7
1381930 2258.5
1381940 2258.5
1381950 2257.6
1381960 2256.1
1381970 2256.1
1381980 2255.0
1381990 2254.4
1382000 2254.4
1382010 2254.4
1382020 2256.7
1382030 2256.7
1382040 2259.5
1382050 2261.6
1382060 2261.6
1382070 2263.4
1382080 2265.1
1382090 2265.1
1382100 2266.8
1382110 2268.0
1382120 2269.3
1382130 2269.3
1382140 2270.8
1382150 2273.5
1382160 2273.5
1382170 2275.5
1382180 2275.7
1382190 2275.7
1382200 2275.8
1382210 2276.6
1382220 2276.6
1382230 2277.6
1382240 2278.1
1382250 2278.1
1382260 2279.0
1382270 2279.2
1382280 2279.2
1382290 2278.1
1382300 2278.5
1382310 2278.5
1382320 2278.9
1382330 2279.5
1382340 2280.5
1382350 2280.5
1382360 2281.9
1382370 2283.3
1382380 2283.3
1382390 2284.3
1382400 2285.7
1382410 2285.7
1382420 2285.7
1382430 2285.3
1382440 2285.3
1382450 2285.6
1382460 2286.1
1382470 2286.1
1382480 2286.9
1382490 2288.2
1382500 2288.2
1382510 2289.7
1382520 2289.9
1382530 2290.4
1382540 2290.4
1382550 2291.0
1382560 2290.8
1382570 2290.8
1382580 2291.0
1382590 2291.8
1382600 2291.8
1382610 2292.9
1382620 2293.9
1382630 2293.9
1382640 2295.0
1382650 2294.5
1382660 2294.5
1382670 2294.2
1382680 2296.7
1382690 2296.7
1382700 2298.7
1382710 2302.7
1382720 2306.5
1382730 2306.5
1382740 2309.9
1382750 2312.0
1382760 2312.0
1382770 2311.8
1382780 2311.4
1382790 2311.4
1382800 2310.6
1382810 2310.8
1382820 2310.8
1382830 2311.8
1382840 2313.5
1382850 2313.5
1382860 2315.3
1382870 2318.1
1382880 2318.1
1382890 2321.5
1382900 2324.7
1382910 2326.1
1382920 2326.1
1382930 2328.0
1382940 2331.7
1382950 2331.7
1382960 2336.1
1382970 2340.2
1382980 2340.2
1382990 2343.1
1383000 2345.4
1383010 2345.4
1383020 2348.6
1383030 2351.1
1383040 2351.1
1383050 2352.6
1383060 2353.7
1383070 2353.7
1383080 2354.9
1383090 2356.1
1383100 2356.1
1383110 2357.1
1383120 2358.0
1383130 2358.6
1383140 2358.6
1383150 2359.3
1383160 2360.0
1383170 2360.0
1383180 2360.1
1383190 2360.5
1383200 2360.5
1383210 2361.2
1383220 2362.0
1383230 2362.0
1383240 2363.3
1383250 2365.2
1383260 2365.2
1383270 2368.0
1383280 2371.3
1383290 2371.3
1383300 2374.4
1383310 2376.7
1383320 2380.5
1383330 2380.5
1383340 2385.0
1383350 2388.7
1383360 2388.7
1383370 2391.0
1383380 2392.0
1383390 2392.0
1383400 2392.7
1383410 2392.9
1383420 2392.9
1383430 2392.6
1383440 2393.2
1383450 2393.2
1383460 2394.3
1383470 2395.9
1383480 2395.9
1383490 2397.4
1383500 2398.9
1383510 2401.6
1383520 2401.6
1383530 2406.2
1383540 2411.2
1383550 2411.2
1383560 2416.1
1383570 2420.2
1383580 2420.2
1383590 2423.5
1383600 2427.3
1383610 2427.3
1383620 2431.5
1383630 2435.7
1383640 2435.7
1383650 2440.5
1383660 2446.4
1383670 2446.4
1383680 2453.6
1383690 2462.0
1383700 2471.0
1383710 2471.0
1383720 2478.9
1383730 2476.5
1383740 2476.5
1383750 2465.6
1383760 2455.6
1383770 2455.6
1383780 2447.9
1383790 2439.1
1383800 2439.1
1383810 2431.7
1383820 2426.6
1383830 2426.6
1383840 2421.9
1383850 2417.2
1383860 2417.2
1383870 2413.4
1383880 2410.4
1383890 2410.4
1383900 2407.9
1383910 2406.9
1383920 2410.8
1383930 2410.8
1383940 2410.2
1383950 2409.6
1383960 2409.6
1383970 2409.2
1383980 2407.8
1383990 2407.8
1384000 2406.8
1384010 2405.8
1384020 2405.8
1384030 2405.1
1384040 2403.9
1384050 2403.9
1384060 2402.6
1384070 2400.9
1384080 2400.9
1384090 2400.1
1384100 2400.1
1384110 2400.2
1384120 2400.2
1384130 2400.6
1384140 2400.9
1384150 2400.9
1384160 2401.2
1384170 2401.8
1384180 2401.8
1384190 2403.0
1384200 2403.4
1384210 2403.4
1384220 2403.6
1384230 2403.5
1384240 2403.5
1384250 2403.5
1384260 2403.6
1384270 2403.6
1384280 2403.7
1384290 2403.7
1384300 2404.1
1384310 2404.1
1384320 2405.0
1384330 2405.7
1384340 2405.7
1384350 2406.3
1384360 2407.0
1384370 2407.0
1384380 2408.7
1384390 2409.6
1384400 2409.6
1384410 2409.7
1384420 2410.1
1384430 2410.1
1384440 2410.1
1384450 2410.0
1384460 2410.0
1384470 2410.2
1384480 2410.6
1384490 2412.6
1384500 2412.6
1384510 2414.5
1384520 2417.3
1384530 2417.3
1384540 2419.4
1384550 2420.7
1384560 2420.7
1384570 2422.6
1384580 2425.2
1384590 2425.2
1384600 2428.3
1384610 2430.8
1384620 2430.8
1384630 2432.8
1384640 2435.4
1384650 2435.4
1384660 2439.0
1384670 2444.1
1384680 2444.1
1384690 2450.7
1384700 2458.1
1384710 2466.0
1384720 2466.0
1384730 2475.4
1384740 2487.5
1384750 2487.5
1384760 2496.4
1384770 2505.3
1384780 2505.3
1384790 2515.6
1384800 2522.3
1384810 2522.3
1384820 2525.7
1384830 2527.7
1384840 2527.7
1384850 2529.4
1384860 2529.4
1384870 2529.4
1384880 2525.5
1384890 2522.2
1384900 2521.1
1384910 2521.1
1384920 2517.5
1384930 2512.7
1384940 2512.7
1384950 2512.4
1384960 2515.4
1384970 2515.4
1384980 2520.6
1384990 2525.2
1385000 2525.2
1385010 2530.7
1385020 2535.9
1385030 2535.9
1385040 2540.2
1385050 2544.6
1385060 2544.6
1385070 2548.8
1385080 2553.9
1385090 2558.0
1385100 2558.0
1385110 2559.5
1385120 2560.3
1385130 2560.3
1385140 2562.7
1385150 2565.8
1385160 2565.8
1385170 2569.5
1385180 2573.8
1385190 2573.4
1385200 2576.5
1385210 2578.4
1385220 2578.4
1385230 2580.5
1385240 2584.3
1385250 2584.3
1385260 2589.1
1385270 2591.5
1385280 2593.3
1385290 2593.3
1385300 2594.8
1385310 2594.9
1385320 2594.9
1385330 2597.1
1385340 2602.3
1385350 2602.3
1385360 2608.4
1385370 2614.1
1385380 2614.1
1385390 2616.4
1385400 2614.7
1385410 2614.7
1385420 2612.1
1385430 2608.6
1385440 2608.6
1385450 2605.7
1385460 2603.3
1385470 2601.3
1385480 2601.3
1385490 2600.0
1385500 2600.2
1385510 2600.2
1385520 2599.9
1385530 2598.7
1385540 2598.7
1385550 2598.3
1385560 2598.7
1385570 2598.7
1385580 2593.6
1385590 2577.7
1385600 2577.7
1385610 2566.0
1385620 2554.8
1385630 2554.8
1385640 2545.8
1385650 2538.8
1385660 2538.8
1385670 2532.2
1385680 2525.3
1385690 2518.6
1385700 2518.6
1385710 2512.4
1385720 2506.7
1385730 2506.7
1385740 2501.5
1385750 2496.5
1385760 2496.5
1385770 2491.0
1385780 2485.6
1385790 2485.6
1385800 2480.2
1385810 2475.3
1385820 2475.3
1385830 2470.3
1385840 2465.6
1385850 2465.6
1385860 2461.8
1385870 2458.6
1385880 2456.1
1385890 2456.1
1385900 2453.5
1385910 2450.8
1385920 2450.8
1385930 2447.9
1385940 2444.8
1385950 2444.8
1385960 2441.1
1385970 2438.4
1385980 2438.4
1385990 2436.2
1386000 2431.6
1386010 2431.6
1386020 2424.3
1386030 2417.4
1386040 2417.4
1386050 2411.8
1386060 2406.4
1386070 2401.9
1386080 2401.9
1386090 2399.6
1386100 2397.7
1386110 2397.7
1386120 2394.3
1386130 2391.7
1386140 2391.7
1386150 2390.0
1386160 2386.6
1386170 2386.6
1386180 2381.9
1386190 2376.3
1386200 2376.3
1386210 2370.3
1386220 2366.0
1386230 2366.0
1386240 2363.8
1386250 2363.2
1386260 2363.0
1386270 2363.0
1386280 2361.5
1386290 2358.9
1386300 2358.9
1386310 2357.4
1386320 2356.6
1386330 2356.6
1386340 2354.0
1386350 2352.8
1386360 2352.8
1386370 2351.6
1386380 2347.0
1386390 2347.0
1386400 2342.0
1386410 2338.7
1386420 2338.7
1386430 2337.6
1386440 2336.3
1386450 2336.3
1386460 2335.1
1386470 2334.4
1386480 2333.4
1386490 2333.4
1386500 2332.0
1386510 2329.8
1386520 2329.8
1386530 2326.9
1386540 2323.5
1386550 2323.5
1386560 2319.2
1386570 2315.4
1386580 2315.4
1386590 2310.8
1386600 2304.9
1386610 2304.9
1386620 2299.2
1386630 2294.7
1386640 2294.7
1386650 2291.9
1386660 2291.1
1386670 2290.1
1386680 2290.1
1386690 2288.0
1386700 2285.4
1386710 2285.4
1386720 2283.5
1386730 2283.0
1386740 2283.0
1386750 2282.3
1386760 2281.2
1386770 2281.2
1386780 2279.9
1386790 2278.6
1386800 2278.6
1386810 2277.2
1386820 2275.1
1386830 2275.1
1386840 2273.2
1386850 2273.4
1386860 2272.5
1386870 2272.5
1386880 2273.2
1386890 2274.3
1386900 2274.3
1386910 2275.1
1386920 2275.3
1386930 2275.3
1386940 2275.7
1386950 2275.7
1386960 2275.7
1386970 2274.8
1386980 2276.5
1386990 2276.5
1387000 2277.4
1387010 2277.4
1387020 2277.4
1387030 2278.9
1387040 2280.0
1387050 2280.8
1387060 2280.8
1387070 2283.1
1387080 2285.8
1387090 2285.8
1387100 2286.1
1387110 2288.4
1387120 2288.4
1387130 2291.5
1387140 2294.7
1387150 2294.7
1387160 2298.9
1387170 2304.7
1387180 2304.7
1387190 2310.6
1387200 2315.9
1387210 2315.9
1387220 2322.3
1387230 2327.5
1387240 2327.5
1387250 2328.5
1387260 2328.3
1387270 2326.7
1387280 2326.7
1387290 2326.9
1387300 2323.9
1387310 2323.9
1387320 2322.5
1387330 2324.7
1387340 2324.7
1387350 2328.5
1387360 2333.2
1387370 2333.2
1387380 2336.8
1387390 2337.1
1387400 2337.1
1387410 2334.0
1387420 2332.2
1387430 2332.2
1387440 2332.5
1387450 2332.6
1387460 2331.7
1387470 2331.7
1387480 2331.4
1387490 2331.8
1387500 2331.8
1387510 2333.1
1387520 2334.8
1387530 2334.8
1387540 2337.0
1387550 2338.7
1387560 2338.7
1387570 2342.3
1387580 2348.1
1387590 2348.1
1387600 2353.9
1387610 2361.7
1387620 2361.7
1387630 2370.9
1387640 2376.2
1387650 2379.3
1387660 2379.3
1387670 2381.3
1387680 2384.8
1387690 2384.8
1387700 2390.0
1387710 2393.4
1387720 2393.4
1387730 2394.6
1387740 2395.2
1387750 2395.2
1387760 2396.6
1387770 2399.9
1387780 2399.9
1387790 2402.9
1387800 2406.4
1387810 2406.4
1387820 2410.3
1387830 2414.3
1387840 2419.0
1387850 2419.0
1387860 2423.4
1387870 2427.1
1387880 2427.1
1387890 2430.8
1387900 2434.7
1387910 2434.7
1387920 2437.4
1387930 2440.2
1387940 2440.2
1387950 2443.4
1387960 2443.8
1387970 2443.8
1387980 2442.6
1387990 2441.9
1388000 2441.9
1388010 2441.0
1388020 2438.5
1388030 2438.5
1388040 2433.3
1388050 2428.3
1388060 2423.7
1388070 2423.7
1388080 2419.5
1388090 2415.3
1388100 2415.3
1388110 2410.7
1388120 2406.6
1388130 2406.6
1388140 2403.5
1388150 2401.4
1388160 2401.4
1388170 2399.0
1388180 2396.1
1388190 2396.1
1388200 2392.8
1388210 2389.3
1388220 2389.3
1388230 2386.4
1388240 2383.0
1388250 2379.0
1388260 2379.0
1388270 2376.1
1388280 2373.2
1388290 2373.2
1388300 2370.0
1388310 2367.4
1388320 2367.4
1388330 2366.3
1388340 2365.0
1388350 2365.0
1388360 2362.6
1388370 2359.8
1388380 2359.8
1388390 2357.0
1388400 2354.1
1388410 2354.1
1388420 2349.9
1388430 2343.7
1388440 2338.8
1388450 2338.8
1388460 2336.9
1388470 2336.2
1388480 2336.2
1388490 2334.4
1388500 2332.8
1388510 2332.8
1388520 2332.2
1388530 2332.6
1388540 2332.6
1388550 2332.6
1388560 2330.7
1388570 2330.7
1388580 2328.0
1388590 2325.6
1388600 2325.6
1388610 2322.1
1388620 2317.4
1388630 2314.2
1388640 2314.2
1388650 2312.0
1388660 2309.0
1388670 2309.0
1388680 2304.8
1388690 2301.1
1388700 2301.1
1388710 2298.8
1388720 2296.8
1388730 2296.8
1388740 2294.8
1388750 2293.8
1388760 2293.8
1388770 2293.8
1388780 2296.9
1388790 2296.9
1388800 2299.0
1388810 2299.1
1388820 2299.1
1388830 2298.6
1388840 2297.1
1388850 2295.6
1388860 2295.6
1388870 2293.9
1388880 2294.9
1388890 2294.9
1388900 2297.8
1388910 2299.7
1388920 2299.7
1388930 2300.7
1388940 2300.6
1388950 2300.6
1388960 2300.6
1388970 2300.7
1388980 2300.7
1388990 2301.2
1389000 2301.9
1389010 2301.9
1389020 2303.3
1389030 2303.5
1389040 2303.3
1389050 2303.3
1389060 2303.1
1389070 2302.7
1389080 2301.7
1389090 2301.3
1389100 2302.4
1389110 2302.4
1389120 2303.4
1389130 2303.5
1389140 2303.5
1389150 2302.1
1389160 2301.0
1389170 2301.0
1389180 2299.2
1389190 2296.1
1389200 2296.1
1389210 2292.3
1389220 2288.7
1389230 2287.8
1389240 2287.8
1389250 2288.5
1389260 2290.4
1389270 2290.4
1389280 2291.4
1389290 2292.1
1389300 2292.1
1389310 2293.6
1389320 2293.7
1389330 2293.7
1389340 2294.8
1389350 2296.5
1389360 2296.5
1389370 2299.7
1389380 2300.4
1389390 2300.4
1389400 2299.0
1389410 2299.4
1389420 2297.1
1389430 2297.1
1389440 2293.5
1389450 2293.0
1389460 2293.0
1389470 2293.1
1389480 2293.7
1389490 2293.7
1389500 2296.3
1389510 2300.5
1389520 2300.5
1389530 2301.9
1389540 2301.6
1389550 2301.6
1389560 2302.5
1389570 2305.9
1389580 2305.9
1389590 2311.0
1389600 2316.7
1389610 2316.7
1389620 2323.1
1389630 2329.8
1389640 2336.7
1389650 2336.7
1389660 2343.8
1389670 2350.9
1389680 2350.9
1389690 2358.6
1389700 2366.8
1389710 2366.8
1389720 2377.2
1389730 2390.9
1389740 2390.9
1389750 2402.0
1389760 2415.8
1389770 2415.8
1389780 2428.2
1389790 2434.5
1389800 2434.5
1389810 2438.1
1389820 2442.8
1389830 2449.4
1389840 2449.4
1389850 2457.5
1389860 2467.2
1389870 2467.2
1389880 2478.4
1389890 2488.9
1389900 2488.9
1389910 2498.9
1389920 2510.1
1389930 2510.1
1389940 2520.9
1389950 2530.0
1389960 2530.0
1389970 2541.3
1389980 2554.3
1389990 2554.3
1390000 2563.9
1390010 2572.2
1390020 2580.1
1390030 2580.1
1390040 2587.7
1390050 2595.4
1390060 2595.4
1390070 2603.2
1390080 2611.0
1390090 2611.0
1390100 2619.1
1390110 2627.1
1390120 2627.1
1390130 2635.2
1390140 2643.3
1390150 2643.3
1390160 2651.2
1390170 2659.4
1390180 2659.4
1390190 2668.6
1390200 2677.6
1390210 2684.8
1390220 2684.8
1390230 2690.7
1390240 2696.5
1390250 2696.5
1390260 2703.8
1390270 2711.7
1390280 2711.7
1390290 2720.0
1390300 2726.4
1390310 2726.4
1390320 2723.6
1390330 2716.5
1390340 2716.5
1390350 2709.3
1390360 2701.6
1390370 2701.6
1390380 2689.0
1390390 2678.6
1390400 2678.6
1390410 2672.0
1390420 2668.1
1390430 2660.9
1390440 2660.9
1390450 2655.4
1390460 2649.6
1390470 2649.6
1390480 2643.8
1390490 2639.4
1390500 2639.4
1390510 2634.4
1390520 2628.8
1390530 2628.8
1390540 2623.3
1390550 2616.6
1390560 2616.6
1390570 2610.2
1390580 2604.0
1390590 2604.0
1390600 2598.7
1390610 2595.1
1390620 2592.5
1390630 2592.5
1390640 2586.8
1390650 2577.3
1390660 2577.3
1390670 2567.8
1390680 2558.7
1390690 2558.7
1390700 2550.3
1390710 2542.8
1390720 2542.8
1390730 2536.6
1390740 2526.3
1390750 2526.3
1390760 2513.3
1390770 2501.4
1390780 2501.4
1390790 2490.3
1390800 2480.7
1390810 2472.8
1390820 2472.8
1390830 2465.9
1390840 2459.2
1390850 2459.2
1390860 2452.6
1390870 2446.3
1390880 2446.3
1390890 2440.0
1390900 2433.7
1390910 2433.7
1390920 2427.9
1390930 2422.8
1390940 2422.8
1390950 2417.8
1390960 2413.1
1390970 2413.1
1390980 2409.1
1390990 2404.0
1391000 2398.8
1391010 2398.8
1391020 2395.0
1391030 2391.1
1391040 2391.1
1391050 2388.7
1391060 2385.6
1391070 2385.6
1391080 2381.3
1391090 2377.6
1391100 2377.6
1391110 2374.0
1391120 2370.3
1391130 2370.3
1391140 2366.2
1391150 2361.5
1391160 2361.5
1391170 2356.7
1391180 2350.5
1391190 2350.5
1391200 2341.3
1391210 2333.9
1391220 2329.8
1391230 2329.8
1391240 2327.6
1391250 2323.7
1391260 2323.7
1391270 2317.6
1391280 2310.7
1391290 2310.7
1391300 2295.9
1391310 2282.0
1391320 2282.0
1391330 2271.5
1391340 2262.1
1391350 2262.1
1391360 2252.1
1391370 2244.7
1391380 2244.7
1391390 2237.0
1391400 2227.8
1391410 2218.6
1391420 2218.6
1391430 2209.9
1391440 2203.4
1391450 2203.4
1391460 2198.5
1391470 2192.2
1391480 2192.2
1391490 2184.0
1391500 2180.3
1391510 2180.3
1391520 2179.1
1391530 2177.6
1391540 2177.6
1391550 2178.3
1391560 2181.2
1391570 2181.2
1391580 2182.8
1391590 2182.0
1391600 2177.9
1391610 2177.9
1391620 2171.9
1391630 2170.6
1391640 2170.6
1391650 2171.7
1391660 2174.4
1391670 2174.4
1391680 2178.0
1391690 2181.4
1391700 2181.4
1391710 2184.4
1391720 2187.2
1391730 2187.2
1391740 2189.6
1391750 2191.2
1391760 2191.2
1391770 2199.2
1391780 2201.9
1391790 2203.5
1391800 2203.5
1391810 2205.0
1391820 2206.5
1391830 2206.5
1391840 2209.6
1391850 2214.5
1391860 2214.5
1391870 2220.0
1391880 2224.4
1391890 2224.4
1391900 2228.2
1391910 2233.1
1391920 2233.1
1391930 2238.0
1391940 2242.2
1391950 2242.2
1391960 2245.8
1391970 2246.3
1391980 2247.9
1391990 2247.9
1392000 2254.6
1392010 2266.0
1392020 2266.0
1392030 2279.7
1392040 2295.5
1392050 2295.5
1392060 2307.9
1392070 2325.4
1392080 2325.4
1392090 2345.2
1392100 2360.2
1392110 2360.2
1392120 2380.6
1392130 2394.0
1392140 2394.0
1392150 2383.9
1392160 2369.0
1392170 2369.0
1392180 2361.9
1392190 2357.2
1392200 2352.0
1392210 2352.0
1392220 2351.0
1392230 2370.2
1392240 2370.2
1392250 2403.7
1392260 2403.8
1392270 2403.8
1392280 2401.3
1392290 2399.0
1392300 2399.0
1392310 2396.2
1392320 2389.9
1392330 2389.9
1392340 2385.8
1392350 2379.3
1392360 2379.3
1392370 2375.6
1392380 2372.9
1392390 2370.9
1392400 2370.9
1392410 2370.1
1392420 2368.9
1392430 2368.9
1392440 2370.8
1392450 2369.7
1392460 2369.7
1392470 2366.4
1392480 2366.0
1392490 2366.0
1392500 2366.4
1392510 2363.5
1392520 2363.5
1392530 2363.6
1392540 2368.9
1392550 2368.9
1392560 2373.4
1392570 2378.0
1392580 2381.7
1392590 2381.7
1392600 2383.0
1392610 2385.5
1392620 2385.5
1392630 2387.9
1392640 2391.2
1392650 2391.2
1392660 2395.6
1392670 2400.7
1392680 2400.7
1392690 2405.9
1392700 2411.1
1392710 2411.1
1392720 2416.7
1392730 2422.3
1392740 2422.3
1392750 2427.8
1392760 2433.6
1392770 2439.2
1392780 2439.2
1392790 2444.8
1392800 2450.4
1392810 2450.4
1392820 2455.5
1392830 2461.4
1392840 2461.4
1392850 2469.8
1392860 2484.6
1392870 2484.6
1392880 2495.3
1392890 2503.6
1392900 2503.6
1392910 2513.0
1392920 2523.2
1392930 2523.2
1392940 2533.2
1392950 2542.2
1392960 2542.2
1392970 2551.9
1392980 2559.0
1392990 2564.0
1393000 2564.0
1393010 2570.8
1393020 2591.0
1393030 2591.0
1393040 2614.2
1393050 2626.8
1393060 2626.8
1393070 2635.7
1393080 2639.4
1393090 2639.4
1393100 2640.9
1393110 2646.1
1393120 2646.1
1393130 2640.2
1393140 2628.5
1393150 2617.6
1393160 2605.8
1393170 2603.1
1393180 2597.5
1393190 2597.5
1393200 2586.1
1393210 2577.4
1393220 2577.4
1393230 2571.7
1393240 2567.4
1393250 2567.4
1393260 2562.4
1393270 2560.3
1393280 2560.3
1393290 2556.6
1393300 2546.9
1393310 2546.9
1393320 2541.9
1393330 2536.6
1393340 2536.6
1393350 2531.1
1393360 2525.4
1393370 2519.2
1393380 2519.2
1393390 2512.7
1393400 2508.4
1393410 2508.4
1393420 2504.5
1393430 2500.8
1393440 2500.8
1393450 2496.4
1393460 2493.2
1393470 2493.2
1393480 2486.3
1393490 2478.3
1393500 2478.3
1393510 2472.2
1393520 2468.0
1393530 2468.0
1393540 2466.0
1393550 2463.7
1393560 2461.5
1393570 2461.5
1393580 2458.7
1393590 2455.5
1393600 2455.5
1393610 2451.7
1393620 2447.7
1393630 2447.7
1393640 2443.2
1393650 2438.0
1393660 2438.0
1393670 2432.7
1393680 2427.5
1393690 2427.5
1393700 2422.0
1393710 2415.5
1393720 2415.5
1393730 2409.3
1393740 2402.7
1393750 2402.7
1393760 2395.9
1393770 2387.2
1393780 2376.6
1393790 2376.6
1393800 2364.1
1393810 2355.7
1393820 2355.7
1393830 2349.0
1393840 2341.9
1393850 2341.9
1393860 2332.9
1393870 2326.3
1393880 2326.3
1393890 2320.6
1393900 2314.5
1393910 2314.5
1393920 2308.2
1393930 2302.0
1393940 2302.0
1393950 2295.9
1393960 2290.2
1393970 2284.7
1393980 2284.7
1393990 2279.0
1394000 2273.5
1394010 2273.5
1394020 2267.9
1394030 2262.1
1394040 2262.1
1394050 2256.3
1394060 2250.8
1394070 2250.8
1394080 2245.4
1394090 2240.3
1394100 2240.3
1394110 2234.8
1394120 2229.3
1394130 2229.3
1394140 2224.1
1394150 2219.5
1394160 2214.3
1394170 2214.3
1394180 2208.5
1394190 2203.3
1394200 2203.3
1394210 2198.4
1394220 2193.7
1394230 2193.7
1394240 2189.1
1394250 2184.6
1394260 2184.6
1394270 2180.2
1394280 2176.0
1394290 2176.0
1394300 2171.9
1394310 2168.0
1394320 2168.0
1394330 2164.3
1394340 2160.7
1394350 2157.6
1394360 2157.6
1394370 2154.5
1394380 2151.3
1394390 2151.3
1394400 2147.7
1394410 2142.9
1394420 2142.9
1394430 2137.6
1394440 2134.4
1394450 2134.4
1394460 2130.6
1394470 2125.2
1394480 2125.2
1394490 2118.8
1394500 2111.0
1394510 2111.0
1394520 2098.9
1394530 2080.8
1394540 2081.5
1394550 2064.9
1394560 2049.5
1394570 2039.6
1394580 2039.6
1394590 2039.0
1394600 2042.3
1394610 2042.3
1394620 2048.0
1394630 2057.0
1394640 2057.0
1394650 2060.7
1394660 2060.3
1394670 2060.3
1394680 2059.0
1394690 2063.5
1394700 2063.5
1394710 2064.7
1394720 2065.0
1394730 2065.0
1394740 2064.2
1394750 2060.4
1394760 2057.2
1394770 2057.2
1394780 2054.5
1394790 2051.5
1394800 2051.5
1394810 2048.6
1394820 2045.3
1394830 2045.3
1394840 2042.0
1394850 2041.0
1394860 2041.0
1394870 2038.7
1394880 2036.2
1394890 2036.2
1394900 2034.5
1394910 2033.4
1394920 2033.4
1394930 2031.5
1394940 2029.5
1394950 2027.5
1394960 2027.5
1394970 2025.2
1394980 2024.8
1394990 2024.8
1395000 2024.8
1395010 2024.2
1395020 2024.2
1395030 2023.5
1395040 2016.9
1395050 2016.9
1395060 2005.3
1395070 1998.0
1395080 1998.0
1395090 1988.8
1395100 1984.0
1395110 1984.0
1395120 1974.2
1395130 1964.7
1395140 1955.8
1395150 1955.8
1395160 1948.0
1395170 1936.7
1395180 1936.7
1395190 1928.3
1395200 1919.5
1395210 1919.5
1395220 1911.5
1395230 1904.7
1395240 1904.7
1395250 1898.6
1395260 1892.9
1395270 1892.9
1395280 1886.8
1395290 1880.4
1395300 1880.4
1395310 1873.9
1395320 1867.2
1395330 1867.2
1395340 1860.4
1395350 1852.8
1395360 1844.1
1395370 1844.1
1395380 1831.7
1395390 1818.4
1395400 1818.4
1395410 1810.7
1395420 1802.7
1395430 1802.7
1395440 1795.6
1395450 1789.6
1395460 1789.6
1395470 1783.2
1395480 1775.7
1395490 1775.7
1395500 1767.8
1395510 1760.5
1395520 1760.5
1395530 1753.6
1395540 1747.1
1395550 1740.4
1395560 1740.4
1395570 1734.1
1395580 1726.9
1395590 1726.9
1395600 1719.0
1395610 1710.9
1395620 1710.9
1395630 1703.0
1395640 1696.1
1395650 1696.1
1395660 1690.3
1395670 1684.5
1395680 1684.5
1395690 1678.5
1395700 1671.4
1395710 1671.4
1395720 1665.5
1395730 1660.4
1395740 1651.5
1395750 1651.5
1395760 1644.1
1395770 1636.8
1395780 1636.8
1395790 1630.7
1395800 1623.7
1395810 1623.7
1395820 1617.8
1395830 1612.5
1395840 1612.5
1395850 1607.5
1395860 1602.6
1395870 1602.6
1395880 1597.3
1395890 1591.2
1395900 1591.2
1395910 1586.5
1395920 1579.6
1395930 1570.0
1395940 1570.0
1395950 1563.1
1395960 1549.1
1395970 1549.1
1395980 1545.3
1395990 1540.0
1396000 1540.0
1396010 1535.5
1396020 1527.7
1396030 1527.7
1396040 1522.7
1396050 1524.6
1396060 1524.6
1396070 1532.2
1396080 1534.3
1396090 1534.3
1396100 1526.1
1396110 1518.6
1396120 1517.8
1396130 1517.8
1396140 1520.5
1396150 1523.1
1396160 1523.1
1396170 1524.5
1396180 1524.2
1396190 1524.2
1396200 1524.8
1396210 1524.6
1396220 1524.6
1396230 1523.6
1396240 1524.2
1396250 1524.2
1396260 1524.6
1396270 1523.7
1396280 1523.7
1396290 1522.3
1396300 1520.6
1396310 1520.6
1396320 1517.6
1396330 1514.2
1396340 1515.1
1396350 1515.1
1396360 1512.6
1396370 1507.8
1396380 1507.8
1396390 1504.1
1396400 1499.6
1396410 1499.6
1396420 1492.7
1396430 1487.6
1396440 1487.6
1396450 1484.6
1396460 1481.9
1396470 1481.9
1396480 1474.8
1396490 1472.5
1396500 1472.5
1396510 1464.4
1396520 1451.9
1396530 1454.9
1396540 1454.9
1396550 1462.2
1396560 1465.9
1396570 1465.9
1396580 1470.8
1396590 1476.8
1396600 1476.8
1396610 1482.0
1396620 1485.6
1396630 1485.6
1396640 1486.4
1396650 1487.5
1396660 1487.5
1396670 1489.2
1396680 1489.7
1396690 1489.7
1396700 1489.2
1396710 1487.5
1396720 1484.9
1396730 1484.9
1396740 1483.9
1396750 1481.3
1396760 1481.3
1396770 1477.7
1396780 1474.0
1396790 1474.0
1396800 1469.4
1396810 1463.4
1396820 1463.4
1396830 1455.9
1396840 1448.2
1396850 1448.2
1396860 1440.9
1396870 1434.5
1396880 1434.5
1396890 1428.0
1396900 1423.3
1396910 1419.3
1396920 1419.3
1396930 1414.0
1396940 1408.7
1396950 1408.7
1396960 1403.3
1396970 1397.6
1396980 1397.6
1396990 1392.8
1397000 1389.1
1397010 1389.1
1397020 1384.8
1397030 1379.9
1397040 1379.9
1397050 1374.8
1397060 1368.0
1397070 1368.0
1397080 1360.1
1397090 1352.1
1397100 1352.1
1397110 1343.9
1397120 1336.2
1397130 1325.2
1397140 1325.2
1397150 1311.7
1397160 1298.4
1397170 1298.4
1397180 1286.0
1397190 1274.4
1397200 1274.4
1397210 1269.2
1397220 1268.4
1397230 1268.4
1397240 1268.5
1397250 1265.9
1397260 1265.9
1397270 1255.3
1397280 1248.9
1397290 1248.9
1397300 1240.8
1397310 1226.2
1397320 1210.9
1397330 1210.9
1397340 1200.7
1397350 1195.9
1397360 1195.9
1397370 1185.5
1397380 1173.3
1397390 1173.3
1397400 1171.0
1397410 1164.5
1397420 1164.5
1397430 1159.1
1397440 1151.8
1397450 1151.8
1397460 1140.2
1397470 1132.5
1397480 1132.5
1397490 1124.7
1397500 1115.7
1397510 1106.5
1397520 1106.5
1397530 1098.7
1397540 1099.0
1397550 1099.0
1397560 1099.6
1397570 1103.5
1397580 1103.5
1397590 1111.4
1397600 1101.5
1397610 1101.5
1397620 1089.5
1397630 1077.1
1397640 1077.1
1397650 1068.4
1397660 1058.6
1397670 1058.6
1397680 1037.7
1397690 1023.2
1397700 1009.5
1397710 1009.5
1397720 1002.0
1397730 997.3
1397740 997.3
1397750 993.2
1397760 988.1
1397770 988.1
1397780 981.8
1397790 975.4
1397800 975.4
1397810 969.6
1397820 964.2
1397830 964.2
1397840 959.1
1397850 954.7
1397860 954.7
1397870 950.6
1397880 946.4
1397890 946.4
1397900 942.0
1397910 937.2
1397920 929.9
1397930 929.9
1397940 922.8
1397950 922.6
1397960 922.6
1397970 923.1
1397980 915.7
1397990 915.7
1398000 901.2
1398010 889.8
1398020 889.8
1398030 885.9
1398040 884.6
1398050 884.6
1398060 883.5
1398070 882.5
1398080 882.5
1398090 881.5
1398100 880.5
1398110 879.6
1398120 879.6
1398130 878.8
1398140 878.2
1398150 878.2
1398160 877.6
1398170 877.0
1398180 877.0
1398190 876.4
1398200 876.1
1398210 876.1
1398220 875.7
1398230 875.4
1398240 875.4
1398250 875.0
1398260 874.4
1398270 874.4
1398280 874.0
1398290 874.0
1398300 873.6
1398310 873.6
1398320 873.1
1398330 872.8
1398340 872.8
1398350 872.4
1398360 872.3
1398370 872.3
1398380 871.6
1398390 869.6
1398400 869.6
1398410 866.6
1398420 865.4
1398430 865.4
1398440 865.1
1398450 864.5
1398460 864.5
1398470 864.0
1398480 863.5
1398490 863.5
1398500 863.5
1398510 863.7
1398520 863.7
1398530 863.7
1398540 863.7
1398550 863.5
1398560 863.5
1398570 862.4
1398580 860.5
1398590 860.5
1398600 859.5
1398610 859.4
1398620 859.4
1398630 859.7
1398640 860.9
1398650 860.9
1398660 863.1
1398670 862.8
1398680 862.8
1398690 863.1
1398700 863.3
1398710 863.6
1398720 863.6
1398730 864.7
1398740 867.7
1398750 867.7
1398760 870.9
1398770 872.1
1398780 872.1
1398790 872.8
1398800 873.1
1398810 873.1
1398820 873.2
1398830 873.6
1398840 873.6
1398850 874.7
1398860 876.9
1398870 876.7
1398880 879.4
1398890 881.0
1398900 881.9
1398910 881.9
1398920 883.2
1398930 884.8
1398940 884.8
1398950 891.4
1398960 895.7
1398970 895.7
1398980 896.6
1398990 900.0
1399000 900.0
1399010 902.1
1399020 903.8
1399030 903.8
1399040 907.3
1399050 922.1
1399060 922.1
1399070 930.1
1399080 931.9
1399090 935.1
1399100 935.1
1399110 938.6
1399120 942.8
1399130 942.8
1399140 947.1
1399150 949.9
1399160 949.9
1399170 951.7
1399180 954.9
1399190 954.9
1399200 957.9
1399210 961.4
1399220 961.4
1399230 965.6
1399240 971.4
1399250 971.4
1399260 978.9
1399270 985.4
1399280 991.4
1399290 991.4
1399300 997.4
1399310 1003.7
1399320 1003.7
1399330 1009.6
1399340 1016.0
1399350 1016.0
1399360 1023.6
1399370 1032.0
1399380 1032.0
1399390 1040.8
1399400 1050.0
1399410 1050.0
1399420 1058.7
1399430 1065.3
1399440 1065.3
1399450 1072.5
1399460 1079.8
1399470 1079.8
1399480 1085.2
1399490 1090.7
1399500 1096.5
1399510 1096.5
1399520 1102.7
1399530 1109.1
1399540 1109.1
1399550 1115.6
1399560 1122.4
1399570 1122.4
1399580 1128.9
1399590 1136.1
1399600 1136.1
1399610 1143.6
1399620 1151.4
1399630 1151.4
1399640 1159.0
1399650 1164.9
1399660 1164.9
1399670 1171.4
1399680 1179.6
1399690 1188.2
1399700 1188.2
1399710 1195.7
1399720 1202.0
1399730 1202.0
1399740 1207.8
1399750 1214.4
1399760 1214.4
1399770 1221.4
1399780 1228.4
1399790 1228.4
1399800 1236.1
1399810 1243.4
1399820 1243.4
1399830 1249.7
1399840 1256.8
1399850 1256.8
1399860 1263.1
1399870 1266.5
1399880 1269.9
1399890 1269.9
1399900 1273.7
1399910 1276.1
1399920 1276.1
1399930 1278.8
1399940 1281.9
1399950 1281.9
1399960 1284.3
1399970 1285.8
1399980 1285.8
1399990 1285.5
