1380000 2543.3
1380010 2543.3
1380020 2538.0
1380030 2533.8
1380040 2533.8
1380050 2530.6
1380060 2527.8
1380070 2527.8
1380080 2525.2
1380090 2523.2
1380100 2523.2
1380110 2522.2
1380120 2521.1
1380130 2521.1
1380140 2520.6
1380150 2520.0
1380160 2520.0
1380170 2518.2
1380180 2515.7
1380190 2515.7
1380200 2512.7
1380210 2511.3
1380220 2510.4
1380230 2510.4
1380240 2510.5
1380250 2511.5
1380260 2511.5
1380270 2507.3
1380280 2502.2
1380290 2502.2
1380300 2494.9
1380310 2488.7
1380320 2488.7
1380330 2482.8
1380340 2477.2
1380350 2477.2
1380360 2472.4
1380370 2468.4
1380380 2468.4
1380390 2465.1
1380400 2462.3
1380410 2459.3
1380420 2459.3
1380430 2456.0
1380440 2453.5
1380450 2450.9
1380460 2450.2
1380470 2448.4
1380480 2448.4
1380490 2447.0
1380500 2445.6
1380510 2445.6
1380520 2443.5
1380530 2441.1
1380540 2441.1
1380550 2438.1
1380560 2434.9
1380570 2434.9
1380580 2432.1
1380590 2431.3
1380600 2431.0
1380610 2431.0
1380620 2431.3
1380630 2431.9
1380640 2431.9
1380650 2432.6
1380660 2432.5
1380670 2432.5
1380680 2432.3
1380690 2432.6
1380700 2432.6
1380710 2432.4
1380720 2431.3
1380730 2431.3
1380740 2430.0
1380750 2428.7
1380760 2428.7
1380770 2427.5
1380780 2426.2
1380790 2424.6
1380800 2424.6
1380810 2422.8
1380820 2420.5
1380830 2420.5
1380840 2418.1
1380850 2416.3
1380860 2416.3
1380870 2414.9
1380880 2413.9
1380890 2413.9
1380900 2413.2
1380910 2412.9
1380920 2412.9
1380930 2412.5
1380940 2410.2
1380950 2410.2
1380960 2406.7
1380970 2402.4
1380980 2399.8
1380990 2399.8
1381000 2397.7
1381010 2395.7
1381020 2395.7
1381030 2393.7
1381040 2391.3
1381050 2391.3
1381060 2388.7
1381070 2388.7
1381080 2388.7
1381090 2391.5
1381100 2392.0
1381110 2392.0
1381120 2391.3
1381130 2391.1
1381140 2391.1
1381150 2392.2
1381160 2393.9
1381170 2393.9
1381180 2396.3
1381190 2399.8
1381200 2403.4
1381210 2403.4
1381220 2405.9
1381230 2405.6
1381240 2405.6
1381250 2405.4
1381260 2398.4
1381270 2398.4
1381280 2387.1
1381290 2381.5
1381300 2381.5
1381310 2375.3
1381320 2371.8
1381330 2371.8
1381340 2369.8
1381350 2367.2
1381360 2367.2
1381370 2362.8
1381380 2358.7
1381390 2355.7
1381400 2355.7
1381410 2351.8
1381420 2348.2
1381430 2348.2
1381440 2344.3
1381450 2339.9
1381460 2339.9
1381470 2335.2
1381480 2330.7
1381490 2330.7
1381500 2326.0
1381510 2321.0
1381520 2321.0
1381530 2317.9
1381540 2314.6
1381550 2314.6
1381560 2310.6
1381570 2306.4
1381580 2301.7
1381590 2301.7
1381600 2297.2
1381610 2293.4
1381620 2293.4
1381630 2292.5
1381640 2292.1
1381650 2292.1
1381660 2293.2
1381670 2301.3
1381680 2301.3
1381690 2303.4
1381700 2298.5
1381710 2298.5
1381720 2291.9
1381730 2287.9
1381740 2287.9
1381750 2285.8
1381760 2284.4
1381770 2284.9
1381780 2284.9
1381790 2285.6
1381800 2286.1
1381810 2286.1
1381820 2286.4
1381830 2283.9
1381840 2283.9
1381850 2283.7
1381860 2284.5
1381870 2284.5
1381880 2285.8
1381890 2283.2
1381900 2283.2
1381910 2278.6
1381920 2276.5
1381930 2276.5
1381940 2276.3
1381950 2275.9
1381960 2275.9
1381970 2274.9
1381980 2274.7
1381990 2274.8
1382000 2274.8
1382010 2274.7
1382020 2275.8
1382030 2275.8
1382040 2278.8
1382050 2282.0
1382060 2282.0
1382070 2283.2
1382080 2285.0
1382090 2285.0
1382100 2288.5
1382110 2291.0
1382120 2291.0
1382130 2292.7
1382140 2293.3
1382150 2293.3
1382160 2294.3
1382170 2297.9
1382180 2303.1
1382190 2303.1
1382200 2306.2
1382210 2306.8
1382220 2306.8
1382230 2306.3
1382240 2305.9
1382250 2305.9
1382260 2305.9
1382270 2306.0
1382280 2306.0
1382290 2304.9
1382300 2303.9
1382310 2303.9
1382320 2303.9
1382330 2304.1
1382340 2304.1
1382350 2307.1
1382360 2307.9
1382370 2307.1
1382380 2307.1
1382390 2304.6
1382400 2302.7
1382410 2302.7
1382420 2302.2
1382430 2302.6
1382440 2302.6
1382450 2304.1
1382460 2306.3
1382470 2306.3
1382480 2307.5
1382490 2308.3
1382500 2308.3
1382510 2309.4
1382520 2310.4
1382530 2310.4
1382540 2311.1
1382550 2310.8
1382560 2312.1
1382570 2312.1
1382580 2313.6
1382590 2315.2
1382600 2315.2
1382610 2317.9
1382620 2319.3
1382630 2319.3
1382640 2319.9
1382650 2320.6
1382660 2320.6
1382670 2322.3
1382680 2323.4
1382690 2323.4
1382700 2323.9
1382710 2325.1
1382720 2325.1
1382730 2326.0
1382740 2326.1
1382750 2326.1
1382760 2325.8
1382770 2326.0
1382780 2326.5
1382790 2326.5
1382800 2326.7
1382810 2327.5
1382820 2327.5
1382830 2329.1
1382840 2330.5
1382850 2330.5
1382860 2332.1
1382870 2334.4
1382880 2334.4
1382890 2337.4
1382900 2340.9
1382910 2341.1
1382920 2344.5
1382930 2346.0
1382940 2346.0
1382950 2346.6
1382960 2347.7
1382970 2348.6
1382980 2348.6
1382990 2349.5
1383000 2350.5
1383010 2350.5
1383020 2351.7
1383030 2353.6
1383040 2353.6
1383050 2356.1
1383060 2358.7
1383070 2358.7
1383080 2360.5
1383090 2361.1
1383100 2361.1
1383110 2360.7
1383120 2359.8
1383130 2359.8
1383140 2358.9
1383150 2359.0
1383160 2359.4
1383170 2359.4
1383180 2360.4
1383190 2362.3
1383200 2362.3
1383210 2365.5
1383220 2368.1
1383230 2368.1
1383240 2370.0
1383250 2370.1
1383260 2370.1
1383270 2369.7
1383280 2369.8
1383290 2369.8
1383300 2370.6
1383310 2373.0
1383320 2373.0
1383330 2375.1
1383340 2377.9
1383350 2381.7
1383360 2381.7
1383370 2385.2
1383380 2387.5
1383390 2387.5
1383400 2389.7
1383410 2392.3
1383420 2392.3
1383430 2394.0
1383440 2395.4
1383450 2395.4
1383460 2396.5
1383470 2397.2
1383480 2397.2
1383490 2399.2
1383500 2402.4
1383510 2402.4
1383520 2403.7
1383530 2404.8
1383540 2404.8
1383550 2407.4
1383560 2410.7
1383570 2415.9
1383580 2415.9
1383590 2421.4
1383600 2424.5
1383610 2424.5
1383620 2424.7
1383630 2426.4
1383640 2426.4
1383650 2430.4
1383660 2436.5
1383670 2436.5
1383680 2443.1
1383690 2450.9
1383700 2450.9
1383710 2461.0
1383720 2473.6
1383730 2473.6
1383740 2486.1
1383750 2497.3
1383760 2507.6
1383770 2507.6
1383780 2506.1
1383790 2497.6
1383800 2497.6
1383810 2488.8
1383820 2480.4
1383830 2480.4
1383840 2472.4
1383850 2465.0
1383860 2465.0
1383870 2457.4
1383880 2450.1
1383890 2450.1
1383900 2443.7
1383910 2438.9
1383920 2438.9
1383930 2435.7
1383940 2433.1
1383950 2430.2
1383960 2430.2
1383970 2427.8
1383980 2426.0
1383990 2426.0
1384000 2425.4
1384010 2424.3
1384020 2424.3
1384030 2423.2
1384040 2421.8
1384050 2421.8
1384060 2418.4
1384070 2414.9
1384080 2414.9
1384090 2412.4
1384100 2411.2
1384110 2411.2
1384120 2410.9
1384130 2411.0
1384140 2411.6
1384150 2411.6
1384160 2414.3
1384170 2414.7
1384180 2414.7
1384190 2415.0
1384200 2415.2
1384210 2415.2
1384220 2415.0
1384230 2414.1
1384240 2414.1
1384250 2413.1
1384260 2413.0
1384270 2413.0
1384280 2412.5
1384290 2411.7
1384300 2411.7
1384310 2411.4
1384320 2411.5
1384330 2411.5
1384340 2411.5
1384350 2411.1
1384360 2411.1
1384370 2411.1
1384380 2410.8
1384390 2410.6
1384400 2410.6
1384410 2411.0
1384420 2411.8
1384430 2411.8
1384440 2413.5
1384450 2416.5
1384460 2416.5
1384470 2417.8
1384480 2418.2
1384490 2418.2
1384500 2419.1
1384510 2420.5
1384520 2420.5
1384530 2420.8
1384540 2421.5
1384550 2422.3
1384560 2422.3
1384570 2423.7
1384580 2426.6
1384590 2426.6
1384600 2429.9
1384610 2433.2
1384620 2433.2
1384630 2437.8
1384640 2443.9
1384650 2443.9
1384660 2450.7
1384670 2456.3
1384680 2456.3
1384690 2460.7
1384700 2463.9
1384710 2463.9
1384720 2468.8
1384730 2475.7
1384740 2483.6
1384750 2483.6
1384760 2492.2
1384770 2498.4
1384780 2498.4
1384790 2503.4
1384800 2507.5
1384810 2507.5
1384820 2511.2
1384830 2515.9
1384840 2515.9
1384850 2522.6
1384860 2528.7
1384870 2528.7
1384880 2533.9
1384890 2537.7
1384900 2537.7
1384910 2540.7
1384920 2542.9
1384930 2545.4
1384940 2545.4
1384950 2548.4
1384960 2551.8
1384970 2551.8
1384980 2553.6
1384990 2555.4
1385000 2555.4
1385010 2556.8
1385020 2559.0
1385030 2559.0
1385040 2563.9
1385050 2571.3
1385060 2571.3
1385070 2574.9
1385080 2575.1
1385090 2575.1
1385100 2573.4
1385110 2572.0
1385120 2572.0
1385130 2571.7
1385140 2571.3
1385150 2571.4
1385160 2571.4
1385170 2571.0
1385180 2571.7
1385190 2571.7
1385200 2574.1
1385210 2576.4
1385220 2576.4
1385230 2578.7
1385240 2581.6
1385250 2581.6
1385260 2584.6
1385270 2588.4
1385280 2588.4
1385290 2591.7
1385300 2594.3
1385310 2594.3
1385320 2598.9
1385330 2603.6
1385340 2608.0
1385350 2608.0
1385360 2610.8
1385370 2611.8
1385380 2611.8
1385390 2611.4
1385400 2609.7
1385410 2609.7
1385420 2606.6
1385430 2605.4
1385440 2605.4
1385450 2605.0
1385460 2603.5
1385470 2603.5
1385480 2601.3
1385490 2599.3
1385500 2599.3
1385510 2596.3
1385520 2596.0
1385530 2595.9
1385540 2595.9
1385550 2590.8
1385560 2581.6
1385570 2581.6
1385580 2572.5
1385590 2561.5
1385600 2561.5
1385610 2549.7
1385620 2541.8
1385630 2541.8
1385640 2535.2
1385650 2528.7
1385660 2528.7
1385670 2522.2
1385680 2516.3
1385690 2516.3
1385700 2511.0
1385710 2505.9
1385720 2501.4
1385730 2501.4
1385740 2495.2
1385750 2488.0
1385760 2488.0
1385770 2481.2
1385780 2473.7
1385790 2473.7
1385800 2467.9
1385810 2463.8
1385820 2463.8
1385830 2461.3
1385840 2461.2
1385850 2461.2
1385860 2459.9
1385870 2457.2
1385880 2457.2
1385890 2454.0
1385900 2449.5
1385910 2449.5
1385920 2445.2
1385930 2440.4
1385940 2436.7
1385950 2436.7
1385960 2432.3
1385970 2428.0
1385980 2428.0
1385990 2424.5
1386000 2419.9
1386010 2419.9
1386020 2415.4
1386030 2412.6
1386040 2412.6
1386050 2410.9
1386060 2409.0
1386070 2409.0
1386080 2407.1
1386090 2405.4
1386100 2405.4
1386110 2403.2
1386120 2400.0
1386130 2395.3
1386140 2395.3
1386150 2391.3
1386160 2388.1
1386170 2388.1
1386180 2384.2
1386190 2379.6
1386200 2379.6
1386210 2376.5
1386220 2374.4
1386230 2374.4
1386240 2374.6
1386250 2375.4
1386260 2375.4
1386270 2376.3
1386280 2376.8
1386290 2376.8
1386300 2377.3
1386310 2376.9
1386320 2373.9
1386330 2373.9
1386340 2369.8
1386350 2365.0
1386360 2365.0
1386370 2362.1
1386380 2360.5
1386390 2360.5
1386400 2359.5
1386410 2358.8
1386420 2358.8
1386430 2358.4
1386440 2357.3
1386450 2357.3
1386460 2356.1
1386470 2354.8
1386480 2354.8
1386490 2352.4
1386500 2349.7
1386510 2345.6
1386520 2345.6
1386530 2340.0
1386540 2332.9
1386550 2332.9
1386560 2326.3
1386570 2321.8
1386580 2321.8
1386590 2320.1
1386600 2320.5
1386610 2320.5
1386620 2322.0
1386630 2323.0
1386640 2323.0
1386650 2322.2
1386660 2320.0
1386670 2320.0
1386680 2317.1
1386690 2311.3
1386700 2304.7
1386710 2306.4
1386720 2304.2
1386730 2301.5
1386740 2301.5
1386750 2297.5
1386760 2294.0
1386770 2294.0
1386780 2291.0
1386790 2288.9
1386800 2288.9
1386810 2288.1
1386820 2290.2
1386830 2290.2
1386840 2291.0
1386850 2288.6
1386860 2288.6
1386870 2287.2
1386880 2287.2
1386890 2287.2
1386900 2287.1
1386910 2287.0
1386920 2288.0
1386930 2288.0
1386940 2289.1
1386950 2288.0
1386960 2288.0
1386970 2286.5
1386980 2286.0
1386990 2286.0
1387000 2285.4
1387010 2285.0
1387020 2285.0
1387030 2286.8
1387040 2289.1
1387050 2289.1
1387060 2292.0
1387070 2294.1
1387080 2294.1
1387090 2295.6
1387100 2297.5
1387110 2300.3
1387120 2300.3
1387130 2302.7
1387140 2303.8
1387150 2303.8
1387160 2304.4
1387170 2307.8
1387180 2307.8
1387190 2313.0
1387200 2318.6
1387210 2318.6
1387220 2323.2
1387230 2326.9
1387240 2326.9
1387250 2329.0
1387260 2330.1
1387270 2330.1
1387280 2331.2
1387290 2332.7
1387300 2334.8
1387310 2334.8
1387320 2336.9
1387330 2338.3
1387340 2338.3
1387350 2339.7
1387360 2340.7
1387370 2340.7
1387380 2342.0
1387390 2342.9
1387400 2342.9
1387410 2343.9
1387420 2345.1
1387430 2345.1
1387440 2346.8
1387450 2349.2
1387460 2349.2
1387470 2351.3
1387480 2352.5
1387490 2352.8
1387500 2352.8
1387510 2353.5
1387520 2354.5
1387530 2354.5
1387540 2355.5
1387550 2356.7
1387560 2356.7
1387570 2356.7
1387580 2358.2
1387590 2358.2
1387600 2361.6
1387610 2364.8
1387620 2364.8
1387630 2368.5
1387640 2372.9
1387650 2372.9
1387660 2377.7
1387670 2383.9
1387680 2383.9
1387690 2388.9
1387700 2393.5
1387710 2399.8
1387720 2399.8
1387730 2406.7
1387740 2412.1
1387750 2412.1
1387760 2415.0
1387770 2418.1
1387780 2418.1
1387790 2420.0
1387800 2420.3
1387810 2420.3
1387820 2421.3
1387830 2423.0
1387840 2423.0
1387850 2425.8
1387860 2429.0
1387870 2429.0
1387880 2432.0
1387890 2435.0
1387900 2437.8
1387910 2437.8
1387920 2440.6
1387930 2441.9
1387940 2441.9
1387950 2442.9
1387960 2443.8
1387970 2443.8
1387980 2442.0
1387990 2439.1
1388000 2439.1
1388010 2440.7
1388020 2440.6
1388030 2440.6
1388040 2440.2
1388050 2437.0
1388060 2437.0
1388070 2430.7
1388080 2424.7
1388090 2420.5
1388100 2420.5
1388110 2416.9
1388120 2413.0
1388130 2413.0
1388140 2408.8
1388150 2405.4
1388160 2405.4
1388170 2402.3
1388180 2399.8
1388190 2399.8
1388200 2395.5
1388210 2391.6
1388220 2391.6
1388230 2388.3
1388240 2386.4
1388250 2386.4
1388260 2385.1
1388270 2382.5
1388280 2378.4
1388290 2378.4
1388300 2373.7
1388310 2369.8
1388320 2369.8
1388330 2367.1
1388340 2365.0
1388350 2365.0
1388360 2364.3
1388370 2363.4
1388380 2363.4
1388390 2362.5
1388400 2361.5
1388410 2361.5
1388420 2360.1
1388430 2359.0
1388440 2359.0
1388450 2359.1
1388460 2359.3
1388470 2359.3
1388480 2359.8
1388490 2359.3
1388500 2357.7
1388510 2357.7
1388520 2356.0
1388530 2355.5
1388540 2355.5
1388550 2355.8
1388560 2356.0
1388570 2356.0
1388580 2355.2
1388590 2355.2
1388600 2355.2
1388610 2356.6
1388620 2357.9
1388630 2357.9
1388640 2358.6
1388650 2360.1
1388660 2360.1
1388670 2358.5
1388680 2352.0
1388690 2344.9
1388700 2344.9
1388710 2340.5
1388720 2333.9
1388730 2333.9
1388740 2330.2
1388750 2328.6
1388760 2328.6
1388770 2327.6
1388780 2326.5
1388790 2326.5
1388800 2325.5
1388810 2324.4
1388820 2324.4
1388830 2323.7
1388840 2320.9
1388850 2320.9
1388860 2317.8
1388870 2315.1
1388880 2310.8
1388890 2310.8
1388900 2307.8
1388910 2306.7
1388920 2306.7
1388930 2304.6
1388940 2302.8
1388950 2302.8
1388960 2302.7
1388970 2303.2
1388980 2303.2
1388990 2302.1
1389000 2301.5
1389010 2301.5
1389020 2300.3
1389030 2300.0
1389040 2300.0
1389050 2299.3
1389060 2298.3
1389070 2296.7
1389080 2296.7
1389090 2295.4
1389100 2295.0
1389110 2295.0
1389120 2295.2
1389130 2295.4
1389140 2295.4
1389150 2295.3
1389160 2295.3
1389170 2295.3
1389180 2294.2
1389190 2292.4
1389200 2292.4
1389210 2290.0
1389220 2288.9
1389230 2288.9
1389240 2288.9
1389250 2289.8
1389260 2289.8
1389270 2291.5
1389280 2292.5
1389290 2293.2
1389300 2293.2
1389310 2295.2
1389320 2298.8
1389330 2301.1
1389340 2305.1
1389350 2307.6
1389360 2307.6
1389370 2308.1
1389380 2310.6
1389390 2310.6
1389400 2313.9
1389410 2316.1
1389420 2316.1
1389430 2316.4
1389440 2315.5
1389450 2315.5
1389460 2315.7
1389470 2316.3
1389480 2315.9
1389490 2315.9
1389500 2314.3
1389510 2312.2
1389520 2312.2
1389530 2312.2
1389540 2313.5
1389550 2313.5
1389560 2314.8
1389570 2313.9
1389580 2313.9
1389590 2313.7
1389600 2317.5
1389610 2317.5
1389620 2323.5
1389630 2332.3
1389640 2332.3
1389650 2341.2
1389660 2350.7
1389670 2358.4
1389680 2358.4
1389690 2371.2
1389700 2384.1
1389710 2384.1
1389720 2392.9
1389730 2398.8
1389740 2398.8
1389750 2405.1
1389760 2412.8
1389770 2412.8
1389780 2422.5
1389790 2434.1
1389800 2434.1
1389810 2441.5
1389820 2448.4
1389830 2448.4
1389840 2452.1
1389850 2455.0
1389860 2459.5
1389870 2459.5
1389880 2464.7
1389890 2470.3
1389900 2470.3
1389910 2476.2
1389920 2483.0
1389930 2483.0
1389940 2491.2
1389950 2500.9
1389960 2500.9
1389970 2510.1
1389980 2518.7
1389990 2518.7
1390000 2528.5
1390010 2537.6
1390020 2537.6
1390030 2547.2
1390040 2557.8
1390050 2557.8
1390060 2568.4
1390070 2579.7
1390080 2587.1
1390090 2587.1
1390100 2595.2
1390110 2603.7
1390120 2603.7
1390130 2613.2
1390140 2622.4
1390150 2622.4
1390160 2632.7
1390170 2640.6
1390180 2640.6
1390190 2649.9
1390200 2657.4
1390210 2657.4
1390220 2664.2
1390230 2670.9
1390240 2670.9
1390250 2677.5
1390260 2684.2
1390270 2691.1
1390280 2691.1
1390290 2697.8
1390300 2700.2
1390310 2700.2
1390320 2695.2
1390330 2688.7
1390340 2688.7
1390350 2681.4
1390360 2674.3
1390370 2674.3
1390380 2670.3
1390390 2664.3
1390400 2664.3
1390410 2657.2
1390420 2647.9
1390430 2647.9
1390440 2637.4
1390450 2628.8
1390460 2619.7
1390470 2619.7
1390480 2611.6
1390490 2601.3
1390500 2601.3
1390510 2591.2
1390520 2581.1
1390530 2581.1
1390540 2571.3
1390550 2567.0
1390560 2567.0
1390570 2561.5
1390580 2556.1
1390590 2556.1
1390600 2551.5
1390610 2544.2
1390620 2544.2
1390630 2536.2
1390640 2529.6
1390650 2524.1
1390660 2524.1
1390670 2513.5
1390680 2506.8
1390690 2506.8
1390700 2500.4
1390710 2494.4
1390720 2494.4
1390730 2488.1
1390740 2481.6
1390750 2481.6
1390760 2475.7
1390770 2470.0
1390780 2470.0
1390790 2464.3
1390800 2458.1
1390810 2458.1
1390820 2451.9
1390830 2446.2
1390840 2446.2
1390850 2440.7
1390860 2433.7
1390870 2426.2
1390880 2426.2
1390890 2418.7
1390900 2411.0
1390910 2411.0
1390920 2404.5
1390930 2398.2
1390940 2398.2
1390950 2392.2
1390960 2386.2
1390970 2386.2
1390980 2380.6
1390990 2374.9
1391000 2374.9
1391010 2369.3
1391020 2364.0
1391030 2364.0
1391040 2359.1
1391050 2354.5
1391060 2350.8
1391070 2350.8
1391080 2348.1
1391090 2346.2
1391100 2346.2
1391110 2344.1
1391120 2342.1
1391130 2342.1
1391140 2340.7
1391150 2339.4
1391160 2339.4
1391170 2337.6
1391180 2334.9
1391190 2334.9
1391200 2331.2
1391210 2326.6
1391220 2326.6
1391230 2323.1
1391240 2318.6
1391250 2313.4
1391260 2313.4
1391270 2309.1
1391280 2303.8
1391290 2303.8
1391300 2296.9
1391310 2289.7
1391320 2289.7
1391330 2282.6
1391340 2274.9
1391350 2274.9
1391360 2266.2
1391370 2258.4
1391380 2258.4
1391390 2251.6
1391400 2244.6
1391410 2244.6
1391420 2237.6
1391430 2231.1
1391440 2227.1
1391450 2227.1
1391460 2226.1
1391470 2223.7
1391480 2223.7
1391490 2220.1
1391500 2217.3
1391510 2217.3
1391520 2216.2
1391530 2218.0
1391540 2218.0
1391550 2220.0
1391560 2218.2
1391570 2218.2
1391580 2214.4
1391590 2212.0
1391600 2212.0
1391610 2211.4
1391620 2210.5
1391630 2209.5
1391640 2209.5
1391650 2207.6
1391660 2210.2
1391670 2210.2
1391680 2215.0
1391690 2218.0
1391700 2218.0
1391710 2221.7
1391720 2225.8
1391730 2225.8
1391740 2230.6
1391750 2234.7
1391760 2234.7
1391770 2236.6
1391780 2242.8
1391790 2242.8
1391800 2250.4
1391810 2257.1
1391820 2257.1
1391830 2264.0
1391840 2271.9
1391850 2280.5
1391860 2280.5
1391870 2284.7
1391880 2279.5
1391890 2279.5
1391900 2281.5
1391910 2284.0
1391920 2284.0
1391930 2291.1
1391940 2293.6
1391950 2293.6
1391960 2293.5
1391970 2292.4
1391980 2292.4
1391990 2292.3
1392000 2296.2
1392010 2296.2
1392020 2307.4
1392030 2329.7
1392040 2342.3
1392050 2342.3
1392060 2354.6
1392070 2374.5
1392080 2374.5
1392090 2400.2
1392100 2424.4
1392110 2424.4
1392120 2452.8
1392130 2455.4
1392140 2455.4
1392150 2453.7
1392160 2450.1
1392170 2450.1
1392180 2446.2
1392190 2444.5
1392200 2444.5
1392210 2441.9
1392220 2439.1
1392230 2439.1
1392240 2439.1
1392250 2440.1
1392260 2438.4
1392270 2438.4
1392280 2435.4
1392290 2433.3
1392300 2433.3
1392310 2429.8
1392320 2426.1
1392330 2426.1
1392340 2422.5
1392350 2418.5
1392360 2418.5
1392370 2413.7
1392380 2408.1
1392390 2408.1
1392400 2404.2
1392410 2401.9
1392420 2401.1
1392430 2401.1
1392440 2400.8
1392450 2400.4
1392460 2400.4
1392470 2399.6
1392480 2399.2
1392490 2399.2
1392500 2396.2
1392510 2394.8
1392520 2394.8
1392530 2401.0
1392540 2404.0
1392550 2404.0
1392560 2401.7
1392570 2398.4
1392580 2398.4
1392590 2396.0
1392600 2394.5
1392610 2394.5
1392620 2394.3
1392630 2394.6
1392640 2393.9
1392650 2393.9
1392660 2395.6
1392670 2399.7
1392680 2399.7
1392690 2404.5
1392700 2409.4
1392710 2409.4
1392720 2414.7
1392730 2420.4
1392740 2420.4
1392750 2426.1
1392760 2432.1
1392770 2432.1
1392780 2438.1
1392790 2444.2
1392800 2444.2
1392810 2450.4
1392820 2456.9
1392830 2463.7
1392840 2463.7
1392850 2470.5
1392860 2477.3
1392870 2477.3
1392880 2484.2
1392890 2492.1
1392900 2492.1
1392910 2502.4
1392920 2513.3
1392930 2513.3
1392940 2524.2
1392950 2537.1
1392960 2537.1
1392970 2554.5
1392980 2576.7
1392990 2576.7
1393000 2592.7
1393010 2602.6
1393020 2607.6
1393030 2607.6
1393040 2612.8
1393050 2614.6
1393060 2614.6
1393070 2612.0
1393080 2603.5
1393090 2603.5
1393100 2594.0
1393110 2584.8
1393120 2584.8
1393130 2576.1
1393140 2565.4
1393150 2565.4
1393160 2554.5
1393170 2549.6
1393180 2549.6
1393190 2546.4
1393200 2543.7
1393210 2540.4
1393220 2540.4
1393230 2536.3
1393240 2531.9
1393250 2531.9
1393260 2527.9
1393270 2523.6
1393280 2523.6
1393290 2519.6
1393300 2515.6
1393310 2515.6
1393320 2511.8
1393330 2507.7
1393340 2507.7
1393350 2503.3
1393360 2499.4
1393370 2499.4
1393380 2495.2
1393390 2490.5
1393400 2490.5
1393410 2483.7
1393420 2480.4
1393430 2477.5
1393440 2477.5
1393450 2473.9
1393460 2469.7
1393470 2469.7
1393480 2465.4
1393490 2460.6
1393500 2460.6
1393510 2455.9
1393520 2450.2
1393530 2450.2
1393540 2444.3
1393550 2439.7
1393560 2439.7
1393570 2435.9
1393580 2433.1
1393590 2433.1
1393600 2431.7
1393610 2430.5
1393620 2427.1
1393630 2427.1
1393640 2423.8
1393650 2423.1
1393660 2423.1
1393670 2421.0
1393680 2417.1
1393690 2417.1
1393700 2414.1
1393710 2412.6
1393720 2412.6
1393730 2410.0
1393740 2404.9
1393750 2404.9
1393760 2396.8
1393770 2389.9
1393780 2389.9
1393790 2384.1
1393800 2375.4
1393810 2367.8
1393820 2367.8
1393830 2361.6
1393840 2352.5
1393850 2352.5
1393860 2343.9
1393870 2331.0
1393880 2331.0
1393890 2321.1
1393900 2314.4
1393910 2314.4
1393920 2308.5
1393930 2302.8
1393940 2302.8
1393950 2296.6
1393960 2288.1
1393970 2288.1
1393980 2279.7
1393990 2274.5
1394000 2269.9
1394010 2269.9
1394020 2264.7
1394030 2258.8
1394040 2258.8
1394050 2253.0
1394060 2247.5
1394070 2247.5
1394080 2241.6
1394090 2235.6
1394100 2235.6
1394110 2229.4
1394120 2223.5
1394130 2223.5
1394140 2217.8
1394150 2211.6
1394160 2211.6
1394170 2205.2
1394180 2200.4
1394190 2196.2
1394200 2196.2
1394210 2191.7
1394220 2187.2
1394230 2187.2
1394240 2182.9
1394250 2178.7
1394260 2178.7
1394270 2174.4
1394280 2169.8
1394290 2169.8
1394300 2165.4
1394310 2161.0
1394320 2161.0
1394330 2156.9
1394340 2152.6
1394350 2152.6
1394360 2148.5
1394370 2144.7
1394380 2144.7
1394390 2141.0
1394400 2137.2
1394410 2133.9
1394420 2133.9
1394430 2131.7
1394440 2128.2
1394450 2128.2
1394460 2122.8
1394470 2116.4
1394480 2116.4
1394490 2109.7
1394500 2102.5
1394510 2102.5
1394520 2091.8
1394530 2077.5
1394540 2077.5
1394550 2067.2
1394560 2057.8
1394570 2057.8
1394580 2045.4
1394590 2037.1
1394600 2030.5
1394610 2030.5
1394620 2024.4
1394630 2014.0
1394640 2014.0
1394650 1998.7
1394660 1991.9
1394670 1991.9
1394680 1992.4
1394690 1998.7
1394700 1998.7
1394710 2006.5
1394720 2015.3
1394730 2015.3
1394740 2021.3
1394750 2023.7
1394760 2023.7
1394770 2025.8
1394780 2023.9
1394790 2018.9
1394800 2015.7
1394810 2009.7
1394820 2003.8
1394830 2003.8
1394840 1998.0
1394850 1991.7
1394860 1991.7
1394870 1987.4
1394880 1985.9
1394890 1985.9
1394900 1984.5
1394910 1981.9
1394920 1981.9
1394930 1977.0
1394940 1972.4
1394950 1972.4
1394960 1966.3
1394970 1961.5
1394980 1957.4
1394990 1957.4
1395000 1952.4
1395010 1949.1
1395020 1949.1
1395030 1944.4
1395040 1936.0
1395050 1936.0
1395060 1929.3
1395070 1924.0
1395080 1924.0
1395090 1919.2
1395100 1915.7
1395110 1915.7
1395120 1911.9
1395130 1906.7
1395140 1906.7
1395150 1900.3
1395160 1894.5
1395170 1894.5
1395180 1889.2
1395190 1883.6
1395200 1878.2
1395210 1878.2
1395220 1871.7
1395230 1865.0
1395240 1865.0
1395250 1859.3
1395260 1854.0
1395270 1854.0
1395280 1848.4
1395290 1842.4
1395300 1842.4
1395310 1836.5
1395320 1830.8
1395330 1830.8
1395340 1824.6
1395350 1818.0
1395360 1818.0
1395370 1811.6
1395380 1804.0
1395390 1795.5
1395400 1795.5
1395410 1786.8
1395420 1778.4
1395430 1778.4
1395440 1770.6
1395450 1763.7
1395460 1763.7
1395470 1757.2
1395480 1751.6
1395490 1751.6
1395500 1746.1
1395510 1740.0
1395520 1740.0
1395530 1733.1
1395540 1725.9
1395550 1725.9
1395560 1714.0
1395570 1703.4
1395580 1695.8
1395590 1695.8
1395600 1691.3
1395610 1681.5
1395620 1681.5
1395630 1671.9
1395640 1667.7
1395650 1667.7
1395660 1665.7
1395670 1659.1
1395680 1659.1
1395690 1652.2
1395700 1645.1
1395710 1645.1
1395720 1638.7
1395730 1633.3
1395740 1633.3
1395750 1628.4
1395760 1621.7
1395770 1611.7
1395780 1611.7
1395790 1599.9
1395800 1586.7
1395810 1586.7
1395820 1580.8
1395830 1584.2
1395840 1584.2
1395850 1587.4
1395860 1589.6
1395870 1589.6
1395880 1588.3
1395890 1586.9
1395900 1586.9
1395910 1586.1
1395920 1583.2
1395930 1583.2
1395940 1580.9
1395950 1579.6
1395960 1579.6
1395970 1579.8
1395980 1579.0
1395990 1580.9
1396000 1580.9
1396010 1579.9
1396020 1578.6
1396030 1578.6
1396040 1581.2
1396050 1582.5
1396060 1582.5
1396070 1583.7
1396080 1583.8
1396090 1583.8
1396100 1581.6
1396110 1578.6
1396120 1578.6
1396130 1583.0
1396140 1586.1
1396150 1586.1
1396160 1590.0
1396170 1589.8
1396180 1585.4
1396190 1585.4
1396200 1582.6
1396210 1581.7
1396220 1581.7
1396230 1591.2
1396240 1593.3
1396250 1593.3
1396260 1595.7
1396270 1594.1
1396280 1594.1
1396290 1591.1
1396300 1588.3
1396310 1588.3
1396320 1588.4
1396330 1587.7
1396340 1587.7
1396350 1584.7
1396360 1580.6
1396370 1575.6
1396380 1575.6
1396390 1570.5
1396400 1565.1
1396410 1565.1
1396420 1558.3
1396430 1546.9
1396440 1546.9
1396450 1534.6
1396460 1528.6
1396470 1528.6
1396480 1524.6
1396490 1534.6
1396500 1534.6
1396510 1537.6
1396520 1535.2
1396530 1535.2
1396540 1533.8
1396550 1538.1
1396560 1542.6
1396570 1542.6
1396580 1544.5
1396590 1544.1
1396600 1544.1
1396610 1542.2
1396620 1539.6
1396630 1539.6
1396640 1535.4
1396650 1531.0
1396660 1531.0
1396670 1525.2
1396680 1518.4
1396690 1518.4
1396700 1511.3
1396710 1503.5
1396720 1503.5
1396730 1496.1
1396740 1489.8
1396750 1489.8
1396760 1483.8
1396770 1479.3
1396780 1475.7
1396790 1475.7
1396800 1471.4
1396810 1466.7
1396820 1466.7
1396830 1462.4
1396840 1458.3
1396850 1458.3
1396860 1454.4
1396870 1450.6
1396880 1450.6
1396890 1446.7
1396900 1443.8
1396910 1443.8
1396920 1441.9
1396930 1438.6
1396940 1438.6
1396950 1435.2
1396960 1431.6
1396970 1425.8
1396980 1425.8
1396990 1418.7
1397000 1411.4
1397010 1411.4
1397020 1403.9
1397030 1395.9
1397040 1395.9
1397050 1389.9
1397060 1384.2
1397070 1384.2
1397080 1376.7
1397090 1371.2
1397100 1371.2
1397110 1370.5
1397120 1368.9
1397130 1368.9
1397140 1365.7
1397150 1360.8
1397160 1357.4
1397170 1357.4
1397180 1354.7
1397190 1353.6
1397200 1353.6
1397210 1351.9
1397220 1347.8
1397230 1347.8
1397240 1342.9
1397250 1338.4
1397260 1338.4
1397270 1331.7
1397280 1323.1
1397290 1323.1
1397300 1311.8
1397310 1304.3
1397320 1304.3
1397330 1298.7
1397340 1292.9
1397350 1287.8
1397360 1287.8
1397370 1283.7
1397380 1280.4
1397390 1280.4
1397400 1277.1
1397410 1266.2
1397420 1266.2
1397430 1251.9
1397440 1240.5
1397450 1240.5
1397460 1228.3
1397470 1216.0
1397480 1216.0
1397490 1207.7
1397500 1199.7
1397510 1199.7
1397520 1192.2
1397530 1185.0
1397540 1185.0
1397550 1178.1
1397560 1171.4
1397570 1165.5
1397580 1165.5
1397590 1159.3
1397600 1152.5
1397610 1152.5
1397620 1139.0
1397630 1123.1
1397640 1123.1
1397650 1094.9
1397660 1070.3
1397670 1077.0
1397680 1066.6
1397690 1058.3
1397700 1058.3
1397710 1050.1
1397720 1041.7
1397730 1041.7
1397740 1032.6
1397750 1023.4
1397760 1014.5
1397770 1014.5
1397780 1005.7
1397790 996.7
1397800 996.7
1397810 989.6
1397820 985.9
1397830 985.9
1397840 982.8
1397850 977.8
1397860 977.8
1397870 972.6
1397880 967.9
1397890 967.9
1397900 966.0
1397910 965.8
1397920 965.8
1397930 967.2
1397940 969.0
1397950 970.1
1397960 970.1
1397970 968.7
1397980 964.4
1397990 964.4
1398000 958.1
1398010 952.2
1398020 952.2
1398030 944.4
1398040 926.9
1398050 926.9
1398060 907.4
1398070 891.5
1398080 891.5
1398090 883.5
1398100 882.3
1398110 882.3
1398120 881.5
1398130 880.6
1398140 880.2
1398150 880.2
1398160 879.7
1398170 878.6
1398180 878.6
1398190 877.6
1398200 876.7
1398210 876.7
1398220 876.1
1398230 875.5
1398240 875.5
1398250 874.8
1398260 874.3
1398270 874.3
1398280 873.7
1398290 873.1
1398300 873.1
1398310 872.6
1398320 872.2
1398330 871.8
1398340 871.8
1398350 871.4
1398360 871.2
1398370 871.2
1398380 870.6
1398390 870.2
1398400 870.2
1398410 869.8
1398420 869.4
1398430 869.4
1398440 868.4
1398450 867.9
1398460 867.9
1398470 867.6
1398480 866.2
1398490 866.2
1398500 865.5
1398510 865.4
1398520 865.4
1398530 864.8
1398540 862.4
1398550 861.0
1398560 861.0
1398570 859.8
1398580 859.7
1398590 859.7
1398600 860.7
1398610 860.5
1398620 860.5
1398630 859.5
1398640 859.4
1398650 859.4
1398660 857.6
1398670 856.6
1398680 856.6
1398690 856.8
1398700 858.2
1398710 858.2
1398720 859.0
1398730 860.0
1398740 860.1
1398750 860.1
1398760 860.3
1398770 860.7
1398780 860.7
1398790 862.4
1398800 867.3
1398810 867.3
1398820 869.5
1398830 871.5
1398840 871.5
1398850 873.0
1398860 874.9
1398870 874.9
1398880 877.4
1398890 879.4
1398900 879.4
1398910 881.3
1398920 883.7
1398930 886.2
1398940 886.2
1398950 887.7
1398960 888.3
1398970 888.3
1398980 888.4
1398990 888.2
1399000 888.2
1399010 888.8
1399020 893.4
1399030 893.4
1399040 904.2
1399050 920.9
1399060 920.9
1399070 934.2
1399080 938.2
1399090 938.2
1399100 939.9
1399110 942.7
1399120 947.0
1399130 947.0
1399140 951.0
1399150 957.0
1399160 957.0
1399170 960.8
1399180 961.4
1399190 961.4
1399200 964.5
1399210 970.5
1399220 970.5
1399230 978.9
1399240 987.6
1399250 987.6
1399260 995.6
1399270 1004.0
1399280 1004.0
1399290 1012.2
1399300 1020.2
1399310 1020.2
1399320 1027.1
1399330 1033.7
1399340 1039.7
1399350 1039.7
1399360 1045.1
1399370 1050.5
1399380 1050.5
1399390 1057.3
1399400 1058.9
1399410 1058.9
1399420 1058.2
1399430 1060.4
1399440 1060.4
1399450 1064.5
1399460 1070.3
1399470 1070.3
1399480 1077.8
1399490 1084.3
1399500 1084.3
1399510 1090.7
1399520 1097.5
1399530 1103.6
1399540 1103.6
1399550 1109.9
1399560 1116.3
1399570 1116.3
1399580 1123.0
1399590 1130.3
1399600 1130.3
1399610 1137.3
1399620 1144.8
1399630 1144.8
1399640 1152.0
1399650 1159.4
1399660 1159.4
1399670 1167.1
1399680 1174.6
1399690 1174.6
1399700 1182.2
1399710 1188.5
1399720 1194.4
1399730 1194.4
1399740 1200.5
1399750 1206.4
1399760 1206.4
1399770 1212.0
1399780 1216.7
1399790 1216.7
1399800 1220.2
1399810 1223.5
1399820 1223.5
1399830 1225.9
1399840 1227.2
1399850 1227.2
1399860 1228.1
1399870 1229.1
1399880 1229.1
1399890 1230.7
1399900 1233.2
1399910 1236.3
1399920 1236.3
1399930 1238.8
1399940 1239.0
1399950 1239.0
1399960 1237.2
1399970 1235.6
1399980 1235.6
1399990 1234.2
1380000 2543.3
1380010 2543.3
1380020 2538.0
1380030 2533.8
1380040 2533.8
1380050 2530.6
1380060 2527.8
1380070 2527.8
1380080 2525.2
1380090 2523.2
1380100 2523.2
1380110 2522.2
1380120 2521.1
1380130 2521.1
1380140 2520.6
1380150 2520.0
1380160 2520.0
1380170 2518.2
1380180 2515.7
1380190 2515.7
1380200 2512.7
1380210 2511.3
1380220 2510.4
1380230 2510.4
1380240 2510.5
1380250 2511.5
1380260 2511.5
1380270 2507.3
1380280 2502.2
1380290 2502.2
1380300 2494.9
1380310 2488.7
1380320 2488.7
1380330 2482.8
1380340 2477.2
1380350 2477.2
1380360 2472.4
1380370 2468.4
1380380 2468.4
1380390 2465.1
1380400 2462.3
1380410 2459.3
1380420 2459.3
1380430 2456.0
1380440 2453.5
1380450 2450.9
1380460 2450.2
1380470 2448.4
1380480 2448.4
1380490 2447.0
1380500 2445.6
1380510 2445.6
1380520 2443.5
1380530 2441.1
1380540 2441.1
1380550 2438.1
1380560 2434.9
1380570 2434.9
1380580 2432.1
1380590 2431.3
1380600 2431.0
1380610 2431.0
1380620 2431.3
1380630 2431.9
1380640 2431.9
1380650 2432.6
1380660 2432.5
1380670 2432.5
1380680 2432.3
1380690 2432.6
1380700 2432.6
1380710 2432.4
1380720 2431.3
1380730 2431.3
1380740 2430.0
1380750 2428.7
1380760 2428.7
1380770 2427.5
1380780 2426.2
1380790 2424.6
1380800 2424.6
1380810 2422.8
1380820 2420.5
1380830 2420.5
1380840 2418.1
1380850 2416.3
1380860 2416.3
1380870 2414.9
1380880 2413.9
1380890 2413.9
1380900 2413.2
1380910 2412.9
1380920 2412.9
1380930 2412.5
1380940 2410.2
1380950 2410.2
1380960 2406.7
1380970 2402.4
1380980 2399.8
1380990 2399.8
1381000 2397.7
1381010 2395.7
1381020 2395.7
1381030 2393.7
1381040 2391.3
1381050 2391.3
1381060 2388.7
1381070 2388.7
1381080 2388.7
1381090 2391.5
1381100 2392.0
1381110 2392.0
1381120 2391.3
1381130 2391.1
1381140 2391.1
1381150 2392.2
1381160 2393.9
1381170 2393.9
1381180 2396.3
1381190 2399.8
1381200 2403.4
1381210 2403.4
1381220 2405.9
1381230 2405.6
1381240 2405.6
1381250 2405.4
1381260 2398.4
1381270 2398.4
1381280 2387.1
1381290 2381.5
1381300 2381.5
1381310 2375.3
1381320 2371.8
1381330 2371.8
1381340 2369.8
1381350 2367.2
1381360 2367.2
1381370 2362.8
1381380 2358.7
1381390 2355.7
1381400 2355.7
1381410 2351.8
1381420 2348.2
1381430 2348.2
1381440 2344.3
1381450 2339.9
1381460 2339.9
1381470 2335.2
1381480 2330.7
1381490 2330.7
1381500 2326.0
1381510 2321.0
1381520 2321.0
1381530 2317.9
1381540 2314.6
1381550 2314.6
1381560 2310.6
1381570 2306.4
1381580 2301.7
1381590 2301.7
1381600 2297.2
1381610 2293.4
1381620 2293.4
1381630 2292.5
1381640 2292.1
1381650 2292.1
1381660 2293.2
1381670 2301.3
1381680 2301.3
1381690 2303.4
1381700 2298.5
1381710 2298.5
1381720 2291.9
1381730 2287.9
1381740 2287.9
1381750 2285.8
1381760 2284.4
1381770 2284.9
1381780 2284.9
1381790 2285.6
1381800 2286.1
1381810 2286.1
1381820 2286.4
1381830 2283.9
1381840 2283.9
1381850 2283.7
1381860 2284.5
1381870 2284.5
1381880 2285.8
1381890 2283.2
1381900 2283.2
1381910 2278.6
1381920 2276.5
1381930 2276.5
1381940 2276.3
1381950 2275.9
1381960 2275.9
1381970 2274.9
1381980 2274.7
1381990 2274.8
1382000 2274.8
1382010 2274.7
1382020 2275.8
1382030 2275.8
1382040 2278.8
1382050 2282.0
1382060 2282.0
1382070 2283.2
1382080 2285.0
1382090 2285.0
1382100 2288.5
1382110 2291.0
1382120 2291.0
1382130 2292.7
1382140 2293.3
1382150 2293.3
1382160 2294.3
1382170 2297.9
1382180 2303.1
1382190 2303.1
1382200 2306.2
1382210 2306.8
1382220 2306.8
1382230 2306.3
1382240 2305.9
1382250 2305.9
1382260 2305.9
1382270 2306.0
1382280 2306.0
1382290 2304.9
1382300 2303.9
1382310 2303.9
1382320 2303.9
1382330 2304.1
1382340 2304.1
1382350 2307.1
1382360 2307.9
1382370 2307.1
1382380 2307.1
1382390 2304.6
1382400 2302.7
1382410 2302.7
1382420 2302.2
1382430 2302.6
1382440 2302.6
1382450 2304.1
1382460 2306.3
1382470 2306.3
1382480 2307.5
1382490 2308.3
1382500 2308.3
1382510 2309.4
1382520 2310.4
1382530 2310.4
1382540 2311.1
1382550 2310.8
1382560 2312.1
1382570 2312.1
1382580 2313.6
1382590 2315.2
1382600 2315.2
1382610 2317.9
1382620 2319.3
1382630 2319.3
1382640 2319.9
1382650 2320.6
1382660 2320.6
1382670 2322.3
1382680 2323.4
1382690 2323.4
1382700 2323.9
1382710 2325.1
1382720 2325.1
1382730 2326.0
1382740 2326.1
1382750 2326.1
1382760 2325.8
1382770 2326.0
1382780 2326.5
1382790 2326.5
1382800 2326.7
1382810 2327.5
1382820 2327.5
1382830 2329.1
1382840 2330.5
1382850 2330.5
1382860 2332.1
1382870 2334.4
1382880 2334.4
1382890 2337.4
1382900 2340.9
1382910 2341.1
1382920 2344.5
1382930 2346.0
1382940 2346.0
1382950 2346.6
1382960 2347.7
1382970 2348.6
1382980 2348.6
1382990 2349.5
1383000 2350.5
1383010 2350.5
1383020 2351.7
1383030 2353.6
1383040 2353.6
1383050 2356.1
1383060 2358.7
1383070 2358.7
1383080 2360.5
1383090 2361.1
1383100 2361.1
1383110 2360.7
1383120 2359.8
1383130 2359.8
1383140 2358.9
1383150 2359.0
1383160 2359.4
1383170 2359.4
1383180 2360.4
1383190 2362.3
1383200 2362.3
1383210 2365.5
1383220 2368.1
1383230 2368.1
1383240 2370.0
1383250 2370.1
1383260 2370.1
1383270 2369.7
1383280 2369.8
1383290 2369.8
1383300 2370.6
1383310 2373.0
1383320 2373.0
1383330 2375.1
1383340 2377.9
1383350 2381.7
1383360 2381.7
1383370 2385.2
1383380 2387.5
1383390 2387.5
1383400 2389.7
1383410 2392.3
1383420 2392.3
1383430 2394.0
1383440 2395.4
1383450 2395.4
1383460 2396.5
1383470 2397.2
1383480 2397.2
1383490 2399.2
1383500 2402.4
1383510 2402.4
1383520 2403.7
1383530 2404.8
1383540 2404.8
1383550 2407.4
1383560 2410.7
1383570 2415.9
1383580 2415.9
1383590 2421.4
1383600 2424.5
1383610 2424.5
1383620 2424.7
1383630 2426.4
1383640 2426.4
1383650 2430.4
1383660 2436.5
1383670 2436.5
1383680 2443.1
1383690 2450.9
1383700 2450.9
1383710 2461.0
1383720 2473.6
1383730 2473.6
1383740 2486.1
1383750 2497.3
1383760 2507.6
1383770 2507.6
1383780 2506.1
1383790 2497.6
1383800 2497.6
1383810 2488.8
1383820 2480.4
1383830 2480.4
1383840 2472.4
1383850 2465.0
1383860 2465.0
1383870 2457.4
1383880 2450.1
1383890 2450.1
1383900 2443.7
1383910 2438.9
1383920 2438.9
1383930 2435.7
1383940 2433.1
1383950 2430.2
1383960 2430.2
1383970 2427.8
1383980 2426.0
1383990 2426.0
1384000 2425.4
1384010 2424.3
1384020 2424.3
1384030 2423.2
1384040 2421.8
1384050 2421.8
1384060 2418.4
1384070 2414.9
1384080 2414.9
1384090 2412.4
1384100 2411.2
1384110 2411.2
1384120 2410.9
1384130 2411.0
1384140 2411.6
1384150 2411.6
1384160 2414.3
1384170 2414.7
1384180 2414.7
1384190 2415.0
1384200 2415.2
1384210 2415.2
1384220 2415.0
1384230 2414.1
1384240 2414.1
1384250 2413.1
1384260 2413.0
1384270 2413.0
1384280 2412.5
1384290 2411.7
1384300 2411.7
1384310 2411.4
1384320 2411.5
1384330 2411.5
1384340 2411.5
1384350 2411.1
1384360 2411.1
1384370 2411.1
1384380 2410.8
1384390 2410.6
1384400 2410.6
1384410 2411.0
1384420 2411.8
1384430 2411.8
1384440 2413.5
1384450 2416.5
1384460 2416.5
1384470 2417.8
1384480 2418.2
1384490 2418.2
1384500 2419.1
1384510 2420.5
1384520 2420.5
1384530 2420.8
1384540 2421.5
1384550 2422.3
1384560 2422.3
1384570 2423.7
1384580 2426.6
1384590 2426.6
1384600 2429.9
1384610 2433.2
1384620 2433.2
1384630 2437.8
1384640 2443.9
1384650 2443.9
1384660 2450.7
1384670 2456.3
1384680 2456.3
1384690 2460.7
1384700 2463.9
1384710 2463.9
1384720 2468.8
1384730 2475.7
1384740 2483.6
1384750 2483.6
1384760 2492.2
1384770 2498.4
1384780 2498.4
1384790 2503.4
1384800 2507.5
1384810 2507.5
1384820 2511.2
1384830 2515.9
1384840 2515.9
1384850 2522.6
1384860 2528.7
1384870 2528.7
1384880 2533.9
1384890 2537.7
1384900 2537.7
1384910 2540.7
1384920 2542.9
1384930 2545.4
1384940 2545.4
1384950 2548.4
1384960 2551.8
1384970 2551.8
1384980 2553.6
1384990 2555.4
1385000 2555.4
1385010 2556.8
1385020 2559.0
1385030 2559.0
1385040 2563.9
1385050 2571.3
1385060 2571.3
1385070 2574.9
1385080 2575.1
1385090 2575.1
1385100 2573.4
1385110 2572.0
1385120 2572.0
1385130 2571.7
1385140 2571.3
1385150 2571.4
1385160 2571.4
1385170 2571.0
1385180 2571.7
1385190 2571.7
1385200 2574.1
1385210 2576.4
1385220 2576.4
1385230 2578.7
1385240 2581.6
1385250 2581.6
1385260 2584.6
1385270 2588.4
1385280 2588.4
1385290 2591.7
1385300 2594.3
1385310 2594.3
1385320 2598.9
1385330 2603.6
1385340 2608.0
1385350 2608.0
1385360 2610.8
1385370 2611.8
1385380 2611.8
1385390 2611.4
1385400 2609.7
1385410 2609.7
1385420 2606.6
1385430 2605.4
1385440 2605.4
1385450 2605.0
1385460 2603.5
1385470 2603.5
1385480 2601.3
1385490 2599.3
1385500 2599.3
1385510 2596.3
1385520 2596.0
1385530 2595.9
1385540 2595.9
1385550 2590.8
1385560 2581.6
1385570 2581.6
1385580 2572.5
1385590 2561.5
1385600 2561.5
1385610 2549.7
1385620 2541.8
1385630 2541.8
1385640 2535.2
1385650 2528.7
1385660 2528.7
1385670 2522.2
1385680 2516.3
1385690 2516.3
1385700 2511.0
1385710 2505.9
1385720 2501.4
1385730 2501.4
1385740 2495.2
1385750 2488.0
1385760 2488.0
1385770 2481.2
1385780 2473.7
1385790 2473.7
1385800 2467.9
1385810 2463.8
1385820 2463.8
1385830 2461.3
1385840 2461.2
1385850 2461.2
1385860 2459.9
1385870 2457.2
1385880 2457.2
1385890 2454.0
1385900 2449.5
1385910 2449.5
1385920 2445.2
1385930 2440.4
1385940 2436.7
1385950 2436.7
1385960 2432.3
1385970 2428.0
1385980 2428.0
1385990 2424.5
1386000 2419.9
1386010 2419.9
1386020 2415.4
1386030 2412.6
1386040 2412.6
1386050 2410.9
1386060 2409.0
1386070 2409.0
1386080 2407.1
1386090 2405.4
1386100 2405.4
1386110 2403.2
1386120 2400.0
1386130 2395.3
1386140 2395.3
1386150 2391.3
1386160 2388.1
1386170 2388.1
1386180 2384.2
1386190 2379.6
1386200 2379.6
1386210 2376.5
1386220 2374.4
1386230 2374.4
1386240 2374.6
1386250 2375.4
1386260 2375.4
1386270 2376.3
1386280 2376.8
1386290 2376.8
1386300 2377.3
1386310 2376.9
1386320 2373.9
1386330 2373.9
1386340 2369.8
1386350 2365.0
1386360 2365.0
1386370 2362.1
1386380 2360.5
1386390 2360.5
1386400 2359.5
1386410 2358.8
1386420 2358.8
1386430 2358.4
1386440 2357.3
1386450 2357.3
1386460 2356.1
1386470 2354.8
1386480 2354.8
1386490 2352.4
1386500 2349.7
1386510 2345.6
1386520 2345.6
1386530 2340.0
1386540 2332.9
1386550 2332.9
1386560 2326.3
1386570 2321.8
1386580 2321.8
1386590 2320.1
1386600 2320.5
1386610 2320.5
1386620 2322.0
1386630 2323.0
1386640 2323.0
1386650 2322.2
1386660 2320.0
1386670 2320.0
1386680 2317.1
1386690 2311.3
1386700 2304.7
1386710 2306.4
1386720 2304.2
1386730 2301.5
1386740 2301.5
1386750 2297.5
1386760 2294.0
1386770 2294.0
1386780 2291.0
1386790 2288.9
1386800 2288.9
1386810 2288.1
1386820 2290.2
1386830 2290.2
1386840 2291.0
1386850 2288.6
1386860 2288.6
1386870 2287.2
1386880 2287.2
1386890 2287.2
1386900 2287.1
1386910 2287.0
1386920 2288.0
1386930 2288.0
1386940 2289.1
1386950 2288.0
1386960 2288.0
1386970 2286.5
1386980 2286.0
1386990 2286.0
1387000 2285.4
1387010 2285.0
1387020 2285.0
1387030 2286.8
1387040 2289.1
1387050 2289.1
1387060 2292.0
1387070 2294.1
1387080 2294.1
1387090 2295.6
1387100 2297.5
1387110 2300.3
1387120 2300.3
1387130 2302.7
1387140 2303.8
1387150 2303.8
1387160 2304.4
1387170 2307.8
1387180 2307.8
1387190 2313.0
1387200 2318.6
1387210 2318.6
1387220 2323.2
1387230 2326.9
1387240 2326.9
1387250 2329.0
1387260 2330.1
1387270 2330.1
1387280 2331.2
1387290 2332.7
1387300 2334.8
1387310 2334.8
1387320 2336.9
1387330 2338.3
1387340 2338.3
1387350 2339.7
1387360 2340.7
1387370 2340.7
1387380 2342.0
1387390 2342.9
1387400 2342.9
1387410 2343.9
1387420 2345.1
1387430 2345.1
1387440 2346.8
1387450 2349.2
1387460 2349.2
1387470 2351.3
1387480 2352.5
1387490 2352.8
1387500 2352.8
1387510 2353.5
1387520 2354.5
1387530 2354.5
1387540 2355.5
1387550 2356.7
1387560 2356.7
1387570 2356.7
1387580 2358.2
1387590 2358.2
1387600 2361.6
1387610 2364.8
1387620 2364.8
1387630 2368.5
1387640 2372.9
1387650 2372.9
1387660 2377.7
1387670 2383.9
1387680 2383.9
1387690 2388.9
1387700 2393.5
1387710 2399.8
1387720 2399.8
1387730 2406.7
1387740 2412.1
1387750 2412.1
1387760 2415.0
1387770 2418.1
1387780 2418.1
1387790 2420.0
1387800 2420.3
1387810 2420.3
1387820 2421.3
1387830 2423.0
1387840 2423.0
1387850 2425.8
1387860 2429.0
1387870 2429.0
1387880 2432.0
1387890 2435.0
1387900 2437.8
1387910 2437.8
1387920 2440.6
1387930 2441.9
1387940 2441.9
1387950 2442.9
1387960 2443.8
1387970 2443.8
1387980 2442.0
1387990 2439.1
1388000 2439.1
1388010 2440.7
1388020 2440.6
1388030 2440.6
1388040 2440.2
1388050 2437.0
1388060 2437.0
1388070 2430.7
1388080 2424.7
1388090 2420.5
1388100 2420.5
1388110 2416.9
1388120 2413.0
1388130 2413.0
1388140 2408.8
1388150 2405.4
1388160 2405.4
1388170 2402.3
1388180 2399.8
1388190 2399.8
1388200 2395.5
1388210 2391.6
1388220 2391.6
1388230 2388.3
1388240 2386.4
1388250 2386.4
1388260 2385.1
1388270 2382.5
1388280 2378.4
1388290 2378.4
1388300 2373.7
1388310 2369.8
1388320 2369.8
1388330 2367.1
1388340 2365.0
1388350 2365.0
1388360 2364.3
1388370 2363.4
1388380 2363.4
1388390 2362.5
1388400 2361.5
1388410 2361.5
1388420 2360.1
1388430 2359.0
1388440 2359.0
1388450 2359.1
1388460 2359.3
1388470 2359.3
1388480 2359.8
1388490 2359.3
1388500 2357.7
1388510 2357.7
1388520 2356.0
1388530 2355.5
1388540 2355.5
1388550 2355.8
1388560 2356.0
1388570 2356.0
1388580 2355.2
1388590 2355.2
1388600 2355.2
1388610 2356.6
1388620 2357.9
1388630 2357.9
1388640 2358.6
1388650 2360.1
1388660 2360.1
1388670 2358.5
1388680 2352.0
1388690 2344.9
1388700 2344.9
1388710 2340.5
1388720 2333.9
1388730 2333.9
1388740 2330.2
1388750 2328.6
1388760 2328.6
1388770 2327.6
1388780 2326.5
1388790 2326.5
1388800 2325.5
1388810 2324.4
1388820 2324.4
1388830 2323.7
1388840 2320.9
1388850 2320.9
1388860 2317.8
1388870 2315.1
1388880 2310.8
1388890 2310.8
1388900 2307.8
1388910 2306.7
1388920 2306.7
1388930 2304.6
1388940 2302.8
1388950 2302.8
1388960 2302.7
1388970 2303.2
1388980 2303.2
1388990 2302.1
1389000 2301.5
1389010 2301.5
1389020 2300.3
1389030 2300.0
1389040 2300.0
1389050 2299.3
1389060 2298.3
1389070 2296.7
1389080 2296.7
1389090 2295.4
1389100 2295.0
1389110 2295.0
1389120 2295.2
1389130 2295.4
1389140 2295.4
1389150 2295.3
1389160 2295.3
1389170 2295.3
1389180 2294.2
1389190 2292.4
1389200 2292.4
1389210 2290.0
1389220 2288.9
1389230 2288.9
1389240 2288.9
1389250 2289.8
1389260 2289.8
1389270 2291.5
1389280 2292.5
1389290 2293.2
1389300 2293.2
1389310 2295.2
1389320 2298.8
1389330 2301.1
1389340 2305.1
1389350 2307.6
1389360 2307.6
1389370 2308.1
1389380 2310.6
1389390 2310.6
1389400 2313.9
1389410 2316.1
1389420 2316.1
1389430 2316.4
1389440 2315.5
1389450 2315.5
1389460 2315.7
1389470 2316.3
1389480 2315.9
1389490 2315.9
1389500 2314.3
1389510 2312.2
1389520 2312.2
1389530 2312.2
1389540 2313.5
1389550 2313.5
1389560 2314.8
1389570 2313.9
1389580 2313.9
1389590 2313.7
1389600 2317.5
1389610 2317.5
1389620 2323.5
1389630 2332.3
1389640 2332.3
1389650 2341.2
1389660 2350.7
1389670 2358.4
1389680 2358.4
1389690 2371.2
1389700 2384.1
1389710 2384.1
1389720 2392.9
1389730 2398.8
1389740 2398.8
1389750 2405.1
1389760 2412.8
1389770 2412.8
1389780 2422.5
1389790 2434.1
1389800 2434.1
1389810 2441.5
1389820 2448.4
1389830 2448.4
1389840 2452.1
1389850 2455.0
1389860 2459.5
1389870 2459.5
1389880 2464.7
1389890 2470.3
1389900 2470.3
1389910 2476.2
1389920 2483.0
1389930 2483.0
1389940 2491.2
1389950 2500.9
1389960 2500.9
1389970 2510.1
1389980 2518.7
1389990 2518.7
1390000 2528.5
1390010 2537.6
1390020 2537.6
1390030 2547.2
1390040 2557.8
1390050 2557.8
1390060 2568.4
1390070 2579.7
1390080 2587.1
1390090 2587.1
1390100 2595.2
1390110 2603.7
1390120 2603.7
1390130 2613.2
1390140 2622.4
1390150 2622.4
1390160 2632.7
1390170 2640.6
1390180 2640.6
1390190 2649.9
1390200 2657.4
1390210 2657.4
1390220 2664.2
1390230 2670.9
1390240 2670.9
1390250 2677.5
1390260 2684.2
1390270 2691.1
1390280 2691.1
1390290 2697.8
1390300 2700.2
1390310 2700.2
1390320 2695.2
1390330 2688.7
1390340 2688.7
1390350 2681.4
1390360 2674.3
1390370 2674.3
1390380 2670.3
1390390 2664.3
1390400 2664.3
1390410 2657.2
1390420 2647.9
1390430 2647.9
1390440 2637.4
1390450 2628.8
1390460 2619.7
1390470 2619.7
1390480 2611.6
1390490 2601.3
1390500 2601.3
1390510 2591.2
1390520 2581.1
1390530 2581.1
1390540 2571.3
1390550 2567.0
1390560 2567.0
1390570 2561.5
1390580 2556.1
1390590 2556.1
1390600 2551.5
1390610 2544.2
1390620 2544.2
1390630 2536.2
1390640 2529.6
1390650 2524.1
1390660 2524.1
1390670 2513.5
1390680 2506.8
1390690 2506.8
1390700 2500.4
1390710 2494.4
1390720 2494.4
1390730 2488.1
1390740 2481.6
1390750 2481.6
1390760 2475.7
1390770 2470.0
1390780 2470.0
1390790 2464.3
1390800 2458.1
1390810 2458.1
1390820 2451.9
1390830 2446.2
1390840 2446.2
1390850 2440.7
1390860 2433.7
1390870 2426.2
1390880 2426.2
1390890 2418.7
1390900 2411.0
1390910 2411.0
1390920 2404.5
1390930 2398.2
1390940 2398.2
1390950 2392.2
1390960 2386.2
1390970 2386.2
1390980 2380.6
1390990 2374.9
1391000 2374.9
1391010 2369.3
1391020 2364.0
1391030 2364.0
1391040 2359.1
1391050 2354.5
1391060 2350.8
1391070 2350.8
1391080 2348.1
1391090 2346.2
1391100 2346.2
1391110 2344.1
1391120 2342.1
1391130 2342.1
1391140 2340.7
1391150 2339.4
1391160 2339.4
1391170 2337.6
1391180 2334.9
1391190 2334.9
1391200 2331.2
1391210 2326.6
1391220 2326.6
1391230 2323.1
1391240 2318.6
1391250 2313.4
1391260 2313.4
1391270 2309.1
1391280 2303.8
1391290 2303.8
1391300 2296.9
1391310 2289.7
1391320 2289.7
1391330 2282.6
1391340 2274.9
1391350 2274.9
1391360 2266.2
1391370 2258.4
1391380 2258.4
1391390 2251.6
1391400 2244.6
1391410 2244.6
1391420 2237.6
1391430 2231.1
1391440 2227.1
1391450 2227.1
1391460 2226.1
1391470 2223.7
1391480 2223.7
1391490 2220.1
1391500 2217.3
1391510 2217.3
1391520 2216.2
1391530 2218.0
1391540 2218.0
1391550 2220.0
1391560 2218.2
1391570 2218.2
1391580 2214.4
1391590 2212.0
1391600 2212.0
1391610 2211.4
1391620 2210.5
1391630 2209.5
1391640 2209.5
1391650 2207.6
1391660 2210.2
1391670 2210.2
1391680 2215.0
1391690 2218.0
1391700 2218.0
1391710 2221.7
1391720 2225.8
1391730 2225.8
1391740 2230.6
1391750 2234.7
1391760 2234.7
1391770 2236.6
1391780 2242.8
1391790 2242.8
1391800 2250.4
1391810 2257.1
1391820 2257.1
1391830 2264.0
1391840 2271.9
1391850 2280.5
1391860 2280.5
1391870 2284.7
1391880 2279.5
1391890 2279.5
1391900 2281.5
1391910 2284.0
1391920 2284.0
1391930 2291.1
1391940 2293.6
1391950 2293.6
1391960 2293.5
1391970 2292.4
1391980 2292.4
1391990 2292.3
1392000 2296.2
1392010 2296.2
1392020 2307.4
1392030 2329.7
1392040 2342.3
1392050 2342.3
1392060 2354.6
1392070 2374.5
1392080 2374.5
1392090 2400.2
1392100 2424.4
1392110 2424.4
1392120 2452.8
1392130 2455.4
1392140 2455.4
1392150 2453.7
1392160 2450.1
1392170 2450.1
1392180 2446.2
1392190 2444.5
1392200 2444.5
1392210 2441.9
1392220 2439.1
1392230 2439.1
1392240 2439.1
1392250 2440.1
1392260 2438.4
1392270 2438.4
1392280 2435.4
1392290 2433.3
1392300 2433.3
1392310 2429.8
1392320 2426.1
1392330 2426.1
1392340 2422.5
1392350 2418.5
1392360 2418.5
1392370 2413.7
1392380 2408.1
1392390 2408.1
1392400 2404.2
1392410 2401.9
1392420 2401.1
1392430 2401.1
1392440 2400.8
1392450 2400.4
1392460 2400.4
1392470 2399.6
1392480 2399.2
1392490 2399.2
1392500 2396.2
1392510 2394.8
1392520 2394.8
1392530 2401.0
1392540 2404.0
1392550 2404.0
1392560 2401.7
1392570 2398.4
1392580 2398.4
1392590 2396.0
1392600 2394.5
1392610 2394.5
1392620 2394.3
1392630 2394.6
1392640 2393.9
1392650 2393.9
1392660 2395.6
1392670 2399.7
1392680 2399.7
1392690 2404.5
1392700 2409.4
1392710 2409.4
1392720 2414.7
1392730 2420.4
1392740 2420.4
1392750 2426.1
1392760 2432.1
1392770 2432.1
1392780 2438.1
1392790 2444.2
1392800 2444.2
1392810 2450.4
1392820 2456.9
1392830 2463.7
1392840 2463.7
1392850 2470.5
1392860 2477.3
1392870 2477.3
1392880 2484.2
1392890 2492.1
1392900 2492.1
1392910 2502.4
1392920 2513.3
1392930 2513.3
1392940 2524.2
1392950 2537.1
1392960 2537.1
1392970 2554.5
1392980 2576.7
1392990 2576.7
1393000 2592.7
1393010 2602.6
1393020 2607.6
1393030 2607.6
1393040 2612.8
1393050 2614.6
1393060 2614.6
1393070 2612.0
1393080 2603.5
1393090 2603.5
1393100 2594.0
1393110 2584.8
1393120 2584.8
1393130 2576.1
1393140 2565.4
1393150 2565.4
1393160 2554.5
1393170 2549.6
1393180 2549.6
1393190 2546.4
1393200 2543.7
1393210 2540.4
1393220 2540.4
1393230 2536.3
1393240 2531.9
1393250 2531.9
1393260 2527.9
1393270 2523.6
1393280 2523.6
1393290 2519.6
1393300 2515.6
1393310 2515.6
1393320 2511.8
1393330 2507.7
1393340 2507.7
1393350 2503.3
1393360 2499.4
1393370 2499.4
1393380 2495.2
1393390 2490.5
1393400 2490.5
1393410 2483.7
1393420 2480.4
1393430 2477.5
1393440 2477.5
1393450 2473.9
1393460 2469.7
1393470 2469.7
1393480 2465.4
1393490 2460.6
1393500 2460.6
1393510 2455.9
1393520 2450.2
1393530 2450.2
1393540 2444.3
1393550 2439.7
1393560 2439.7
1393570 2435.9
1393580 2433.1
1393590 2433.1
1393600 2431.7
1393610 2430.5
1393620 2427.1
1393630 2427.1
1393640 2423.8
1393650 2423.1
1393660 2423.1
1393670 2421.0
1393680 2417.1
1393690 2417.1
1393700 2414.1
1393710 2412.6
1393720 2412.6
1393730 2410.0
1393740 2404.9
1393750 2404.9
1393760 2396.8
1393770 2389.9
1393780 2389.9
1393790 2384.1
1393800 2375.4
1393810 2367.8
1393820 2367.8
1393830 2361.6
1393840 2352.5
1393850 2352.5
1393860 2343.9
1393870 2331.0
1393880 2331.0
1393890 2321.1
1393900 2314.4
1393910 2314.4
1393920 2308.5
1393930 2302.8
1393940 2302.8
1393950 2296.6
1393960 2288.1
1393970 2288.1
1393980 2279.7
1393990 2274.5
1394000 2269.9
1394010 2269.9
1394020 2264.7
1394030 2258.8
1394040 2258.8
1394050 2253.0
1394060 2247.5
1394070 2247.5
1394080 2241.6
1394090 2235.6
1394100 2235.6
1394110 2229.4
1394120 2223.5
1394130 2223.5
1394140 2217.8
1394150 2211.6
1394160 2211.6
1394170 2205.2
1394180 2200.4
1394190 2196.2
1394200 2196.2
1394210 2191.7
1394220 2187.2
1394230 2187.2
1394240 2182.9
1394250 2178.7
1394260 2178.7
1394270 2174.4
1394280 2169.8
1394290 2169.8
1394300 2165.4
1394310 2161.0
1394320 2161.0
1394330 2156.9
1394340 2152.6
1394350 2152.6
1394360 2148.5
1394370 2144.7
1394380 2144.7
1394390 2141.0
1394400 2137.2
1394410 2133.9
1394420 2133.9
1394430 2131.7
1394440 2128.2
1394450 2128.2
1394460 2122.8
1394470 2116.4
1394480 2116.4
1394490 2109.7
1394500 2102.5
1394510 2102.5
1394520 2091.8
1394530 2077.5
1394540 2077.5
1394550 2067.2
1394560 2057.8
1394570 2057.8
1394580 2045.4
1394590 2037.1
1394600 2030.5
1394610 2030.5
1394620 2024.4
1394630 2014.0
1394640 2014.0
1394650 1998.7
1394660 1991.9
1394670 1991.9
1394680 1992.4
1394690 1998.7
1394700 1998.7
1394710 2006.5
1394720 2015.3
1394730 2015.3
1394740 2021.3
1394750 2023.7
1394760 2023.7
1394770 2025.8
1394780 2023.9
1394790 2018.9
1394800 2015.7
1394810 2009.7
1394820 2003.8
1394830 2003.8
1394840 1998.0
1394850 1991.7
1394860 1991.7
1394870 1987.4
1394880 1985.9
1394890 1985.9
1394900 1984.5
1394910 1981.9
1394920 1981.9
1394930 1977.0
1394940 1972.4
1394950 1972.4
1394960 1966.3
1394970 1961.5
1394980 1957.4
1394990 1957.4
1395000 1952.4
1395010 1949.1
1395020 1949.1
1395030 1944.4
1395040 1936.0
1395050 1936.0
1395060 1929.3
1395070 1924.0
1395080 1924.0
1395090 1919.2
1395100 1915.7
1395110 1915.7
1395120 1911.9
1395130 1906.7
1395140 1906.7
1395150 1900.3
1395160 1894.5
1395170 1894.5
1395180 1889.2
1395190 1883.6
1395200 1878.2
1395210 1878.2
1395220 1871.7
1395230 1865.0
1395240 1865.0
1395250 1859.3
1395260 1854.0
1395270 1854.0
1395280 1848.4
1395290 1842.4
1395300 1842.4
1395310 1836.5
1395320 1830.8
1395330 1830.8
1395340 1824.6
1395350 1818.0
1395360 1818.0
1395370 1811.6
1395380 1804.0
1395390 1795.5
1395400 1795.5
1395410 1786.8
1395420 1778.4
1395430 1778.4
1395440 1770.6
1395450 1763.7
1395460 1763.7
1395470 1757.2
1395480 1751.6
1395490 1751.6
1395500 1746.1
1395510 1740.0
1395520 1740.0
1395530 1733.1
1395540 1725.9
1395550 1725.9
1395560 1714.0
1395570 1703.4
1395580 1695.8
1395590 1695.8
1395600 1691.3
1395610 1681.5
1395620 1681.5
1395630 1671.9
1395640 1667.7
1395650 1667.7
1395660 1665.7
1395670 1659.1
1395680 1659.1
1395690 1652.2
1395700 1645.1
1395710 1645.1
1395720 1638.7
1395730 1633.3
1395740 1633.3
1395750 1628.4
1395760 1621.7
1395770 1611.7
1395780 1611.7
1395790 1599.9
1395800 1586.7
1395810 1586.7
1395820 1580.8
1395830 1584.2
1395840 1584.2
1395850 1587.4
1395860 1589.6
1395870 1589.6
1395880 1588.3
1395890 1586.9
1395900 1586.9
1395910 1586.1
1395920 1583.2
1395930 1583.2
1395940 1580.9
1395950 1579.6
1395960 1579.6
1395970 1579.8
1395980 1579.0
1395990 1580.9
1396000 1580.9
1396010 1579.9
1396020 1578.6
1396030 1578.6
1396040 1581.2
1396050 1582.5
1396060 1582.5
1396070 1583.7
1396080 1583.8
1396090 1583.8
1396100 1581.6
1396110 1578.6
1396120 1578.6
1396130 1583.0
1396140 1586.1
1396150 1586.1
1396160 1590.0
1396170 1589.8
1396180 1585.4
1396190 1585.4
1396200 1582.6
1396210 1581.7
1396220 1581.7
1396230 1591.2
1396240 1593.3
1396250 1593.3
1396260 1595.7
1396270 1594.1
1396280 1594.1
1396290 1591.1
1396300 1588.3
1396310 1588.3
1396320 1588.4
1396330 1587.7
1396340 1587.7
1396350 1584.7
1396360 1580.6
1396370 1575.6
1396380 1575.6
1396390 1570.5
1396400 1565.1
1396410 1565.1
1396420 1558.3
1396430 1546.9
1396440 1546.9
1396450 1534.6
1396460 1528.6
1396470 1528.6
1396480 1524.6
1396490 1534.6
1396500 1534.6
1396510 1537.6
1396520 1535.2
1396530 1535.2
1396540 1533.8
1396550 1538.1
1396560 1542.6
1396570 1542.6
1396580 1544.5
1396590 1544.1
1396600 1544.1
1396610 1542.2
1396620 1539.6
1396630 1539.6
1396640 1535.4
1396650 1531.0
1396660 1531.0
1396670 1525.2
1396680 1518.4
1396690 1518.4
1396700 1511.3
1396710 1503.5
1396720 1503.5
1396730 1496.1
1396740 1489.8
1396750 1489.8
1396760 1483.8
1396770 1479.3
1396780 1475.7
1396790 1475.7
1396800 1471.4
1396810 1466.7
1396820 1466.7
1396830 1462.4
1396840 1458.3
1396850 1458.3
1396860 1454.4
1396870 1450.6
1396880 1450.6
1396890 1446.7
1396900 1443.8
1396910 1443.8
1396920 1441.9
1396930 1438.6
1396940 1438.6
1396950 1435.2
1396960 1431.6
1396970 1425.8
1396980 1425.8
1396990 1418.7
1397000 1411.4
1397010 1411.4
1397020 1403.9
1397030 1395.9
1397040 1395.9
1397050 1389.9
1397060 1384.2
1397070 1384.2
1397080 1376.7
1397090 1371.2
1397100 1371.2
1397110 1370.5
1397120 1368.9
1397130 1368.9
1397140 1365.7
1397150 1360.8
1397160 1357.4
1397170 1357.4
1397180 1354.7
1397190 1353.6
1397200 1353.6
1397210 1351.9
1397220 1347.8
1397230 1347.8
1397240 1342.9
1397250 1338.4
1397260 1338.4
1397270 1331.7
1397280 1323.1
1397290 1323.1
1397300 1311.8
1397310 1304.3
1397320 1304.3
1397330 1298.7
1397340 1292.9
1397350 1287.8
1397360 1287.8
1397370 1283.7
1397380 1280.4
1397390 1280.4
1397400 1277.1
1397410 1266.2
1397420 1266.2
1397430 1251.9
1397440 1240.5
1397450 1240.5
1397460 1228.3
1397470 1216.0
1397480 1216.0
1397490 1207.7
1397500 1199.7
1397510 1199.7
1397520 1192.2
1397530 1185.0
1397540 1185.0
1397550 1178.1
1397560 1171.4
1397570 1165.5
1397580 1165.5
1397590 1159.3
1397600 1152.5
1397610 1152.5
1397620 1139.0
1397630 1123.1
1397640 1123.1
1397650 1094.9
1397660 1070.3
1397670 1077.0
1397680 1066.6
1397690 1058.3
1397700 1058.3
1397710 1050.1
1397720 1041.7
1397730 1041.7
1397740 1032.6
1397750 1023.4
1397760 1014.5
1397770 1014.5
1397780 1005.7
1397790 996.7
1397800 996.7
1397810 989.6
1397820 985.9
1397830 985.9
1397840 982.8
1397850 977.8
1397860 977.8
1397870 972.6
1397880 967.9
1397890 967.9
1397900 966.0
1397910 965.8
1397920 965.8
1397930 967.2
1397940 969.0
1397950 970.1
1397960 970.1
1397970 968.7
1397980 964.4
1397990 964.4
1398000 958.1
1398010 952.2
1398020 952.2
1398030 944.4
1398040 926.9
1398050 926.9
1398060 907.4
1398070 891.5
1398080 891.5
1398090 883.5
1398100 882.3
1398110 882.3
1398120 881.5
1398130 880.6
1398140 880.2
1398150 880.2
1398160 879.7
1398170 878.6
1398180 878.6
1398190 877.6
1398200 876.7
1398210 876.7
1398220 876.1
1398230 875.5
1398240 875.5
1398250 874.8
1398260 874.3
1398270 874.3
1398280 873.7
1398290 873.1
1398300 873.1
1398310 872.6
1398320 872.2
1398330 871.8
1398340 871.8
1398350 871.4
1398360 871.2
1398370 871.2
1398380 870.6
1398390 870.2
1398400 870.2
1398410 869.8
1398420 869.4
1398430 869.4
1398440 868.4
1398450 867.9
1398460 867.9
1398470 867.6
1398480 866.2
1398490 866.2
1398500 865.5
1398510 865.4
1398520 865.4
1398530 864.8
1398540 862.4
1398550 861.0
1398560 861.0
1398570 859.8
1398580 859.7
1398590 859.7
1398600 860.7
1398610 860.5
1398620 860.5
1398630 859.5
1398640 859.4
1398650 859.4
1398660 857.6
1398670 856.6
1398680 856.6
1398690 856.8
1398700 858.2
1398710 858.2
1398720 859.0
1398730 860.0
1398740 860.1
1398750 860.1
1398760 860.3
1398770 860.7
1398780 860.7
1398790 862.4
1398800 867.3
1398810 867.3
1398820 869.5
1398830 871.5
1398840 871.5
1398850 873.0
1398860 874.9
1398870 874.9
1398880 877.4
1398890 879.4
1398900 879.4
1398910 881.3
1398920 883.7
1398930 886.2
1398940 886.2
1398950 887.7
1398960 888.3
1398970 888.3
1398980 888.4
1398990 888.2
1399000 888.2
1399010 888.8
1399020 893.4
1399030 893.4
1399040 904.2
1399050 920.9
1399060 920.9
1399070 934.2
1399080 938.2
1399090 938.2
1399100 939.9
1399110 942.7
1399120 947.0
1399130 947.0
1399140 951.0
1399150 957.0
1399160 957.0
1399170 960.8
1399180 961.4
1399190 961.4
1399200 964.5
1399210 970.5
1399220 970.5
1399230 978.9
1399240 987.6
1399250 987.6
1399260 995.6
1399270 1004.0
1399280 1004.0
1399290 1012.2
1399300 1020.2
1399310 1020.2
1399320 1027.1
1399330 1033.7
1399340 1039.7
1399350 1039.7
1399360 1045.1
1399370 1050.5
1399380 1050.5
1399390 1057.3
1399400 1058.9
1399410 1058.9
1399420 1058.2
1399430 1060.4
1399440 1060.4
1399450 1064.5
1399460 1070.3
1399470 1070.3
1399480 1077.8
1399490 1084.3
1399500 1084.3
1399510 1090.7
1399520 1097.5
1399530 1103.6
1399540 1103.6
1399550 1109.9
1399560 1116.3
1399570 1116.3
1399580 1123.0
1399590 1130.3
1399600 1130.3
1399610 1137.3
1399620 1144.8
1399630 1144.8
1399640 1152.0
1399650 1159.4
1399660 1159.4
1399670 1167.1
1399680 1174.6
1399690 1174.6
1399700 1182.2
1399710 1188.5
1399720 1194.4
1399730 1194.4
1399740 1200.5
1399750 1206.4
1399760 1206.4
1399770 1212.0
1399780 1216.7
1399790 1216.7
1399800 1220.2
1399810 1223.5
1399820 1223.5
1399830 1225.9
1399840 1227.2
1399850 1227.2
1399860 1228.1
1399870 1229.1
1399880 1229.1
1399890 1230.7
1399900 1233.2
1399910 1236.3
1399920 1236.3
1399930 1238.8
1399940 1239.0
1399950 1239.0
1399960 1237.2
1399970 1235.6
1399980 1235.6
1399990 1234.2
1380000 2543.3
1380010 2543.3
1380020 2538.0
1380030 2533.8
1380040 2533.8
1380050 2530.6
1380060 2527.8
1380070 2527.8
1380080 2525.2
1380090 2523.2
1380100 2523.2
1380110 2522.2
1380120 2521.1
1380130 2521.1
1380140 2520.6
1380150 2520.0
1380160 2520.0
1380170 2518.2
1380180 2515.7
1380190 2515.7
1380200 2512.7
1380210 2511.3
1380220 2510.4
1380230 2510.4
1380240 2510.5
1380250 2511.5
1380260 2511.5
1380270 2507.3
1380280 2502.2
1380290 2502.2
1380300 2494.9
1380310 2488.7
1380320 2488.7
1380330 2482.8
1380340 2477.2
1380350 2477.2
1380360 2472.4
1380370 2468.4
1380380 2468.4
1380390 2465.1
1380400 2462.3
1380410 2459.3
1380420 2459.3
1380430 2456.0
1380440 2453.5
1380450 2450.9
1380460 2450.2
1380470 2448.4
1380480 2448.4
1380490 2447.0
1380500 2445.6
1380510 2445.6
1380520 2443.5
1380530 2441.1
1380540 2441.1
1380550 2438.1
1380560 2434.9
1380570 2434.9
1380580 2432.1
1380590 2431.3
1380600 2431.0
1380610 2431.0
1380620 2431.3
1380630 2431.9
1380640 2431.9
1380650 2432.6
1380660 2432.5
1380670 2432.5
1380680 2432.3
1380690 2432.6
1380700 2432.6
1380710 2432.4
1380720 2431.3
1380730 2431.3
1380740 2430.0
1380750 2428.7
1380760 2428.7
1380770 2427.5
1380780 2426.2
1380790 2424.6
1380800 2424.6
1380810 2422.8
1380820 2420.5
1380830 2420.5
1380840 2418.1
1380850 2416.3
1380860 2416.3
1380870 2414.9
1380880 2413.9
1380890 2413.9
1380900 2413.2
1380910 2412.9
1380920 2412.9
1380930 2412.5
1380940 2410.2
1380950 2410.2
1380960 2406.7
1380970 2402.4
1380980 2399.8
1380990 2399.8
1381000 2397.7
1381010 2395.7
1381020 2395.7
1381030 2393.7
1381040 2391.3
1381050 2391.3
1381060 2388.7
1381070 2388.7
1381080 2388.7
1381090 2391.5
1381100 2392.0
1381110 2392.0
1381120 2391.3
1381130 2391.1
1381140 2391.1
1381150 2392.2
1381160 2393.9
1381170 2393.9
1381180 2396.3
1381190 2399.8
1381200 2403.4
1381210 2403.4
1381220 2405.9
1381230 2405.6
1381240 2405.6
1381250 2405.4
1381260 2398.4
1381270 2398.4
1381280 2387.1
1381290 2381.5
1381300 2381.5
1381310 2375.3
1381320 2371.8
1381330 2371.8
1381340 2369.8
1381350 2367.2
1381360 2367.2
1381370 2362.8
1381380 2358.7
1381390 2355.7
1381400 2355.7
1381410 2351.8
1381420 2348.2
1381430 2348.2
1381440 2344.3
1381450 2339.9
1381460 2339.9
1381470 2335.2
1381480 2330.7
1381490 2330.7
1381500 2326.0
1381510 2321.0
1381520 2321.0
1381530 2317.9
1381540 2314.6
1381550 2314.6
1381560 2310.6
1381570 2306.4
1381580 2301.7
1381590 2301.7
1381600 2297.2
1381610 2293.4
1381620 2293.4
1381630 2292.5
1381640 2292.1
1381650 2292.1
1381660 2293.2
1381670 2301.3
1381680 2301.3
1381690 2303.4
1381700 2298.5
1381710 2298.5
1381720 2291.9
1381730 2287.9
1381740 2287.9
1381750 2285.8
1381760 2284.4
1381770 2284.9
1381780 2284.9
1381790 2285.6
1381800 2286.1
1381810 2286.1
1381820 2286.4
1381830 2283.9
1381840 2283.9
1381850 2283.7
1381860 2284.5
1381870 2284.5
1381880 2285.8
1381890 2283.2
1381900 2283.2
1381910 2278.6
1381920 2276.5
1381930 2276.5
1381940 2276.3
1381950 2275.9
1381960 2275.9
1381970 2274.9
1381980 2274.7
1381990 2274.8
1382000 2274.8
1382010 2274.7
1382020 2275.8
1382030 2275.8
1382040 2278.8
1382050 2282.0
1382060 2282.0
1382070 2283.2
1382080 2285.0
1382090 2285.0
1382100 2288.5
1382110 2291.0
1382120 2291.0
1382130 2292.7
1382140 2293.3
1382150 2293.3
1382160 2294.3
1382170 2297.9
1382180 2303.1
1382190 2303.1
1382200 2306.2
1382210 2306.8
1382220 2306.8
1382230 2306.3
1382240 2305.9
1382250 2305.9
1382260 2305.9
1382270 2306.0
1382280 2306.0
1382290 2304.9
1382300 2303.9
1382310 2303.9
1382320 2303.9
1382330 2304.1
1382340 2304.1
1382350 2307.1
1382360 2307.9
1382370 2307.1
1382380 2307.1
1382390 2304.6
1382400 2302.7
1382410 2302.7
1382420 2302.2
1382430 2302.6
1382440 2302.6
1382450 2304.1
1382460 2306.3
1382470 2306.3
1382480 2307.5
1382490 2308.3
1382500 2308.3
1382510 2309.4
1382520 2310.4
1382530 2310.4
1382540 2311.1
1382550 2310.8
1382560 2312.1
1382570 2312.1
1382580 2313.6
1382590 2315.2
1382600 2315.2
1382610 2317.9
1382620 2319.3
1382630 2319.3
1382640 2319.9
1382650 2320.6
1382660 2320.6
1382670 2322.3
1382680 2323.4
1382690 2323.4
1382700 2323.9
1382710 2325.1
1382720 2325.1
1382730 2326.0
1382740 2326.1
1382750 2326.1
1382760 2325.8
1382770 2326.0
1382780 2326.5
1382790 2326.5
1382800 2326.7
1382810 2327.5
1382820 2327.5
1382830 2329.1
1382840 2330.5
1382850 2330.5
1382860 2332.1
1382870 2334.4
1382880 2334.4
1382890 2337.4
1382900 2340.9
1382910 2341.1
1382920 2344.5
1382930 2346.0
1382940 2346.0
1382950 2346.6
1382960 2347.7
1382970 2348.6
1382980 2348.6
1382990 2349.5
1383000 2350.5
1383010 2350.5
1383020 2351.7
1383030 2353.6
1383040 2353.6
1383050 2356.1
1383060 2358.7
1383070 2358.7
1383080 2360.5
1383090 2361.1
1383100 2361.1
1383110 2360.7
1383120 2359.8
1383130 2359.8
1383140 2358.9
1383150 2359.0
1383160 2359.4
1383170 2359.4
1383180 2360.4
1383190 2362.3
1383200 2362.3
1383210 2365.5
1383220 2368.1
1383230 2368.1
1383240 2370.0
1383250 2370.1
1383260 2370.1
1383270 2369.7
1383280 2369.8
1383290 2369.8
1383300 2370.6
1383310 2373.0
1383320 2373.0
1383330 2375.1
1383340 2377.9
1383350 2381.7
1383360 2381.7
1383370 2385.2
1383380 2387.5
1383390 2387.5
1383400 2389.7
1383410 2392.3
1383420 2392.3
1383430 2394.0
1383440 2395.4
1383450 2395.4
1383460 2396.5
1383470 2397.2
1383480 2397.2
1383490 2399.2
1383500 2402.4
1383510 2402.4
1383520 2403.7
1383530 2404.8
1383540 2404.8
1383550 2407.4
1383560 2410.7
1383570 2415.9
1383580 2415.9
1383590 2421.4
1383600 2424.5
1383610 2424.5
1383620 2424.7
1383630 2426.4
1383640 2426.4
1383650 2430.4
1383660 2436.5
1383670 2436.5
1383680 2443.1
1383690 2450.9
1383700 2450.9
1383710 2461.0
1383720 2473.6
1383730 2473.6
1383740 2486.1
1383750 2497.3
1383760 2507.6
1383770 2507.6
1383780 2506.1
1383790 2497.6
1383800 2497.6
1383810 2488.8
1383820 2480.4
1383830 2480.4
1383840 2472.4
1383850 2465.0
1383860 2465.0
1383870 2457.4
1383880 2450.1
1383890 2450.1
1383900 2443.7
1383910 2438.9
1383920 2438.9
1383930 2435.7
1383940 2433.1
1383950 2430.2
1383960 2430.2
1383970 2427.8
1383980 2426.0
1383990 2426.0
1384000 2425.4
1384010 2424.3
1384020 2424.3
1384030 2423.2
1384040 2421.8
1384050 2421.8
1384060 2418.4
1384070 2414.9
1384080 2414.9
1384090 2412.4
1384100 2411.2
1384110 2411.2
1384120 2410.9
1384130 2411.0
1384140 2411.6
1384150 2411.6
1384160 2414.3
1384170 2414.7
1384180 2414.7
1384190 2415.0
1384200 2415.2
1384210 2415.2
1384220 2415.0
1384230 2414.1
1384240 2414.1
1384250 2413.1
1384260 2413.0
1384270 2413.0
1384280 2412.5
1384290 2411.7
1384300 2411.7
1384310 2411.4
1384320 2411.5
1384330 2411.5
1384340 2411.5
1384350 2411.1
1384360 2411.1
1384370 2411.1
1384380 2410.8
1384390 2410.6
1384400 2410.6
1384410 2411.0
1384420 2411.8
1384430 2411.8
1384440 2413.5
1384450 2416.5
1384460 2416.5
1384470 2417.8
1384480 2418.2
1384490 2418.2
1384500 2419.1
1384510 2420.5
1384520 2420.5
1384530 2420.8
1384540 2421.5
1384550 2422.3
1384560 2422.3
1384570 2423.7
1384580 2426.6
1384590 2426.6
1384600 2429.9
1384610 2433.2
1384620 2433.2
1384630 2437.8
1384640 2443.9
1384650 2443.9
1384660 2450.7
1384670 2456.3
1384680 2456.3
1384690 2460.7
1384700 2463.9
1384710 2463.9
1384720 2468.8
1384730 2475.7
1384740 2483.6
1384750 2483.6
1384760 2492.2
1384770 2498.4
1384780 2498.4
1384790 2503.4
1384800 2507.5
1384810 2507.5
1384820 2511.2
1384830 2515.9
1384840 2515.9
1384850 2522.6
1384860 2528.7
1384870 2528.7
1384880 2533.9
1384890 2537.7
1384900 2537.7
1384910 2540.7
1384920 2542.9
1384930 2545.4
1384940 2545.4
1384950 2548.4
1384960 2551.8
1384970 2551.8
1384980 2553.6
1384990 2555.4
1385000 2555.4
1385010 2556.8
1385020 2559.0
1385030 2559.0
1385040 2563.9
1385050 2571.3
1385060 2571.3
1385070 2574.9
1385080 2575.1
1385090 2575.1
1385100 2573.4
1385110 2572.0
1385120 2572.0
1385130 2571.7
1385140 2571.3
1385150 2571.4
1385160 2571.4
1385170 2571.0
1385180 2571.7
1385190 2571.7
1385200 2574.1
1385210 2576.4
1385220 2576.4
1385230 2578.7
1385240 2581.6
1385250 2581.6
1385260 2584.6
1385270 2588.4
1385280 2588.4
1385290 2591.7
1385300 2594.3
1385310 2594.3
1385320 2598.9
1385330 2603.6
1385340 2608.0
1385350 2608.0
1385360 2610.8
1385370 2611.8
1385380 2611.8
1385390 2611.4
1385400 2609.7
1385410 2609.7
1385420 2606.6
1385430 2605.4
1385440 2605.4
1385450 2605.0
1385460 2603.5
1385470 2603.5
1385480 2601.3
1385490 2599.3
1385500 2599.3
1385510 2596.3
1385520 2596.0
1385530 2595.9
1385540 2595.9
1385550 2590.8
1385560 2581.6
1385570 2581.6
1385580 2572.5
1385590 2561.5
1385600 2561.5
1385610 2549.7
1385620 2541.8
1385630 2541.8
1385640 2535.2
1385650 2528.7
1385660 2528.7
1385670 2522.2
1385680 2516.3
1385690 2516.3
1385700 2511.0
1385710 2505.9
1385720 2501.4
1385730 2501.4
1385740 2495.2
1385750 2488.0
1385760 2488.0
1385770 2481.2
1385780 2473.7
1385790 2473.7
1385800 2467.9
1385810 2463.8
1385820 2463.8
1385830 2461.3
1385840 2461.2
1385850 2461.2
1385860 2459.9
1385870 2457.2
1385880 2457.2
1385890 2454.0
1385900 2449.5
1385910 2449.5
1385920 2445.2
1385930 2440.4
1385940 2436.7
1385950 2436.7
1385960 2432.3
1385970 2428.0
1385980 2428.0
1385990 2424.5
1386000 2419.9
1386010 2419.9
1386020 2415.4
1386030 2412.6
1386040 2412.6
1386050 2410.9
1386060 2409.0
1386070 2409.0
1386080 2407.1
1386090 2405.4
1386100 2405.4
1386110 2403.2
1386120 2400.0
1386130 2395.3
1386140 2395.3
1386150 2391.3
1386160 2388.1
1386170 2388.1
1386180 2384.2
1386190 2379.6
1386200 2379.6
1386210 2376.5
1386220 2374.4
1386230 2374.4
1386240 2374.6
1386250 2375.4
1386260 2375.4
1386270 2376.3
1386280 2376.8
1386290 2376.8
1386300 2377.3
1386310 2376.9
1386320 2373.9
1386330 2373.9
1386340 2369.8
1386350 2365.0
1386360 2365.0
1386370 2362.1
1386380 2360.5
1386390 2360.5
1386400 2359.5
1386410 2358.8
1386420 2358.8
1386430 2358.4
1386440 2357.3
1386450 2357.3
1386460 2356.1
1386470 2354.8
1386480 2354.8
1386490 2352.4
1386500 2349.7
1386510 2345.6
1386520 2345.6
1386530 2340.0
1386540 2332.9
1386550 2332.9
1386560 2326.3
1386570 2321.8
1386580 2321.8
1386590 2320.1
1386600 2320.5
1386610 2320.5
1386620 2322.0
1386630 2323.0
1386640 2323.0
1386650 2322.2
1386660 2320.0
1386670 2320.0
1386680 2317.1
1386690 2311.3
1386700 2304.7
1386710 2306.4
1386720 2304.2
1386730 2301.5
1386740 2301.5
1386750 2297.5
1386760 2294.0
1386770 2294.0
1386780 2291.0
1386790 2288.9
1386800 2288.9
1386810 2288.1
1386820 2290.2
1386830 2290.2
1386840 2291.0
1386850 2288.6
1386860 2288.6
1386870 2287.2
1386880 2287.2
1386890 2287.2
1386900 2287.1
1386910 2287.0
1386920 2288.0
1386930 2288.0
1386940 2289.1
1386950 2288.0
1386960 2288.0
1386970 2286.5
1386980 2286.0
1386990 2286.0
1387000 2285.4
1387010 2285.0
1387020 2285.0
1387030 2286.8
1387040 2289.1
1387050 2289.1
1387060 2292.0
1387070 2294.1
1387080 2294.1
1387090 2295.6
1387100 2297.5
1387110 2300.3
1387120 2300.3
1387130 2302.7
1387140 2303.8
1387150 2303.8
1387160 2304.4
1387170 2307.8
1387180 2307.8
1387190 2313.0
1387200 2318.6
1387210 2318.6
1387220 2323.2
1387230 2326.9
1387240 2326.9
1387250 2329.0
1387260 2330.1
1387270 2330.1
1387280 2331.2
1387290 2332.7
1387300 2334.8
1387310 2334.8
1387320 2336.9
1387330 2338.3
1387340 2338.3
1387350 2339.7
1387360 2340.7
1387370 2340.7
1387380 2342.0
1387390 2342.9
1387400 2342.9
1387410 2343.9
1387420 2345.1
1387430 2345.1
1387440 2346.8
1387450 2349.2
1387460 2349.2
1387470 2351.3
1387480 2352.5
1387490 2352.8
1387500 2352.8
1387510 2353.5
1387520 2354.5
1387530 2354.5
1387540 2355.5
1387550 2356.7
1387560 2356.7
1387570 2356.7
1387580 2358.2
1387590 2358.2
1387600 2361.6
1387610 2364.8
1387620 2364.8
1387630 2368.5
1387640 2372.9
1387650 2372.9
1387660 2377.7
1387670 2383.9
1387680 2383.9
1387690 2388.9
1387700 2393.5
1387710 2399.8
1387720 2399.8
1387730 2406.7
1387740 2412.1
1387750 2412.1
1387760 2415.0
1387770 2418.1
1387780 2418.1
1387790 2420.0
1387800 2420.3
1387810 2420.3
1387820 2421.3
1387830 2423.0
1387840 2423.0
1387850 2425.8
1387860 2429.0
1387870 2429.0
1387880 2432.0
1387890 2435.0
1387900 2437.8
1387910 2437.8
1387920 2440.6
1387930 2441.9
1387940 2441.9
1387950 2442.9
1387960 2443.8
1387970 2443.8
1387980 2442.0
1387990 2439.1
1388000 2439.1
1388010 2440.7
1388020 2440.6
1388030 2440.6
1388040 2440.2
1388050 2437.0
1388060 2437.0
1388070 2430.7
1388080 2424.7
1388090 2420.5
1388100 2420.5
1388110 2416.9
1388120 2413.0
1388130 2413.0
1388140 2408.8
1388150 2405.4
1388160 2405.4
1388170 2402.3
1388180 2399.8
1388190 2399.8
1388200 2395.5
1388210 2391.6
1388220 2391.6
1388230 2388.3
1388240 2386.4
1388250 2386.4
1388260 2385.1
1388270 2382.5
1388280 2378.4
1388290 2378.4
1388300 2373.7
1388310 2369.8
1388320 2369.8
1388330 2367.1
1388340 2365.0
1388350 2365.0
1388360 2364.3
1388370 2363.4
1388380 2363.4
1388390 2362.5
1388400 2361.5
1388410 2361.5
1388420 2360.1
1388430 2359.0
1388440 2359.0
1388450 2359.1
1388460 2359.3
1388470 2359.3
1388480 2359.8
1388490 2359.3
1388500 2357.7
1388510 2357.7
1388520 2356.0
1388530 2355.5
1388540 2355.5
1388550 2355.8
1388560 2356.0
1388570 2356.0
1388580 2355.2
1388590 2355.2
1388600 2355.2
1388610 2356.6
1388620 2357.9
1388630 2357.9
1388640 2358.6
1388650 2360.1
1388660 2360.1
1388670 2358.5
1388680 2352.0
1388690 2344.9
1388700 2344.9
1388710 2340.5
1388720 2333.9
1388730 2333.9
1388740 2330.2
1388750 2328.6
1388760 2328.6
1388770 2327.6
1388780 2326.5
1388790 2326.5
1388800 2325.5
1388810 2324.4
1388820 2324.4
1388830 2323.7
1388840 2320.9
1388850 2320.9
1388860 2317.8
1388870 2315.1
1388880 2310.8
1388890 2310.8
1388900 2307.8
1388910 2306.7
1388920 2306.7
1388930 2304.6
1388940 2302.8
1388950 2302.8
1388960 2302.7
1388970 2303.2
1388980 2303.2
1388990 2302.1
1389000 2301.5
1389010 2301.5
1389020 2300.3
1389030 2300.0
1389040 2300.0
1389050 2299.3
1389060 2298.3
1389070 2296.7
1389080 2296.7
1389090 2295.4
1389100 2295.0
1389110 2295.0
1389120 2295.2
1389130 2295.4
1389140 2295.4
1389150 2295.3
1389160 2295.3
1389170 2295.3
1389180 2294.2
1389190 2292.4
1389200 2292.4
1389210 2290.0
1389220 2288.9
1389230 2288.9
1389240 2288.9
1389250 2289.8
1389260 2289.8
1389270 2291.5
1389280 2292.5
1389290 2293.2
1389300 2293.2
1389310 2295.2
1389320 2298.8
1389330 2301.1
1389340 2305.1
1389350 2307.6
1389360 2307.6
1389370 2308.1
1389380 2310.6
1389390 2310.6
1389400 2313.9
1389410 2316.1
1389420 2316.1
1389430 2316.4
1389440 2315.5
1389450 2315.5
1389460 2315.7
1389470 2316.3
1389480 2315.9
1389490 2315.9
1389500 2314.3
1389510 2312.2
1389520 2312.2
1389530 2312.2
1389540 2313.5
1389550 2313.5
1389560 2314.8
1389570 2313.9
1389580 2313.9
1389590 2313.7
1389600 2317.5
1389610 2317.5
1389620 2323.5
1389630 2332.3
1389640 2332.3
1389650 2341.2
1389660 2350.7
1389670 2358.4
1389680 2358.4
1389690 2371.2
1389700 2384.1
1389710 2384.1
1389720 2392.9
1389730 2398.8
1389740 2398.8
1389750 2405.1
1389760 2412.8
1389770 2412.8
1389780 2422.5
1389790 2434.1
1389800 2434.1
1389810 2441.5
1389820 2448.4
1389830 2448.4
1389840 2452.1
1389850 2455.0
1389860 2459.5
1389870 2459.5
1389880 2464.7
1389890 2470.3
1389900 2470.3
1389910 2476.2
1389920 2483.0
1389930 2483.0
1389940 2491.2
1389950 2500.9
1389960 2500.9
1389970 2510.1
1389980 2518.7
1389990 2518.7
1390000 2528.5
1390010 2537.6
1390020 2537.6
1390030 2547.2
1390040 2557.8
1390050 2557.8
1390060 2568.4
1390070 2579.7
1390080 2587.1
1390090 2587.1
1390100 2595.2
1390110 2603.7
1390120 2603.7
1390130 2613.2
1390140 2622.4
1390150 2622.4
1390160 2632.7
1390170 2640.6
1390180 2640.6
1390190 2649.9
1390200 2657.4
1390210 2657.4
1390220 2664.2
1390230 2670.9
1390240 2670.9
1390250 2677.5
1390260 2684.2
1390270 2691.1
1390280 2691.1
1390290 2697.8
1390300 2700.2
1390310 2700.2
1390320 2695.2
1390330 2688.7
1390340 2688.7
1390350 2681.4
1390360 2674.3
1390370 2674.3
1390380 2670.3
1390390 2664.3
1390400 2664.3
1390410 2657.2
1390420 2647.9
1390430 2647.9
1390440 2637.4
1390450 2628.8
1390460 2619.7
1390470 2619.7
1390480 2611.6
1390490 2601.3
1390500 2601.3
1390510 2591.2
1390520 2581.1
1390530 2581.1
1390540 2571.3
1390550 2567.0
1390560 2567.0
1390570 2561.5
1390580 2556.1
1390590 2556.1
1390600 2551.5
1390610 2544.2
1390620 2544.2
1390630 2536.2
1390640 2529.6
1390650 2524.1
1390660 2524.1
1390670 2513.5
1390680 2506.8
1390690 2506.8
1390700 2500.4
1390710 2494.4
1390720 2494.4
1390730 2488.1
1390740 2481.6
1390750 2481.6
1390760 2475.7
1390770 2470.0
1390780 2470.0
1390790 2464.3
1390800 2458.1
1390810 2458.1
1390820 2451.9
1390830 2446.2
1390840 2446.2
1390850 2440.7
1390860 2433.7
1390870 2426.2
1390880 2426.2
1390890 2418.7
1390900 2411.0
1390910 2411.0
1390920 2404.5
1390930 2398.2
1390940 2398.2
1390950 2392.2
1390960 2386.2
1390970 2386.2
1390980 2380.6
1390990 2374.9
1391000 2374.9
1391010 2369.3
1391020 2364.0
1391030 2364.0
1391040 2359.1
1391050 2354.5
1391060 2350.8
1391070 2350.8
1391080 2348.1
1391090 2346.2
1391100 2346.2
1391110 2344.1
1391120 2342.1
1391130 2342.1
1391140 2340.7
1391150 2339.4
1391160 2339.4
1391170 2337.6
1391180 2334.9
1391190 2334.9
1391200 2331.2
1391210 2326.6
1391220 2326.6
1391230 2323.1
1391240 2318.6
1391250 2313.4
1391260 2313.4
1391270 2309.1
1391280 2303.8
1391290 2303.8
1391300 2296.9
1391310 2289.7
1391320 2289.7
1391330 2282.6
1391340 2274.9
1391350 2274.9
1391360 2266.2
1391370 2258.4
1391380 2258.4
1391390 2251.6
1391400 2244.6
1391410 2244.6
1391420 2237.6
1391430 2231.1
1391440 2227.1
1391450 2227.1
1391460 2226.1
1391470 2223.7
1391480 2223.7
1391490 2220.1
1391500 2217.3
1391510 2217.3
1391520 2216.2
1391530 2218.0
1391540 2218.0
1391550 2220.0
1391560 2218.2
1391570 2218.2
1391580 2214.4
1391590 2212.0
1391600 2212.0
1391610 2211.4
1391620 2210.5
1391630 2209.5
1391640 2209.5
1391650 2207.6
1391660 2210.2
1391670 2210.2
1391680 2215.0
1391690 2218.0
1391700 2218.0
1391710 2221.7
1391720 2225.8
1391730 2225.8
1391740 2230.6
1391750 2234.7
1391760 2234.7
1391770 2236.6
1391780 2242.8
1391790 2242.8
1391800 2250.4
1391810 2257.1
1391820 2257.1
1391830 2264.0
1391840 2271.9
1391850 2280.5
1391860 2280.5
1391870 2284.7
1391880 2279.5
1391890 2279.5
1391900 2281.5
1391910 2284.0
1391920 2284.0
1391930 2291.1
1391940 2293.6
1391950 2293.6
1391960 2293.5
1391970 2292.4
1391980 2292.4
1391990 2292.3
1392000 2296.2
1392010 2296.2
1392020 2307.4
1392030 2329.7
1392040 2342.3
1392050 2342.3
1392060 2354.6
1392070 2374.5
1392080 2374.5
1392090 2400.2
1392100 2424.4
1392110 2424.4
1392120 2452.8
1392130 2455.4
1392140 2455.4
1392150 2453.7
1392160 2450.1
1392170 2450.1
1392180 2446.2
1392190 2444.5
1392200 2444.5
1392210 2441.9
1392220 2439.1
1392230 2439.1
1392240 2439.1
1392250 2440.1
1392260 2438.4
1392270 2438.4
1392280 2435.4
1392290 2433.3
1392300 2433.3
1392310 2429.8
1392320 2426.1
1392330 2426.1
1392340 2422.5
1392350 2418.5
1392360 2418.5
1392370 2413.7
1392380 2408.1
1392390 2408.1
1392400 2404.2
1392410 2401.9
1392420 2401.1
1392430 2401.1
1392440 2400.8
1392450 2400.4
1392460 2400.4
1392470 2399.6
1392480 2399.2
1392490 2399.2
1392500 2396.2
1392510 2394.8
1392520 2394.8
1392530 2401.0
1392540 2404.0
1392550 2404.0
1392560 2401.7
1392570 2398.4
1392580 2398.4
1392590 2396.0
1392600 2394.5
1392610 2394.5
1392620 2394.3
1392630 2394.6
1392640 2393.9
1392650 2393.9
1392660 2395.6
1392670 2399.7
1392680 2399.7
1392690 2404.5
1392700 2409.4
1392710 2409.4
1392720 2414.7
1392730 2420.4
1392740 2420.4
1392750 2426.1
1392760 2432.1
1392770 2432.1
1392780 2438.1
1392790 2444.2
1392800 2444.2
1392810 2450.4
1392820 2456.9
1392830 2463.7
1392840 2463.7
1392850 2470.5
1392860 2477.3
1392870 2477.3
1392880 2484.2
1392890 2492.1
1392900 2492.1
1392910 2502.4
1392920 2513.3
1392930 2513.3
1392940 2524.2
1392950 2537.1
1392960 2537.1
1392970 2554.5
1392980 2576.7
1392990 2576.7
1393000 2592.7
1393010 2602.6
1393020 2607.6
1393030 2607.6
1393040 2612.8
1393050 2614.6
1393060 2614.6
1393070 2612.0
1393080 2603.5
1393090 2603.5
1393100 2594.0
1393110 2584.8
1393120 2584.8
1393130 2576.1
1393140 2565.4
1393150 2565.4
1393160 2554.5
1393170 2549.6
1393180 2549.6
1393190 2546.4
1393200 2543.7
1393210 2540.4
1393220 2540.4
1393230 2536.3
1393240 2531.9
1393250 2531.9
1393260 2527.9
1393270 2523.6
1393280 2523.6
1393290 2519.6
1393300 2515.6
1393310 2515.6
1393320 2511.8
1393330 2507.7
1393340 2507.7
1393350 2503.3
1393360 2499.4
1393370 2499.4
1393380 2495.2
1393390 2490.5
1393400 2490.5
1393410 2483.7
1393420 2480.4
1393430 2477.5
1393440 2477.5
1393450 2473.9
1393460 2469.7
1393470 2469.7
1393480 2465.4
1393490 2460.6
1393500 2460.6
1393510 2455.9
1393520 2450.2
1393530 2450.2
1393540 2444.3
1393550 2439.7
1393560 2439.7
1393570 2435.9
1393580 2433.1
1393590 2433.1
1393600 2431.7
1393610 2430.5
1393620 2427.1
1393630 2427.1
1393640 2423.8
1393650 2423.1
1393660 2423.1
1393670 2421.0
1393680 2417.1
1393690 2417.1
1393700 2414.1
1393710 2412.6
1393720 2412.6
1393730 2410.0
1393740 2404.9
1393750 2404.9
1393760 2396.8
1393770 2389.9
1393780 2389.9
1393790 2384.1
1393800 2375.4
1393810 2367.8
1393820 2367.8
1393830 2361.6
1393840 2352.5
1393850 2352.5
1393860 2343.9
1393870 2331.0
1393880 2331.0
1393890 2321.1
1393900 2314.4
1393910 2314.4
1393920 2308.5
1393930 2302.8
1393940 2302.8
1393950 2296.6
1393960 2288.1
1393970 2288.1
1393980 2279.7
1393990 2274.5
1394000 2269.9
1394010 2269.9
1394020 2264.7
1394030 2258.8
1394040 2258.8
1394050 2253.0
1394060 2247.5
1394070 2247.5
1394080 2241.6
1394090 2235.6
1394100 2235.6
1394110 2229.4
1394120 2223.5
1394130 2223.5
1394140 2217.8
1394150 2211.6
1394160 2211.6
1394170 2205.2
1394180 2200.4
1394190 2196.2
1394200 2196.2
1394210 2191.7
1394220 2187.2
1394230 2187.2
1394240 2182.9
1394250 2178.7
1394260 2178.7
1394270 2174.4
1394280 2169.8
1394290 2169.8
1394300 2165.4
1394310 2161.0
1394320 2161.0
1394330 2156.9
1394340 2152.6
1394350 2152.6
1394360 2148.5
1394370 2144.7
1394380 2144.7
1394390 2141.0
1394400 2137.2
1394410 2133.9
1394420 2133.9
1394430 2131.7
1394440 2128.2
1394450 2128.2
1394460 2122.8
1394470 2116.4
1394480 2116.4
1394490 2109.7
1394500 2102.5
1394510 2102.5
1394520 2091.8
1394530 2077.5
1394540 2077.5
1394550 2067.2
1394560 2057.8
1394570 2057.8
1394580 2045.4
1394590 2037.1
1394600 2030.5
1394610 2030.5
1394620 2024.4
1394630 2014.0
1394640 2014.0
1394650 1998.7
1394660 1991.9
1394670 1991.9
1394680 1992.4
1394690 1998.7
1394700 1998.7
1394710 2006.5
1394720 2015.3
1394730 2015.3
1394740 2021.3
1394750 2023.7
1394760 2023.7
1394770 2025.8
1394780 2023.9
1394790 2018.9
1394800 2015.7
1394810 2009.7
1394820 2003.8
1394830 2003.8
1394840 1998.0
1394850 1991.7
1394860 1991.7
1394870 1987.4
1394880 1985.9
1394890 1985.9
1394900 1984.5
1394910 1981.9
1394920 1981.9
1394930 1977.0
1394940 1972.4
1394950 1972.4
1394960 1966.3
1394970 1961.5
1394980 1957.4
1394990 1957.4
1395000 1952.4
1395010 1949.1
1395020 1949.1
1395030 1944.4
1395040 1936.0
1395050 1936.0
1395060 1929.3
1395070 1924.0
1395080 1924.0
1395090 1919.2
1395100 1915.7
1395110 1915.7
1395120 1911.9
1395130 1906.7
1395140 1906.7
1395150 1900.3
1395160 1894.5
1395170 1894.5
1395180 1889.2
1395190 1883.6
1395200 1878.2
1395210 1878.2
1395220 1871.7
1395230 1865.0
1395240 1865.0
1395250 1859.3
1395260 1854.0
1395270 1854.0
1395280 1848.4
1395290 1842.4
1395300 1842.4
1395310 1836.5
1395320 1830.8
1395330 1830.8
1395340 1824.6
1395350 1818.0
1395360 1818.0
1395370 1811.6
1395380 1804.0
1395390 1795.5
1395400 1795.5
1395410 1786.8
1395420 1778.4
1395430 1778.4
1395440 1770.6
1395450 1763.7
1395460 1763.7
1395470 1757.2
1395480 1751.6
1395490 1751.6
1395500 1746.1
1395510 1740.0
1395520 1740.0
1395530 1733.1
1395540 1725.9
1395550 1725.9
1395560 1714.0
1395570 1703.4
1395580 1695.8
1395590 1695.8
1395600 1691.3
1395610 1681.5
1395620 1681.5
1395630 1671.9
1395640 1667.7
1395650 1667.7
1395660 1665.7
1395670 1659.1
1395680 1659.1
1395690 1652.2
1395700 1645.1
1395710 1645.1
1395720 1638.7
1395730 1633.3
1395740 1633.3
1395750 1628.4
1395760 1621.7
1395770 1611.7
1395780 1611.7
1395790 1599.9
1395800 1586.7
1395810 1586.7
1395820 1580.8
1395830 1584.2
1395840 1584.2
1395850 1587.4
1395860 1589.6
1395870 1589.6
1395880 1588.3
1395890 1586.9
1395900 1586.9
1395910 1586.1
1395920 1583.2
1395930 1583.2
1395940 1580.9
1395950 1579.6
1395960 1579.6
1395970 1579.8
1395980 1579.0
1395990 1580.9
1396000 1580.9
1396010 1579.9
1396020 1578.6
1396030 1578.6
1396040 1581.2
1396050 1582.5
1396060 1582.5
1396070 1583.7
1396080 1583.8
1396090 1583.8
1396100 1581.6
1396110 1578.6
1396120 1578.6
1396130 1583.0
1396140 1586.1
1396150 1586.1
1396160 1590.0
1396170 1589.8
1396180 1585.4
1396190 1585.4
1396200 1582.6
1396210 1581.7
1396220 1581.7
1396230 1591.2
1396240 1593.3
1396250 1593.3
1396260 1595.7
1396270 1594.1
1396280 1594.1
1396290 1591.1
1396300 1588.3
1396310 1588.3
1396320 1588.4
1396330 1587.7
1396340 1587.7
1396350 1584.7
1396360 1580.6
1396370 1575.6
1396380 1575.6
1396390 1570.5
1396400 1565.1
1396410 1565.1
1396420 1558.3
1396430 1546.9
1396440 1546.9
1396450 1534.6
1396460 1528.6
1396470 1528.6
1396480 1524.6
1396490 1534.6
1396500 1534.6
1396510 1537.6
1396520 1535.2
1396530 1535.2
1396540 1533.8
1396550 1538.1
1396560 1542.6
1396570 1542.6
1396580 1544.5
1396590 1544.1
1396600 1544.1
1396610 1542.2
1396620 1539.6
1396630 1539.6
1396640 1535.4
1396650 1531.0
1396660 1531.0
1396670 1525.2
1396680 1518.4
1396690 1518.4
1396700 1511.3
1396710 1503.5
1396720 1503.5
1396730 1496.1
1396740 1489.8
1396750 1489.8
1396760 1483.8
1396770 1479.3
1396780 1475.7
1396790 1475.7
1396800 1471.4
1396810 1466.7
1396820 1466.7
1396830 1462.4
1396840 1458.3
1396850 1458.3
1396860 1454.4
1396870 1450.6
1396880 1450.6
1396890 1446.7
1396900 1443.8
1396910 1443.8
1396920 1441.9
1396930 1438.6
1396940 1438.6
1396950 1435.2
1396960 1431.6
1396970 1425.8
1396980 1425.8
1396990 1418.7
1397000 1411.4
1397010 1411.4
1397020 1403.9
1397030 1395.9
1397040 1395.9
1397050 1389.9
1397060 1384.2
1397070 1384.2
1397080 1376.7
1397090 1371.2
1397100 1371.2
1397110 1370.5
1397120 1368.9
1397130 1368.9
1397140 1365.7
1397150 1360.8
1397160 1357.4
1397170 1357.4
1397180 1354.7
1397190 1353.6
1397200 1353.6
1397210 1351.9
1397220 1347.8
1397230 1347.8
1397240 1342.9
1397250 1338.4
1397260 1338.4
1397270 1331.7
1397280 1323.1
1397290 1323.1
1397300 1311.8
1397310 1304.3
1397320 1304.3
1397330 1298.7
1397340 1292.9
1397350 1287.8
1397360 1287.8
1397370 1283.7
1397380 1280.4
1397390 1280.4
1397400 1277.1
1397410 1266.2
1397420 1266.2
1397430 1251.9
1397440 1240.5
1397450 1240.5
1397460 1228.3
1397470 1216.0
1397480 1216.0
1397490 1207.7
1397500 1199.7
1397510 1199.7
1397520 1192.2
1397530 1185.0
1397540 1185.0
1397550 1178.1
1397560 1171.4
1397570 1165.5
1397580 1165.5
1397590 1159.3
1397600 1152.5
1397610 1152.5
1397620 1139.0
1397630 1123.1
1397640 1123.1
1397650 1094.9
1397660 1070.3
1397670 1077.0
1397680 1066.6
1397690 1058.3
1397700 1058.3
1397710 1050.1
1397720 1041.7
1397730 1041.7
1397740 1032.6
1397750 1023.4
1397760 1014.5
1397770 1014.5
1397780 1005.7
1397790 996.7
1397800 996.7
1397810 989.6
1397820 985.9
1397830 985.9
1397840 982.8
1397850 977.8
1397860 977.8
1397870 972.6
1397880 967.9
1397890 967.9
1397900 966.0
1397910 965.8
1397920 965.8
1397930 967.2
1397940 969.0
1397950 970.1
1397960 970.1
1397970 968.7
1397980 964.4
1397990 964.4
1398000 958.1
1398010 952.2
1398020 952.2
1398030 944.4
1398040 926.9
1398050 926.9
1398060 907.4
1398070 891.5
1398080 891.5
1398090 883.5
1398100 882.3
1398110 882.3
1398120 881.5
1398130 880.6
1398140 880.2
1398150 880.2
1398160 879.7
1398170 878.6
1398180 878.6
1398190 877.6
1398200 876.7
1398210 876.7
1398220 876.1
1398230 875.5
1398240 875.5
1398250 874.8
1398260 874.3
1398270 874.3
1398280 873.7
1398290 873.1
1398300 873.1
1398310 872.6
1398320 872.2
1398330 871.8
1398340 871.8
1398350 871.4
1398360 871.2
1398370 871.2
1398380 870.6
1398390 870.2
1398400 870.2
1398410 869.8
1398420 869.4
1398430 869.4
1398440 868.4
1398450 867.9
1398460 867.9
1398470 867.6
1398480 866.2
1398490 866.2
1398500 865.5
1398510 865.4
1398520 865.4
1398530 864.8
1398540 862.4
1398550 861.0
1398560 861.0
1398570 859.8
1398580 859.7
1398590 859.7
1398600 860.7
1398610 860.5
1398620 860.5
1398630 859.5
1398640 859.4
1398650 859.4
1398660 857.6
1398670 856.6
1398680 856.6
1398690 856.8
1398700 858.2
1398710 858.2
1398720 859.0
1398730 860.0
1398740 860.1
1398750 860.1
1398760 860.3
1398770 860.7
1398780 860.7
1398790 862.4
1398800 867.3
1398810 867.3
1398820 869.5
1398830 871.5
1398840 871.5
1398850 873.0
1398860 874.9
1398870 874.9
1398880 877.4
1398890 879.4
1398900 879.4
1398910 881.3
1398920 883.7
1398930 886.2
1398940 886.2
1398950 887.7
1398960 888.3
1398970 888.3
1398980 888.4
1398990 888.2
1399000 888.2
1399010 888.8
1399020 893.4
1399030 893.4
1399040 904.2
1399050 920.9
1399060 920.9
1399070 934.2
1399080 938.2
1399090 938.2
1399100 939.9
1399110 942.7
1399120 947.0
1399130 947.0
1399140 951.0
1399150 957.0
1399160 957.0
1399170 960.8
1399180 961.4
1399190 961.4
1399200 964.5
1399210 970.5
1399220 970.5
1399230 978.9
1399240 987.6
1399250 987.6
1399260 995.6
1399270 1004.0
1399280 1004.0
1399290 1012.2
1399300 1020.2
1399310 1020.2
1399320 1027.1
1399330 1033.7
1399340 1039.7
1399350 1039.7
1399360 1045.1
1399370 1050.5
1399380 1050.5
1399390 1057.3
1399400 1058.9
1399410 1058.9
1399420 1058.2
1399430 1060.4
1399440 1060.4
1399450 1064.5
1399460 1070.3
1399470 1070.3
1399480 1077.8
1399490 1084.3
1399500 1084.3
1399510 1090.7
1399520 1097.5
1399530 1103.6
1399540 1103.6
1399550 1109.9
1399560 1116.3
1399570 1116.3
1399580 1123.0
1399590 1130.3
1399600 1130.3
1399610 1137.3
1399620 1144.8
1399630 1144.8
1399640 1152.0
1399650 1159.4
1399660 1159.4
1399670 1167.1
1399680 1174.6
1399690 1174.6
1399700 1182.2
1399710 1188.5
1399720 1194.4
1399730 1194.4
1399740 1200.5
1399750 1206.4
1399760 1206.4
1399770 1212.0
1399780 1216.7
1399790 1216.7
1399800 1220.2
1399810 1223.5
1399820 1223.5
1399830 1225.9
1399840 1227.2
1399850 1227.2
1399860 1228.1
1399870 1229.1
1399880 1229.1
1399890 1230.7
1399900 1233.2
1399910 1236.3
1399920 1236.3
1399930 1238.8
1399940 1239.0
1399950 1239.0
1399960 1237.2
1399970 1235.6
1399980 1235.6
1399990 1234.2
