1380000 2273.8
1380010 2273.8
1380020 2280.0
1380030 2286.0
1380040 2286.0
1380050 2291.0
1380060 2294.6
1380070 2294.6
1380080 2297.2
1380090 2298.5
1380100 2305.8
1380110 2305.0
1380120 2302.5
1380130 2301.7
1380140 2301.7
1380150 2301.3
1380160 2299.8
1380170 2299.8
1380180 2298.1
1380190 2297.9
1380200 2297.9
1380210 2299.0
1380220 2300.4
1380230 2300.4
1380240 2301.6
1380250 2302.9
1380260 2302.9
1380270 2303.6
1380280 2297.2
1380290 2297.2
1380300 2290.8
1380310 2290.0
1380320 2293.3
1380330 2293.3
1380340 2298.3
1380350 2303.1
1380360 2303.1
1380370 2309.5
1380380 2316.5
1380390 2316.5
1380400 2323.4
1380410 2329.4
1380420 2329.4
1380430 2333.4
1380440 2337.1
1380450 2337.1
1380460 2340.4
1380470 2341.4
1380480 2341.4
1380490 2341.5
1380500 2341.6
1380510 2341.6
1380520 2341.6
1380530 2343.5
1380540 2346.8
1380550 2346.8
1380560 2350.7
1380570 2355.0
1380580 2355.0
1380590 2359.3
1380600 2364.5
1380610 2364.5
1380620 2370.8
1380630 2378.7
1380640 2378.7
1380650 2388.1
1380660 2398.2
1380670 2398.2
1380680 2408.5
1380690 2420.0
1380700 2420.0
1380710 2430.6
1380720 2437.7
1380730 2443.5
1380740 2443.5
1380750 2448.8
1380760 2449.1
1380770 2449.1
1380780 2442.8
1380790 2431.6
1380800 2431.6
1380810 2423.5
1380820 2420.5
1380830 2420.5
1380840 2423.2
1380850 2426.3
1380860 2426.3
1380870 2430.4
1380880 2430.2
1380890 2430.2
1380900 2429.7
1380910 2429.8
1380920 2431.4
1380930 2431.4
1380940 2435.9
1380950 2438.3
1380960 2438.3
1380970 2437.2
1380980 2441.1
1380990 2441.1
1381000 2446.9
1381010 2452.1
1381020 2452.1
1381030 2457.5
1381040 2460.9
1381050 2460.9
1381060 2463.2
1381070 2463.0
1381080 2463.0
1381090 2465.8
1381100 2472.6
1381110 2477.2
1381120 2477.2
1381130 2479.0
1381140 2485.6
1381150 2485.6
1381160 2491.6
1381170 2495.7
1381180 2495.7
1381190 2498.5
1381200 2499.2
1381210 2499.2
1381220 2502.9
1381230 2508.4
1381240 2508.4
1381250 2513.5
1381260 2518.0
1381270 2518.0
1381280 2522.7
1381290 2526.2
1381300 2527.5
1381310 2527.5
1381320 2520.1
1381330 2517.7
1381340 2517.7
1381350 2515.2
1381360 2512.9
1381370 2512.9
1381380 2510.7
1381390 2508.3
1381400 2508.3
1381410 2506.1
1381420 2502.3
1381430 2502.3
1381440 2496.6
1381450 2489.8
1381460 2489.8
1381470 2482.1
1381480 2473.3
1381490 2473.3
1381500 2465.3
1381510 2457.6
1381520 2448.3
1381530 2448.3
1381540 2440.1
1381550 2433.9
1381560 2433.9
1381570 2428.5
1381580 2423.5
1381590 2423.5
1381600 2418.5
1381610 2413.9
1381620 2413.9
1381630 2409.1
1381640 2404.5
1381650 2404.5
1381660 2399.9
1381670 2395.6
1381680 2395.6
1381690 2391.2
1381700 2386.9
1381710 2383.0
1381720 2383.0
1381730 2379.4
1381740 2375.1
1381750 2375.1
1381760 2371.0
1381770 2368.9
1381780 2368.9
1381790 2367.0
1381800 2364.7
1381810 2364.7
1381820 2362.5
1381830 2360.3
1381840 2360.3
1381850 2357.6
1381860 2353.5
1381870 2353.5
1381880 2349.1
1381890 2345.3
1381900 2342.2
1381910 2342.2
1381920 2338.9
1381930 2334.8
1381940 2334.8
1381950 2332.2
1381960 2330.2
1381970 2330.2
1381980 2328.3
1381990 2326.3
1382000 2326.3
1382010 2324.7
1382020 2322.4
1382030 2322.4
1382040 2320.1
1382050 2318.6
1382060 2318.6
1382070 2317.0
1382080 2314.5
1382090 2314.5
1382100 2312.5
1382110 2310.1
1382120 2306.5
1382130 2306.5
1382140 2304.7
1382150 2301.0
1382160 2301.0
1382170 2296.8
1382180 2292.4
1382190 2292.4
1382200 2285.8
1382210 2278.8
1382220 2278.8
1382230 2271.7
1382240 2265.6
1382250 2265.6
1382260 2259.5
1382270 2253.8
1382280 2253.8
1382290 2247.4
1382300 2240.4
1382310 2234.2
1382320 2234.2
1382330 2229.7
1382340 2224.7
1382350 2224.7
1382360 2219.0
1382370 2212.6
1382380 2212.6
1382390 2207.4
1382400 2202.2
1382410 2202.2
1382420 2190.8
1382430 2178.1
1382440 2178.1
1382450 2166.1
1382460 2159.3
1382470 2159.3
1382480 2153.8
1382490 2148.5
1382500 2140.5
1382510 2140.5
1382520 2131.6
1382530 2123.1
1382540 2123.1
1382550 2115.9
1382560 2108.3
1382570 2108.3
1382580 2100.6
1382590 2092.2
1382600 2092.2
1382610 2083.4
1382620 2075.3
1382630 2075.3
1382640 2067.3
1382650 2058.8
1382660 2058.8
1382670 2049.7
1382680 2042.2
1382690 2038.2
1382700 2038.2
1382710 2036.3
1382720 2035.8
1382730 2035.8
1382740 2038.7
1382750 2042.7
1382760 2042.7
1382770 2048.2
1382780 2054.9
1382790 2054.9
1382800 2061.5
1382810 2068.4
1382820 2068.4
1382830 2074.0
1382840 2079.0
1382850 2079.0
1382860 2084.2
1382870 2088.3
1382880 2088.3
1382890 2091.7
1382900 2093.8
1382910 2095.0
1382920 2095.0
1382930 2096.7
1382940 2098.4
1382950 2098.4
1382960 2100.1
1382970 2101.9
1382980 2101.9
1382990 2103.5
1383000 2105.3
1383010 2105.3
1383020 2107.2
1383030 2109.1
1383040 2109.1
1383050 2111.4
1383060 2113.5
1383070 2113.5
1383080 2116.1
1383090 2122.4
1383100 2129.3
1383110 2129.3
1383120 2136.2
1383130 2143.4
1383140 2143.4
1383150 2148.1
1383160 2151.5
1383170 2151.5
1383180 2154.7
1383190 2161.3
1383200 2161.3
1383210 2169.1
1383220 2175.1
1383230 2175.1
1383240 2180.1
1383250 2184.3
1383260 2184.3
1383270 2189.3
1383280 2195.2
1383290 2200.9
1383300 2200.9
1383310 2205.5
1383320 2211.1
1383330 2211.1
1383340 2217.7
1383350 2223.5
1383360 2223.5
1383370 2229.1
1383380 2235.9
1383390 2235.9
1383400 2243.1
1383410 2250.1
1383420 2250.1
1383430 2256.8
1383440 2263.4
1383450 2263.4
1383460 2270.2
1383470 2277.1
1383480 2277.1
1383490 2284.0
1383500 2290.7
1383510 2297.2
1383520 2297.2
1383530 2303.9
1383540 2310.6
1383550 2310.6
1383560 2316.5
1383570 2321.7
1383580 2321.7
1383590 2326.2
1383600 2329.8
1383610 2329.8
1383620 2333.3
1383630 2331.5
1383640 2331.5
1383650 2322.8
1383660 2315.6
1383670 2315.6
1383680 2308.8
1383690 2299.3
1383700 2289.5
1383710 2289.5
1383720 2281.4
1383730 2274.2
1383740 2274.2
1383750 2267.5
1383760 2261.2
1383770 2261.2
1383780 2255.0
1383790 2252.2
1383800 2252.2
1383810 2245.3
1383820 2239.0
1383830 2239.0
1383840 2235.4
1383850 2232.9
1383860 2232.9
1383870 2230.6
1383880 2229.8
1383890 2226.6
1383900 2226.6
1383910 2224.5
1383920 2223.8
1383930 2223.8
1383940 2222.4
1383950 2220.7
1383960 2220.7
1383970 2219.6
1383980 2218.1
1383990 2218.1
1384000 2214.4
1384010 2209.1
1384020 2209.1
1384030 2204.3
1384040 2199.6
1384050 2199.6
1384060 2195.7
1384070 2191.6
1384080 2187.9
1384090 2187.9
1384100 2184.3
1384110 2180.9
1384120 2180.9
1384130 2176.7
1384140 2172.3
1384150 2172.3
1384160 2168.0
1384170 2165.5
1384180 2165.5
1384190 2163.8
1384200 2162.1
1384210 2162.1
1384220 2160.3
1384230 2157.9
1384240 2157.9
1384250 2154.2
1384260 2155.5
1384270 2155.5
1384280 2158.5
1384290 2161.0
1384300 2162.1
1384310 2162.1
1384320 2163.3
1384330 2168.0
1384340 2168.0
1384350 2170.9
1384360 2173.3
1384370 2173.3
1384380 2175.9
1384390 2179.6
1384400 2179.6
1384410 2182.3
1384420 2183.5
1384430 2183.5
1384440 2185.0
1384450 2187.4
1384460 2187.4
1384470 2189.0
1384480 2193.8
1384490 2198.4
1384500 2198.4
1384510 2201.5
1384520 2203.9
1384530 2203.9
1384540 2205.5
1384550 2206.4
1384560 2206.4
1384570 2207.6
1384580 2208.6
1384590 2208.6
1384600 2209.3
1384610 2209.1
1384620 2209.1
1384630 2208.5
1384640 2209.7
1384650 2209.7
1384660 2213.4
1384670 2219.0
1384680 2223.8
1384690 2223.8
1384700 2227.9
1384710 2231.0
1384720 2231.0
1384730 2236.0
1384740 2242.2
1384750 2242.2
1384760 2248.2
1384770 2253.0
1384780 2253.0
1384790 2257.3
1384800 2261.7
1384810 2261.7
1384820 2266.8
1384830 2272.6
1384840 2272.6
1384850 2279.3
1384860 2286.6
1384870 2286.6
1384880 2291.8
1384890 2295.4
1384900 2298.4
1384910 2298.4
1384920 2301.2
1384930 2304.3
1384940 2304.3
1384950 2307.8
1384960 2311.7
1384970 2311.7
1384980 2315.2
1384990 2318.8
1385000 2318.8
1385010 2323.9
1385020 2329.8
1385030 2329.8
1385040 2337.1
1385050 2345.2
1385060 2342.5
1385070 2352.2
1385080 2362.1
1385090 2370.0
1385100 2370.0
1385110 2378.7
1385120 2385.3
1385130 2385.3
1385140 2391.4
1385150 2397.4
1385160 2397.4
1385170 2402.6
1385180 2406.2
1385190 2406.2
1385200 2410.4
1385210 2415.0
1385220 2415.0
1385230 2418.4
1385240 2421.7
1385250 2421.7
1385260 2426.1
1385270 2430.2
1385280 2433.1
1385290 2433.1
1385300 2435.2
1385310 2438.4
1385320 2438.4
1385330 2443.0
1385340 2448.3
1385350 2448.3
1385360 2453.6
1385370 2458.8
1385380 2458.8
1385390 2464.4
1385400 2470.4
1385410 2470.4
1385420 2476.5
1385430 2482.7
1385440 2482.7
1385450 2489.2
1385460 2496.2
1385470 2503.0
1385480 2503.0
1385490 2509.4
1385500 2510.9
1385510 2510.9
1385520 2507.0
1385530 2502.0
1385540 2502.0
1385550 2495.0
1385560 2487.0
1385570 2487.0
1385580 2481.4
1385590 2476.3
1385600 2476.3
1385610 2470.7
1385620 2464.8
1385630 2464.8
1385640 2459.2
1385650 2454.2
1385660 2454.2
1385670 2448.6
1385680 2443.5
1385690 2438.0
1385700 2438.0
1385710 2433.3
1385720 2428.6
1385730 2428.6
1385740 2424.7
1385750 2422.1
1385760 2422.1
1385770 2420.3
1385780 2418.8
1385790 2418.8
1385800 2417.1
1385810 2414.2
1385820 2414.2
1385830 2411.3
1385840 2405.6
1385850 2405.6
1385860 2401.2
1385870 2399.2
1385880 2398.3
1385890 2398.3
1385900 2398.4
1385910 2397.5
1385920 2397.5
1385930 2395.9
1385940 2393.7
1385950 2393.7
1385960 2392.1
1385970 2391.8
1385980 2391.8
1385990 2393.6
1386000 2397.2
1386010 2397.2
1386020 2398.0
1386030 2395.5
1386040 2395.5
1386050 2389.1
1386060 2375.6
1386070 2365.5
1386080 2365.5
1386090 2357.5
1386100 2351.4
1386110 2351.4
1386120 2345.9
1386130 2342.8
1386140 2342.8
1386150 2341.0
1386160 2339.0
1386170 2339.0
1386180 2336.5
1386190 2334.5
1386200 2334.5
1386210 2333.0
1386220 2331.0
1386230 2331.0
1386240 2328.6
1386250 2327.1
1386260 2327.1
1386270 2325.9
1386280 2324.9
1386290 2324.1
1386300 2324.1
1386310 2324.1
1386320 2325.1
1386330 2325.1
1386340 2330.7
1386350 2333.8
1386360 2333.8
1386370 2335.5
1386380 2333.2
1386390 2333.2
1386400 2325.6
1386410 2317.8
1386420 2317.8
1386430 2310.1
1386440 2302.2
1386450 2302.2
1386460 2295.5
1386470 2288.6
1386480 2281.9
1386490 2281.9
1386500 2275.8
1386510 2269.5
1386520 2269.5
1386530 2263.0
1386540 2256.0
1386550 2256.0
1386560 2249.6
1386570 2243.8
1386580 2243.8
1386590 2238.0
1386600 2232.2
1386610 2232.2
1386620 2226.2
1386630 2219.7
1386640 2219.7
1386650 2212.6
1386660 2206.3
1386670 2200.7
1386680 2200.7
1386690 2195.9
1386700 2190.4
1386710 2190.4
1386720 2183.7
1386730 2177.1
1386740 2177.1
1386750 2171.0
1386760 2165.1
1386770 2165.1
1386780 2159.5
1386790 2154.2
1386800 2154.2
1386810 2147.0
1386820 2135.3
1386830 2135.3
1386840 2125.6
1386850 2118.5
1386860 2112.2
1386870 2112.2
1386880 2107.3
1386890 2103.0
1386900 2103.0
1386910 2098.7
1386920 2093.7
1386930 2093.7
1386940 2087.9
1386950 2082.6
1386960 2082.6
1386970 2077.0
1386980 2071.5
1386990 2071.5
1387000 2066.4
1387010 2061.6
1387020 2061.6
1387030 2057.5
1387040 2051.8
1387050 2051.8
1387060 2050.6
1387070 2057.1
1387080 2061.6
1387090 2061.6
1387100 2063.6
1387110 2064.8
1387120 2064.8
1387130 2067.4
1387140 2071.3
1387150 2071.3
1387160 2074.5
1387170 2078.3
1387180 2078.3
1387190 2082.1
1387200 2087.5
1387210 2087.5
1387220 2093.4
1387230 2099.4
1387240 2099.4
1387250 2105.7
1387260 2112.4
1387270 2118.8
1387280 2118.8
1387290 2124.0
1387300 2128.6
1387310 2128.6
1387320 2133.1
1387330 2137.2
1387340 2137.2
1387350 2140.9
1387360 2143.2
1387370 2143.2
1387380 2145.4
1387390 2147.3
1387400 2147.3
1387410 2149.4
1387420 2152.2
1387430 2152.2
1387440 2155.2
1387450 2157.4
1387460 2160.6
1387470 2160.6
1387480 2164.7
1387490 2169.6
1387500 2169.6
1387510 2173.6
1387520 2177.1
1387530 2177.1
1387540 2180.4
1387550 2185.2
1387560 2185.2
1387570 2191.1
1387580 2196.8
1387590 2196.8
1387600 2202.4
1387610 2207.0
1387620 2207.0
1387630 2215.3
1387640 2220.4
1387650 2220.4
1387660 2227.9
1387670 2235.5
1387680 2241.9
1387690 2241.9
1387700 2249.1
1387710 2256.1
1387720 2256.1
1387730 2261.4
1387740 2265.8
1387750 2265.8
1387760 2269.9
1387770 2276.3
1387780 2276.3
1387790 2283.2
1387800 2289.0
1387810 2289.0
1387820 2295.6
1387830 2302.9
1387840 2302.9
1387850 2311.6
1387860 2320.9
1387870 2327.2
1387880 2327.2
1387890 2331.0
1387900 2333.7
1387910 2333.7
1387920 2337.9
1387930 2343.3
1387940 2343.3
1387950 2348.7
1387960 2354.5
1387970 2354.5
1387980 2359.0
1387990 2361.6
1388000 2361.6
1388010 2363.9
1388020 2367.5
1388030 2367.5
1388040 2371.0
1388050 2374.9
1388060 2377.7
1388070 2377.7
1388080 2380.2
1388090 2384.9
1388100 2384.9
1388110 2390.7
1388120 2397.1
1388130 2397.1
1388140 2402.8
1388150 2406.7
1388160 2406.7
1388170 2410.1
1388180 2414.6
1388190 2414.6
1388200 2420.6
1388210 2428.4
1388220 2428.4
1388230 2436.7
1388240 2444.9
1388250 2452.1
1388260 2452.1
1388270 2458.8
1388280 2463.3
1388290 2463.3
1388300 2467.1
1388310 2470.7
1388320 2470.7
1388330 2473.3
1388340 2472.2
1388350 2472.2
1388360 2465.2
1388370 2454.4
1388380 2454.4
1388390 2440.7
1388400 2430.0
1388410 2430.0
1388420 2421.7
1388430 2415.8
1388440 2415.8
1388450 2411.1
1388460 2406.8
1388470 2402.9
1388480 2402.9
1388490 2398.3
1388500 2393.9
1388510 2393.9
1388520 2389.6
1388530 2382.9
1388540 2382.9
1388550 2376.2
1388560 2369.2
1388570 2369.2
1388580 2362.5
1388590 2356.0
1388600 2356.0
1388610 2349.4
1388620 2343.6
1388630 2343.6
1388640 2336.7
1388650 2329.4
1388660 2322.0
1388670 2322.0
1388680 2315.1
1388690 2308.1
1388700 2308.1
1388710 2300.3
1388720 2292.4
1388730 2292.4
1388740 2284.0
1388750 2275.9
1388760 2275.9
1388770 2267.9
1388780 2259.3
1388790 2259.3
1388800 2250.6
1388810 2243.0
1388820 2243.0
1388830 2235.4
1388840 2228.5
1388850 2221.7
1388860 2221.7
1388870 2214.5
1388880 2206.6
1388890 2206.6
1388900 2198.1
1388910 2189.5
1388920 2189.5
1388930 2181.9
1388940 2176.0
1388950 2178.8
1388960 2174.5
1388970 2170.6
1388980 2170.6
1388990 2165.7
1389000 2161.2
1389010 2161.2
1389020 2156.6
1389030 2151.6
1389040 2146.7
1389050 2146.7
1389060 2141.6
1389070 2135.5
1389080 2135.5
1389090 2129.3
1389100 2124.2
1389110 2124.2
1389120 2118.6
1389130 2112.7
1389140 2112.7
1389150 2107.5
1389160 2102.2
1389170 2102.2
1389180 2096.7
1389190 2091.5
1389200 2091.5
1389210 2086.3
1389220 2080.4
1389230 2080.4
1389240 2074.0
1389250 2073.2
1389260 2076.3
1389270 2076.3
1389280 2077.4
1389290 2078.2
1389300 2078.2
1389310 2078.4
1389320 2079.3
1389330 2079.3
1389340 2080.0
1389350 2080.4
1389360 2080.4
1389370 2081.2
1389380 2084.0
1389390 2084.0
1389400 2088.8
1389410 2095.1
1389420 2095.1
1389430 2102.1
1389440 2108.2
1389450 2113.5
1389460 2113.5
1389470 2119.3
1389480 2124.1
1389490 2124.1
1389500 2127.7
1389510 2131.3
1389520 2131.3
1389530 2135.7
1389540 2140.7
1389550 2140.7
1389560 2146.3
1389570 2152.2
1389580 2152.2
1389590 2158.2
1389600 2164.2
1389610 2164.2
1389620 2170.0
1389630 2176.0
1389640 2182.5
1389650 2182.5
1389660 2189.5
1389670 2196.1
1389680 2196.1
1389690 2202.9
1389700 2209.8
1389710 2209.8
1389720 2216.7
1389730 2223.4
1389740 2223.4
1389750 2230.2
1389760 2236.9
1389770 2236.9
1389780 2243.8
1389790 2251.3
1389800 2251.3
1389810 2256.8
1389820 2261.4
1389830 2261.4
1389840 2265.8
1389850 2269.6
1389860 2274.9
1389870 2274.9
1389880 2281.2
1389890 2287.4
1389900 2287.4
1389910 2292.8
1389920 2299.2
1389930 2299.2
1389940 2305.9
1389950 2312.3
1389960 2312.3
1389970 2316.9
1389980 2320.4
1389990 2320.4
1390000 2323.9
1390010 2326.9
1390020 2326.9
1390030 2329.3
1390040 2332.2
1390050 2335.3
1390060 2335.3
1390070 2339.3
1390080 2344.3
1390090 2344.3
1390100 2349.8
1390110 2356.2
1390120 2356.2
1390130 2363.1
1390140 2370.6
1390150 2370.6
1390160 2378.3
1390170 2386.7
1390180 2386.7
1390190 2395.0
1390200 2402.9
1390210 2402.9
1390220 2411.3
1390230 2419.2
1390240 2423.4
1390250 2423.4
1390260 2420.8
1390270 2417.8
1390280 2424.3
1390290 2424.7
1390300 2426.0
1390310 2426.0
1390320 2428.7
1390330 2432.1
1390340 2432.1
1390350 2435.0
1390360 2433.3
1390370 2433.3
1390380 2429.4
1390390 2421.4
1390400 2421.4
1390410 2412.5
1390420 2402.5
1390430 2400.4
1390440 2400.4
1390450 2401.8
1390460 2407.0
1390470 2407.0
1390480 2406.8
1390490 2400.9
1390500 2400.9
1390510 2390.1
1390520 2377.8
1390530 2377.8
1390540 2367.3
1390550 2360.8
1390560 2360.8
1390570 2359.1
1390580 2354.9
1390590 2354.9
1390600 2351.0
1390610 2347.6
1390620 2347.6
1390630 2344.1
1390640 2340.5
1390650 2336.9
1390660 2336.9
1390670 2335.1
1390680 2333.2
1390690 2333.2
1390700 2331.0
1390710 2329.5
1390720 2329.5
1390730 2327.8
1390740 2327.4
1390750 2327.4
1390760 2328.5
1390770 2329.3
1390780 2329.3
1390790 2327.1
1390800 2323.2
1390810 2323.2
1390820 2321.7
1390830 2321.8
1390840 2321.8
1390850 2321.8
1390860 2321.0
1390870 2320.8
1390880 2320.8
1390890 2320.7
1390900 2320.5
1390910 2320.5
1390920 2319.9
1390930 2314.4
1390940 2314.4
1390950 2307.9
1390960 2301.4
1390970 2301.4
1390980 2294.0
1390990 2285.6
1391000 2285.6
1391010 2276.0
1391020 2267.2
1391030 2261.2
1391040 2261.2
1391050 2255.3
1391060 2247.8
1391070 2247.8
1391080 2242.2
1391090 2236.4
1391100 2236.4
1391110 2229.4
1391120 2223.1
1391130 2223.1
1391140 2218.4
1391150 2211.8
1391160 2211.8
1391170 2202.7
1391180 2197.0
1391190 2197.0
1391200 2189.4
1391210 2182.1
1391220 2182.1
1391230 2173.0
1391240 2163.5
1391250 2155.0
1391260 2155.0
1391270 2142.9
1391280 2126.9
1391290 2126.9
1391300 2112.8
1391310 2096.4
1391320 2096.4
1391330 2084.3
1391340 2070.8
1391350 2070.8
1391360 2059.6
1391370 2049.6
1391380 2049.6
1391390 2037.9
1391400 2025.2
1391410 2025.2
1391420 2018.3
1391430 2013.9
1391440 2009.8
1391450 2009.8
1391460 2005.2
1391470 2000.0
1391480 2000.0
1391490 1993.9
1391500 1988.1
1391510 1988.1
1391520 1982.7
1391530 1977.7
1391540 1977.7
1391550 1973.0
1391560 1968.2
1391570 1968.2
1391580 1963.1
1391590 1958.5
1391600 1958.5
1391610 1954.2
1391620 1950.6
1391630 1950.6
1391640 1950.6
1391650 1947.0
1391660 1943.4
1391670 1943.4
1391680 1941.5
1391690 1939.3
1391700 1939.3
1391710 1938.1
1391720 1940.6
1391730 1940.6
1391740 1944.0
1391750 1946.1
1391760 1946.1
1391770 1948.1
1391780 1949.2
1391790 1949.2
1391800 1949.4
1391810 1949.3
1391820 1951.1
1391830 1951.1
1391840 1954.0
1391850 1957.5
1391860 1957.5
1391870 1960.6
1391880 1963.6
1391890 1963.6
1391900 1965.9
1391910 1969.6
1391920 1969.6
1391930 1974.3
1391940 1979.8
1391950 1979.8
1391960 1985.5
1391970 1991.1
1391980 1991.1
1391990 1996.4
1392000 2000.9
1392010 2000.9
1392020 2003.8
1392030 2006.6
1392040 2010.0
1392050 2010.0
1392060 2014.4
1392070 2020.7
1392080 2020.7
1392090 2028.2
1392100 2036.6
1392110 2036.6
1392120 2045.8
1392130 2053.7
1392140 2053.7
1392150 2060.2
1392160 2066.3
1392170 2066.3
1392180 2072.2
1392190 2077.8
1392200 2077.8
1392210 2083.4
1392220 2089.3
1392230 2095.9
1392240 2095.9
1392250 2103.0
1392260 2110.0
1392270 2110.0
1392280 2117.1
1392290 2123.9
1392300 2123.9
1392310 2131.2
1392320 2139.8
1392330 2139.8
1392340 2148.5
1392350 2157.7
1392360 2157.7
1392370 2168.1
1392380 2180.4
1392390 2180.4
1392400 2191.5
1392410 2202.1
1392420 2209.2
1392430 2209.2
1392440 2215.9
1392450 2224.5
1392460 2224.5
1392470 2233.1
1392480 2240.1
1392490 2240.1
1392500 2249.3
1392510 2259.7
1392520 2259.7
1392530 2270.0
1392540 2279.0
1392550 2279.0
1392560 2288.3
1392570 2297.6
1392580 2297.6
1392590 2306.1
1392600 2315.0
1392610 2324.7
1392620 2324.7
1392630 2333.5
1392640 2341.9
1392650 2341.9
1392660 2349.8
1392670 2358.0
1392680 2358.0
1392690 2361.7
1392700 2354.4
1392710 2354.4
1392720 2346.2
1392730 2337.0
1392740 2337.0
1392750 2325.7
1392760 2315.2
1392770 2315.2
1392780 2307.3
1392790 2303.3
1392800 2303.3
1392810 2299.2
1392820 2295.1
1392830 2293.7
1392840 2293.7
1392850 2295.3
1392860 2295.7
1392870 2295.7
1392880 2293.6
1392890 2289.2
1392900 2289.2
1392910 2280.9
1392920 2273.2
1392930 2273.2
1392940 2263.8
1392950 2247.8
1392960 2247.8
1392970 2236.6
1392980 2231.3
1392990 2231.3
1393000 2234.3
1393010 2228.9
1393020 2224.5
1393030 2224.5
1393040 2219.7
1393050 2215.7
1393060 2215.7
1393070 2211.6
1393080 2207.4
1393090 2207.4
1393100 2203.3
1393110 2199.5
1393120 2199.5
1393130 2196.9
1393140 2194.5
1393150 2194.5
1393160 2192.0
1393170 2190.5
1393180 2190.5
1393190 2189.2
1393200 2187.4
1393210 2184.1
1393220 2184.1
1393230 2182.6
1393240 2180.8
1393250 2180.8
1393260 2179.8
1393270 2178.0
1393280 2178.0
1393290 2175.1
1393300 2171.8
1393310 2171.8
1393320 2168.4
1393330 2165.9
1393340 2165.9
1393350 2165.7
1393360 2166.8
1393370 2166.8
1393380 2167.2
1393390 2168.8
1393400 2168.8
1393410 2169.3
1393420 2168.5
1393430 2169.2
1393440 2169.2
1393450 2170.4
1393460 2171.3
1393470 2171.3
1393480 2172.7
1393490 2173.7
1393500 2173.7
1393510 2174.3
1393520 2175.1
1393530 2175.1
1393540 2174.8
1393550 2175.5
1393560 2175.5
1393570 2177.0
1393580 2179.4
1393590 2179.4
1393600 2182.5
1393610 2185.3
1393620 2187.6
1393630 2187.6
1393640 2190.1
1393650 2192.6
1393660 2192.6
1393670 2194.4
1393680 2196.2
1393690 2196.2
1393700 2200.1
1393710 2205.6
1393720 2205.6
1393730 2212.0
1393740 2218.7
1393750 2218.7
1393760 2224.4
1393770 2230.0
1393780 2230.0
1393790 2234.8
1393800 2240.3
1393810 2246.1
1393820 2246.1
1393830 2251.8
1393840 2255.0
1393850 2255.0
1393860 2258.0
1393870 2262.2
1393880 2262.2
1393890 2267.0
1393900 2272.5
1393910 2272.5
1393920 2278.1
1393930 2284.0
1393940 2284.0
1393950 2290.0
1393960 2297.1
1393970 2297.1
1393980 2303.9
1393990 2310.2
1394000 2316.7
1394010 2316.7
1394020 2324.5
1394030 2332.7
1394040 2332.7
1394050 2341.0
1394060 2349.6
1394070 2349.6
1394080 2358.2
1394090 2365.9
1394100 2365.9
1394110 2374.2
1394120 2383.1
1394130 2383.1
1394140 2392.2
1394150 2399.9
1394160 2399.9
1394170 2402.0
1394180 2392.9
1394190 2392.9
1394200 2383.8
1394210 2379.9
1394220 2373.5
1394230 2373.5
1394240 2378.5
1394250 2379.4
1394260 2379.4
1394270 2373.4
1394280 2366.3
1394290 2366.3
1394300 2349.9
1394310 2330.6
1394320 2330.6
1394330 2314.6
1394340 2299.7
1394350 2299.7
1394360 2286.4
1394370 2274.1
1394380 2274.1
1394390 2256.4
1394400 2245.0
1394410 2246.3
1394420 2246.3
1394430 2238.7
1394440 2224.3
1394450 2224.3
1394460 2218.3
1394470 2217.5
1394480 2217.5
1394490 2212.3
1394500 2211.9
1394510 2211.9
1394520 2210.1
1394530 2202.5
1394540 2202.5
1394550 2189.0
1394560 2177.7
1394570 2177.7
1394580 2169.7
1394590 2161.3
1394600 2153.0
1394610 2153.0
1394620 2143.5
1394630 2134.4
1394640 2134.4
1394650 2131.2
1394660 2128.5
1394670 2128.5
1394680 2125.7
1394690 2118.9
1394700 2118.9
1394710 2110.3
1394720 2099.2
1394730 2099.2
1394740 2088.1
1394750 2077.9
1394760 2077.9
1394770 2067.6
1394780 2057.1
1394790 2057.1
1394800 2048.3
1394810 2042.9
1394820 2040.4
1394830 2040.4
1394840 2037.1
1394850 2035.4
1394860 2035.4
1394870 2036.7
1394880 2036.9
1394890 2036.9
1394900 2034.0
1394910 2028.4
1394920 2028.4
1394930 2018.7
1394940 2008.1
1394950 2008.1
1394960 1998.8
1394970 1988.6
1394980 1988.6
1394990 1977.1
1395000 1964.4
1395010 1951.8
1395020 1951.8
1395030 1940.0
1395040 1928.0
1395050 1928.0
1395060 1916.8
1395070 1899.6
1395080 1899.6
1395090 1879.1
1395100 1859.0
1395110 1859.0
1395120 1838.4
1395130 1830.2
1395140 1830.2
1395150 1836.9
1395160 1840.9
1395170 1840.9
1395180 1853.5
1395190 1865.4
1395200 1870.4
1395210 1870.4
1395220 1870.5
1395230 1867.3
1395240 1867.3
1395250 1857.2
1395260 1848.0
1395270 1848.0
1395280 1845.6
1395290 1841.2
1395300 1841.2
1395310 1837.5
1395320 1833.9
1395330 1833.9
1395340 1835.4
1395350 1839.5
1395360 1839.5
1395370 1842.1
1395380 1843.2
1395390 1843.0
1395400 1843.0
1395410 1843.3
1395420 1840.9
1395430 1840.9
1395440 1836.6
1395450 1833.2
1395460 1833.2
1395470 1831.9
1395480 1831.3
1395490 1831.3
1395500 1829.1
1395510 1826.4
1395520 1826.4
1395530 1824.3
1395540 1820.5
1395550 1820.5
1395560 1810.8
1395570 1801.1
1395580 1801.1
1395590 1790.5
1395600 1779.8
1395610 1768.5
1395620 1768.5
1395630 1752.2
1395640 1744.1
1395650 1744.1
1395660 1738.1
1395670 1727.0
1395680 1727.0
1395690 1712.7
1395700 1701.1
1395710 1701.1
1395720 1690.4
1395730 1679.1
1395740 1679.1
1395750 1669.2
1395760 1662.6
1395770 1662.6
1395780 1656.4
1395790 1650.0
1395800 1642.3
1395810 1640.5
1395820 1629.9
1395830 1622.2
1395840 1622.2
1395850 1614.5
1395860 1608.0
1395870 1608.0
1395880 1603.6
1395890 1595.1
1395900 1595.1
1395910 1582.3
1395920 1575.5
1395930 1575.5
1395940 1567.6
1395950 1558.8
1395960 1558.8
1395970 1547.8
1395980 1539.8
1395990 1533.9
1396000 1533.9
1396010 1526.5
1396020 1518.4
1396030 1518.4
1396040 1509.8
1396050 1500.9
1396060 1500.9
1396070 1493.3
1396080 1485.3
1396090 1485.3
1396100 1477.0
1396110 1469.0
1396120 1469.0
1396130 1453.6
1396140 1435.3
1396150 1435.3
1396160 1424.2
1396170 1418.0
1396180 1418.0
1396190 1410.7
1396200 1399.2
1396210 1386.8
1396220 1386.8
1396230 1378.5
1396240 1370.3
1396250 1370.3
1396260 1362.1
1396270 1353.6
1396280 1353.6
1396290 1341.1
1396300 1326.9
1396310 1326.9
1396320 1317.7
1396330 1314.2
1396340 1314.2
1396350 1313.6
1396360 1315.5
1396370 1315.5
1396380 1315.8
1396390 1308.2
1396400 1308.2
1396410 1308.2
1396420 1316.0
1396430 1322.5
1396440 1322.5
1396450 1326.4
1396460 1328.6
1396470 1328.6
1396480 1330.9
1396490 1334.1
1396500 1334.1
1396510 1326.6
1396520 1310.8
1396530 1310.8
1396540 1299.2
1396550 1285.5
1396560 1285.5
1396570 1274.1
1396580 1256.3
1396590 1238.7
1396600 1238.7
1396610 1228.4
1396620 1218.3
1396630 1218.3
1396640 1206.3
1396650 1196.9
1396660 1196.9
1396670 1188.6
1396680 1181.1
1396690 1181.1
1396700 1173.6
1396710 1165.9
1396720 1165.9
1396730 1158.5
1396740 1151.1
1396750 1151.1
1396760 1144.2
1396770 1136.7
1396780 1128.9
1396790 1128.9
1396800 1122.0
1396810 1115.7
1396820 1115.7
1396830 1110.1
1396840 1105.2
1396850 1105.2
1396860 1099.4
1396870 1092.9
1396880 1092.9
1396890 1086.0
1396900 1077.0
1396910 1077.0
1396920 1067.9
1396930 1060.0
1396940 1060.0
1396950 1052.4
1396960 1044.7
1396970 1044.7
1396980 1037.1
1396990 1030.1
1397000 1023.1
1397010 1023.1
1397020 1017.0
1397030 1010.4
1397040 1010.4
1397050 1004.6
1397060 999.0
1397070 999.0
1397080 993.4
1397090 987.3
1397100 987.3
1397110 981.4
1397120 975.2
1397130 975.2
1397140 969.4
1397150 964.2
1397160 964.2
1397170 959.1
1397180 953.0
1397190 946.6
1397200 946.6
1397210 941.4
1397220 936.9
1397230 936.9
1397240 932.4
1397250 927.6
1397260 927.6
1397270 922.7
1397280 919.3
1397290 919.3
1397300 916.3
1397310 915.6
1397320 915.6
1397330 912.1
1397340 908.0
1397350 908.0
1397360 906.5
1397370 906.4
1397380 908.1
1397390 908.1
1397400 914.0
1397410 922.8
1397420 922.8
1397430 929.3
1397440 931.6
1397450 931.6
1397460 933.4
1397470 934.9
1397480 934.9
1397490 936.2
1397500 937.6
1397510 937.6
1397520 939.2
1397530 941.0
1397540 941.0
1397550 942.5
1397560 943.8
1397570 945.3
1397580 945.3
1397590 946.9
1397600 948.6
1397610 948.6
1397620 950.3
1397630 952.4
1397640 952.4
1397650 954.4
1397660 955.6
1397670 955.6
1397680 955.5
1397690 952.3
1397700 952.3
1397710 950.3
1397720 945.3
1397730 945.3
1397740 948.5
1397750 955.4
1397760 955.4
1397770 959.6
1397780 959.7
1397790 959.5
1397800 959.5
1397810 959.3
1397820 959.1
1397830 959.1
1397840 959.2
1397850 959.0
1397860 959.0
1397870 958.4
1397880 957.8
1397890 957.8
1397900 957.3
1397910 956.2
1397920 956.2
1397930 955.1
1397940 954.2
1397950 954.2
1397960 953.5
1397970 952.8
1397980 952.2
1397990 952.2
1398000 951.5
1398010 951.6
1398020 951.6
1398030 953.7
1398040 958.7
1398050 958.7
1398060 963.2
1398070 966.4
1398080 966.4
1398090 969.0
1398100 971.5
1398110 971.5
1398120 974.1
1398130 975.8
1398140 975.8
1398150 976.7
1398160 977.4
1398170 977.4
1398180 977.4
1398190 976.4
1398200 976.9
1398210 976.9
1398220 977.9
1398230 979.3
1398240 979.3
1398250 980.5
1398260 981.6
1398270 981.6
1398280 982.5
1398290 983.0
1398300 983.0
1398310 982.6
1398320 982.3
1398330 982.3
1398340 981.8
1398350 981.1
1398360 981.1
1398370 980.8
1398380 979.7
1398390 978.9
1398400 978.9
1398410 978.8
1398420 980.0
1398430 980.0
1398440 983.8
1398450 988.9
1398460 988.9
1398470 994.2
1398480 999.5
1398490 999.5
1398500 1005.5
1398510 1012.2
1398520 1012.2
1398530 1021.9
1398540 1033.5
1398550 1033.5
1398560 1043.3
1398570 1054.1
1398580 1062.6
1398590 1062.6
1398600 1067.8
1398610 1078.0
1398620 1078.0
1398630 1083.6
1398640 1090.0
1398650 1090.0
1398660 1101.5
1398670 1113.7
1398680 1113.7
1398690 1128.7
1398700 1135.7
1398710 1123.4
1398720 1119.8
1398730 1121.2
1398740 1121.2
1398750 1128.5
1398760 1144.4
1398770 1166.7
1398780 1166.7
1398790 1177.9
1398800 1186.9
1398810 1186.9
1398820 1197.7
1398830 1212.0
1398840 1212.0
1398850 1226.1
1398860 1241.0
1398870 1241.0
1398880 1254.8
1398890 1265.3
1398900 1265.3
1398910 1276.2
1398920 1289.2
1398930 1289.2
1398940 1298.4
1398950 1304.0
1398960 1308.7
1398970 1308.7
1398980 1311.2
1398990 1313.9
1399000 1313.9
1399010 1314.0
1399020 1314.0
1399030 1314.0
1399040 1314.4
1399050 1314.0
1399060 1314.0
1399070 1312.5
1399080 1311.5
1399090 1311.5
1399100 1313.1
1399110 1317.5
1399120 1317.5
1399130 1324.8
1399140 1329.4
1399150 1329.4
1399160 1333.9
1399170 1339.9
1399180 1345.6
1399190 1345.6
1399200 1348.1
1399210 1349.7
1399220 1349.7
1399230 1351.6
1399240 1353.9
1399250 1353.9
1399260 1356.2
1399270 1358.4
1399280 1358.4
1399290 1361.5
1399300 1364.0
1399310 1364.0
1399320 1366.8
1399330 1370.4
1399340 1370.4
1399350 1374.8
1399360 1379.1
1399370 1383.2
1399380 1383.2
1399390 1386.1
1399400 1388.7
1399410 1388.7
1399420 1391.7
1399430 1395.4
1399440 1395.4
1399450 1399.5
1399460 1403.0
1399470 1403.0
1399480 1406.6
1399490 1412.3
1399500 1412.3
1399510 1417.4
1399520 1422.3
1399530 1422.3
1399540 1428.7
1399550 1435.7
1399560 1437.9
1399570 1437.9
1399580 1439.6
1399590 1441.9
1399600 1441.9
1399610 1442.9
1399620 1443.5
1399630 1443.5
1399640 1444.4
1399650 1446.0
1399660 1446.0
1399670 1448.3
1399680 1452.1
1399690 1452.1
1399700 1455.9
1399710 1461.0
1399720 1461.0
1399730 1466.9
1399740 1473.6
1399750 1473.6
1399760 1479.7
1399770 1485.0
1399780 1490.0
1399790 1490.0
1399800 1493.6
1399810 1496.4
1399820 1496.4
1399830 1499.2
1399840 1502.5
1399850 1502.5
1399860 1505.9
1399870 1508.1
1399880 1508.1
1399890 1510.4
1399900 1512.8
1399910 1512.8
1399920 1515.5
1399930 1517.4
1399940 1517.4
1399950 1519.5
1399960 1524.3
1399970 1529.1
1399980 1529.1
1399990 1533.3
1380000 2273.8
1380010 2273.8
1380020 2280.0
1380030 2286.0
1380040 2286.0
1380050 2291.0
1380060 2294.6
1380070 2294.6
1380080 2297.2
1380090 2298.5
1380100 2305.8
1380110 2305.0
1380120 2302.5
1380130 2301.7
1380140 2301.7
1380150 2301.3
1380160 2299.8
1380170 2299.8
1380180 2298.1
1380190 2297.9
1380200 2297.9
1380210 2299.0
1380220 2300.4
1380230 2300.4
1380240 2301.6
1380250 2302.9
1380260 2302.9
1380270 2303.6
1380280 2297.2
1380290 2297.2
1380300 2290.8
1380310 2290.0
1380320 2293.3
1380330 2293.3
1380340 2298.3
1380350 2303.1
1380360 2303.1
1380370 2309.5
1380380 2316.5
1380390 2316.5
1380400 2323.4
1380410 2329.4
1380420 2329.4
1380430 2333.4
1380440 2337.1
1380450 2337.1
1380460 2340.4
1380470 2341.4
1380480 2341.4
1380490 2341.5
1380500 2341.6
1380510 2341.6
1380520 2341.6
1380530 2343.5
1380540 2346.8
1380550 2346.8
1380560 2350.7
1380570 2355.0
1380580 2355.0
1380590 2359.3
1380600 2364.5
1380610 2364.5
1380620 2370.8
1380630 2378.7
1380640 2378.7
1380650 2388.1
1380660 2398.2
1380670 2398.2
1380680 2408.5
1380690 2420.0
1380700 2420.0
1380710 2430.6
1380720 2437.7
1380730 2443.5
1380740 2443.5
1380750 2448.8
1380760 2449.1
1380770 2449.1
1380780 2442.8
1380790 2431.6
1380800 2431.6
1380810 2423.5
1380820 2420.5
1380830 2420.5
1380840 2423.2
1380850 2426.3
1380860 2426.3
1380870 2430.4
1380880 2430.2
1380890 2430.2
1380900 2429.7
1380910 2429.8
1380920 2431.4
1380930 2431.4
1380940 2435.9
1380950 2438.3
1380960 2438.3
1380970 2437.2
1380980 2441.1
1380990 2441.1
1381000 2446.9
1381010 2452.1
1381020 2452.1
1381030 2457.5
1381040 2460.9
1381050 2460.9
1381060 2463.2
1381070 2463.0
1381080 2463.0
1381090 2465.8
1381100 2472.6
1381110 2477.2
1381120 2477.2
1381130 2479.0
1381140 2485.6
1381150 2485.6
1381160 2491.6
1381170 2495.7
1381180 2495.7
1381190 2498.5
1381200 2499.2
1381210 2499.2
1381220 2502.9
1381230 2508.4
1381240 2508.4
1381250 2513.5
1381260 2518.0
1381270 2518.0
1381280 2522.7
1381290 2526.2
1381300 2527.5
1381310 2527.5
1381320 2520.1
1381330 2517.7
1381340 2517.7
1381350 2515.2
1381360 2512.9
1381370 2512.9
1381380 2510.7
1381390 2508.3
1381400 2508.3
1381410 2506.1
1381420 2502.3
1381430 2502.3
1381440 2496.6
1381450 2489.8
1381460 2489.8
1381470 2482.1
1381480 2473.3
1381490 2473.3
1381500 2465.3
1381510 2457.6
1381520 2448.3
1381530 2448.3
1381540 2440.1
1381550 2433.9
1381560 2433.9
1381570 2428.5
1381580 2423.5
1381590 2423.5
1381600 2418.5
1381610 2413.9
1381620 2413.9
1381630 2409.1
1381640 2404.5
1381650 2404.5
1381660 2399.9
1381670 2395.6
1381680 2395.6
1381690 2391.2
1381700 2386.9
1381710 2383.0
1381720 2383.0
1381730 2379.4
1381740 2375.1
1381750 2375.1
1381760 2371.0
1381770 2368.9
1381780 2368.9
1381790 2367.0
1381800 2364.7
1381810 2364.7
1381820 2362.5
1381830 2360.3
1381840 2360.3
1381850 2357.6
1381860 2353.5
1381870 2353.5
1381880 2349.1
1381890 2345.3
1381900 2342.2
1381910 2342.2
1381920 2338.9
1381930 2334.8
1381940 2334.8
1381950 2332.2
1381960 2330.2
1381970 2330.2
1381980 2328.3
1381990 2326.3
1382000 2326.3
1382010 2324.7
1382020 2322.4
1382030 2322.4
1382040 2320.1
1382050 2318.6
1382060 2318.6
1382070 2317.0
1382080 2314.5
1382090 2314.5
1382100 2312.5
1382110 2310.1
1382120 2306.5
1382130 2306.5
1382140 2304.7
1382150 2301.0
1382160 2301.0
1382170 2296.8
1382180 2292.4
1382190 2292.4
1382200 2285.8
1382210 2278.8
1382220 2278.8
1382230 2271.7
1382240 2265.6
1382250 2265.6
1382260 2259.5
1382270 2253.8
1382280 2253.8
1382290 2247.4
1382300 2240.4
1382310 2234.2
1382320 2234.2
1382330 2229.7
1382340 2224.7
1382350 2224.7
1382360 2219.0
1382370 2212.6
1382380 2212.6
1382390 2207.4
1382400 2202.2
1382410 2202.2
1382420 2190.8
1382430 2178.1
1382440 2178.1
1382450 2166.1
1382460 2159.3
1382470 2159.3
1382480 2153.8
1382490 2148.5
1382500 2140.5
1382510 2140.5
1382520 2131.6
1382530 2123.1
1382540 2123.1
1382550 2115.9
1382560 2108.3
1382570 2108.3
1382580 2100.6
1382590 2092.2
1382600 2092.2
1382610 2083.4
1382620 2075.3
1382630 2075.3
1382640 2067.3
1382650 2058.8
1382660 2058.8
1382670 2049.7
1382680 2042.2
1382690 2038.2
1382700 2038.2
1382710 2036.3
1382720 2035.8
1382730 2035.8
1382740 2038.7
1382750 2042.7
1382760 2042.7
1382770 2048.2
1382780 2054.9
1382790 2054.9
1382800 2061.5
1382810 2068.4
1382820 2068.4
1382830 2074.0
1382840 2079.0
1382850 2079.0
1382860 2084.2
1382870 2088.3
1382880 2088.3
1382890 2091.7
1382900 2093.8
1382910 2095.0
1382920 2095.0
1382930 2096.7
1382940 2098.4
1382950 2098.4
1382960 2100.1
1382970 2101.9
1382980 2101.9
1382990 2103.5
1383000 2105.3
1383010 2105.3
1383020 2107.2
1383030 2109.1
1383040 2109.1
1383050 2111.4
1383060 2113.5
1383070 2113.5
1383080 2116.1
1383090 2122.4
1383100 2129.3
1383110 2129.3
1383120 2136.2
1383130 2143.4
1383140 2143.4
1383150 2148.1
1383160 2151.5
1383170 2151.5
1383180 2154.7
1383190 2161.3
1383200 2161.3
1383210 2169.1
1383220 2175.1
1383230 2175.1
1383240 2180.1
1383250 2184.3
1383260 2184.3
1383270 2189.3
1383280 2195.2
1383290 2200.9
1383300 2200.9
1383310 2205.5
1383320 2211.1
1383330 2211.1
1383340 2217.7
1383350 2223.5
1383360 2223.5
1383370 2229.1
1383380 2235.9
1383390 2235.9
1383400 2243.1
1383410 2250.1
1383420 2250.1
1383430 2256.8
1383440 2263.4
1383450 2263.4
1383460 2270.2
1383470 2277.1
1383480 2277.1
1383490 2284.0
1383500 2290.7
1383510 2297.2
1383520 2297.2
1383530 2303.9
1383540 2310.6
1383550 2310.6
1383560 2316.5
1383570 2321.7
1383580 2321.7
1383590 2326.2
1383600 2329.8
1383610 2329.8
1383620 2333.3
1383630 2331.5
1383640 2331.5
1383650 2322.8
1383660 2315.6
1383670 2315.6
1383680 2308.8
1383690 2299.3
1383700 2289.5
1383710 2289.5
1383720 2281.4
1383730 2274.2
1383740 2274.2
1383750 2267.5
1383760 2261.2
1383770 2261.2
1383780 2255.0
1383790 2252.2
1383800 2252.2
1383810 2245.3
1383820 2239.0
1383830 2239.0
1383840 2235.4
1383850 2232.9
1383860 2232.9
1383870 2230.6
1383880 2229.8
1383890 2226.6
1383900 2226.6
1383910 2224.5
1383920 2223.8
1383930 2223.8
1383940 2222.4
1383950 2220.7
1383960 2220.7
1383970 2219.6
1383980 2218.1
1383990 2218.1
1384000 2214.4
1384010 2209.1
1384020 2209.1
1384030 2204.3
1384040 2199.6
1384050 2199.6
1384060 2195.7
1384070 2191.6
1384080 2187.9
1384090 2187.9
1384100 2184.3
1384110 2180.9
1384120 2180.9
1384130 2176.7
1384140 2172.3
1384150 2172.3
1384160 2168.0
1384170 2165.5
1384180 2165.5
1384190 2163.8
1384200 2162.1
1384210 2162.1
1384220 2160.3
1384230 2157.9
1384240 2157.9
1384250 2154.2
1384260 2155.5
1384270 2155.5
1384280 2158.5
1384290 2161.0
1384300 2162.1
1384310 2162.1
1384320 2163.3
1384330 2168.0
1384340 2168.0
1384350 2170.9
1384360 2173.3
1384370 2173.3
1384380 2175.9
1384390 2179.6
1384400 2179.6
1384410 2182.3
1384420 2183.5
1384430 2183.5
1384440 2185.0
1384450 2187.4
1384460 2187.4
1384470 2189.0
1384480 2193.8
1384490 2198.4
1384500 2198.4
1384510 2201.5
1384520 2203.9
1384530 2203.9
1384540 2205.5
1384550 2206.4
1384560 2206.4
1384570 2207.6
1384580 2208.6
1384590 2208.6
1384600 2209.3
1384610 2209.1
1384620 2209.1
1384630 2208.5
1384640 2209.7
1384650 2209.7
1384660 2213.4
1384670 2219.0
1384680 2223.8
1384690 2223.8
1384700 2227.9
1384710 2231.0
1384720 2231.0
1384730 2236.0
1384740 2242.2
1384750 2242.2
1384760 2248.2
1384770 2253.0
1384780 2253.0
1384790 2257.3
1384800 2261.7
1384810 2261.7
1384820 2266.8
1384830 2272.6
1384840 2272.6
1384850 2279.3
1384860 2286.6
1384870 2286.6
1384880 2291.8
1384890 2295.4
1384900 2298.4
1384910 2298.4
1384920 2301.2
1384930 2304.3
1384940 2304.3
1384950 2307.8
1384960 2311.7
1384970 2311.7
1384980 2315.2
1384990 2318.8
1385000 2318.8
1385010 2323.9
1385020 2329.8
1385030 2329.8
1385040 2337.1
1385050 2345.2
1385060 2342.5
1385070 2352.2
1385080 2362.1
1385090 2370.0
1385100 2370.0
1385110 2378.7
1385120 2385.3
1385130 2385.3
1385140 2391.4
1385150 2397.4
1385160 2397.4
1385170 2402.6
1385180 2406.2
1385190 2406.2
1385200 2410.4
1385210 2415.0
1385220 2415.0
1385230 2418.4
1385240 2421.7
1385250 2421.7
1385260 2426.1
1385270 2430.2
1385280 2433.1
1385290 2433.1
1385300 2435.2
1385310 2438.4
1385320 2438.4
1385330 2443.0
1385340 2448.3
1385350 2448.3
1385360 2453.6
1385370 2458.8
1385380 2458.8
1385390 2464.4
1385400 2470.4
1385410 2470.4
1385420 2476.5
1385430 2482.7
1385440 2482.7
1385450 2489.2
1385460 2496.2
1385470 2503.0
1385480 2503.0
1385490 2509.4
1385500 2510.9
1385510 2510.9
1385520 2507.0
1385530 2502.0
1385540 2502.0
1385550 2495.0
1385560 2487.0
1385570 2487.0
1385580 2481.4
1385590 2476.3
1385600 2476.3
1385610 2470.7
1385620 2464.8
1385630 2464.8
1385640 2459.2
1385650 2454.2
1385660 2454.2
1385670 2448.6
1385680 2443.5
1385690 2438.0
1385700 2438.0
1385710 2433.3
1385720 2428.6
1385730 2428.6
1385740 2424.7
1385750 2422.1
1385760 2422.1
1385770 2420.3
1385780 2418.8
1385790 2418.8
1385800 2417.1
1385810 2414.2
1385820 2414.2
1385830 2411.3
1385840 2405.6
1385850 2405.6
1385860 2401.2
1385870 2399.2
1385880 2398.3
1385890 2398.3
1385900 2398.4
1385910 2397.5
1385920 2397.5
1385930 2395.9
1385940 2393.7
1385950 2393.7
1385960 2392.1
1385970 2391.8
1385980 2391.8
1385990 2393.6
1386000 2397.2
1386010 2397.2
1386020 2398.0
1386030 2395.5
1386040 2395.5
1386050 2389.1
1386060 2375.6
1386070 2365.5
1386080 2365.5
1386090 2357.5
1386100 2351.4
1386110 2351.4
1386120 2345.9
1386130 2342.8
1386140 2342.8
1386150 2341.0
1386160 2339.0
1386170 2339.0
1386180 2336.5
1386190 2334.5
1386200 2334.5
1386210 2333.0
1386220 2331.0
1386230 2331.0
1386240 2328.6
1386250 2327.1
1386260 2327.1
1386270 2325.9
1386280 2324.9
1386290 2324.1
1386300 2324.1
1386310 2324.1
1386320 2325.1
1386330 2325.1
1386340 2330.7
1386350 2333.8
1386360 2333.8
1386370 2335.5
1386380 2333.2
1386390 2333.2
1386400 2325.6
1386410 2317.8
1386420 2317.8
1386430 2310.1
1386440 2302.2
1386450 2302.2
1386460 2295.5
1386470 2288.6
1386480 2281.9
1386490 2281.9
1386500 2275.8
1386510 2269.5
1386520 2269.5
1386530 2263.0
1386540 2256.0
1386550 2256.0
1386560 2249.6
1386570 2243.8
1386580 2243.8
1386590 2238.0
1386600 2232.2
1386610 2232.2
1386620 2226.2
1386630 2219.7
1386640 2219.7
1386650 2212.6
1386660 2206.3
1386670 2200.7
1386680 2200.7
1386690 2195.9
1386700 2190.4
1386710 2190.4
1386720 2183.7
1386730 2177.1
1386740 2177.1
1386750 2171.0
1386760 2165.1
1386770 2165.1
1386780 2159.5
1386790 2154.2
1386800 2154.2
1386810 2147.0
1386820 2135.3
1386830 2135.3
1386840 2125.6
1386850 2118.5
1386860 2112.2
1386870 2112.2
1386880 2107.3
1386890 2103.0
1386900 2103.0
1386910 2098.7
1386920 2093.7
1386930 2093.7
1386940 2087.9
1386950 2082.6
1386960 2082.6
1386970 2077.0
1386980 2071.5
1386990 2071.5
1387000 2066.4
1387010 2061.6
1387020 2061.6
1387030 2057.5
1387040 2051.8
1387050 2051.8
1387060 2050.6
1387070 2057.1
1387080 2061.6
1387090 2061.6
1387100 2063.6
1387110 2064.8
1387120 2064.8
1387130 2067.4
1387140 2071.3
1387150 2071.3
1387160 2074.5
1387170 2078.3
1387180 2078.3
1387190 2082.1
1387200 2087.5
1387210 2087.5
1387220 2093.4
1387230 2099.4
1387240 2099.4
1387250 2105.7
1387260 2112.4
1387270 2118.8
1387280 2118.8
1387290 2124.0
1387300 2128.6
1387310 2128.6
1387320 2133.1
1387330 2137.2
1387340 2137.2
1387350 2140.9
1387360 2143.2
1387370 2143.2
1387380 2145.4
1387390 2147.3
1387400 2147.3
1387410 2149.4
1387420 2152.2
1387430 2152.2
1387440 2155.2
1387450 2157.4
1387460 2160.6
1387470 2160.6
1387480 2164.7
1387490 2169.6
1387500 2169.6
1387510 2173.6
1387520 2177.1
1387530 2177.1
1387540 2180.4
1387550 2185.2
1387560 2185.2
1387570 2191.1
1387580 2196.8
1387590 2196.8
1387600 2202.4
1387610 2207.0
1387620 2207.0
1387630 2215.3
1387640 2220.4
1387650 2220.4
1387660 2227.9
1387670 2235.5
1387680 2241.9
1387690 2241.9
1387700 2249.1
1387710 2256.1
1387720 2256.1
1387730 2261.4
1387740 2265.8
1387750 2265.8
1387760 2269.9
1387770 2276.3
1387780 2276.3
1387790 2283.2
1387800 2289.0
1387810 2289.0
1387820 2295.6
1387830 2302.9
1387840 2302.9
1387850 2311.6
1387860 2320.9
1387870 2327.2
1387880 2327.2
1387890 2331.0
1387900 2333.7
1387910 2333.7
1387920 2337.9
1387930 2343.3
1387940 2343.3
1387950 2348.7
1387960 2354.5
1387970 2354.5
1387980 2359.0
1387990 2361.6
1388000 2361.6
1388010 2363.9
1388020 2367.5
1388030 2367.5
1388040 2371.0
1388050 2374.9
1388060 2377.7
1388070 2377.7
1388080 2380.2
1388090 2384.9
1388100 2384.9
1388110 2390.7
1388120 2397.1
1388130 2397.1
1388140 2402.8
1388150 2406.7
1388160 2406.7
1388170 2410.1
1388180 2414.6
1388190 2414.6
1388200 2420.6
1388210 2428.4
1388220 2428.4
1388230 2436.7
1388240 2444.9
1388250 2452.1
1388260 2452.1
1388270 2458.8
1388280 2463.3
1388290 2463.3
1388300 2467.1
1388310 2470.7
1388320 2470.7
1388330 2473.3
1388340 2472.2
1388350 2472.2
1388360 2465.2
1388370 2454.4
1388380 2454.4
1388390 2440.7
1388400 2430.0
1388410 2430.0
1388420 2421.7
1388430 2415.8
1388440 2415.8
1388450 2411.1
1388460 2406.8
1388470 2402.9
1388480 2402.9
1388490 2398.3
1388500 2393.9
1388510 2393.9
1388520 2389.6
1388530 2382.9
1388540 2382.9
1388550 2376.2
1388560 2369.2
1388570 2369.2
1388580 2362.5
1388590 2356.0
1388600 2356.0
1388610 2349.4
1388620 2343.6
1388630 2343.6
1388640 2336.7
1388650 2329.4
1388660 2322.0
1388670 2322.0
1388680 2315.1
1388690 2308.1
1388700 2308.1
1388710 2300.3
1388720 2292.4
1388730 2292.4
1388740 2284.0
1388750 2275.9
1388760 2275.9
1388770 2267.9
1388780 2259.3
1388790 2259.3
1388800 2250.6
1388810 2243.0
1388820 2243.0
1388830 2235.4
1388840 2228.5
1388850 2221.7
1388860 2221.7
1388870 2214.5
1388880 2206.6
1388890 2206.6
1388900 2198.1
1388910 2189.5
1388920 2189.5
1388930 2181.9
1388940 2176.0
1388950 2178.8
1388960 2174.5
1388970 2170.6
1388980 2170.6
1388990 2165.7
1389000 2161.2
1389010 2161.2
1389020 2156.6
1389030 2151.6
1389040 2146.7
1389050 2146.7
1389060 2141.6
1389070 2135.5
1389080 2135.5
1389090 2129.3
1389100 2124.2
1389110 2124.2
1389120 2118.6
1389130 2112.7
1389140 2112.7
1389150 2107.5
1389160 2102.2
1389170 2102.2
1389180 2096.7
1389190 2091.5
1389200 2091.5
1389210 2086.3
1389220 2080.4
1389230 2080.4
1389240 2074.0
1389250 2073.2
1389260 2076.3
1389270 2076.3
1389280 2077.4
1389290 2078.2
1389300 2078.2
1389310 2078.4
1389320 2079.3
1389330 2079.3
1389340 2080.0
1389350 2080.4
1389360 2080.4
1389370 2081.2
1389380 2084.0
1389390 2084.0
1389400 2088.8
1389410 2095.1
1389420 2095.1
1389430 2102.1
1389440 2108.2
1389450 2113.5
1389460 2113.5
1389470 2119.3
1389480 2124.1
1389490 2124.1
1389500 2127.7
1389510 2131.3
1389520 2131.3
1389530 2135.7
1389540 2140.7
1389550 2140.7
1389560 2146.3
1389570 2152.2
1389580 2152.2
1389590 2158.2
1389600 2164.2
1389610 2164.2
1389620 2170.0
1389630 2176.0
1389640 2182.5
1389650 2182.5
1389660 2189.5
1389670 2196.1
1389680 2196.1
1389690 2202.9
1389700 2209.8
1389710 2209.8
1389720 2216.7
1389730 2223.4
1389740 2223.4
1389750 2230.2
1389760 2236.9
1389770 2236.9
1389780 2243.8
1389790 2251.3
1389800 2251.3
1389810 2256.8
1389820 2261.4
1389830 2261.4
1389840 2265.8
1389850 2269.6
1389860 2274.9
1389870 2274.9
1389880 2281.2
1389890 2287.4
1389900 2287.4
1389910 2292.8
1389920 2299.2
1389930 2299.2
1389940 2305.9
1389950 2312.3
1389960 2312.3
1389970 2316.9
1389980 2320.4
1389990 2320.4
1390000 2323.9
1390010 2326.9
1390020 2326.9
1390030 2329.3
1390040 2332.2
1390050 2335.3
1390060 2335.3
1390070 2339.3
1390080 2344.3
1390090 2344.3
1390100 2349.8
1390110 2356.2
1390120 2356.2
1390130 2363.1
1390140 2370.6
1390150 2370.6
1390160 2378.3
1390170 2386.7
1390180 2386.7
1390190 2395.0
1390200 2402.9
1390210 2402.9
1390220 2411.3
1390230 2419.2
1390240 2423.4
1390250 2423.4
1390260 2420.8
1390270 2417.8
1390280 2424.3
1390290 2424.7
1390300 2426.0
1390310 2426.0
1390320 2428.7
1390330 2432.1
1390340 2432.1
1390350 2435.0
1390360 2433.3
1390370 2433.3
1390380 2429.4
1390390 2421.4
1390400 2421.4
1390410 2412.5
1390420 2402.5
1390430 2400.4
1390440 2400.4
1390450 2401.8
1390460 2407.0
1390470 2407.0
1390480 2406.8
1390490 2400.9
1390500 2400.9
1390510 2390.1
1390520 2377.8
1390530 2377.8
1390540 2367.3
1390550 2360.8
1390560 2360.8
1390570 2359.1
1390580 2354.9
1390590 2354.9
1390600 2351.0
1390610 2347.6
1390620 2347.6
1390630 2344.1
1390640 2340.5
1390650 2336.9
1390660 2336.9
1390670 2335.1
1390680 2333.2
1390690 2333.2
1390700 2331.0
1390710 2329.5
1390720 2329.5
1390730 2327.8
1390740 2327.4
1390750 2327.4
1390760 2328.5
1390770 2329.3
1390780 2329.3
1390790 2327.1
1390800 2323.2
1390810 2323.2
1390820 2321.7
1390830 2321.8
1390840 2321.8
1390850 2321.8
1390860 2321.0
1390870 2320.8
1390880 2320.8
1390890 2320.7
1390900 2320.5
1390910 2320.5
1390920 2319.9
1390930 2314.4
1390940 2314.4
1390950 2307.9
1390960 2301.4
1390970 2301.4
1390980 2294.0
1390990 2285.6
1391000 2285.6
1391010 2276.0
1391020 2267.2
1391030 2261.2
1391040 2261.2
1391050 2255.3
1391060 2247.8
1391070 2247.8
1391080 2242.2
1391090 2236.4
1391100 2236.4
1391110 2229.4
1391120 2223.1
1391130 2223.1
1391140 2218.4
1391150 2211.8
1391160 2211.8
1391170 2202.7
1391180 2197.0
1391190 2197.0
1391200 2189.4
1391210 2182.1
1391220 2182.1
1391230 2173.0
1391240 2163.5
1391250 2155.0
1391260 2155.0
1391270 2142.9
1391280 2126.9
1391290 2126.9
1391300 2112.8
1391310 2096.4
1391320 2096.4
1391330 2084.3
1391340 2070.8
1391350 2070.8
1391360 2059.6
1391370 2049.6
1391380 2049.6
1391390 2037.9
1391400 2025.2
1391410 2025.2
1391420 2018.3
1391430 2013.9
1391440 2009.8
1391450 2009.8
1391460 2005.2
1391470 2000.0
1391480 2000.0
1391490 1993.9
1391500 1988.1
1391510 1988.1
1391520 1982.7
1391530 1977.7
1391540 1977.7
1391550 1973.0
1391560 1968.2
1391570 1968.2
1391580 1963.1
1391590 1958.5
1391600 1958.5
1391610 1954.2
1391620 1950.6
1391630 1950.6
1391640 1950.6
1391650 1947.0
1391660 1943.4
1391670 1943.4
1391680 1941.5
1391690 1939.3
1391700 1939.3
1391710 1938.1
1391720 1940.6
1391730 1940.6
1391740 1944.0
1391750 1946.1
1391760 1946.1
1391770 1948.1
1391780 1949.2
1391790 1949.2
1391800 1949.4
1391810 1949.3
1391820 1951.1
1391830 1951.1
1391840 1954.0
1391850 1957.5
1391860 1957.5
1391870 1960.6
1391880 1963.6
1391890 1963.6
1391900 1965.9
1391910 1969.6
1391920 1969.6
1391930 1974.3
1391940 1979.8
1391950 1979.8
1391960 1985.5
1391970 1991.1
1391980 1991.1
1391990 1996.4
1392000 2000.9
1392010 2000.9
1392020 2003.8
1392030 2006.6
1392040 2010.0
1392050 2010.0
1392060 2014.4
1392070 2020.7
1392080 2020.7
1392090 2028.2
1392100 2036.6
1392110 2036.6
1392120 2045.8
1392130 2053.7
1392140 2053.7
1392150 2060.2
1392160 2066.3
1392170 2066.3
1392180 2072.2
1392190 2077.8
1392200 2077.8
1392210 2083.4
1392220 2089.3
1392230 2095.9
1392240 2095.9
1392250 2103.0
1392260 2110.0
1392270 2110.0
1392280 2117.1
1392290 2123.9
1392300 2123.9
1392310 2131.2
1392320 2139.8
1392330 2139.8
1392340 2148.5
1392350 2157.7
1392360 2157.7
1392370 2168.1
1392380 2180.4
1392390 2180.4
1392400 2191.5
1392410 2202.1
1392420 2209.2
1392430 2209.2
1392440 2215.9
1392450 2224.5
1392460 2224.5
1392470 2233.1
1392480 2240.1
1392490 2240.1
1392500 2249.3
1392510 2259.7
1392520 2259.7
1392530 2270.0
1392540 2279.0
1392550 2279.0
1392560 2288.3
1392570 2297.6
1392580 2297.6
1392590 2306.1
1392600 2315.0
1392610 2324.7
1392620 2324.7
1392630 2333.5
1392640 2341.9
1392650 2341.9
1392660 2349.8
1392670 2358.0
1392680 2358.0
1392690 2361.7
1392700 2354.4
1392710 2354.4
1392720 2346.2
1392730 2337.0
1392740 2337.0
1392750 2325.7
1392760 2315.2
1392770 2315.2
1392780 2307.3
1392790 2303.3
1392800 2303.3
1392810 2299.2
1392820 2295.1
1392830 2293.7
1392840 2293.7
1392850 2295.3
1392860 2295.7
1392870 2295.7
1392880 2293.6
1392890 2289.2
1392900 2289.2
1392910 2280.9
1392920 2273.2
1392930 2273.2
1392940 2263.8
1392950 2247.8
1392960 2247.8
1392970 2236.6
1392980 2231.3
1392990 2231.3
1393000 2234.3
1393010 2228.9
1393020 2224.5
1393030 2224.5
1393040 2219.7
1393050 2215.7
1393060 2215.7
1393070 2211.6
1393080 2207.4
1393090 2207.4
1393100 2203.3
1393110 2199.5
1393120 2199.5
1393130 2196.9
1393140 2194.5
1393150 2194.5
1393160 2192.0
1393170 2190.5
1393180 2190.5
1393190 2189.2
1393200 2187.4
1393210 2184.1
1393220 2184.1
1393230 2182.6
1393240 2180.8
1393250 2180.8
1393260 2179.8
1393270 2178.0
1393280 2178.0
1393290 2175.1
1393300 2171.8
1393310 2171.8
1393320 2168.4
1393330 2165.9
1393340 2165.9
1393350 2165.7
1393360 2166.8
1393370 2166.8
1393380 2167.2
1393390 2168.8
1393400 2168.8
1393410 2169.3
1393420 2168.5
1393430 2169.2
1393440 2169.2
1393450 2170.4
1393460 2171.3
1393470 2171.3
1393480 2172.7
1393490 2173.7
1393500 2173.7
1393510 2174.3
1393520 2175.1
1393530 2175.1
1393540 2174.8
1393550 2175.5
1393560 2175.5
1393570 2177.0
1393580 2179.4
1393590 2179.4
1393600 2182.5
1393610 2185.3
1393620 2187.6
1393630 2187.6
1393640 2190.1
1393650 2192.6
1393660 2192.6
1393670 2194.4
1393680 2196.2
1393690 2196.2
1393700 2200.1
1393710 2205.6
1393720 2205.6
1393730 2212.0
1393740 2218.7
1393750 2218.7
1393760 2224.4
1393770 2230.0
1393780 2230.0
1393790 2234.8
1393800 2240.3
1393810 2246.1
1393820 2246.1
1393830 2251.8
1393840 2255.0
1393850 2255.0
1393860 2258.0
1393870 2262.2
1393880 2262.2
1393890 2267.0
1393900 2272.5
1393910 2272.5
1393920 2278.1
1393930 2284.0
1393940 2284.0
1393950 2290.0
1393960 2297.1
1393970 2297.1
1393980 2303.9
1393990 2310.2
1394000 2316.7
1394010 2316.7
1394020 2324.5
1394030 2332.7
1394040 2332.7
1394050 2341.0
1394060 2349.6
1394070 2349.6
1394080 2358.2
1394090 2365.9
1394100 2365.9
1394110 2374.2
1394120 2383.1
1394130 2383.1
1394140 2392.2
1394150 2399.9
1394160 2399.9
1394170 2402.0
1394180 2392.9
1394190 2392.9
1394200 2383.8
1394210 2379.9
1394220 2373.5
1394230 2373.5
1394240 2378.5
1394250 2379.4
1394260 2379.4
1394270 2373.4
1394280 2366.3
1394290 2366.3
1394300 2349.9
1394310 2330.6
1394320 2330.6
1394330 2314.6
1394340 2299.7
1394350 2299.7
1394360 2286.4
1394370 2274.1
1394380 2274.1
1394390 2256.4
1394400 2245.0
1394410 2246.3
1394420 2246.3
1394430 2238.7
1394440 2224.3
1394450 2224.3
1394460 2218.3
1394470 2217.5
1394480 2217.5
1394490 2212.3
1394500 2211.9
1394510 2211.9
1394520 2210.1
1394530 2202.5
1394540 2202.5
1394550 2189.0
1394560 2177.7
1394570 2177.7
1394580 2169.7
1394590 2161.3
1394600 2153.0
1394610 2153.0
1394620 2143.5
1394630 2134.4
1394640 2134.4
1394650 2131.2
1394660 2128.5
1394670 2128.5
1394680 2125.7
1394690 2118.9
1394700 2118.9
1394710 2110.3
1394720 2099.2
1394730 2099.2
1394740 2088.1
1394750 2077.9
1394760 2077.9
1394770 2067.6
1394780 2057.1
1394790 2057.1
1394800 2048.3
1394810 2042.9
1394820 2040.4
1394830 2040.4
1394840 2037.1
1394850 2035.4
1394860 2035.4
1394870 2036.7
1394880 2036.9
1394890 2036.9
1394900 2034.0
1394910 2028.4
1394920 2028.4
1394930 2018.7
1394940 2008.1
1394950 2008.1
1394960 1998.8
1394970 1988.6
1394980 1988.6
1394990 1977.1
1395000 1964.4
1395010 1951.8
1395020 1951.8
1395030 1940.0
1395040 1928.0
1395050 1928.0
1395060 1916.8
1395070 1899.6
1395080 1899.6
1395090 1879.1
1395100 1859.0
1395110 1859.0
1395120 1838.4
1395130 1830.2
1395140 1830.2
1395150 1836.9
1395160 1840.9
1395170 1840.9
1395180 1853.5
1395190 1865.4
1395200 1870.4
1395210 1870.4
1395220 1870.5
1395230 1867.3
1395240 1867.3
1395250 1857.2
1395260 1848.0
1395270 1848.0
1395280 1845.6
1395290 1841.2
1395300 1841.2
1395310 1837.5
1395320 1833.9
1395330 1833.9
1395340 1835.4
1395350 1839.5
1395360 1839.5
1395370 1842.1
1395380 1843.2
1395390 1843.0
1395400 1843.0
1395410 1843.3
1395420 1840.9
1395430 1840.9
1395440 1836.6
1395450 1833.2
1395460 1833.2
1395470 1831.9
1395480 1831.3
1395490 1831.3
1395500 1829.1
1395510 1826.4
1395520 1826.4
1395530 1824.3
1395540 1820.5
1395550 1820.5
1395560 1810.8
1395570 1801.1
1395580 1801.1
1395590 1790.5
1395600 1779.8
1395610 1768.5
1395620 1768.5
1395630 1752.2
1395640 1744.1
1395650 1744.1
1395660 1738.1
1395670 1727.0
1395680 1727.0
1395690 1712.7
1395700 1701.1
1395710 1701.1
1395720 1690.4
1395730 1679.1
1395740 1679.1
1395750 1669.2
1395760 1662.6
1395770 1662.6
1395780 1656.4
1395790 1650.0
1395800 1642.3
1395810 1640.5
1395820 1629.9
1395830 1622.2
1395840 1622.2
1395850 1614.5
1395860 1608.0
1395870 1608.0
1395880 1603.6
1395890 1595.1
1395900 1595.1
1395910 1582.3
1395920 1575.5
1395930 1575.5
1395940 1567.6
1395950 1558.8
1395960 1558.8
1395970 1547.8
1395980 1539.8
1395990 1533.9
1396000 1533.9
1396010 1526.5
1396020 1518.4
1396030 1518.4
1396040 1509.8
1396050 1500.9
1396060 1500.9
1396070 1493.3
1396080 1485.3
1396090 1485.3
1396100 1477.0
1396110 1469.0
1396120 1469.0
1396130 1453.6
1396140 1435.3
1396150 1435.3
1396160 1424.2
1396170 1418.0
1396180 1418.0
1396190 1410.7
1396200 1399.2
1396210 1386.8
1396220 1386.8
1396230 1378.5
1396240 1370.3
1396250 1370.3
1396260 1362.1
1396270 1353.6
1396280 1353.6
1396290 1341.1
1396300 1326.9
1396310 1326.9
1396320 1317.7
1396330 1314.2
1396340 1314.2
1396350 1313.6
1396360 1315.5
1396370 1315.5
1396380 1315.8
1396390 1308.2
1396400 1308.2
1396410 1308.2
1396420 1316.0
1396430 1322.5
1396440 1322.5
1396450 1326.4
1396460 1328.6
1396470 1328.6
1396480 1330.9
1396490 1334.1
1396500 1334.1
1396510 1326.6
1396520 1310.8
1396530 1310.8
1396540 1299.2
1396550 1285.5
1396560 1285.5
1396570 1274.1
1396580 1256.3
1396590 1238.7
1396600 1238.7
1396610 1228.4
1396620 1218.3
1396630 1218.3
1396640 1206.3
1396650 1196.9
1396660 1196.9
1396670 1188.6
1396680 1181.1
1396690 1181.1
1396700 1173.6
1396710 1165.9
1396720 1165.9
1396730 1158.5
1396740 1151.1
1396750 1151.1
1396760 1144.2
1396770 1136.7
1396780 1128.9
1396790 1128.9
1396800 1122.0
1396810 1115.7
1396820 1115.7
1396830 1110.1
1396840 1105.2
1396850 1105.2
1396860 1099.4
1396870 1092.9
1396880 1092.9
1396890 1086.0
1396900 1077.0
1396910 1077.0
1396920 1067.9
1396930 1060.0
1396940 1060.0
1396950 1052.4
1396960 1044.7
1396970 1044.7
1396980 1037.1
1396990 1030.1
1397000 1023.1
1397010 1023.1
1397020 1017.0
1397030 1010.4
1397040 1010.4
1397050 1004.6
1397060 999.0
1397070 999.0
1397080 993.4
1397090 987.3
1397100 987.3
1397110 981.4
1397120 975.2
1397130 975.2
1397140 969.4
1397150 964.2
1397160 964.2
1397170 959.1
1397180 953.0
1397190 946.6
1397200 946.6
1397210 941.4
1397220 936.9
1397230 936.9
1397240 932.4
1397250 927.6
1397260 927.6
1397270 922.7
1397280 919.3
1397290 919.3
1397300 916.3
1397310 915.6
1397320 915.6
1397330 912.1
1397340 908.0
1397350 908.0
1397360 906.5
1397370 906.4
1397380 908.1
1397390 908.1
1397400 914.0
1397410 922.8
1397420 922.8
1397430 929.3
1397440 931.6
1397450 931.6
1397460 933.4
1397470 934.9
1397480 934.9
1397490 936.2
1397500 937.6
1397510 937.6
1397520 939.2
1397530 941.0
1397540 941.0
1397550 942.5
1397560 943.8
1397570 945.3
1397580 945.3
1397590 946.9
1397600 948.6
1397610 948.6
1397620 950.3
1397630 952.4
1397640 952.4
1397650 954.4
1397660 955.6
1397670 955.6
1397680 955.5
1397690 952.3
1397700 952.3
1397710 950.3
1397720 945.3
1397730 945.3
1397740 948.5
1397750 955.4
1397760 955.4
1397770 959.6
1397780 959.7
1397790 959.5
1397800 959.5
1397810 959.3
1397820 959.1
1397830 959.1
1397840 959.2
1397850 959.0
1397860 959.0
1397870 958.4
1397880 957.8
1397890 957.8
1397900 957.3
1397910 956.2
1397920 956.2
1397930 955.1
1397940 954.2
1397950 954.2
1397960 953.5
1397970 952.8
1397980 952.2
1397990 952.2
1398000 951.5
1398010 951.6
1398020 951.6
1398030 953.7
1398040 958.7
1398050 958.7
1398060 963.2
1398070 966.4
1398080 966.4
1398090 969.0
1398100 971.5
1398110 971.5
1398120 974.1
1398130 975.8
1398140 975.8
1398150 976.7
1398160 977.4
1398170 977.4
1398180 977.4
1398190 976.4
1398200 976.9
1398210 976.9
1398220 977.9
1398230 979.3
1398240 979.3
1398250 980.5
1398260 981.6
1398270 981.6
1398280 982.5
1398290 983.0
1398300 983.0
1398310 982.6
1398320 982.3
1398330 982.3
1398340 981.8
1398350 981.1
1398360 981.1
1398370 980.8
1398380 979.7
1398390 978.9
1398400 978.9
1398410 978.8
1398420 980.0
1398430 980.0
1398440 983.8
1398450 988.9
1398460 988.9
1398470 994.2
1398480 999.5
1398490 999.5
1398500 1005.5
1398510 1012.2
1398520 1012.2
1398530 1021.9
1398540 1033.5
1398550 1033.5
1398560 1043.3
1398570 1054.1
1398580 1062.6
1398590 1062.6
1398600 1067.8
1398610 1078.0
1398620 1078.0
1398630 1083.6
1398640 1090.0
1398650 1090.0
1398660 1101.5
1398670 1113.7
1398680 1113.7
1398690 1128.7
1398700 1135.7
1398710 1123.4
1398720 1119.8
1398730 1121.2
1398740 1121.2
1398750 1128.5
1398760 1144.4
1398770 1166.7
1398780 1166.7
1398790 1177.9
1398800 1186.9
1398810 1186.9
1398820 1197.7
1398830 1212.0
1398840 1212.0
1398850 1226.1
1398860 1241.0
1398870 1241.0
1398880 1254.8
1398890 1265.3
1398900 1265.3
1398910 1276.2
1398920 1289.2
1398930 1289.2
1398940 1298.4
1398950 1304.0
1398960 1308.7
1398970 1308.7
1398980 1311.2
1398990 1313.9
1399000 1313.9
1399010 1314.0
1399020 1314.0
1399030 1314.0
1399040 1314.4
1399050 1314.0
1399060 1314.0
1399070 1312.5
1399080 1311.5
1399090 1311.5
1399100 1313.1
1399110 1317.5
1399120 1317.5
1399130 1324.8
1399140 1329.4
1399150 1329.4
1399160 1333.9
1399170 1339.9
1399180 1345.6
1399190 1345.6
1399200 1348.1
1399210 1349.7
1399220 1349.7
1399230 1351.6
1399240 1353.9
1399250 1353.9
1399260 1356.2
1399270 1358.4
1399280 1358.4
1399290 1361.5
1399300 1364.0
1399310 1364.0
1399320 1366.8
1399330 1370.4
1399340 1370.4
1399350 1374.8
1399360 1379.1
1399370 1383.2
1399380 1383.2
1399390 1386.1
1399400 1388.7
1399410 1388.7
1399420 1391.7
1399430 1395.4
1399440 1395.4
1399450 1399.5
1399460 1403.0
1399470 1403.0
1399480 1406.6
1399490 1412.3
1399500 1412.3
1399510 1417.4
1399520 1422.3
1399530 1422.3
1399540 1428.7
1399550 1435.7
1399560 1437.9
1399570 1437.9
1399580 1439.6
1399590 1441.9
1399600 1441.9
1399610 1442.9
1399620 1443.5
1399630 1443.5
1399640 1444.4
1399650 1446.0
1399660 1446.0
1399670 1448.3
1399680 1452.1
1399690 1452.1
1399700 1455.9
1399710 1461.0
1399720 1461.0
1399730 1466.9
1399740 1473.6
1399750 1473.6
1399760 1479.7
1399770 1485.0
1399780 1490.0
1399790 1490.0
1399800 1493.6
1399810 1496.4
1399820 1496.4
1399830 1499.2
1399840 1502.5
1399850 1502.5
1399860 1505.9
1399870 1508.1
1399880 1508.1
1399890 1510.4
1399900 1512.8
1399910 1512.8
1399920 1515.5
1399930 1517.4
1399940 1517.4
1399950 1519.5
1399960 1524.3
1399970 1529.1
1399980 1529.1
1399990 1533.3
1380000 2273.8
1380010 2273.8
1380020 2280.0
1380030 2286.0
1380040 2286.0
1380050 2291.0
1380060 2294.6
1380070 2294.6
1380080 2297.2
1380090 2298.5
1380100 2305.8
1380110 2305.0
1380120 2302.5
1380130 2301.7
1380140 2301.7
1380150 2301.3
1380160 2299.8
1380170 2299.8
1380180 2298.1
1380190 2297.9
1380200 2297.9
1380210 2299.0
1380220 2300.4
1380230 2300.4
1380240 2301.6
1380250 2302.9
1380260 2302.9
1380270 2303.6
1380280 2297.2
1380290 2297.2
1380300 2290.8
1380310 2290.0
1380320 2293.3
1380330 2293.3
1380340 2298.3
1380350 2303.1
1380360 2303.1
1380370 2309.5
1380380 2316.5
1380390 2316.5
1380400 2323.4
1380410 2329.4
1380420 2329.4
1380430 2333.4
1380440 2337.1
1380450 2337.1
1380460 2340.4
1380470 2341.4
1380480 2341.4
1380490 2341.5
1380500 2341.6
1380510 2341.6
1380520 2341.6
1380530 2343.5
1380540 2346.8
1380550 2346.8
1380560 2350.7
1380570 2355.0
1380580 2355.0
1380590 2359.3
1380600 2364.5
1380610 2364.5
1380620 2370.8
1380630 2378.7
1380640 2378.7
1380650 2388.1
1380660 2398.2
1380670 2398.2
1380680 2408.5
1380690 2420.0
1380700 2420.0
1380710 2430.6
1380720 2437.7
1380730 2443.5
1380740 2443.5
1380750 2448.8
1380760 2449.1
1380770 2449.1
1380780 2442.8
1380790 2431.6
1380800 2431.6
1380810 2423.5
1380820 2420.5
1380830 2420.5
1380840 2423.2
1380850 2426.3
1380860 2426.3
1380870 2430.4
1380880 2430.2
1380890 2430.2
1380900 2429.7
1380910 2429.8
1380920 2431.4
1380930 2431.4
1380940 2435.9
1380950 2438.3
1380960 2438.3
1380970 2437.2
1380980 2441.1
1380990 2441.1
1381000 2446.9
1381010 2452.1
1381020 2452.1
1381030 2457.5
1381040 2460.9
1381050 2460.9
1381060 2463.2
1381070 2463.0
1381080 2463.0
1381090 2465.8
1381100 2472.6
1381110 2477.2
1381120 2477.2
1381130 2479.0
1381140 2485.6
1381150 2485.6
1381160 2491.6
1381170 2495.7
1381180 2495.7
1381190 2498.5
1381200 2499.2
1381210 2499.2
1381220 2502.9
1381230 2508.4
1381240 2508.4
1381250 2513.5
1381260 2518.0
1381270 2518.0
1381280 2522.7
1381290 2526.2
1381300 2527.5
1381310 2527.5
1381320 2520.1
1381330 2517.7
1381340 2517.7
1381350 2515.2
1381360 2512.9
1381370 2512.9
1381380 2510.7
1381390 2508.3
1381400 2508.3
1381410 2506.1
1381420 2502.3
1381430 2502.3
1381440 2496.6
1381450 2489.8
1381460 2489.8
1381470 2482.1
1381480 2473.3
1381490 2473.3
1381500 2465.3
1381510 2457.6
1381520 2448.3
1381530 2448.3
1381540 2440.1
1381550 2433.9
1381560 2433.9
1381570 2428.5
1381580 2423.5
1381590 2423.5
1381600 2418.5
1381610 2413.9
1381620 2413.9
1381630 2409.1
1381640 2404.5
1381650 2404.5
1381660 2399.9
1381670 2395.6
1381680 2395.6
1381690 2391.2
1381700 2386.9
1381710 2383.0
1381720 2383.0
1381730 2379.4
1381740 2375.1
1381750 2375.1
1381760 2371.0
1381770 2368.9
1381780 2368.9
1381790 2367.0
1381800 2364.7
1381810 2364.7
1381820 2362.5
1381830 2360.3
1381840 2360.3
1381850 2357.6
1381860 2353.5
1381870 2353.5
1381880 2349.1
1381890 2345.3
1381900 2342.2
1381910 2342.2
1381920 2338.9
1381930 2334.8
1381940 2334.8
1381950 2332.2
1381960 2330.2
1381970 2330.2
1381980 2328.3
1381990 2326.3
1382000 2326.3
1382010 2324.7
1382020 2322.4
1382030 2322.4
1382040 2320.1
1382050 2318.6
1382060 2318.6
1382070 2317.0
1382080 2314.5
1382090 2314.5
1382100 2312.5
1382110 2310.1
1382120 2306.5
1382130 2306.5
1382140 2304.7
1382150 2301.0
1382160 2301.0
1382170 2296.8
1382180 2292.4
1382190 2292.4
1382200 2285.8
1382210 2278.8
1382220 2278.8
1382230 2271.7
1382240 2265.6
1382250 2265.6
1382260 2259.5
1382270 2253.8
1382280 2253.8
1382290 2247.4
1382300 2240.4
1382310 2234.2
1382320 2234.2
1382330 2229.7
1382340 2224.7
1382350 2224.7
1382360 2219.0
1382370 2212.6
1382380 2212.6
1382390 2207.4
1382400 2202.2
1382410 2202.2
1382420 2190.8
1382430 2178.1
1382440 2178.1
1382450 2166.1
1382460 2159.3
1382470 2159.3
1382480 2153.8
1382490 2148.5
1382500 2140.5
1382510 2140.5
1382520 2131.6
1382530 2123.1
1382540 2123.1
1382550 2115.9
1382560 2108.3
1382570 2108.3
1382580 2100.6
1382590 2092.2
1382600 2092.2
1382610 2083.4
1382620 2075.3
1382630 2075.3
1382640 2067.3
1382650 2058.8
1382660 2058.8
1382670 2049.7
1382680 2042.2
1382690 2038.2
1382700 2038.2
1382710 2036.3
1382720 2035.8
1382730 2035.8
1382740 2038.7
1382750 2042.7
1382760 2042.7
1382770 2048.2
1382780 2054.9
1382790 2054.9
1382800 2061.5
1382810 2068.4
1382820 2068.4
1382830 2074.0
1382840 2079.0
1382850 2079.0
1382860 2084.2
1382870 2088.3
1382880 2088.3
1382890 2091.7
1382900 2093.8
1382910 2095.0
1382920 2095.0
1382930 2096.7
1382940 2098.4
1382950 2098.4
1382960 2100.1
1382970 2101.9
1382980 2101.9
1382990 2103.5
1383000 2105.3
1383010 2105.3
1383020 2107.2
1383030 2109.1
1383040 2109.1
1383050 2111.4
1383060 2113.5
1383070 2113.5
1383080 2116.1
1383090 2122.4
1383100 2129.3
1383110 2129.3
1383120 2136.2
1383130 2143.4
1383140 2143.4
1383150 2148.1
1383160 2151.5
1383170 2151.5
1383180 2154.7
1383190 2161.3
1383200 2161.3
1383210 2169.1
1383220 2175.1
1383230 2175.1
1383240 2180.1
1383250 2184.3
1383260 2184.3
1383270 2189.3
1383280 2195.2
1383290 2200.9
1383300 2200.9
1383310 2205.5
1383320 2211.1
1383330 2211.1
1383340 2217.7
1383350 2223.5
1383360 2223.5
1383370 2229.1
1383380 2235.9
1383390 2235.9
1383400 2243.1
1383410 2250.1
1383420 2250.1
1383430 2256.8
1383440 2263.4
1383450 2263.4
1383460 2270.2
1383470 2277.1
1383480 2277.1
1383490 2284.0
1383500 2290.7
1383510 2297.2
1383520 2297.2
1383530 2303.9
1383540 2310.6
1383550 2310.6
1383560 2316.5
1383570 2321.7
1383580 2321.7
1383590 2326.2
1383600 2329.8
1383610 2329.8
1383620 2333.3
1383630 2331.5
1383640 2331.5
1383650 2322.8
1383660 2315.6
1383670 2315.6
1383680 2308.8
1383690 2299.3
1383700 2289.5
1383710 2289.5
1383720 2281.4
1383730 2274.2
1383740 2274.2
1383750 2267.5
1383760 2261.2
1383770 2261.2
1383780 2255.0
1383790 2252.2
1383800 2252.2
1383810 2245.3
1383820 2239.0
1383830 2239.0
1383840 2235.4
1383850 2232.9
1383860 2232.9
1383870 2230.6
1383880 2229.8
1383890 2226.6
1383900 2226.6
1383910 2224.5
1383920 2223.8
1383930 2223.8
1383940 2222.4
1383950 2220.7
1383960 2220.7
1383970 2219.6
1383980 2218.1
1383990 2218.1
1384000 2214.4
1384010 2209.1
1384020 2209.1
1384030 2204.3
1384040 2199.6
1384050 2199.6
1384060 2195.7
1384070 2191.6
1384080 2187.9
1384090 2187.9
1384100 2184.3
1384110 2180.9
1384120 2180.9
1384130 2176.7
1384140 2172.3
1384150 2172.3
1384160 2168.0
1384170 2165.5
1384180 2165.5
1384190 2163.8
1384200 2162.1
1384210 2162.1
1384220 2160.3
1384230 2157.9
1384240 2157.9
1384250 2154.2
1384260 2155.5
1384270 2155.5
1384280 2158.5
1384290 2161.0
1384300 2162.1
1384310 2162.1
1384320 2163.3
1384330 2168.0
1384340 2168.0
1384350 2170.9
1384360 2173.3
1384370 2173.3
1384380 2175.9
1384390 2179.6
1384400 2179.6
1384410 2182.3
1384420 2183.5
1384430 2183.5
1384440 2185.0
1384450 2187.4
1384460 2187.4
1384470 2189.0
1384480 2193.8
1384490 2198.4
1384500 2198.4
1384510 2201.5
1384520 2203.9
1384530 2203.9
1384540 2205.5
1384550 2206.4
1384560 2206.4
1384570 2207.6
1384580 2208.6
1384590 2208.6
1384600 2209.3
1384610 2209.1
1384620 2209.1
1384630 2208.5
1384640 2209.7
1384650 2209.7
1384660 2213.4
1384670 2219.0
1384680 2223.8
1384690 2223.8
1384700 2227.9
1384710 2231.0
1384720 2231.0
1384730 2236.0
1384740 2242.2
1384750 2242.2
1384760 2248.2
1384770 2253.0
1384780 2253.0
1384790 2257.3
1384800 2261.7
1384810 2261.7
1384820 2266.8
1384830 2272.6
1384840 2272.6
1384850 2279.3
1384860 2286.6
1384870 2286.6
1384880 2291.8
1384890 2295.4
1384900 2298.4
1384910 2298.4
1384920 2301.2
1384930 2304.3
1384940 2304.3
1384950 2307.8
1384960 2311.7
1384970 2311.7
1384980 2315.2
1384990 2318.8
1385000 2318.8
1385010 2323.9
1385020 2329.8
1385030 2329.8
1385040 2337.1
1385050 2345.2
1385060 2342.5
1385070 2352.2
1385080 2362.1
1385090 2370.0
1385100 2370.0
1385110 2378.7
1385120 2385.3
1385130 2385.3
1385140 2391.4
1385150 2397.4
1385160 2397.4
1385170 2402.6
1385180 2406.2
1385190 2406.2
1385200 2410.4
1385210 2415.0
1385220 2415.0
1385230 2418.4
1385240 2421.7
1385250 2421.7
1385260 2426.1
1385270 2430.2
1385280 2433.1
1385290 2433.1
1385300 2435.2
1385310 2438.4
1385320 2438.4
1385330 2443.0
1385340 2448.3
1385350 2448.3
1385360 2453.6
1385370 2458.8
1385380 2458.8
1385390 2464.4
1385400 2470.4
1385410 2470.4
1385420 2476.5
1385430 2482.7
1385440 2482.7
1385450 2489.2
1385460 2496.2
1385470 2503.0
1385480 2503.0
1385490 2509.4
1385500 2510.9
1385510 2510.9
1385520 2507.0
1385530 2502.0
1385540 2502.0
1385550 2495.0
1385560 2487.0
1385570 2487.0
1385580 2481.4
1385590 2476.3
1385600 2476.3
1385610 2470.7
1385620 2464.8
1385630 2464.8
1385640 2459.2
1385650 2454.2
1385660 2454.2
1385670 2448.6
1385680 2443.5
1385690 2438.0
1385700 2438.0
1385710 2433.3
1385720 2428.6
1385730 2428.6
1385740 2424.7
1385750 2422.1
1385760 2422.1
1385770 2420.3
1385780 2418.8
1385790 2418.8
1385800 2417.1
1385810 2414.2
1385820 2414.2
1385830 2411.3
1385840 2405.6
1385850 2405.6
1385860 2401.2
1385870 2399.2
1385880 2398.3
1385890 2398.3
1385900 2398.4
1385910 2397.5
1385920 2397.5
1385930 2395.9
1385940 2393.7
1385950 2393.7
1385960 2392.1
1385970 2391.8
1385980 2391.8
1385990 2393.6
1386000 2397.2
1386010 2397.2
1386020 2398.0
1386030 2395.5
1386040 2395.5
1386050 2389.1
1386060 2375.6
1386070 2365.5
1386080 2365.5
1386090 2357.5
1386100 2351.4
1386110 2351.4
1386120 2345.9
1386130 2342.8
1386140 2342.8
1386150 2341.0
1386160 2339.0
1386170 2339.0
1386180 2336.5
1386190 2334.5
1386200 2334.5
1386210 2333.0
1386220 2331.0
1386230 2331.0
1386240 2328.6
1386250 2327.1
1386260 2327.1
1386270 2325.9
1386280 2324.9
1386290 2324.1
1386300 2324.1
1386310 2324.1
1386320 2325.1
1386330 2325.1
1386340 2330.7
1386350 2333.8
1386360 2333.8
1386370 2335.5
1386380 2333.2
1386390 2333.2
1386400 2325.6
1386410 2317.8
1386420 2317.8
1386430 2310.1
1386440 2302.2
1386450 2302.2
1386460 2295.5
1386470 2288.6
1386480 2281.9
1386490 2281.9
1386500 2275.8
1386510 2269.5
1386520 2269.5
1386530 2263.0
1386540 2256.0
1386550 2256.0
1386560 2249.6
1386570 2243.8
1386580 2243.8
1386590 2238.0
1386600 2232.2
1386610 2232.2
1386620 2226.2
1386630 2219.7
1386640 2219.7
1386650 2212.6
1386660 2206.3
1386670 2200.7
1386680 2200.7
1386690 2195.9
1386700 2190.4
1386710 2190.4
1386720 2183.7
1386730 2177.1
1386740 2177.1
1386750 2171.0
1386760 2165.1
1386770 2165.1
1386780 2159.5
1386790 2154.2
1386800 2154.2
1386810 2147.0
1386820 2135.3
1386830 2135.3
1386840 2125.6
1386850 2118.5
1386860 2112.2
1386870 2112.2
1386880 2107.3
1386890 2103.0
1386900 2103.0
1386910 2098.7
1386920 2093.7
1386930 2093.7
1386940 2087.9
1386950 2082.6
1386960 2082.6
1386970 2077.0
1386980 2071.5
1386990 2071.5
1387000 2066.4
1387010 2061.6
1387020 2061.6
1387030 2057.5
1387040 2051.8
1387050 2051.8
1387060 2050.6
1387070 2057.1
1387080 2061.6
1387090 2061.6
1387100 2063.6
1387110 2064.8
1387120 2064.8
1387130 2067.4
1387140 2071.3
1387150 2071.3
1387160 2074.5
1387170 2078.3
1387180 2078.3
1387190 2082.1
1387200 2087.5
1387210 2087.5
1387220 2093.4
1387230 2099.4
1387240 2099.4
1387250 2105.7
1387260 2112.4
1387270 2118.8
1387280 2118.8
1387290 2124.0
1387300 2128.6
1387310 2128.6
1387320 2133.1
1387330 2137.2
1387340 2137.2
1387350 2140.9
1387360 2143.2
1387370 2143.2
1387380 2145.4
1387390 2147.3
1387400 2147.3
1387410 2149.4
1387420 2152.2
1387430 2152.2
1387440 2155.2
1387450 2157.4
1387460 2160.6
1387470 2160.6
1387480 2164.7
1387490 2169.6
1387500 2169.6
1387510 2173.6
1387520 2177.1
1387530 2177.1
1387540 2180.4
1387550 2185.2
1387560 2185.2
1387570 2191.1
1387580 2196.8
1387590 2196.8
1387600 2202.4
1387610 2207.0
1387620 2207.0
1387630 2215.3
1387640 2220.4
1387650 2220.4
1387660 2227.9
1387670 2235.5
1387680 2241.9
1387690 2241.9
1387700 2249.1
1387710 2256.1
1387720 2256.1
1387730 2261.4
1387740 2265.8
1387750 2265.8
1387760 2269.9
1387770 2276.3
1387780 2276.3
1387790 2283.2
1387800 2289.0
1387810 2289.0
1387820 2295.6
1387830 2302.9
1387840 2302.9
1387850 2311.6
1387860 2320.9
1387870 2327.2
1387880 2327.2
1387890 2331.0
1387900 2333.7
1387910 2333.7
1387920 2337.9
1387930 2343.3
1387940 2343.3
1387950 2348.7
1387960 2354.5
1387970 2354.5
1387980 2359.0
1387990 2361.6
1388000 2361.6
1388010 2363.9
1388020 2367.5
1388030 2367.5
1388040 2371.0
1388050 2374.9
1388060 2377.7
1388070 2377.7
1388080 2380.2
1388090 2384.9
1388100 2384.9
1388110 2390.7
1388120 2397.1
1388130 2397.1
1388140 2402.8
1388150 2406.7
1388160 2406.7
1388170 2410.1
1388180 2414.6
1388190 2414.6
1388200 2420.6
1388210 2428.4
1388220 2428.4
1388230 2436.7
1388240 2444.9
1388250 2452.1
1388260 2452.1
1388270 2458.8
1388280 2463.3
1388290 2463.3
1388300 2467.1
1388310 2470.7
1388320 2470.7
1388330 2473.3
1388340 2472.2
1388350 2472.2
1388360 2465.2
1388370 2454.4
1388380 2454.4
1388390 2440.7
1388400 2430.0
1388410 2430.0
1388420 2421.7
1388430 2415.8
1388440 2415.8
1388450 2411.1
1388460 2406.8
1388470 2402.9
1388480 2402.9
1388490 2398.3
1388500 2393.9
1388510 2393.9
1388520 2389.6
1388530 2382.9
1388540 2382.9
1388550 2376.2
1388560 2369.2
1388570 2369.2
1388580 2362.5
1388590 2356.0
1388600 2356.0
1388610 2349.4
1388620 2343.6
1388630 2343.6
1388640 2336.7
1388650 2329.4
1388660 2322.0
1388670 2322.0
1388680 2315.1
1388690 2308.1
1388700 2308.1
1388710 2300.3
1388720 2292.4
1388730 2292.4
1388740 2284.0
1388750 2275.9
1388760 2275.9
1388770 2267.9
1388780 2259.3
1388790 2259.3
1388800 2250.6
1388810 2243.0
1388820 2243.0
1388830 2235.4
1388840 2228.5
1388850 2221.7
1388860 2221.7
1388870 2214.5
1388880 2206.6
1388890 2206.6
1388900 2198.1
1388910 2189.5
1388920 2189.5
1388930 2181.9
1388940 2176.0
1388950 2178.8
1388960 2174.5
1388970 2170.6
1388980 2170.6
1388990 2165.7
1389000 2161.2
1389010 2161.2
1389020 2156.6
1389030 2151.6
1389040 2146.7
1389050 2146.7
1389060 2141.6
1389070 2135.5
1389080 2135.5
1389090 2129.3
1389100 2124.2
1389110 2124.2
1389120 2118.6
1389130 2112.7
1389140 2112.7
1389150 2107.5
1389160 2102.2
1389170 2102.2
1389180 2096.7
1389190 2091.5
1389200 2091.5
1389210 2086.3
1389220 2080.4
1389230 2080.4
1389240 2074.0
1389250 2073.2
1389260 2076.3
1389270 2076.3
1389280 2077.4
1389290 2078.2
1389300 2078.2
1389310 2078.4
1389320 2079.3
1389330 2079.3
1389340 2080.0
1389350 2080.4
1389360 2080.4
1389370 2081.2
1389380 2084.0
1389390 2084.0
1389400 2088.8
1389410 2095.1
1389420 2095.1
1389430 2102.1
1389440 2108.2
1389450 2113.5
1389460 2113.5
1389470 2119.3
1389480 2124.1
1389490 2124.1
1389500 2127.7
1389510 2131.3
1389520 2131.3
1389530 2135.7
1389540 2140.7
1389550 2140.7
1389560 2146.3
1389570 2152.2
1389580 2152.2
1389590 2158.2
1389600 2164.2
1389610 2164.2
1389620 2170.0
1389630 2176.0
1389640 2182.5
1389650 2182.5
1389660 2189.5
1389670 2196.1
1389680 2196.1
1389690 2202.9
1389700 2209.8
1389710 2209.8
1389720 2216.7
1389730 2223.4
1389740 2223.4
1389750 2230.2
1389760 2236.9
1389770 2236.9
1389780 2243.8
1389790 2251.3
1389800 2251.3
1389810 2256.8
1389820 2261.4
1389830 2261.4
1389840 2265.8
1389850 2269.6
1389860 2274.9
1389870 2274.9
1389880 2281.2
1389890 2287.4
1389900 2287.4
1389910 2292.8
1389920 2299.2
1389930 2299.2
1389940 2305.9
1389950 2312.3
1389960 2312.3
1389970 2316.9
1389980 2320.4
1389990 2320.4
1390000 2323.9
1390010 2326.9
1390020 2326.9
1390030 2329.3
1390040 2332.2
1390050 2335.3
1390060 2335.3
1390070 2339.3
1390080 2344.3
1390090 2344.3
1390100 2349.8
1390110 2356.2
1390120 2356.2
1390130 2363.1
1390140 2370.6
1390150 2370.6
1390160 2378.3
1390170 2386.7
1390180 2386.7
1390190 2395.0
1390200 2402.9
1390210 2402.9
1390220 2411.3
1390230 2419.2
1390240 2423.4
1390250 2423.4
1390260 2420.8
1390270 2417.8
1390280 2424.3
1390290 2424.7
1390300 2426.0
1390310 2426.0
1390320 2428.7
1390330 2432.1
1390340 2432.1
1390350 2435.0
1390360 2433.3
1390370 2433.3
1390380 2429.4
1390390 2421.4
1390400 2421.4
1390410 2412.5
1390420 2402.5
1390430 2400.4
1390440 2400.4
1390450 2401.8
1390460 2407.0
1390470 2407.0
1390480 2406.8
1390490 2400.9
1390500 2400.9
1390510 2390.1
1390520 2377.8
1390530 2377.8
1390540 2367.3
1390550 2360.8
1390560 2360.8
1390570 2359.1
1390580 2354.9
1390590 2354.9
1390600 2351.0
1390610 2347.6
1390620 2347.6
1390630 2344.1
1390640 2340.5
1390650 2336.9
1390660 2336.9
1390670 2335.1
1390680 2333.2
1390690 2333.2
1390700 2331.0
1390710 2329.5
1390720 2329.5
1390730 2327.8
1390740 2327.4
1390750 2327.4
1390760 2328.5
1390770 2329.3
1390780 2329.3
1390790 2327.1
1390800 2323.2
1390810 2323.2
1390820 2321.7
1390830 2321.8
1390840 2321.8
1390850 2321.8
1390860 2321.0
1390870 2320.8
1390880 2320.8
1390890 2320.7
1390900 2320.5
1390910 2320.5
1390920 2319.9
1390930 2314.4
1390940 2314.4
1390950 2307.9
1390960 2301.4
1390970 2301.4
1390980 2294.0
1390990 2285.6
1391000 2285.6
1391010 2276.0
1391020 2267.2
1391030 2261.2
1391040 2261.2
1391050 2255.3
1391060 2247.8
1391070 2247.8
1391080 2242.2
1391090 2236.4
1391100 2236.4
1391110 2229.4
1391120 2223.1
1391130 2223.1
1391140 2218.4
1391150 2211.8
1391160 2211.8
1391170 2202.7
1391180 2197.0
1391190 2197.0
1391200 2189.4
1391210 2182.1
1391220 2182.1
1391230 2173.0
1391240 2163.5
1391250 2155.0
1391260 2155.0
1391270 2142.9
1391280 2126.9
1391290 2126.9
1391300 2112.8
1391310 2096.4
1391320 2096.4
1391330 2084.3
1391340 2070.8
1391350 2070.8
1391360 2059.6
1391370 2049.6
1391380 2049.6
1391390 2037.9
1391400 2025.2
1391410 2025.2
1391420 2018.3
1391430 2013.9
1391440 2009.8
1391450 2009.8
1391460 2005.2
1391470 2000.0
1391480 2000.0
1391490 1993.9
1391500 1988.1
1391510 1988.1
1391520 1982.7
1391530 1977.7
1391540 1977.7
1391550 1973.0
1391560 1968.2
1391570 1968.2
1391580 1963.1
1391590 1958.5
1391600 1958.5
1391610 1954.2
1391620 1950.6
1391630 1950.6
1391640 1950.6
1391650 1947.0
1391660 1943.4
1391670 1943.4
1391680 1941.5
1391690 1939.3
1391700 1939.3
1391710 1938.1
1391720 1940.6
1391730 1940.6
1391740 1944.0
1391750 1946.1
1391760 1946.1
1391770 1948.1
1391780 1949.2
1391790 1949.2
1391800 1949.4
1391810 1949.3
1391820 1951.1
1391830 1951.1
1391840 1954.0
1391850 1957.5
1391860 1957.5
1391870 1960.6
1391880 1963.6
1391890 1963.6
1391900 1965.9
1391910 1969.6
1391920 1969.6
1391930 1974.3
1391940 1979.8
1391950 1979.8
1391960 1985.5
1391970 1991.1
1391980 1991.1
1391990 1996.4
1392000 2000.9
1392010 2000.9
1392020 2003.8
1392030 2006.6
1392040 2010.0
1392050 2010.0
1392060 2014.4
1392070 2020.7
1392080 2020.7
1392090 2028.2
1392100 2036.6
1392110 2036.6
1392120 2045.8
1392130 2053.7
1392140 2053.7
1392150 2060.2
1392160 2066.3
1392170 2066.3
1392180 2072.2
1392190 2077.8
1392200 2077.8
1392210 2083.4
1392220 2089.3
1392230 2095.9
1392240 2095.9
1392250 2103.0
1392260 2110.0
1392270 2110.0
1392280 2117.1
1392290 2123.9
1392300 2123.9
1392310 2131.2
1392320 2139.8
1392330 2139.8
1392340 2148.5
1392350 2157.7
1392360 2157.7
1392370 2168.1
1392380 2180.4
1392390 2180.4
1392400 2191.5
1392410 2202.1
1392420 2209.2
1392430 2209.2
1392440 2215.9
1392450 2224.5
1392460 2224.5
1392470 2233.1
1392480 2240.1
1392490 2240.1
1392500 2249.3
1392510 2259.7
1392520 2259.7
1392530 2270.0
1392540 2279.0
1392550 2279.0
1392560 2288.3
1392570 2297.6
1392580 2297.6
1392590 2306.1
1392600 2315.0
1392610 2324.7
1392620 2324.7
1392630 2333.5
1392640 2341.9
1392650 2341.9
1392660 2349.8
1392670 2358.0
1392680 2358.0
1392690 2361.7
1392700 2354.4
1392710 2354.4
1392720 2346.2
1392730 2337.0
1392740 2337.0
1392750 2325.7
1392760 2315.2
1392770 2315.2
1392780 2307.3
1392790 2303.3
1392800 2303.3
1392810 2299.2
1392820 2295.1
1392830 2293.7
1392840 2293.7
1392850 2295.3
1392860 2295.7
1392870 2295.7
1392880 2293.6
1392890 2289.2
1392900 2289.2
1392910 2280.9
1392920 2273.2
1392930 2273.2
1392940 2263.8
1392950 2247.8
1392960 2247.8
1392970 2236.6
1392980 2231.3
1392990 2231.3
1393000 2234.3
1393010 2228.9
1393020 2224.5
1393030 2224.5
1393040 2219.7
1393050 2215.7
1393060 2215.7
1393070 2211.6
1393080 2207.4
1393090 2207.4
1393100 2203.3
1393110 2199.5
1393120 2199.5
1393130 2196.9
1393140 2194.5
1393150 2194.5
1393160 2192.0
1393170 2190.5
1393180 2190.5
1393190 2189.2
1393200 2187.4
1393210 2184.1
1393220 2184.1
1393230 2182.6
1393240 2180.8
1393250 2180.8
1393260 2179.8
1393270 2178.0
1393280 2178.0
1393290 2175.1
1393300 2171.8
1393310 2171.8
1393320 2168.4
1393330 2165.9
1393340 2165.9
1393350 2165.7
1393360 2166.8
1393370 2166.8
1393380 2167.2
1393390 2168.8
1393400 2168.8
1393410 2169.3
1393420 2168.5
1393430 2169.2
1393440 2169.2
1393450 2170.4
1393460 2171.3
1393470 2171.3
1393480 2172.7
1393490 2173.7
1393500 2173.7
1393510 2174.3
1393520 2175.1
1393530 2175.1
1393540 2174.8
1393550 2175.5
1393560 2175.5
1393570 2177.0
1393580 2179.4
1393590 2179.4
1393600 2182.5
1393610 2185.3
1393620 2187.6
1393630 2187.6
1393640 2190.1
1393650 2192.6
1393660 2192.6
1393670 2194.4
1393680 2196.2
1393690 2196.2
1393700 2200.1
1393710 2205.6
1393720 2205.6
1393730 2212.0
1393740 2218.7
1393750 2218.7
1393760 2224.4
1393770 2230.0
1393780 2230.0
1393790 2234.8
1393800 2240.3
1393810 2246.1
1393820 2246.1
1393830 2251.8
1393840 2255.0
1393850 2255.0
1393860 2258.0
1393870 2262.2
1393880 2262.2
1393890 2267.0
1393900 2272.5
1393910 2272.5
1393920 2278.1
1393930 2284.0
1393940 2284.0
1393950 2290.0
1393960 2297.1
1393970 2297.1
1393980 2303.9
1393990 2310.2
1394000 2316.7
1394010 2316.7
1394020 2324.5
1394030 2332.7
1394040 2332.7
1394050 2341.0
1394060 2349.6
1394070 2349.6
1394080 2358.2
1394090 2365.9
1394100 2365.9
1394110 2374.2
1394120 2383.1
1394130 2383.1
1394140 2392.2
1394150 2399.9
1394160 2399.9
1394170 2402.0
1394180 2392.9
1394190 2392.9
1394200 2383.8
1394210 2379.9
1394220 2373.5
1394230 2373.5
1394240 2378.5
1394250 2379.4
1394260 2379.4
1394270 2373.4
1394280 2366.3
1394290 2366.3
1394300 2349.9
1394310 2330.6
1394320 2330.6
1394330 2314.6
1394340 2299.7
1394350 2299.7
1394360 2286.4
1394370 2274.1
1394380 2274.1
1394390 2256.4
1394400 2245.0
1394410 2246.3
1394420 2246.3
1394430 2238.7
1394440 2224.3
1394450 2224.3
1394460 2218.3
1394470 2217.5
1394480 2217.5
1394490 2212.3
1394500 2211.9
1394510 2211.9
1394520 2210.1
1394530 2202.5
1394540 2202.5
1394550 2189.0
1394560 2177.7
1394570 2177.7
1394580 2169.7
1394590 2161.3
1394600 2153.0
1394610 2153.0
1394620 2143.5
1394630 2134.4
1394640 2134.4
1394650 2131.2
1394660 2128.5
1394670 2128.5
1394680 2125.7
1394690 2118.9
1394700 2118.9
1394710 2110.3
1394720 2099.2
1394730 2099.2
1394740 2088.1
1394750 2077.9
1394760 2077.9
1394770 2067.6
1394780 2057.1
1394790 2057.1
1394800 2048.3
1394810 2042.9
1394820 2040.4
1394830 2040.4
1394840 2037.1
1394850 2035.4
1394860 2035.4
1394870 2036.7
1394880 2036.9
1394890 2036.9
1394900 2034.0
1394910 2028.4
1394920 2028.4
1394930 2018.7
1394940 2008.1
1394950 2008.1
1394960 1998.8
1394970 1988.6
1394980 1988.6
1394990 1977.1
1395000 1964.4
1395010 1951.8
1395020 1951.8
1395030 1940.0
1395040 1928.0
1395050 1928.0
1395060 1916.8
1395070 1899.6
1395080 1899.6
1395090 1879.1
1395100 1859.0
1395110 1859.0
1395120 1838.4
1395130 1830.2
1395140 1830.2
1395150 1836.9
1395160 1840.9
1395170 1840.9
1395180 1853.5
1395190 1865.4
1395200 1870.4
1395210 1870.4
1395220 1870.5
1395230 1867.3
1395240 1867.3
1395250 1857.2
1395260 1848.0
1395270 1848.0
1395280 1845.6
1395290 1841.2
1395300 1841.2
1395310 1837.5
1395320 1833.9
1395330 1833.9
1395340 1835.4
1395350 1839.5
1395360 1839.5
1395370 1842.1
1395380 1843.2
1395390 1843.0
1395400 1843.0
1395410 1843.3
1395420 1840.9
1395430 1840.9
1395440 1836.6
1395450 1833.2
1395460 1833.2
1395470 1831.9
1395480 1831.3
1395490 1831.3
1395500 1829.1
1395510 1826.4
1395520 1826.4
1395530 1824.3
1395540 1820.5
1395550 1820.5
1395560 1810.8
1395570 1801.1
1395580 1801.1
1395590 1790.5
1395600 1779.8
1395610 1768.5
1395620 1768.5
1395630 1752.2
1395640 1744.1
1395650 1744.1
1395660 1738.1
1395670 1727.0
1395680 1727.0
1395690 1712.7
1395700 1701.1
1395710 1701.1
1395720 1690.4
1395730 1679.1
1395740 1679.1
1395750 1669.2
1395760 1662.6
1395770 1662.6
1395780 1656.4
1395790 1650.0
1395800 1642.3
1395810 1640.5
1395820 1629.9
1395830 1622.2
1395840 1622.2
1395850 1614.5
1395860 1608.0
1395870 1608.0
1395880 1603.6
1395890 1595.1
1395900 1595.1
1395910 1582.3
1395920 1575.5
1395930 1575.5
1395940 1567.6
1395950 1558.8
1395960 1558.8
1395970 1547.8
1395980 1539.8
1395990 1533.9
1396000 1533.9
1396010 1526.5
1396020 1518.4
1396030 1518.4
1396040 1509.8
1396050 1500.9
1396060 1500.9
1396070 1493.3
1396080 1485.3
1396090 1485.3
1396100 1477.0
1396110 1469.0
1396120 1469.0
1396130 1453.6
1396140 1435.3
1396150 1435.3
1396160 1424.2
1396170 1418.0
1396180 1418.0
1396190 1410.7
1396200 1399.2
1396210 1386.8
1396220 1386.8
1396230 1378.5
1396240 1370.3
1396250 1370.3
1396260 1362.1
1396270 1353.6
1396280 1353.6
1396290 1341.1
1396300 1326.9
1396310 1326.9
1396320 1317.7
1396330 1314.2
1396340 1314.2
1396350 1313.6
1396360 1315.5
1396370 1315.5
1396380 1315.8
1396390 1308.2
1396400 1308.2
1396410 1308.2
1396420 1316.0
1396430 1322.5
1396440 1322.5
1396450 1326.4
1396460 1328.6
1396470 1328.6
1396480 1330.9
1396490 1334.1
1396500 1334.1
1396510 1326.6
1396520 1310.8
1396530 1310.8
1396540 1299.2
1396550 1285.5
1396560 1285.5
1396570 1274.1
1396580 1256.3
1396590 1238.7
1396600 1238.7
1396610 1228.4
1396620 1218.3
1396630 1218.3
1396640 1206.3
1396650 1196.9
1396660 1196.9
1396670 1188.6
1396680 1181.1
1396690 1181.1
1396700 1173.6
1396710 1165.9
1396720 1165.9
1396730 1158.5
1396740 1151.1
1396750 1151.1
1396760 1144.2
1396770 1136.7
1396780 1128.9
1396790 1128.9
1396800 1122.0
1396810 1115.7
1396820 1115.7
1396830 1110.1
1396840 1105.2
1396850 1105.2
1396860 1099.4
1396870 1092.9
1396880 1092.9
1396890 1086.0
1396900 1077.0
1396910 1077.0
1396920 1067.9
1396930 1060.0
1396940 1060.0
1396950 1052.4
1396960 1044.7
1396970 1044.7
1396980 1037.1
1396990 1030.1
1397000 1023.1
1397010 1023.1
1397020 1017.0
1397030 1010.4
1397040 1010.4
1397050 1004.6
1397060 999.0
1397070 999.0
1397080 993.4
1397090 987.3
1397100 987.3
1397110 981.4
1397120 975.2
1397130 975.2
1397140 969.4
1397150 964.2
1397160 964.2
1397170 959.1
1397180 953.0
1397190 946.6
1397200 946.6
1397210 941.4
1397220 936.9
1397230 936.9
1397240 932.4
1397250 927.6
1397260 927.6
1397270 922.7
1397280 919.3
1397290 919.3
1397300 916.3
1397310 915.6
1397320 915.6
1397330 912.1
1397340 908.0
1397350 908.0
1397360 906.5
1397370 906.4
1397380 908.1
1397390 908.1
1397400 914.0
1397410 922.8
1397420 922.8
1397430 929.3
1397440 931.6
1397450 931.6
1397460 933.4
1397470 934.9
1397480 934.9
1397490 936.2
1397500 937.6
1397510 937.6
1397520 939.2
1397530 941.0
1397540 941.0
1397550 942.5
1397560 943.8
1397570 945.3
1397580 945.3
1397590 946.9
1397600 948.6
1397610 948.6
1397620 950.3
1397630 952.4
1397640 952.4
1397650 954.4
1397660 955.6
1397670 955.6
1397680 955.5
1397690 952.3
1397700 952.3
1397710 950.3
1397720 945.3
1397730 945.3
1397740 948.5
1397750 955.4
1397760 955.4
1397770 959.6
1397780 959.7
1397790 959.5
1397800 959.5
1397810 959.3
1397820 959.1
1397830 959.1
1397840 959.2
1397850 959.0
1397860 959.0
1397870 958.4
1397880 957.8
1397890 957.8
1397900 957.3
1397910 956.2
1397920 956.2
1397930 955.1
1397940 954.2
1397950 954.2
1397960 953.5
1397970 952.8
1397980 952.2
1397990 952.2
1398000 951.5
1398010 951.6
1398020 951.6
1398030 953.7
1398040 958.7
1398050 958.7
1398060 963.2
1398070 966.4
1398080 966.4
1398090 969.0
1398100 971.5
1398110 971.5
1398120 974.1
1398130 975.8
1398140 975.8
1398150 976.7
1398160 977.4
1398170 977.4
1398180 977.4
1398190 976.4
1398200 976.9
1398210 976.9
1398220 977.9
1398230 979.3
1398240 979.3
1398250 980.5
1398260 981.6
1398270 981.6
1398280 982.5
1398290 983.0
1398300 983.0
1398310 982.6
1398320 982.3
1398330 982.3
1398340 981.8
1398350 981.1
1398360 981.1
1398370 980.8
1398380 979.7
1398390 978.9
1398400 978.9
1398410 978.8
1398420 980.0
1398430 980.0
1398440 983.8
1398450 988.9
1398460 988.9
1398470 994.2
1398480 999.5
1398490 999.5
1398500 1005.5
1398510 1012.2
1398520 1012.2
1398530 1021.9
1398540 1033.5
1398550 1033.5
1398560 1043.3
1398570 1054.1
1398580 1062.6
1398590 1062.6
1398600 1067.8
1398610 1078.0
1398620 1078.0
1398630 1083.6
1398640 1090.0
1398650 1090.0
1398660 1101.5
1398670 1113.7
1398680 1113.7
1398690 1128.7
1398700 1135.7
1398710 1123.4
1398720 1119.8
1398730 1121.2
1398740 1121.2
1398750 1128.5
1398760 1144.4
1398770 1166.7
1398780 1166.7
1398790 1177.9
1398800 1186.9
1398810 1186.9
1398820 1197.7
1398830 1212.0
1398840 1212.0
1398850 1226.1
1398860 1241.0
1398870 1241.0
1398880 1254.8
1398890 1265.3
1398900 1265.3
1398910 1276.2
1398920 1289.2
1398930 1289.2
1398940 1298.4
1398950 1304.0
1398960 1308.7
1398970 1308.7
1398980 1311.2
1398990 1313.9
1399000 1313.9
1399010 1314.0
1399020 1314.0
1399030 1314.0
1399040 1314.4
1399050 1314.0
1399060 1314.0
1399070 1312.5
1399080 1311.5
1399090 1311.5
1399100 1313.1
1399110 1317.5
1399120 1317.5
1399130 1324.8
1399140 1329.4
1399150 1329.4
1399160 1333.9
1399170 1339.9
1399180 1345.6
1399190 1345.6
1399200 1348.1
1399210 1349.7
1399220 1349.7
1399230 1351.6
1399240 1353.9
1399250 1353.9
1399260 1356.2
1399270 1358.4
1399280 1358.4
1399290 1361.5
1399300 1364.0
1399310 1364.0
1399320 1366.8
1399330 1370.4
1399340 1370.4
1399350 1374.8
1399360 1379.1
1399370 1383.2
1399380 1383.2
1399390 1386.1
1399400 1388.7
1399410 1388.7
1399420 1391.7
1399430 1395.4
1399440 1395.4
1399450 1399.5
1399460 1403.0
1399470 1403.0
1399480 1406.6
1399490 1412.3
1399500 1412.3
1399510 1417.4
1399520 1422.3
1399530 1422.3
1399540 1428.7
1399550 1435.7
1399560 1437.9
1399570 1437.9
1399580 1439.6
1399590 1441.9
1399600 1441.9
1399610 1442.9
1399620 1443.5
1399630 1443.5
1399640 1444.4
1399650 1446.0
1399660 1446.0
1399670 1448.3
1399680 1452.1
1399690 1452.1
1399700 1455.9
1399710 1461.0
1399720 1461.0
1399730 1466.9
1399740 1473.6
1399750 1473.6
1399760 1479.7
1399770 1485.0
1399780 1490.0
1399790 1490.0
1399800 1493.6
1399810 1496.4
1399820 1496.4
1399830 1499.2
1399840 1502.5
1399850 1502.5
1399860 1505.9
1399870 1508.1
1399880 1508.1
1399890 1510.4
1399900 1512.8
1399910 1512.8
1399920 1515.5
1399930 1517.4
1399940 1517.4
1399950 1519.5
1399960 1524.3
1399970 1529.1
1399980 1529.1
1399990 1533.3
