1380000 2195.6
1380010 2197.7
1380020 2197.7
1380030 2198.9
1380040 2200.1
1380050 2200.1
1380060 2201.8
1380070 2203.4
1380080 2203.4
1380090 2206.0
1380100 2208.4
1380110 2208.4
1380120 2210.3
1380130 2212.1
1380140 2212.1
1380150 2210.0
1380160 2204.1
1380170 2204.1
1380180 2203.4
1380190 2205.3
1380200 2205.3
1380210 2205.9
1380220 2204.7
1380230 2203.9
1380240 2203.9
1380250 2197.6
1380260 2194.0
1380270 2194.0
1380280 2193.6
1380290 2197.6
1380300 2197.6
1380310 2205.6
1380320 2215.0
1380330 2215.0
1380340 2223.8
1380350 2231.2
1380360 2231.2
1380370 2237.2
1380380 2241.8
1380390 2241.8
1380400 2244.2
1380410 2245.1
1380420 2246.1
1380430 2246.1
1380440 2247.7
1380450 2249.8
1380460 2249.8
1380470 2252.5
1380480 2255.7
1380490 2255.7
1380500 2259.6
1380510 2263.5
1380520 2263.5
1380530 2267.4
1380540 2271.2
1380550 2271.2
1380560 2275.0
1380570 2278.5
1380580 2278.5
1380590 2283.7
1380600 2290.0
1380610 2298.3
1380620 2298.3
1380630 2304.2
1380640 2309.7
1380650 2309.7
1380660 2316.8
1380670 2323.9
1380680 2323.9
1380690 2331.6
1380700 2338.8
1380710 2338.8
1380720 2346.2
1380730 2356.0
1380740 2356.0
1380750 2361.3
1380760 2354.3
1380770 2354.3
1380780 2345.4
1380790 2336.7
1380800 2336.7
1380810 2330.1
1380820 2325.7
1380830 2319.6
1380840 2319.6
1380850 2316.9
1380860 2321.6
1380870 2321.6
1380880 2321.2
1380890 2321.0
1380900 2321.0
1380910 2321.0
1380920 2321.1
1380930 2321.1
1380940 2322.3
1380950 2322.6
1380960 2322.6
1380970 2323.3
1380980 2325.0
1380990 2325.0
1381000 2327.3
1381010 2330.0
1381020 2332.8
1381030 2332.8
1381040 2336.2
1381050 2340.4
1381060 2340.4
1381070 2343.2
1381080 2345.7
1381090 2345.7
1381100 2349.5
1381110 2355.6
1381120 2355.6
1381130 2360.4
1381140 2363.9
1381150 2363.9
1381160 2371.3
1381170 2379.5
1381180 2379.5
1381190 2382.5
1381200 2384.0
1381210 2391.8
1381220 2391.8
1381230 2400.2
1381240 2408.3
1381250 2408.3
1381260 2420.3
1381270 2433.4
1381280 2433.4
1381290 2443.9
1381300 2448.4
1381310 2448.4
1381320 2454.0
1381330 2463.6
1381340 2463.6
1381350 2473.0
1381360 2481.7
1381370 2481.7
1381380 2489.1
1381390 2496.6
1381400 2504.8
1381410 2504.8
1381420 2512.6
1381430 2520.4
1381440 2520.4
1381450 2528.5
1381460 2536.2
1381470 2536.2
1381480 2537.4
1381490 2532.9
1381500 2532.9
1381510 2527.2
1381520 2521.4
1381530 2521.4
1381540 2516.0
1381550 2509.7
1381560 2509.7
1381570 2503.7
1381580 2500.4
1381590 2500.4
1381600 2496.4
1381610 2488.8
1381620 2482.5
1381630 2482.5
1381640 2477.4
1381650 2472.8
1381660 2472.8
1381670 2468.3
1381680 2464.2
1381690 2464.2
1381700 2459.7
1381710 2456.0
1381720 2456.0
1381730 2453.3
1381740 2451.2
1381750 2451.2
1381760 2449.0
1381770 2446.5
1381780 2446.5
1381790 2443.2
1381800 2441.0
1381810 2438.8
1381820 2438.8
1381830 2435.7
1381840 2433.7
1381850 2433.7
1381860 2431.9
1381870 2430.2
1381880 2430.2
1381890 2428.2
1381900 2425.5
1381910 2425.5
1381920 2422.8
1381930 2420.4
1381940 2420.4
1381950 2417.8
1381960 2414.4
1381970 2414.4
1381980 2410.6
1381990 2406.6
1382000 2401.6
1382010 2401.6
1382020 2394.9
1382030 2388.2
1382040 2388.2
1382050 2382.2
1382060 2376.5
1382070 2376.5
1382080 2370.0
1382090 2361.8
1382100 2361.8
1382110 2355.2
1382120 2348.6
1382130 2348.6
1382140 2341.9
1382150 2335.4
1382160 2335.4
1382170 2329.1
1382180 2322.6
1382190 2322.6
1382200 2316.0
1382210 2309.9
1382220 2304.4
1382230 2304.4
1382240 2298.6
1382250 2293.1
1382260 2293.1
1382270 2287.2
1382280 2281.7
1382290 2281.7
1382300 2278.1
1382310 2274.4
1382320 2274.4
1382330 2270.8
1382340 2267.3
1382350 2267.3
1382360 2264.0
1382370 2260.2
1382380 2260.2
1382390 2253.2
1382400 2245.8
1382410 2237.1
1382420 2237.1
1382430 2224.8
1382440 2212.1
1382450 2212.1
1382460 2203.7
1382470 2197.1
1382480 2197.1
1382490 2191.1
1382500 2186.4
1382510 2186.4
1382520 2182.3
1382530 2174.5
1382540 2174.5
1382550 2161.2
1382560 2148.2
1382570 2148.2
1382580 2135.5
1382590 2123.3
1382600 2113.8
1382610 2113.8
1382620 2106.7
1382630 2099.0
1382640 2099.0
1382650 2090.0
1382660 2081.1
1382670 2081.1
1382680 2071.1
1382690 2062.1
1382700 2062.1
1382710 2054.6
1382720 2047.1
1382730 2047.1
1382740 2039.8
1382750 2033.0
1382760 2033.0
1382770 2026.8
1382780 2020.4
1382790 2014.1
1382800 2014.1
1382810 2006.8
1382820 1998.4
1382830 1998.4
1382840 1994.9
1382850 1996.6
1382860 1996.6
1382870 2000.1
1382880 2004.1
1382890 2004.1
1382900 2007.8
1382910 2013.9
1382920 2013.9
1382930 2021.0
1382940 2025.3
1382950 2025.3
1382960 2028.2
1382970 2031.0
1382980 2031.0
1382990 2033.2
1383000 2034.0
1383010 2033.7
1383020 2033.7
1383030 2036.9
1383040 2045.7
1383050 2045.7
1383060 2052.8
1383070 2057.8
1383080 2057.8
1383090 2063.9
1383100 2070.5
1383110 2070.5
1383120 2077.2
1383130 2083.7
1383140 2083.7
1383150 2089.9
1383160 2095.9
1383170 2095.9
1383180 2102.0
1383190 2107.5
1383200 2112.7
1383210 2112.7
1383220 2118.7
1383230 2124.8
1383240 2124.8
1383250 2131.0
1383260 2137.2
1383270 2137.2
1383280 2143.9
1383290 2150.7
1383300 2150.7
1383310 2156.9
1383320 2162.5
1383330 2168.5
1383340 2174.7
1383350 2179.9
1383360 2179.9
1383370 2184.5
1383380 2190.1
1383390 2197.8
1383400 2197.8
1383410 2205.7
1383420 2213.8
1383430 2213.8
1383440 2222.1
1383450 2230.2
1383460 2230.2
1383470 2238.0
1383480 2245.9
1383490 2245.9
1383500 2253.5
1383510 2261.5
1383520 2261.5
1383530 2270.2
1383540 2279.1
1383550 2279.1
1383560 2288.8
1383570 2298.1
1383580 2298.1
1383590 2307.4
1383600 2312.4
1383610 2314.3
1383620 2314.3
1383630 2314.1
1383640 2312.8
1383650 2312.8
1383660 2311.9
1383670 2308.7
1383680 2308.7
1383690 2301.8
1383700 2294.6
1383710 2294.6
1383720 2285.8
1383730 2276.5
1383740 2276.5
1383750 2266.7
1383760 2258.1
1383770 2258.1
1383780 2250.8
1383790 2244.7
1383800 2240.4
1383810 2240.4
1383820 2236.7
1383830 2232.3
1383840 2232.3
1383850 2226.5
1383860 2219.9
1383870 2219.9
1383880 2213.6
1383890 2208.8
1383900 2208.8
1383910 2205.8
1383920 2203.3
1383930 2203.3
1383940 2200.6
1383950 2197.9
1383960 2197.9
1383970 2195.3
1383980 2192.0
1383990 2187.6
1384000 2187.6
1384010 2182.5
1384020 2178.2
1384030 2178.2
1384040 2174.8
1384050 2171.0
1384060 2171.0
1384070 2166.7
1384080 2162.3
1384090 2162.3
1384100 2158.7
1384110 2155.6
1384120 2155.6
1384130 2152.7
1384140 2150.0
1384150 2150.0
1384160 2147.3
1384170 2144.7
1384180 2144.7
1384190 2142.0
1384200 2140.0
1384210 2136.9
1384220 2136.9
1384230 2133.1
1384240 2129.1
1384250 2129.1
1384260 2129.6
1384270 2137.2
1384280 2137.2
1384290 2139.5
1384300 2139.5
1384310 2139.5
1384320 2137.7
1384330 2135.3
1384340 2135.3
1384350 2136.4
1384360 2131.7
1384370 2131.7
1384380 2128.3
1384390 2135.6
1384400 2138.5
1384410 2138.5
1384420 2140.7
1384430 2141.2
1384440 2141.2
1384450 2141.5
1384460 2142.4
1384470 2142.4
1384480 2143.5
1384490 2145.5
1384500 2145.5
1384510 2147.8
1384520 2149.3
1384530 2149.3
1384540 2151.0
1384550 2153.1
1384560 2153.1
1384570 2155.0
1384580 2163.2
1384590 2167.1
1384600 2167.1
1384610 2170.7
1384620 2172.3
1384630 2172.3
1384640 2174.0
1384650 2178.8
1384660 2178.8
1384670 2183.8
1384680 2187.5
1384690 2187.5
1384700 2190.6
1384710 2194.1
1384720 2194.1
1384730 2198.5
1384740 2200.3
1384750 2200.3
1384760 2201.3
1384770 2204.0
1384780 2206.8
1384790 2206.8
1384800 2211.2
1384810 2217.6
1384820 2217.6
1384830 2223.9
1384840 2227.4
1384850 2227.4
1384860 2229.1
1384870 2234.9
1384880 2234.9
1384890 2241.6
1384900 2243.3
1384910 2243.3
1384920 2247.6
1384930 2251.9
1384940 2251.9
1384950 2257.0
1384960 2264.6
1384970 2264.6
1384980 2274.8
1384990 2284.9
1385000 2295.1
1385010 2295.1
1385020 2301.2
1385030 2307.0
1385040 2307.0
1385050 2312.8
1385060 2318.5
1385070 2318.5
1385080 2324.2
1385090 2329.9
1385100 2329.9
1385110 2335.5
1385120 2341.0
1385130 2341.0
1385140 2347.4
1385150 2354.2
1385160 2354.2
1385170 2361.2
1385180 2370.1
1385190 2379.3
1385200 2379.3
1385210 2387.7
1385220 2394.7
1385230 2394.7
1385240 2399.5
1385250 2403.6
1385260 2403.6
1385270 2408.4
1385280 2413.9
1385290 2413.9
1385300 2420.4
1385310 2426.6
1385320 2426.6
1385330 2432.6
1385340 2437.9
1385350 2437.9
1385360 2443.2
1385370 2448.2
1385380 2453.5
1385390 2453.5
1385400 2458.2
1385410 2462.2
1385420 2462.2
1385430 2467.2
1385440 2472.0
1385450 2472.0
1385460 2476.4
1385470 2481.2
1385480 2481.2
1385490 2486.8
1385500 2492.3
1385510 2492.3
1385520 2497.4
1385530 2502.1
1385540 2502.1
1385550 2506.9
1385560 2512.5
1385570 2512.5
1385580 2516.7
1385590 2514.1
1385600 2508.0
1385610 2508.0
1385620 2502.0
1385630 2496.2
1385640 2496.2
1385650 2490.9
1385660 2485.3
1385670 2485.3
1385680 2476.8
1385690 2466.1
1385700 2466.1
1385710 2454.3
1385720 2447.1
1385730 2447.1
1385740 2441.6
1385750 2437.7
1385760 2437.7
1385770 2435.6
1385780 2435.5
1385790 2437.1
1385800 2437.1
1385810 2436.9
1385820 2436.0
1385830 2436.0
1385840 2436.6
1385850 2437.2
1385860 2439.2
1385870 2437.5
1385880 2434.5
1385890 2434.5
1385900 2430.6
1385910 2425.0
1385920 2425.0
1385930 2418.8
1385940 2412.5
1385950 2412.5
1385960 2404.8
1385970 2395.9
1385980 2387.2
1385990 2387.2
1386000 2378.2
1386010 2370.4
1386020 2370.4
1386030 2363.8
1386040 2357.7
1386050 2357.7
1386060 2352.6
1386070 2348.1
1386080 2348.1
1386090 2344.2
1386100 2339.9
1386110 2339.9
1386120 2336.6
1386130 2334.0
1386140 2334.0
1386150 2332.1
1386160 2330.4
1386170 2327.0
1386180 2327.0
1386190 2322.4
1386200 2315.7
1386210 2315.7
1386220 2308.7
1386230 2303.0
1386240 2303.0
1386250 2299.3
1386260 2297.2
1386270 2297.2
1386280 2296.2
1386290 2295.5
1386300 2295.5
1386310 2295.6
1386320 2296.9
1386330 2296.9
1386340 2300.6
1386350 2300.5
1386360 2300.5
1386370 2299.8
1386380 2299.1
1386390 2299.5
1386400 2299.5
1386410 2301.1
1386420 2299.9
1386430 2299.9
1386440 2295.2
1386450 2292.0
1386460 2292.0
1386470 2288.4
1386480 2285.9
1386490 2285.9
1386500 2286.2
1386510 2285.7
1386520 2285.7
1386530 2284.2
1386540 2278.9
1386550 2278.9
1386560 2270.5
1386570 2260.9
1386580 2251.7
1386590 2251.7
1386600 2242.9
1386610 2234.4
1386620 2234.4
1386630 2227.8
1386640 2220.9
1386650 2220.9
1386660 2212.9
1386670 2205.0
1386680 2205.0
1386690 2197.2
1386700 2189.5
1386710 2189.5
1386720 2181.7
1386730 2173.8
1386740 2173.8
1386750 2165.7
1386760 2157.2
1386770 2148.1
1386780 2148.1
1386790 2138.8
1386800 2130.5
1386810 2130.5
1386820 2122.9
1386830 2114.9
1386840 2114.9
1386850 2107.1
1386860 2099.0
1386870 2099.0
1386880 2091.4
1386890 2086.0
1386900 2086.0
1386910 2079.2
1386920 2071.9
1386930 2071.9
1386940 2065.6
1386950 2058.6
1386960 2058.6
1386970 2051.3
1386980 2045.0
1386990 2039.0
1387000 2039.0
1387010 2033.5
1387020 2029.6
1387030 2029.6
1387040 2026.1
1387050 2024.0
1387060 2024.0
1387070 2022.5
1387080 2020.5
1387090 2020.5
1387100 2019.9
1387110 2025.4
1387120 2025.4
1387130 2030.3
1387140 2033.2
1387150 2034.2
1387160 2036.7
1387170 2039.2
1387180 2041.9
1387190 2041.9
1387200 2044.2
1387210 2047.6
1387220 2047.6
1387230 2052.3
1387240 2057.4
1387250 2057.4
1387260 2062.6
1387270 2068.5
1387280 2068.5
1387290 2073.3
1387300 2076.5
1387310 2076.5
1387320 2080.7
1387330 2085.9
1387340 2085.9
1387350 2090.5
1387360 2093.5
1387370 2095.5
1387380 2095.5
1387390 2097.9
1387400 2100.3
1387410 2100.3
1387420 2103.9
1387430 2108.3
1387440 2108.3
1387450 2114.6
1387460 2122.1
1387470 2122.1
1387480 2129.7
1387490 2137.2
1387500 2137.2
1387510 2143.7
1387520 2149.4
1387530 2149.4
1387540 2156.4
1387550 2164.1
1387560 2171.1
1387570 2171.1
1387580 2177.0
1387590 2181.3
1387600 2181.3
1387610 2184.9
1387620 2189.0
1387630 2189.0
1387640 2191.9
1387650 2195.7
1387660 2195.7
1387670 2202.6
1387680 2208.9
1387690 2208.9
1387700 2214.6
1387710 2221.1
1387720 2221.1
1387730 2228.0
1387740 2234.5
1387750 2234.5
1387760 2241.1
1387770 2247.2
1387780 2252.1
1387790 2252.1
1387800 2258.0
1387810 2263.0
1387820 2263.0
1387830 2267.2
1387840 2269.9
1387850 2269.9
1387860 2273.7
1387870 2278.4
1387880 2278.4
1387890 2282.6
1387900 2287.7
1387910 2287.7
1387920 2292.9
1387930 2297.8
1387940 2297.8
1387950 2301.7
1387960 2305.9
1387970 2310.5
1387980 2310.5
1387990 2314.8
1388000 2319.0
1388010 2319.0
1388020 2323.1
1388030 2327.7
1388040 2327.7
1388050 2332.2
1388060 2336.3
1388070 2336.3
1388080 2340.0
1388090 2343.9
1388100 2343.9
1388110 2348.7
1388120 2352.0
1388130 2352.0
1388140 2355.2
1388150 2357.3
1388160 2358.8
1388170 2358.8
1388180 2360.3
1388190 2361.4
1388200 2361.4
1388210 2363.2
1388220 2364.0
1388230 2364.0
1388240 2364.1
1388250 2364.7
1388260 2364.7
1388270 2368.4
1388280 2372.7
1388290 2372.7
1388300 2376.8
1388310 2381.3
1388320 2381.3
1388330 2385.4
1388340 2388.5
1388350 2388.5
1388360 2392.2
1388370 2395.0
1388380 2396.5
1388390 2396.5
1388400 2396.9
1388410 2398.4
1388420 2398.4
1388430 2399.5
1388440 2399.6
1388450 2402.2
1388460 2398.6
1388470 2392.2
1388480 2392.2
1388490 2384.5
1388500 2376.7
1388510 2376.7
1388520 2369.4
1388530 2362.4
1388540 2362.4
1388550 2355.0
1388560 2346.5
1388570 2339.2
1388580 2339.2
1388590 2332.0
1388600 2324.7
1388610 2324.7
1388620 2318.4
1388630 2314.3
1388640 2314.3
1388650 2311.5
1388660 2306.9
1388670 2306.9
1388680 2298.9
1388690 2291.1
1388700 2291.1
1388710 2282.9
1388720 2275.3
1388730 2275.3
1388740 2266.8
1388750 2257.1
1388760 2248.8
1388770 2248.8
1388780 2241.0
1388790 2232.5
1388800 2232.5
1388810 2224.2
1388820 2215.9
1388830 2215.9
1388840 2208.7
1388850 2201.8
1388860 2201.8
1388870 2194.6
1388880 2187.1
1388890 2187.1
1388900 2179.8
1388910 2171.7
1388920 2171.7
1388930 2163.0
1388940 2156.2
1388950 2156.2
1388960 2145.9
1388970 2133.6
1388980 2123.9
1388990 2123.9
1389000 2115.8
1389010 2110.4
1389020 2110.4
1389030 2105.3
1389040 2100.7
1389050 2100.7
1389060 2096.0
1389070 2091.1
1389080 2091.1
1389090 2086.0
1389100 2081.0
1389110 2081.0
1389120 2076.4
1389130 2072.3
1389140 2072.3
1389150 2068.1
1389160 2063.5
1389170 2058.7
1389180 2058.7
1389190 2054.1
1389200 2051.0
1389210 2051.0
1389220 2047.5
1389230 2048.6
1389240 2048.6
1389250 2051.1
1389260 2052.7
1389270 2052.7
1389280 2055.5
1389290 2058.5
1389300 2058.5
1389310 2061.6
1389320 2065.0
1389330 2065.0
1389340 2068.4
1389350 2071.9
1389360 2075.4
1389370 2075.4
1389380 2079.1
1389390 2082.8
1389400 2082.8
1389410 2086.5
1389420 2090.8
1389430 2090.8
1389440 2094.9
1389450 2099.1
1389460 2099.1
1389470 2103.0
1389480 2107.1
1389490 2107.1
1389500 2112.8
1389510 2120.7
1389520 2120.7
1389530 2127.8
1389540 2133.0
1389550 2137.1
1389560 2137.1
1389570 2140.8
1389580 2143.8
1389590 2143.8
1389600 2147.7
1389610 2152.2
1389620 2152.2
1389630 2156.8
1389640 2161.8
1389650 2161.8
1389660 2167.6
1389670 2173.9
1389680 2173.9
1389690 2180.3
1389700 2187.3
1389710 2187.3
1389720 2192.9
1389730 2198.0
1389740 2198.0
1389750 2203.0
1389760 2207.7
1389770 2212.4
1389780 2212.5
1389790 2217.9
1389800 2222.9
1389810 2222.9
1389820 2226.7
1389830 2230.5
1389840 2230.5
1389850 2235.4
1389860 2241.6
1389870 2241.6
1389880 2248.9
1389890 2255.6
1389900 2255.6
1389910 2262.3
1389920 2268.6
1389930 2268.6
1389940 2273.7
1389950 2279.0
1389960 2284.5
1389970 2284.5
1389980 2290.0
1389990 2296.5
1390000 2296.5
1390010 2302.0
1390020 2305.1
1390030 2305.1
1390040 2307.9
1390050 2313.4
1390060 2313.4
1390070 2319.6
1390080 2325.6
1390090 2325.6
1390100 2331.5
1390110 2338.7
1390120 2338.7
1390130 2344.6
1390140 2350.5
1390150 2357.5
1390160 2357.5
1390170 2363.9
1390180 2369.0
1390190 2369.0
1390200 2371.1
1390210 2363.7
1390220 2363.7
1390230 2353.3
1390240 2345.3
1390250 2345.3
1390260 2338.2
1390270 2331.7
1390280 2331.7
1390290 2325.1
1390300 2317.8
1390310 2317.8
1390320 2309.9
1390330 2304.1
1390340 2304.1
1390350 2299.1
1390360 2294.2
1390370 2291.3
1390380 2291.3
1390390 2290.6
1390400 2289.8
1390410 2289.8
1390420 2288.7
1390430 2287.2
1390440 2287.2
1390450 2285.7
1390460 2284.4
1390470 2284.4
1390480 2283.0
1390490 2281.2
1390500 2281.2
1390510 2278.6
1390520 2275.4
1390530 2275.4
1390540 2271.4
1390550 2267.7
1390560 2264.4
1390570 2264.4
1390580 2261.6
1390590 2258.4
1390600 2258.4
1390610 2255.5
1390620 2253.7
1390630 2253.7
1390640 2251.5
1390650 2249.5
1390660 2249.5
1390670 2247.4
1390680 2245.0
1390690 2245.0
1390700 2242.4
1390710 2239.7
1390720 2239.7
1390730 2236.6
1390740 2234.0
1390750 2231.1
1390760 2231.1
1390770 2227.8
1390780 2224.7
1390790 2224.7
1390800 2221.8
1390810 2218.9
1390820 2218.9
1390830 2216.9
1390840 2215.2
1390850 2215.2
1390860 2213.4
1390870 2210.8
1390880 2210.8
1390890 2208.0
1390900 2206.6
1390910 2206.6
1390920 2206.6
1390930 2206.9
1390940 2207.2
1390950 2207.2
1390960 2209.7
1390970 2212.2
1390980 2212.2
1390990 2213.7
1391000 2210.6
1391010 2210.6
1391020 2202.4
1391030 2195.7
1391040 2195.7
1391050 2188.8
1391060 2179.9
1391070 2179.9
1391080 2173.0
1391090 2164.4
1391100 2164.4
1391110 2153.8
1391120 2150.2
1391130 2150.2
1391140 2145.5
1391150 2136.4
1391160 2125.3
1391170 2125.3
1391180 2115.3
1391190 2105.3
1391200 2105.3
1391210 2094.9
1391220 2084.4
1391230 2084.4
1391240 2078.2
1391250 2072.3
1391260 2072.3
1391270 2063.8
1391280 2056.3
1391290 2056.3
1391300 2047.7
1391310 2038.4
1391320 2038.4
1391330 2027.9
1391340 2023.4
1391350 2024.1
1391360 2024.1
1391370 2015.8
1391380 2001.3
1391390 2001.3
1391400 1986.6
1391410 1975.4
1391420 1975.4
1391430 1967.0
1391440 1960.0
1391450 1960.0
1391460 1947.4
1391470 1937.3
1391480 1937.3
1391490 1933.3
1391500 1930.4
1391510 1930.4
1391520 1929.1
1391530 1927.4
1391540 1925.3
1391550 1925.3
1391560 1924.0
1391570 1922.0
1391580 1922.0
1391590 1919.5
1391600 1915.6
1391610 1915.6
1391620 1913.1
1391630 1911.0
1391640 1911.0
1391650 1909.2
1391660 1907.4
1391670 1907.4
1391680 1904.9
1391690 1902.2
1391700 1902.2
1391710 1904.0
1391720 1906.0
1391730 1906.0
1391740 1907.3
1391750 1908.3
1391760 1909.3
1391770 1909.3
1391780 1910.1
1391790 1911.1
1391800 1911.1
1391810 1912.3
1391820 1913.6
1391830 1913.6
1391840 1915.8
1391850 1919.3
1391860 1919.3
1391870 1923.4
1391880 1927.1
1391890 1927.1
1391900 1930.7
1391910 1934.8
1391920 1934.8
1391930 1938.7
1391940 1942.7
1391950 1946.5
1391960 1946.5
1391970 1950.0
1391980 1955.2
1391990 1955.2
1392000 1962.5
1392010 1969.9
1392020 1969.9
1392030 1976.3
1392040 1983.0
1392050 1983.0
1392060 1990.6
1392070 1998.6
1392080 1998.6
1392090 2006.7
1392100 2015.9
1392110 2015.9
1392120 2025.2
1392130 2034.8
1392140 2045.2
1392150 2045.2
1392160 2055.1
1392170 2062.8
1392180 2062.8
1392190 2070.2
1392200 2079.2
1392210 2079.2
1392220 2088.1
1392230 2096.6
1392240 2096.6
1392250 2104.6
1392260 2111.9
1392270 2111.9
1392280 2119.0
1392290 2126.7
1392300 2126.7
1392310 2136.1
1392320 2146.9
1392330 2156.2
1392340 2156.2
1392350 2165.8
1392360 2175.7
1392370 2175.7
1392380 2187.2
1392390 2196.4
1392400 2196.4
1392410 2204.0
1392420 2212.2
1392430 2212.2
1392440 2220.9
1392450 2230.6
1392460 2230.6
1392470 2240.5
1392480 2251.0
1392490 2253.7
1392500 2265.3
1392510 2274.9
1392520 2274.9
1392530 2283.0
1392540 2290.5
1392550 2299.4
1392560 2299.4
1392570 2307.7
1392580 2315.9
1392590 2315.9
1392600 2324.0
1392610 2332.3
1392620 2332.3
1392630 2339.3
1392640 2343.4
1392650 2343.4
1392660 2335.3
1392670 2320.1
1392680 2320.1
1392690 2309.5
1392700 2295.0
1392710 2295.0
1392720 2279.8
1392730 2265.1
1392740 2253.4
1392750 2253.4
1392760 2243.4
1392770 2236.2
1392780 2236.2
1392790 2228.5
1392800 2220.6
1392810 2220.6
1392820 2212.9
1392830 2205.7
1392840 2205.7
1392850 2200.3
1392860 2194.9
1392870 2194.9
1392880 2189.5
1392890 2184.2
1392900 2184.2
1392910 2179.4
1392920 2175.3
1392930 2171.8
1392940 2171.8
1392950 2168.6
1392960 2165.0
1392970 2165.0
1392980 2160.9
1392990 2157.4
1393000 2157.4
1393010 2154.3
1393020 2151.1
1393030 2151.1
1393040 2148.1
1393050 2145.3
1393060 2145.3
1393070 2143.3
1393080 2142.0
1393090 2142.0
1393100 2139.0
1393110 2137.0
1393120 2136.7
1393130 2136.7
1393140 2137.1
1393150 2136.1
1393160 2136.1
1393170 2135.4
1393180 2135.3
1393190 2135.3
1393200 2134.3
1393210 2134.1
1393220 2134.1
1393230 2134.3
1393240 2134.1
1393250 2134.1
1393260 2134.7
1393270 2135.7
1393280 2135.7
1393290 2136.6
1393300 2137.7
1393310 2137.7
1393320 2138.4
1393330 2139.1
1393340 2140.2
1393350 2140.2
1393360 2142.6
1393370 2148.0
1393380 2148.0
1393390 2152.2
1393400 2156.4
1393410 2156.4
1393420 2161.8
1393430 2166.7
1393440 2166.7
1393450 2171.7
1393460 2177.3
1393470 2177.3
1393480 2182.7
1393490 2188.0
1393500 2188.0
1393510 2192.9
1393520 2196.0
1393530 2197.7
1393540 2197.7
1393550 2198.4
1393560 2199.1
1393570 2199.1
1393580 2200.2
1393590 2202.1
1393600 2202.1
1393610 2203.9
1393620 2205.4
1393630 2205.4
1393640 2207.9
1393650 2210.6
1393660 2210.6
1393670 2212.4
1393680 2213.4
1393690 2213.4
1393700 2216.1
1393710 2220.0
1393720 2224.2
1393730 2224.2
1393740 2229.0
1393750 2234.5
1393760 2234.5
1393770 2240.4
1393780 2246.9
1393790 2246.9
1393800 2253.7
1393810 2261.0
1393820 2261.0
1393830 2268.9
1393840 2276.3
1393850 2276.3
1393860 2283.7
1393870 2291.1
1393880 2288.2
1393890 2295.0
1393900 2302.2
1393910 2302.2
1393920 2310.5
1393930 2319.8
1393940 2329.5
1393950 2329.5
1393960 2338.7
1393970 2346.2
1393980 2346.2
1393990 2354.4
1394000 2364.0
1394010 2364.0
1394020 2376.6
1394030 2385.9
1394040 2385.9
1394050 2393.1
1394060 2402.0
1394070 2402.0
1394080 2411.5
1394090 2421.0
1394100 2421.0
1394110 2428.8
1394120 2431.6
1394130 2430.3
1394140 2430.3
1394150 2419.9
1394160 2406.9
1394170 2406.9
1394180 2394.6
1394190 2380.6
1394200 2380.6
1394210 2369.1
1394220 2358.7
1394230 2358.7
1394240 2346.1
1394250 2331.8
1394260 2331.8
1394270 2317.9
1394280 2303.0
1394290 2303.0
1394300 2291.2
1394310 2283.2
1394320 2275.9
1394330 2275.9
1394340 2265.8
1394350 2252.1
1394360 2252.1
1394370 2237.2
1394380 2224.3
1394390 2224.3
1394400 2215.9
1394410 2207.2
1394420 2207.2
1394430 2196.0
1394440 2185.4
1394450 2185.4
1394460 2177.9
1394470 2170.5
1394480 2170.5
1394490 2157.5
1394500 2143.7
1394510 2135.6
1394520 2135.6
1394530 2128.9
1394540 2122.5
1394550 2122.5
1394560 2115.9
1394570 2108.6
1394580 2108.6
1394590 2100.5
1394600 2093.2
1394610 2093.2
1394620 2086.3
1394630 2078.4
1394640 2078.4
1394650 2072.7
1394660 2065.6
1394670 2065.6
1394680 2056.5
1394690 2046.1
1394700 2046.1
1394710 2037.5
1394720 2028.9
1394730 2020.6
1394740 2020.6
1394750 2008.2
1394760 2001.9
1394770 2001.9
1394780 1997.3
1394790 1991.1
1394800 1991.1
1394810 1981.4
1394820 1972.7
1394830 1972.7
1394840 1964.5
1394850 1956.9
1394860 1956.9
1394870 1950.6
1394880 1944.7
1394890 1944.7
1394900 1935.1
1394910 1924.8
1394920 1914.5
1394930 1914.5
1394940 1901.1
1394950 1891.7
1394960 1891.7
1394970 1898.5
1394980 1900.3
1394990 1900.3
1395000 1885.0
1395010 1861.7
1395020 1861.7
1395030 1842.4
1395040 1829.4
1395050 1829.4
1395060 1826.6
1395070 1830.2
1395080 1830.2
1395090 1829.4
1395100 1826.0
1395110 1823.3
1395120 1823.3
1395130 1816.0
1395140 1814.3
1395150 1814.3
1395160 1814.8
1395170 1812.2
1395180 1812.2
1395190 1809.3
1395200 1804.1
1395210 1804.1
1395220 1795.3
1395230 1785.6
1395240 1785.6
1395250 1779.0
1395260 1771.0
1395270 1771.0
1395280 1750.3
1395290 1732.3
1395300 1732.3
1395310 1716.5
1395320 1698.5
1395330 1687.3
1395340 1687.3
1395350 1685.1
1395360 1686.0
1395370 1686.0
1395380 1690.5
1395390 1689.1
1395400 1689.1
1395410 1681.3
1395420 1682.0
1395430 1682.0
1395440 1679.3
1395450 1675.8
1395460 1675.8
1395470 1676.0
1395480 1674.4
1395490 1674.4
1395500 1673.3
1395510 1672.6
1395520 1673.4
1395530 1673.4
1395540 1674.6
1395550 1672.0
1395560 1672.0
1395570 1675.0
1395580 1684.7
1395590 1684.7
1395600 1692.9
1395610 1695.5
1395620 1695.5
1395630 1691.7
1395640 1691.4
1395650 1691.4
1395660 1692.3
1395670 1692.4
1395680 1692.4
1395690 1690.5
1395700 1689.5
1395710 1687.9
1395720 1687.9
1395730 1684.3
1395740 1678.1
1395750 1678.1
1395760 1671.6
1395770 1665.4
1395780 1665.4
1395790 1659.4
1395800 1653.6
1395810 1653.6
1395820 1648.1
1395830 1642.5
1395840 1642.5
1395850 1637.1
1395860 1632.2
1395870 1632.2
1395880 1626.9
1395890 1620.2
1395900 1613.2
1395910 1613.2
1395920 1607.0
1395930 1599.2
1395940 1599.2
1395950 1592.0
1395960 1585.0
1395970 1585.0
1395980 1579.5
1395990 1573.9
1396000 1573.9
1396010 1567.6
1396020 1561.4
1396030 1561.4
1396040 1554.3
1396050 1545.7
1396060 1545.7
1396070 1535.1
1396080 1517.9
1396090 1517.9
1396100 1505.6
1396110 1496.2
1396120 1487.1
1396130 1487.1
1396140 1478.6
1396150 1471.2
1396160 1471.2
1396170 1464.4
1396180 1457.4
1396190 1457.4
1396200 1449.7
1396210 1435.2
1396220 1435.2
1396230 1417.9
1396240 1408.2
1396250 1408.2
1396260 1399.6
1396270 1391.3
1396280 1391.3
1396290 1382.9
1396300 1375.7
1396310 1368.9
1396320 1368.9
1396330 1361.3
1396340 1351.5
1396350 1351.5
1396360 1343.8
1396370 1336.7
1396380 1336.7
1396390 1329.5
1396400 1322.4
1396410 1322.4
1396420 1316.1
1396430 1311.3
1396440 1311.3
1396450 1305.0
1396460 1297.0
1396470 1297.0
1396480 1282.2
1396490 1271.7
1396500 1263.1
1396510 1263.1
1396520 1255.6
1396530 1248.6
1396540 1248.6
1396550 1241.6
1396560 1230.9
1396570 1230.9
1396580 1219.7
1396590 1209.0
1396600 1209.0
1396610 1193.2
1396620 1182.5
1396630 1182.5
1396640 1188.1
1396650 1197.1
1396660 1197.1
1396670 1203.2
1396680 1213.4
1396690 1213.4
1396700 1211.6
1396710 1208.1
1396720 1201.5
1396730 1201.5
1396740 1190.5
1396750 1178.2
1396760 1178.2
1396770 1165.4
1396780 1151.2
1396790 1151.2
1396800 1127.0
1396810 1111.9
1396820 1111.9
1396830 1101.0
1396840 1090.9
1396850 1090.9
1396860 1083.6
1396870 1075.7
1396880 1075.7
1396890 1068.0
1396900 1060.3
1396910 1052.6
1396920 1052.6
1396930 1044.4
1396940 1036.9
1396950 1036.9
1396960 1030.4
1396970 1024.2
1396980 1024.2
1396990 1018.3
1397000 1012.7
1397010 1012.7
1397020 1007.5
1397030 1002.1
1397040 1002.1
1397050 995.8
1397060 990.3
1397070 990.3
1397080 984.9
1397090 979.1
1397100 973.5
1397110 973.5
1397120 967.5
1397130 960.8
1397140 960.8
1397150 954.5
1397160 948.7
1397170 948.7
1397180 943.7
1397190 939.0
1397200 939.0
1397210 934.1
1397220 929.7
1397230 929.7
1397240 926.3
1397250 919.3
1397260 919.3
1397270 916.0
1397280 912.3
1397290 908.1
1397300 908.1
1397310 907.8
1397320 908.6
1397330 908.6
1397340 913.9
1397350 920.2
1397360 920.2
1397370 921.8
1397380 922.7
1397390 922.7
1397400 923.7
1397410 926.7
1397420 926.7
1397430 933.0
1397440 939.6
1397450 939.6
1397460 946.5
1397470 951.6
1397480 951.6
1397490 957.2
1397500 962.5
1397510 968.1
1397520 968.1
1397530 973.6
1397540 979.4
1397550 979.4
1397560 986.1
1397570 991.8
1397580 991.8
1397590 991.7
1397600 989.9
1397610 989.9
1397620 988.4
1397630 987.5
1397640 987.5
1397650 986.4
1397660 984.6
1397670 984.6
1397680 982.7
1397690 981.8
1397700 980.9
1397710 980.9
1397720 978.1
1397730 976.1
1397740 976.1
1397750 976.5
1397760 976.6
1397770 976.6
1397780 975.8
1397790 973.3
1397800 973.3
1397810 973.6
1397820 977.3
1397830 977.3
1397840 981.1
1397850 985.5
1397860 985.5
1397870 990.9
1397880 996.4
1397890 1001.1
1397900 1001.1
1397910 1005.0
1397920 1008.5
1397930 1008.5
1397940 1011.0
1397950 1013.6
1397960 1013.6
1397970 1016.5
1397980 1019.8
1397990 1019.8
1398000 1022.7
1398010 1025.7
1398020 1025.7
1398030 1028.4
1398040 1030.6
1398050 1030.6
1398060 1032.7
1398070 1034.8
1398080 1034.8
1398090 1036.6
1398100 1038.8
1398110 1041.4
1398120 1041.4
1398130 1043.6
1398140 1045.2
1398150 1045.2
1398160 1042.6
1398170 1044.1
1398180 1044.1
1398190 1045.2
1398200 1046.3
1398210 1046.3
1398220 1047.5
1398230 1049.1
1398240 1049.1
1398250 1050.8
1398260 1053.0
1398270 1053.0
1398280 1055.5
1398290 1057.5
1398300 1058.7
1398310 1058.7
1398320 1059.6
1398330 1060.6
1398340 1060.6
1398350 1061.6
1398360 1062.8
1398370 1062.8
1398380 1064.1
1398390 1065.9
1398400 1065.9
1398410 1068.3
1398420 1070.2
1398430 1070.2
1398440 1071.1
1398450 1073.2
1398460 1073.2
1398470 1088.1
1398480 1111.0
1398490 1124.8
1398500 1124.8
1398510 1133.4
1398520 1140.1
1398530 1140.1
1398540 1147.9
1398550 1157.1
1398560 1157.1
1398570 1162.5
1398580 1164.8
1398590 1164.8
1398600 1166.4
1398610 1172.4
1398620 1172.4
1398630 1179.5
1398640 1185.5
1398650 1185.5
1398660 1189.3
1398670 1196.2
1398680 1211.1
1398690 1211.1
1398700 1221.1
1398710 1228.7
1398720 1228.7
1398730 1244.5
1398740 1249.2
1398750 1249.2
1398760 1254.8
1398770 1257.4
1398780 1257.4
1398790 1261.7
1398800 1268.8
1398810 1268.8
1398820 1276.0
1398830 1281.4
1398840 1281.4
1398850 1285.8
1398860 1291.3
1398870 1291.3
1398880 1297.8
1398890 1304.5
1398900 1309.8
1398910 1309.8
1398920 1313.3
1398930 1317.1
1398940 1317.1
1398950 1321.1
1398960 1324.0
1398970 1324.0
1398980 1327.8
1398990 1331.1
1399000 1331.1
1399010 1334.3
1399020 1337.6
1399030 1337.6
1399040 1340.5
1399050 1343.2
1399060 1343.2
1399070 1346.8
1399080 1350.6
1399090 1355.9
1399100 1355.9
1399110 1360.9
1399120 1365.7
1399130 1365.7
1399140 1372.9
1399150 1381.1
1399160 1381.1
1399170 1389.1
1399180 1396.8
1399190 1396.8
1399200 1403.7
1399210 1410.0
1399220 1410.0
1399230 1418.7
1399240 1425.2
1399250 1425.2
1399260 1428.1
1399270 1431.0
1399280 1433.4
1399290 1433.4
1399300 1434.4
1399310 1436.5
1399320 1436.5
1399330 1440.4
1399340 1443.2
1399350 1443.2
1399360 1445.0
1399370 1446.4
1399380 1446.4
1399390 1450.0
1399400 1454.9
1399410 1454.9
1399420 1459.8
1399430 1463.7
1399440 1463.7
1399450 1467.1
1399460 1471.0
1399470 1471.0
1399480 1475.3
1399490 1480.1
1399500 1486.2
1399510 1486.2
1399520 1491.8
1399530 1495.3
1399540 1495.3
1399550 1496.9
1399560 1498.6
1399570 1498.6
1399580 1500.3
1399590 1501.9
1399600 1501.9
1399610 1505.6
1399620 1510.7
1399630 1510.7
1399640 1509.2
1399650 1514.4
1399660 1514.4
1399670 1520.3
1399680 1524.1
1399690 1526.7
1399700 1526.7
1399710 1528.6
1399720 1531.3
1399730 1531.3
1399740 1535.7
1399750 1540.5
1399760 1540.5
1399770 1545.6
1399780 1550.8
1399790 1550.8
1399800 1555.8
1399810 1560.0
1399820 1560.0
1399830 1563.4
1399840 1566.5
1399850 1566.5
1399860 1569.4
1399870 1572.6
1399880 1576.1
1399890 1576.1
1399900 1580.0
1399910 1583.8
1399920 1583.8
1399930 1587.3
1399940 1590.5
1399950 1590.5
1399960 1593.9
1399970 1597.2
1399980 1597.2
1399990 1601.0
1380000 2195.6
1380010 2197.7
1380020 2197.7
1380030 2198.9
1380040 2200.1
1380050 2200.1
1380060 2201.8
1380070 2203.4
1380080 2203.4
1380090 2206.0
1380100 2208.4
1380110 2208.4
1380120 2210.3
1380130 2212.1
1380140 2212.1
1380150 2210.0
1380160 2204.1
1380170 2204.1
1380180 2203.4
1380190 2205.3
1380200 2205.3
1380210 2205.9
1380220 2204.7
1380230 2203.9
1380240 2203.9
1380250 2197.6
1380260 2194.0
1380270 2194.0
1380280 2193.6
1380290 2197.6
1380300 2197.6
1380310 2205.6
1380320 2215.0
1380330 2215.0
1380340 2223.8
1380350 2231.2
1380360 2231.2
1380370 2237.2
1380380 2241.8
1380390 2241.8
1380400 2244.2
1380410 2245.1
1380420 2246.1
1380430 2246.1
1380440 2247.7
1380450 2249.8
1380460 2249.8
1380470 2252.5
1380480 2255.7
1380490 2255.7
1380500 2259.6
1380510 2263.5
1380520 2263.5
1380530 2267.4
1380540 2271.2
1380550 2271.2
1380560 2275.0
1380570 2278.5
1380580 2278.5
1380590 2283.7
1380600 2290.0
1380610 2298.3
1380620 2298.3
1380630 2304.2
1380640 2309.7
1380650 2309.7
1380660 2316.8
1380670 2323.9
1380680 2323.9
1380690 2331.6
1380700 2338.8
1380710 2338.8
1380720 2346.2
1380730 2356.0
1380740 2356.0
1380750 2361.3
1380760 2354.3
1380770 2354.3
1380780 2345.4
1380790 2336.7
1380800 2336.7
1380810 2330.1
1380820 2325.7
1380830 2319.6
1380840 2319.6
1380850 2316.9
1380860 2321.6
1380870 2321.6
1380880 2321.2
1380890 2321.0
1380900 2321.0
1380910 2321.0
1380920 2321.1
1380930 2321.1
1380940 2322.3
1380950 2322.6
1380960 2322.6
1380970 2323.3
1380980 2325.0
1380990 2325.0
1381000 2327.3
1381010 2330.0
1381020 2332.8
1381030 2332.8
1381040 2336.2
1381050 2340.4
1381060 2340.4
1381070 2343.2
1381080 2345.7
1381090 2345.7
1381100 2349.5
1381110 2355.6
1381120 2355.6
1381130 2360.4
1381140 2363.9
1381150 2363.9
1381160 2371.3
1381170 2379.5
1381180 2379.5
1381190 2382.5
1381200 2384.0
1381210 2391.8
1381220 2391.8
1381230 2400.2
1381240 2408.3
1381250 2408.3
1381260 2420.3
1381270 2433.4
1381280 2433.4
1381290 2443.9
1381300 2448.4
1381310 2448.4
1381320 2454.0
1381330 2463.6
1381340 2463.6
1381350 2473.0
1381360 2481.7
1381370 2481.7
1381380 2489.1
1381390 2496.6
1381400 2504.8
1381410 2504.8
1381420 2512.6
1381430 2520.4
1381440 2520.4
1381450 2528.5
1381460 2536.2
1381470 2536.2
1381480 2537.4
1381490 2532.9
1381500 2532.9
1381510 2527.2
1381520 2521.4
1381530 2521.4
1381540 2516.0
1381550 2509.7
1381560 2509.7
1381570 2503.7
1381580 2500.4
1381590 2500.4
1381600 2496.4
1381610 2488.8
1381620 2482.5
1381630 2482.5
1381640 2477.4
1381650 2472.8
1381660 2472.8
1381670 2468.3
1381680 2464.2
1381690 2464.2
1381700 2459.7
1381710 2456.0
1381720 2456.0
1381730 2453.3
1381740 2451.2
1381750 2451.2
1381760 2449.0
1381770 2446.5
1381780 2446.5
1381790 2443.2
1381800 2441.0
1381810 2438.8
1381820 2438.8
1381830 2435.7
1381840 2433.7
1381850 2433.7
1381860 2431.9
1381870 2430.2
1381880 2430.2
1381890 2428.2
1381900 2425.5
1381910 2425.5
1381920 2422.8
1381930 2420.4
1381940 2420.4
1381950 2417.8
1381960 2414.4
1381970 2414.4
1381980 2410.6
1381990 2406.6
1382000 2401.6
1382010 2401.6
1382020 2394.9
1382030 2388.2
1382040 2388.2
1382050 2382.2
1382060 2376.5
1382070 2376.5
1382080 2370.0
1382090 2361.8
1382100 2361.8
1382110 2355.2
1382120 2348.6
1382130 2348.6
1382140 2341.9
1382150 2335.4
1382160 2335.4
1382170 2329.1
1382180 2322.6
1382190 2322.6
1382200 2316.0
1382210 2309.9
1382220 2304.4
1382230 2304.4
1382240 2298.6
1382250 2293.1
1382260 2293.1
1382270 2287.2
1382280 2281.7
1382290 2281.7
1382300 2278.1
1382310 2274.4
1382320 2274.4
1382330 2270.8
1382340 2267.3
1382350 2267.3
1382360 2264.0
1382370 2260.2
1382380 2260.2
1382390 2253.2
1382400 2245.8
1382410 2237.1
1382420 2237.1
1382430 2224.8
1382440 2212.1
1382450 2212.1
1382460 2203.7
1382470 2197.1
1382480 2197.1
1382490 2191.1
1382500 2186.4
1382510 2186.4
1382520 2182.3
1382530 2174.5
1382540 2174.5
1382550 2161.2
1382560 2148.2
1382570 2148.2
1382580 2135.5
1382590 2123.3
1382600 2113.8
1382610 2113.8
1382620 2106.7
1382630 2099.0
1382640 2099.0
1382650 2090.0
1382660 2081.1
1382670 2081.1
1382680 2071.1
1382690 2062.1
1382700 2062.1
1382710 2054.6
1382720 2047.1
1382730 2047.1
1382740 2039.8
1382750 2033.0
1382760 2033.0
1382770 2026.8
1382780 2020.4
1382790 2014.1
1382800 2014.1
1382810 2006.8
1382820 1998.4
1382830 1998.4
1382840 1994.9
1382850 1996.6
1382860 1996.6
1382870 2000.1
1382880 2004.1
1382890 2004.1
1382900 2007.8
1382910 2013.9
1382920 2013.9
1382930 2021.0
1382940 2025.3
1382950 2025.3
1382960 2028.2
1382970 2031.0
1382980 2031.0
1382990 2033.2
1383000 2034.0
1383010 2033.7
1383020 2033.7
1383030 2036.9
1383040 2045.7
1383050 2045.7
1383060 2052.8
1383070 2057.8
1383080 2057.8
1383090 2063.9
1383100 2070.5
1383110 2070.5
1383120 2077.2
1383130 2083.7
1383140 2083.7
1383150 2089.9
1383160 2095.9
1383170 2095.9
1383180 2102.0
1383190 2107.5
1383200 2112.7
1383210 2112.7
1383220 2118.7
1383230 2124.8
1383240 2124.8
1383250 2131.0
1383260 2137.2
1383270 2137.2
1383280 2143.9
1383290 2150.7
1383300 2150.7
1383310 2156.9
1383320 2162.5
1383330 2168.5
1383340 2174.7
1383350 2179.9
1383360 2179.9
1383370 2184.5
1383380 2190.1
1383390 2197.8
1383400 2197.8
1383410 2205.7
1383420 2213.8
1383430 2213.8
1383440 2222.1
1383450 2230.2
1383460 2230.2
1383470 2238.0
1383480 2245.9
1383490 2245.9
1383500 2253.5
1383510 2261.5
1383520 2261.5
1383530 2270.2
1383540 2279.1
1383550 2279.1
1383560 2288.8
1383570 2298.1
1383580 2298.1
1383590 2307.4
1383600 2312.4
1383610 2314.3
1383620 2314.3
1383630 2314.1
1383640 2312.8
1383650 2312.8
1383660 2311.9
1383670 2308.7
1383680 2308.7
1383690 2301.8
1383700 2294.6
1383710 2294.6
1383720 2285.8
1383730 2276.5
1383740 2276.5
1383750 2266.7
1383760 2258.1
1383770 2258.1
1383780 2250.8
1383790 2244.7
1383800 2240.4
1383810 2240.4
1383820 2236.7
1383830 2232.3
1383840 2232.3
1383850 2226.5
1383860 2219.9
1383870 2219.9
1383880 2213.6
1383890 2208.8
1383900 2208.8
1383910 2205.8
1383920 2203.3
1383930 2203.3
1383940 2200.6
1383950 2197.9
1383960 2197.9
1383970 2195.3
1383980 2192.0
1383990 2187.6
1384000 2187.6
1384010 2182.5
1384020 2178.2
1384030 2178.2
1384040 2174.8
1384050 2171.0
1384060 2171.0
1384070 2166.7
1384080 2162.3
1384090 2162.3
1384100 2158.7
1384110 2155.6
1384120 2155.6
1384130 2152.7
1384140 2150.0
1384150 2150.0
1384160 2147.3
1384170 2144.7
1384180 2144.7
1384190 2142.0
1384200 2140.0
1384210 2136.9
1384220 2136.9
1384230 2133.1
1384240 2129.1
1384250 2129.1
1384260 2129.6
1384270 2137.2
1384280 2137.2
1384290 2139.5
1384300 2139.5
1384310 2139.5
1384320 2137.7
1384330 2135.3
1384340 2135.3
1384350 2136.4
1384360 2131.7
1384370 2131.7
1384380 2128.3
1384390 2135.6
1384400 2138.5
1384410 2138.5
1384420 2140.7
1384430 2141.2
1384440 2141.2
1384450 2141.5
1384460 2142.4
1384470 2142.4
1384480 2143.5
1384490 2145.5
1384500 2145.5
1384510 2147.8
1384520 2149.3
1384530 2149.3
1384540 2151.0
1384550 2153.1
1384560 2153.1
1384570 2155.0
1384580 2163.2
1384590 2167.1
1384600 2167.1
1384610 2170.7
1384620 2172.3
1384630 2172.3
1384640 2174.0
1384650 2178.8
1384660 2178.8
1384670 2183.8
1384680 2187.5
1384690 2187.5
1384700 2190.6
1384710 2194.1
1384720 2194.1
1384730 2198.5
1384740 2200.3
1384750 2200.3
1384760 2201.3
1384770 2204.0
1384780 2206.8
1384790 2206.8
1384800 2211.2
1384810 2217.6
1384820 2217.6
1384830 2223.9
1384840 2227.4
1384850 2227.4
1384860 2229.1
1384870 2234.9
1384880 2234.9
1384890 2241.6
1384900 2243.3
1384910 2243.3
1384920 2247.6
1384930 2251.9
1384940 2251.9
1384950 2257.0
1384960 2264.6
1384970 2264.6
1384980 2274.8
1384990 2284.9
1385000 2295.1
1385010 2295.1
1385020 2301.2
1385030 2307.0
1385040 2307.0
1385050 2312.8
1385060 2318.5
1385070 2318.5
1385080 2324.2
1385090 2329.9
1385100 2329.9
1385110 2335.5
1385120 2341.0
1385130 2341.0
1385140 2347.4
1385150 2354.2
1385160 2354.2
1385170 2361.2
1385180 2370.1
1385190 2379.3
1385200 2379.3
1385210 2387.7
1385220 2394.7
1385230 2394.7
1385240 2399.5
1385250 2403.6
1385260 2403.6
1385270 2408.4
1385280 2413.9
1385290 2413.9
1385300 2420.4
1385310 2426.6
1385320 2426.6
1385330 2432.6
1385340 2437.9
1385350 2437.9
1385360 2443.2
1385370 2448.2
1385380 2453.5
1385390 2453.5
1385400 2458.2
1385410 2462.2
1385420 2462.2
1385430 2467.2
1385440 2472.0
1385450 2472.0
1385460 2476.4
1385470 2481.2
1385480 2481.2
1385490 2486.8
1385500 2492.3
1385510 2492.3
1385520 2497.4
1385530 2502.1
1385540 2502.1
1385550 2506.9
1385560 2512.5
1385570 2512.5
1385580 2516.7
1385590 2514.1
1385600 2508.0
1385610 2508.0
1385620 2502.0
1385630 2496.2
1385640 2496.2
1385650 2490.9
1385660 2485.3
1385670 2485.3
1385680 2476.8
1385690 2466.1
1385700 2466.1
1385710 2454.3
1385720 2447.1
1385730 2447.1
1385740 2441.6
1385750 2437.7
1385760 2437.7
1385770 2435.6
1385780 2435.5
1385790 2437.1
1385800 2437.1
1385810 2436.9
1385820 2436.0
1385830 2436.0
1385840 2436.6
1385850 2437.2
1385860 2439.2
1385870 2437.5
1385880 2434.5
1385890 2434.5
1385900 2430.6
1385910 2425.0
1385920 2425.0
1385930 2418.8
1385940 2412.5
1385950 2412.5
1385960 2404.8
1385970 2395.9
1385980 2387.2
1385990 2387.2
1386000 2378.2
1386010 2370.4
1386020 2370.4
1386030 2363.8
1386040 2357.7
1386050 2357.7
1386060 2352.6
1386070 2348.1
1386080 2348.1
1386090 2344.2
1386100 2339.9
1386110 2339.9
1386120 2336.6
1386130 2334.0
1386140 2334.0
1386150 2332.1
1386160 2330.4
1386170 2327.0
1386180 2327.0
1386190 2322.4
1386200 2315.7
1386210 2315.7
1386220 2308.7
1386230 2303.0
1386240 2303.0
1386250 2299.3
1386260 2297.2
1386270 2297.2
1386280 2296.2
1386290 2295.5
1386300 2295.5
1386310 2295.6
1386320 2296.9
1386330 2296.9
1386340 2300.6
1386350 2300.5
1386360 2300.5
1386370 2299.8
1386380 2299.1
1386390 2299.5
1386400 2299.5
1386410 2301.1
1386420 2299.9
1386430 2299.9
1386440 2295.2
1386450 2292.0
1386460 2292.0
1386470 2288.4
1386480 2285.9
1386490 2285.9
1386500 2286.2
1386510 2285.7
1386520 2285.7
1386530 2284.2
1386540 2278.9
1386550 2278.9
1386560 2270.5
1386570 2260.9
1386580 2251.7
1386590 2251.7
1386600 2242.9
1386610 2234.4
1386620 2234.4
1386630 2227.8
1386640 2220.9
1386650 2220.9
1386660 2212.9
1386670 2205.0
1386680 2205.0
1386690 2197.2
1386700 2189.5
1386710 2189.5
1386720 2181.7
1386730 2173.8
1386740 2173.8
1386750 2165.7
1386760 2157.2
1386770 2148.1
1386780 2148.1
1386790 2138.8
1386800 2130.5
1386810 2130.5
1386820 2122.9
1386830 2114.9
1386840 2114.9
1386850 2107.1
1386860 2099.0
1386870 2099.0
1386880 2091.4
1386890 2086.0
1386900 2086.0
1386910 2079.2
1386920 2071.9
1386930 2071.9
1386940 2065.6
1386950 2058.6
1386960 2058.6
1386970 2051.3
1386980 2045.0
1386990 2039.0
1387000 2039.0
1387010 2033.5
1387020 2029.6
1387030 2029.6
1387040 2026.1
1387050 2024.0
1387060 2024.0
1387070 2022.5
1387080 2020.5
1387090 2020.5
1387100 2019.9
1387110 2025.4
1387120 2025.4
1387130 2030.3
1387140 2033.2
1387150 2034.2
1387160 2036.7
1387170 2039.2
1387180 2041.9
1387190 2041.9
1387200 2044.2
1387210 2047.6
1387220 2047.6
1387230 2052.3
1387240 2057.4
1387250 2057.4
1387260 2062.6
1387270 2068.5
1387280 2068.5
1387290 2073.3
1387300 2076.5
1387310 2076.5
1387320 2080.7
1387330 2085.9
1387340 2085.9
1387350 2090.5
1387360 2093.5
1387370 2095.5
1387380 2095.5
1387390 2097.9
1387400 2100.3
1387410 2100.3
1387420 2103.9
1387430 2108.3
1387440 2108.3
1387450 2114.6
1387460 2122.1
1387470 2122.1
1387480 2129.7
1387490 2137.2
1387500 2137.2
1387510 2143.7
1387520 2149.4
1387530 2149.4
1387540 2156.4
1387550 2164.1
1387560 2171.1
1387570 2171.1
1387580 2177.0
1387590 2181.3
1387600 2181.3
1387610 2184.9
1387620 2189.0
1387630 2189.0
1387640 2191.9
1387650 2195.7
1387660 2195.7
1387670 2202.6
1387680 2208.9
1387690 2208.9
1387700 2214.6
1387710 2221.1
1387720 2221.1
1387730 2228.0
1387740 2234.5
1387750 2234.5
1387760 2241.1
1387770 2247.2
1387780 2252.1
1387790 2252.1
1387800 2258.0
1387810 2263.0
1387820 2263.0
1387830 2267.2
1387840 2269.9
1387850 2269.9
1387860 2273.7
1387870 2278.4
1387880 2278.4
1387890 2282.6
1387900 2287.7
1387910 2287.7
1387920 2292.9
1387930 2297.8
1387940 2297.8
1387950 2301.7
1387960 2305.9
1387970 2310.5
1387980 2310.5
1387990 2314.8
1388000 2319.0
1388010 2319.0
1388020 2323.1
1388030 2327.7
1388040 2327.7
1388050 2332.2
1388060 2336.3
1388070 2336.3
1388080 2340.0
1388090 2343.9
1388100 2343.9
1388110 2348.7
1388120 2352.0
1388130 2352.0
1388140 2355.2
1388150 2357.3
1388160 2358.8
1388170 2358.8
1388180 2360.3
1388190 2361.4
1388200 2361.4
1388210 2363.2
1388220 2364.0
1388230 2364.0
1388240 2364.1
1388250 2364.7
1388260 2364.7
1388270 2368.4
1388280 2372.7
1388290 2372.7
1388300 2376.8
1388310 2381.3
1388320 2381.3
1388330 2385.4
1388340 2388.5
1388350 2388.5
1388360 2392.2
1388370 2395.0
1388380 2396.5
1388390 2396.5
1388400 2396.9
1388410 2398.4
1388420 2398.4
1388430 2399.5
1388440 2399.6
1388450 2402.2
1388460 2398.6
1388470 2392.2
1388480 2392.2
1388490 2384.5
1388500 2376.7
1388510 2376.7
1388520 2369.4
1388530 2362.4
1388540 2362.4
1388550 2355.0
1388560 2346.5
1388570 2339.2
1388580 2339.2
1388590 2332.0
1388600 2324.7
1388610 2324.7
1388620 2318.4
1388630 2314.3
1388640 2314.3
1388650 2311.5
1388660 2306.9
1388670 2306.9
1388680 2298.9
1388690 2291.1
1388700 2291.1
1388710 2282.9
1388720 2275.3
1388730 2275.3
1388740 2266.8
1388750 2257.1
1388760 2248.8
1388770 2248.8
1388780 2241.0
1388790 2232.5
1388800 2232.5
1388810 2224.2
1388820 2215.9
1388830 2215.9
1388840 2208.7
1388850 2201.8
1388860 2201.8
1388870 2194.6
1388880 2187.1
1388890 2187.1
1388900 2179.8
1388910 2171.7
1388920 2171.7
1388930 2163.0
1388940 2156.2
1388950 2156.2
1388960 2145.9
1388970 2133.6
1388980 2123.9
1388990 2123.9
1389000 2115.8
1389010 2110.4
1389020 2110.4
1389030 2105.3
1389040 2100.7
1389050 2100.7
1389060 2096.0
1389070 2091.1
1389080 2091.1
1389090 2086.0
1389100 2081.0
1389110 2081.0
1389120 2076.4
1389130 2072.3
1389140 2072.3
1389150 2068.1
1389160 2063.5
1389170 2058.7
1389180 2058.7
1389190 2054.1
1389200 2051.0
1389210 2051.0
1389220 2047.5
1389230 2048.6
1389240 2048.6
1389250 2051.1
1389260 2052.7
1389270 2052.7
1389280 2055.5
1389290 2058.5
1389300 2058.5
1389310 2061.6
1389320 2065.0
1389330 2065.0
1389340 2068.4
1389350 2071.9
1389360 2075.4
1389370 2075.4
1389380 2079.1
1389390 2082.8
1389400 2082.8
1389410 2086.5
1389420 2090.8
1389430 2090.8
1389440 2094.9
1389450 2099.1
1389460 2099.1
1389470 2103.0
1389480 2107.1
1389490 2107.1
1389500 2112.8
1389510 2120.7
1389520 2120.7
1389530 2127.8
1389540 2133.0
1389550 2137.1
1389560 2137.1
1389570 2140.8
1389580 2143.8
1389590 2143.8
1389600 2147.7
1389610 2152.2
1389620 2152.2
1389630 2156.8
1389640 2161.8
1389650 2161.8
1389660 2167.6
1389670 2173.9
1389680 2173.9
1389690 2180.3
1389700 2187.3
1389710 2187.3
1389720 2192.9
1389730 2198.0
1389740 2198.0
1389750 2203.0
1389760 2207.7
1389770 2212.4
1389780 2212.5
1389790 2217.9
1389800 2222.9
1389810 2222.9
1389820 2226.7
1389830 2230.5
1389840 2230.5
1389850 2235.4
1389860 2241.6
1389870 2241.6
1389880 2248.9
1389890 2255.6
1389900 2255.6
1389910 2262.3
1389920 2268.6
1389930 2268.6
1389940 2273.7
1389950 2279.0
1389960 2284.5
1389970 2284.5
1389980 2290.0
1389990 2296.5
1390000 2296.5
1390010 2302.0
1390020 2305.1
1390030 2305.1
1390040 2307.9
1390050 2313.4
1390060 2313.4
1390070 2319.6
1390080 2325.6
1390090 2325.6
1390100 2331.5
1390110 2338.7
1390120 2338.7
1390130 2344.6
1390140 2350.5
1390150 2357.5
1390160 2357.5
1390170 2363.9
1390180 2369.0
1390190 2369.0
1390200 2371.1
1390210 2363.7
1390220 2363.7
1390230 2353.3
1390240 2345.3
1390250 2345.3
1390260 2338.2
1390270 2331.7
1390280 2331.7
1390290 2325.1
1390300 2317.8
1390310 2317.8
1390320 2309.9
1390330 2304.1
1390340 2304.1
1390350 2299.1
1390360 2294.2
1390370 2291.3
1390380 2291.3
1390390 2290.6
1390400 2289.8
1390410 2289.8
1390420 2288.7
1390430 2287.2
1390440 2287.2
1390450 2285.7
1390460 2284.4
1390470 2284.4
1390480 2283.0
1390490 2281.2
1390500 2281.2
1390510 2278.6
1390520 2275.4
1390530 2275.4
1390540 2271.4
1390550 2267.7
1390560 2264.4
1390570 2264.4
1390580 2261.6
1390590 2258.4
1390600 2258.4
1390610 2255.5
1390620 2253.7
1390630 2253.7
1390640 2251.5
1390650 2249.5
1390660 2249.5
1390670 2247.4
1390680 2245.0
1390690 2245.0
1390700 2242.4
1390710 2239.7
1390720 2239.7
1390730 2236.6
1390740 2234.0
1390750 2231.1
1390760 2231.1
1390770 2227.8
1390780 2224.7
1390790 2224.7
1390800 2221.8
1390810 2218.9
1390820 2218.9
1390830 2216.9
1390840 2215.2
1390850 2215.2
1390860 2213.4
1390870 2210.8
1390880 2210.8
1390890 2208.0
1390900 2206.6
1390910 2206.6
1390920 2206.6
1390930 2206.9
1390940 2207.2
1390950 2207.2
1390960 2209.7
1390970 2212.2
1390980 2212.2
1390990 2213.7
1391000 2210.6
1391010 2210.6
1391020 2202.4
1391030 2195.7
1391040 2195.7
1391050 2188.8
1391060 2179.9
1391070 2179.9
1391080 2173.0
1391090 2164.4
1391100 2164.4
1391110 2153.8
1391120 2150.2
1391130 2150.2
1391140 2145.5
1391150 2136.4
1391160 2125.3
1391170 2125.3
1391180 2115.3
1391190 2105.3
1391200 2105.3
1391210 2094.9
1391220 2084.4
1391230 2084.4
1391240 2078.2
1391250 2072.3
1391260 2072.3
1391270 2063.8
1391280 2056.3
1391290 2056.3
1391300 2047.7
1391310 2038.4
1391320 2038.4
1391330 2027.9
1391340 2023.4
1391350 2024.1
1391360 2024.1
1391370 2015.8
1391380 2001.3
1391390 2001.3
1391400 1986.6
1391410 1975.4
1391420 1975.4
1391430 1967.0
1391440 1960.0
1391450 1960.0
1391460 1947.4
1391470 1937.3
1391480 1937.3
1391490 1933.3
1391500 1930.4
1391510 1930.4
1391520 1929.1
1391530 1927.4
1391540 1925.3
1391550 1925.3
1391560 1924.0
1391570 1922.0
1391580 1922.0
1391590 1919.5
1391600 1915.6
1391610 1915.6
1391620 1913.1
1391630 1911.0
1391640 1911.0
1391650 1909.2
1391660 1907.4
1391670 1907.4
1391680 1904.9
1391690 1902.2
1391700 1902.2
1391710 1904.0
1391720 1906.0
1391730 1906.0
1391740 1907.3
1391750 1908.3
1391760 1909.3
1391770 1909.3
1391780 1910.1
1391790 1911.1
1391800 1911.1
1391810 1912.3
1391820 1913.6
1391830 1913.6
1391840 1915.8
1391850 1919.3
1391860 1919.3
1391870 1923.4
1391880 1927.1
1391890 1927.1
1391900 1930.7
1391910 1934.8
1391920 1934.8
1391930 1938.7
1391940 1942.7
1391950 1946.5
1391960 1946.5
1391970 1950.0
1391980 1955.2
1391990 1955.2
1392000 1962.5
1392010 1969.9
1392020 1969.9
1392030 1976.3
1392040 1983.0
1392050 1983.0
1392060 1990.6
1392070 1998.6
1392080 1998.6
1392090 2006.7
1392100 2015.9
1392110 2015.9
1392120 2025.2
1392130 2034.8
1392140 2045.2
1392150 2045.2
1392160 2055.1
1392170 2062.8
1392180 2062.8
1392190 2070.2
1392200 2079.2
1392210 2079.2
1392220 2088.1
1392230 2096.6
1392240 2096.6
1392250 2104.6
1392260 2111.9
1392270 2111.9
1392280 2119.0
1392290 2126.7
1392300 2126.7
1392310 2136.1
1392320 2146.9
1392330 2156.2
1392340 2156.2
1392350 2165.8
1392360 2175.7
1392370 2175.7
1392380 2187.2
1392390 2196.4
1392400 2196.4
1392410 2204.0
1392420 2212.2
1392430 2212.2
1392440 2220.9
1392450 2230.6
1392460 2230.6
1392470 2240.5
1392480 2251.0
1392490 2253.7
1392500 2265.3
1392510 2274.9
1392520 2274.9
1392530 2283.0
1392540 2290.5
1392550 2299.4
1392560 2299.4
1392570 2307.7
1392580 2315.9
1392590 2315.9
1392600 2324.0
1392610 2332.3
1392620 2332.3
1392630 2339.3
1392640 2343.4
1392650 2343.4
1392660 2335.3
1392670 2320.1
1392680 2320.1
1392690 2309.5
1392700 2295.0
1392710 2295.0
1392720 2279.8
1392730 2265.1
1392740 2253.4
1392750 2253.4
1392760 2243.4
1392770 2236.2
1392780 2236.2
1392790 2228.5
1392800 2220.6
1392810 2220.6
1392820 2212.9
1392830 2205.7
1392840 2205.7
1392850 2200.3
1392860 2194.9
1392870 2194.9
1392880 2189.5
1392890 2184.2
1392900 2184.2
1392910 2179.4
1392920 2175.3
1392930 2171.8
1392940 2171.8
1392950 2168.6
1392960 2165.0
1392970 2165.0
1392980 2160.9
1392990 2157.4
1393000 2157.4
1393010 2154.3
1393020 2151.1
1393030 2151.1
1393040 2148.1
1393050 2145.3
1393060 2145.3
1393070 2143.3
1393080 2142.0
1393090 2142.0
1393100 2139.0
1393110 2137.0
1393120 2136.7
1393130 2136.7
1393140 2137.1
1393150 2136.1
1393160 2136.1
1393170 2135.4
1393180 2135.3
1393190 2135.3
1393200 2134.3
1393210 2134.1
1393220 2134.1
1393230 2134.3
1393240 2134.1
1393250 2134.1
1393260 2134.7
1393270 2135.7
1393280 2135.7
1393290 2136.6
1393300 2137.7
1393310 2137.7
1393320 2138.4
1393330 2139.1
1393340 2140.2
1393350 2140.2
1393360 2142.6
1393370 2148.0
1393380 2148.0
1393390 2152.2
1393400 2156.4
1393410 2156.4
1393420 2161.8
1393430 2166.7
1393440 2166.7
1393450 2171.7
1393460 2177.3
1393470 2177.3
1393480 2182.7
1393490 2188.0
1393500 2188.0
1393510 2192.9
1393520 2196.0
1393530 2197.7
1393540 2197.7
1393550 2198.4
1393560 2199.1
1393570 2199.1
1393580 2200.2
1393590 2202.1
1393600 2202.1
1393610 2203.9
1393620 2205.4
1393630 2205.4
1393640 2207.9
1393650 2210.6
1393660 2210.6
1393670 2212.4
1393680 2213.4
1393690 2213.4
1393700 2216.1
1393710 2220.0
1393720 2224.2
1393730 2224.2
1393740 2229.0
1393750 2234.5
1393760 2234.5
1393770 2240.4
1393780 2246.9
1393790 2246.9
1393800 2253.7
1393810 2261.0
1393820 2261.0
1393830 2268.9
1393840 2276.3
1393850 2276.3
1393860 2283.7
1393870 2291.1
1393880 2288.2
1393890 2295.0
1393900 2302.2
1393910 2302.2
1393920 2310.5
1393930 2319.8
1393940 2329.5
1393950 2329.5
1393960 2338.7
1393970 2346.2
1393980 2346.2
1393990 2354.4
1394000 2364.0
1394010 2364.0
1394020 2376.6
1394030 2385.9
1394040 2385.9
1394050 2393.1
1394060 2402.0
1394070 2402.0
1394080 2411.5
1394090 2421.0
1394100 2421.0
1394110 2428.8
1394120 2431.6
1394130 2430.3
1394140 2430.3
1394150 2419.9
1394160 2406.9
1394170 2406.9
1394180 2394.6
1394190 2380.6
1394200 2380.6
1394210 2369.1
1394220 2358.7
1394230 2358.7
1394240 2346.1
1394250 2331.8
1394260 2331.8
1394270 2317.9
1394280 2303.0
1394290 2303.0
1394300 2291.2
1394310 2283.2
1394320 2275.9
1394330 2275.9
1394340 2265.8
1394350 2252.1
1394360 2252.1
1394370 2237.2
1394380 2224.3
1394390 2224.3
1394400 2215.9
1394410 2207.2
1394420 2207.2
1394430 2196.0
1394440 2185.4
1394450 2185.4
1394460 2177.9
1394470 2170.5
1394480 2170.5
1394490 2157.5
1394500 2143.7
1394510 2135.6
1394520 2135.6
1394530 2128.9
1394540 2122.5
1394550 2122.5
1394560 2115.9
1394570 2108.6
1394580 2108.6
1394590 2100.5
1394600 2093.2
1394610 2093.2
1394620 2086.3
1394630 2078.4
1394640 2078.4
1394650 2072.7
1394660 2065.6
1394670 2065.6
1394680 2056.5
1394690 2046.1
1394700 2046.1
1394710 2037.5
1394720 2028.9
1394730 2020.6
1394740 2020.6
1394750 2008.2
1394760 2001.9
1394770 2001.9
1394780 1997.3
1394790 1991.1
1394800 1991.1
1394810 1981.4
1394820 1972.7
1394830 1972.7
1394840 1964.5
1394850 1956.9
1394860 1956.9
1394870 1950.6
1394880 1944.7
1394890 1944.7
1394900 1935.1
1394910 1924.8
1394920 1914.5
1394930 1914.5
1394940 1901.1
1394950 1891.7
1394960 1891.7
1394970 1898.5
1394980 1900.3
1394990 1900.3
1395000 1885.0
1395010 1861.7
1395020 1861.7
1395030 1842.4
1395040 1829.4
1395050 1829.4
1395060 1826.6
1395070 1830.2
1395080 1830.2
1395090 1829.4
1395100 1826.0
1395110 1823.3
1395120 1823.3
1395130 1816.0
1395140 1814.3
1395150 1814.3
1395160 1814.8
1395170 1812.2
1395180 1812.2
1395190 1809.3
1395200 1804.1
1395210 1804.1
1395220 1795.3
1395230 1785.6
1395240 1785.6
1395250 1779.0
1395260 1771.0
1395270 1771.0
1395280 1750.3
1395290 1732.3
1395300 1732.3
1395310 1716.5
1395320 1698.5
1395330 1687.3
1395340 1687.3
1395350 1685.1
1395360 1686.0
1395370 1686.0
1395380 1690.5
1395390 1689.1
1395400 1689.1
1395410 1681.3
1395420 1682.0
1395430 1682.0
1395440 1679.3
1395450 1675.8
1395460 1675.8
1395470 1676.0
1395480 1674.4
1395490 1674.4
1395500 1673.3
1395510 1672.6
1395520 1673.4
1395530 1673.4
1395540 1674.6
1395550 1672.0
1395560 1672.0
1395570 1675.0
1395580 1684.7
1395590 1684.7
1395600 1692.9
1395610 1695.5
1395620 1695.5
1395630 1691.7
1395640 1691.4
1395650 1691.4
1395660 1692.3
1395670 1692.4
1395680 1692.4
1395690 1690.5
1395700 1689.5
1395710 1687.9
1395720 1687.9
1395730 1684.3
1395740 1678.1
1395750 1678.1
1395760 1671.6
1395770 1665.4
1395780 1665.4
1395790 1659.4
1395800 1653.6
1395810 1653.6
1395820 1648.1
1395830 1642.5
1395840 1642.5
1395850 1637.1
1395860 1632.2
1395870 1632.2
1395880 1626.9
1395890 1620.2
1395900 1613.2
1395910 1613.2
1395920 1607.0
1395930 1599.2
1395940 1599.2
1395950 1592.0
1395960 1585.0
1395970 1585.0
1395980 1579.5
1395990 1573.9
1396000 1573.9
1396010 1567.6
1396020 1561.4
1396030 1561.4
1396040 1554.3
1396050 1545.7
1396060 1545.7
1396070 1535.1
1396080 1517.9
1396090 1517.9
1396100 1505.6
1396110 1496.2
1396120 1487.1
1396130 1487.1
1396140 1478.6
1396150 1471.2
1396160 1471.2
1396170 1464.4
1396180 1457.4
1396190 1457.4
1396200 1449.7
1396210 1435.2
1396220 1435.2
1396230 1417.9
1396240 1408.2
1396250 1408.2
1396260 1399.6
1396270 1391.3
1396280 1391.3
1396290 1382.9
1396300 1375.7
1396310 1368.9
1396320 1368.9
1396330 1361.3
1396340 1351.5
1396350 1351.5
1396360 1343.8
1396370 1336.7
1396380 1336.7
1396390 1329.5
1396400 1322.4
1396410 1322.4
1396420 1316.1
1396430 1311.3
1396440 1311.3
1396450 1305.0
1396460 1297.0
1396470 1297.0
1396480 1282.2
1396490 1271.7
1396500 1263.1
1396510 1263.1
1396520 1255.6
1396530 1248.6
1396540 1248.6
1396550 1241.6
1396560 1230.9
1396570 1230.9
1396580 1219.7
1396590 1209.0
1396600 1209.0
1396610 1193.2
1396620 1182.5
1396630 1182.5
1396640 1188.1
1396650 1197.1
1396660 1197.1
1396670 1203.2
1396680 1213.4
1396690 1213.4
1396700 1211.6
1396710 1208.1
1396720 1201.5
1396730 1201.5
1396740 1190.5
1396750 1178.2
1396760 1178.2
1396770 1165.4
1396780 1151.2
1396790 1151.2
1396800 1127.0
1396810 1111.9
1396820 1111.9
1396830 1101.0
1396840 1090.9
1396850 1090.9
1396860 1083.6
1396870 1075.7
1396880 1075.7
1396890 1068.0
1396900 1060.3
1396910 1052.6
1396920 1052.6
1396930 1044.4
1396940 1036.9
1396950 1036.9
1396960 1030.4
1396970 1024.2
1396980 1024.2
1396990 1018.3
1397000 1012.7
1397010 1012.7
1397020 1007.5
1397030 1002.1
1397040 1002.1
1397050 995.8
1397060 990.3
1397070 990.3
1397080 984.9
1397090 979.1
1397100 973.5
1397110 973.5
1397120 967.5
1397130 960.8
1397140 960.8
1397150 954.5
1397160 948.7
1397170 948.7
1397180 943.7
1397190 939.0
1397200 939.0
1397210 934.1
1397220 929.7
1397230 929.7
1397240 926.3
1397250 919.3
1397260 919.3
1397270 916.0
1397280 912.3
1397290 908.1
1397300 908.1
1397310 907.8
1397320 908.6
1397330 908.6
1397340 913.9
1397350 920.2
1397360 920.2
1397370 921.8
1397380 922.7
1397390 922.7
1397400 923.7
1397410 926.7
1397420 926.7
1397430 933.0
1397440 939.6
1397450 939.6
1397460 946.5
1397470 951.6
1397480 951.6
1397490 957.2
1397500 962.5
1397510 968.1
1397520 968.1
1397530 973.6
1397540 979.4
1397550 979.4
1397560 986.1
1397570 991.8
1397580 991.8
1397590 991.7
1397600 989.9
1397610 989.9
1397620 988.4
1397630 987.5
1397640 987.5
1397650 986.4
1397660 984.6
1397670 984.6
1397680 982.7
1397690 981.8
1397700 980.9
1397710 980.9
1397720 978.1
1397730 976.1
1397740 976.1
1397750 976.5
1397760 976.6
1397770 976.6
1397780 975.8
1397790 973.3
1397800 973.3
1397810 973.6
1397820 977.3
1397830 977.3
1397840 981.1
1397850 985.5
1397860 985.5
1397870 990.9
1397880 996.4
1397890 1001.1
1397900 1001.1
1397910 1005.0
1397920 1008.5
1397930 1008.5
1397940 1011.0
1397950 1013.6
1397960 1013.6
1397970 1016.5
1397980 1019.8
1397990 1019.8
1398000 1022.7
1398010 1025.7
1398020 1025.7
1398030 1028.4
1398040 1030.6
1398050 1030.6
1398060 1032.7
1398070 1034.8
1398080 1034.8
1398090 1036.6
1398100 1038.8
1398110 1041.4
1398120 1041.4
1398130 1043.6
1398140 1045.2
1398150 1045.2
1398160 1042.6
1398170 1044.1
1398180 1044.1
1398190 1045.2
1398200 1046.3
1398210 1046.3
1398220 1047.5
1398230 1049.1
1398240 1049.1
1398250 1050.8
1398260 1053.0
1398270 1053.0
1398280 1055.5
1398290 1057.5
1398300 1058.7
1398310 1058.7
1398320 1059.6
1398330 1060.6
1398340 1060.6
1398350 1061.6
1398360 1062.8
1398370 1062.8
1398380 1064.1
1398390 1065.9
1398400 1065.9
1398410 1068.3
1398420 1070.2
1398430 1070.2
1398440 1071.1
1398450 1073.2
1398460 1073.2
1398470 1088.1
1398480 1111.0
1398490 1124.8
1398500 1124.8
1398510 1133.4
1398520 1140.1
1398530 1140.1
1398540 1147.9
1398550 1157.1
1398560 1157.1
1398570 1162.5
1398580 1164.8
1398590 1164.8
1398600 1166.4
1398610 1172.4
1398620 1172.4
1398630 1179.5
1398640 1185.5
1398650 1185.5
1398660 1189.3
1398670 1196.2
1398680 1211.1
1398690 1211.1
1398700 1221.1
1398710 1228.7
1398720 1228.7
1398730 1244.5
1398740 1249.2
1398750 1249.2
1398760 1254.8
1398770 1257.4
1398780 1257.4
1398790 1261.7
1398800 1268.8
1398810 1268.8
1398820 1276.0
1398830 1281.4
1398840 1281.4
1398850 1285.8
1398860 1291.3
1398870 1291.3
1398880 1297.8
1398890 1304.5
1398900 1309.8
1398910 1309.8
1398920 1313.3
1398930 1317.1
1398940 1317.1
1398950 1321.1
1398960 1324.0
1398970 1324.0
1398980 1327.8
1398990 1331.1
1399000 1331.1
1399010 1334.3
1399020 1337.6
1399030 1337.6
1399040 1340.5
1399050 1343.2
1399060 1343.2
1399070 1346.8
1399080 1350.6
1399090 1355.9
1399100 1355.9
1399110 1360.9
1399120 1365.7
1399130 1365.7
1399140 1372.9
1399150 1381.1
1399160 1381.1
1399170 1389.1
1399180 1396.8
1399190 1396.8
1399200 1403.7
1399210 1410.0
1399220 1410.0
1399230 1418.7
1399240 1425.2
1399250 1425.2
1399260 1428.1
1399270 1431.0
1399280 1433.4
1399290 1433.4
1399300 1434.4
1399310 1436.5
1399320 1436.5
1399330 1440.4
1399340 1443.2
1399350 1443.2
1399360 1445.0
1399370 1446.4
1399380 1446.4
1399390 1450.0
1399400 1454.9
1399410 1454.9
1399420 1459.8
1399430 1463.7
1399440 1463.7
1399450 1467.1
1399460 1471.0
1399470 1471.0
1399480 1475.3
1399490 1480.1
1399500 1486.2
1399510 1486.2
1399520 1491.8
1399530 1495.3
1399540 1495.3
1399550 1496.9
1399560 1498.6
1399570 1498.6
1399580 1500.3
1399590 1501.9
1399600 1501.9
1399610 1505.6
1399620 1510.7
1399630 1510.7
1399640 1509.2
1399650 1514.4
1399660 1514.4
1399670 1520.3
1399680 1524.1
1399690 1526.7
1399700 1526.7
1399710 1528.6
1399720 1531.3
1399730 1531.3
1399740 1535.7
1399750 1540.5
1399760 1540.5
1399770 1545.6
1399780 1550.8
1399790 1550.8
1399800 1555.8
1399810 1560.0
1399820 1560.0
1399830 1563.4
1399840 1566.5
1399850 1566.5
1399860 1569.4
1399870 1572.6
1399880 1576.1
1399890 1576.1
1399900 1580.0
1399910 1583.8
1399920 1583.8
1399930 1587.3
1399940 1590.5
1399950 1590.5
1399960 1593.9
1399970 1597.2
1399980 1597.2
1399990 1601.0
1380000 2195.6
1380010 2197.7
1380020 2197.7
1380030 2198.9
1380040 2200.1
1380050 2200.1
1380060 2201.8
1380070 2203.4
1380080 2203.4
1380090 2206.0
1380100 2208.4
1380110 2208.4
1380120 2210.3
1380130 2212.1
1380140 2212.1
1380150 2210.0
1380160 2204.1
1380170 2204.1
1380180 2203.4
1380190 2205.3
1380200 2205.3
1380210 2205.9
1380220 2204.7
1380230 2203.9
1380240 2203.9
1380250 2197.6
1380260 2194.0
1380270 2194.0
1380280 2193.6
1380290 2197.6
1380300 2197.6
1380310 2205.6
1380320 2215.0
1380330 2215.0
1380340 2223.8
1380350 2231.2
1380360 2231.2
1380370 2237.2
1380380 2241.8
1380390 2241.8
1380400 2244.2
1380410 2245.1
1380420 2246.1
1380430 2246.1
1380440 2247.7
1380450 2249.8
1380460 2249.8
1380470 2252.5
1380480 2255.7
1380490 2255.7
1380500 2259.6
1380510 2263.5
1380520 2263.5
1380530 2267.4
1380540 2271.2
1380550 2271.2
1380560 2275.0
1380570 2278.5
1380580 2278.5
1380590 2283.7
1380600 2290.0
1380610 2298.3
1380620 2298.3
1380630 2304.2
1380640 2309.7
1380650 2309.7
1380660 2316.8
1380670 2323.9
1380680 2323.9
1380690 2331.6
1380700 2338.8
1380710 2338.8
1380720 2346.2
1380730 2356.0
1380740 2356.0
1380750 2361.3
1380760 2354.3
1380770 2354.3
1380780 2345.4
1380790 2336.7
1380800 2336.7
1380810 2330.1
1380820 2325.7
1380830 2319.6
1380840 2319.6
1380850 2316.9
1380860 2321.6
1380870 2321.6
1380880 2321.2
1380890 2321.0
1380900 2321.0
1380910 2321.0
1380920 2321.1
1380930 2321.1
1380940 2322.3
1380950 2322.6
1380960 2322.6
1380970 2323.3
1380980 2325.0
1380990 2325.0
1381000 2327.3
1381010 2330.0
1381020 2332.8
1381030 2332.8
1381040 2336.2
1381050 2340.4
1381060 2340.4
1381070 2343.2
1381080 2345.7
1381090 2345.7
1381100 2349.5
1381110 2355.6
1381120 2355.6
1381130 2360.4
1381140 2363.9
1381150 2363.9
1381160 2371.3
1381170 2379.5
1381180 2379.5
1381190 2382.5
1381200 2384.0
1381210 2391.8
1381220 2391.8
1381230 2400.2
1381240 2408.3
1381250 2408.3
1381260 2420.3
1381270 2433.4
1381280 2433.4
1381290 2443.9
1381300 2448.4
1381310 2448.4
1381320 2454.0
1381330 2463.6
1381340 2463.6
1381350 2473.0
1381360 2481.7
1381370 2481.7
1381380 2489.1
1381390 2496.6
1381400 2504.8
1381410 2504.8
1381420 2512.6
1381430 2520.4
1381440 2520.4
1381450 2528.5
1381460 2536.2
1381470 2536.2
1381480 2537.4
1381490 2532.9
1381500 2532.9
1381510 2527.2
1381520 2521.4
1381530 2521.4
1381540 2516.0
1381550 2509.7
1381560 2509.7
1381570 2503.7
1381580 2500.4
1381590 2500.4
1381600 2496.4
1381610 2488.8
1381620 2482.5
1381630 2482.5
1381640 2477.4
1381650 2472.8
1381660 2472.8
1381670 2468.3
1381680 2464.2
1381690 2464.2
1381700 2459.7
1381710 2456.0
1381720 2456.0
1381730 2453.3
1381740 2451.2
1381750 2451.2
1381760 2449.0
1381770 2446.5
1381780 2446.5
1381790 2443.2
1381800 2441.0
1381810 2438.8
1381820 2438.8
1381830 2435.7
1381840 2433.7
1381850 2433.7
1381860 2431.9
1381870 2430.2
1381880 2430.2
1381890 2428.2
1381900 2425.5
1381910 2425.5
1381920 2422.8
1381930 2420.4
1381940 2420.4
1381950 2417.8
1381960 2414.4
1381970 2414.4
1381980 2410.6
1381990 2406.6
1382000 2401.6
1382010 2401.6
1382020 2394.9
1382030 2388.2
1382040 2388.2
1382050 2382.2
1382060 2376.5
1382070 2376.5
1382080 2370.0
1382090 2361.8
1382100 2361.8
1382110 2355.2
1382120 2348.6
1382130 2348.6
1382140 2341.9
1382150 2335.4
1382160 2335.4
1382170 2329.1
1382180 2322.6
1382190 2322.6
1382200 2316.0
1382210 2309.9
1382220 2304.4
1382230 2304.4
1382240 2298.6
1382250 2293.1
1382260 2293.1
1382270 2287.2
1382280 2281.7
1382290 2281.7
1382300 2278.1
1382310 2274.4
1382320 2274.4
1382330 2270.8
1382340 2267.3
1382350 2267.3
1382360 2264.0
1382370 2260.2
1382380 2260.2
1382390 2253.2
1382400 2245.8
1382410 2237.1
1382420 2237.1
1382430 2224.8
1382440 2212.1
1382450 2212.1
1382460 2203.7
1382470 2197.1
1382480 2197.1
1382490 2191.1
1382500 2186.4
1382510 2186.4
1382520 2182.3
1382530 2174.5
1382540 2174.5
1382550 2161.2
1382560 2148.2
1382570 2148.2
1382580 2135.5
1382590 2123.3
1382600 2113.8
1382610 2113.8
1382620 2106.7
1382630 2099.0
1382640 2099.0
1382650 2090.0
1382660 2081.1
1382670 2081.1
1382680 2071.1
1382690 2062.1
1382700 2062.1
1382710 2054.6
1382720 2047.1
1382730 2047.1
1382740 2039.8
1382750 2033.0
1382760 2033.0
1382770 2026.8
1382780 2020.4
1382790 2014.1
1382800 2014.1
1382810 2006.8
1382820 1998.4
1382830 1998.4
1382840 1994.9
1382850 1996.6
1382860 1996.6
1382870 2000.1
1382880 2004.1
1382890 2004.1
1382900 2007.8
1382910 2013.9
1382920 2013.9
1382930 2021.0
1382940 2025.3
1382950 2025.3
1382960 2028.2
1382970 2031.0
1382980 2031.0
1382990 2033.2
1383000 2034.0
1383010 2033.7
1383020 2033.7
1383030 2036.9
1383040 2045.7
1383050 2045.7
1383060 2052.8
1383070 2057.8
1383080 2057.8
1383090 2063.9
1383100 2070.5
1383110 2070.5
1383120 2077.2
1383130 2083.7
1383140 2083.7
1383150 2089.9
1383160 2095.9
1383170 2095.9
1383180 2102.0
1383190 2107.5
1383200 2112.7
1383210 2112.7
1383220 2118.7
1383230 2124.8
1383240 2124.8
1383250 2131.0
1383260 2137.2
1383270 2137.2
1383280 2143.9
1383290 2150.7
1383300 2150.7
1383310 2156.9
1383320 2162.5
1383330 2168.5
1383340 2174.7
1383350 2179.9
1383360 2179.9
1383370 2184.5
1383380 2190.1
1383390 2197.8
1383400 2197.8
1383410 2205.7
1383420 2213.8
1383430 2213.8
1383440 2222.1
1383450 2230.2
1383460 2230.2
1383470 2238.0
1383480 2245.9
1383490 2245.9
1383500 2253.5
1383510 2261.5
1383520 2261.5
1383530 2270.2
1383540 2279.1
1383550 2279.1
1383560 2288.8
1383570 2298.1
1383580 2298.1
1383590 2307.4
1383600 2312.4
1383610 2314.3
1383620 2314.3
1383630 2314.1
1383640 2312.8
1383650 2312.8
1383660 2311.9
1383670 2308.7
1383680 2308.7
1383690 2301.8
1383700 2294.6
1383710 2294.6
1383720 2285.8
1383730 2276.5
1383740 2276.5
1383750 2266.7
1383760 2258.1
1383770 2258.1
1383780 2250.8
1383790 2244.7
1383800 2240.4
1383810 2240.4
1383820 2236.7
1383830 2232.3
1383840 2232.3
1383850 2226.5
1383860 2219.9
1383870 2219.9
1383880 2213.6
1383890 2208.8
1383900 2208.8
1383910 2205.8
1383920 2203.3
1383930 2203.3
1383940 2200.6
1383950 2197.9
1383960 2197.9
1383970 2195.3
1383980 2192.0
1383990 2187.6
1384000 2187.6
1384010 2182.5
1384020 2178.2
1384030 2178.2
1384040 2174.8
1384050 2171.0
1384060 2171.0
1384070 2166.7
1384080 2162.3
1384090 2162.3
1384100 2158.7
1384110 2155.6
1384120 2155.6
1384130 2152.7
1384140 2150.0
1384150 2150.0
1384160 2147.3
1384170 2144.7
1384180 2144.7
1384190 2142.0
1384200 2140.0
1384210 2136.9
1384220 2136.9
1384230 2133.1
1384240 2129.1
1384250 2129.1
1384260 2129.6
1384270 2137.2
1384280 2137.2
1384290 2139.5
1384300 2139.5
1384310 2139.5
1384320 2137.7
1384330 2135.3
1384340 2135.3
1384350 2136.4
1384360 2131.7
1384370 2131.7
1384380 2128.3
1384390 2135.6
1384400 2138.5
1384410 2138.5
1384420 2140.7
1384430 2141.2
1384440 2141.2
1384450 2141.5
1384460 2142.4
1384470 2142.4
1384480 2143.5
1384490 2145.5
1384500 2145.5
1384510 2147.8
1384520 2149.3
1384530 2149.3
1384540 2151.0
1384550 2153.1
1384560 2153.1
1384570 2155.0
1384580 2163.2
1384590 2167.1
1384600 2167.1
1384610 2170.7
1384620 2172.3
1384630 2172.3
1384640 2174.0
1384650 2178.8
1384660 2178.8
1384670 2183.8
1384680 2187.5
1384690 2187.5
1384700 2190.6
1384710 2194.1
1384720 2194.1
1384730 2198.5
1384740 2200.3
1384750 2200.3
1384760 2201.3
1384770 2204.0
1384780 2206.8
1384790 2206.8
1384800 2211.2
1384810 2217.6
1384820 2217.6
1384830 2223.9
1384840 2227.4
1384850 2227.4
1384860 2229.1
1384870 2234.9
1384880 2234.9
1384890 2241.6
1384900 2243.3
1384910 2243.3
1384920 2247.6
1384930 2251.9
1384940 2251.9
1384950 2257.0
1384960 2264.6
1384970 2264.6
1384980 2274.8
1384990 2284.9
1385000 2295.1
1385010 2295.1
1385020 2301.2
1385030 2307.0
1385040 2307.0
1385050 2312.8
1385060 2318.5
1385070 2318.5
1385080 2324.2
1385090 2329.9
1385100 2329.9
1385110 2335.5
1385120 2341.0
1385130 2341.0
1385140 2347.4
1385150 2354.2
1385160 2354.2
1385170 2361.2
1385180 2370.1
1385190 2379.3
1385200 2379.3
1385210 2387.7
1385220 2394.7
1385230 2394.7
1385240 2399.5
1385250 2403.6
1385260 2403.6
1385270 2408.4
1385280 2413.9
1385290 2413.9
1385300 2420.4
1385310 2426.6
1385320 2426.6
1385330 2432.6
1385340 2437.9
1385350 2437.9
1385360 2443.2
1385370 2448.2
1385380 2453.5
1385390 2453.5
1385400 2458.2
1385410 2462.2
1385420 2462.2
1385430 2467.2
1385440 2472.0
1385450 2472.0
1385460 2476.4
1385470 2481.2
1385480 2481.2
1385490 2486.8
1385500 2492.3
1385510 2492.3
1385520 2497.4
1385530 2502.1
1385540 2502.1
1385550 2506.9
1385560 2512.5
1385570 2512.5
1385580 2516.7
1385590 2514.1
1385600 2508.0
1385610 2508.0
1385620 2502.0
1385630 2496.2
1385640 2496.2
1385650 2490.9
1385660 2485.3
1385670 2485.3
1385680 2476.8
1385690 2466.1
1385700 2466.1
1385710 2454.3
1385720 2447.1
1385730 2447.1
1385740 2441.6
1385750 2437.7
1385760 2437.7
1385770 2435.6
1385780 2435.5
1385790 2437.1
1385800 2437.1
1385810 2436.9
1385820 2436.0
1385830 2436.0
1385840 2436.6
1385850 2437.2
1385860 2439.2
1385870 2437.5
1385880 2434.5
1385890 2434.5
1385900 2430.6
1385910 2425.0
1385920 2425.0
1385930 2418.8
1385940 2412.5
1385950 2412.5
1385960 2404.8
1385970 2395.9
1385980 2387.2
1385990 2387.2
1386000 2378.2
1386010 2370.4
1386020 2370.4
1386030 2363.8
1386040 2357.7
1386050 2357.7
1386060 2352.6
1386070 2348.1
1386080 2348.1
1386090 2344.2
1386100 2339.9
1386110 2339.9
1386120 2336.6
1386130 2334.0
1386140 2334.0
1386150 2332.1
1386160 2330.4
1386170 2327.0
1386180 2327.0
1386190 2322.4
1386200 2315.7
1386210 2315.7
1386220 2308.7
1386230 2303.0
1386240 2303.0
1386250 2299.3
1386260 2297.2
1386270 2297.2
1386280 2296.2
1386290 2295.5
1386300 2295.5
1386310 2295.6
1386320 2296.9
1386330 2296.9
1386340 2300.6
1386350 2300.5
1386360 2300.5
1386370 2299.8
1386380 2299.1
1386390 2299.5
1386400 2299.5
1386410 2301.1
1386420 2299.9
1386430 2299.9
1386440 2295.2
1386450 2292.0
1386460 2292.0
1386470 2288.4
1386480 2285.9
1386490 2285.9
1386500 2286.2
1386510 2285.7
1386520 2285.7
1386530 2284.2
1386540 2278.9
1386550 2278.9
1386560 2270.5
1386570 2260.9
1386580 2251.7
1386590 2251.7
1386600 2242.9
1386610 2234.4
1386620 2234.4
1386630 2227.8
1386640 2220.9
1386650 2220.9
1386660 2212.9
1386670 2205.0
1386680 2205.0
1386690 2197.2
1386700 2189.5
1386710 2189.5
1386720 2181.7
1386730 2173.8
1386740 2173.8
1386750 2165.7
1386760 2157.2
1386770 2148.1
1386780 2148.1
1386790 2138.8
1386800 2130.5
1386810 2130.5
1386820 2122.9
1386830 2114.9
1386840 2114.9
1386850 2107.1
1386860 2099.0
1386870 2099.0
1386880 2091.4
1386890 2086.0
1386900 2086.0
1386910 2079.2
1386920 2071.9
1386930 2071.9
1386940 2065.6
1386950 2058.6
1386960 2058.6
1386970 2051.3
1386980 2045.0
1386990 2039.0
1387000 2039.0
1387010 2033.5
1387020 2029.6
1387030 2029.6
1387040 2026.1
1387050 2024.0
1387060 2024.0
1387070 2022.5
1387080 2020.5
1387090 2020.5
1387100 2019.9
1387110 2025.4
1387120 2025.4
1387130 2030.3
1387140 2033.2
1387150 2034.2
1387160 2036.7
1387170 2039.2
1387180 2041.9
1387190 2041.9
1387200 2044.2
1387210 2047.6
1387220 2047.6
1387230 2052.3
1387240 2057.4
1387250 2057.4
1387260 2062.6
1387270 2068.5
1387280 2068.5
1387290 2073.3
1387300 2076.5
1387310 2076.5
1387320 2080.7
1387330 2085.9
1387340 2085.9
1387350 2090.5
1387360 2093.5
1387370 2095.5
1387380 2095.5
1387390 2097.9
1387400 2100.3
1387410 2100.3
1387420 2103.9
1387430 2108.3
1387440 2108.3
1387450 2114.6
1387460 2122.1
1387470 2122.1
1387480 2129.7
1387490 2137.2
1387500 2137.2
1387510 2143.7
1387520 2149.4
1387530 2149.4
1387540 2156.4
1387550 2164.1
1387560 2171.1
1387570 2171.1
1387580 2177.0
1387590 2181.3
1387600 2181.3
1387610 2184.9
1387620 2189.0
1387630 2189.0
1387640 2191.9
1387650 2195.7
1387660 2195.7
1387670 2202.6
1387680 2208.9
1387690 2208.9
1387700 2214.6
1387710 2221.1
1387720 2221.1
1387730 2228.0
1387740 2234.5
1387750 2234.5
1387760 2241.1
1387770 2247.2
1387780 2252.1
1387790 2252.1
1387800 2258.0
1387810 2263.0
1387820 2263.0
1387830 2267.2
1387840 2269.9
1387850 2269.9
1387860 2273.7
1387870 2278.4
1387880 2278.4
1387890 2282.6
1387900 2287.7
1387910 2287.7
1387920 2292.9
1387930 2297.8
1387940 2297.8
1387950 2301.7
1387960 2305.9
1387970 2310.5
1387980 2310.5
1387990 2314.8
1388000 2319.0
1388010 2319.0
1388020 2323.1
1388030 2327.7
1388040 2327.7
1388050 2332.2
1388060 2336.3
1388070 2336.3
1388080 2340.0
1388090 2343.9
1388100 2343.9
1388110 2348.7
1388120 2352.0
1388130 2352.0
1388140 2355.2
1388150 2357.3
1388160 2358.8
1388170 2358.8
1388180 2360.3
1388190 2361.4
1388200 2361.4
1388210 2363.2
1388220 2364.0
1388230 2364.0
1388240 2364.1
1388250 2364.7
1388260 2364.7
1388270 2368.4
1388280 2372.7
1388290 2372.7
1388300 2376.8
1388310 2381.3
1388320 2381.3
1388330 2385.4
1388340 2388.5
1388350 2388.5
1388360 2392.2
1388370 2395.0
1388380 2396.5
1388390 2396.5
1388400 2396.9
1388410 2398.4
1388420 2398.4
1388430 2399.5
1388440 2399.6
1388450 2402.2
1388460 2398.6
1388470 2392.2
1388480 2392.2
1388490 2384.5
1388500 2376.7
1388510 2376.7
1388520 2369.4
1388530 2362.4
1388540 2362.4
1388550 2355.0
1388560 2346.5
1388570 2339.2
1388580 2339.2
1388590 2332.0
1388600 2324.7
1388610 2324.7
1388620 2318.4
1388630 2314.3
1388640 2314.3
1388650 2311.5
1388660 2306.9
1388670 2306.9
1388680 2298.9
1388690 2291.1
1388700 2291.1
1388710 2282.9
1388720 2275.3
1388730 2275.3
1388740 2266.8
1388750 2257.1
1388760 2248.8
1388770 2248.8
1388780 2241.0
1388790 2232.5
1388800 2232.5
1388810 2224.2
1388820 2215.9
1388830 2215.9
1388840 2208.7
1388850 2201.8
1388860 2201.8
1388870 2194.6
1388880 2187.1
1388890 2187.1
1388900 2179.8
1388910 2171.7
1388920 2171.7
1388930 2163.0
1388940 2156.2
1388950 2156.2
1388960 2145.9
1388970 2133.6
1388980 2123.9
1388990 2123.9
1389000 2115.8
1389010 2110.4
1389020 2110.4
1389030 2105.3
1389040 2100.7
1389050 2100.7
1389060 2096.0
1389070 2091.1
1389080 2091.1
1389090 2086.0
1389100 2081.0
1389110 2081.0
1389120 2076.4
1389130 2072.3
1389140 2072.3
1389150 2068.1
1389160 2063.5
1389170 2058.7
1389180 2058.7
1389190 2054.1
1389200 2051.0
1389210 2051.0
1389220 2047.5
1389230 2048.6
1389240 2048.6
1389250 2051.1
1389260 2052.7
1389270 2052.7
1389280 2055.5
1389290 2058.5
1389300 2058.5
1389310 2061.6
1389320 2065.0
1389330 2065.0
1389340 2068.4
1389350 2071.9
1389360 2075.4
1389370 2075.4
1389380 2079.1
1389390 2082.8
1389400 2082.8
1389410 2086.5
1389420 2090.8
1389430 2090.8
1389440 2094.9
1389450 2099.1
1389460 2099.1
1389470 2103.0
1389480 2107.1
1389490 2107.1
1389500 2112.8
1389510 2120.7
1389520 2120.7
1389530 2127.8
1389540 2133.0
1389550 2137.1
1389560 2137.1
1389570 2140.8
1389580 2143.8
1389590 2143.8
1389600 2147.7
1389610 2152.2
1389620 2152.2
1389630 2156.8
1389640 2161.8
1389650 2161.8
1389660 2167.6
1389670 2173.9
1389680 2173.9
1389690 2180.3
1389700 2187.3
1389710 2187.3
1389720 2192.9
1389730 2198.0
1389740 2198.0
1389750 2203.0
1389760 2207.7
1389770 2212.4
1389780 2212.5
1389790 2217.9
1389800 2222.9
1389810 2222.9
1389820 2226.7
1389830 2230.5
1389840 2230.5
1389850 2235.4
1389860 2241.6
1389870 2241.6
1389880 2248.9
1389890 2255.6
1389900 2255.6
1389910 2262.3
1389920 2268.6
1389930 2268.6
1389940 2273.7
1389950 2279.0
1389960 2284.5
1389970 2284.5
1389980 2290.0
1389990 2296.5
1390000 2296.5
1390010 2302.0
1390020 2305.1
1390030 2305.1
1390040 2307.9
1390050 2313.4
1390060 2313.4
1390070 2319.6
1390080 2325.6
1390090 2325.6
1390100 2331.5
1390110 2338.7
1390120 2338.7
1390130 2344.6
1390140 2350.5
1390150 2357.5
1390160 2357.5
1390170 2363.9
1390180 2369.0
1390190 2369.0
1390200 2371.1
1390210 2363.7
1390220 2363.7
1390230 2353.3
1390240 2345.3
1390250 2345.3
1390260 2338.2
1390270 2331.7
1390280 2331.7
1390290 2325.1
1390300 2317.8
1390310 2317.8
1390320 2309.9
1390330 2304.1
1390340 2304.1
1390350 2299.1
1390360 2294.2
1390370 2291.3
1390380 2291.3
1390390 2290.6
1390400 2289.8
1390410 2289.8
1390420 2288.7
1390430 2287.2
1390440 2287.2
1390450 2285.7
1390460 2284.4
1390470 2284.4
1390480 2283.0
1390490 2281.2
1390500 2281.2
1390510 2278.6
1390520 2275.4
1390530 2275.4
1390540 2271.4
1390550 2267.7
1390560 2264.4
1390570 2264.4
1390580 2261.6
1390590 2258.4
1390600 2258.4
1390610 2255.5
1390620 2253.7
1390630 2253.7
1390640 2251.5
1390650 2249.5
1390660 2249.5
1390670 2247.4
1390680 2245.0
1390690 2245.0
1390700 2242.4
1390710 2239.7
1390720 2239.7
1390730 2236.6
1390740 2234.0
1390750 2231.1
1390760 2231.1
1390770 2227.8
1390780 2224.7
1390790 2224.7
1390800 2221.8
1390810 2218.9
1390820 2218.9
1390830 2216.9
1390840 2215.2
1390850 2215.2
1390860 2213.4
1390870 2210.8
1390880 2210.8
1390890 2208.0
1390900 2206.6
1390910 2206.6
1390920 2206.6
1390930 2206.9
1390940 2207.2
1390950 2207.2
1390960 2209.7
1390970 2212.2
1390980 2212.2
1390990 2213.7
1391000 2210.6
1391010 2210.6
1391020 2202.4
1391030 2195.7
1391040 2195.7
1391050 2188.8
1391060 2179.9
1391070 2179.9
1391080 2173.0
1391090 2164.4
1391100 2164.4
1391110 2153.8
1391120 2150.2
1391130 2150.2
1391140 2145.5
1391150 2136.4
1391160 2125.3
1391170 2125.3
1391180 2115.3
1391190 2105.3
1391200 2105.3
1391210 2094.9
1391220 2084.4
1391230 2084.4
1391240 2078.2
1391250 2072.3
1391260 2072.3
1391270 2063.8
1391280 2056.3
1391290 2056.3
1391300 2047.7
1391310 2038.4
1391320 2038.4
1391330 2027.9
1391340 2023.4
1391350 2024.1
1391360 2024.1
1391370 2015.8
1391380 2001.3
1391390 2001.3
1391400 1986.6
1391410 1975.4
1391420 1975.4
1391430 1967.0
1391440 1960.0
1391450 1960.0
1391460 1947.4
1391470 1937.3
1391480 1937.3
1391490 1933.3
1391500 1930.4
1391510 1930.4
1391520 1929.1
1391530 1927.4
1391540 1925.3
1391550 1925.3
1391560 1924.0
1391570 1922.0
1391580 1922.0
1391590 1919.5
1391600 1915.6
1391610 1915.6
1391620 1913.1
1391630 1911.0
1391640 1911.0
1391650 1909.2
1391660 1907.4
1391670 1907.4
1391680 1904.9
1391690 1902.2
1391700 1902.2
1391710 1904.0
1391720 1906.0
1391730 1906.0
1391740 1907.3
1391750 1908.3
1391760 1909.3
1391770 1909.3
1391780 1910.1
1391790 1911.1
1391800 1911.1
1391810 1912.3
1391820 1913.6
1391830 1913.6
1391840 1915.8
1391850 1919.3
1391860 1919.3
1391870 1923.4
1391880 1927.1
1391890 1927.1
1391900 1930.7
1391910 1934.8
1391920 1934.8
1391930 1938.7
1391940 1942.7
1391950 1946.5
1391960 1946.5
1391970 1950.0
1391980 1955.2
1391990 1955.2
1392000 1962.5
1392010 1969.9
1392020 1969.9
1392030 1976.3
1392040 1983.0
1392050 1983.0
1392060 1990.6
1392070 1998.6
1392080 1998.6
1392090 2006.7
1392100 2015.9
1392110 2015.9
1392120 2025.2
1392130 2034.8
1392140 2045.2
1392150 2045.2
1392160 2055.1
1392170 2062.8
1392180 2062.8
1392190 2070.2
1392200 2079.2
1392210 2079.2
1392220 2088.1
1392230 2096.6
1392240 2096.6
1392250 2104.6
1392260 2111.9
1392270 2111.9
1392280 2119.0
1392290 2126.7
1392300 2126.7
1392310 2136.1
1392320 2146.9
1392330 2156.2
1392340 2156.2
1392350 2165.8
1392360 2175.7
1392370 2175.7
1392380 2187.2
1392390 2196.4
1392400 2196.4
1392410 2204.0
1392420 2212.2
1392430 2212.2
1392440 2220.9
1392450 2230.6
1392460 2230.6
1392470 2240.5
1392480 2251.0
1392490 2253.7
1392500 2265.3
1392510 2274.9
1392520 2274.9
1392530 2283.0
1392540 2290.5
1392550 2299.4
1392560 2299.4
1392570 2307.7
1392580 2315.9
1392590 2315.9
1392600 2324.0
1392610 2332.3
1392620 2332.3
1392630 2339.3
1392640 2343.4
1392650 2343.4
1392660 2335.3
1392670 2320.1
1392680 2320.1
1392690 2309.5
1392700 2295.0
1392710 2295.0
1392720 2279.8
1392730 2265.1
1392740 2253.4
1392750 2253.4
1392760 2243.4
1392770 2236.2
1392780 2236.2
1392790 2228.5
1392800 2220.6
1392810 2220.6
1392820 2212.9
1392830 2205.7
1392840 2205.7
1392850 2200.3
1392860 2194.9
1392870 2194.9
1392880 2189.5
1392890 2184.2
1392900 2184.2
1392910 2179.4
1392920 2175.3
1392930 2171.8
1392940 2171.8
1392950 2168.6
1392960 2165.0
1392970 2165.0
1392980 2160.9
1392990 2157.4
1393000 2157.4
1393010 2154.3
1393020 2151.1
1393030 2151.1
1393040 2148.1
1393050 2145.3
1393060 2145.3
1393070 2143.3
1393080 2142.0
1393090 2142.0
1393100 2139.0
1393110 2137.0
1393120 2136.7
1393130 2136.7
1393140 2137.1
1393150 2136.1
1393160 2136.1
1393170 2135.4
1393180 2135.3
1393190 2135.3
1393200 2134.3
1393210 2134.1
1393220 2134.1
1393230 2134.3
1393240 2134.1
1393250 2134.1
1393260 2134.7
1393270 2135.7
1393280 2135.7
1393290 2136.6
1393300 2137.7
1393310 2137.7
1393320 2138.4
1393330 2139.1
1393340 2140.2
1393350 2140.2
1393360 2142.6
1393370 2148.0
1393380 2148.0
1393390 2152.2
1393400 2156.4
1393410 2156.4
1393420 2161.8
1393430 2166.7
1393440 2166.7
1393450 2171.7
1393460 2177.3
1393470 2177.3
1393480 2182.7
1393490 2188.0
1393500 2188.0
1393510 2192.9
1393520 2196.0
1393530 2197.7
1393540 2197.7
1393550 2198.4
1393560 2199.1
1393570 2199.1
1393580 2200.2
1393590 2202.1
1393600 2202.1
1393610 2203.9
1393620 2205.4
1393630 2205.4
1393640 2207.9
1393650 2210.6
1393660 2210.6
1393670 2212.4
1393680 2213.4
1393690 2213.4
1393700 2216.1
1393710 2220.0
1393720 2224.2
1393730 2224.2
1393740 2229.0
1393750 2234.5
1393760 2234.5
1393770 2240.4
1393780 2246.9
1393790 2246.9
1393800 2253.7
1393810 2261.0
1393820 2261.0
1393830 2268.9
1393840 2276.3
1393850 2276.3
1393860 2283.7
1393870 2291.1
1393880 2288.2
1393890 2295.0
1393900 2302.2
1393910 2302.2
1393920 2310.5
1393930 2319.8
1393940 2329.5
1393950 2329.5
1393960 2338.7
1393970 2346.2
1393980 2346.2
1393990 2354.4
1394000 2364.0
1394010 2364.0
1394020 2376.6
1394030 2385.9
1394040 2385.9
1394050 2393.1
1394060 2402.0
1394070 2402.0
1394080 2411.5
1394090 2421.0
1394100 2421.0
1394110 2428.8
1394120 2431.6
1394130 2430.3
1394140 2430.3
1394150 2419.9
1394160 2406.9
1394170 2406.9
1394180 2394.6
1394190 2380.6
1394200 2380.6
1394210 2369.1
1394220 2358.7
1394230 2358.7
1394240 2346.1
1394250 2331.8
1394260 2331.8
1394270 2317.9
1394280 2303.0
1394290 2303.0
1394300 2291.2
1394310 2283.2
1394320 2275.9
1394330 2275.9
1394340 2265.8
1394350 2252.1
1394360 2252.1
1394370 2237.2
1394380 2224.3
1394390 2224.3
1394400 2215.9
1394410 2207.2
1394420 2207.2
1394430 2196.0
1394440 2185.4
1394450 2185.4
1394460 2177.9
1394470 2170.5
1394480 2170.5
1394490 2157.5
1394500 2143.7
1394510 2135.6
1394520 2135.6
1394530 2128.9
1394540 2122.5
1394550 2122.5
1394560 2115.9
1394570 2108.6
1394580 2108.6
1394590 2100.5
1394600 2093.2
1394610 2093.2
1394620 2086.3
1394630 2078.4
1394640 2078.4
1394650 2072.7
1394660 2065.6
1394670 2065.6
1394680 2056.5
1394690 2046.1
1394700 2046.1
1394710 2037.5
1394720 2028.9
1394730 2020.6
1394740 2020.6
1394750 2008.2
1394760 2001.9
1394770 2001.9
1394780 1997.3
1394790 1991.1
1394800 1991.1
1394810 1981.4
1394820 1972.7
1394830 1972.7
1394840 1964.5
1394850 1956.9
1394860 1956.9
1394870 1950.6
1394880 1944.7
1394890 1944.7
1394900 1935.1
1394910 1924.8
1394920 1914.5
1394930 1914.5
1394940 1901.1
1394950 1891.7
1394960 1891.7
1394970 1898.5
1394980 1900.3
1394990 1900.3
1395000 1885.0
1395010 1861.7
1395020 1861.7
1395030 1842.4
1395040 1829.4
1395050 1829.4
1395060 1826.6
1395070 1830.2
1395080 1830.2
1395090 1829.4
1395100 1826.0
1395110 1823.3
1395120 1823.3
1395130 1816.0
1395140 1814.3
1395150 1814.3
1395160 1814.8
1395170 1812.2
1395180 1812.2
1395190 1809.3
1395200 1804.1
1395210 1804.1
1395220 1795.3
1395230 1785.6
1395240 1785.6
1395250 1779.0
1395260 1771.0
1395270 1771.0
1395280 1750.3
1395290 1732.3
1395300 1732.3
1395310 1716.5
1395320 1698.5
1395330 1687.3
1395340 1687.3
1395350 1685.1
1395360 1686.0
1395370 1686.0
1395380 1690.5
1395390 1689.1
1395400 1689.1
1395410 1681.3
1395420 1682.0
1395430 1682.0
1395440 1679.3
1395450 1675.8
1395460 1675.8
1395470 1676.0
1395480 1674.4
1395490 1674.4
1395500 1673.3
1395510 1672.6
1395520 1673.4
1395530 1673.4
1395540 1674.6
1395550 1672.0
1395560 1672.0
1395570 1675.0
1395580 1684.7
1395590 1684.7
1395600 1692.9
1395610 1695.5
1395620 1695.5
1395630 1691.7
1395640 1691.4
1395650 1691.4
1395660 1692.3
1395670 1692.4
1395680 1692.4
1395690 1690.5
1395700 1689.5
1395710 1687.9
1395720 1687.9
1395730 1684.3
1395740 1678.1
1395750 1678.1
1395760 1671.6
1395770 1665.4
1395780 1665.4
1395790 1659.4
1395800 1653.6
1395810 1653.6
1395820 1648.1
1395830 1642.5
1395840 1642.5
1395850 1637.1
1395860 1632.2
1395870 1632.2
1395880 1626.9
1395890 1620.2
1395900 1613.2
1395910 1613.2
1395920 1607.0
1395930 1599.2
1395940 1599.2
1395950 1592.0
1395960 1585.0
1395970 1585.0
1395980 1579.5
1395990 1573.9
1396000 1573.9
1396010 1567.6
1396020 1561.4
1396030 1561.4
1396040 1554.3
1396050 1545.7
1396060 1545.7
1396070 1535.1
1396080 1517.9
1396090 1517.9
1396100 1505.6
1396110 1496.2
1396120 1487.1
1396130 1487.1
1396140 1478.6
1396150 1471.2
1396160 1471.2
1396170 1464.4
1396180 1457.4
1396190 1457.4
1396200 1449.7
1396210 1435.2
1396220 1435.2
1396230 1417.9
1396240 1408.2
1396250 1408.2
1396260 1399.6
1396270 1391.3
1396280 1391.3
1396290 1382.9
1396300 1375.7
1396310 1368.9
1396320 1368.9
1396330 1361.3
1396340 1351.5
1396350 1351.5
1396360 1343.8
1396370 1336.7
1396380 1336.7
1396390 1329.5
1396400 1322.4
1396410 1322.4
1396420 1316.1
1396430 1311.3
1396440 1311.3
1396450 1305.0
1396460 1297.0
1396470 1297.0
1396480 1282.2
1396490 1271.7
1396500 1263.1
1396510 1263.1
1396520 1255.6
1396530 1248.6
1396540 1248.6
1396550 1241.6
1396560 1230.9
1396570 1230.9
1396580 1219.7
1396590 1209.0
1396600 1209.0
1396610 1193.2
1396620 1182.5
1396630 1182.5
1396640 1188.1
1396650 1197.1
1396660 1197.1
1396670 1203.2
1396680 1213.4
1396690 1213.4
1396700 1211.6
1396710 1208.1
1396720 1201.5
1396730 1201.5
1396740 1190.5
1396750 1178.2
1396760 1178.2
1396770 1165.4
1396780 1151.2
1396790 1151.2
1396800 1127.0
1396810 1111.9
1396820 1111.9
1396830 1101.0
1396840 1090.9
1396850 1090.9
1396860 1083.6
1396870 1075.7
1396880 1075.7
1396890 1068.0
1396900 1060.3
1396910 1052.6
1396920 1052.6
1396930 1044.4
1396940 1036.9
1396950 1036.9
1396960 1030.4
1396970 1024.2
1396980 1024.2
1396990 1018.3
1397000 1012.7
1397010 1012.7
1397020 1007.5
1397030 1002.1
1397040 1002.1
1397050 995.8
1397060 990.3
1397070 990.3
1397080 984.9
1397090 979.1
1397100 973.5
1397110 973.5
1397120 967.5
1397130 960.8
1397140 960.8
1397150 954.5
1397160 948.7
1397170 948.7
1397180 943.7
1397190 939.0
1397200 939.0
1397210 934.1
1397220 929.7
1397230 929.7
1397240 926.3
1397250 919.3
1397260 919.3
1397270 916.0
1397280 912.3
1397290 908.1
1397300 908.1
1397310 907.8
1397320 908.6
1397330 908.6
1397340 913.9
1397350 920.2
1397360 920.2
1397370 921.8
1397380 922.7
1397390 922.7
1397400 923.7
1397410 926.7
1397420 926.7
1397430 933.0
1397440 939.6
1397450 939.6
1397460 946.5
1397470 951.6
1397480 951.6
1397490 957.2
1397500 962.5
1397510 968.1
1397520 968.1
1397530 973.6
1397540 979.4
1397550 979.4
1397560 986.1
1397570 991.8
1397580 991.8
1397590 991.7
1397600 989.9
1397610 989.9
1397620 988.4
1397630 987.5
1397640 987.5
1397650 986.4
1397660 984.6
1397670 984.6
1397680 982.7
1397690 981.8
1397700 980.9
1397710 980.9
1397720 978.1
1397730 976.1
1397740 976.1
1397750 976.5
1397760 976.6
1397770 976.6
1397780 975.8
1397790 973.3
1397800 973.3
1397810 973.6
1397820 977.3
1397830 977.3
1397840 981.1
1397850 985.5
1397860 985.5
1397870 990.9
1397880 996.4
1397890 1001.1
1397900 1001.1
1397910 1005.0
1397920 1008.5
1397930 1008.5
1397940 1011.0
1397950 1013.6
1397960 1013.6
1397970 1016.5
1397980 1019.8
1397990 1019.8
1398000 1022.7
1398010 1025.7
1398020 1025.7
1398030 1028.4
1398040 1030.6
1398050 1030.6
1398060 1032.7
1398070 1034.8
1398080 1034.8
1398090 1036.6
1398100 1038.8
1398110 1041.4
1398120 1041.4
1398130 1043.6
1398140 1045.2
1398150 1045.2
1398160 1042.6
1398170 1044.1
1398180 1044.1
1398190 1045.2
1398200 1046.3
1398210 1046.3
1398220 1047.5
1398230 1049.1
1398240 1049.1
1398250 1050.8
1398260 1053.0
1398270 1053.0
1398280 1055.5
1398290 1057.5
1398300 1058.7
1398310 1058.7
1398320 1059.6
1398330 1060.6
1398340 1060.6
1398350 1061.6
1398360 1062.8
1398370 1062.8
1398380 1064.1
1398390 1065.9
1398400 1065.9
1398410 1068.3
1398420 1070.2
1398430 1070.2
1398440 1071.1
1398450 1073.2
1398460 1073.2
1398470 1088.1
1398480 1111.0
1398490 1124.8
1398500 1124.8
1398510 1133.4
1398520 1140.1
1398530 1140.1
1398540 1147.9
1398550 1157.1
1398560 1157.1
1398570 1162.5
1398580 1164.8
1398590 1164.8
1398600 1166.4
1398610 1172.4
1398620 1172.4
1398630 1179.5
1398640 1185.5
1398650 1185.5
1398660 1189.3
1398670 1196.2
1398680 1211.1
1398690 1211.1
1398700 1221.1
1398710 1228.7
1398720 1228.7
1398730 1244.5
1398740 1249.2
1398750 1249.2
1398760 1254.8
1398770 1257.4
1398780 1257.4
1398790 1261.7
1398800 1268.8
1398810 1268.8
1398820 1276.0
1398830 1281.4
1398840 1281.4
1398850 1285.8
1398860 1291.3
1398870 1291.3
1398880 1297.8
1398890 1304.5
1398900 1309.8
1398910 1309.8
1398920 1313.3
1398930 1317.1
1398940 1317.1
1398950 1321.1
1398960 1324.0
1398970 1324.0
1398980 1327.8
1398990 1331.1
1399000 1331.1
1399010 1334.3
1399020 1337.6
1399030 1337.6
1399040 1340.5
1399050 1343.2
1399060 1343.2
1399070 1346.8
1399080 1350.6
1399090 1355.9
1399100 1355.9
1399110 1360.9
1399120 1365.7
1399130 1365.7
1399140 1372.9
1399150 1381.1
1399160 1381.1
1399170 1389.1
1399180 1396.8
1399190 1396.8
1399200 1403.7
1399210 1410.0
1399220 1410.0
1399230 1418.7
1399240 1425.2
1399250 1425.2
1399260 1428.1
1399270 1431.0
1399280 1433.4
1399290 1433.4
1399300 1434.4
1399310 1436.5
1399320 1436.5
1399330 1440.4
1399340 1443.2
1399350 1443.2
1399360 1445.0
1399370 1446.4
1399380 1446.4
1399390 1450.0
1399400 1454.9
1399410 1454.9
1399420 1459.8
1399430 1463.7
1399440 1463.7
1399450 1467.1
1399460 1471.0
1399470 1471.0
1399480 1475.3
1399490 1480.1
1399500 1486.2
1399510 1486.2
1399520 1491.8
1399530 1495.3
1399540 1495.3
1399550 1496.9
1399560 1498.6
1399570 1498.6
1399580 1500.3
1399590 1501.9
1399600 1501.9
1399610 1505.6
1399620 1510.7
1399630 1510.7
1399640 1509.2
1399650 1514.4
1399660 1514.4
1399670 1520.3
1399680 1524.1
1399690 1526.7
1399700 1526.7
1399710 1528.6
1399720 1531.3
1399730 1531.3
1399740 1535.7
1399750 1540.5
1399760 1540.5
1399770 1545.6
1399780 1550.8
1399790 1550.8
1399800 1555.8
1399810 1560.0
1399820 1560.0
1399830 1563.4
1399840 1566.5
1399850 1566.5
1399860 1569.4
1399870 1572.6
1399880 1576.1
1399890 1576.1
1399900 1580.0
1399910 1583.8
1399920 1583.8
1399930 1587.3
1399940 1590.5
1399950 1590.5
1399960 1593.9
1399970 1597.2
1399980 1597.2
1399990 1601.0
