1380000 1863.5
1380010 1866.3
1380020 1870.1
1380030 1872.0
1380040 1872.0
1380050 1873.8
1380060 1877.0
1380070 1880.1
1380080 1880.1
1380090 1882.1
1380100 1883.2
1380110 1883.2
1380120 1883.1
1380130 1882.1
1380140 1882.1
1380150 1881.2
1380160 1881.4
1380170 1881.4
1380180 1883.7
1380190 1885.7
1380200 1885.7
1380210 1888.9
1380220 1892.3
1380230 1892.3
1380240 1894.7
1380250 1895.3
1380260 1894.6
1380270 1894.6
1380280 1895.9
1380290 1899.2
1380300 1899.2
1380310 1903.9
1380320 1909.0
1380330 1909.0
1380340 1915.1
1380350 1920.9
1380360 1920.9
1380370 1924.4
1380380 1927.7
1380390 1927.7
1380400 1931.5
1380410 1933.5
1380420 1933.5
1380430 1935.1
1380440 1939.9
1380450 1939.9
1380460 1945.0
1380470 1947.3
1380480 1948.3
1380490 1948.3
1380500 1945.9
1380510 1944.6
1380520 1944.6
1380530 1944.3
1380540 1940.8
1380550 1940.8
1380560 1938.2
1380570 1937.6
1380580 1937.6
1380590 1940.0
1380600 1939.8
1380610 1939.8
1380620 1936.5
1380630 1932.6
1380640 1932.6
1380650 1930.2
1380660 1934.1
1380670 1941.6
1380680 1941.6
1380690 1946.2
1380700 1948.8
1380710 1948.8
1380720 1951.9
1380730 1946.6
1380740 1946.6
1380750 1953.4
1380760 1965.3
1380770 1965.3
1380780 1973.9
1380790 1981.3
1380800 1981.3
1380810 1989.2
1380820 1997.6
1380830 1997.6
1380840 2006.3
1380850 2014.2
1380860 2022.1
1380870 2022.1
1380880 2029.3
1380890 2034.8
1380900 2034.8
1380910 2039.2
1380920 2043.0
1380930 2043.0
1380940 2047.0
1380950 2050.9
1380960 2050.9
1380970 2055.1
1380980 2059.7
1380990 2059.7
1381000 2063.4
1381010 2067.0
1381020 2067.0
1381030 2069.8
1381040 2072.7
1381050 2072.7
1381060 2076.8
1381070 2081.4
1381080 2086.2
1381090 2086.2
1381100 2090.0
1381110 2093.1
1381120 2093.1
1381130 2096.7
1381140 2099.7
1381150 2099.7
1381160 2101.5
1381170 2101.0
1381180 2101.0
1381190 2100.0
1381200 2099.8
1381210 2099.8
1381220 2099.3
1381230 2105.6
1381240 2105.6
1381250 2104.5
1381260 2103.1
1381270 2103.2
1381280 2103.2
1381290 2101.4
1381300 2100.4
1381310 2100.4
1381320 2094.7
1381330 2091.8
1381340 2091.8
1381350 2095.2
1381360 2102.6
1381370 2102.6
1381380 2108.8
1381390 2109.6
1381400 2109.6
1381410 2110.4
1381420 2110.2
1381430 2110.2
1381440 2106.8
1381450 2110.4
1381460 2119.4
1381470 2119.4
1381480 2127.8
1381490 2135.4
1381500 2135.4
1381510 2140.7
1381520 2145.5
1381530 2145.5
1381540 2151.7
1381550 2159.0
1381560 2159.0
1381570 2166.9
1381580 2175.4
1381590 2175.4
1381600 2184.2
1381610 2191.8
1381620 2191.8
1381630 2197.8
1381640 2203.4
1381650 2203.4
1381660 2208.3
1381670 2212.9
1381680 2218.1
1381690 2218.1
1381700 2222.0
1381710 2226.1
1381720 2226.1
1381730 2231.8
1381740 2238.4
1381750 2238.4
1381760 2245.9
1381770 2253.1
1381780 2253.1
1381790 2259.8
1381800 2266.0
1381810 2266.0
1381820 2270.7
1381830 2275.3
1381840 2275.3
1381850 2278.4
1381860 2279.6
1381870 2278.3
1381880 2278.3
1381890 2276.0
1381900 2274.3
1381910 2274.3
1381920 2272.4
1381930 2271.4
1381940 2271.4
1381950 2270.7
1381960 2269.7
1381970 2269.7
1381980 2268.0
1381990 2268.5
1382000 2268.5
1382010 2268.2
1382020 2268.2
1382030 2268.2
1382040 2265.9
1382050 2266.0
1382060 2267.7
1382070 2267.7
1382080 2269.9
1382090 2274.5
1382100 2274.5
1382110 2279.3
1382120 2283.1
1382130 2283.1
1382140 2287.8
1382150 2291.5
1382160 2291.5
1382170 2294.3
1382180 2298.7
1382190 2298.7
1382200 2302.3
1382210 2305.9
1382220 2305.9
1382230 2312.0
1382240 2317.3
1382250 2317.3
1382260 2324.4
1382270 2327.6
1382280 2331.1
1382290 2331.1
1382300 2337.3
1382310 2344.9
1382320 2344.9
1382330 2353.2
1382340 2359.0
1382350 2359.0
1382360 2363.4
1382370 2364.2
1382380 2364.2
1382390 2362.7
1382400 2358.7
1382410 2358.7
1382420 2350.3
1382430 2340.0
1382440 2340.0
1382450 2331.9
1382460 2323.9
1382470 2316.6
1382480 2316.6
1382490 2307.4
1382500 2293.4
1382510 2293.4
1382520 2279.2
1382530 2269.6
1382540 2269.6
1382550 2261.3
1382560 2251.8
1382570 2251.8
1382580 2240.7
1382590 2230.4
1382600 2230.4
1382610 2219.4
1382620 2209.6
1382630 2209.6
1382640 2202.3
1382650 2196.2
1382660 2189.2
1382670 2189.2
1382680 2181.6
1382690 2174.6
1382700 2174.6
1382710 2167.5
1382720 2160.7
1382730 2160.7
1382740 2153.8
1382750 2145.4
1382760 2145.4
1382770 2133.6
1382780 2123.6
1382790 2123.6
1382800 2117.5
1382810 2111.7
1382820 2111.7
1382830 2103.4
1382840 2095.5
1382850 2095.5
1382860 2088.0
1382870 2081.6
1382880 2076.5
1382890 2076.5
1382900 2071.4
1382910 2065.6
1382920 2065.6
1382930 2057.7
1382940 2052.5
1382950 2052.5
1382960 2049.6
1382970 2044.7
1382980 2044.7
1382990 2038.2
1383000 2030.7
1383010 2030.7
1383020 2022.9
1383030 2016.0
1383040 2016.0
1383050 2010.3
1383060 2004.2
1383070 1995.5
1383080 1995.5
1383090 1986.7
1383100 1975.8
1383110 1975.8
1383120 1965.9
1383130 1957.6
1383140 1957.6
1383150 1949.8
1383160 1941.4
1383170 1941.4
1383180 1933.5
1383190 1926.5
1383200 1926.5
1383210 1917.7
1383220 1908.3
1383230 1908.3
1383240 1900.9
1383250 1895.3
1383260 1890.8
1383270 1890.8
1383280 1886.6
1383290 1880.2
1383300 1880.2
1383310 1874.0
1383320 1867.6
1383330 1867.6
1383340 1861.9
1383350 1857.0
1383360 1857.0
1383370 1852.5
1383380 1846.8
1383390 1846.8
1383400 1841.5
1383410 1836.2
1383420 1836.2
1383430 1830.4
1383440 1824.7
1383450 1824.7
1383460 1819.0
1383470 1814.1
1383480 1811.6
1383490 1811.6
1383500 1810.1
1383510 1807.6
1383520 1807.6
1383530 1804.7
1383540 1804.6
1383550 1804.6
1383560 1806.2
1383570 1806.4
1383580 1806.4
1383590 1806.9
1383600 1808.4
1383610 1808.4
1383620 1810.6
1383630 1813.8
1383640 1813.8
1383650 1816.7
1383660 1818.3
1383670 1818.5
1383680 1818.5
1383690 1819.1
1383700 1819.2
1383710 1825.3
1383720 1824.7
1383730 1824.0
1383740 1824.0
1383750 1822.8
1383760 1822.8
1383770 1822.8
1383780 1823.0
1383790 1823.8
1383800 1823.8
1383810 1823.1
1383820 1823.4
1383830 1823.4
1383840 1824.8
1383850 1825.7
1383860 1827.4
1383870 1827.4
1383880 1830.4
1383890 1833.3
1383900 1833.3
1383910 1837.0
1383920 1843.0
1383930 1843.0
1383940 1847.2
1383950 1850.9
1383960 1850.9
1383970 1856.3
1383980 1860.8
1383990 1860.8
1384000 1866.0
1384010 1865.3
1384020 1865.3
1384030 1864.5
1384040 1864.0
1384050 1864.0
1384060 1863.8
1384070 1862.3
1384080 1860.4
1384090 1860.4
1384100 1859.3
1384110 1857.8
1384120 1857.8
1384130 1857.0
1384140 1854.6
1384150 1854.6
1384160 1847.9
1384170 1836.5
1384180 1836.5
1384190 1829.7
1384200 1831.3
1384210 1831.3
1384220 1822.3
1384230 1818.1
1384240 1818.1
1384250 1819.7
1384260 1822.1
1384270 1825.9
1384280 1825.9
1384290 1832.0
1384300 1838.4
1384310 1838.4
1384320 1845.0
1384330 1854.6
1384340 1854.6
1384350 1864.3
1384360 1871.2
1384370 1871.2
1384380 1877.0
1384390 1883.3
1384400 1883.3
1384410 1888.8
1384420 1893.3
1384430 1893.3
1384440 1898.8
1384450 1904.6
1384460 1910.8
1384470 1910.8
1384480 1917.2
1384490 1924.4
1384500 1924.4
1384510 1931.3
1384520 1938.1
1384530 1938.1
1384540 1945.0
1384550 1951.9
1384560 1951.9
1384570 1958.6
1384580 1965.6
1384590 1965.6
1384600 1973.6
1384610 1981.8
1384620 1981.8
1384630 1990.1
1384640 1999.4
1384650 2008.8
1384660 2008.8
1384670 2018.3
1384680 2026.5
1384690 2026.5
1384700 2033.1
1384710 2038.9
1384720 2038.9
1384730 2045.7
1384740 2052.7
1384750 2052.7
1384760 2060.4
1384770 2068.2
1384780 2068.2
1384790 2076.3
1384800 2086.4
1384810 2086.4
1384820 2092.2
1384830 2097.2
1384840 2097.2
1384850 2102.1
1384860 2108.1
1384870 2114.2
1384880 2114.2
1384890 2119.8
1384900 2125.6
1384910 2125.6
1384920 2130.9
1384930 2136.5
1384940 2136.5
1384950 2142.7
1384960 2148.8
1384970 2148.0
1384980 2154.1
1384990 2159.9
1385000 2159.9
1385010 2165.5
1385020 2171.7
1385030 2171.7
1385040 2177.9
1385050 2183.2
1385060 2187.8
1385070 2187.8
1385080 2192.1
1385090 2194.9
1385100 2194.9
1385110 2196.5
1385120 2197.5
1385130 2197.5
1385140 2197.6
1385150 2196.5
1385160 2196.5
1385170 2194.3
1385180 2191.1
1385190 2191.1
1385200 2186.8
1385210 2183.5
1385220 2183.5
1385230 2181.1
1385240 2178.7
1385250 2174.7
1385260 2174.7
1385270 2171.4
1385280 2168.8
1385290 2168.8
1385300 2162.0
1385310 2156.1
1385320 2156.1
1385330 2150.7
1385340 2144.7
1385350 2144.7
1385360 2139.2
1385370 2133.4
1385380 2133.4
1385390 2127.3
1385400 2118.9
1385410 2118.9
1385420 2109.3
1385430 2099.8
1385440 2099.8
1385450 2090.1
1385460 2092.5
1385470 2095.3
1385480 2095.3
1385490 2091.4
1385500 2095.4
1385510 2095.4
1385520 2103.5
1385530 2106.7
1385540 2106.7
1385550 2108.0
1385560 2113.0
1385570 2113.0
1385580 2117.2
1385590 2121.7
1385600 2121.7
1385610 2127.3
1385620 2132.9
1385630 2132.9
1385640 2138.0
1385650 2142.5
1385660 2146.7
1385670 2146.7
1385680 2148.3
1385690 2146.5
1385700 2146.5
1385710 2140.8
1385720 2134.8
1385730 2134.8
1385740 2128.6
1385750 2122.5
1385760 2122.5
1385770 2116.8
1385780 2111.7
1385790 2111.7
1385800 2106.3
1385810 2099.6
1385820 2099.6
1385830 2094.0
1385840 2100.8
1385850 2106.6
1385860 2106.6
1385870 2110.0
1385880 2114.9
1385890 2114.9
1385900 2120.8
1385910 2127.1
1385920 2127.1
1385930 2132.4
1385940 2137.9
1385950 2137.9
1385960 2143.0
1385970 2146.8
1385980 2146.8
1385990 2148.8
1386000 2151.8
1386010 2151.8
1386020 2157.5
1386030 2163.8
1386040 2163.8
1386050 2169.3
1386060 2174.1
1386070 2177.1
1386080 2177.1
1386090 2177.0
1386100 2176.9
1386110 2176.9
1386120 2176.8
1386130 2179.3
1386140 2179.3
1386150 2184.6
1386160 2190.1
1386170 2190.1
1386180 2195.3
1386190 2200.8
1386200 2200.8
1386210 2206.6
1386220 2212.9
1386230 2212.9
1386240 2224.0
1386250 2229.8
1386260 2233.3
1386270 2233.3
1386280 2232.2
1386290 2229.1
1386300 2229.1
1386310 2225.5
1386320 2221.6
1386330 2221.6
1386340 2217.5
1386350 2213.7
1386360 2213.7
1386370 2210.0
1386380 2206.1
1386390 2206.1
1386400 2201.7
1386410 2196.1
1386420 2196.1
1386430 2189.8
1386440 2183.6
1386450 2177.3
1386460 2177.3
1386470 2170.5
1386480 2163.7
1386490 2163.7
1386500 2156.6
1386510 2151.1
1386520 2151.1
1386530 2145.4
1386540 2140.3
1386550 2140.3
1386560 2135.1
1386570 2130.2
1386580 2130.2
1386590 2125.6
1386600 2121.0
1386610 2121.0
1386620 2116.3
1386630 2111.3
1386640 2111.3
1386650 2106.4
1386660 2100.9
1386670 2095.5
1386680 2095.5
1386690 2091.0
1386700 2086.6
1386710 2086.6
1386720 2081.4
1386730 2076.1
1386740 2076.1
1386750 2069.7
1386760 2062.8
1386770 2062.8
1386780 2054.9
1386790 2047.2
1386800 2047.2
1386810 2040.7
1386820 2036.0
1386830 2036.0
1386840 2030.8
1386850 2025.1
1386860 2019.0
1386870 2019.0
1386880 2013.2
1386890 2007.5
1386900 2007.5
1386910 2001.8
1386920 1996.2
1386930 1996.2
1386940 1991.6
1386950 1987.1
1386960 1987.1
1386970 1982.2
1386980 1977.7
1386990 1977.7
1387000 1972.2
1387010 1966.4
1387020 1966.4
1387030 1960.9
1387040 1955.9
1387050 1951.4
1387060 1951.4
1387070 1947.0
1387080 1944.2
1387090 1944.2
1387100 1943.4
1387110 1943.6
1387120 1943.6
1387130 1942.1
1387140 1939.8
1387150 1939.8
1387160 1937.6
1387170 1933.6
1387180 1933.6
1387190 1928.5
1387200 1923.6
1387210 1923.6
1387220 1918.5
1387230 1912.8
1387240 1912.8
1387250 1907.0
1387260 1901.5
1387270 1896.0
1387280 1896.0
1387290 1890.2
1387300 1885.1
1387310 1885.1
1387320 1878.6
1387330 1872.8
1387340 1872.8
1387350 1867.2
1387360 1862.1
1387370 1862.1
1387380 1857.1
1387390 1852.2
1387400 1852.2
1387410 1846.4
1387420 1839.5
1387430 1839.5
1387440 1832.6
1387450 1829.6
1387460 1830.7
1387470 1830.7
1387480 1836.0
1387490 1841.1
1387500 1841.1
1387510 1846.3
1387520 1851.9
1387530 1851.9
1387540 1862.1
1387550 1867.8
1387560 1867.8
1387570 1871.8
1387580 1875.9
1387590 1875.9
1387600 1882.1
1387610 1887.4
1387620 1887.4
1387630 1892.8
1387640 1899.1
1387650 1906.9
1387660 1906.9
1387670 1914.2
1387680 1919.9
1387690 1919.9
1387700 1925.3
1387710 1930.2
1387720 1930.2
1387730 1935.0
1387740 1940.5
1387750 1940.5
1387760 1945.2
1387770 1949.9
1387780 1949.9
1387790 1954.9
1387800 1956.4
1387810 1956.4
1387820 1955.5
1387830 1958.1
1387840 1958.1
1387850 1957.8
1387860 1955.7
1387870 1956.5
1387880 1956.5
1387890 1958.2
1387900 1959.1
1387910 1959.1
1387920 1960.1
1387930 1961.0
1387940 1961.0
1387950 1963.1
1387960 1967.8
1387970 1967.8
1387980 1977.3
1387990 1988.8
1388000 1988.8
1388010 1999.7
1388020 2008.0
1388030 2008.0
1388040 2012.4
1388050 2016.6
1388060 2021.8
1388070 2021.8
1388080 2025.8
1388090 2029.3
1388100 2029.3
1388110 2032.9
1388120 2036.4
1388130 2036.4
1388140 2040.1
1388150 2044.0
1388160 2044.0
1388170 2047.7
1388180 2051.9
1388190 2051.9
1388200 2055.9
1388210 2059.2
1388220 2059.2
1388230 2061.9
1388240 2065.4
1388250 2069.3
1388260 2069.3
1388270 2073.3
1388280 2077.1
1388290 2077.1
1388300 2080.6
1388310 2083.0
1388320 2083.0
1388330 2083.4
1388340 2087.0
1388350 2087.0
1388360 2092.8
1388370 2099.1
1388380 2099.1
1388390 2105.3
1388400 2111.5
1388410 2111.5
1388420 2117.1
1388430 2122.4
1388440 2122.4
1388450 2126.8
1388460 2130.8
1388470 2135.0
1388480 2135.0
1388490 2139.2
1388500 2143.4
1388510 2143.4
1388520 2147.6
1388530 2150.7
1388540 2150.7
1388550 2152.2
1388560 2153.0
1388570 2153.0
1388580 2154.6
1388590 2155.5
1388600 2155.5
1388610 2153.0
1388620 2147.7
1388630 2147.7
1388640 2141.5
1388650 2134.8
1388660 2128.2
1388670 2128.2
1388680 2121.6
1388690 2116.0
1388700 2116.0
1388710 2110.0
1388720 2102.0
1388730 2102.0
1388740 2094.3
1388750 2087.2
1388760 2087.2
1388770 2078.9
1388780 2069.0
1388790 2069.0
1388800 2058.0
1388810 2049.9
1388820 2049.9
1388830 2043.0
1388840 2036.1
1388850 2031.0
1388860 2031.0
1388870 2020.8
1388880 2011.3
1388890 2011.3
1388900 2003.0
1388910 1995.2
1388920 1995.2
1388930 1986.9
1388940 1978.9
1388950 1978.9
1388960 1971.8
1388970 1964.7
1388980 1964.7
1388990 1957.2
1389000 1949.6
1389010 1949.6
1389020 1941.9
1389030 1934.9
1389040 1934.9
1389050 1928.5
1389060 1922.3
1389070 1916.8
1389080 1916.8
1389090 1911.4
1389100 1906.4
1389110 1906.4
1389120 1901.7
1389130 1897.2
1389140 1897.2
1389150 1892.7
1389160 1889.0
1389170 1889.0
1389180 1885.0
1389190 1880.5
1389200 1880.5
1389210 1875.4
1389220 1870.4
1389230 1870.4
1389240 1865.9
1389250 1861.3
1389260 1854.7
1389270 1854.7
1389280 1848.8
1389290 1850.1
1389300 1850.1
1389310 1854.5
1389320 1859.5
1389330 1859.5
1389340 1863.7
1389350 1866.8
1389360 1866.8
1389370 1870.1
1389380 1873.3
1389390 1873.3
1389400 1877.5
1389410 1882.3
1389420 1882.3
1389430 1887.2
1389440 1890.6
1389450 1892.7
1389460 1892.7
1389470 1895.3
1389480 1900.4
1389490 1900.4
1389500 1905.7
1389510 1912.7
1389520 1912.7
1389530 1921.6
1389540 1930.2
1389550 1930.2
1389560 1937.2
1389570 1944.7
1389580 1944.7
1389590 1952.9
1389600 1961.3
1389610 1961.3
1389620 1970.7
1389630 1980.0
1389640 1980.0
1389650 1989.6
1389660 1998.2
1389670 2005.1
1389680 2005.1
1389690 2011.6
1389700 2018.5
1389710 2018.5
1389720 2025.3
1389730 2031.6
1389740 2031.6
1389750 2037.9
1389760 2045.9
1389770 2045.9
1389780 2054.9
1389790 2064.3
1389800 2064.3
1389810 2073.7
1389820 2080.8
1389830 2080.8
1389840 2087.0
1389850 2093.6
1389860 2099.8
1389870 2099.8
1389880 2105.6
1389890 2110.3
1389900 2110.3
1389910 2113.5
1389920 2114.4
1389930 2114.4
1389940 2116.1
1389950 2119.1
1389960 2119.1
1389970 2122.4
1389980 2126.2
1389990 2126.2
1390000 2131.0
1390010 2134.4
1390020 2134.4
1390030 2135.9
1390040 2136.4
1390050 2136.2
1390060 2136.2
1390070 2135.1
1390080 2132.7
1390090 2132.7
1390100 2129.7
1390110 2126.0
1390120 2126.0
1390130 2122.5
1390140 2121.0
1390150 2121.0
1390160 2119.4
1390170 2118.1
1390180 2127.2
1390190 2124.8
1390200 2120.8
1390210 2120.8
1390220 2115.2
1390230 2109.1
1390240 2109.1
1390250 2104.5
1390260 2105.6
1390270 2108.1
1390280 2108.1
1390290 2108.7
1390300 2107.5
1390310 2107.5
1390320 2106.1
1390330 2105.3
1390340 2105.3
1390350 2104.0
1390360 2101.3
1390370 2101.3
1390380 2097.0
1390390 2093.7
1390400 2093.7
1390410 2096.3
1390420 2099.3
1390430 2099.3
1390440 2100.1
1390450 2099.7
1390460 2098.4
1390470 2098.4
1390480 2096.1
1390490 2094.6
1390500 2094.6
1390510 2096.1
1390520 2097.5
1390530 2097.5
1390540 2099.2
1390550 2099.9
1390560 2099.9
1390570 2099.4
1390580 2099.5
1390590 2099.5
1390600 2098.2
1390610 2093.3
1390620 2093.3
1390630 2086.9
1390640 2078.6
1390650 2068.6
1390660 2068.6
1390670 2059.5
1390680 2050.9
1390690 2050.9
1390700 2041.7
1390710 2033.3
1390720 2033.3
1390730 2024.8
1390740 2016.8
1390750 2016.8
1390760 2009.2
1390770 2001.4
1390780 2001.4
1390790 1993.3
1390800 1984.6
1390810 1984.6
1390820 1976.8
1390830 1970.3
1390840 1970.3
1390850 1965.2
1390860 1959.2
1390870 1952.7
1390880 1952.7
1390890 1947.3
1390900 1941.6
1390910 1941.6
1390920 1933.9
1390930 1922.2
1390940 1922.2
1390950 1910.9
1390960 1912.3
1390970 1912.3
1390980 1918.3
1390990 1921.8
1391000 1921.8
1391010 1922.6
1391020 1920.3
1391030 1920.3
1391040 1916.0
1391050 1907.3
1391060 1899.2
1391070 1899.2
1391080 1890.9
1391090 1882.4
1391100 1882.4
1391110 1870.9
1391120 1857.4
1391130 1857.4
1391140 1845.5
1391150 1834.2
1391160 1834.2
1391170 1824.8
1391180 1816.4
1391190 1816.4
1391200 1809.0
1391210 1801.6
1391220 1801.6
1391230 1795.4
1391240 1789.0
1391250 1783.1
1391260 1783.1
1391270 1776.9
1391280 1770.9
1391290 1770.9
1391300 1765.1
1391310 1760.1
1391320 1760.1
1391330 1755.8
1391340 1751.0
1391350 1751.0
1391360 1746.6
1391370 1740.8
1391380 1740.8
1391390 1735.5
1391400 1730.4
1391410 1730.4
1391420 1725.5
1391430 1720.9
1391440 1716.9
1391450 1716.9
1391460 1714.2
1391470 1712.1
1391480 1712.1
1391490 1710.0
1391500 1705.8
1391510 1705.8
1391520 1699.0
1391530 1703.0
1391540 1703.0
1391550 1707.5
1391560 1713.2
1391570 1713.2
1391580 1715.4
1391590 1715.9
1391600 1715.9
1391610 1716.9
1391620 1722.6
1391630 1722.6
1391640 1730.7
1391650 1738.4
1391660 1745.5
1391670 1745.5
1391680 1752.2
1391690 1759.3
1391700 1759.3
1391710 1766.9
1391720 1774.8
1391730 1774.8
1391740 1782.7
1391750 1790.7
1391760 1790.7
1391770 1798.7
1391780 1806.2
1391790 1806.2
1391800 1813.5
1391810 1822.2
1391820 1822.2
1391830 1830.4
1391840 1838.2
1391850 1845.8
1391860 1845.8
1391870 1853.7
1391880 1861.9
1391890 1861.9
1391900 1870.4
1391910 1878.9
1391920 1878.9
1391930 1887.4
1391940 1895.4
1391950 1895.4
1391960 1903.3
1391970 1910.6
1391980 1910.6
1391990 1915.6
1392000 1920.2
1392010 1920.2
1392020 1924.5
1392030 1929.0
1392040 1930.9
1392050 1930.9
1392060 1934.4
1392070 1939.6
1392080 1939.6
1392090 1945.2
1392100 1950.2
1392110 1950.2
1392120 1956.4
1392130 1963.4
1392140 1963.4
1392150 1969.1
1392160 1974.0
1392170 1974.0
1392180 1979.1
1392190 1984.5
1392200 1984.5
1392210 1990.5
1392220 1996.8
1392230 1996.8
1392240 2004.2
1392250 2016.2
1392260 2027.2
1392270 2027.2
1392280 2034.4
1392290 2039.1
1392300 2039.1
1392310 2043.6
1392320 2049.2
1392330 2049.2
1392340 2054.7
1392350 2060.1
1392360 2060.1
1392370 2065.6
1392380 2070.3
1392390 2070.3
1392400 2074.2
1392410 2079.0
1392420 2079.0
1392430 2084.7
1392440 2088.6
1392450 2091.5
1392460 2091.5
1392470 2094.5
1392480 2096.8
1392490 2096.8
1392500 2098.2
1392510 2099.0
1392520 2099.0
1392530 2100.0
1392540 2100.7
1392550 2100.7
1392560 2100.9
1392570 2100.0
1392580 2100.0
1392590 2098.7
1392600 2097.1
1392610 2097.1
1392620 2095.1
1392630 2092.8
1392640 2090.6
1392650 2090.6
1392660 2088.3
1392670 2086.2
1392680 2086.2
1392690 2083.3
1392700 2080.5
1392710 2080.5
1392720 2078.1
1392730 2074.5
1392740 2074.5
1392750 2069.1
1392760 2062.5
1392770 2062.5
1392780 2057.6
1392790 2052.0
1392800 2052.0
1392810 2045.9
1392820 2038.4
1392830 2038.4
1392840 2030.0
1392850 2022.2
1392860 2012.3
1392870 2012.3
1392880 2003.0
1392890 1994.5
1392900 1994.5
1392910 1990.2
1392920 1982.8
1392930 1982.8
1392940 1976.2
1392950 1970.0
1392960 1970.0
1392970 1964.4
1392980 1960.1
1392990 1960.1
1393000 1955.4
1393010 1950.0
1393020 1950.0
1393030 1944.9
1393040 1939.1
1393050 1932.3
1393060 1932.3
1393070 1926.1
1393080 1920.9
1393090 1920.9
1393100 1915.3
1393110 1911.6
1393120 1911.6
1393130 1908.3
1393140 1903.5
1393150 1903.5
1393160 1896.9
1393170 1893.1
1393180 1893.1
1393190 1894.9
1393200 1895.9
1393210 1895.9
1393220 1896.0
1393230 1894.8
1393240 1889.7
1393250 1889.7
1393260 1882.5
1393270 1877.5
1393280 1877.5
1393290 1877.2
1393300 1877.6
1393310 1877.6
1393320 1878.6
1393330 1882.7
1393340 1882.7
1393350 1885.0
1393360 1885.6
1393370 1885.6
1393380 1882.3
1393390 1883.6
1393400 1883.6
1393410 1889.6
1393420 1894.7
1393430 1894.7
1393440 1897.0
1393450 1899.2
1393460 1902.3
1393470 1902.3
1393480 1906.0
1393490 1909.5
1393500 1909.5
1393510 1913.4
1393520 1918.1
1393530 1918.1
1393540 1923.7
1393550 1931.2
1393560 1931.2
1393570 1941.0
1393580 1950.9
1393590 1950.9
1393600 1960.5
1393610 1970.6
1393620 1970.6
1393630 1979.3
1393640 1985.5
1393650 1991.2
1393660 1991.2
1393670 1996.1
1393680 1999.1
1393690 1999.1
1393700 2001.2
1393710 2003.9
1393720 2003.9
1393730 2006.5
1393740 2009.1
1393750 2009.1
1393760 2011.9
1393770 2014.4
1393780 2014.4
1393790 2016.5
1393800 2018.1
1393810 2018.1
1393820 2019.4
1393830 2021.6
1393840 2025.0
1393850 2025.0
1393860 2029.9
1393870 2033.9
1393880 2033.9
1393890 2036.8
1393900 2038.7
1393910 2038.7
1393920 2039.7
1393930 2040.4
1393940 2040.4
1393950 2041.6
1393960 2043.2
1393970 2043.2
1393980 2044.0
1393990 2044.6
1394000 2044.6
1394010 2045.7
1394020 2046.7
1394030 2046.7
1394040 2045.2
1394050 2043.3
1394060 2042.2
1394070 2042.2
1394080 2042.9
1394090 2041.4
1394100 2041.4
1394110 2039.6
1394120 2039.6
1394130 2039.6
1394140 2040.5
1394150 2039.1
1394160 2039.1
1394170 2039.2
1394180 2038.7
1394190 2038.7
1394200 2037.3
1394210 2035.7
1394220 2035.7
1394230 2033.2
1394240 2029.3
1394250 2024.3
1394260 2024.3
1394270 2017.3
1394280 2008.9
1394290 2008.9
1394300 2001.1
1394310 1991.6
1394320 1991.6
1394330 1985.6
1394340 1977.9
1394350 1977.9
1394360 1971.2
1394370 1966.3
1394380 1966.3
1394390 1961.8
1394400 1957.7
1394410 1957.7
1394420 1954.5
1394430 1951.3
1394440 1945.8
1394450 1945.8
1394460 1941.4
1394470 1935.7
1394480 1935.7
1394490 1932.3
1394500 1932.5
1394510 1932.5
1394520 1934.5
1394530 1936.4
1394540 1936.4
1394550 1936.4
1394560 1936.2
1394570 1936.2
1394580 1936.3
1394590 1936.5
1394600 1936.5
1394610 1936.7
1394620 1936.0
1394630 1936.0
1394640 1935.0
1394650 1934.6
1394660 1934.3
1394670 1934.3
1394680 1934.1
1394690 1934.4
1394700 1934.4
1394710 1934.9
1394720 1935.6
1394730 1935.6
1394740 1935.5
1394750 1935.1
1394760 1935.1
1394770 1935.1
1394780 1934.0
1394790 1934.0
1394800 1931.2
1394810 1926.1
1394820 1926.1
1394830 1921.4
1394840 1917.6
1394850 1913.4
1394860 1913.4
1394870 1909.2
1394880 1905.5
1394890 1905.5
1394900 1902.6
1394910 1899.2
1394920 1899.2
1394930 1895.6
1394940 1891.5
1394950 1891.5
1394960 1887.4
1394970 1882.6
1394980 1882.6
1394990 1877.3
1395000 1872.1
1395010 1872.1
1395020 1868.2
1395030 1862.0
1395040 1856.6
1395050 1856.6
1395060 1852.2
1395070 1845.9
1395080 1845.9
1395090 1839.0
1395100 1832.3
1395110 1832.3
1395120 1826.7
1395130 1817.2
1395140 1817.2
1395150 1809.5
1395160 1804.3
1395170 1804.3
1395180 1798.7
1395190 1792.1
1395200 1792.1
1395210 1786.9
1395220 1780.6
1395230 1780.6
1395240 1773.0
1395250 1764.1
1395260 1749.1
1395270 1749.1
1395280 1739.2
1395290 1728.2
1395300 1728.2
1395310 1716.2
1395320 1704.9
1395330 1704.9
1395340 1694.6
1395350 1685.0
1395360 1685.0
1395370 1677.4
1395380 1669.8
1395390 1669.8
1395400 1660.9
1395410 1651.2
1395420 1651.2
1395430 1643.0
1395440 1632.0
1395450 1622.7
1395460 1622.7
1395470 1616.1
1395480 1610.2
1395490 1610.2
1395500 1604.3
1395510 1598.0
1395520 1598.0
1395530 1591.4
1395540 1585.6
1395550 1585.6
1395560 1579.1
1395570 1568.8
1395580 1568.8
1395590 1559.5
1395600 1552.1
1395610 1552.1
1395620 1544.7
1395630 1536.7
1395640 1526.6
1395650 1526.6
1395660 1516.5
1395670 1510.9
1395680 1510.9
1395690 1507.4
1395700 1503.6
1395710 1503.6
1395720 1498.2
1395730 1490.7
1395740 1490.7
1395750 1480.3
1395760 1470.3
1395770 1470.3
1395780 1461.1
1395790 1452.4
1395800 1452.4
1395810 1446.3
1395820 1440.9
1395830 1435.2
1395840 1435.2
1395850 1427.5
1395860 1418.4
1395870 1418.4
1395880 1408.1
1395890 1397.6
1395900 1397.6
1395910 1390.8
1395920 1385.7
1395930 1385.7
1395940 1380.9
1395950 1376.5
1395960 1376.5
1395970 1371.4
1395980 1364.8
1395990 1364.8
1396000 1357.8
1396010 1346.8
1396020 1346.8
1396030 1338.4
1396040 1333.0
1396050 1325.6
1396060 1325.6
1396070 1315.0
1396080 1305.1
1396090 1305.1
1396100 1296.0
1396110 1287.9
1396120 1287.9
1396130 1283.5
1396140 1279.7
1396150 1279.7
1396160 1276.7
1396170 1276.0
1396180 1276.0
1396190 1274.3
1396200 1268.1
1396210 1268.1
1396220 1260.3
1396230 1253.5
1396240 1248.2
1396250 1248.2
1396260 1241.8
1396270 1235.4
1396280 1235.4
1396290 1229.0
1396300 1223.1
1396310 1223.1
1396320 1217.9
1396330 1211.3
1396340 1211.3
1396350 1206.1
1396360 1200.6
1396370 1200.6
1396380 1195.0
1396390 1187.7
1396400 1187.7
1396410 1181.3
1396420 1174.0
1396430 1163.8
1396440 1163.8
1396450 1152.9
1396460 1141.7
1396470 1141.7
1396480 1127.4
1396490 1110.7
1396500 1110.7
1396510 1100.8
1396520 1092.7
1396530 1092.7
1396540 1084.0
1396550 1073.7
1396560 1073.7
1396570 1064.1
1396580 1046.9
1396590 1046.9
1396600 1020.6
1396610 1002.3
1396620 1002.3
1396630 992.0
1396640 983.6
1396650 975.3
1396660 975.3
1396670 966.6
1396680 959.4
1396690 959.4
1396700 953.4
1396710 947.4
1396720 947.4
1396730 942.4
1396740 938.2
1396750 938.2
1396760 935.9
1396770 935.0
1396780 935.0
1396790 935.0
1396800 935.7
1396810 935.7
1396820 936.7
1396830 937.3
1396840 937.1
1396850 937.1
1396860 936.3
1396870 935.8
1396880 935.8
1396890 935.6
1396900 935.6
1396910 935.6
1396920 935.8
1396930 935.8
1396940 935.8
1396950 936.0
1396960 936.1
1396970 936.1
1396980 936.0
1396990 935.7
1397000 935.7
1397010 935.7
1397020 935.8
1397030 935.5
1397040 935.5
1397050 934.8
1397060 934.5
1397070 934.5
1397080 931.8
1397090 928.8
1397100 928.8
1397110 927.2
1397120 926.5
1397130 926.5
1397140 924.9
1397150 923.5
1397160 923.5
1397170 923.1
1397180 921.0
1397190 921.0
1397200 918.4
1397210 917.4
1397220 917.4
1397230 917.4
1397240 918.1
1397250 920.3
1397260 920.3
1397270 923.7
1397280 926.6
1397290 926.6
1397300 928.4
1397310 931.4
1397320 931.4
1397330 935.3
1397340 940.3
1397350 940.3
1397360 944.5
1397370 948.6
1397380 948.6
1397390 953.5
1397400 958.4
1397410 958.4
1397420 962.6
1397430 967.7
1397440 972.9
1397450 972.9
1397460 977.7
1397470 981.0
1397480 981.0
1397490 983.3
1397500 985.2
1397510 985.2
1397520 987.1
1397530 990.3
1397540 990.3
1397550 995.7
1397560 998.8
1397570 998.8
1397580 1003.3
1397590 1008.2
1397600 1008.2
1397610 1011.9
1397620 1014.9
1397630 1017.2
1397640 1017.2
1397650 1018.8
1397660 1020.2
1397670 1020.2
1397680 1022.6
1397690 1023.1
1397700 1023.1
1397710 1023.3
1397720 1026.2
1397730 1026.2
1397740 1031.5
1397750 1037.5
1397760 1037.5
1397770 1041.7
1397780 1047.0
1397790 1047.0
1397800 1053.1
1397810 1059.7
1397820 1059.7
1397830 1065.9
1397840 1073.1
1397850 1081.2
1397860 1081.2
1397870 1088.8
1397880 1096.7
1397890 1096.7
1397900 1103.8
1397910 1110.7
1397920 1110.7
1397930 1117.6
1397940 1125.1
1397950 1125.1
1397960 1131.6
1397970 1138.0
1397980 1138.0
1397990 1144.4
1398000 1150.1
1398010 1150.1
1398020 1155.3
1398030 1160.5
1398040 1165.7
1398050 1165.7
1398060 1170.6
1398070 1175.7
1398080 1175.7
1398090 1181.8
1398100 1186.9
1398110 1186.9
1398120 1192.2
1398130 1197.6
1398140 1197.6
1398150 1202.7
1398160 1207.6
1398170 1207.6
1398180 1212.3
1398190 1216.4
1398200 1216.4
1398210 1220.6
1398220 1224.3
1398230 1226.8
1398240 1226.8
1398250 1228.8
1398260 1231.4
1398270 1231.4
1398280 1234.7
1398290 1238.9
1398300 1238.9
1398310 1243.4
1398320 1247.0
1398330 1247.0
1398340 1251.4
1398350 1255.2
1398360 1255.2
1398370 1257.2
1398380 1258.6
1398390 1258.6
1398400 1259.4
1398410 1261.1
1398420 1261.1
1398430 1262.1
1398440 1263.3
1398450 1266.0
1398460 1266.0
1398470 1268.4
1398480 1270.6
1398490 1270.6
1398500 1273.3
1398510 1276.0
1398520 1276.0
1398530 1278.9
1398540 1281.3
1398550 1281.3
1398560 1282.8
1398570 1279.0
1398580 1279.0
1398590 1274.0
1398600 1272.0
1398610 1265.7
1398620 1263.5
1398630 1262.4
1398640 1260.9
1398650 1260.9
1398660 1258.7
1398670 1258.1
1398680 1258.1
1398690 1259.9
1398700 1262.0
1398710 1262.0
1398720 1263.6
1398730 1264.0
1398740 1264.0
1398750 1265.3
1398760 1268.1
1398770 1268.1
1398780 1269.8
1398790 1270.1
1398800 1270.1
1398810 1271.1
1398820 1274.1
1398830 1275.8
1398840 1275.8
1398850 1276.6
1398860 1279.5
1398870 1279.5
1398880 1282.7
1398890 1286.0
1398900 1286.0
1398910 1289.1
1398920 1291.2
1398930 1291.2
1398940 1294.2
1398950 1296.7
1398960 1296.7
1398970 1297.4
1398980 1300.2
1398990 1300.2
1399000 1305.6
1399010 1306.5
1399020 1306.5
1399030 1306.3
1399040 1306.3
1399050 1304.2
1399060 1304.2
1399070 1301.4
1399080 1298.7
1399090 1298.7
1399100 1296.2
1399110 1294.7
1399120 1294.7
1399130 1293.7
1399140 1293.1
1399150 1293.1
1399160 1291.7
1399170 1291.5
1399180 1291.5
1399190 1292.3
1399200 1293.7
1399210 1293.7
1399220 1292.9
1399230 1294.0
1399240 1296.7
1399250 1296.7
1399260 1298.1
1399270 1295.0
1399280 1295.0
1399290 1290.5
1399300 1288.2
1399310 1288.2
1399320 1285.1
1399330 1281.7
1399340 1281.7
1399350 1278.9
1399360 1278.1
1399370 1278.1
1399380 1275.4
1399390 1268.9
1399400 1268.9
1399410 1267.1
1399420 1264.9
1399430 1255.9
1399440 1255.9
1399450 1255.0
1399460 1255.2
1399470 1255.2
1399480 1258.0
1399490 1255.2
1399500 1255.2
1399510 1258.0
1399520 1261.0
1399530 1261.0
1399540 1268.0
1399550 1276.6
1399560 1276.6
1399570 1289.8
1399580 1301.2
1399590 1301.2
1399600 1305.2
1399610 1312.1
1399620 1312.1
1399630 1323.8
1399640 1333.5
1399650 1339.9
1399660 1339.9
1399670 1346.4
1399680 1354.3
1399690 1354.3
1399700 1361.9
1399710 1366.7
1399720 1366.7
1399730 1368.7
1399740 1373.3
1399750 1373.3
1399760 1379.9
1399770 1388.1
1399780 1388.1
1399790 1394.4
1399800 1399.4
1399810 1399.4
1399820 1403.9
1399830 1408.2
1399840 1413.3
1399850 1413.3
1399860 1416.4
1399870 1418.3
1399880 1418.3
1399890 1421.4
1399900 1425.5
1399910 1425.5
1399920 1430.1
1399930 1434.4
1399940 1434.4
1399950 1438.5
1399960 1442.8
1399970 1442.8
1399980 1446.9
1399990 1452.4
1380000 1863.5
1380010 1866.3
1380020 1870.1
1380030 1872.0
1380040 1872.0
1380050 1873.8
1380060 1877.0
1380070 1880.1
1380080 1880.1
1380090 1882.1
1380100 1883.2
1380110 1883.2
1380120 1883.1
1380130 1882.1
1380140 1882.1
1380150 1881.2
1380160 1881.4
1380170 1881.4
1380180 1883.7
1380190 1885.7
1380200 1885.7
1380210 1888.9
1380220 1892.3
1380230 1892.3
1380240 1894.7
1380250 1895.3
1380260 1894.6
1380270 1894.6
1380280 1895.9
1380290 1899.2
1380300 1899.2
1380310 1903.9
1380320 1909.0
1380330 1909.0
1380340 1915.1
1380350 1920.9
1380360 1920.9
1380370 1924.4
1380380 1927.7
1380390 1927.7
1380400 1931.5
1380410 1933.5
1380420 1933.5
1380430 1935.1
1380440 1939.9
1380450 1939.9
1380460 1945.0
1380470 1947.3
1380480 1948.3
1380490 1948.3
1380500 1945.9
1380510 1944.6
1380520 1944.6
1380530 1944.3
1380540 1940.8
1380550 1940.8
1380560 1938.2
1380570 1937.6
1380580 1937.6
1380590 1940.0
1380600 1939.8
1380610 1939.8
1380620 1936.5
1380630 1932.6
1380640 1932.6
1380650 1930.2
1380660 1934.1
1380670 1941.6
1380680 1941.6
1380690 1946.2
1380700 1948.8
1380710 1948.8
1380720 1951.9
1380730 1946.6
1380740 1946.6
1380750 1953.4
1380760 1965.3
1380770 1965.3
1380780 1973.9
1380790 1981.3
1380800 1981.3
1380810 1989.2
1380820 1997.6
1380830 1997.6
1380840 2006.3
1380850 2014.2
1380860 2022.1
1380870 2022.1
1380880 2029.3
1380890 2034.8
1380900 2034.8
1380910 2039.2
1380920 2043.0
1380930 2043.0
1380940 2047.0
1380950 2050.9
1380960 2050.9
1380970 2055.1
1380980 2059.7
1380990 2059.7
1381000 2063.4
1381010 2067.0
1381020 2067.0
1381030 2069.8
1381040 2072.7
1381050 2072.7
1381060 2076.8
1381070 2081.4
1381080 2086.2
1381090 2086.2
1381100 2090.0
1381110 2093.1
1381120 2093.1
1381130 2096.7
1381140 2099.7
1381150 2099.7
1381160 2101.5
1381170 2101.0
1381180 2101.0
1381190 2100.0
1381200 2099.8
1381210 2099.8
1381220 2099.3
1381230 2105.6
1381240 2105.6
1381250 2104.5
1381260 2103.1
1381270 2103.2
1381280 2103.2
1381290 2101.4
1381300 2100.4
1381310 2100.4
1381320 2094.7
1381330 2091.8
1381340 2091.8
1381350 2095.2
1381360 2102.6
1381370 2102.6
1381380 2108.8
1381390 2109.6
1381400 2109.6
1381410 2110.4
1381420 2110.2
1381430 2110.2
1381440 2106.8
1381450 2110.4
1381460 2119.4
1381470 2119.4
1381480 2127.8
1381490 2135.4
1381500 2135.4
1381510 2140.7
1381520 2145.5
1381530 2145.5
1381540 2151.7
1381550 2159.0
1381560 2159.0
1381570 2166.9
1381580 2175.4
1381590 2175.4
1381600 2184.2
1381610 2191.8
1381620 2191.8
1381630 2197.8
1381640 2203.4
1381650 2203.4
1381660 2208.3
1381670 2212.9
1381680 2218.1
1381690 2218.1
1381700 2222.0
1381710 2226.1
1381720 2226.1
1381730 2231.8
1381740 2238.4
1381750 2238.4
1381760 2245.9
1381770 2253.1
1381780 2253.1
1381790 2259.8
1381800 2266.0
1381810 2266.0
1381820 2270.7
1381830 2275.3
1381840 2275.3
1381850 2278.4
1381860 2279.6
1381870 2278.3
1381880 2278.3
1381890 2276.0
1381900 2274.3
1381910 2274.3
1381920 2272.4
1381930 2271.4
1381940 2271.4
1381950 2270.7
1381960 2269.7
1381970 2269.7
1381980 2268.0
1381990 2268.5
1382000 2268.5
1382010 2268.2
1382020 2268.2
1382030 2268.2
1382040 2265.9
1382050 2266.0
1382060 2267.7
1382070 2267.7
1382080 2269.9
1382090 2274.5
1382100 2274.5
1382110 2279.3
1382120 2283.1
1382130 2283.1
1382140 2287.8
1382150 2291.5
1382160 2291.5
1382170 2294.3
1382180 2298.7
1382190 2298.7
1382200 2302.3
1382210 2305.9
1382220 2305.9
1382230 2312.0
1382240 2317.3
1382250 2317.3
1382260 2324.4
1382270 2327.6
1382280 2331.1
1382290 2331.1
1382300 2337.3
1382310 2344.9
1382320 2344.9
1382330 2353.2
1382340 2359.0
1382350 2359.0
1382360 2363.4
1382370 2364.2
1382380 2364.2
1382390 2362.7
1382400 2358.7
1382410 2358.7
1382420 2350.3
1382430 2340.0
1382440 2340.0
1382450 2331.9
1382460 2323.9
1382470 2316.6
1382480 2316.6
1382490 2307.4
1382500 2293.4
1382510 2293.4
1382520 2279.2
1382530 2269.6
1382540 2269.6
1382550 2261.3
1382560 2251.8
1382570 2251.8
1382580 2240.7
1382590 2230.4
1382600 2230.4
1382610 2219.4
1382620 2209.6
1382630 2209.6
1382640 2202.3
1382650 2196.2
1382660 2189.2
1382670 2189.2
1382680 2181.6
1382690 2174.6
1382700 2174.6
1382710 2167.5
1382720 2160.7
1382730 2160.7
1382740 2153.8
1382750 2145.4
1382760 2145.4
1382770 2133.6
1382780 2123.6
1382790 2123.6
1382800 2117.5
1382810 2111.7
1382820 2111.7
1382830 2103.4
1382840 2095.5
1382850 2095.5
1382860 2088.0
1382870 2081.6
1382880 2076.5
1382890 2076.5
1382900 2071.4
1382910 2065.6
1382920 2065.6
1382930 2057.7
1382940 2052.5
1382950 2052.5
1382960 2049.6
1382970 2044.7
1382980 2044.7
1382990 2038.2
1383000 2030.7
1383010 2030.7
1383020 2022.9
1383030 2016.0
1383040 2016.0
1383050 2010.3
1383060 2004.2
1383070 1995.5
1383080 1995.5
1383090 1986.7
1383100 1975.8
1383110 1975.8
1383120 1965.9
1383130 1957.6
1383140 1957.6
1383150 1949.8
1383160 1941.4
1383170 1941.4
1383180 1933.5
1383190 1926.5
1383200 1926.5
1383210 1917.7
1383220 1908.3
1383230 1908.3
1383240 1900.9
1383250 1895.3
1383260 1890.8
1383270 1890.8
1383280 1886.6
1383290 1880.2
1383300 1880.2
1383310 1874.0
1383320 1867.6
1383330 1867.6
1383340 1861.9
1383350 1857.0
1383360 1857.0
1383370 1852.5
1383380 1846.8
1383390 1846.8
1383400 1841.5
1383410 1836.2
1383420 1836.2
1383430 1830.4
1383440 1824.7
1383450 1824.7
1383460 1819.0
1383470 1814.1
1383480 1811.6
1383490 1811.6
1383500 1810.1
1383510 1807.6
1383520 1807.6
1383530 1804.7
1383540 1804.6
1383550 1804.6
1383560 1806.2
1383570 1806.4
1383580 1806.4
1383590 1806.9
1383600 1808.4
1383610 1808.4
1383620 1810.6
1383630 1813.8
1383640 1813.8
1383650 1816.7
1383660 1818.3
1383670 1818.5
1383680 1818.5
1383690 1819.1
1383700 1819.2
1383710 1825.3
1383720 1824.7
1383730 1824.0
1383740 1824.0
1383750 1822.8
1383760 1822.8
1383770 1822.8
1383780 1823.0
1383790 1823.8
1383800 1823.8
1383810 1823.1
1383820 1823.4
1383830 1823.4
1383840 1824.8
1383850 1825.7
1383860 1827.4
1383870 1827.4
1383880 1830.4
1383890 1833.3
1383900 1833.3
1383910 1837.0
1383920 1843.0
1383930 1843.0
1383940 1847.2
1383950 1850.9
1383960 1850.9
1383970 1856.3
1383980 1860.8
1383990 1860.8
1384000 1866.0
1384010 1865.3
1384020 1865.3
1384030 1864.5
1384040 1864.0
1384050 1864.0
1384060 1863.8
1384070 1862.3
1384080 1860.4
1384090 1860.4
1384100 1859.3
1384110 1857.8
1384120 1857.8
1384130 1857.0
1384140 1854.6
1384150 1854.6
1384160 1847.9
1384170 1836.5
1384180 1836.5
1384190 1829.7
1384200 1831.3
1384210 1831.3
1384220 1822.3
1384230 1818.1
1384240 1818.1
1384250 1819.7
1384260 1822.1
1384270 1825.9
1384280 1825.9
1384290 1832.0
1384300 1838.4
1384310 1838.4
1384320 1845.0
1384330 1854.6
1384340 1854.6
1384350 1864.3
1384360 1871.2
1384370 1871.2
1384380 1877.0
1384390 1883.3
1384400 1883.3
1384410 1888.8
1384420 1893.3
1384430 1893.3
1384440 1898.8
1384450 1904.6
1384460 1910.8
1384470 1910.8
1384480 1917.2
1384490 1924.4
1384500 1924.4
1384510 1931.3
1384520 1938.1
1384530 1938.1
1384540 1945.0
1384550 1951.9
1384560 1951.9
1384570 1958.6
1384580 1965.6
1384590 1965.6
1384600 1973.6
1384610 1981.8
1384620 1981.8
1384630 1990.1
1384640 1999.4
1384650 2008.8
1384660 2008.8
1384670 2018.3
1384680 2026.5
1384690 2026.5
1384700 2033.1
1384710 2038.9
1384720 2038.9
1384730 2045.7
1384740 2052.7
1384750 2052.7
1384760 2060.4
1384770 2068.2
1384780 2068.2
1384790 2076.3
1384800 2086.4
1384810 2086.4
1384820 2092.2
1384830 2097.2
1384840 2097.2
1384850 2102.1
1384860 2108.1
1384870 2114.2
1384880 2114.2
1384890 2119.8
1384900 2125.6
1384910 2125.6
1384920 2130.9
1384930 2136.5
1384940 2136.5
1384950 2142.7
1384960 2148.8
1384970 2148.0
1384980 2154.1
1384990 2159.9
1385000 2159.9
1385010 2165.5
1385020 2171.7
1385030 2171.7
1385040 2177.9
1385050 2183.2
1385060 2187.8
1385070 2187.8
1385080 2192.1
1385090 2194.9
1385100 2194.9
1385110 2196.5
1385120 2197.5
1385130 2197.5
1385140 2197.6
1385150 2196.5
1385160 2196.5
1385170 2194.3
1385180 2191.1
1385190 2191.1
1385200 2186.8
1385210 2183.5
1385220 2183.5
1385230 2181.1
1385240 2178.7
1385250 2174.7
1385260 2174.7
1385270 2171.4
1385280 2168.8
1385290 2168.8
1385300 2162.0
1385310 2156.1
1385320 2156.1
1385330 2150.7
1385340 2144.7
1385350 2144.7
1385360 2139.2
1385370 2133.4
1385380 2133.4
1385390 2127.3
1385400 2118.9
1385410 2118.9
1385420 2109.3
1385430 2099.8
1385440 2099.8
1385450 2090.1
1385460 2092.5
1385470 2095.3
1385480 2095.3
1385490 2091.4
1385500 2095.4
1385510 2095.4
1385520 2103.5
1385530 2106.7
1385540 2106.7
1385550 2108.0
1385560 2113.0
1385570 2113.0
1385580 2117.2
1385590 2121.7
1385600 2121.7
1385610 2127.3
1385620 2132.9
1385630 2132.9
1385640 2138.0
1385650 2142.5
1385660 2146.7
1385670 2146.7
1385680 2148.3
1385690 2146.5
1385700 2146.5
1385710 2140.8
1385720 2134.8
1385730 2134.8
1385740 2128.6
1385750 2122.5
1385760 2122.5
1385770 2116.8
1385780 2111.7
1385790 2111.7
1385800 2106.3
1385810 2099.6
1385820 2099.6
1385830 2094.0
1385840 2100.8
1385850 2106.6
1385860 2106.6
1385870 2110.0
1385880 2114.9
1385890 2114.9
1385900 2120.8
1385910 2127.1
1385920 2127.1
1385930 2132.4
1385940 2137.9
1385950 2137.9
1385960 2143.0
1385970 2146.8
1385980 2146.8
1385990 2148.8
1386000 2151.8
1386010 2151.8
1386020 2157.5
1386030 2163.8
1386040 2163.8
1386050 2169.3
1386060 2174.1
1386070 2177.1
1386080 2177.1
1386090 2177.0
1386100 2176.9
1386110 2176.9
1386120 2176.8
1386130 2179.3
1386140 2179.3
1386150 2184.6
1386160 2190.1
1386170 2190.1
1386180 2195.3
1386190 2200.8
1386200 2200.8
1386210 2206.6
1386220 2212.9
1386230 2212.9
1386240 2224.0
1386250 2229.8
1386260 2233.3
1386270 2233.3
1386280 2232.2
1386290 2229.1
1386300 2229.1
1386310 2225.5
1386320 2221.6
1386330 2221.6
1386340 2217.5
1386350 2213.7
1386360 2213.7
1386370 2210.0
1386380 2206.1
1386390 2206.1
1386400 2201.7
1386410 2196.1
1386420 2196.1
1386430 2189.8
1386440 2183.6
1386450 2177.3
1386460 2177.3
1386470 2170.5
1386480 2163.7
1386490 2163.7
1386500 2156.6
1386510 2151.1
1386520 2151.1
1386530 2145.4
1386540 2140.3
1386550 2140.3
1386560 2135.1
1386570 2130.2
1386580 2130.2
1386590 2125.6
1386600 2121.0
1386610 2121.0
1386620 2116.3
1386630 2111.3
1386640 2111.3
1386650 2106.4
1386660 2100.9
1386670 2095.5
1386680 2095.5
1386690 2091.0
1386700 2086.6
1386710 2086.6
1386720 2081.4
1386730 2076.1
1386740 2076.1
1386750 2069.7
1386760 2062.8
1386770 2062.8
1386780 2054.9
1386790 2047.2
1386800 2047.2
1386810 2040.7
1386820 2036.0
1386830 2036.0
1386840 2030.8
1386850 2025.1
1386860 2019.0
1386870 2019.0
1386880 2013.2
1386890 2007.5
1386900 2007.5
1386910 2001.8
1386920 1996.2
1386930 1996.2
1386940 1991.6
1386950 1987.1
1386960 1987.1
1386970 1982.2
1386980 1977.7
1386990 1977.7
1387000 1972.2
1387010 1966.4
1387020 1966.4
1387030 1960.9
1387040 1955.9
1387050 1951.4
1387060 1951.4
1387070 1947.0
1387080 1944.2
1387090 1944.2
1387100 1943.4
1387110 1943.6
1387120 1943.6
1387130 1942.1
1387140 1939.8
1387150 1939.8
1387160 1937.6
1387170 1933.6
1387180 1933.6
1387190 1928.5
1387200 1923.6
1387210 1923.6
1387220 1918.5
1387230 1912.8
1387240 1912.8
1387250 1907.0
1387260 1901.5
1387270 1896.0
1387280 1896.0
1387290 1890.2
1387300 1885.1
1387310 1885.1
1387320 1878.6
1387330 1872.8
1387340 1872.8
1387350 1867.2
1387360 1862.1
1387370 1862.1
1387380 1857.1
1387390 1852.2
1387400 1852.2
1387410 1846.4
1387420 1839.5
1387430 1839.5
1387440 1832.6
1387450 1829.6
1387460 1830.7
1387470 1830.7
1387480 1836.0
1387490 1841.1
1387500 1841.1
1387510 1846.3
1387520 1851.9
1387530 1851.9
1387540 1862.1
1387550 1867.8
1387560 1867.8
1387570 1871.8
1387580 1875.9
1387590 1875.9
1387600 1882.1
1387610 1887.4
1387620 1887.4
1387630 1892.8
1387640 1899.1
1387650 1906.9
1387660 1906.9
1387670 1914.2
1387680 1919.9
1387690 1919.9
1387700 1925.3
1387710 1930.2
1387720 1930.2
1387730 1935.0
1387740 1940.5
1387750 1940.5
1387760 1945.2
1387770 1949.9
1387780 1949.9
1387790 1954.9
1387800 1956.4
1387810 1956.4
1387820 1955.5
1387830 1958.1
1387840 1958.1
1387850 1957.8
1387860 1955.7
1387870 1956.5
1387880 1956.5
1387890 1958.2
1387900 1959.1
1387910 1959.1
1387920 1960.1
1387930 1961.0
1387940 1961.0
1387950 1963.1
1387960 1967.8
1387970 1967.8
1387980 1977.3
1387990 1988.8
1388000 1988.8
1388010 1999.7
1388020 2008.0
1388030 2008.0
1388040 2012.4
1388050 2016.6
1388060 2021.8
1388070 2021.8
1388080 2025.8
1388090 2029.3
1388100 2029.3
1388110 2032.9
1388120 2036.4
1388130 2036.4
1388140 2040.1
1388150 2044.0
1388160 2044.0
1388170 2047.7
1388180 2051.9
1388190 2051.9
1388200 2055.9
1388210 2059.2
1388220 2059.2
1388230 2061.9
1388240 2065.4
1388250 2069.3
1388260 2069.3
1388270 2073.3
1388280 2077.1
1388290 2077.1
1388300 2080.6
1388310 2083.0
1388320 2083.0
1388330 2083.4
1388340 2087.0
1388350 2087.0
1388360 2092.8
1388370 2099.1
1388380 2099.1
1388390 2105.3
1388400 2111.5
1388410 2111.5
1388420 2117.1
1388430 2122.4
1388440 2122.4
1388450 2126.8
1388460 2130.8
1388470 2135.0
1388480 2135.0
1388490 2139.2
1388500 2143.4
1388510 2143.4
1388520 2147.6
1388530 2150.7
1388540 2150.7
1388550 2152.2
1388560 2153.0
1388570 2153.0
1388580 2154.6
1388590 2155.5
1388600 2155.5
1388610 2153.0
1388620 2147.7
1388630 2147.7
1388640 2141.5
1388650 2134.8
1388660 2128.2
1388670 2128.2
1388680 2121.6
1388690 2116.0
1388700 2116.0
1388710 2110.0
1388720 2102.0
1388730 2102.0
1388740 2094.3
1388750 2087.2
1388760 2087.2
1388770 2078.9
1388780 2069.0
1388790 2069.0
1388800 2058.0
1388810 2049.9
1388820 2049.9
1388830 2043.0
1388840 2036.1
1388850 2031.0
1388860 2031.0
1388870 2020.8
1388880 2011.3
1388890 2011.3
1388900 2003.0
1388910 1995.2
1388920 1995.2
1388930 1986.9
1388940 1978.9
1388950 1978.9
1388960 1971.8
1388970 1964.7
1388980 1964.7
1388990 1957.2
1389000 1949.6
1389010 1949.6
1389020 1941.9
1389030 1934.9
1389040 1934.9
1389050 1928.5
1389060 1922.3
1389070 1916.8
1389080 1916.8
1389090 1911.4
1389100 1906.4
1389110 1906.4
1389120 1901.7
1389130 1897.2
1389140 1897.2
1389150 1892.7
1389160 1889.0
1389170 1889.0
1389180 1885.0
1389190 1880.5
1389200 1880.5
1389210 1875.4
1389220 1870.4
1389230 1870.4
1389240 1865.9
1389250 1861.3
1389260 1854.7
1389270 1854.7
1389280 1848.8
1389290 1850.1
1389300 1850.1
1389310 1854.5
1389320 1859.5
1389330 1859.5
1389340 1863.7
1389350 1866.8
1389360 1866.8
1389370 1870.1
1389380 1873.3
1389390 1873.3
1389400 1877.5
1389410 1882.3
1389420 1882.3
1389430 1887.2
1389440 1890.6
1389450 1892.7
1389460 1892.7
1389470 1895.3
1389480 1900.4
1389490 1900.4
1389500 1905.7
1389510 1912.7
1389520 1912.7
1389530 1921.6
1389540 1930.2
1389550 1930.2
1389560 1937.2
1389570 1944.7
1389580 1944.7
1389590 1952.9
1389600 1961.3
1389610 1961.3
1389620 1970.7
1389630 1980.0
1389640 1980.0
1389650 1989.6
1389660 1998.2
1389670 2005.1
1389680 2005.1
1389690 2011.6
1389700 2018.5
1389710 2018.5
1389720 2025.3
1389730 2031.6
1389740 2031.6
1389750 2037.9
1389760 2045.9
1389770 2045.9
1389780 2054.9
1389790 2064.3
1389800 2064.3
1389810 2073.7
1389820 2080.8
1389830 2080.8
1389840 2087.0
1389850 2093.6
1389860 2099.8
1389870 2099.8
1389880 2105.6
1389890 2110.3
1389900 2110.3
1389910 2113.5
1389920 2114.4
1389930 2114.4
1389940 2116.1
1389950 2119.1
1389960 2119.1
1389970 2122.4
1389980 2126.2
1389990 2126.2
1390000 2131.0
1390010 2134.4
1390020 2134.4
1390030 2135.9
1390040 2136.4
1390050 2136.2
1390060 2136.2
1390070 2135.1
1390080 2132.7
1390090 2132.7
1390100 2129.7
1390110 2126.0
1390120 2126.0
1390130 2122.5
1390140 2121.0
1390150 2121.0
1390160 2119.4
1390170 2118.1
1390180 2127.2
1390190 2124.8
1390200 2120.8
1390210 2120.8
1390220 2115.2
1390230 2109.1
1390240 2109.1
1390250 2104.5
1390260 2105.6
1390270 2108.1
1390280 2108.1
1390290 2108.7
1390300 2107.5
1390310 2107.5
1390320 2106.1
1390330 2105.3
1390340 2105.3
1390350 2104.0
1390360 2101.3
1390370 2101.3
1390380 2097.0
1390390 2093.7
1390400 2093.7
1390410 2096.3
1390420 2099.3
1390430 2099.3
1390440 2100.1
1390450 2099.7
1390460 2098.4
1390470 2098.4
1390480 2096.1
1390490 2094.6
1390500 2094.6
1390510 2096.1
1390520 2097.5
1390530 2097.5
1390540 2099.2
1390550 2099.9
1390560 2099.9
1390570 2099.4
1390580 2099.5
1390590 2099.5
1390600 2098.2
1390610 2093.3
1390620 2093.3
1390630 2086.9
1390640 2078.6
1390650 2068.6
1390660 2068.6
1390670 2059.5
1390680 2050.9
1390690 2050.9
1390700 2041.7
1390710 2033.3
1390720 2033.3
1390730 2024.8
1390740 2016.8
1390750 2016.8
1390760 2009.2
1390770 2001.4
1390780 2001.4
1390790 1993.3
1390800 1984.6
1390810 1984.6
1390820 1976.8
1390830 1970.3
1390840 1970.3
1390850 1965.2
1390860 1959.2
1390870 1952.7
1390880 1952.7
1390890 1947.3
1390900 1941.6
1390910 1941.6
1390920 1933.9
1390930 1922.2
1390940 1922.2
1390950 1910.9
1390960 1912.3
1390970 1912.3
1390980 1918.3
1390990 1921.8
1391000 1921.8
1391010 1922.6
1391020 1920.3
1391030 1920.3
1391040 1916.0
1391050 1907.3
1391060 1899.2
1391070 1899.2
1391080 1890.9
1391090 1882.4
1391100 1882.4
1391110 1870.9
1391120 1857.4
1391130 1857.4
1391140 1845.5
1391150 1834.2
1391160 1834.2
1391170 1824.8
1391180 1816.4
1391190 1816.4
1391200 1809.0
1391210 1801.6
1391220 1801.6
1391230 1795.4
1391240 1789.0
1391250 1783.1
1391260 1783.1
1391270 1776.9
1391280 1770.9
1391290 1770.9
1391300 1765.1
1391310 1760.1
1391320 1760.1
1391330 1755.8
1391340 1751.0
1391350 1751.0
1391360 1746.6
1391370 1740.8
1391380 1740.8
1391390 1735.5
1391400 1730.4
1391410 1730.4
1391420 1725.5
1391430 1720.9
1391440 1716.9
1391450 1716.9
1391460 1714.2
1391470 1712.1
1391480 1712.1
1391490 1710.0
1391500 1705.8
1391510 1705.8
1391520 1699.0
1391530 1703.0
1391540 1703.0
1391550 1707.5
1391560 1713.2
1391570 1713.2
1391580 1715.4
1391590 1715.9
1391600 1715.9
1391610 1716.9
1391620 1722.6
1391630 1722.6
1391640 1730.7
1391650 1738.4
1391660 1745.5
1391670 1745.5
1391680 1752.2
1391690 1759.3
1391700 1759.3
1391710 1766.9
1391720 1774.8
1391730 1774.8
1391740 1782.7
1391750 1790.7
1391760 1790.7
1391770 1798.7
1391780 1806.2
1391790 1806.2
1391800 1813.5
1391810 1822.2
1391820 1822.2
1391830 1830.4
1391840 1838.2
1391850 1845.8
1391860 1845.8
1391870 1853.7
1391880 1861.9
1391890 1861.9
1391900 1870.4
1391910 1878.9
1391920 1878.9
1391930 1887.4
1391940 1895.4
1391950 1895.4
1391960 1903.3
1391970 1910.6
1391980 1910.6
1391990 1915.6
1392000 1920.2
1392010 1920.2
1392020 1924.5
1392030 1929.0
1392040 1930.9
1392050 1930.9
1392060 1934.4
1392070 1939.6
1392080 1939.6
1392090 1945.2
1392100 1950.2
1392110 1950.2
1392120 1956.4
1392130 1963.4
1392140 1963.4
1392150 1969.1
1392160 1974.0
1392170 1974.0
1392180 1979.1
1392190 1984.5
1392200 1984.5
1392210 1990.5
1392220 1996.8
1392230 1996.8
1392240 2004.2
1392250 2016.2
1392260 2027.2
1392270 2027.2
1392280 2034.4
1392290 2039.1
1392300 2039.1
1392310 2043.6
1392320 2049.2
1392330 2049.2
1392340 2054.7
1392350 2060.1
1392360 2060.1
1392370 2065.6
1392380 2070.3
1392390 2070.3
1392400 2074.2
1392410 2079.0
1392420 2079.0
1392430 2084.7
1392440 2088.6
1392450 2091.5
1392460 2091.5
1392470 2094.5
1392480 2096.8
1392490 2096.8
1392500 2098.2
1392510 2099.0
1392520 2099.0
1392530 2100.0
1392540 2100.7
1392550 2100.7
1392560 2100.9
1392570 2100.0
1392580 2100.0
1392590 2098.7
1392600 2097.1
1392610 2097.1
1392620 2095.1
1392630 2092.8
1392640 2090.6
1392650 2090.6
1392660 2088.3
1392670 2086.2
1392680 2086.2
1392690 2083.3
1392700 2080.5
1392710 2080.5
1392720 2078.1
1392730 2074.5
1392740 2074.5
1392750 2069.1
1392760 2062.5
1392770 2062.5
1392780 2057.6
1392790 2052.0
1392800 2052.0
1392810 2045.9
1392820 2038.4
1392830 2038.4
1392840 2030.0
1392850 2022.2
1392860 2012.3
1392870 2012.3
1392880 2003.0
1392890 1994.5
1392900 1994.5
1392910 1990.2
1392920 1982.8
1392930 1982.8
1392940 1976.2
1392950 1970.0
1392960 1970.0
1392970 1964.4
1392980 1960.1
1392990 1960.1
1393000 1955.4
1393010 1950.0
1393020 1950.0
1393030 1944.9
1393040 1939.1
1393050 1932.3
1393060 1932.3
1393070 1926.1
1393080 1920.9
1393090 1920.9
1393100 1915.3
1393110 1911.6
1393120 1911.6
1393130 1908.3
1393140 1903.5
1393150 1903.5
1393160 1896.9
1393170 1893.1
1393180 1893.1
1393190 1894.9
1393200 1895.9
1393210 1895.9
1393220 1896.0
1393230 1894.8
1393240 1889.7
1393250 1889.7
1393260 1882.5
1393270 1877.5
1393280 1877.5
1393290 1877.2
1393300 1877.6
1393310 1877.6
1393320 1878.6
1393330 1882.7
1393340 1882.7
1393350 1885.0
1393360 1885.6
1393370 1885.6
1393380 1882.3
1393390 1883.6
1393400 1883.6
1393410 1889.6
1393420 1894.7
1393430 1894.7
1393440 1897.0
1393450 1899.2
1393460 1902.3
1393470 1902.3
1393480 1906.0
1393490 1909.5
1393500 1909.5
1393510 1913.4
1393520 1918.1
1393530 1918.1
1393540 1923.7
1393550 1931.2
1393560 1931.2
1393570 1941.0
1393580 1950.9
1393590 1950.9
1393600 1960.5
1393610 1970.6
1393620 1970.6
1393630 1979.3
1393640 1985.5
1393650 1991.2
1393660 1991.2
1393670 1996.1
1393680 1999.1
1393690 1999.1
1393700 2001.2
1393710 2003.9
1393720 2003.9
1393730 2006.5
1393740 2009.1
1393750 2009.1
1393760 2011.9
1393770 2014.4
1393780 2014.4
1393790 2016.5
1393800 2018.1
1393810 2018.1
1393820 2019.4
1393830 2021.6
1393840 2025.0
1393850 2025.0
1393860 2029.9
1393870 2033.9
1393880 2033.9
1393890 2036.8
1393900 2038.7
1393910 2038.7
1393920 2039.7
1393930 2040.4
1393940 2040.4
1393950 2041.6
1393960 2043.2
1393970 2043.2
1393980 2044.0
1393990 2044.6
1394000 2044.6
1394010 2045.7
1394020 2046.7
1394030 2046.7
1394040 2045.2
1394050 2043.3
1394060 2042.2
1394070 2042.2
1394080 2042.9
1394090 2041.4
1394100 2041.4
1394110 2039.6
1394120 2039.6
1394130 2039.6
1394140 2040.5
1394150 2039.1
1394160 2039.1
1394170 2039.2
1394180 2038.7
1394190 2038.7
1394200 2037.3
1394210 2035.7
1394220 2035.7
1394230 2033.2
1394240 2029.3
1394250 2024.3
1394260 2024.3
1394270 2017.3
1394280 2008.9
1394290 2008.9
1394300 2001.1
1394310 1991.6
1394320 1991.6
1394330 1985.6
1394340 1977.9
1394350 1977.9
1394360 1971.2
1394370 1966.3
1394380 1966.3
1394390 1961.8
1394400 1957.7
1394410 1957.7
1394420 1954.5
1394430 1951.3
1394440 1945.8
1394450 1945.8
1394460 1941.4
1394470 1935.7
1394480 1935.7
1394490 1932.3
1394500 1932.5
1394510 1932.5
1394520 1934.5
1394530 1936.4
1394540 1936.4
1394550 1936.4
1394560 1936.2
1394570 1936.2
1394580 1936.3
1394590 1936.5
1394600 1936.5
1394610 1936.7
1394620 1936.0
1394630 1936.0
1394640 1935.0
1394650 1934.6
1394660 1934.3
1394670 1934.3
1394680 1934.1
1394690 1934.4
1394700 1934.4
1394710 1934.9
1394720 1935.6
1394730 1935.6
1394740 1935.5
1394750 1935.1
1394760 1935.1
1394770 1935.1
1394780 1934.0
1394790 1934.0
1394800 1931.2
1394810 1926.1
1394820 1926.1
1394830 1921.4
1394840 1917.6
1394850 1913.4
1394860 1913.4
1394870 1909.2
1394880 1905.5
1394890 1905.5
1394900 1902.6
1394910 1899.2
1394920 1899.2
1394930 1895.6
1394940 1891.5
1394950 1891.5
1394960 1887.4
1394970 1882.6
1394980 1882.6
1394990 1877.3
1395000 1872.1
1395010 1872.1
1395020 1868.2
1395030 1862.0
1395040 1856.6
1395050 1856.6
1395060 1852.2
1395070 1845.9
1395080 1845.9
1395090 1839.0
1395100 1832.3
1395110 1832.3
1395120 1826.7
1395130 1817.2
1395140 1817.2
1395150 1809.5
1395160 1804.3
1395170 1804.3
1395180 1798.7
1395190 1792.1
1395200 1792.1
1395210 1786.9
1395220 1780.6
1395230 1780.6
1395240 1773.0
1395250 1764.1
1395260 1749.1
1395270 1749.1
1395280 1739.2
1395290 1728.2
1395300 1728.2
1395310 1716.2
1395320 1704.9
1395330 1704.9
1395340 1694.6
1395350 1685.0
1395360 1685.0
1395370 1677.4
1395380 1669.8
1395390 1669.8
1395400 1660.9
1395410 1651.2
1395420 1651.2
1395430 1643.0
1395440 1632.0
1395450 1622.7
1395460 1622.7
1395470 1616.1
1395480 1610.2
1395490 1610.2
1395500 1604.3
1395510 1598.0
1395520 1598.0
1395530 1591.4
1395540 1585.6
1395550 1585.6
1395560 1579.1
1395570 1568.8
1395580 1568.8
1395590 1559.5
1395600 1552.1
1395610 1552.1
1395620 1544.7
1395630 1536.7
1395640 1526.6
1395650 1526.6
1395660 1516.5
1395670 1510.9
1395680 1510.9
1395690 1507.4
1395700 1503.6
1395710 1503.6
1395720 1498.2
1395730 1490.7
1395740 1490.7
1395750 1480.3
1395760 1470.3
1395770 1470.3
1395780 1461.1
1395790 1452.4
1395800 1452.4
1395810 1446.3
1395820 1440.9
1395830 1435.2
1395840 1435.2
1395850 1427.5
1395860 1418.4
1395870 1418.4
1395880 1408.1
1395890 1397.6
1395900 1397.6
1395910 1390.8
1395920 1385.7
1395930 1385.7
1395940 1380.9
1395950 1376.5
1395960 1376.5
1395970 1371.4
1395980 1364.8
1395990 1364.8
1396000 1357.8
1396010 1346.8
1396020 1346.8
1396030 1338.4
1396040 1333.0
1396050 1325.6
1396060 1325.6
1396070 1315.0
1396080 1305.1
1396090 1305.1
1396100 1296.0
1396110 1287.9
1396120 1287.9
1396130 1283.5
1396140 1279.7
1396150 1279.7
1396160 1276.7
1396170 1276.0
1396180 1276.0
1396190 1274.3
1396200 1268.1
1396210 1268.1
1396220 1260.3
1396230 1253.5
1396240 1248.2
1396250 1248.2
1396260 1241.8
1396270 1235.4
1396280 1235.4
1396290 1229.0
1396300 1223.1
1396310 1223.1
1396320 1217.9
1396330 1211.3
1396340 1211.3
1396350 1206.1
1396360 1200.6
1396370 1200.6
1396380 1195.0
1396390 1187.7
1396400 1187.7
1396410 1181.3
1396420 1174.0
1396430 1163.8
1396440 1163.8
1396450 1152.9
1396460 1141.7
1396470 1141.7
1396480 1127.4
1396490 1110.7
1396500 1110.7
1396510 1100.8
1396520 1092.7
1396530 1092.7
1396540 1084.0
1396550 1073.7
1396560 1073.7
1396570 1064.1
1396580 1046.9
1396590 1046.9
1396600 1020.6
1396610 1002.3
1396620 1002.3
1396630 992.0
1396640 983.6
1396650 975.3
1396660 975.3
1396670 966.6
1396680 959.4
1396690 959.4
1396700 953.4
1396710 947.4
1396720 947.4
1396730 942.4
1396740 938.2
1396750 938.2
1396760 935.9
1396770 935.0
1396780 935.0
1396790 935.0
1396800 935.7
1396810 935.7
1396820 936.7
1396830 937.3
1396840 937.1
1396850 937.1
1396860 936.3
1396870 935.8
1396880 935.8
1396890 935.6
1396900 935.6
1396910 935.6
1396920 935.8
1396930 935.8
1396940 935.8
1396950 936.0
1396960 936.1
1396970 936.1
1396980 936.0
1396990 935.7
1397000 935.7
1397010 935.7
1397020 935.8
1397030 935.5
1397040 935.5
1397050 934.8
1397060 934.5
1397070 934.5
1397080 931.8
1397090 928.8
1397100 928.8
1397110 927.2
1397120 926.5
1397130 926.5
1397140 924.9
1397150 923.5
1397160 923.5
1397170 923.1
1397180 921.0
1397190 921.0
1397200 918.4
1397210 917.4
1397220 917.4
1397230 917.4
1397240 918.1
1397250 920.3
1397260 920.3
1397270 923.7
1397280 926.6
1397290 926.6
1397300 928.4
1397310 931.4
1397320 931.4
1397330 935.3
1397340 940.3
1397350 940.3
1397360 944.5
1397370 948.6
1397380 948.6
1397390 953.5
1397400 958.4
1397410 958.4
1397420 962.6
1397430 967.7
1397440 972.9
1397450 972.9
1397460 977.7
1397470 981.0
1397480 981.0
1397490 983.3
1397500 985.2
1397510 985.2
1397520 987.1
1397530 990.3
1397540 990.3
1397550 995.7
1397560 998.8
1397570 998.8
1397580 1003.3
1397590 1008.2
1397600 1008.2
1397610 1011.9
1397620 1014.9
1397630 1017.2
1397640 1017.2
1397650 1018.8
1397660 1020.2
1397670 1020.2
1397680 1022.6
1397690 1023.1
1397700 1023.1
1397710 1023.3
1397720 1026.2
1397730 1026.2
1397740 1031.5
1397750 1037.5
1397760 1037.5
1397770 1041.7
1397780 1047.0
1397790 1047.0
1397800 1053.1
1397810 1059.7
1397820 1059.7
1397830 1065.9
1397840 1073.1
1397850 1081.2
1397860 1081.2
1397870 1088.8
1397880 1096.7
1397890 1096.7
1397900 1103.8
1397910 1110.7
1397920 1110.7
1397930 1117.6
1397940 1125.1
1397950 1125.1
1397960 1131.6
1397970 1138.0
1397980 1138.0
1397990 1144.4
1398000 1150.1
1398010 1150.1
1398020 1155.3
1398030 1160.5
1398040 1165.7
1398050 1165.7
1398060 1170.6
1398070 1175.7
1398080 1175.7
1398090 1181.8
1398100 1186.9
1398110 1186.9
1398120 1192.2
1398130 1197.6
1398140 1197.6
1398150 1202.7
1398160 1207.6
1398170 1207.6
1398180 1212.3
1398190 1216.4
1398200 1216.4
1398210 1220.6
1398220 1224.3
1398230 1226.8
1398240 1226.8
1398250 1228.8
1398260 1231.4
1398270 1231.4
1398280 1234.7
1398290 1238.9
1398300 1238.9
1398310 1243.4
1398320 1247.0
1398330 1247.0
1398340 1251.4
1398350 1255.2
1398360 1255.2
1398370 1257.2
1398380 1258.6
1398390 1258.6
1398400 1259.4
1398410 1261.1
1398420 1261.1
1398430 1262.1
1398440 1263.3
1398450 1266.0
1398460 1266.0
1398470 1268.4
1398480 1270.6
1398490 1270.6
1398500 1273.3
1398510 1276.0
1398520 1276.0
1398530 1278.9
1398540 1281.3
1398550 1281.3
1398560 1282.8
1398570 1279.0
1398580 1279.0
1398590 1274.0
1398600 1272.0
1398610 1265.7
1398620 1263.5
1398630 1262.4
1398640 1260.9
1398650 1260.9
1398660 1258.7
1398670 1258.1
1398680 1258.1
1398690 1259.9
1398700 1262.0
1398710 1262.0
1398720 1263.6
1398730 1264.0
1398740 1264.0
1398750 1265.3
1398760 1268.1
1398770 1268.1
1398780 1269.8
1398790 1270.1
1398800 1270.1
1398810 1271.1
1398820 1274.1
1398830 1275.8
1398840 1275.8
1398850 1276.6
1398860 1279.5
1398870 1279.5
1398880 1282.7
1398890 1286.0
1398900 1286.0
1398910 1289.1
1398920 1291.2
1398930 1291.2
1398940 1294.2
1398950 1296.7
1398960 1296.7
1398970 1297.4
1398980 1300.2
1398990 1300.2
1399000 1305.6
1399010 1306.5
1399020 1306.5
1399030 1306.3
1399040 1306.3
1399050 1304.2
1399060 1304.2
1399070 1301.4
1399080 1298.7
1399090 1298.7
1399100 1296.2
1399110 1294.7
1399120 1294.7
1399130 1293.7
1399140 1293.1
1399150 1293.1
1399160 1291.7
1399170 1291.5
1399180 1291.5
1399190 1292.3
1399200 1293.7
1399210 1293.7
1399220 1292.9
1399230 1294.0
1399240 1296.7
1399250 1296.7
1399260 1298.1
1399270 1295.0
1399280 1295.0
1399290 1290.5
1399300 1288.2
1399310 1288.2
1399320 1285.1
1399330 1281.7
1399340 1281.7
1399350 1278.9
1399360 1278.1
1399370 1278.1
1399380 1275.4
1399390 1268.9
1399400 1268.9
1399410 1267.1
1399420 1264.9
1399430 1255.9
1399440 1255.9
1399450 1255.0
1399460 1255.2
1399470 1255.2
1399480 1258.0
1399490 1255.2
1399500 1255.2
1399510 1258.0
1399520 1261.0
1399530 1261.0
1399540 1268.0
1399550 1276.6
1399560 1276.6
1399570 1289.8
1399580 1301.2
1399590 1301.2
1399600 1305.2
1399610 1312.1
1399620 1312.1
1399630 1323.8
1399640 1333.5
1399650 1339.9
1399660 1339.9
1399670 1346.4
1399680 1354.3
1399690 1354.3
1399700 1361.9
1399710 1366.7
1399720 1366.7
1399730 1368.7
1399740 1373.3
1399750 1373.3
1399760 1379.9
1399770 1388.1
1399780 1388.1
1399790 1394.4
1399800 1399.4
1399810 1399.4
1399820 1403.9
1399830 1408.2
1399840 1413.3
1399850 1413.3
1399860 1416.4
1399870 1418.3
1399880 1418.3
1399890 1421.4
1399900 1425.5
1399910 1425.5
1399920 1430.1
1399930 1434.4
1399940 1434.4
1399950 1438.5
1399960 1442.8
1399970 1442.8
1399980 1446.9
1399990 1452.4
1380000 1863.5
1380010 1866.3
1380020 1870.1
1380030 1872.0
1380040 1872.0
1380050 1873.8
1380060 1877.0
1380070 1880.1
1380080 1880.1
1380090 1882.1
1380100 1883.2
1380110 1883.2
1380120 1883.1
1380130 1882.1
1380140 1882.1
1380150 1881.2
1380160 1881.4
1380170 1881.4
1380180 1883.7
1380190 1885.7
1380200 1885.7
1380210 1888.9
1380220 1892.3
1380230 1892.3
1380240 1894.7
1380250 1895.3
1380260 1894.6
1380270 1894.6
1380280 1895.9
1380290 1899.2
1380300 1899.2
1380310 1903.9
1380320 1909.0
1380330 1909.0
1380340 1915.1
1380350 1920.9
1380360 1920.9
1380370 1924.4
1380380 1927.7
1380390 1927.7
1380400 1931.5
1380410 1933.5
1380420 1933.5
1380430 1935.1
1380440 1939.9
1380450 1939.9
1380460 1945.0
1380470 1947.3
1380480 1948.3
1380490 1948.3
1380500 1945.9
1380510 1944.6
1380520 1944.6
1380530 1944.3
1380540 1940.8
1380550 1940.8
1380560 1938.2
1380570 1937.6
1380580 1937.6
1380590 1940.0
1380600 1939.8
1380610 1939.8
1380620 1936.5
1380630 1932.6
1380640 1932.6
1380650 1930.2
1380660 1934.1
1380670 1941.6
1380680 1941.6
1380690 1946.2
1380700 1948.8
1380710 1948.8
1380720 1951.9
1380730 1946.6
1380740 1946.6
1380750 1953.4
1380760 1965.3
1380770 1965.3
1380780 1973.9
1380790 1981.3
1380800 1981.3
1380810 1989.2
1380820 1997.6
1380830 1997.6
1380840 2006.3
1380850 2014.2
1380860 2022.1
1380870 2022.1
1380880 2029.3
1380890 2034.8
1380900 2034.8
1380910 2039.2
1380920 2043.0
1380930 2043.0
1380940 2047.0
1380950 2050.9
1380960 2050.9
1380970 2055.1
1380980 2059.7
1380990 2059.7
1381000 2063.4
1381010 2067.0
1381020 2067.0
1381030 2069.8
1381040 2072.7
1381050 2072.7
1381060 2076.8
1381070 2081.4
1381080 2086.2
1381090 2086.2
1381100 2090.0
1381110 2093.1
1381120 2093.1
1381130 2096.7
1381140 2099.7
1381150 2099.7
1381160 2101.5
1381170 2101.0
1381180 2101.0
1381190 2100.0
1381200 2099.8
1381210 2099.8
1381220 2099.3
1381230 2105.6
1381240 2105.6
1381250 2104.5
1381260 2103.1
1381270 2103.2
1381280 2103.2
1381290 2101.4
1381300 2100.4
1381310 2100.4
1381320 2094.7
1381330 2091.8
1381340 2091.8
1381350 2095.2
1381360 2102.6
1381370 2102.6
1381380 2108.8
1381390 2109.6
1381400 2109.6
1381410 2110.4
1381420 2110.2
1381430 2110.2
1381440 2106.8
1381450 2110.4
1381460 2119.4
1381470 2119.4
1381480 2127.8
1381490 2135.4
1381500 2135.4
1381510 2140.7
1381520 2145.5
1381530 2145.5
1381540 2151.7
1381550 2159.0
1381560 2159.0
1381570 2166.9
1381580 2175.4
1381590 2175.4
1381600 2184.2
1381610 2191.8
1381620 2191.8
1381630 2197.8
1381640 2203.4
1381650 2203.4
1381660 2208.3
1381670 2212.9
1381680 2218.1
1381690 2218.1
1381700 2222.0
1381710 2226.1
1381720 2226.1
1381730 2231.8
1381740 2238.4
1381750 2238.4
1381760 2245.9
1381770 2253.1
1381780 2253.1
1381790 2259.8
1381800 2266.0
1381810 2266.0
1381820 2270.7
1381830 2275.3
1381840 2275.3
1381850 2278.4
1381860 2279.6
1381870 2278.3
1381880 2278.3
1381890 2276.0
1381900 2274.3
1381910 2274.3
1381920 2272.4
1381930 2271.4
1381940 2271.4
1381950 2270.7
1381960 2269.7
1381970 2269.7
1381980 2268.0
1381990 2268.5
1382000 2268.5
1382010 2268.2
1382020 2268.2
1382030 2268.2
1382040 2265.9
1382050 2266.0
1382060 2267.7
1382070 2267.7
1382080 2269.9
1382090 2274.5
1382100 2274.5
1382110 2279.3
1382120 2283.1
1382130 2283.1
1382140 2287.8
1382150 2291.5
1382160 2291.5
1382170 2294.3
1382180 2298.7
1382190 2298.7
1382200 2302.3
1382210 2305.9
1382220 2305.9
1382230 2312.0
1382240 2317.3
1382250 2317.3
1382260 2324.4
1382270 2327.6
1382280 2331.1
1382290 2331.1
1382300 2337.3
1382310 2344.9
1382320 2344.9
1382330 2353.2
1382340 2359.0
1382350 2359.0
1382360 2363.4
1382370 2364.2
1382380 2364.2
1382390 2362.7
1382400 2358.7
1382410 2358.7
1382420 2350.3
1382430 2340.0
1382440 2340.0
1382450 2331.9
1382460 2323.9
1382470 2316.6
1382480 2316.6
1382490 2307.4
1382500 2293.4
1382510 2293.4
1382520 2279.2
1382530 2269.6
1382540 2269.6
1382550 2261.3
1382560 2251.8
1382570 2251.8
1382580 2240.7
1382590 2230.4
1382600 2230.4
1382610 2219.4
1382620 2209.6
1382630 2209.6
1382640 2202.3
1382650 2196.2
1382660 2189.2
1382670 2189.2
1382680 2181.6
1382690 2174.6
1382700 2174.6
1382710 2167.5
1382720 2160.7
1382730 2160.7
1382740 2153.8
1382750 2145.4
1382760 2145.4
1382770 2133.6
1382780 2123.6
1382790 2123.6
1382800 2117.5
1382810 2111.7
1382820 2111.7
1382830 2103.4
1382840 2095.5
1382850 2095.5
1382860 2088.0
1382870 2081.6
1382880 2076.5
1382890 2076.5
1382900 2071.4
1382910 2065.6
1382920 2065.6
1382930 2057.7
1382940 2052.5
1382950 2052.5
1382960 2049.6
1382970 2044.7
1382980 2044.7
1382990 2038.2
1383000 2030.7
1383010 2030.7
1383020 2022.9
1383030 2016.0
1383040 2016.0
1383050 2010.3
1383060 2004.2
1383070 1995.5
1383080 1995.5
1383090 1986.7
1383100 1975.8
1383110 1975.8
1383120 1965.9
1383130 1957.6
1383140 1957.6
1383150 1949.8
1383160 1941.4
1383170 1941.4
1383180 1933.5
1383190 1926.5
1383200 1926.5
1383210 1917.7
1383220 1908.3
1383230 1908.3
1383240 1900.9
1383250 1895.3
1383260 1890.8
1383270 1890.8
1383280 1886.6
1383290 1880.2
1383300 1880.2
1383310 1874.0
1383320 1867.6
1383330 1867.6
1383340 1861.9
1383350 1857.0
1383360 1857.0
1383370 1852.5
1383380 1846.8
1383390 1846.8
1383400 1841.5
1383410 1836.2
1383420 1836.2
1383430 1830.4
1383440 1824.7
1383450 1824.7
1383460 1819.0
1383470 1814.1
1383480 1811.6
1383490 1811.6
1383500 1810.1
1383510 1807.6
1383520 1807.6
1383530 1804.7
1383540 1804.6
1383550 1804.6
1383560 1806.2
1383570 1806.4
1383580 1806.4
1383590 1806.9
1383600 1808.4
1383610 1808.4
1383620 1810.6
1383630 1813.8
1383640 1813.8
1383650 1816.7
1383660 1818.3
1383670 1818.5
1383680 1818.5
1383690 1819.1
1383700 1819.2
1383710 1825.3
1383720 1824.7
1383730 1824.0
1383740 1824.0
1383750 1822.8
1383760 1822.8
1383770 1822.8
1383780 1823.0
1383790 1823.8
1383800 1823.8
1383810 1823.1
1383820 1823.4
1383830 1823.4
1383840 1824.8
1383850 1825.7
1383860 1827.4
1383870 1827.4
1383880 1830.4
1383890 1833.3
1383900 1833.3
1383910 1837.0
1383920 1843.0
1383930 1843.0
1383940 1847.2
1383950 1850.9
1383960 1850.9
1383970 1856.3
1383980 1860.8
1383990 1860.8
1384000 1866.0
1384010 1865.3
1384020 1865.3
1384030 1864.5
1384040 1864.0
1384050 1864.0
1384060 1863.8
1384070 1862.3
1384080 1860.4
1384090 1860.4
1384100 1859.3
1384110 1857.8
1384120 1857.8
1384130 1857.0
1384140 1854.6
1384150 1854.6
1384160 1847.9
1384170 1836.5
1384180 1836.5
1384190 1829.7
1384200 1831.3
1384210 1831.3
1384220 1822.3
1384230 1818.1
1384240 1818.1
1384250 1819.7
1384260 1822.1
1384270 1825.9
1384280 1825.9
1384290 1832.0
1384300 1838.4
1384310 1838.4
1384320 1845.0
1384330 1854.6
1384340 1854.6
1384350 1864.3
1384360 1871.2
1384370 1871.2
1384380 1877.0
1384390 1883.3
1384400 1883.3
1384410 1888.8
1384420 1893.3
1384430 1893.3
1384440 1898.8
1384450 1904.6
1384460 1910.8
1384470 1910.8
1384480 1917.2
1384490 1924.4
1384500 1924.4
1384510 1931.3
1384520 1938.1
1384530 1938.1
1384540 1945.0
1384550 1951.9
1384560 1951.9
1384570 1958.6
1384580 1965.6
1384590 1965.6
1384600 1973.6
1384610 1981.8
1384620 1981.8
1384630 1990.1
1384640 1999.4
1384650 2008.8
1384660 2008.8
1384670 2018.3
1384680 2026.5
1384690 2026.5
1384700 2033.1
1384710 2038.9
1384720 2038.9
1384730 2045.7
1384740 2052.7
1384750 2052.7
1384760 2060.4
1384770 2068.2
1384780 2068.2
1384790 2076.3
1384800 2086.4
1384810 2086.4
1384820 2092.2
1384830 2097.2
1384840 2097.2
1384850 2102.1
1384860 2108.1
1384870 2114.2
1384880 2114.2
1384890 2119.8
1384900 2125.6
1384910 2125.6
1384920 2130.9
1384930 2136.5
1384940 2136.5
1384950 2142.7
1384960 2148.8
1384970 2148.0
1384980 2154.1
1384990 2159.9
1385000 2159.9
1385010 2165.5
1385020 2171.7
1385030 2171.7
1385040 2177.9
1385050 2183.2
1385060 2187.8
1385070 2187.8
1385080 2192.1
1385090 2194.9
1385100 2194.9
1385110 2196.5
1385120 2197.5
1385130 2197.5
1385140 2197.6
1385150 2196.5
1385160 2196.5
1385170 2194.3
1385180 2191.1
1385190 2191.1
1385200 2186.8
1385210 2183.5
1385220 2183.5
1385230 2181.1
1385240 2178.7
1385250 2174.7
1385260 2174.7
1385270 2171.4
1385280 2168.8
1385290 2168.8
1385300 2162.0
1385310 2156.1
1385320 2156.1
1385330 2150.7
1385340 2144.7
1385350 2144.7
1385360 2139.2
1385370 2133.4
1385380 2133.4
1385390 2127.3
1385400 2118.9
1385410 2118.9
1385420 2109.3
1385430 2099.8
1385440 2099.8
1385450 2090.1
1385460 2092.5
1385470 2095.3
1385480 2095.3
1385490 2091.4
1385500 2095.4
1385510 2095.4
1385520 2103.5
1385530 2106.7
1385540 2106.7
1385550 2108.0
1385560 2113.0
1385570 2113.0
1385580 2117.2
1385590 2121.7
1385600 2121.7
1385610 2127.3
1385620 2132.9
1385630 2132.9
1385640 2138.0
1385650 2142.5
1385660 2146.7
1385670 2146.7
1385680 2148.3
1385690 2146.5
1385700 2146.5
1385710 2140.8
1385720 2134.8
1385730 2134.8
1385740 2128.6
1385750 2122.5
1385760 2122.5
1385770 2116.8
1385780 2111.7
1385790 2111.7
1385800 2106.3
1385810 2099.6
1385820 2099.6
1385830 2094.0
1385840 2100.8
1385850 2106.6
1385860 2106.6
1385870 2110.0
1385880 2114.9
1385890 2114.9
1385900 2120.8
1385910 2127.1
1385920 2127.1
1385930 2132.4
1385940 2137.9
1385950 2137.9
1385960 2143.0
1385970 2146.8
1385980 2146.8
1385990 2148.8
1386000 2151.8
1386010 2151.8
1386020 2157.5
1386030 2163.8
1386040 2163.8
1386050 2169.3
1386060 2174.1
1386070 2177.1
1386080 2177.1
1386090 2177.0
1386100 2176.9
1386110 2176.9
1386120 2176.8
1386130 2179.3
1386140 2179.3
1386150 2184.6
1386160 2190.1
1386170 2190.1
1386180 2195.3
1386190 2200.8
1386200 2200.8
1386210 2206.6
1386220 2212.9
1386230 2212.9
1386240 2224.0
1386250 2229.8
1386260 2233.3
1386270 2233.3
1386280 2232.2
1386290 2229.1
1386300 2229.1
1386310 2225.5
1386320 2221.6
1386330 2221.6
1386340 2217.5
1386350 2213.7
1386360 2213.7
1386370 2210.0
1386380 2206.1
1386390 2206.1
1386400 2201.7
1386410 2196.1
1386420 2196.1
1386430 2189.8
1386440 2183.6
1386450 2177.3
1386460 2177.3
1386470 2170.5
1386480 2163.7
1386490 2163.7
1386500 2156.6
1386510 2151.1
1386520 2151.1
1386530 2145.4
1386540 2140.3
1386550 2140.3
1386560 2135.1
1386570 2130.2
1386580 2130.2
1386590 2125.6
1386600 2121.0
1386610 2121.0
1386620 2116.3
1386630 2111.3
1386640 2111.3
1386650 2106.4
1386660 2100.9
1386670 2095.5
1386680 2095.5
1386690 2091.0
1386700 2086.6
1386710 2086.6
1386720 2081.4
1386730 2076.1
1386740 2076.1
1386750 2069.7
1386760 2062.8
1386770 2062.8
1386780 2054.9
1386790 2047.2
1386800 2047.2
1386810 2040.7
1386820 2036.0
1386830 2036.0
1386840 2030.8
1386850 2025.1
1386860 2019.0
1386870 2019.0
1386880 2013.2
1386890 2007.5
1386900 2007.5
1386910 2001.8
1386920 1996.2
1386930 1996.2
1386940 1991.6
1386950 1987.1
1386960 1987.1
1386970 1982.2
1386980 1977.7
1386990 1977.7
1387000 1972.2
1387010 1966.4
1387020 1966.4
1387030 1960.9
1387040 1955.9
1387050 1951.4
1387060 1951.4
1387070 1947.0
1387080 1944.2
1387090 1944.2
1387100 1943.4
1387110 1943.6
1387120 1943.6
1387130 1942.1
1387140 1939.8
1387150 1939.8
1387160 1937.6
1387170 1933.6
1387180 1933.6
1387190 1928.5
1387200 1923.6
1387210 1923.6
1387220 1918.5
1387230 1912.8
1387240 1912.8
1387250 1907.0
1387260 1901.5
1387270 1896.0
1387280 1896.0
1387290 1890.2
1387300 1885.1
1387310 1885.1
1387320 1878.6
1387330 1872.8
1387340 1872.8
1387350 1867.2
1387360 1862.1
1387370 1862.1
1387380 1857.1
1387390 1852.2
1387400 1852.2
1387410 1846.4
1387420 1839.5
1387430 1839.5
1387440 1832.6
1387450 1829.6
1387460 1830.7
1387470 1830.7
1387480 1836.0
1387490 1841.1
1387500 1841.1
1387510 1846.3
1387520 1851.9
1387530 1851.9
1387540 1862.1
1387550 1867.8
1387560 1867.8
1387570 1871.8
1387580 1875.9
1387590 1875.9
1387600 1882.1
1387610 1887.4
1387620 1887.4
1387630 1892.8
1387640 1899.1
1387650 1906.9
1387660 1906.9
1387670 1914.2
1387680 1919.9
1387690 1919.9
1387700 1925.3
1387710 1930.2
1387720 1930.2
1387730 1935.0
1387740 1940.5
1387750 1940.5
1387760 1945.2
1387770 1949.9
1387780 1949.9
1387790 1954.9
1387800 1956.4
1387810 1956.4
1387820 1955.5
1387830 1958.1
1387840 1958.1
1387850 1957.8
1387860 1955.7
1387870 1956.5
1387880 1956.5
1387890 1958.2
1387900 1959.1
1387910 1959.1
1387920 1960.1
1387930 1961.0
1387940 1961.0
1387950 1963.1
1387960 1967.8
1387970 1967.8
1387980 1977.3
1387990 1988.8
1388000 1988.8
1388010 1999.7
1388020 2008.0
1388030 2008.0
1388040 2012.4
1388050 2016.6
1388060 2021.8
1388070 2021.8
1388080 2025.8
1388090 2029.3
1388100 2029.3
1388110 2032.9
1388120 2036.4
1388130 2036.4
1388140 2040.1
1388150 2044.0
1388160 2044.0
1388170 2047.7
1388180 2051.9
1388190 2051.9
1388200 2055.9
1388210 2059.2
1388220 2059.2
1388230 2061.9
1388240 2065.4
1388250 2069.3
1388260 2069.3
1388270 2073.3
1388280 2077.1
1388290 2077.1
1388300 2080.6
1388310 2083.0
1388320 2083.0
1388330 2083.4
1388340 2087.0
1388350 2087.0
1388360 2092.8
1388370 2099.1
1388380 2099.1
1388390 2105.3
1388400 2111.5
1388410 2111.5
1388420 2117.1
1388430 2122.4
1388440 2122.4
1388450 2126.8
1388460 2130.8
1388470 2135.0
1388480 2135.0
1388490 2139.2
1388500 2143.4
1388510 2143.4
1388520 2147.6
1388530 2150.7
1388540 2150.7
1388550 2152.2
1388560 2153.0
1388570 2153.0
1388580 2154.6
1388590 2155.5
1388600 2155.5
1388610 2153.0
1388620 2147.7
1388630 2147.7
1388640 2141.5
1388650 2134.8
1388660 2128.2
1388670 2128.2
1388680 2121.6
1388690 2116.0
1388700 2116.0
1388710 2110.0
1388720 2102.0
1388730 2102.0
1388740 2094.3
1388750 2087.2
1388760 2087.2
1388770 2078.9
1388780 2069.0
1388790 2069.0
1388800 2058.0
1388810 2049.9
1388820 2049.9
1388830 2043.0
1388840 2036.1
1388850 2031.0
1388860 2031.0
1388870 2020.8
1388880 2011.3
1388890 2011.3
1388900 2003.0
1388910 1995.2
1388920 1995.2
1388930 1986.9
1388940 1978.9
1388950 1978.9
1388960 1971.8
1388970 1964.7
1388980 1964.7
1388990 1957.2
1389000 1949.6
1389010 1949.6
1389020 1941.9
1389030 1934.9
1389040 1934.9
1389050 1928.5
1389060 1922.3
1389070 1916.8
1389080 1916.8
1389090 1911.4
1389100 1906.4
1389110 1906.4
1389120 1901.7
1389130 1897.2
1389140 1897.2
1389150 1892.7
1389160 1889.0
1389170 1889.0
1389180 1885.0
1389190 1880.5
1389200 1880.5
1389210 1875.4
1389220 1870.4
1389230 1870.4
1389240 1865.9
1389250 1861.3
1389260 1854.7
1389270 1854.7
1389280 1848.8
1389290 1850.1
1389300 1850.1
1389310 1854.5
1389320 1859.5
1389330 1859.5
1389340 1863.7
1389350 1866.8
1389360 1866.8
1389370 1870.1
1389380 1873.3
1389390 1873.3
1389400 1877.5
1389410 1882.3
1389420 1882.3
1389430 1887.2
1389440 1890.6
1389450 1892.7
1389460 1892.7
1389470 1895.3
1389480 1900.4
1389490 1900.4
1389500 1905.7
1389510 1912.7
1389520 1912.7
1389530 1921.6
1389540 1930.2
1389550 1930.2
1389560 1937.2
1389570 1944.7
1389580 1944.7
1389590 1952.9
1389600 1961.3
1389610 1961.3
1389620 1970.7
1389630 1980.0
1389640 1980.0
1389650 1989.6
1389660 1998.2
1389670 2005.1
1389680 2005.1
1389690 2011.6
1389700 2018.5
1389710 2018.5
1389720 2025.3
1389730 2031.6
1389740 2031.6
1389750 2037.9
1389760 2045.9
1389770 2045.9
1389780 2054.9
1389790 2064.3
1389800 2064.3
1389810 2073.7
1389820 2080.8
1389830 2080.8
1389840 2087.0
1389850 2093.6
1389860 2099.8
1389870 2099.8
1389880 2105.6
1389890 2110.3
1389900 2110.3
1389910 2113.5
1389920 2114.4
1389930 2114.4
1389940 2116.1
1389950 2119.1
1389960 2119.1
1389970 2122.4
1389980 2126.2
1389990 2126.2
1390000 2131.0
1390010 2134.4
1390020 2134.4
1390030 2135.9
1390040 2136.4
1390050 2136.2
1390060 2136.2
1390070 2135.1
1390080 2132.7
1390090 2132.7
1390100 2129.7
1390110 2126.0
1390120 2126.0
1390130 2122.5
1390140 2121.0
1390150 2121.0
1390160 2119.4
1390170 2118.1
1390180 2127.2
1390190 2124.8
1390200 2120.8
1390210 2120.8
1390220 2115.2
1390230 2109.1
1390240 2109.1
1390250 2104.5
1390260 2105.6
1390270 2108.1
1390280 2108.1
1390290 2108.7
1390300 2107.5
1390310 2107.5
1390320 2106.1
1390330 2105.3
1390340 2105.3
1390350 2104.0
1390360 2101.3
1390370 2101.3
1390380 2097.0
1390390 2093.7
1390400 2093.7
1390410 2096.3
1390420 2099.3
1390430 2099.3
1390440 2100.1
1390450 2099.7
1390460 2098.4
1390470 2098.4
1390480 2096.1
1390490 2094.6
1390500 2094.6
1390510 2096.1
1390520 2097.5
1390530 2097.5
1390540 2099.2
1390550 2099.9
1390560 2099.9
1390570 2099.4
1390580 2099.5
1390590 2099.5
1390600 2098.2
1390610 2093.3
1390620 2093.3
1390630 2086.9
1390640 2078.6
1390650 2068.6
1390660 2068.6
1390670 2059.5
1390680 2050.9
1390690 2050.9
1390700 2041.7
1390710 2033.3
1390720 2033.3
1390730 2024.8
1390740 2016.8
1390750 2016.8
1390760 2009.2
1390770 2001.4
1390780 2001.4
1390790 1993.3
1390800 1984.6
1390810 1984.6
1390820 1976.8
1390830 1970.3
1390840 1970.3
1390850 1965.2
1390860 1959.2
1390870 1952.7
1390880 1952.7
1390890 1947.3
1390900 1941.6
1390910 1941.6
1390920 1933.9
1390930 1922.2
1390940 1922.2
1390950 1910.9
1390960 1912.3
1390970 1912.3
1390980 1918.3
1390990 1921.8
1391000 1921.8
1391010 1922.6
1391020 1920.3
1391030 1920.3
1391040 1916.0
1391050 1907.3
1391060 1899.2
1391070 1899.2
1391080 1890.9
1391090 1882.4
1391100 1882.4
1391110 1870.9
1391120 1857.4
1391130 1857.4
1391140 1845.5
1391150 1834.2
1391160 1834.2
1391170 1824.8
1391180 1816.4
1391190 1816.4
1391200 1809.0
1391210 1801.6
1391220 1801.6
1391230 1795.4
1391240 1789.0
1391250 1783.1
1391260 1783.1
1391270 1776.9
1391280 1770.9
1391290 1770.9
1391300 1765.1
1391310 1760.1
1391320 1760.1
1391330 1755.8
1391340 1751.0
1391350 1751.0
1391360 1746.6
1391370 1740.8
1391380 1740.8
1391390 1735.5
1391400 1730.4
1391410 1730.4
1391420 1725.5
1391430 1720.9
1391440 1716.9
1391450 1716.9
1391460 1714.2
1391470 1712.1
1391480 1712.1
1391490 1710.0
1391500 1705.8
1391510 1705.8
1391520 1699.0
1391530 1703.0
1391540 1703.0
1391550 1707.5
1391560 1713.2
1391570 1713.2
1391580 1715.4
1391590 1715.9
1391600 1715.9
1391610 1716.9
1391620 1722.6
1391630 1722.6
1391640 1730.7
1391650 1738.4
1391660 1745.5
1391670 1745.5
1391680 1752.2
1391690 1759.3
1391700 1759.3
1391710 1766.9
1391720 1774.8
1391730 1774.8
1391740 1782.7
1391750 1790.7
1391760 1790.7
1391770 1798.7
1391780 1806.2
1391790 1806.2
1391800 1813.5
1391810 1822.2
1391820 1822.2
1391830 1830.4
1391840 1838.2
1391850 1845.8
1391860 1845.8
1391870 1853.7
1391880 1861.9
1391890 1861.9
1391900 1870.4
1391910 1878.9
1391920 1878.9
1391930 1887.4
1391940 1895.4
1391950 1895.4
1391960 1903.3
1391970 1910.6
1391980 1910.6
1391990 1915.6
1392000 1920.2
1392010 1920.2
1392020 1924.5
1392030 1929.0
1392040 1930.9
1392050 1930.9
1392060 1934.4
1392070 1939.6
1392080 1939.6
1392090 1945.2
1392100 1950.2
1392110 1950.2
1392120 1956.4
1392130 1963.4
1392140 1963.4
1392150 1969.1
1392160 1974.0
1392170 1974.0
1392180 1979.1
1392190 1984.5
1392200 1984.5
1392210 1990.5
1392220 1996.8
1392230 1996.8
1392240 2004.2
1392250 2016.2
1392260 2027.2
1392270 2027.2
1392280 2034.4
1392290 2039.1
1392300 2039.1
1392310 2043.6
1392320 2049.2
1392330 2049.2
1392340 2054.7
1392350 2060.1
1392360 2060.1
1392370 2065.6
1392380 2070.3
1392390 2070.3
1392400 2074.2
1392410 2079.0
1392420 2079.0
1392430 2084.7
1392440 2088.6
1392450 2091.5
1392460 2091.5
1392470 2094.5
1392480 2096.8
1392490 2096.8
1392500 2098.2
1392510 2099.0
1392520 2099.0
1392530 2100.0
1392540 2100.7
1392550 2100.7
1392560 2100.9
1392570 2100.0
1392580 2100.0
1392590 2098.7
1392600 2097.1
1392610 2097.1
1392620 2095.1
1392630 2092.8
1392640 2090.6
1392650 2090.6
1392660 2088.3
1392670 2086.2
1392680 2086.2
1392690 2083.3
1392700 2080.5
1392710 2080.5
1392720 2078.1
1392730 2074.5
1392740 2074.5
1392750 2069.1
1392760 2062.5
1392770 2062.5
1392780 2057.6
1392790 2052.0
1392800 2052.0
1392810 2045.9
1392820 2038.4
1392830 2038.4
1392840 2030.0
1392850 2022.2
1392860 2012.3
1392870 2012.3
1392880 2003.0
1392890 1994.5
1392900 1994.5
1392910 1990.2
1392920 1982.8
1392930 1982.8
1392940 1976.2
1392950 1970.0
1392960 1970.0
1392970 1964.4
1392980 1960.1
1392990 1960.1
1393000 1955.4
1393010 1950.0
1393020 1950.0
1393030 1944.9
1393040 1939.1
1393050 1932.3
1393060 1932.3
1393070 1926.1
1393080 1920.9
1393090 1920.9
1393100 1915.3
1393110 1911.6
1393120 1911.6
1393130 1908.3
1393140 1903.5
1393150 1903.5
1393160 1896.9
1393170 1893.1
1393180 1893.1
1393190 1894.9
1393200 1895.9
1393210 1895.9
1393220 1896.0
1393230 1894.8
1393240 1889.7
1393250 1889.7
1393260 1882.5
1393270 1877.5
1393280 1877.5
1393290 1877.2
1393300 1877.6
1393310 1877.6
1393320 1878.6
1393330 1882.7
1393340 1882.7
1393350 1885.0
1393360 1885.6
1393370 1885.6
1393380 1882.3
1393390 1883.6
1393400 1883.6
1393410 1889.6
1393420 1894.7
1393430 1894.7
1393440 1897.0
1393450 1899.2
1393460 1902.3
1393470 1902.3
1393480 1906.0
1393490 1909.5
1393500 1909.5
1393510 1913.4
1393520 1918.1
1393530 1918.1
1393540 1923.7
1393550 1931.2
1393560 1931.2
1393570 1941.0
1393580 1950.9
1393590 1950.9
1393600 1960.5
1393610 1970.6
1393620 1970.6
1393630 1979.3
1393640 1985.5
1393650 1991.2
1393660 1991.2
1393670 1996.1
1393680 1999.1
1393690 1999.1
1393700 2001.2
1393710 2003.9
1393720 2003.9
1393730 2006.5
1393740 2009.1
1393750 2009.1
1393760 2011.9
1393770 2014.4
1393780 2014.4
1393790 2016.5
1393800 2018.1
1393810 2018.1
1393820 2019.4
1393830 2021.6
1393840 2025.0
1393850 2025.0
1393860 2029.9
1393870 2033.9
1393880 2033.9
1393890 2036.8
1393900 2038.7
1393910 2038.7
1393920 2039.7
1393930 2040.4
1393940 2040.4
1393950 2041.6
1393960 2043.2
1393970 2043.2
1393980 2044.0
1393990 2044.6
1394000 2044.6
1394010 2045.7
1394020 2046.7
1394030 2046.7
1394040 2045.2
1394050 2043.3
1394060 2042.2
1394070 2042.2
1394080 2042.9
1394090 2041.4
1394100 2041.4
1394110 2039.6
1394120 2039.6
1394130 2039.6
1394140 2040.5
1394150 2039.1
1394160 2039.1
1394170 2039.2
1394180 2038.7
1394190 2038.7
1394200 2037.3
1394210 2035.7
1394220 2035.7
1394230 2033.2
1394240 2029.3
1394250 2024.3
1394260 2024.3
1394270 2017.3
1394280 2008.9
1394290 2008.9
1394300 2001.1
1394310 1991.6
1394320 1991.6
1394330 1985.6
1394340 1977.9
1394350 1977.9
1394360 1971.2
1394370 1966.3
1394380 1966.3
1394390 1961.8
1394400 1957.7
1394410 1957.7
1394420 1954.5
1394430 1951.3
1394440 1945.8
1394450 1945.8
1394460 1941.4
1394470 1935.7
1394480 1935.7
1394490 1932.3
1394500 1932.5
1394510 1932.5
1394520 1934.5
1394530 1936.4
1394540 1936.4
1394550 1936.4
1394560 1936.2
1394570 1936.2
1394580 1936.3
1394590 1936.5
1394600 1936.5
1394610 1936.7
1394620 1936.0
1394630 1936.0
1394640 1935.0
1394650 1934.6
1394660 1934.3
1394670 1934.3
1394680 1934.1
1394690 1934.4
1394700 1934.4
1394710 1934.9
1394720 1935.6
1394730 1935.6
1394740 1935.5
1394750 1935.1
1394760 1935.1
1394770 1935.1
1394780 1934.0
1394790 1934.0
1394800 1931.2
1394810 1926.1
1394820 1926.1
1394830 1921.4
1394840 1917.6
1394850 1913.4
1394860 1913.4
1394870 1909.2
1394880 1905.5
1394890 1905.5
1394900 1902.6
1394910 1899.2
1394920 1899.2
1394930 1895.6
1394940 1891.5
1394950 1891.5
1394960 1887.4
1394970 1882.6
1394980 1882.6
1394990 1877.3
1395000 1872.1
1395010 1872.1
1395020 1868.2
1395030 1862.0
1395040 1856.6
1395050 1856.6
1395060 1852.2
1395070 1845.9
1395080 1845.9
1395090 1839.0
1395100 1832.3
1395110 1832.3
1395120 1826.7
1395130 1817.2
1395140 1817.2
1395150 1809.5
1395160 1804.3
1395170 1804.3
1395180 1798.7
1395190 1792.1
1395200 1792.1
1395210 1786.9
1395220 1780.6
1395230 1780.6
1395240 1773.0
1395250 1764.1
1395260 1749.1
1395270 1749.1
1395280 1739.2
1395290 1728.2
1395300 1728.2
1395310 1716.2
1395320 1704.9
1395330 1704.9
1395340 1694.6
1395350 1685.0
1395360 1685.0
1395370 1677.4
1395380 1669.8
1395390 1669.8
1395400 1660.9
1395410 1651.2
1395420 1651.2
1395430 1643.0
1395440 1632.0
1395450 1622.7
1395460 1622.7
1395470 1616.1
1395480 1610.2
1395490 1610.2
1395500 1604.3
1395510 1598.0
1395520 1598.0
1395530 1591.4
1395540 1585.6
1395550 1585.6
1395560 1579.1
1395570 1568.8
1395580 1568.8
1395590 1559.5
1395600 1552.1
1395610 1552.1
1395620 1544.7
1395630 1536.7
1395640 1526.6
1395650 1526.6
1395660 1516.5
1395670 1510.9
1395680 1510.9
1395690 1507.4
1395700 1503.6
1395710 1503.6
1395720 1498.2
1395730 1490.7
1395740 1490.7
1395750 1480.3
1395760 1470.3
1395770 1470.3
1395780 1461.1
1395790 1452.4
1395800 1452.4
1395810 1446.3
1395820 1440.9
1395830 1435.2
1395840 1435.2
1395850 1427.5
1395860 1418.4
1395870 1418.4
1395880 1408.1
1395890 1397.6
1395900 1397.6
1395910 1390.8
1395920 1385.7
1395930 1385.7
1395940 1380.9
1395950 1376.5
1395960 1376.5
1395970 1371.4
1395980 1364.8
1395990 1364.8
1396000 1357.8
1396010 1346.8
1396020 1346.8
1396030 1338.4
1396040 1333.0
1396050 1325.6
1396060 1325.6
1396070 1315.0
1396080 1305.1
1396090 1305.1
1396100 1296.0
1396110 1287.9
1396120 1287.9
1396130 1283.5
1396140 1279.7
1396150 1279.7
1396160 1276.7
1396170 1276.0
1396180 1276.0
1396190 1274.3
1396200 1268.1
1396210 1268.1
1396220 1260.3
1396230 1253.5
1396240 1248.2
1396250 1248.2
1396260 1241.8
1396270 1235.4
1396280 1235.4
1396290 1229.0
1396300 1223.1
1396310 1223.1
1396320 1217.9
1396330 1211.3
1396340 1211.3
1396350 1206.1
1396360 1200.6
1396370 1200.6
1396380 1195.0
1396390 1187.7
1396400 1187.7
1396410 1181.3
1396420 1174.0
1396430 1163.8
1396440 1163.8
1396450 1152.9
1396460 1141.7
1396470 1141.7
1396480 1127.4
1396490 1110.7
1396500 1110.7
1396510 1100.8
1396520 1092.7
1396530 1092.7
1396540 1084.0
1396550 1073.7
1396560 1073.7
1396570 1064.1
1396580 1046.9
1396590 1046.9
1396600 1020.6
1396610 1002.3
1396620 1002.3
1396630 992.0
1396640 983.6
1396650 975.3
1396660 975.3
1396670 966.6
1396680 959.4
1396690 959.4
1396700 953.4
1396710 947.4
1396720 947.4
1396730 942.4
1396740 938.2
1396750 938.2
1396760 935.9
1396770 935.0
1396780 935.0
1396790 935.0
1396800 935.7
1396810 935.7
1396820 936.7
1396830 937.3
1396840 937.1
1396850 937.1
1396860 936.3
1396870 935.8
1396880 935.8
1396890 935.6
1396900 935.6
1396910 935.6
1396920 935.8
1396930 935.8
1396940 935.8
1396950 936.0
1396960 936.1
1396970 936.1
1396980 936.0
1396990 935.7
1397000 935.7
1397010 935.7
1397020 935.8
1397030 935.5
1397040 935.5
1397050 934.8
1397060 934.5
1397070 934.5
1397080 931.8
1397090 928.8
1397100 928.8
1397110 927.2
1397120 926.5
1397130 926.5
1397140 924.9
1397150 923.5
1397160 923.5
1397170 923.1
1397180 921.0
1397190 921.0
1397200 918.4
1397210 917.4
1397220 917.4
1397230 917.4
1397240 918.1
1397250 920.3
1397260 920.3
1397270 923.7
1397280 926.6
1397290 926.6
1397300 928.4
1397310 931.4
1397320 931.4
1397330 935.3
1397340 940.3
1397350 940.3
1397360 944.5
1397370 948.6
1397380 948.6
1397390 953.5
1397400 958.4
1397410 958.4
1397420 962.6
1397430 967.7
1397440 972.9
1397450 972.9
1397460 977.7
1397470 981.0
1397480 981.0
1397490 983.3
1397500 985.2
1397510 985.2
1397520 987.1
1397530 990.3
1397540 990.3
1397550 995.7
1397560 998.8
1397570 998.8
1397580 1003.3
1397590 1008.2
1397600 1008.2
1397610 1011.9
1397620 1014.9
1397630 1017.2
1397640 1017.2
1397650 1018.8
1397660 1020.2
1397670 1020.2
1397680 1022.6
1397690 1023.1
1397700 1023.1
1397710 1023.3
1397720 1026.2
1397730 1026.2
1397740 1031.5
1397750 1037.5
1397760 1037.5
1397770 1041.7
1397780 1047.0
1397790 1047.0
1397800 1053.1
1397810 1059.7
1397820 1059.7
1397830 1065.9
1397840 1073.1
1397850 1081.2
1397860 1081.2
1397870 1088.8
1397880 1096.7
1397890 1096.7
1397900 1103.8
1397910 1110.7
1397920 1110.7
1397930 1117.6
1397940 1125.1
1397950 1125.1
1397960 1131.6
1397970 1138.0
1397980 1138.0
1397990 1144.4
1398000 1150.1
1398010 1150.1
1398020 1155.3
1398030 1160.5
1398040 1165.7
1398050 1165.7
1398060 1170.6
1398070 1175.7
1398080 1175.7
1398090 1181.8
1398100 1186.9
1398110 1186.9
1398120 1192.2
1398130 1197.6
1398140 1197.6
1398150 1202.7
1398160 1207.6
1398170 1207.6
1398180 1212.3
1398190 1216.4
1398200 1216.4
1398210 1220.6
1398220 1224.3
1398230 1226.8
1398240 1226.8
1398250 1228.8
1398260 1231.4
1398270 1231.4
1398280 1234.7
1398290 1238.9
1398300 1238.9
1398310 1243.4
1398320 1247.0
1398330 1247.0
1398340 1251.4
1398350 1255.2
1398360 1255.2
1398370 1257.2
1398380 1258.6
1398390 1258.6
1398400 1259.4
1398410 1261.1
1398420 1261.1
1398430 1262.1
1398440 1263.3
1398450 1266.0
1398460 1266.0
1398470 1268.4
1398480 1270.6
1398490 1270.6
1398500 1273.3
1398510 1276.0
1398520 1276.0
1398530 1278.9
1398540 1281.3
1398550 1281.3
1398560 1282.8
1398570 1279.0
1398580 1279.0
1398590 1274.0
1398600 1272.0
1398610 1265.7
1398620 1263.5
1398630 1262.4
1398640 1260.9
1398650 1260.9
1398660 1258.7
1398670 1258.1
1398680 1258.1
1398690 1259.9
1398700 1262.0
1398710 1262.0
1398720 1263.6
1398730 1264.0
1398740 1264.0
1398750 1265.3
1398760 1268.1
1398770 1268.1
1398780 1269.8
1398790 1270.1
1398800 1270.1
1398810 1271.1
1398820 1274.1
1398830 1275.8
1398840 1275.8
1398850 1276.6
1398860 1279.5
1398870 1279.5
1398880 1282.7
1398890 1286.0
1398900 1286.0
1398910 1289.1
1398920 1291.2
1398930 1291.2
1398940 1294.2
1398950 1296.7
1398960 1296.7
1398970 1297.4
1398980 1300.2
1398990 1300.2
1399000 1305.6
1399010 1306.5
1399020 1306.5
1399030 1306.3
1399040 1306.3
1399050 1304.2
1399060 1304.2
1399070 1301.4
1399080 1298.7
1399090 1298.7
1399100 1296.2
1399110 1294.7
1399120 1294.7
1399130 1293.7
1399140 1293.1
1399150 1293.1
1399160 1291.7
1399170 1291.5
1399180 1291.5
1399190 1292.3
1399200 1293.7
1399210 1293.7
1399220 1292.9
1399230 1294.0
1399240 1296.7
1399250 1296.7
1399260 1298.1
1399270 1295.0
1399280 1295.0
1399290 1290.5
1399300 1288.2
1399310 1288.2
1399320 1285.1
1399330 1281.7
1399340 1281.7
1399350 1278.9
1399360 1278.1
1399370 1278.1
1399380 1275.4
1399390 1268.9
1399400 1268.9
1399410 1267.1
1399420 1264.9
1399430 1255.9
1399440 1255.9
1399450 1255.0
1399460 1255.2
1399470 1255.2
1399480 1258.0
1399490 1255.2
1399500 1255.2
1399510 1258.0
1399520 1261.0
1399530 1261.0
1399540 1268.0
1399550 1276.6
1399560 1276.6
1399570 1289.8
1399580 1301.2
1399590 1301.2
1399600 1305.2
1399610 1312.1
1399620 1312.1
1399630 1323.8
1399640 1333.5
1399650 1339.9
1399660 1339.9
1399670 1346.4
1399680 1354.3
1399690 1354.3
1399700 1361.9
1399710 1366.7
1399720 1366.7
1399730 1368.7
1399740 1373.3
1399750 1373.3
1399760 1379.9
1399770 1388.1
1399780 1388.1
1399790 1394.4
1399800 1399.4
1399810 1399.4
1399820 1403.9
1399830 1408.2
1399840 1413.3
1399850 1413.3
1399860 1416.4
1399870 1418.3
1399880 1418.3
1399890 1421.4
1399900 1425.5
1399910 1425.5
1399920 1430.1
1399930 1434.4
1399940 1434.4
1399950 1438.5
1399960 1442.8
1399970 1442.8
1399980 1446.9
1399990 1452.4
