1380000 1879.9
1380010 1879.9
1380020 1885.6
1380030 1890.0
1380040 1890.0
1380050 1893.4
1380060 1895.7
1380070 1895.7
1380080 1896.7
1380090 1897.8
1380100 1900.3
1380110 1900.3
1380120 1903.9
1380130 1907.6
1380140 1907.6
1380150 1911.3
1380160 1914.7
1380170 1914.7
1380180 1917.7
1380190 1920.5
1380200 1920.5
1380210 1923.4
1380220 1926.2
1380230 1926.2
1380240 1930.0
1380250 1933.8
1380260 1933.8
1380270 1937.2
1380280 1940.0
1380290 1940.0
1380300 1942.1
1380310 1944.5
1380320 1947.2
1380330 1947.2
1380340 1950.7
1380350 1955.4
1380360 1955.4
1380370 1961.5
1380380 1966.8
1380390 1966.8
1380400 1971.7
1380410 1975.8
1380420 1975.8
1380430 1979.2
1380440 1981.6
1380450 1981.6
1380460 1984.6
1380470 1987.6
1380480 1987.6
1380490 1987.9
1380500 1988.0
1380510 1989.9
1380520 1989.9
1380530 1991.3
1380540 1989.0
1380550 1989.0
1380560 1986.2
1380570 1983.5
1380580 1983.5
1380590 1979.5
1380600 1973.3
1380610 1973.3
1380620 1971.3
1380630 1972.8
1380640 1972.8
1380650 1975.0
1380660 1974.2
1380670 1974.2
1380680 1973.2
1380690 1972.8
1380700 1976.0
1380710 1976.0
1380720 1983.9
1380730 1990.3
1380740 1990.3
1380750 1993.0
1380760 1998.1
1380770 1998.1
1380780 1999.2
1380790 1996.1
1380800 1996.1
1380810 1992.9
1380820 1996.3
1380830 1996.3
1380840 2005.5
1380850 2015.0
1380860 2015.0
1380870 2023.9
1380880 2031.5
1380890 2031.5
1380900 2037.8
1380910 2043.9
1380920 2050.9
1380930 2050.9
1380940 2056.7
1380950 2061.0
1380960 2061.0
1380970 2064.4
1380980 2067.3
1380990 2067.3
1381000 2070.5
1381010 2072.9
1381020 2072.9
1381030 2075.5
1381040 2080.0
1381050 2080.0
1381060 2085.1
1381070 2094.1
1381080 2094.1
1381090 2100.5
1381100 2106.5
1381110 2111.8
1381120 2111.8
1381130 2116.7
1381140 2121.7
1381150 2121.7
1381160 2126.7
1381170 2131.7
1381180 2131.7
1381190 2136.4
1381200 2140.5
1381210 2140.5
1381220 2144.3
1381230 2146.4
1381240 2146.4
1381250 2146.3
1381260 2145.7
1381270 2145.7
1381280 2145.0
1381290 2143.9
1381300 2142.1
1381310 2142.1
1381320 2139.1
1381330 2137.3
1381340 2137.3
1381350 2137.2
1381360 2136.7
1381370 2136.7
1381380 2139.6
1381390 2140.4
1381400 2140.4
1381410 2143.1
1381420 2148.8
1381430 2148.8
1381440 2153.5
1381450 2152.0
1381460 2152.0
1381470 2148.2
1381480 2149.7
1381490 2149.7
1381500 2150.8
1381510 2151.8
1381520 2156.5
1381530 2156.5
1381540 2162.9
1381550 2170.6
1381560 2170.6
1381570 2178.8
1381580 2187.1
1381590 2187.1
1381600 2196.0
1381610 2204.0
1381620 2204.0
1381630 2211.2
1381640 2217.8
1381650 2217.8
1381660 2222.8
1381670 2227.2
1381680 2227.2
1381690 2232.7
1381700 2238.3
1381710 2242.6
1381720 2242.6
1381730 2245.9
1381740 2249.3
1381750 2249.3
1381760 2253.9
1381770 2259.6
1381780 2259.6
1381790 2265.3
1381800 2271.3
1381810 2271.3
1381820 2277.5
1381830 2283.3
1381840 2283.3
1381850 2288.7
1381860 2293.3
1381870 2293.3
1381880 2297.5
1381890 2300.2
1381900 2304.4
1381910 2304.4
1381920 2309.8
1381930 2315.1
1381940 2315.1
1381950 2319.6
1381960 2319.7
1381970 2319.7
1381980 2318.2
1381990 2317.0
1382000 2317.0
1382010 2315.6
1382020 2313.9
1382030 2313.9
1382040 2311.7
1382050 2307.3
1382060 2307.3
1382070 2308.7
1382080 2314.4
1382090 2314.4
1382100 2320.4
1382110 2325.5
1382120 2331.3
1382130 2331.3
1382140 2336.2
1382150 2336.2
1382160 2336.2
1382170 2339.1
1382180 2341.9
1382190 2341.9
1382200 2345.3
1382210 2350.6
1382220 2350.6
1382230 2359.0
1382240 2365.3
1382250 2365.3
1382260 2368.2
1382270 2371.2
1382280 2371.2
1382290 2376.7
1382300 2389.6
1382310 2396.2
1382320 2396.2
1382330 2398.7
1382340 2396.7
1382350 2396.7
1382360 2391.9
1382370 2384.6
1382380 2384.6
1382390 2374.9
1382400 2364.3
1382410 2364.3
1382420 2353.8
1382430 2343.2
1382440 2343.2
1382450 2334.2
1382460 2325.8
1382470 2325.8
1382480 2318.3
1382490 2311.7
1382500 2304.9
1382510 2304.9
1382520 2299.1
1382530 2290.8
1382540 2290.8
1382550 2279.7
1382560 2270.3
1382570 2270.3
1382580 2259.8
1382590 2248.0
1382600 2248.0
1382610 2235.1
1382620 2219.6
1382630 2219.6
1382640 2209.4
1382650 2201.9
1382660 2201.9
1382670 2193.1
1382680 2184.0
1382690 2184.0
1382700 2172.0
1382710 2160.7
1382720 2149.6
1382730 2149.6
1382740 2136.9
1382750 2127.1
1382760 2127.1
1382770 2119.3
1382780 2111.9
1382790 2111.9
1382800 2104.4
1382810 2096.6
1382820 2096.6
1382830 2089.1
1382840 2082.6
1382850 2082.6
1382860 2072.5
1382870 2060.1
1382880 2060.1
1382890 2053.6
1382900 2048.4
1382910 2042.8
1382920 2042.8
1382930 2036.8
1382940 2030.3
1382950 2030.3
1382960 2023.9
1382970 2017.5
1382980 2017.5
1382990 2008.9
1383000 1997.2
1383010 1997.2
1383020 1987.1
1383030 1979.2
1383040 1979.2
1383050 1970.6
1383060 1964.0
1383070 1964.0
1383080 1958.1
1383090 1950.8
1383100 1942.9
1383110 1942.9
1383120 1935.0
1383130 1927.7
1383140 1927.7
1383150 1920.8
1383160 1914.5
1383170 1914.5
1383180 1908.1
1383190 1901.5
1383200 1901.5
1383210 1894.6
1383220 1888.1
1383230 1888.1
1383240 1882.1
1383250 1875.7
1383260 1875.7
1383270 1869.9
1383280 1864.8
1383290 1864.8
1383300 1859.5
1383310 1854.9
1383320 1849.9
1383330 1849.9
1383340 1844.2
1383350 1840.0
1383360 1840.0
1383370 1837.9
1383380 1836.1
1383390 1836.1
1383400 1834.4
1383410 1832.8
1383420 1832.8
1383430 1832.1
1383440 1832.6
1383450 1832.6
1383460 1833.5
1383470 1833.9
1383480 1833.9
1383490 1834.5
1383500 1835.7
1383510 1836.5
1383520 1836.5
1383530 1837.4
1383540 1844.4
1383550 1844.4
1383560 1845.1
1383570 1844.4
1383580 1844.4
1383590 1845.4
1383600 1848.0
1383610 1848.0
1383620 1850.8
1383630 1853.2
1383640 1853.2
1383650 1855.6
1383660 1858.0
1383670 1858.0
1383680 1860.5
1383690 1861.9
1383700 1862.3
1383710 1862.3
1383720 1862.6
1383730 1862.7
1383740 1862.7
1383750 1863.1
1383760 1861.7
1383770 1861.7
1383780 1860.8
1383790 1859.8
1383800 1859.8
1383810 1859.1
1383820 1861.4
1383830 1861.4
1383840 1865.2
1383850 1870.9
1383860 1870.9
1383870 1875.3
1383880 1880.8
1383890 1880.8
1383900 1888.2
1383910 1895.3
1383920 1902.1
1383930 1902.1
1383940 1910.8
1383950 1919.5
1383960 1919.5
1383970 1925.9
1383980 1932.5
1383990 1932.5
1384000 1930.9
1384010 1928.0
1384020 1928.0
1384030 1922.7
1384040 1917.3
1384050 1917.3
1384060 1914.5
1384070 1912.4
1384080 1912.4
1384090 1909.5
1384100 1907.6
1384110 1904.1
1384120 1904.1
1384130 1901.0
1384140 1898.0
1384150 1898.0
1384160 1893.6
1384170 1885.2
1384180 1885.2
1384190 1884.8
1384200 1895.3
1384210 1895.3
1384220 1894.8
1384230 1889.5
1384240 1889.5
1384250 1885.2
1384260 1881.5
1384270 1881.5
1384280 1876.1
1384290 1871.1
1384300 1868.4
1384310 1868.4
1384320 1862.9
1384330 1858.9
1384340 1858.9
1384350 1853.9
1384360 1849.7
1384370 1849.7
1384380 1851.3
1384390 1857.4
1384400 1857.4
1384410 1866.9
1384420 1876.4
1384430 1876.4
1384440 1882.3
1384450 1890.1
1384460 1890.1
1384470 1898.3
1384480 1905.6
1384490 1905.6
1384500 1913.3
1384510 1921.8
1384520 1931.6
1384530 1931.6
1384540 1941.5
1384550 1949.3
1384560 1949.3
1384570 1957.6
1384580 1964.1
1384590 1964.1
1384600 1971.0
1384610 1978.3
1384620 1978.3
1384630 1983.6
1384640 1988.6
1384650 1988.6
1384660 1994.2
1384670 1999.5
1384680 1999.5
1384690 2005.2
1384700 2011.3
1384710 2020.0
1384720 2020.0
1384730 2030.5
1384740 2038.5
1384750 2038.5
1384760 2045.9
1384770 2054.0
1384780 2054.0
1384790 2062.2
1384800 2064.9
1384810 2064.9
1384820 2072.2
1384830 2079.7
1384840 2079.7
1384850 2086.7
1384860 2093.5
1384870 2093.5
1384880 2100.4
1384890 2107.4
1384900 2114.5
1384910 2114.5
1384920 2121.1
1384930 2127.2
1384940 2127.2
1384950 2133.4
1384960 2139.2
1384970 2139.2
1384980 2145.1
1384990 2151.1
1385000 2151.1
1385010 2157.1
1385020 2163.5
1385030 2163.5
1385040 2170.4
1385050 2177.5
1385060 2177.5
1385070 2184.0
1385080 2190.1
1385090 2190.1
1385100 2195.6
1385110 2201.1
1385120 2206.3
1385130 2206.3
1385140 2211.2
1385150 2215.3
1385160 2215.3
1385170 2218.2
1385180 2219.5
1385190 2219.5
1385200 2219.3
1385210 2217.3
1385220 2217.3
1385230 2213.3
1385240 2208.6
1385250 2208.6
1385260 2203.5
1385270 2197.5
1385280 2197.5
1385290 2191.2
1385300 2184.9
1385310 2178.1
1385320 2178.1
1385330 2171.0
1385340 2163.9
1385350 2163.9
1385360 2158.0
1385370 2153.2
1385380 2153.2
1385390 2147.6
1385400 2140.8
1385410 2140.8
1385420 2130.9
1385430 2133.5
1385440 2133.5
1385450 2140.2
1385460 2142.3
1385470 2142.3
1385480 2140.6
1385490 2138.4
1385500 2141.0
1385510 2141.0
1385520 2142.0
1385530 2142.8
1385540 2142.8
1385550 2144.3
1385560 2145.7
1385570 2145.7
1385580 2147.8
1385590 2150.0
1385600 2150.0
1385610 2153.0
1385620 2156.5
1385630 2156.5
1385640 2161.5
1385650 2166.6
1385660 2166.6
1385670 2170.0
1385680 2168.7
1385690 2168.7
1385700 2163.5
1385710 2157.3
1385720 2152.7
1385730 2152.7
1385740 2149.5
1385750 2145.5
1385760 2145.5
1385770 2141.1
1385780 2138.7
1385790 2138.7
1385800 2136.0
1385810 2133.4
1385820 2133.4
1385830 2130.9
1385840 2131.6
1385850 2131.6
1385860 2136.9
1385870 2141.2
1385880 2141.2
1385890 2145.9
1385900 2150.7
1385910 2153.8
1385920 2153.8
1385930 2158.4
1385940 2163.2
1385950 2163.2
1385960 2168.1
1385970 2173.3
1385980 2173.3
1385990 2178.8
1386000 2184.9
1386010 2184.9
1386020 2190.9
1386030 2196.0
1386040 2196.0
1386050 2199.7
1386060 2204.0
1386070 2204.0
1386080 2215.1
1386090 2219.4
1386100 2224.2
1386110 2224.2
1386120 2230.0
1386130 2234.5
1386140 2234.5
1386150 2235.0
1386160 2235.9
1386170 2235.9
1386180 2239.9
1386190 2244.5
1386200 2244.5
1386210 2244.8
1386220 2241.1
1386230 2241.1
1386240 2235.5
1386250 2229.1
1386260 2229.1
1386270 2222.8
1386280 2216.4
1386290 2209.4
1386300 2209.4
1386310 2202.4
1386320 2195.0
1386330 2195.0
1386340 2188.2
1386350 2181.8
1386360 2181.8
1386370 2175.6
1386380 2169.9
1386390 2169.9
1386400 2164.6
1386410 2159.1
1386420 2159.1
1386430 2153.9
1386440 2149.0
1386450 2149.0
1386460 2143.6
1386470 2138.7
1386480 2138.7
1386490 2134.8
1386500 2130.9
1386510 2127.0
1386520 2127.0
1386530 2123.0
1386540 2119.2
1386550 2119.2
1386560 2115.1
1386570 2110.7
1386580 2110.7
1386590 2106.3
1386600 2101.5
1386610 2101.5
1386620 2096.3
1386630 2090.1
1386640 2090.1
1386650 2083.5
1386660 2078.1
1386670 2078.1
1386680 2073.2
1386690 2067.5
1386700 2061.5
1386710 2061.5
1386720 2055.9
1386730 2050.7
1386740 2050.7
1386750 2045.7
1386760 2041.4
1386770 2041.4
1386780 2037.0
1386790 2032.0
1386800 2032.0
1386810 2026.2
1386820 2019.8
1386830 2019.8
1386840 2012.4
1386850 2005.3
1386860 2005.3
1386870 1999.2
1386880 1994.4
1386890 1988.0
1386900 1988.0
1386910 1980.9
1386920 1974.5
1386930 1974.5
1386940 1967.9
1386950 1961.7
1386960 1961.7
1386970 1956.9
1386980 1953.2
1386990 1953.2
1387000 1949.6
1387010 1947.5
1387020 1947.5
1387030 1946.8
1387040 1944.7
1387050 1944.7
1387060 1938.6
1387070 1929.0
1387080 1929.0
1387090 1921.7
1387100 1917.8
1387110 1916.1
1387120 1916.1
1387130 1913.1
1387140 1910.7
1387150 1910.7
1387160 1907.5
1387170 1905.0
1387180 1905.0
1387190 1901.8
1387200 1896.8
1387210 1896.8
1387220 1891.8
1387230 1886.9
1387240 1886.9
1387250 1882.5
1387260 1877.6
1387270 1877.6
1387280 1872.9
1387290 1869.1
1387300 1866.1
1387310 1866.1
1387320 1863.7
1387330 1859.8
1387340 1859.8
1387350 1853.7
1387360 1849.8
1387370 1851.6
1387380 1851.8
1387390 1853.1
1387400 1853.1
1387410 1856.1
1387420 1860.0
1387430 1860.0
1387440 1864.1
1387450 1867.8
1387460 1867.8
1387470 1872.1
1387480 1877.4
1387490 1882.1
1387500 1882.1
1387510 1886.9
1387520 1892.5
1387530 1892.5
1387540 1896.8
1387550 1901.6
1387560 1901.6
1387570 1907.6
1387580 1912.9
1387590 1912.9
1387600 1918.3
1387610 1924.1
1387620 1924.1
1387630 1929.5
1387640 1932.7
1387650 1932.7
1387660 1933.1
1387670 1936.4
1387680 1936.4
1387690 1944.4
1387700 1952.9
1387710 1961.4
1387720 1961.4
1387730 1968.2
1387740 1972.8
1387750 1972.8
1387760 1978.4
1387770 1987.0
1387780 1987.0
1387790 1996.6
1387800 2003.3
1387810 2003.3
1387820 2006.2
1387830 2008.4
1387840 2008.4
1387850 2007.7
1387860 2005.3
1387870 2005.3
1387880 2004.1
1387890 2005.1
1387900 2008.7
1387910 2008.7
1387920 2007.7
1387930 2009.6
1387940 2009.6
1387950 2010.1
1387960 2008.9
1387970 2008.9
1387980 2005.8
1387990 2006.1
1388000 2006.1
1388010 2009.5
1388020 2014.9
1388030 2014.9
1388040 2021.7
1388050 2029.5
1388060 2029.5
1388070 2037.7
1388080 2046.3
1388090 2054.8
1388100 2054.8
1388110 2062.7
1388120 2068.8
1388130 2068.8
1388140 2074.1
1388150 2078.3
1388160 2078.3
1388170 2081.7
1388180 2085.2
1388190 2085.2
1388200 2089.5
1388210 2094.8
1388220 2094.8
1388230 2099.5
1388240 2104.0
1388250 2104.0
1388260 2108.3
1388270 2112.0
1388280 2112.0
1388290 2115.6
1388300 2119.2
1388310 2122.5
1388320 2122.5
1388330 2126.3
1388340 2129.7
1388350 2129.7
1388360 2132.0
1388370 2134.4
1388380 2134.4
1388390 2137.6
1388400 2141.7
1388410 2141.7
1388420 2146.9
1388430 2152.9
1388440 2152.9
1388450 2158.6
1388460 2163.9
1388470 2163.9
1388480 2168.5
1388490 2171.7
1388500 2173.0
1388510 2173.0
1388520 2174.5
1388530 2175.2
1388540 2175.2
1388550 2174.5
1388560 2172.3
1388570 2172.3
1388580 2168.7
1388590 2163.4
1388600 2163.4
1388610 2156.4
1388620 2149.0
1388630 2149.0
1388640 2141.7
1388650 2135.0
1388660 2135.0
1388670 2130.1
1388680 2132.7
1388690 2126.9
1388700 2126.9
1388710 2121.2
1388720 2117.1
1388730 2117.1
1388740 2112.2
1388750 2106.0
1388760 2106.0
1388770 2098.2
1388780 2087.6
1388790 2087.6
1388800 2078.0
1388810 2069.4
1388820 2069.4
1388830 2059.0
1388840 2049.4
1388850 2049.4
1388860 2040.6
1388870 2031.7
1388880 2031.7
1388890 2023.5
1388900 2015.0
1388910 2006.3
1388920 2006.3
1388930 1998.5
1388940 1990.8
1388950 1990.8
1388960 1982.9
1388970 1975.3
1388980 1975.3
1388990 1968.9
1389000 1963.0
1389010 1963.0
1389020 1957.5
1389030 1952.2
1389040 1952.2
1389050 1946.8
1389060 1940.9
1389070 1940.9
1389080 1935.2
1389090 1929.9
1389100 1924.8
1389110 1924.8
1389120 1919.4
1389130 1914.1
1389140 1914.1
1389150 1908.8
1389160 1903.5
1389170 1903.5
1389180 1898.3
1389190 1892.8
1389200 1892.8
1389210 1886.3
1389220 1877.6
1389230 1877.6
1389240 1868.4
1389250 1865.4
1389260 1865.4
1389270 1870.2
1389280 1873.9
1389290 1877.4
1389300 1877.4
1389310 1881.0
1389320 1884.1
1389330 1884.1
1389340 1886.8
1389350 1889.1
1389360 1889.1
1389370 1890.9
1389380 1893.6
1389390 1893.6
1389400 1896.9
1389410 1899.9
1389420 1899.9
1389430 1902.5
1389440 1907.6
1389450 1907.6
1389460 1913.4
1389470 1921.1
1389480 1921.1
1389490 1929.1
1389500 1938.4
1389510 1947.6
1389520 1947.6
1389530 1956.5
1389540 1962.7
1389550 1962.7
1389560 1969.2
1389570 1977.3
1389580 1977.3
1389590 1985.6
1389600 1993.2
1389610 1993.2
1389620 2000.5
1389630 2006.3
1389640 2006.3
1389650 2009.1
1389660 2008.8
1389670 2008.8
1389680 2014.6
1389690 2023.2
1389700 2031.1
1389710 2031.1
1389720 2039.8
1389730 2049.7
1389740 2049.7
1389750 2058.9
1389760 2067.1
1389770 2067.1
1389780 2077.4
1389790 2087.6
1389800 2087.6
1389810 2095.4
1389820 2102.5
1389830 2102.5
1389840 2110.5
1389850 2117.9
1389860 2117.9
1389870 2123.9
1389880 2130.1
1389890 2135.5
1389900 2135.5
1389910 2141.2
1389920 2147.9
1389930 2147.9
1389940 2153.2
1389950 2157.4
1389960 2157.4
1389970 2161.3
1389980 2164.5
1389990 2164.5
1390000 2167.9
1390010 2178.3
1390020 2178.3
1390030 2181.1
1390040 2182.7
1390050 2182.7
1390060 2182.4
1390070 2180.3
1390080 2180.3
1390090 2177.9
1390100 2176.2
1390110 2174.2
1390120 2174.2
1390130 2171.1
1390140 2166.9
1390150 2166.9
1390160 2162.7
1390170 2159.7
1390180 2159.7
1390190 2157.6
1390200 2154.9
1390210 2154.9
1390220 2151.3
1390230 2150.6
1390240 2150.6
1390250 2151.6
1390260 2150.4
1390270 2150.4
1390280 2151.8
1390290 2152.5
1390300 2151.9
1390310 2151.9
1390320 2150.9
1390330 2149.6
1390340 2149.6
1390350 2147.3
1390360 2143.9
1390370 2143.9
1390380 2139.1
1390390 2137.9
1390400 2137.9
1390410 2141.2
1390420 2143.8
1390430 2143.8
1390440 2147.2
1390450 2147.9
1390460 2147.9
1390470 2146.4
1390480 2144.3
1390490 2143.4
1390500 2143.4
1390510 2143.3
1390520 2142.8
1390530 2142.8
1390540 2138.3
1390550 2131.4
1390560 2131.4
1390570 2122.6
1390580 2114.0
1390590 2114.0
1390600 2105.6
1390610 2097.7
1390620 2097.7
1390630 2089.7
1390640 2081.0
1390650 2081.0
1390660 2073.0
1390670 2065.8
1390680 2065.8
1390690 2058.9
1390700 2052.2
1390710 2045.5
1390720 2045.5
1390730 2039.1
1390740 2034.6
1390750 2034.6
1390760 2031.2
1390770 2026.2
1390780 2026.2
1390790 2020.2
1390800 2014.0
1390810 2014.0
1390820 2006.8
1390830 1998.7
1390840 1998.7
1390850 1991.2
1390860 1983.3
1390870 1983.3
1390880 1972.9
1390890 1961.6
1390900 1954.0
1390910 1954.0
1390920 1955.8
1390930 1960.8
1390940 1960.8
1390950 1963.3
1390960 1961.3
1390970 1961.3
1390980 1958.5
1390990 1954.8
1391000 1954.8
1391010 1947.4
1391020 1935.7
1391030 1935.7
1391040 1924.2
1391050 1915.5
1391060 1915.5
1391070 1917.6
1391080 1924.3
1391090 1915.3
1391100 1915.3
1391110 1901.1
1391120 1890.1
1391130 1890.1
1391140 1884.9
1391150 1886.5
1391160 1886.5
1391170 1880.3
1391180 1866.3
1391190 1866.3
1391200 1847.1
1391210 1835.0
1391220 1835.0
1391230 1826.2
1391240 1818.5
1391250 1818.5
1391260 1812.5
1391270 1806.4
1391280 1800.0
1391290 1800.0
1391300 1792.5
1391310 1784.5
1391320 1784.5
1391330 1777.3
1391340 1770.1
1391350 1770.1
1391360 1766.6
1391370 1761.0
1391380 1761.0
1391390 1755.3
1391400 1749.8
1391410 1749.8
1391420 1745.2
1391430 1741.9
1391440 1741.9
1391450 1739.2
1391460 1736.7
1391470 1736.7
1391480 1734.5
1391490 1728.6
1391500 1721.7
1391510 1721.7
1391520 1719.6
1391530 1723.2
1391540 1723.2
1391550 1728.7
1391560 1733.8
1391570 1733.8
1391580 1739.0
1391590 1743.9
1391600 1743.9
1391610 1745.1
1391620 1745.8
1391630 1745.8
1391640 1746.9
1391650 1747.3
1391660 1747.3
1391670 1746.9
1391680 1747.1
1391690 1748.5
1391700 1748.5
1391710 1750.2
1391720 1754.5
1391730 1754.5
1391740 1760.0
1391750 1766.4
1391760 1766.4
1391770 1772.8
1391780 1778.9
1391790 1778.9
1391800 1785.3
1391810 1792.0
1391820 1792.0
1391830 1799.2
1391840 1805.9
1391850 1805.9
1391860 1813.7
1391870 1823.5
1391880 1833.3
1391890 1833.3
1391900 1842.1
1391910 1846.9
1391920 1846.9
1391930 1852.8
1391940 1858.8
1391950 1858.8
1391960 1862.5
1391970 1865.9
1391980 1865.9
1391990 1870.6
1392000 1877.4
1392010 1877.4
1392020 1886.7
1392030 1894.8
1392040 1894.8
1392050 1900.3
1392060 1905.8
1392070 1905.8
1392080 1912.0
1392090 1918.4
1392100 1924.4
1392110 1924.4
1392120 1930.7
1392130 1935.9
1392140 1935.9
1392150 1943.6
1392160 1954.4
1392170 1954.4
1392180 1964.8
1392190 1971.3
1392200 1971.3
1392210 1976.9
1392220 1983.8
1392230 1983.8
1392240 1991.3
1392250 2000.1
1392260 2000.1
1392270 2009.2
1392280 2018.5
1392290 2028.7
1392300 2028.7
1392310 2041.1
1392320 2051.1
1392330 2051.1
1392340 2058.2
1392350 2064.9
1392360 2064.9
1392370 2071.1
1392380 2078.4
1392390 2078.4
1392400 2086.1
1392410 2093.7
1392420 2093.7
1392430 2101.0
1392440 2108.1
1392450 2108.1
1392460 2112.9
1392470 2115.8
1392480 2117.8
1392490 2117.8
1392500 2119.3
1392510 2120.0
1392520 2120.0
1392530 2119.9
1392540 2119.5
1392550 2119.5
1392560 2118.9
1392570 2118.3
1392580 2118.3
1392590 2116.5
1392600 2113.8
1392610 2113.8
1392620 2111.0
1392630 2108.1
1392640 2108.1
1392650 2105.6
1392660 2103.0
1392670 2103.0
1392680 2099.7
1392690 2096.5
1392700 2094.6
1392710 2094.6
1392720 2092.2
1392730 2090.3
1392740 2090.3
1392750 2085.9
1392760 2081.5
1392770 2081.5
1392780 2076.5
1392790 2070.0
1392800 2070.0
1392810 2063.4
1392820 2056.8
1392830 2056.8
1392840 2050.0
1392850 2042.5
1392860 2042.5
1392870 2033.4
1392880 2024.2
1392890 2016.2
1392900 2016.2
1392910 2009.8
1392920 2003.7
1392930 2003.7
1392940 1997.1
1392950 1989.9
1392960 1989.9
1392970 1982.9
1392980 1976.9
1392990 1976.9
1393000 1972.3
1393010 1967.9
1393020 1967.9
1393030 1962.8
1393040 1957.1
1393050 1957.1
1393060 1951.5
1393070 1945.7
1393080 1938.6
1393090 1938.6
1393100 1930.2
1393110 1926.0
1393120 1926.0
1393130 1924.7
1393140 1925.4
1393150 1925.4
1393160 1925.4
1393170 1922.8
1393180 1922.8
1393190 1919.5
1393200 1915.1
1393210 1915.1
1393220 1908.9
1393230 1902.4
1393240 1902.4
1393250 1897.5
1393260 1897.4
1393270 1897.4
1393280 1896.1
1393290 1896.8
1393300 1896.9
1393310 1896.9
1393320 1898.7
1393330 1901.9
1393340 1901.9
1393350 1907.1
1393360 1908.9
1393370 1908.9
1393380 1906.5
1393390 1906.9
1393400 1906.9
1393410 1908.0
1393420 1908.0
1393430 1908.0
1393440 1907.9
1393450 1910.7
1393460 1910.7
1393470 1913.8
1393480 1915.6
1393490 1917.5
1393500 1917.5
1393510 1920.4
1393520 1924.9
1393530 1924.9
1393540 1930.5
1393550 1937.2
1393560 1937.2
1393570 1945.3
1393580 1954.7
1393590 1954.7
1393600 1964.4
1393610 1973.3
1393620 1973.3
1393630 1981.2
1393640 1989.5
1393650 1989.5
1393660 1997.2
1393670 2004.9
1393680 2012.9
1393690 2012.9
1393700 2019.2
1393710 2025.5
1393720 2025.5
1393730 2030.2
1393740 2033.9
1393750 2033.9
1393760 2037.9
1393770 2042.1
1393780 2042.1
1393790 2046.0
1393800 2049.9
1393810 2049.9
1393820 2052.3
1393830 2053.7
1393840 2053.7
1393850 2054.8
1393860 2055.3
1393870 2055.3
1393880 2055.7
1393890 2056.7
1393900 2058.9
1393910 2058.9
1393920 2061.9
1393930 2065.6
1393940 2065.6
1393950 2069.7
1393960 2073.4
1393970 2073.4
1393980 2074.9
1393990 2074.2
1394000 2074.2
1394010 2074.3
1394020 2075.0
1394030 2075.0
1394040 2076.5
1394050 2078.3
1394060 2078.3
1394070 2079.3
1394080 2079.4
1394090 2080.1
1394100 2080.1
1394110 2079.1
1394120 2082.7
1394130 2082.7
1394140 2082.7
1394150 2081.8
1394160 2081.8
1394170 2077.6
1394180 2071.6
1394190 2071.6
1394200 2064.2
1394210 2059.7
1394220 2059.7
1394230 2055.9
1394240 2051.3
1394250 2051.3
1394260 2043.5
1394270 2035.1
1394280 2027.7
1394290 2027.7
1394300 2020.4
1394310 2014.4
1394320 2014.4
1394330 2010.6
1394340 2007.9
1394350 2007.9
1394360 2006.4
1394370 2004.9
1394380 2004.9
1394390 2002.2
1394400 1999.6
1394410 1999.6
1394420 1995.9
1394430 1990.3
1394440 1990.3
1394450 1986.8
1394460 1984.3
1394470 1984.3
1394480 1981.8
1394490 1982.0
1394500 1983.3
1394510 1983.3
1394520 1983.6
1394530 1983.8
1394540 1983.8
1394550 1984.2
1394560 1985.0
1394570 1985.0
1394580 1985.4
1394590 1985.3
1394600 1985.3
1394610 1985.5
1394620 1985.8
1394630 1985.8
1394640 1985.4
1394650 1985.1
1394660 1985.1
1394670 1983.5
1394680 1980.7
1394690 1977.8
1394700 1977.8
1394710 1975.2
1394720 1972.0
1394730 1972.0
1394740 1968.8
1394750 1966.4
1394760 1966.4
1394770 1964.3
1394780 1962.6
1394790 1962.6
1394800 1959.4
1394810 1955.3
1394820 1955.3
1394830 1951.4
1394840 1948.3
1394850 1948.3
1394860 1945.4
1394870 1940.8
1394880 1935.8
1394890 1935.8
1394900 1931.7
1394910 1927.5
1394920 1927.5
1394930 1921.8
1394940 1913.3
1394950 1913.3
1394960 1904.9
1394970 1896.5
1394980 1896.5
1394990 1889.6
1395000 1883.8
1395010 1883.8
1395020 1877.8
1395030 1870.8
1395040 1870.8
1395050 1863.3
1395060 1857.5
1395070 1853.3
1395080 1853.3
1395090 1848.0
1395100 1843.7
1395110 1843.7
1395120 1837.5
1395130 1828.3
1395140 1828.3
1395150 1820.0
1395160 1813.1
1395170 1813.1
1395180 1806.7
1395190 1799.3
1395200 1799.3
1395210 1792.4
1395220 1786.2
1395230 1786.2
1395240 1774.7
1395250 1767.0
1395260 1767.0
1395270 1759.4
1395280 1745.8
1395290 1736.8
1395300 1736.8
1395310 1730.8
1395320 1722.2
1395330 1722.2
1395340 1711.1
1395350 1698.0
1395360 1698.0
1395370 1683.3
1395380 1668.9
1395390 1668.9
1395400 1659.3
1395410 1651.3
1395420 1651.3
1395430 1643.5
1395440 1634.6
1395450 1634.6
1395460 1625.1
1395470 1615.5
1395480 1608.3
1395490 1608.3
1395500 1601.8
1395510 1594.9
1395520 1594.9
1395530 1589.4
1395540 1582.5
1395550 1582.5
1395560 1575.9
1395570 1569.7
1395580 1569.7
1395590 1562.7
1395600 1554.7
1395610 1554.7
1395620 1547.1
1395630 1540.6
1395640 1540.6
1395650 1531.3
1395660 1517.0
1395670 1506.0
1395680 1506.0
1395690 1500.0
1395700 1495.4
1395710 1495.4
1395720 1490.9
1395730 1485.6
1395740 1485.6
1395750 1481.1
1395760 1475.8
1395770 1475.8
1395780 1470.2
1395790 1464.5
1395800 1464.5
1395810 1456.7
1395820 1448.9
1395830 1448.9
1395840 1443.9
1395850 1438.2
1395860 1438.2
1395870 1431.2
1395880 1423.9
1395890 1416.9
1395900 1416.9
1395910 1409.0
1395920 1400.3
1395930 1400.3
1395940 1390.5
1395950 1383.1
1395960 1383.1
1395970 1378.6
1395980 1374.6
1395990 1374.6
1396000 1368.5
1396010 1361.4
1396020 1361.4
1396030 1353.8
1396040 1346.4
1396050 1346.4
1396060 1337.7
1396070 1325.3
1396080 1316.2
1396090 1316.2
1396100 1309.7
1396110 1301.5
1396120 1301.5
1396130 1292.3
1396140 1282.7
1396150 1282.7
1396160 1276.6
1396170 1271.4
1396180 1271.4
1396190 1265.5
1396200 1259.6
1396210 1259.6
1396220 1253.7
1396230 1248.1
1396240 1248.1
1396250 1241.8
1396260 1237.0
1396270 1232.8
1396280 1232.8
1396290 1226.6
1396300 1220.7
1396310 1220.7
1396320 1215.7
1396330 1210.9
1396340 1210.9
1396350 1197.7
1396360 1178.7
1396370 1178.7
1396380 1163.5
1396390 1147.6
1396400 1147.6
1396410 1137.1
1396420 1131.1
1396430 1131.1
1396440 1121.8
1396450 1118.4
1396460 1118.4
1396470 1117.1
1396480 1111.8
1396490 1102.9
1396500 1102.9
1396510 1097.7
1396520 1092.3
1396530 1092.3
1396540 1081.9
1396550 1072.6
1396560 1072.6
1396570 1061.0
1396580 1048.4
1396590 1048.4
1396600 1038.4
1396610 1028.9
1396620 1028.9
1396630 1017.2
1396640 1006.8
1396650 1006.8
1396660 999.8
1396670 991.9
1396680 971.7
1396690 971.7
1396700 958.4
1396710 952.0
1396720 952.0
1396730 949.8
1396740 948.9
1396750 948.9
1396760 948.5
1396770 947.9
1396780 947.9
1396790 947.4
1396800 946.8
1396810 946.8
1396820 945.4
1396830 944.2
1396840 944.2
1396850 943.2
1396860 942.3
1396870 941.6
1396880 941.6
1396890 941.1
1396900 940.6
1396910 940.6
1396920 939.9
1396930 939.0
1396940 939.0
1396950 941.3
1396960 941.9
1396970 941.9
1396980 938.0
1396990 936.2
1397000 936.2
1397010 935.4
1397020 935.1
1397030 935.1
1397040 936.3
1397050 935.2
1397060 935.2
1397070 935.2
1397080 935.5
1397090 932.6
1397100 932.6
1397110 926.5
1397120 923.5
1397130 923.5
1397140 920.3
1397150 916.6
1397160 916.6
1397170 917.0
1397180 921.3
1397190 921.3
1397200 925.3
1397210 928.0
1397220 928.0
1397230 929.8
1397240 930.7
1397250 930.7
1397260 930.9
1397270 931.7
1397280 933.2
1397290 933.2
1397300 937.0
1397310 942.6
1397320 942.6
1397330 948.7
1397340 954.6
1397350 954.6
1397360 958.8
1397370 961.3
1397380 961.3
1397390 965.6
1397400 969.2
1397410 969.2
1397420 971.6
1397430 972.7
1397440 972.7
1397450 974.8
1397460 977.0
1397470 978.2
1397480 978.2
1397490 978.3
1397500 978.8
1397510 978.8
1397520 980.8
1397530 985.5
1397540 985.5
1397550 990.3
1397560 994.8
1397570 994.8
1397580 999.5
1397590 1002.5
1397600 1002.5
1397610 1004.5
1397620 1008.9
1397630 1008.9
1397640 1014.4
1397650 1019.3
1397660 1019.3
1397670 1022.2
1397680 1024.1
1397690 1028.6
1397700 1028.6
1397710 1033.5
1397720 1039.9
1397730 1039.9
1397740 1043.7
1397750 1048.8
1397760 1048.8
1397770 1052.3
1397780 1057.6
1397790 1057.6
1397800 1064.6
1397810 1071.2
1397820 1071.2
1397830 1076.9
1397840 1080.8
1397850 1080.8
1397860 1087.4
1397870 1095.3
1397880 1102.6
1397890 1102.6
1397900 1109.0
1397910 1115.5
1397920 1115.5
1397930 1122.5
1397940 1129.8
1397950 1129.8
1397960 1135.5
1397970 1139.2
1397980 1139.2
1397990 1143.4
1398000 1149.1
1398010 1149.1
1398020 1154.7
1398030 1160.9
1398040 1160.9
1398050 1166.8
1398060 1171.7
1398070 1175.9
1398080 1175.9
1398090 1179.1
1398100 1182.6
1398110 1182.6
1398120 1186.5
1398130 1190.2
1398140 1190.2
1398150 1194.1
1398160 1198.2
1398170 1198.2
1398180 1202.2
1398190 1206.1
1398200 1206.1
1398210 1210.1
1398220 1213.4
1398230 1213.4
1398240 1216.2
1398250 1218.6
1398260 1218.6
1398270 1220.9
1398280 1223.0
1398290 1224.7
1398300 1224.7
1398310 1226.3
1398320 1227.4
1398330 1227.4
1398340 1228.6
1398350 1229.8
1398360 1229.8
1398370 1230.6
1398380 1231.3
1398390 1231.3
1398400 1232.0
1398410 1233.3
1398420 1225.0
1398430 1226.6
1398440 1228.8
1398450 1228.8
1398460 1229.3
1398470 1229.7
1398480 1231.3
1398490 1231.3
1398500 1234.6
1398510 1238.6
1398520 1238.6
1398530 1240.8
1398540 1244.7
1398550 1244.7
1398560 1244.2
1398570 1240.7
1398580 1240.7
1398590 1237.6
1398600 1235.1
1398610 1235.1
1398620 1234.2
1398630 1233.9
1398640 1233.9
1398650 1233.1
1398660 1233.7
1398670 1235.8
1398680 1235.8
1398690 1239.0
1398700 1242.3
1398710 1242.3
1398720 1244.5
1398730 1246.1
1398740 1246.1
1398750 1247.3
1398760 1248.4
1398770 1248.4
1398780 1250.8
1398790 1253.7
1398800 1253.7
1398810 1255.3
1398820 1256.6
1398830 1256.6
1398840 1256.9
1398850 1256.3
1398860 1256.3
1398870 1255.6
1398880 1255.3
1398890 1254.3
1398900 1254.3
1398910 1253.1
1398920 1251.2
1398930 1251.2
1398940 1250.6
1398950 1253.2
1398960 1253.2
1398970 1254.2
1398980 1255.3
1398990 1255.3
1399000 1260.1
1399010 1263.8
1399020 1263.8
1399030 1262.7
1399040 1262.0
1399050 1262.0
1399060 1266.3
1399070 1268.5
1399080 1269.1
1399090 1269.1
1399100 1271.2
1399110 1273.3
1399120 1273.3
1399130 1272.6
1399140 1268.5
1399150 1268.5
1399160 1263.6
1399170 1259.0
1399180 1259.0
1399190 1253.5
1399200 1249.1
1399210 1249.1
1399220 1248.8
1399230 1249.4
1399240 1249.4
1399250 1250.5
1399260 1252.2
1399270 1252.0
1399280 1252.0
1399290 1246.3
1399300 1242.4
1399310 1242.4
1399320 1241.2
1399330 1245.5
1399340 1245.5
1399350 1241.5
1399360 1231.1
1399370 1231.1
1399380 1230.8
1399390 1222.6
1399400 1222.6
1399410 1224.7
1399420 1236.2
1399430 1236.2
1399440 1249.1
1399450 1262.3
1399460 1275.0
1399470 1275.0
1399480 1283.4
1399490 1293.1
1399500 1293.1
1399510 1302.0
1399520 1308.7
1399530 1308.7
1399540 1313.2
1399550 1317.4
1399560 1317.4
1399570 1319.5
1399580 1322.0
1399590 1322.0
1399600 1325.6
1399610 1329.7
1399620 1329.7
1399630 1334.2
1399640 1339.3
1399650 1339.3
1399660 1344.1
1399670 1349.2
1399680 1354.2
1399690 1354.2
1399700 1358.9
1399710 1363.5
1399720 1363.5
1399730 1368.7
1399740 1373.8
1399750 1373.8
1399760 1379.2
1399770 1385.4
1399780 1385.4
1399790 1390.7
1399800 1396.1
1399810 1396.1
1399820 1401.6
1399830 1407.8
1399840 1407.8
1399850 1414.6
1399860 1421.2
1399870 1427.3
1399880 1427.3
1399890 1432.8
1399900 1440.4
1399910 1440.4
1399920 1444.9
1399930 1449.5
1399940 1449.5
1399950 1453.9
1399960 1458.0
1399970 1458.0
1399980 1462.3
1399990 1466.9
1380000 1879.9
1380010 1879.9
1380020 1885.6
1380030 1890.0
1380040 1890.0
1380050 1893.4
1380060 1895.7
1380070 1895.7
1380080 1896.7
1380090 1897.8
1380100 1900.3
1380110 1900.3
1380120 1903.9
1380130 1907.6
1380140 1907.6
1380150 1911.3
1380160 1914.7
1380170 1914.7
1380180 1917.7
1380190 1920.5
1380200 1920.5
1380210 1923.4
1380220 1926.2
1380230 1926.2
1380240 1930.0
1380250 1933.8
1380260 1933.8
1380270 1937.2
1380280 1940.0
1380290 1940.0
1380300 1942.1
1380310 1944.5
1380320 1947.2
1380330 1947.2
1380340 1950.7
1380350 1955.4
1380360 1955.4
1380370 1961.5
1380380 1966.8
1380390 1966.8
1380400 1971.7
1380410 1975.8
1380420 1975.8
1380430 1979.2
1380440 1981.6
1380450 1981.6
1380460 1984.6
1380470 1987.6
1380480 1987.6
1380490 1987.9
1380500 1988.0
1380510 1989.9
1380520 1989.9
1380530 1991.3
1380540 1989.0
1380550 1989.0
1380560 1986.2
1380570 1983.5
1380580 1983.5
1380590 1979.5
1380600 1973.3
1380610 1973.3
1380620 1971.3
1380630 1972.8
1380640 1972.8
1380650 1975.0
1380660 1974.2
1380670 1974.2
1380680 1973.2
1380690 1972.8
1380700 1976.0
1380710 1976.0
1380720 1983.9
1380730 1990.3
1380740 1990.3
1380750 1993.0
1380760 1998.1
1380770 1998.1
1380780 1999.2
1380790 1996.1
1380800 1996.1
1380810 1992.9
1380820 1996.3
1380830 1996.3
1380840 2005.5
1380850 2015.0
1380860 2015.0
1380870 2023.9
1380880 2031.5
1380890 2031.5
1380900 2037.8
1380910 2043.9
1380920 2050.9
1380930 2050.9
1380940 2056.7
1380950 2061.0
1380960 2061.0
1380970 2064.4
1380980 2067.3
1380990 2067.3
1381000 2070.5
1381010 2072.9
1381020 2072.9
1381030 2075.5
1381040 2080.0
1381050 2080.0
1381060 2085.1
1381070 2094.1
1381080 2094.1
1381090 2100.5
1381100 2106.5
1381110 2111.8
1381120 2111.8
1381130 2116.7
1381140 2121.7
1381150 2121.7
1381160 2126.7
1381170 2131.7
1381180 2131.7
1381190 2136.4
1381200 2140.5
1381210 2140.5
1381220 2144.3
1381230 2146.4
1381240 2146.4
1381250 2146.3
1381260 2145.7
1381270 2145.7
1381280 2145.0
1381290 2143.9
1381300 2142.1
1381310 2142.1
1381320 2139.1
1381330 2137.3
1381340 2137.3
1381350 2137.2
1381360 2136.7
1381370 2136.7
1381380 2139.6
1381390 2140.4
1381400 2140.4
1381410 2143.1
1381420 2148.8
1381430 2148.8
1381440 2153.5
1381450 2152.0
1381460 2152.0
1381470 2148.2
1381480 2149.7
1381490 2149.7
1381500 2150.8
1381510 2151.8
1381520 2156.5
1381530 2156.5
1381540 2162.9
1381550 2170.6
1381560 2170.6
1381570 2178.8
1381580 2187.1
1381590 2187.1
1381600 2196.0
1381610 2204.0
1381620 2204.0
1381630 2211.2
1381640 2217.8
1381650 2217.8
1381660 2222.8
1381670 2227.2
1381680 2227.2
1381690 2232.7
1381700 2238.3
1381710 2242.6
1381720 2242.6
1381730 2245.9
1381740 2249.3
1381750 2249.3
1381760 2253.9
1381770 2259.6
1381780 2259.6
1381790 2265.3
1381800 2271.3
1381810 2271.3
1381820 2277.5
1381830 2283.3
1381840 2283.3
1381850 2288.7
1381860 2293.3
1381870 2293.3
1381880 2297.5
1381890 2300.2
1381900 2304.4
1381910 2304.4
1381920 2309.8
1381930 2315.1
1381940 2315.1
1381950 2319.6
1381960 2319.7
1381970 2319.7
1381980 2318.2
1381990 2317.0
1382000 2317.0
1382010 2315.6
1382020 2313.9
1382030 2313.9
1382040 2311.7
1382050 2307.3
1382060 2307.3
1382070 2308.7
1382080 2314.4
1382090 2314.4
1382100 2320.4
1382110 2325.5
1382120 2331.3
1382130 2331.3
1382140 2336.2
1382150 2336.2
1382160 2336.2
1382170 2339.1
1382180 2341.9
1382190 2341.9
1382200 2345.3
1382210 2350.6
1382220 2350.6
1382230 2359.0
1382240 2365.3
1382250 2365.3
1382260 2368.2
1382270 2371.2
1382280 2371.2
1382290 2376.7
1382300 2389.6
1382310 2396.2
1382320 2396.2
1382330 2398.7
1382340 2396.7
1382350 2396.7
1382360 2391.9
1382370 2384.6
1382380 2384.6
1382390 2374.9
1382400 2364.3
1382410 2364.3
1382420 2353.8
1382430 2343.2
1382440 2343.2
1382450 2334.2
1382460 2325.8
1382470 2325.8
1382480 2318.3
1382490 2311.7
1382500 2304.9
1382510 2304.9
1382520 2299.1
1382530 2290.8
1382540 2290.8
1382550 2279.7
1382560 2270.3
1382570 2270.3
1382580 2259.8
1382590 2248.0
1382600 2248.0
1382610 2235.1
1382620 2219.6
1382630 2219.6
1382640 2209.4
1382650 2201.9
1382660 2201.9
1382670 2193.1
1382680 2184.0
1382690 2184.0
1382700 2172.0
1382710 2160.7
1382720 2149.6
1382730 2149.6
1382740 2136.9
1382750 2127.1
1382760 2127.1
1382770 2119.3
1382780 2111.9
1382790 2111.9
1382800 2104.4
1382810 2096.6
1382820 2096.6
1382830 2089.1
1382840 2082.6
1382850 2082.6
1382860 2072.5
1382870 2060.1
1382880 2060.1
1382890 2053.6
1382900 2048.4
1382910 2042.8
1382920 2042.8
1382930 2036.8
1382940 2030.3
1382950 2030.3
1382960 2023.9
1382970 2017.5
1382980 2017.5
1382990 2008.9
1383000 1997.2
1383010 1997.2
1383020 1987.1
1383030 1979.2
1383040 1979.2
1383050 1970.6
1383060 1964.0
1383070 1964.0
1383080 1958.1
1383090 1950.8
1383100 1942.9
1383110 1942.9
1383120 1935.0
1383130 1927.7
1383140 1927.7
1383150 1920.8
1383160 1914.5
1383170 1914.5
1383180 1908.1
1383190 1901.5
1383200 1901.5
1383210 1894.6
1383220 1888.1
1383230 1888.1
1383240 1882.1
1383250 1875.7
1383260 1875.7
1383270 1869.9
1383280 1864.8
1383290 1864.8
1383300 1859.5
1383310 1854.9
1383320 1849.9
1383330 1849.9
1383340 1844.2
1383350 1840.0
1383360 1840.0
1383370 1837.9
1383380 1836.1
1383390 1836.1
1383400 1834.4
1383410 1832.8
1383420 1832.8
1383430 1832.1
1383440 1832.6
1383450 1832.6
1383460 1833.5
1383470 1833.9
1383480 1833.9
1383490 1834.5
1383500 1835.7
1383510 1836.5
1383520 1836.5
1383530 1837.4
1383540 1844.4
1383550 1844.4
1383560 1845.1
1383570 1844.4
1383580 1844.4
1383590 1845.4
1383600 1848.0
1383610 1848.0
1383620 1850.8
1383630 1853.2
1383640 1853.2
1383650 1855.6
1383660 1858.0
1383670 1858.0
1383680 1860.5
1383690 1861.9
1383700 1862.3
1383710 1862.3
1383720 1862.6
1383730 1862.7
1383740 1862.7
1383750 1863.1
1383760 1861.7
1383770 1861.7
1383780 1860.8
1383790 1859.8
1383800 1859.8
1383810 1859.1
1383820 1861.4
1383830 1861.4
1383840 1865.2
1383850 1870.9
1383860 1870.9
1383870 1875.3
1383880 1880.8
1383890 1880.8
1383900 1888.2
1383910 1895.3
1383920 1902.1
1383930 1902.1
1383940 1910.8
1383950 1919.5
1383960 1919.5
1383970 1925.9
1383980 1932.5
1383990 1932.5
1384000 1930.9
1384010 1928.0
1384020 1928.0
1384030 1922.7
1384040 1917.3
1384050 1917.3
1384060 1914.5
1384070 1912.4
1384080 1912.4
1384090 1909.5
1384100 1907.6
1384110 1904.1
1384120 1904.1
1384130 1901.0
1384140 1898.0
1384150 1898.0
1384160 1893.6
1384170 1885.2
1384180 1885.2
1384190 1884.8
1384200 1895.3
1384210 1895.3
1384220 1894.8
1384230 1889.5
1384240 1889.5
1384250 1885.2
1384260 1881.5
1384270 1881.5
1384280 1876.1
1384290 1871.1
1384300 1868.4
1384310 1868.4
1384320 1862.9
1384330 1858.9
1384340 1858.9
1384350 1853.9
1384360 1849.7
1384370 1849.7
1384380 1851.3
1384390 1857.4
1384400 1857.4
1384410 1866.9
1384420 1876.4
1384430 1876.4
1384440 1882.3
1384450 1890.1
1384460 1890.1
1384470 1898.3
1384480 1905.6
1384490 1905.6
1384500 1913.3
1384510 1921.8
1384520 1931.6
1384530 1931.6
1384540 1941.5
1384550 1949.3
1384560 1949.3
1384570 1957.6
1384580 1964.1
1384590 1964.1
1384600 1971.0
1384610 1978.3
1384620 1978.3
1384630 1983.6
1384640 1988.6
1384650 1988.6
1384660 1994.2
1384670 1999.5
1384680 1999.5
1384690 2005.2
1384700 2011.3
1384710 2020.0
1384720 2020.0
1384730 2030.5
1384740 2038.5
1384750 2038.5
1384760 2045.9
1384770 2054.0
1384780 2054.0
1384790 2062.2
1384800 2064.9
1384810 2064.9
1384820 2072.2
1384830 2079.7
1384840 2079.7
1384850 2086.7
1384860 2093.5
1384870 2093.5
1384880 2100.4
1384890 2107.4
1384900 2114.5
1384910 2114.5
1384920 2121.1
1384930 2127.2
1384940 2127.2
1384950 2133.4
1384960 2139.2
1384970 2139.2
1384980 2145.1
1384990 2151.1
1385000 2151.1
1385010 2157.1
1385020 2163.5
1385030 2163.5
1385040 2170.4
1385050 2177.5
1385060 2177.5
1385070 2184.0
1385080 2190.1
1385090 2190.1
1385100 2195.6
1385110 2201.1
1385120 2206.3
1385130 2206.3
1385140 2211.2
1385150 2215.3
1385160 2215.3
1385170 2218.2
1385180 2219.5
1385190 2219.5
1385200 2219.3
1385210 2217.3
1385220 2217.3
1385230 2213.3
1385240 2208.6
1385250 2208.6
1385260 2203.5
1385270 2197.5
1385280 2197.5
1385290 2191.2
1385300 2184.9
1385310 2178.1
1385320 2178.1
1385330 2171.0
1385340 2163.9
1385350 2163.9
1385360 2158.0
1385370 2153.2
1385380 2153.2
1385390 2147.6
1385400 2140.8
1385410 2140.8
1385420 2130.9
1385430 2133.5
1385440 2133.5
1385450 2140.2
1385460 2142.3
1385470 2142.3
1385480 2140.6
1385490 2138.4
1385500 2141.0
1385510 2141.0
1385520 2142.0
1385530 2142.8
1385540 2142.8
1385550 2144.3
1385560 2145.7
1385570 2145.7
1385580 2147.8
1385590 2150.0
1385600 2150.0
1385610 2153.0
1385620 2156.5
1385630 2156.5
1385640 2161.5
1385650 2166.6
1385660 2166.6
1385670 2170.0
1385680 2168.7
1385690 2168.7
1385700 2163.5
1385710 2157.3
1385720 2152.7
1385730 2152.7
1385740 2149.5
1385750 2145.5
1385760 2145.5
1385770 2141.1
1385780 2138.7
1385790 2138.7
1385800 2136.0
1385810 2133.4
1385820 2133.4
1385830 2130.9
1385840 2131.6
1385850 2131.6
1385860 2136.9
1385870 2141.2
1385880 2141.2
1385890 2145.9
1385900 2150.7
1385910 2153.8
1385920 2153.8
1385930 2158.4
1385940 2163.2
1385950 2163.2
1385960 2168.1
1385970 2173.3
1385980 2173.3
1385990 2178.8
1386000 2184.9
1386010 2184.9
1386020 2190.9
1386030 2196.0
1386040 2196.0
1386050 2199.7
1386060 2204.0
1386070 2204.0
1386080 2215.1
1386090 2219.4
1386100 2224.2
1386110 2224.2
1386120 2230.0
1386130 2234.5
1386140 2234.5
1386150 2235.0
1386160 2235.9
1386170 2235.9
1386180 2239.9
1386190 2244.5
1386200 2244.5
1386210 2244.8
1386220 2241.1
1386230 2241.1
1386240 2235.5
1386250 2229.1
1386260 2229.1
1386270 2222.8
1386280 2216.4
1386290 2209.4
1386300 2209.4
1386310 2202.4
1386320 2195.0
1386330 2195.0
1386340 2188.2
1386350 2181.8
1386360 2181.8
1386370 2175.6
1386380 2169.9
1386390 2169.9
1386400 2164.6
1386410 2159.1
1386420 2159.1
1386430 2153.9
1386440 2149.0
1386450 2149.0
1386460 2143.6
1386470 2138.7
1386480 2138.7
1386490 2134.8
1386500 2130.9
1386510 2127.0
1386520 2127.0
1386530 2123.0
1386540 2119.2
1386550 2119.2
1386560 2115.1
1386570 2110.7
1386580 2110.7
1386590 2106.3
1386600 2101.5
1386610 2101.5
1386620 2096.3
1386630 2090.1
1386640 2090.1
1386650 2083.5
1386660 2078.1
1386670 2078.1
1386680 2073.2
1386690 2067.5
1386700 2061.5
1386710 2061.5
1386720 2055.9
1386730 2050.7
1386740 2050.7
1386750 2045.7
1386760 2041.4
1386770 2041.4
1386780 2037.0
1386790 2032.0
1386800 2032.0
1386810 2026.2
1386820 2019.8
1386830 2019.8
1386840 2012.4
1386850 2005.3
1386860 2005.3
1386870 1999.2
1386880 1994.4
1386890 1988.0
1386900 1988.0
1386910 1980.9
1386920 1974.5
1386930 1974.5
1386940 1967.9
1386950 1961.7
1386960 1961.7
1386970 1956.9
1386980 1953.2
1386990 1953.2
1387000 1949.6
1387010 1947.5
1387020 1947.5
1387030 1946.8
1387040 1944.7
1387050 1944.7
1387060 1938.6
1387070 1929.0
1387080 1929.0
1387090 1921.7
1387100 1917.8
1387110 1916.1
1387120 1916.1
1387130 1913.1
1387140 1910.7
1387150 1910.7
1387160 1907.5
1387170 1905.0
1387180 1905.0
1387190 1901.8
1387200 1896.8
1387210 1896.8
1387220 1891.8
1387230 1886.9
1387240 1886.9
1387250 1882.5
1387260 1877.6
1387270 1877.6
1387280 1872.9
1387290 1869.1
1387300 1866.1
1387310 1866.1
1387320 1863.7
1387330 1859.8
1387340 1859.8
1387350 1853.7
1387360 1849.8
1387370 1851.6
1387380 1851.8
1387390 1853.1
1387400 1853.1
1387410 1856.1
1387420 1860.0
1387430 1860.0
1387440 1864.1
1387450 1867.8
1387460 1867.8
1387470 1872.1
1387480 1877.4
1387490 1882.1
1387500 1882.1
1387510 1886.9
1387520 1892.5
1387530 1892.5
1387540 1896.8
1387550 1901.6
1387560 1901.6
1387570 1907.6
1387580 1912.9
1387590 1912.9
1387600 1918.3
1387610 1924.1
1387620 1924.1
1387630 1929.5
1387640 1932.7
1387650 1932.7
1387660 1933.1
1387670 1936.4
1387680 1936.4
1387690 1944.4
1387700 1952.9
1387710 1961.4
1387720 1961.4
1387730 1968.2
1387740 1972.8
1387750 1972.8
1387760 1978.4
1387770 1987.0
1387780 1987.0
1387790 1996.6
1387800 2003.3
1387810 2003.3
1387820 2006.2
1387830 2008.4
1387840 2008.4
1387850 2007.7
1387860 2005.3
1387870 2005.3
1387880 2004.1
1387890 2005.1
1387900 2008.7
1387910 2008.7
1387920 2007.7
1387930 2009.6
1387940 2009.6
1387950 2010.1
1387960 2008.9
1387970 2008.9
1387980 2005.8
1387990 2006.1
1388000 2006.1
1388010 2009.5
1388020 2014.9
1388030 2014.9
1388040 2021.7
1388050 2029.5
1388060 2029.5
1388070 2037.7
1388080 2046.3
1388090 2054.8
1388100 2054.8
1388110 2062.7
1388120 2068.8
1388130 2068.8
1388140 2074.1
1388150 2078.3
1388160 2078.3
1388170 2081.7
1388180 2085.2
1388190 2085.2
1388200 2089.5
1388210 2094.8
1388220 2094.8
1388230 2099.5
1388240 2104.0
1388250 2104.0
1388260 2108.3
1388270 2112.0
1388280 2112.0
1388290 2115.6
1388300 2119.2
1388310 2122.5
1388320 2122.5
1388330 2126.3
1388340 2129.7
1388350 2129.7
1388360 2132.0
1388370 2134.4
1388380 2134.4
1388390 2137.6
1388400 2141.7
1388410 2141.7
1388420 2146.9
1388430 2152.9
1388440 2152.9
1388450 2158.6
1388460 2163.9
1388470 2163.9
1388480 2168.5
1388490 2171.7
1388500 2173.0
1388510 2173.0
1388520 2174.5
1388530 2175.2
1388540 2175.2
1388550 2174.5
1388560 2172.3
1388570 2172.3
1388580 2168.7
1388590 2163.4
1388600 2163.4
1388610 2156.4
1388620 2149.0
1388630 2149.0
1388640 2141.7
1388650 2135.0
1388660 2135.0
1388670 2130.1
1388680 2132.7
1388690 2126.9
1388700 2126.9
1388710 2121.2
1388720 2117.1
1388730 2117.1
1388740 2112.2
1388750 2106.0
1388760 2106.0
1388770 2098.2
1388780 2087.6
1388790 2087.6
1388800 2078.0
1388810 2069.4
1388820 2069.4
1388830 2059.0
1388840 2049.4
1388850 2049.4
1388860 2040.6
1388870 2031.7
1388880 2031.7
1388890 2023.5
1388900 2015.0
1388910 2006.3
1388920 2006.3
1388930 1998.5
1388940 1990.8
1388950 1990.8
1388960 1982.9
1388970 1975.3
1388980 1975.3
1388990 1968.9
1389000 1963.0
1389010 1963.0
1389020 1957.5
1389030 1952.2
1389040 1952.2
1389050 1946.8
1389060 1940.9
1389070 1940.9
1389080 1935.2
1389090 1929.9
1389100 1924.8
1389110 1924.8
1389120 1919.4
1389130 1914.1
1389140 1914.1
1389150 1908.8
1389160 1903.5
1389170 1903.5
1389180 1898.3
1389190 1892.8
1389200 1892.8
1389210 1886.3
1389220 1877.6
1389230 1877.6
1389240 1868.4
1389250 1865.4
1389260 1865.4
1389270 1870.2
1389280 1873.9
1389290 1877.4
1389300 1877.4
1389310 1881.0
1389320 1884.1
1389330 1884.1
1389340 1886.8
1389350 1889.1
1389360 1889.1
1389370 1890.9
1389380 1893.6
1389390 1893.6
1389400 1896.9
1389410 1899.9
1389420 1899.9
1389430 1902.5
1389440 1907.6
1389450 1907.6
1389460 1913.4
1389470 1921.1
1389480 1921.1
1389490 1929.1
1389500 1938.4
1389510 1947.6
1389520 1947.6
1389530 1956.5
1389540 1962.7
1389550 1962.7
1389560 1969.2
1389570 1977.3
1389580 1977.3
1389590 1985.6
1389600 1993.2
1389610 1993.2
1389620 2000.5
1389630 2006.3
1389640 2006.3
1389650 2009.1
1389660 2008.8
1389670 2008.8
1389680 2014.6
1389690 2023.2
1389700 2031.1
1389710 2031.1
1389720 2039.8
1389730 2049.7
1389740 2049.7
1389750 2058.9
1389760 2067.1
1389770 2067.1
1389780 2077.4
1389790 2087.6
1389800 2087.6
1389810 2095.4
1389820 2102.5
1389830 2102.5
1389840 2110.5
1389850 2117.9
1389860 2117.9
1389870 2123.9
1389880 2130.1
1389890 2135.5
1389900 2135.5
1389910 2141.2
1389920 2147.9
1389930 2147.9
1389940 2153.2
1389950 2157.4
1389960 2157.4
1389970 2161.3
1389980 2164.5
1389990 2164.5
1390000 2167.9
1390010 2178.3
1390020 2178.3
1390030 2181.1
1390040 2182.7
1390050 2182.7
1390060 2182.4
1390070 2180.3
1390080 2180.3
1390090 2177.9
1390100 2176.2
1390110 2174.2
1390120 2174.2
1390130 2171.1
1390140 2166.9
1390150 2166.9
1390160 2162.7
1390170 2159.7
1390180 2159.7
1390190 2157.6
1390200 2154.9
1390210 2154.9
1390220 2151.3
1390230 2150.6
1390240 2150.6
1390250 2151.6
1390260 2150.4
1390270 2150.4
1390280 2151.8
1390290 2152.5
1390300 2151.9
1390310 2151.9
1390320 2150.9
1390330 2149.6
1390340 2149.6
1390350 2147.3
1390360 2143.9
1390370 2143.9
1390380 2139.1
1390390 2137.9
1390400 2137.9
1390410 2141.2
1390420 2143.8
1390430 2143.8
1390440 2147.2
1390450 2147.9
1390460 2147.9
1390470 2146.4
1390480 2144.3
1390490 2143.4
1390500 2143.4
1390510 2143.3
1390520 2142.8
1390530 2142.8
1390540 2138.3
1390550 2131.4
1390560 2131.4
1390570 2122.6
1390580 2114.0
1390590 2114.0
1390600 2105.6
1390610 2097.7
1390620 2097.7
1390630 2089.7
1390640 2081.0
1390650 2081.0
1390660 2073.0
1390670 2065.8
1390680 2065.8
1390690 2058.9
1390700 2052.2
1390710 2045.5
1390720 2045.5
1390730 2039.1
1390740 2034.6
1390750 2034.6
1390760 2031.2
1390770 2026.2
1390780 2026.2
1390790 2020.2
1390800 2014.0
1390810 2014.0
1390820 2006.8
1390830 1998.7
1390840 1998.7
1390850 1991.2
1390860 1983.3
1390870 1983.3
1390880 1972.9
1390890 1961.6
1390900 1954.0
1390910 1954.0
1390920 1955.8
1390930 1960.8
1390940 1960.8
1390950 1963.3
1390960 1961.3
1390970 1961.3
1390980 1958.5
1390990 1954.8
1391000 1954.8
1391010 1947.4
1391020 1935.7
1391030 1935.7
1391040 1924.2
1391050 1915.5
1391060 1915.5
1391070 1917.6
1391080 1924.3
1391090 1915.3
1391100 1915.3
1391110 1901.1
1391120 1890.1
1391130 1890.1
1391140 1884.9
1391150 1886.5
1391160 1886.5
1391170 1880.3
1391180 1866.3
1391190 1866.3
1391200 1847.1
1391210 1835.0
1391220 1835.0
1391230 1826.2
1391240 1818.5
1391250 1818.5
1391260 1812.5
1391270 1806.4
1391280 1800.0
1391290 1800.0
1391300 1792.5
1391310 1784.5
1391320 1784.5
1391330 1777.3
1391340 1770.1
1391350 1770.1
1391360 1766.6
1391370 1761.0
1391380 1761.0
1391390 1755.3
1391400 1749.8
1391410 1749.8
1391420 1745.2
1391430 1741.9
1391440 1741.9
1391450 1739.2
1391460 1736.7
1391470 1736.7
1391480 1734.5
1391490 1728.6
1391500 1721.7
1391510 1721.7
1391520 1719.6
1391530 1723.2
1391540 1723.2
1391550 1728.7
1391560 1733.8
1391570 1733.8
1391580 1739.0
1391590 1743.9
1391600 1743.9
1391610 1745.1
1391620 1745.8
1391630 1745.8
1391640 1746.9
1391650 1747.3
1391660 1747.3
1391670 1746.9
1391680 1747.1
1391690 1748.5
1391700 1748.5
1391710 1750.2
1391720 1754.5
1391730 1754.5
1391740 1760.0
1391750 1766.4
1391760 1766.4
1391770 1772.8
1391780 1778.9
1391790 1778.9
1391800 1785.3
1391810 1792.0
1391820 1792.0
1391830 1799.2
1391840 1805.9
1391850 1805.9
1391860 1813.7
1391870 1823.5
1391880 1833.3
1391890 1833.3
1391900 1842.1
1391910 1846.9
1391920 1846.9
1391930 1852.8
1391940 1858.8
1391950 1858.8
1391960 1862.5
1391970 1865.9
1391980 1865.9
1391990 1870.6
1392000 1877.4
1392010 1877.4
1392020 1886.7
1392030 1894.8
1392040 1894.8
1392050 1900.3
1392060 1905.8
1392070 1905.8
1392080 1912.0
1392090 1918.4
1392100 1924.4
1392110 1924.4
1392120 1930.7
1392130 1935.9
1392140 1935.9
1392150 1943.6
1392160 1954.4
1392170 1954.4
1392180 1964.8
1392190 1971.3
1392200 1971.3
1392210 1976.9
1392220 1983.8
1392230 1983.8
1392240 1991.3
1392250 2000.1
1392260 2000.1
1392270 2009.2
1392280 2018.5
1392290 2028.7
1392300 2028.7
1392310 2041.1
1392320 2051.1
1392330 2051.1
1392340 2058.2
1392350 2064.9
1392360 2064.9
1392370 2071.1
1392380 2078.4
1392390 2078.4
1392400 2086.1
1392410 2093.7
1392420 2093.7
1392430 2101.0
1392440 2108.1
1392450 2108.1
1392460 2112.9
1392470 2115.8
1392480 2117.8
1392490 2117.8
1392500 2119.3
1392510 2120.0
1392520 2120.0
1392530 2119.9
1392540 2119.5
1392550 2119.5
1392560 2118.9
1392570 2118.3
1392580 2118.3
1392590 2116.5
1392600 2113.8
1392610 2113.8
1392620 2111.0
1392630 2108.1
1392640 2108.1
1392650 2105.6
1392660 2103.0
1392670 2103.0
1392680 2099.7
1392690 2096.5
1392700 2094.6
1392710 2094.6
1392720 2092.2
1392730 2090.3
1392740 2090.3
1392750 2085.9
1392760 2081.5
1392770 2081.5
1392780 2076.5
1392790 2070.0
1392800 2070.0
1392810 2063.4
1392820 2056.8
1392830 2056.8
1392840 2050.0
1392850 2042.5
1392860 2042.5
1392870 2033.4
1392880 2024.2
1392890 2016.2
1392900 2016.2
1392910 2009.8
1392920 2003.7
1392930 2003.7
1392940 1997.1
1392950 1989.9
1392960 1989.9
1392970 1982.9
1392980 1976.9
1392990 1976.9
1393000 1972.3
1393010 1967.9
1393020 1967.9
1393030 1962.8
1393040 1957.1
1393050 1957.1
1393060 1951.5
1393070 1945.7
1393080 1938.6
1393090 1938.6
1393100 1930.2
1393110 1926.0
1393120 1926.0
1393130 1924.7
1393140 1925.4
1393150 1925.4
1393160 1925.4
1393170 1922.8
1393180 1922.8
1393190 1919.5
1393200 1915.1
1393210 1915.1
1393220 1908.9
1393230 1902.4
1393240 1902.4
1393250 1897.5
1393260 1897.4
1393270 1897.4
1393280 1896.1
1393290 1896.8
1393300 1896.9
1393310 1896.9
1393320 1898.7
1393330 1901.9
1393340 1901.9
1393350 1907.1
1393360 1908.9
1393370 1908.9
1393380 1906.5
1393390 1906.9
1393400 1906.9
1393410 1908.0
1393420 1908.0
1393430 1908.0
1393440 1907.9
1393450 1910.7
1393460 1910.7
1393470 1913.8
1393480 1915.6
1393490 1917.5
1393500 1917.5
1393510 1920.4
1393520 1924.9
1393530 1924.9
1393540 1930.5
1393550 1937.2
1393560 1937.2
1393570 1945.3
1393580 1954.7
1393590 1954.7
1393600 1964.4
1393610 1973.3
1393620 1973.3
1393630 1981.2
1393640 1989.5
1393650 1989.5
1393660 1997.2
1393670 2004.9
1393680 2012.9
1393690 2012.9
1393700 2019.2
1393710 2025.5
1393720 2025.5
1393730 2030.2
1393740 2033.9
1393750 2033.9
1393760 2037.9
1393770 2042.1
1393780 2042.1
1393790 2046.0
1393800 2049.9
1393810 2049.9
1393820 2052.3
1393830 2053.7
1393840 2053.7
1393850 2054.8
1393860 2055.3
1393870 2055.3
1393880 2055.7
1393890 2056.7
1393900 2058.9
1393910 2058.9
1393920 2061.9
1393930 2065.6
1393940 2065.6
1393950 2069.7
1393960 2073.4
1393970 2073.4
1393980 2074.9
1393990 2074.2
1394000 2074.2
1394010 2074.3
1394020 2075.0
1394030 2075.0
1394040 2076.5
1394050 2078.3
1394060 2078.3
1394070 2079.3
1394080 2079.4
1394090 2080.1
1394100 2080.1
1394110 2079.1
1394120 2082.7
1394130 2082.7
1394140 2082.7
1394150 2081.8
1394160 2081.8
1394170 2077.6
1394180 2071.6
1394190 2071.6
1394200 2064.2
1394210 2059.7
1394220 2059.7
1394230 2055.9
1394240 2051.3
1394250 2051.3
1394260 2043.5
1394270 2035.1
1394280 2027.7
1394290 2027.7
1394300 2020.4
1394310 2014.4
1394320 2014.4
1394330 2010.6
1394340 2007.9
1394350 2007.9
1394360 2006.4
1394370 2004.9
1394380 2004.9
1394390 2002.2
1394400 1999.6
1394410 1999.6
1394420 1995.9
1394430 1990.3
1394440 1990.3
1394450 1986.8
1394460 1984.3
1394470 1984.3
1394480 1981.8
1394490 1982.0
1394500 1983.3
1394510 1983.3
1394520 1983.6
1394530 1983.8
1394540 1983.8
1394550 1984.2
1394560 1985.0
1394570 1985.0
1394580 1985.4
1394590 1985.3
1394600 1985.3
1394610 1985.5
1394620 1985.8
1394630 1985.8
1394640 1985.4
1394650 1985.1
1394660 1985.1
1394670 1983.5
1394680 1980.7
1394690 1977.8
1394700 1977.8
1394710 1975.2
1394720 1972.0
1394730 1972.0
1394740 1968.8
1394750 1966.4
1394760 1966.4
1394770 1964.3
1394780 1962.6
1394790 1962.6
1394800 1959.4
1394810 1955.3
1394820 1955.3
1394830 1951.4
1394840 1948.3
1394850 1948.3
1394860 1945.4
1394870 1940.8
1394880 1935.8
1394890 1935.8
1394900 1931.7
1394910 1927.5
1394920 1927.5
1394930 1921.8
1394940 1913.3
1394950 1913.3
1394960 1904.9
1394970 1896.5
1394980 1896.5
1394990 1889.6
1395000 1883.8
1395010 1883.8
1395020 1877.8
1395030 1870.8
1395040 1870.8
1395050 1863.3
1395060 1857.5
1395070 1853.3
1395080 1853.3
1395090 1848.0
1395100 1843.7
1395110 1843.7
1395120 1837.5
1395130 1828.3
1395140 1828.3
1395150 1820.0
1395160 1813.1
1395170 1813.1
1395180 1806.7
1395190 1799.3
1395200 1799.3
1395210 1792.4
1395220 1786.2
1395230 1786.2
1395240 1774.7
1395250 1767.0
1395260 1767.0
1395270 1759.4
1395280 1745.8
1395290 1736.8
1395300 1736.8
1395310 1730.8
1395320 1722.2
1395330 1722.2
1395340 1711.1
1395350 1698.0
1395360 1698.0
1395370 1683.3
1395380 1668.9
1395390 1668.9
1395400 1659.3
1395410 1651.3
1395420 1651.3
1395430 1643.5
1395440 1634.6
1395450 1634.6
1395460 1625.1
1395470 1615.5
1395480 1608.3
1395490 1608.3
1395500 1601.8
1395510 1594.9
1395520 1594.9
1395530 1589.4
1395540 1582.5
1395550 1582.5
1395560 1575.9
1395570 1569.7
1395580 1569.7
1395590 1562.7
1395600 1554.7
1395610 1554.7
1395620 1547.1
1395630 1540.6
1395640 1540.6
1395650 1531.3
1395660 1517.0
1395670 1506.0
1395680 1506.0
1395690 1500.0
1395700 1495.4
1395710 1495.4
1395720 1490.9
1395730 1485.6
1395740 1485.6
1395750 1481.1
1395760 1475.8
1395770 1475.8
1395780 1470.2
1395790 1464.5
1395800 1464.5
1395810 1456.7
1395820 1448.9
1395830 1448.9
1395840 1443.9
1395850 1438.2
1395860 1438.2
1395870 1431.2
1395880 1423.9
1395890 1416.9
1395900 1416.9
1395910 1409.0
1395920 1400.3
1395930 1400.3
1395940 1390.5
1395950 1383.1
1395960 1383.1
1395970 1378.6
1395980 1374.6
1395990 1374.6
1396000 1368.5
1396010 1361.4
1396020 1361.4
1396030 1353.8
1396040 1346.4
1396050 1346.4
1396060 1337.7
1396070 1325.3
1396080 1316.2
1396090 1316.2
1396100 1309.7
1396110 1301.5
1396120 1301.5
1396130 1292.3
1396140 1282.7
1396150 1282.7
1396160 1276.6
1396170 1271.4
1396180 1271.4
1396190 1265.5
1396200 1259.6
1396210 1259.6
1396220 1253.7
1396230 1248.1
1396240 1248.1
1396250 1241.8
1396260 1237.0
1396270 1232.8
1396280 1232.8
1396290 1226.6
1396300 1220.7
1396310 1220.7
1396320 1215.7
1396330 1210.9
1396340 1210.9
1396350 1197.7
1396360 1178.7
1396370 1178.7
1396380 1163.5
1396390 1147.6
1396400 1147.6
1396410 1137.1
1396420 1131.1
1396430 1131.1
1396440 1121.8
1396450 1118.4
1396460 1118.4
1396470 1117.1
1396480 1111.8
1396490 1102.9
1396500 1102.9
1396510 1097.7
1396520 1092.3
1396530 1092.3
1396540 1081.9
1396550 1072.6
1396560 1072.6
1396570 1061.0
1396580 1048.4
1396590 1048.4
1396600 1038.4
1396610 1028.9
1396620 1028.9
1396630 1017.2
1396640 1006.8
1396650 1006.8
1396660 999.8
1396670 991.9
1396680 971.7
1396690 971.7
1396700 958.4
1396710 952.0
1396720 952.0
1396730 949.8
1396740 948.9
1396750 948.9
1396760 948.5
1396770 947.9
1396780 947.9
1396790 947.4
1396800 946.8
1396810 946.8
1396820 945.4
1396830 944.2
1396840 944.2
1396850 943.2
1396860 942.3
1396870 941.6
1396880 941.6
1396890 941.1
1396900 940.6
1396910 940.6
1396920 939.9
1396930 939.0
1396940 939.0
1396950 941.3
1396960 941.9
1396970 941.9
1396980 938.0
1396990 936.2
1397000 936.2
1397010 935.4
1397020 935.1
1397030 935.1
1397040 936.3
1397050 935.2
1397060 935.2
1397070 935.2
1397080 935.5
1397090 932.6
1397100 932.6
1397110 926.5
1397120 923.5
1397130 923.5
1397140 920.3
1397150 916.6
1397160 916.6
1397170 917.0
1397180 921.3
1397190 921.3
1397200 925.3
1397210 928.0
1397220 928.0
1397230 929.8
1397240 930.7
1397250 930.7
1397260 930.9
1397270 931.7
1397280 933.2
1397290 933.2
1397300 937.0
1397310 942.6
1397320 942.6
1397330 948.7
1397340 954.6
1397350 954.6
1397360 958.8
1397370 961.3
1397380 961.3
1397390 965.6
1397400 969.2
1397410 969.2
1397420 971.6
1397430 972.7
1397440 972.7
1397450 974.8
1397460 977.0
1397470 978.2
1397480 978.2
1397490 978.3
1397500 978.8
1397510 978.8
1397520 980.8
1397530 985.5
1397540 985.5
1397550 990.3
1397560 994.8
1397570 994.8
1397580 999.5
1397590 1002.5
1397600 1002.5
1397610 1004.5
1397620 1008.9
1397630 1008.9
1397640 1014.4
1397650 1019.3
1397660 1019.3
1397670 1022.2
1397680 1024.1
1397690 1028.6
1397700 1028.6
1397710 1033.5
1397720 1039.9
1397730 1039.9
1397740 1043.7
1397750 1048.8
1397760 1048.8
1397770 1052.3
1397780 1057.6
1397790 1057.6
1397800 1064.6
1397810 1071.2
1397820 1071.2
1397830 1076.9
1397840 1080.8
1397850 1080.8
1397860 1087.4
1397870 1095.3
1397880 1102.6
1397890 1102.6
1397900 1109.0
1397910 1115.5
1397920 1115.5
1397930 1122.5
1397940 1129.8
1397950 1129.8
1397960 1135.5
1397970 1139.2
1397980 1139.2
1397990 1143.4
1398000 1149.1
1398010 1149.1
1398020 1154.7
1398030 1160.9
1398040 1160.9
1398050 1166.8
1398060 1171.7
1398070 1175.9
1398080 1175.9
1398090 1179.1
1398100 1182.6
1398110 1182.6
1398120 1186.5
1398130 1190.2
1398140 1190.2
1398150 1194.1
1398160 1198.2
1398170 1198.2
1398180 1202.2
1398190 1206.1
1398200 1206.1
1398210 1210.1
1398220 1213.4
1398230 1213.4
1398240 1216.2
1398250 1218.6
1398260 1218.6
1398270 1220.9
1398280 1223.0
1398290 1224.7
1398300 1224.7
1398310 1226.3
1398320 1227.4
1398330 1227.4
1398340 1228.6
1398350 1229.8
1398360 1229.8
1398370 1230.6
1398380 1231.3
1398390 1231.3
1398400 1232.0
1398410 1233.3
1398420 1225.0
1398430 1226.6
1398440 1228.8
1398450 1228.8
1398460 1229.3
1398470 1229.7
1398480 1231.3
1398490 1231.3
1398500 1234.6
1398510 1238.6
1398520 1238.6
1398530 1240.8
1398540 1244.7
1398550 1244.7
1398560 1244.2
1398570 1240.7
1398580 1240.7
1398590 1237.6
1398600 1235.1
1398610 1235.1
1398620 1234.2
1398630 1233.9
1398640 1233.9
1398650 1233.1
1398660 1233.7
1398670 1235.8
1398680 1235.8
1398690 1239.0
1398700 1242.3
1398710 1242.3
1398720 1244.5
1398730 1246.1
1398740 1246.1
1398750 1247.3
1398760 1248.4
1398770 1248.4
1398780 1250.8
1398790 1253.7
1398800 1253.7
1398810 1255.3
1398820 1256.6
1398830 1256.6
1398840 1256.9
1398850 1256.3
1398860 1256.3
1398870 1255.6
1398880 1255.3
1398890 1254.3
1398900 1254.3
1398910 1253.1
1398920 1251.2
1398930 1251.2
1398940 1250.6
1398950 1253.2
1398960 1253.2
1398970 1254.2
1398980 1255.3
1398990 1255.3
1399000 1260.1
1399010 1263.8
1399020 1263.8
1399030 1262.7
1399040 1262.0
1399050 1262.0
1399060 1266.3
1399070 1268.5
1399080 1269.1
1399090 1269.1
1399100 1271.2
1399110 1273.3
1399120 1273.3
1399130 1272.6
1399140 1268.5
1399150 1268.5
1399160 1263.6
1399170 1259.0
1399180 1259.0
1399190 1253.5
1399200 1249.1
1399210 1249.1
1399220 1248.8
1399230 1249.4
1399240 1249.4
1399250 1250.5
1399260 1252.2
1399270 1252.0
1399280 1252.0
1399290 1246.3
1399300 1242.4
1399310 1242.4
1399320 1241.2
1399330 1245.5
1399340 1245.5
1399350 1241.5
1399360 1231.1
1399370 1231.1
1399380 1230.8
1399390 1222.6
1399400 1222.6
1399410 1224.7
1399420 1236.2
1399430 1236.2
1399440 1249.1
1399450 1262.3
1399460 1275.0
1399470 1275.0
1399480 1283.4
1399490 1293.1
1399500 1293.1
1399510 1302.0
1399520 1308.7
1399530 1308.7
1399540 1313.2
1399550 1317.4
1399560 1317.4
1399570 1319.5
1399580 1322.0
1399590 1322.0
1399600 1325.6
1399610 1329.7
1399620 1329.7
1399630 1334.2
1399640 1339.3
1399650 1339.3
1399660 1344.1
1399670 1349.2
1399680 1354.2
1399690 1354.2
1399700 1358.9
1399710 1363.5
1399720 1363.5
1399730 1368.7
1399740 1373.8
1399750 1373.8
1399760 1379.2
1399770 1385.4
1399780 1385.4
1399790 1390.7
1399800 1396.1
1399810 1396.1
1399820 1401.6
1399830 1407.8
1399840 1407.8
1399850 1414.6
1399860 1421.2
1399870 1427.3
1399880 1427.3
1399890 1432.8
1399900 1440.4
1399910 1440.4
1399920 1444.9
1399930 1449.5
1399940 1449.5
1399950 1453.9
1399960 1458.0
1399970 1458.0
1399980 1462.3
1399990 1466.9
1380000 1879.9
1380010 1879.9
1380020 1885.6
1380030 1890.0
1380040 1890.0
1380050 1893.4
1380060 1895.7
1380070 1895.7
1380080 1896.7
1380090 1897.8
1380100 1900.3
1380110 1900.3
1380120 1903.9
1380130 1907.6
1380140 1907.6
1380150 1911.3
1380160 1914.7
1380170 1914.7
1380180 1917.7
1380190 1920.5
1380200 1920.5
1380210 1923.4
1380220 1926.2
1380230 1926.2
1380240 1930.0
1380250 1933.8
1380260 1933.8
1380270 1937.2
1380280 1940.0
1380290 1940.0
1380300 1942.1
1380310 1944.5
1380320 1947.2
1380330 1947.2
1380340 1950.7
1380350 1955.4
1380360 1955.4
1380370 1961.5
1380380 1966.8
1380390 1966.8
1380400 1971.7
1380410 1975.8
1380420 1975.8
1380430 1979.2
1380440 1981.6
1380450 1981.6
1380460 1984.6
1380470 1987.6
1380480 1987.6
1380490 1987.9
1380500 1988.0
1380510 1989.9
1380520 1989.9
1380530 1991.3
1380540 1989.0
1380550 1989.0
1380560 1986.2
1380570 1983.5
1380580 1983.5
1380590 1979.5
1380600 1973.3
1380610 1973.3
1380620 1971.3
1380630 1972.8
1380640 1972.8
1380650 1975.0
1380660 1974.2
1380670 1974.2
1380680 1973.2
1380690 1972.8
1380700 1976.0
1380710 1976.0
1380720 1983.9
1380730 1990.3
1380740 1990.3
1380750 1993.0
1380760 1998.1
1380770 1998.1
1380780 1999.2
1380790 1996.1
1380800 1996.1
1380810 1992.9
1380820 1996.3
1380830 1996.3
1380840 2005.5
1380850 2015.0
1380860 2015.0
1380870 2023.9
1380880 2031.5
1380890 2031.5
1380900 2037.8
1380910 2043.9
1380920 2050.9
1380930 2050.9
1380940 2056.7
1380950 2061.0
1380960 2061.0
1380970 2064.4
1380980 2067.3
1380990 2067.3
1381000 2070.5
1381010 2072.9
1381020 2072.9
1381030 2075.5
1381040 2080.0
1381050 2080.0
1381060 2085.1
1381070 2094.1
1381080 2094.1
1381090 2100.5
1381100 2106.5
1381110 2111.8
1381120 2111.8
1381130 2116.7
1381140 2121.7
1381150 2121.7
1381160 2126.7
1381170 2131.7
1381180 2131.7
1381190 2136.4
1381200 2140.5
1381210 2140.5
1381220 2144.3
1381230 2146.4
1381240 2146.4
1381250 2146.3
1381260 2145.7
1381270 2145.7
1381280 2145.0
1381290 2143.9
1381300 2142.1
1381310 2142.1
1381320 2139.1
1381330 2137.3
1381340 2137.3
1381350 2137.2
1381360 2136.7
1381370 2136.7
1381380 2139.6
1381390 2140.4
1381400 2140.4
1381410 2143.1
1381420 2148.8
1381430 2148.8
1381440 2153.5
1381450 2152.0
1381460 2152.0
1381470 2148.2
1381480 2149.7
1381490 2149.7
1381500 2150.8
1381510 2151.8
1381520 2156.5
1381530 2156.5
1381540 2162.9
1381550 2170.6
1381560 2170.6
1381570 2178.8
1381580 2187.1
1381590 2187.1
1381600 2196.0
1381610 2204.0
1381620 2204.0
1381630 2211.2
1381640 2217.8
1381650 2217.8
1381660 2222.8
1381670 2227.2
1381680 2227.2
1381690 2232.7
1381700 2238.3
1381710 2242.6
1381720 2242.6
1381730 2245.9
1381740 2249.3
1381750 2249.3
1381760 2253.9
1381770 2259.6
1381780 2259.6
1381790 2265.3
1381800 2271.3
1381810 2271.3
1381820 2277.5
1381830 2283.3
1381840 2283.3
1381850 2288.7
1381860 2293.3
1381870 2293.3
1381880 2297.5
1381890 2300.2
1381900 2304.4
1381910 2304.4
1381920 2309.8
1381930 2315.1
1381940 2315.1
1381950 2319.6
1381960 2319.7
1381970 2319.7
1381980 2318.2
1381990 2317.0
1382000 2317.0
1382010 2315.6
1382020 2313.9
1382030 2313.9
1382040 2311.7
1382050 2307.3
1382060 2307.3
1382070 2308.7
1382080 2314.4
1382090 2314.4
1382100 2320.4
1382110 2325.5
1382120 2331.3
1382130 2331.3
1382140 2336.2
1382150 2336.2
1382160 2336.2
1382170 2339.1
1382180 2341.9
1382190 2341.9
1382200 2345.3
1382210 2350.6
1382220 2350.6
1382230 2359.0
1382240 2365.3
1382250 2365.3
1382260 2368.2
1382270 2371.2
1382280 2371.2
1382290 2376.7
1382300 2389.6
1382310 2396.2
1382320 2396.2
1382330 2398.7
1382340 2396.7
1382350 2396.7
1382360 2391.9
1382370 2384.6
1382380 2384.6
1382390 2374.9
1382400 2364.3
1382410 2364.3
1382420 2353.8
1382430 2343.2
1382440 2343.2
1382450 2334.2
1382460 2325.8
1382470 2325.8
1382480 2318.3
1382490 2311.7
1382500 2304.9
1382510 2304.9
1382520 2299.1
1382530 2290.8
1382540 2290.8
1382550 2279.7
1382560 2270.3
1382570 2270.3
1382580 2259.8
1382590 2248.0
1382600 2248.0
1382610 2235.1
1382620 2219.6
1382630 2219.6
1382640 2209.4
1382650 2201.9
1382660 2201.9
1382670 2193.1
1382680 2184.0
1382690 2184.0
1382700 2172.0
1382710 2160.7
1382720 2149.6
1382730 2149.6
1382740 2136.9
1382750 2127.1
1382760 2127.1
1382770 2119.3
1382780 2111.9
1382790 2111.9
1382800 2104.4
1382810 2096.6
1382820 2096.6
1382830 2089.1
1382840 2082.6
1382850 2082.6
1382860 2072.5
1382870 2060.1
1382880 2060.1
1382890 2053.6
1382900 2048.4
1382910 2042.8
1382920 2042.8
1382930 2036.8
1382940 2030.3
1382950 2030.3
1382960 2023.9
1382970 2017.5
1382980 2017.5
1382990 2008.9
1383000 1997.2
1383010 1997.2
1383020 1987.1
1383030 1979.2
1383040 1979.2
1383050 1970.6
1383060 1964.0
1383070 1964.0
1383080 1958.1
1383090 1950.8
1383100 1942.9
1383110 1942.9
1383120 1935.0
1383130 1927.7
1383140 1927.7
1383150 1920.8
1383160 1914.5
1383170 1914.5
1383180 1908.1
1383190 1901.5
1383200 1901.5
1383210 1894.6
1383220 1888.1
1383230 1888.1
1383240 1882.1
1383250 1875.7
1383260 1875.7
1383270 1869.9
1383280 1864.8
1383290 1864.8
1383300 1859.5
1383310 1854.9
1383320 1849.9
1383330 1849.9
1383340 1844.2
1383350 1840.0
1383360 1840.0
1383370 1837.9
1383380 1836.1
1383390 1836.1
1383400 1834.4
1383410 1832.8
1383420 1832.8
1383430 1832.1
1383440 1832.6
1383450 1832.6
1383460 1833.5
1383470 1833.9
1383480 1833.9
1383490 1834.5
1383500 1835.7
1383510 1836.5
1383520 1836.5
1383530 1837.4
1383540 1844.4
1383550 1844.4
1383560 1845.1
1383570 1844.4
1383580 1844.4
1383590 1845.4
1383600 1848.0
1383610 1848.0
1383620 1850.8
1383630 1853.2
1383640 1853.2
1383650 1855.6
1383660 1858.0
1383670 1858.0
1383680 1860.5
1383690 1861.9
1383700 1862.3
1383710 1862.3
1383720 1862.6
1383730 1862.7
1383740 1862.7
1383750 1863.1
1383760 1861.7
1383770 1861.7
1383780 1860.8
1383790 1859.8
1383800 1859.8
1383810 1859.1
1383820 1861.4
1383830 1861.4
1383840 1865.2
1383850 1870.9
1383860 1870.9
1383870 1875.3
1383880 1880.8
1383890 1880.8
1383900 1888.2
1383910 1895.3
1383920 1902.1
1383930 1902.1
1383940 1910.8
1383950 1919.5
1383960 1919.5
1383970 1925.9
1383980 1932.5
1383990 1932.5
1384000 1930.9
1384010 1928.0
1384020 1928.0
1384030 1922.7
1384040 1917.3
1384050 1917.3
1384060 1914.5
1384070 1912.4
1384080 1912.4
1384090 1909.5
1384100 1907.6
1384110 1904.1
1384120 1904.1
1384130 1901.0
1384140 1898.0
1384150 1898.0
1384160 1893.6
1384170 1885.2
1384180 1885.2
1384190 1884.8
1384200 1895.3
1384210 1895.3
1384220 1894.8
1384230 1889.5
1384240 1889.5
1384250 1885.2
1384260 1881.5
1384270 1881.5
1384280 1876.1
1384290 1871.1
1384300 1868.4
1384310 1868.4
1384320 1862.9
1384330 1858.9
1384340 1858.9
1384350 1853.9
1384360 1849.7
1384370 1849.7
1384380 1851.3
1384390 1857.4
1384400 1857.4
1384410 1866.9
1384420 1876.4
1384430 1876.4
1384440 1882.3
1384450 1890.1
1384460 1890.1
1384470 1898.3
1384480 1905.6
1384490 1905.6
1384500 1913.3
1384510 1921.8
1384520 1931.6
1384530 1931.6
1384540 1941.5
1384550 1949.3
1384560 1949.3
1384570 1957.6
1384580 1964.1
1384590 1964.1
1384600 1971.0
1384610 1978.3
1384620 1978.3
1384630 1983.6
1384640 1988.6
1384650 1988.6
1384660 1994.2
1384670 1999.5
1384680 1999.5
1384690 2005.2
1384700 2011.3
1384710 2020.0
1384720 2020.0
1384730 2030.5
1384740 2038.5
1384750 2038.5
1384760 2045.9
1384770 2054.0
1384780 2054.0
1384790 2062.2
1384800 2064.9
1384810 2064.9
1384820 2072.2
1384830 2079.7
1384840 2079.7
1384850 2086.7
1384860 2093.5
1384870 2093.5
1384880 2100.4
1384890 2107.4
1384900 2114.5
1384910 2114.5
1384920 2121.1
1384930 2127.2
1384940 2127.2
1384950 2133.4
1384960 2139.2
1384970 2139.2
1384980 2145.1
1384990 2151.1
1385000 2151.1
1385010 2157.1
1385020 2163.5
1385030 2163.5
1385040 2170.4
1385050 2177.5
1385060 2177.5
1385070 2184.0
1385080 2190.1
1385090 2190.1
1385100 2195.6
1385110 2201.1
1385120 2206.3
1385130 2206.3
1385140 2211.2
1385150 2215.3
1385160 2215.3
1385170 2218.2
1385180 2219.5
1385190 2219.5
1385200 2219.3
1385210 2217.3
1385220 2217.3
1385230 2213.3
1385240 2208.6
1385250 2208.6
1385260 2203.5
1385270 2197.5
1385280 2197.5
1385290 2191.2
1385300 2184.9
1385310 2178.1
1385320 2178.1
1385330 2171.0
1385340 2163.9
1385350 2163.9
1385360 2158.0
1385370 2153.2
1385380 2153.2
1385390 2147.6
1385400 2140.8
1385410 2140.8
1385420 2130.9
1385430 2133.5
1385440 2133.5
1385450 2140.2
1385460 2142.3
1385470 2142.3
1385480 2140.6
1385490 2138.4
1385500 2141.0
1385510 2141.0
1385520 2142.0
1385530 2142.8
1385540 2142.8
1385550 2144.3
1385560 2145.7
1385570 2145.7
1385580 2147.8
1385590 2150.0
1385600 2150.0
1385610 2153.0
1385620 2156.5
1385630 2156.5
1385640 2161.5
1385650 2166.6
1385660 2166.6
1385670 2170.0
1385680 2168.7
1385690 2168.7
1385700 2163.5
1385710 2157.3
1385720 2152.7
1385730 2152.7
1385740 2149.5
1385750 2145.5
1385760 2145.5
1385770 2141.1
1385780 2138.7
1385790 2138.7
1385800 2136.0
1385810 2133.4
1385820 2133.4
1385830 2130.9
1385840 2131.6
1385850 2131.6
1385860 2136.9
1385870 2141.2
1385880 2141.2
1385890 2145.9
1385900 2150.7
1385910 2153.8
1385920 2153.8
1385930 2158.4
1385940 2163.2
1385950 2163.2
1385960 2168.1
1385970 2173.3
1385980 2173.3
1385990 2178.8
1386000 2184.9
1386010 2184.9
1386020 2190.9
1386030 2196.0
1386040 2196.0
1386050 2199.7
1386060 2204.0
1386070 2204.0
1386080 2215.1
1386090 2219.4
1386100 2224.2
1386110 2224.2
1386120 2230.0
1386130 2234.5
1386140 2234.5
1386150 2235.0
1386160 2235.9
1386170 2235.9
1386180 2239.9
1386190 2244.5
1386200 2244.5
1386210 2244.8
1386220 2241.1
1386230 2241.1
1386240 2235.5
1386250 2229.1
1386260 2229.1
1386270 2222.8
1386280 2216.4
1386290 2209.4
1386300 2209.4
1386310 2202.4
1386320 2195.0
1386330 2195.0
1386340 2188.2
1386350 2181.8
1386360 2181.8
1386370 2175.6
1386380 2169.9
1386390 2169.9
1386400 2164.6
1386410 2159.1
1386420 2159.1
1386430 2153.9
1386440 2149.0
1386450 2149.0
1386460 2143.6
1386470 2138.7
1386480 2138.7
1386490 2134.8
1386500 2130.9
1386510 2127.0
1386520 2127.0
1386530 2123.0
1386540 2119.2
1386550 2119.2
1386560 2115.1
1386570 2110.7
1386580 2110.7
1386590 2106.3
1386600 2101.5
1386610 2101.5
1386620 2096.3
1386630 2090.1
1386640 2090.1
1386650 2083.5
1386660 2078.1
1386670 2078.1
1386680 2073.2
1386690 2067.5
1386700 2061.5
1386710 2061.5
1386720 2055.9
1386730 2050.7
1386740 2050.7
1386750 2045.7
1386760 2041.4
1386770 2041.4
1386780 2037.0
1386790 2032.0
1386800 2032.0
1386810 2026.2
1386820 2019.8
1386830 2019.8
1386840 2012.4
1386850 2005.3
1386860 2005.3
1386870 1999.2
1386880 1994.4
1386890 1988.0
1386900 1988.0
1386910 1980.9
1386920 1974.5
1386930 1974.5
1386940 1967.9
1386950 1961.7
1386960 1961.7
1386970 1956.9
1386980 1953.2
1386990 1953.2
1387000 1949.6
1387010 1947.5
1387020 1947.5
1387030 1946.8
1387040 1944.7
1387050 1944.7
1387060 1938.6
1387070 1929.0
1387080 1929.0
1387090 1921.7
1387100 1917.8
1387110 1916.1
1387120 1916.1
1387130 1913.1
1387140 1910.7
1387150 1910.7
1387160 1907.5
1387170 1905.0
1387180 1905.0
1387190 1901.8
1387200 1896.8
1387210 1896.8
1387220 1891.8
1387230 1886.9
1387240 1886.9
1387250 1882.5
1387260 1877.6
1387270 1877.6
1387280 1872.9
1387290 1869.1
1387300 1866.1
1387310 1866.1
1387320 1863.7
1387330 1859.8
1387340 1859.8
1387350 1853.7
1387360 1849.8
1387370 1851.6
1387380 1851.8
1387390 1853.1
1387400 1853.1
1387410 1856.1
1387420 1860.0
1387430 1860.0
1387440 1864.1
1387450 1867.8
1387460 1867.8
1387470 1872.1
1387480 1877.4
1387490 1882.1
1387500 1882.1
1387510 1886.9
1387520 1892.5
1387530 1892.5
1387540 1896.8
1387550 1901.6
1387560 1901.6
1387570 1907.6
1387580 1912.9
1387590 1912.9
1387600 1918.3
1387610 1924.1
1387620 1924.1
1387630 1929.5
1387640 1932.7
1387650 1932.7
1387660 1933.1
1387670 1936.4
1387680 1936.4
1387690 1944.4
1387700 1952.9
1387710 1961.4
1387720 1961.4
1387730 1968.2
1387740 1972.8
1387750 1972.8
1387760 1978.4
1387770 1987.0
1387780 1987.0
1387790 1996.6
1387800 2003.3
1387810 2003.3
1387820 2006.2
1387830 2008.4
1387840 2008.4
1387850 2007.7
1387860 2005.3
1387870 2005.3
1387880 2004.1
1387890 2005.1
1387900 2008.7
1387910 2008.7
1387920 2007.7
1387930 2009.6
1387940 2009.6
1387950 2010.1
1387960 2008.9
1387970 2008.9
1387980 2005.8
1387990 2006.1
1388000 2006.1
1388010 2009.5
1388020 2014.9
1388030 2014.9
1388040 2021.7
1388050 2029.5
1388060 2029.5
1388070 2037.7
1388080 2046.3
1388090 2054.8
1388100 2054.8
1388110 2062.7
1388120 2068.8
1388130 2068.8
1388140 2074.1
1388150 2078.3
1388160 2078.3
1388170 2081.7
1388180 2085.2
1388190 2085.2
1388200 2089.5
1388210 2094.8
1388220 2094.8
1388230 2099.5
1388240 2104.0
1388250 2104.0
1388260 2108.3
1388270 2112.0
1388280 2112.0
1388290 2115.6
1388300 2119.2
1388310 2122.5
1388320 2122.5
1388330 2126.3
1388340 2129.7
1388350 2129.7
1388360 2132.0
1388370 2134.4
1388380 2134.4
1388390 2137.6
1388400 2141.7
1388410 2141.7
1388420 2146.9
1388430 2152.9
1388440 2152.9
1388450 2158.6
1388460 2163.9
1388470 2163.9
1388480 2168.5
1388490 2171.7
1388500 2173.0
1388510 2173.0
1388520 2174.5
1388530 2175.2
1388540 2175.2
1388550 2174.5
1388560 2172.3
1388570 2172.3
1388580 2168.7
1388590 2163.4
1388600 2163.4
1388610 2156.4
1388620 2149.0
1388630 2149.0
1388640 2141.7
1388650 2135.0
1388660 2135.0
1388670 2130.1
1388680 2132.7
1388690 2126.9
1388700 2126.9
1388710 2121.2
1388720 2117.1
1388730 2117.1
1388740 2112.2
1388750 2106.0
1388760 2106.0
1388770 2098.2
1388780 2087.6
1388790 2087.6
1388800 2078.0
1388810 2069.4
1388820 2069.4
1388830 2059.0
1388840 2049.4
1388850 2049.4
1388860 2040.6
1388870 2031.7
1388880 2031.7
1388890 2023.5
1388900 2015.0
1388910 2006.3
1388920 2006.3
1388930 1998.5
1388940 1990.8
1388950 1990.8
1388960 1982.9
1388970 1975.3
1388980 1975.3
1388990 1968.9
1389000 1963.0
1389010 1963.0
1389020 1957.5
1389030 1952.2
1389040 1952.2
1389050 1946.8
1389060 1940.9
1389070 1940.9
1389080 1935.2
1389090 1929.9
1389100 1924.8
1389110 1924.8
1389120 1919.4
1389130 1914.1
1389140 1914.1
1389150 1908.8
1389160 1903.5
1389170 1903.5
1389180 1898.3
1389190 1892.8
1389200 1892.8
1389210 1886.3
1389220 1877.6
1389230 1877.6
1389240 1868.4
1389250 1865.4
1389260 1865.4
1389270 1870.2
1389280 1873.9
1389290 1877.4
1389300 1877.4
1389310 1881.0
1389320 1884.1
1389330 1884.1
1389340 1886.8
1389350 1889.1
1389360 1889.1
1389370 1890.9
1389380 1893.6
1389390 1893.6
1389400 1896.9
1389410 1899.9
1389420 1899.9
1389430 1902.5
1389440 1907.6
1389450 1907.6
1389460 1913.4
1389470 1921.1
1389480 1921.1
1389490 1929.1
1389500 1938.4
1389510 1947.6
1389520 1947.6
1389530 1956.5
1389540 1962.7
1389550 1962.7
1389560 1969.2
1389570 1977.3
1389580 1977.3
1389590 1985.6
1389600 1993.2
1389610 1993.2
1389620 2000.5
1389630 2006.3
1389640 2006.3
1389650 2009.1
1389660 2008.8
1389670 2008.8
1389680 2014.6
1389690 2023.2
1389700 2031.1
1389710 2031.1
1389720 2039.8
1389730 2049.7
1389740 2049.7
1389750 2058.9
1389760 2067.1
1389770 2067.1
1389780 2077.4
1389790 2087.6
1389800 2087.6
1389810 2095.4
1389820 2102.5
1389830 2102.5
1389840 2110.5
1389850 2117.9
1389860 2117.9
1389870 2123.9
1389880 2130.1
1389890 2135.5
1389900 2135.5
1389910 2141.2
1389920 2147.9
1389930 2147.9
1389940 2153.2
1389950 2157.4
1389960 2157.4
1389970 2161.3
1389980 2164.5
1389990 2164.5
1390000 2167.9
1390010 2178.3
1390020 2178.3
1390030 2181.1
1390040 2182.7
1390050 2182.7
1390060 2182.4
1390070 2180.3
1390080 2180.3
1390090 2177.9
1390100 2176.2
1390110 2174.2
1390120 2174.2
1390130 2171.1
1390140 2166.9
1390150 2166.9
1390160 2162.7
1390170 2159.7
1390180 2159.7
1390190 2157.6
1390200 2154.9
1390210 2154.9
1390220 2151.3
1390230 2150.6
1390240 2150.6
1390250 2151.6
1390260 2150.4
1390270 2150.4
1390280 2151.8
1390290 2152.5
1390300 2151.9
1390310 2151.9
1390320 2150.9
1390330 2149.6
1390340 2149.6
1390350 2147.3
1390360 2143.9
1390370 2143.9
1390380 2139.1
1390390 2137.9
1390400 2137.9
1390410 2141.2
1390420 2143.8
1390430 2143.8
1390440 2147.2
1390450 2147.9
1390460 2147.9
1390470 2146.4
1390480 2144.3
1390490 2143.4
1390500 2143.4
1390510 2143.3
1390520 2142.8
1390530 2142.8
1390540 2138.3
1390550 2131.4
1390560 2131.4
1390570 2122.6
1390580 2114.0
1390590 2114.0
1390600 2105.6
1390610 2097.7
1390620 2097.7
1390630 2089.7
1390640 2081.0
1390650 2081.0
1390660 2073.0
1390670 2065.8
1390680 2065.8
1390690 2058.9
1390700 2052.2
1390710 2045.5
1390720 2045.5
1390730 2039.1
1390740 2034.6
1390750 2034.6
1390760 2031.2
1390770 2026.2
1390780 2026.2
1390790 2020.2
1390800 2014.0
1390810 2014.0
1390820 2006.8
1390830 1998.7
1390840 1998.7
1390850 1991.2
1390860 1983.3
1390870 1983.3
1390880 1972.9
1390890 1961.6
1390900 1954.0
1390910 1954.0
1390920 1955.8
1390930 1960.8
1390940 1960.8
1390950 1963.3
1390960 1961.3
1390970 1961.3
1390980 1958.5
1390990 1954.8
1391000 1954.8
1391010 1947.4
1391020 1935.7
1391030 1935.7
1391040 1924.2
1391050 1915.5
1391060 1915.5
1391070 1917.6
1391080 1924.3
1391090 1915.3
1391100 1915.3
1391110 1901.1
1391120 1890.1
1391130 1890.1
1391140 1884.9
1391150 1886.5
1391160 1886.5
1391170 1880.3
1391180 1866.3
1391190 1866.3
1391200 1847.1
1391210 1835.0
1391220 1835.0
1391230 1826.2
1391240 1818.5
1391250 1818.5
1391260 1812.5
1391270 1806.4
1391280 1800.0
1391290 1800.0
1391300 1792.5
1391310 1784.5
1391320 1784.5
1391330 1777.3
1391340 1770.1
1391350 1770.1
1391360 1766.6
1391370 1761.0
1391380 1761.0
1391390 1755.3
1391400 1749.8
1391410 1749.8
1391420 1745.2
1391430 1741.9
1391440 1741.9
1391450 1739.2
1391460 1736.7
1391470 1736.7
1391480 1734.5
1391490 1728.6
1391500 1721.7
1391510 1721.7
1391520 1719.6
1391530 1723.2
1391540 1723.2
1391550 1728.7
1391560 1733.8
1391570 1733.8
1391580 1739.0
1391590 1743.9
1391600 1743.9
1391610 1745.1
1391620 1745.8
1391630 1745.8
1391640 1746.9
1391650 1747.3
1391660 1747.3
1391670 1746.9
1391680 1747.1
1391690 1748.5
1391700 1748.5
1391710 1750.2
1391720 1754.5
1391730 1754.5
1391740 1760.0
1391750 1766.4
1391760 1766.4
1391770 1772.8
1391780 1778.9
1391790 1778.9
1391800 1785.3
1391810 1792.0
1391820 1792.0
1391830 1799.2
1391840 1805.9
1391850 1805.9
1391860 1813.7
1391870 1823.5
1391880 1833.3
1391890 1833.3
1391900 1842.1
1391910 1846.9
1391920 1846.9
1391930 1852.8
1391940 1858.8
1391950 1858.8
1391960 1862.5
1391970 1865.9
1391980 1865.9
1391990 1870.6
1392000 1877.4
1392010 1877.4
1392020 1886.7
1392030 1894.8
1392040 1894.8
1392050 1900.3
1392060 1905.8
1392070 1905.8
1392080 1912.0
1392090 1918.4
1392100 1924.4
1392110 1924.4
1392120 1930.7
1392130 1935.9
1392140 1935.9
1392150 1943.6
1392160 1954.4
1392170 1954.4
1392180 1964.8
1392190 1971.3
1392200 1971.3
1392210 1976.9
1392220 1983.8
1392230 1983.8
1392240 1991.3
1392250 2000.1
1392260 2000.1
1392270 2009.2
1392280 2018.5
1392290 2028.7
1392300 2028.7
1392310 2041.1
1392320 2051.1
1392330 2051.1
1392340 2058.2
1392350 2064.9
1392360 2064.9
1392370 2071.1
1392380 2078.4
1392390 2078.4
1392400 2086.1
1392410 2093.7
1392420 2093.7
1392430 2101.0
1392440 2108.1
1392450 2108.1
1392460 2112.9
1392470 2115.8
1392480 2117.8
1392490 2117.8
1392500 2119.3
1392510 2120.0
1392520 2120.0
1392530 2119.9
1392540 2119.5
1392550 2119.5
1392560 2118.9
1392570 2118.3
1392580 2118.3
1392590 2116.5
1392600 2113.8
1392610 2113.8
1392620 2111.0
1392630 2108.1
1392640 2108.1
1392650 2105.6
1392660 2103.0
1392670 2103.0
1392680 2099.7
1392690 2096.5
1392700 2094.6
1392710 2094.6
1392720 2092.2
1392730 2090.3
1392740 2090.3
1392750 2085.9
1392760 2081.5
1392770 2081.5
1392780 2076.5
1392790 2070.0
1392800 2070.0
1392810 2063.4
1392820 2056.8
1392830 2056.8
1392840 2050.0
1392850 2042.5
1392860 2042.5
1392870 2033.4
1392880 2024.2
1392890 2016.2
1392900 2016.2
1392910 2009.8
1392920 2003.7
1392930 2003.7
1392940 1997.1
1392950 1989.9
1392960 1989.9
1392970 1982.9
1392980 1976.9
1392990 1976.9
1393000 1972.3
1393010 1967.9
1393020 1967.9
1393030 1962.8
1393040 1957.1
1393050 1957.1
1393060 1951.5
1393070 1945.7
1393080 1938.6
1393090 1938.6
1393100 1930.2
1393110 1926.0
1393120 1926.0
1393130 1924.7
1393140 1925.4
1393150 1925.4
1393160 1925.4
1393170 1922.8
1393180 1922.8
1393190 1919.5
1393200 1915.1
1393210 1915.1
1393220 1908.9
1393230 1902.4
1393240 1902.4
1393250 1897.5
1393260 1897.4
1393270 1897.4
1393280 1896.1
1393290 1896.8
1393300 1896.9
1393310 1896.9
1393320 1898.7
1393330 1901.9
1393340 1901.9
1393350 1907.1
1393360 1908.9
1393370 1908.9
1393380 1906.5
1393390 1906.9
1393400 1906.9
1393410 1908.0
1393420 1908.0
1393430 1908.0
1393440 1907.9
1393450 1910.7
1393460 1910.7
1393470 1913.8
1393480 1915.6
1393490 1917.5
1393500 1917.5
1393510 1920.4
1393520 1924.9
1393530 1924.9
1393540 1930.5
1393550 1937.2
1393560 1937.2
1393570 1945.3
1393580 1954.7
1393590 1954.7
1393600 1964.4
1393610 1973.3
1393620 1973.3
1393630 1981.2
1393640 1989.5
1393650 1989.5
1393660 1997.2
1393670 2004.9
1393680 2012.9
1393690 2012.9
1393700 2019.2
1393710 2025.5
1393720 2025.5
1393730 2030.2
1393740 2033.9
1393750 2033.9
1393760 2037.9
1393770 2042.1
1393780 2042.1
1393790 2046.0
1393800 2049.9
1393810 2049.9
1393820 2052.3
1393830 2053.7
1393840 2053.7
1393850 2054.8
1393860 2055.3
1393870 2055.3
1393880 2055.7
1393890 2056.7
1393900 2058.9
1393910 2058.9
1393920 2061.9
1393930 2065.6
1393940 2065.6
1393950 2069.7
1393960 2073.4
1393970 2073.4
1393980 2074.9
1393990 2074.2
1394000 2074.2
1394010 2074.3
1394020 2075.0
1394030 2075.0
1394040 2076.5
1394050 2078.3
1394060 2078.3
1394070 2079.3
1394080 2079.4
1394090 2080.1
1394100 2080.1
1394110 2079.1
1394120 2082.7
1394130 2082.7
1394140 2082.7
1394150 2081.8
1394160 2081.8
1394170 2077.6
1394180 2071.6
1394190 2071.6
1394200 2064.2
1394210 2059.7
1394220 2059.7
1394230 2055.9
1394240 2051.3
1394250 2051.3
1394260 2043.5
1394270 2035.1
1394280 2027.7
1394290 2027.7
1394300 2020.4
1394310 2014.4
1394320 2014.4
1394330 2010.6
1394340 2007.9
1394350 2007.9
1394360 2006.4
1394370 2004.9
1394380 2004.9
1394390 2002.2
1394400 1999.6
1394410 1999.6
1394420 1995.9
1394430 1990.3
1394440 1990.3
1394450 1986.8
1394460 1984.3
1394470 1984.3
1394480 1981.8
1394490 1982.0
1394500 1983.3
1394510 1983.3
1394520 1983.6
1394530 1983.8
1394540 1983.8
1394550 1984.2
1394560 1985.0
1394570 1985.0
1394580 1985.4
1394590 1985.3
1394600 1985.3
1394610 1985.5
1394620 1985.8
1394630 1985.8
1394640 1985.4
1394650 1985.1
1394660 1985.1
1394670 1983.5
1394680 1980.7
1394690 1977.8
1394700 1977.8
1394710 1975.2
1394720 1972.0
1394730 1972.0
1394740 1968.8
1394750 1966.4
1394760 1966.4
1394770 1964.3
1394780 1962.6
1394790 1962.6
1394800 1959.4
1394810 1955.3
1394820 1955.3
1394830 1951.4
1394840 1948.3
1394850 1948.3
1394860 1945.4
1394870 1940.8
1394880 1935.8
1394890 1935.8
1394900 1931.7
1394910 1927.5
1394920 1927.5
1394930 1921.8
1394940 1913.3
1394950 1913.3
1394960 1904.9
1394970 1896.5
1394980 1896.5
1394990 1889.6
1395000 1883.8
1395010 1883.8
1395020 1877.8
1395030 1870.8
1395040 1870.8
1395050 1863.3
1395060 1857.5
1395070 1853.3
1395080 1853.3
1395090 1848.0
1395100 1843.7
1395110 1843.7
1395120 1837.5
1395130 1828.3
1395140 1828.3
1395150 1820.0
1395160 1813.1
1395170 1813.1
1395180 1806.7
1395190 1799.3
1395200 1799.3
1395210 1792.4
1395220 1786.2
1395230 1786.2
1395240 1774.7
1395250 1767.0
1395260 1767.0
1395270 1759.4
1395280 1745.8
1395290 1736.8
1395300 1736.8
1395310 1730.8
1395320 1722.2
1395330 1722.2
1395340 1711.1
1395350 1698.0
1395360 1698.0
1395370 1683.3
1395380 1668.9
1395390 1668.9
1395400 1659.3
1395410 1651.3
1395420 1651.3
1395430 1643.5
1395440 1634.6
1395450 1634.6
1395460 1625.1
1395470 1615.5
1395480 1608.3
1395490 1608.3
1395500 1601.8
1395510 1594.9
1395520 1594.9
1395530 1589.4
1395540 1582.5
1395550 1582.5
1395560 1575.9
1395570 1569.7
1395580 1569.7
1395590 1562.7
1395600 1554.7
1395610 1554.7
1395620 1547.1
1395630 1540.6
1395640 1540.6
1395650 1531.3
1395660 1517.0
1395670 1506.0
1395680 1506.0
1395690 1500.0
1395700 1495.4
1395710 1495.4
1395720 1490.9
1395730 1485.6
1395740 1485.6
1395750 1481.1
1395760 1475.8
1395770 1475.8
1395780 1470.2
1395790 1464.5
1395800 1464.5
1395810 1456.7
1395820 1448.9
1395830 1448.9
1395840 1443.9
1395850 1438.2
1395860 1438.2
1395870 1431.2
1395880 1423.9
1395890 1416.9
1395900 1416.9
1395910 1409.0
1395920 1400.3
1395930 1400.3
1395940 1390.5
1395950 1383.1
1395960 1383.1
1395970 1378.6
1395980 1374.6
1395990 1374.6
1396000 1368.5
1396010 1361.4
1396020 1361.4
1396030 1353.8
1396040 1346.4
1396050 1346.4
1396060 1337.7
1396070 1325.3
1396080 1316.2
1396090 1316.2
1396100 1309.7
1396110 1301.5
1396120 1301.5
1396130 1292.3
1396140 1282.7
1396150 1282.7
1396160 1276.6
1396170 1271.4
1396180 1271.4
1396190 1265.5
1396200 1259.6
1396210 1259.6
1396220 1253.7
1396230 1248.1
1396240 1248.1
1396250 1241.8
1396260 1237.0
1396270 1232.8
1396280 1232.8
1396290 1226.6
1396300 1220.7
1396310 1220.7
1396320 1215.7
1396330 1210.9
1396340 1210.9
1396350 1197.7
1396360 1178.7
1396370 1178.7
1396380 1163.5
1396390 1147.6
1396400 1147.6
1396410 1137.1
1396420 1131.1
1396430 1131.1
1396440 1121.8
1396450 1118.4
1396460 1118.4
1396470 1117.1
1396480 1111.8
1396490 1102.9
1396500 1102.9
1396510 1097.7
1396520 1092.3
1396530 1092.3
1396540 1081.9
1396550 1072.6
1396560 1072.6
1396570 1061.0
1396580 1048.4
1396590 1048.4
1396600 1038.4
1396610 1028.9
1396620 1028.9
1396630 1017.2
1396640 1006.8
1396650 1006.8
1396660 999.8
1396670 991.9
1396680 971.7
1396690 971.7
1396700 958.4
1396710 952.0
1396720 952.0
1396730 949.8
1396740 948.9
1396750 948.9
1396760 948.5
1396770 947.9
1396780 947.9
1396790 947.4
1396800 946.8
1396810 946.8
1396820 945.4
1396830 944.2
1396840 944.2
1396850 943.2
1396860 942.3
1396870 941.6
1396880 941.6
1396890 941.1
1396900 940.6
1396910 940.6
1396920 939.9
1396930 939.0
1396940 939.0
1396950 941.3
1396960 941.9
1396970 941.9
1396980 938.0
1396990 936.2
1397000 936.2
1397010 935.4
1397020 935.1
1397030 935.1
1397040 936.3
1397050 935.2
1397060 935.2
1397070 935.2
1397080 935.5
1397090 932.6
1397100 932.6
1397110 926.5
1397120 923.5
1397130 923.5
1397140 920.3
1397150 916.6
1397160 916.6
1397170 917.0
1397180 921.3
1397190 921.3
1397200 925.3
1397210 928.0
1397220 928.0
1397230 929.8
1397240 930.7
1397250 930.7
1397260 930.9
1397270 931.7
1397280 933.2
1397290 933.2
1397300 937.0
1397310 942.6
1397320 942.6
1397330 948.7
1397340 954.6
1397350 954.6
1397360 958.8
1397370 961.3
1397380 961.3
1397390 965.6
1397400 969.2
1397410 969.2
1397420 971.6
1397430 972.7
1397440 972.7
1397450 974.8
1397460 977.0
1397470 978.2
1397480 978.2
1397490 978.3
1397500 978.8
1397510 978.8
1397520 980.8
1397530 985.5
1397540 985.5
1397550 990.3
1397560 994.8
1397570 994.8
1397580 999.5
1397590 1002.5
1397600 1002.5
1397610 1004.5
1397620 1008.9
1397630 1008.9
1397640 1014.4
1397650 1019.3
1397660 1019.3
1397670 1022.2
1397680 1024.1
1397690 1028.6
1397700 1028.6
1397710 1033.5
1397720 1039.9
1397730 1039.9
1397740 1043.7
1397750 1048.8
1397760 1048.8
1397770 1052.3
1397780 1057.6
1397790 1057.6
1397800 1064.6
1397810 1071.2
1397820 1071.2
1397830 1076.9
1397840 1080.8
1397850 1080.8
1397860 1087.4
1397870 1095.3
1397880 1102.6
1397890 1102.6
1397900 1109.0
1397910 1115.5
1397920 1115.5
1397930 1122.5
1397940 1129.8
1397950 1129.8
1397960 1135.5
1397970 1139.2
1397980 1139.2
1397990 1143.4
1398000 1149.1
1398010 1149.1
1398020 1154.7
1398030 1160.9
1398040 1160.9
1398050 1166.8
1398060 1171.7
1398070 1175.9
1398080 1175.9
1398090 1179.1
1398100 1182.6
1398110 1182.6
1398120 1186.5
1398130 1190.2
1398140 1190.2
1398150 1194.1
1398160 1198.2
1398170 1198.2
1398180 1202.2
1398190 1206.1
1398200 1206.1
1398210 1210.1
1398220 1213.4
1398230 1213.4
1398240 1216.2
1398250 1218.6
1398260 1218.6
1398270 1220.9
1398280 1223.0
1398290 1224.7
1398300 1224.7
1398310 1226.3
1398320 1227.4
1398330 1227.4
1398340 1228.6
1398350 1229.8
1398360 1229.8
1398370 1230.6
1398380 1231.3
1398390 1231.3
1398400 1232.0
1398410 1233.3
1398420 1225.0
1398430 1226.6
1398440 1228.8
1398450 1228.8
1398460 1229.3
1398470 1229.7
1398480 1231.3
1398490 1231.3
1398500 1234.6
1398510 1238.6
1398520 1238.6
1398530 1240.8
1398540 1244.7
1398550 1244.7
1398560 1244.2
1398570 1240.7
1398580 1240.7
1398590 1237.6
1398600 1235.1
1398610 1235.1
1398620 1234.2
1398630 1233.9
1398640 1233.9
1398650 1233.1
1398660 1233.7
1398670 1235.8
1398680 1235.8
1398690 1239.0
1398700 1242.3
1398710 1242.3
1398720 1244.5
1398730 1246.1
1398740 1246.1
1398750 1247.3
1398760 1248.4
1398770 1248.4
1398780 1250.8
1398790 1253.7
1398800 1253.7
1398810 1255.3
1398820 1256.6
1398830 1256.6
1398840 1256.9
1398850 1256.3
1398860 1256.3
1398870 1255.6
1398880 1255.3
1398890 1254.3
1398900 1254.3
1398910 1253.1
1398920 1251.2
1398930 1251.2
1398940 1250.6
1398950 1253.2
1398960 1253.2
1398970 1254.2
1398980 1255.3
1398990 1255.3
1399000 1260.1
1399010 1263.8
1399020 1263.8
1399030 1262.7
1399040 1262.0
1399050 1262.0
1399060 1266.3
1399070 1268.5
1399080 1269.1
1399090 1269.1
1399100 1271.2
1399110 1273.3
1399120 1273.3
1399130 1272.6
1399140 1268.5
1399150 1268.5
1399160 1263.6
1399170 1259.0
1399180 1259.0
1399190 1253.5
1399200 1249.1
1399210 1249.1
1399220 1248.8
1399230 1249.4
1399240 1249.4
1399250 1250.5
1399260 1252.2
1399270 1252.0
1399280 1252.0
1399290 1246.3
1399300 1242.4
1399310 1242.4
1399320 1241.2
1399330 1245.5
1399340 1245.5
1399350 1241.5
1399360 1231.1
1399370 1231.1
1399380 1230.8
1399390 1222.6
1399400 1222.6
1399410 1224.7
1399420 1236.2
1399430 1236.2
1399440 1249.1
1399450 1262.3
1399460 1275.0
1399470 1275.0
1399480 1283.4
1399490 1293.1
1399500 1293.1
1399510 1302.0
1399520 1308.7
1399530 1308.7
1399540 1313.2
1399550 1317.4
1399560 1317.4
1399570 1319.5
1399580 1322.0
1399590 1322.0
1399600 1325.6
1399610 1329.7
1399620 1329.7
1399630 1334.2
1399640 1339.3
1399650 1339.3
1399660 1344.1
1399670 1349.2
1399680 1354.2
1399690 1354.2
1399700 1358.9
1399710 1363.5
1399720 1363.5
1399730 1368.7
1399740 1373.8
1399750 1373.8
1399760 1379.2
1399770 1385.4
1399780 1385.4
1399790 1390.7
1399800 1396.1
1399810 1396.1
1399820 1401.6
1399830 1407.8
1399840 1407.8
1399850 1414.6
1399860 1421.2
1399870 1427.3
1399880 1427.3
1399890 1432.8
1399900 1440.4
1399910 1440.4
1399920 1444.9
1399930 1449.5
1399940 1449.5
1399950 1453.9
1399960 1458.0
1399970 1458.0
1399980 1462.3
1399990 1466.9
