1380000 2062.2
1380010 2054.0
1380020 2046.2
1380030 2046.2
1380040 2039.9
1380050 2035.0
1380060 2035.0
1380070 2032.5
1380080 2031.2
1380090 2031.2
1380100 2029.6
1380110 2027.5
1380120 2027.5
1380130 2025.3
1380140 2022.1
1380150 2022.1
1380160 2018.3
1380170 2015.1
1380180 2015.1
1380190 2010.6
1380200 2006.6
1380210 2006.6
1380220 2002.8
1380230 1998.0
1380240 1993.9
1380250 1993.9
1380260 1990.0
1380270 1985.7
1380280 1985.7
1380290 1982.2
1380300 1978.8
1380310 1978.8
1380320 1975.5
1380330 1972.9
1380340 1972.9
1380350 1969.5
1380360 1964.6
1380370 1964.6
1380380 1960.5
1380390 1956.7
1380400 1956.7
1380410 1951.7
1380420 1944.6
1380430 1937.4
1380440 1937.4
1380450 1929.8
1380460 1922.5
1380470 1922.5
1380480 1916.9
1380490 1911.5
1380500 1911.5
1380510 1907.1
1380520 1903.2
1380530 1903.2
1380540 1896.5
1380550 1887.3
1380560 1887.3
1380570 1877.6
1380580 1869.0
1380590 1869.1
1380600 1862.4
1380610 1855.2
1380620 1847.1
1380630 1847.1
1380640 1838.5
1380650 1833.4
1380660 1833.4
1380670 1829.4
1380680 1821.4
1380690 1821.4
1380700 1811.1
1380710 1803.5
1380720 1803.5
1380730 1798.7
1380740 1793.3
1380750 1793.3
1380760 1787.9
1380770 1782.3
1380780 1782.3
1380790 1776.0
1380800 1768.9
1380810 1768.9
1380820 1760.8
1380830 1754.9
1380840 1749.7
1380850 1749.7
1380860 1742.9
1380870 1738.3
1380880 1738.3
1380890 1735.5
1380900 1732.8
1380910 1732.8
1380920 1730.2
1380930 1727.7
1380940 1727.7
1380950 1725.0
1380960 1720.7
1380970 1720.7
1380980 1716.1
1380990 1712.1
1381000 1712.1
1381010 1709.1
1381020 1705.4
1381030 1699.6
1381040 1699.6
1381050 1693.9
1381060 1686.8
1381070 1686.8
1381080 1679.7
1381090 1673.2
1381100 1673.2
1381110 1667.0
1381120 1661.0
1381130 1661.0
1381140 1655.8
1381150 1651.2
1381160 1651.2
1381170 1646.0
1381180 1639.5
1381190 1639.5
1381200 1634.1
1381210 1627.2
1381220 1619.3
1381230 1619.3
1381240 1610.8
1381250 1602.5
1381260 1602.5
1381270 1594.5
1381280 1585.7
1381290 1585.7
1381300 1577.6
1381310 1570.1
1381320 1570.1
1381330 1564.0
1381340 1566.8
1381350 1566.8
1381360 1575.8
1381370 1585.4
1381380 1585.4
1381390 1593.0
1381400 1597.2
1381410 1597.2
1381420 1601.4
1381430 1605.3
1381440 1609.2
1381450 1609.2
1381460 1612.7
1381470 1617.3
1381480 1617.3
1381490 1622.2
1381500 1626.0
1381510 1626.0
1381520 1629.6
1381530 1633.7
1381540 1633.7
1381550 1638.8
1381560 1642.9
1381570 1642.9
1381580 1645.7
1381590 1648.1
1381600 1648.1
1381610 1651.2
1381620 1654.9
1381630 1658.8
1381640 1658.8
1381650 1662.0
1381660 1662.6
1381670 1662.6
1381680 1664.5
1381690 1668.1
1381700 1668.1
1381710 1672.9
1381720 1678.1
1381730 1678.1
1381740 1682.4
1381750 1686.6
1381760 1686.6
1381770 1690.7
1381780 1693.7
1381790 1693.7
1381800 1696.6
1381810 1706.8
1381820 1706.8
1381830 1710.5
1381840 1717.8
1381850 1724.5
1381860 1724.5
1381870 1730.7
1381880 1737.4
1381890 1737.4
1381900 1744.2
1381910 1750.9
1381920 1750.9
1381930 1757.1
1381940 1762.6
1381950 1762.6
1381960 1766.1
1381970 1768.7
1381980 1768.7
1381990 1771.0
1382000 1774.2
1382010 1774.2
1382020 1776.4
1382030 1778.3
1382040 1780.0
1382050 1780.0
1382060 1781.8
1382070 1783.6
1382080 1783.6
1382090 1785.9
1382100 1788.1
1382110 1788.1
1382120 1789.8
1382130 1793.1
1382140 1793.1
1382150 1799.6
1382160 1811.3
1382170 1811.3
1382180 1821.5
1382190 1829.3
1382200 1829.3
1382210 1833.9
1382220 1831.8
1382230 1829.9
1382240 1829.9
1382250 1829.0
1382260 1824.6
1382270 1824.6
1382280 1821.5
1382290 1823.6
1382300 1823.6
1382310 1821.2
1382320 1826.0
1382330 1826.0
1382340 1837.4
1382350 1845.8
1382360 1845.8
1382370 1845.5
1382380 1845.5
1382390 1845.5
1382400 1847.5
1382410 1851.1
1382420 1851.1
1382430 1854.6
1382440 1856.9
1382450 1858.8
1382460 1858.8
1382470 1860.7
1382480 1862.5
1382490 1862.5
1382500 1864.2
1382510 1864.1
1382520 1864.1
1382530 1859.8
1382540 1855.5
1382550 1855.5
1382560 1854.0
1382570 1855.9
1382580 1855.9
1382590 1857.3
1382600 1856.3
1382610 1856.3
1382620 1855.6
1382630 1854.0
1382640 1855.0
1382650 1855.0
1382660 1858.2
1382670 1862.7
1382680 1862.7
1382690 1870.4
1382700 1879.6
1382710 1879.6
1382720 1889.4
1382730 1897.3
1382740 1897.3
1382750 1903.9
1382760 1910.6
1382770 1910.6
1382780 1917.0
1382790 1922.3
1382800 1922.3
1382810 1927.5
1382820 1932.4
1382830 1937.5
1382840 1937.5
1382850 1943.6
1382860 1950.1
1382870 1950.1
1382880 1956.6
1382890 1964.1
1382900 1964.1
1382910 1972.8
1382920 1981.9
1382930 1981.9
1382940 1990.3
1382950 1998.3
1382960 1998.3
1382970 2006.2
1382980 2014.3
1382990 2014.3
1383000 2021.1
1383010 2026.1
1383020 2026.1
1383030 2030.4
1383040 2034.4
1383050 2042.8
1383060 2042.8
1383070 2046.0
1383080 2048.8
1383090 2048.8
1383100 2051.4
1383110 2053.5
1383120 2053.5
1383130 2055.0
1383140 2056.3
1383150 2056.3
1383160 2057.3
1383170 2057.9
1383180 2057.9
1383190 2057.8
1383200 2057.5
1383210 2057.5
1383220 2057.0
1383230 2055.6
1383240 2053.6
1383250 2053.6
1383260 2051.1
1383270 2048.1
1383280 2048.1
1383290 2045.1
1383300 2042.0
1383310 2042.0
1383320 2038.2
1383330 2034.4
1383340 2034.4
1383350 2029.9
1383360 2023.9
1383370 2023.9
1383380 2017.2
1383390 2010.3
1383400 2010.3
1383410 2003.2
1383420 1996.0
1383430 1996.0
1383440 1988.6
1383450 1981.5
1383460 1972.9
1383470 1972.9
1383480 1963.3
1383490 1954.5
1383500 1954.5
1383510 1946.2
1383520 1938.1
1383530 1938.1
1383540 1930.1
1383550 1921.8
1383560 1921.8
1383570 1913.7
1383580 1905.6
1383590 1905.6
1383600 1897.5
1383610 1889.9
1383620 1889.9
1383630 1883.6
1383640 1877.6
1383650 1870.0
1383660 1870.0
1383670 1858.7
1383680 1850.8
1383690 1850.8
1383700 1842.4
1383710 1832.6
1383720 1832.6
1383730 1827.6
1383740 1824.8
1383750 1824.8
1383760 1821.1
1383770 1814.7
1383780 1814.7
1383790 1810.0
1383800 1804.9
1383810 1804.9
1383820 1799.0
1383830 1794.2
1383840 1790.3
1383850 1790.3
1383860 1787.6
1383870 1784.6
1383880 1784.6
1383890 1780.5
1383900 1775.8
1383910 1775.8
1383920 1770.6
1383930 1765.4
1383940 1765.4
1383950 1759.8
1383960 1755.3
1383970 1755.3
1383980 1751.3
1383990 1746.5
1384000 1746.5
1384010 1740.5
1384020 1733.8
1384030 1733.8
1384040 1727.1
1384050 1720.5
1384060 1714.1
1384070 1714.1
1384080 1707.6
1384090 1700.8
1384100 1700.8
1384110 1694.4
1384120 1688.2
1384130 1688.2
1384140 1682.5
1384150 1675.3
1384160 1675.3
1384170 1667.8
1384180 1662.0
1384190 1662.0
1384200 1657.9
1384210 1653.9
1384220 1653.9
1384230 1648.7
1384240 1642.5
1384250 1635.8
1384260 1635.8
1384270 1628.1
1384280 1619.0
1384290 1619.0
1384300 1612.7
1384310 1599.8
1384320 1599.8
1384330 1591.7
1384340 1586.5
1384350 1586.5
1384360 1581.0
1384370 1574.3
1384380 1574.3
1384390 1567.9
1384400 1561.4
1384410 1561.4
1384420 1554.9
1384430 1549.4
1384440 1549.4
1384450 1543.7
1384460 1538.5
1384470 1533.0
1384480 1533.0
1384490 1527.5
1384500 1522.0
1384510 1522.0
1384520 1515.3
1384530 1507.8
1384540 1507.8
1384550 1497.2
1384560 1483.7
1384570 1483.7
1384580 1489.3
1384590 1502.8
1384600 1502.8
1384610 1515.8
1384620 1524.8
1384630 1524.8
1384640 1531.6
1384650 1535.9
1384660 1539.2
1384670 1539.2
1384680 1541.3
1384690 1544.1
1384700 1544.1
1384710 1545.9
1384720 1549.2
1384730 1549.2
1384740 1552.6
1384750 1554.4
1384760 1554.4
1384770 1555.5
1384780 1558.8
1384790 1558.8
1384800 1564.7
1384810 1569.6
1384820 1569.6
1384830 1573.1
1384840 1573.1
1384850 1571.9
1384860 1571.9
1384870 1572.4
1384880 1574.4
1384890 1574.4
1384900 1577.3
1384910 1580.4
1384920 1580.4
1384930 1577.8
1384940 1574.9
1384950 1574.9
1384960 1572.9
1384970 1568.9
1384980 1568.9
1384990 1564.7
1385000 1559.6
1385010 1559.6
1385020 1552.5
1385030 1545.5
1385040 1545.5
1385050 1543.3
1385060 1538.3
1385070 1533.1
1385080 1533.1
1385090 1526.7
1385100 1519.0
1385110 1519.0
1385120 1514.1
1385130 1512.1
1385140 1512.1
1385150 1514.4
1385160 1521.8
1385170 1521.8
1385180 1530.7
1385190 1539.2
1385200 1539.2
1385210 1547.2
1385220 1555.7
1385230 1555.7
1385240 1563.7
1385250 1568.6
1385260 1573.6
1385270 1573.6
1385280 1579.4
1385290 1586.2
1385300 1586.2
1385310 1593.7
1385320 1601.5
1385330 1601.5
1385340 1608.9
1385350 1615.7
1385360 1615.7
1385370 1622.5
1385380 1630.0
1385390 1630.0
1385400 1637.9
1385410 1646.0
1385420 1646.0
1385430 1653.7
1385440 1660.6
1385450 1666.1
1385460 1666.1
1385470 1670.8
1385480 1676.5
1385490 1676.5
1385500 1682.1
1385510 1687.4
1385520 1687.4
1385530 1692.1
1385540 1697.5
1385550 1697.5
1385560 1703.5
1385570 1709.7
1385580 1707.3
1385590 1713.9
1385600 1720.1
1385610 1720.1
1385620 1726.3
1385630 1732.4
1385640 1732.4
1385650 1738.8
1385660 1745.3
1385670 1750.9
1385680 1750.9
1385690 1756.0
1385700 1760.7
1385710 1760.7
1385720 1764.7
1385730 1768.7
1385740 1768.7
1385750 1773.2
1385760 1777.5
1385770 1777.5
1385780 1782.8
1385790 1784.9
1385800 1784.9
1385810 1784.3
1385820 1785.6
1385830 1785.6
1385840 1789.1
1385850 1793.9
1385860 1798.9
1385870 1798.9
1385880 1803.6
1385890 1808.4
1385900 1808.4
1385910 1813.5
1385920 1818.5
1385930 1818.5
1385940 1823.8
1385950 1828.8
1385960 1828.8
1385970 1834.1
1385980 1838.8
1385990 1838.8
1386000 1842.2
1386010 1845.9
1386020 1845.9
1386030 1851.3
1386040 1856.8
1386050 1856.8
1386060 1861.3
1386070 1864.9
1386080 1869.2
1386090 1869.2
1386100 1873.9
1386110 1877.9
1386120 1877.9
1386130 1881.4
1386140 1884.6
1386150 1884.6
1386160 1887.6
1386170 1890.5
1386180 1890.5
1386190 1893.3
1386200 1896.5
1386210 1896.5
1386220 1899.7
1386230 1902.7
1386240 1902.7
1386250 1905.5
1386260 1908.1
1386270 1911.2
1386280 1911.2
1386290 1914.0
1386300 1916.1
1386310 1916.1
1386320 1917.5
1386330 1918.7
1386340 1918.7
1386350 1920.2
1386360 1921.4
1386370 1921.4
1386380 1922.5
1386390 1923.2
1386400 1923.2
1386410 1923.5
1386420 1923.5
1386430 1923.5
1386440 1923.2
1386450 1922.3
1386460 1920.6
1386470 1920.6
1386480 1918.9
1386490 1917.7
1386500 1917.7
1386510 1916.5
1386520 1915.4
1386530 1915.4
1386540 1914.7
1386550 1914.6
1386560 1914.6
1386570 1914.0
1386580 1914.8
1386590 1914.8
1386600 1917.2
1386610 1919.2
1386620 1919.2
1386630 1920.6
1386640 1920.7
1386650 1920.7
1386660 1921.0
1386670 1921.4
1386680 1921.4
1386690 1921.4
1386700 1920.9
1386710 1921.7
1386720 1921.7
1386730 1922.9
1386740 1923.9
1386750 1923.9
1386760 1925.5
1386770 1927.4
1386780 1927.4
1386790 1928.9
1386800 1929.9
1386810 1929.9
1386820 1931.0
1386830 1931.8
1386840 1931.8
1386850 1932.7
1386860 1938.0
1386870 1938.2
1386880 1938.2
1386890 1938.2
1386900 1938.5
1386910 1938.5
1386920 1938.4
1386930 1938.2
1386940 1938.2
1386950 1938.1
1386960 1938.0
1386970 1938.0
1386980 1937.8
1386990 1937.5
1387000 1937.5
1387010 1937.6
1387020 1937.7
1387030 1937.7
1387040 1937.2
1387050 1936.3
1387060 1935.6
1387070 1935.6
1387080 1935.0
1387090 1934.4
1387100 1934.4
1387110 1933.8
1387120 1933.7
1387130 1933.7
1387140 1933.9
1387150 1934.6
1387160 1934.6
1387170 1935.3
1387180 1935.7
1387190 1935.7
1387200 1936.8
1387210 1937.8
1387220 1937.8
1387230 1938.6
1387240 1939.6
1387250 1939.6
1387260 1939.2
1387270 1938.4
1387280 1938.9
1387290 1938.9
1387300 1939.0
1387310 1938.9
1387320 1938.9
1387330 1938.5
1387340 1937.7
1387350 1937.7
1387360 1937.3
1387370 1936.8
1387380 1936.8
1387390 1936.6
1387400 1937.2
1387410 1937.2
1387420 1937.9
1387430 1938.4
1387440 1938.4
1387450 1938.7
1387460 1937.9
1387470 1936.0
1387480 1936.0
1387490 1933.5
1387500 1929.1
1387510 1929.1
1387520 1923.3
1387530 1918.0
1387540 1918.0
1387550 1913.7
1387560 1908.2
1387570 1908.2
1387580 1902.2
1387590 1895.6
1387600 1895.6
1387610 1889.7
1387620 1883.5
1387630 1883.5
1387640 1876.4
1387650 1869.1
1387660 1869.1
1387670 1861.7
1387680 1853.4
1387690 1846.1
1387700 1846.1
1387710 1838.6
1387720 1830.6
1387730 1830.6
1387740 1823.1
1387750 1815.8
1387760 1815.8
1387770 1808.1
1387780 1800.0
1387790 1800.0
1387800 1791.9
1387810 1782.7
1387820 1782.7
1387830 1771.7
1387840 1769.5
1387850 1769.5
1387860 1768.0
1387870 1759.2
1387880 1748.8
1387890 1748.8
1387900 1746.7
1387910 1742.1
1387920 1742.1
1387930 1729.7
1387940 1716.9
1387950 1716.9
1387960 1712.4
1387970 1709.3
1387980 1709.3
1387990 1697.6
1388000 1679.3
1388010 1679.3
1388020 1666.9
1388030 1655.8
1388040 1655.8
1388050 1646.4
1388060 1635.4
1388070 1625.2
1388080 1625.2
1388090 1616.1
1388100 1607.5
1388110 1607.5
1388120 1598.6
1388130 1589.7
1388140 1589.7
1388150 1581.2
1388160 1572.2
1388170 1571.7
1388180 1563.0
1388190 1554.5
1388200 1554.5
1388210 1546.1
1388220 1537.6
1388230 1537.6
1388240 1529.1
1388250 1520.1
1388260 1520.1
1388270 1511.7
1388280 1504.7
1388290 1501.8
1388300 1501.8
1388310 1505.4
1388320 1517.6
1388330 1517.6
1388340 1527.7
1388350 1537.8
1388360 1537.8
1388370 1548.9
1388380 1560.5
1388390 1560.5
1388400 1570.9
1388410 1582.7
1388420 1582.7
1388430 1594.2
1388440 1604.5
1388450 1604.5
1388460 1614.5
1388470 1624.7
1388480 1635.5
1388490 1635.5
1388500 1643.7
1388510 1649.1
1388520 1649.1
1388530 1654.3
1388540 1660.0
1388550 1660.0
1388560 1666.0
1388570 1671.4
1388580 1671.4
1388590 1677.1
1388600 1683.6
1388610 1683.6
1388620 1689.9
1388630 1695.6
1388640 1695.6
1388650 1700.8
1388660 1707.1
1388670 1714.5
1388680 1714.5
1388690 1722.9
1388700 1732.4
1388710 1732.4
1388720 1740.4
1388730 1747.0
1388740 1747.0
1388750 1752.6
1388760 1755.4
1388770 1755.4
1388780 1758.0
1388790 1759.9
1388800 1759.9
1388810 1760.8
1388820 1761.6
1388830 1761.6
1388840 1761.3
1388850 1761.4
1388860 1761.4
1388870 1762.9
1388880 1763.6
1388890 1763.4
1388900 1763.4
1388910 1763.7
1388920 1764.5
1388930 1764.5
1388940 1765.5
1388950 1765.8
1388960 1765.8
1388970 1764.7
1388980 1762.3
1388990 1762.3
1389000 1760.5
1389010 1758.8
1389020 1758.8
1389030 1757.0
1389040 1755.0
1389050 1755.0
1389060 1752.8
1389070 1750.1
1389080 1747.4
1389090 1747.4
1389100 1745.0
1389110 1743.2
1389120 1743.2
1389130 1741.4
1389140 1739.6
1389150 1739.6
1389160 1737.5
1389170 1736.1
1389180 1736.1
1389190 1735.8
1389200 1735.4
1389210 1735.4
1389220 1734.5
1389230 1730.7
1389240 1730.7
1389250 1724.5
1389260 1718.2
1389270 1718.2
1389280 1713.1
1389290 1707.5
1389300 1696.9
1389310 1696.9
1389320 1685.6
1389330 1674.7
1389340 1674.7
1389350 1662.5
1389360 1650.3
1389370 1650.3
1389380 1640.6
1389390 1632.0
1389400 1632.0
1389410 1622.7
1389420 1613.6
1389430 1613.6
1389440 1606.6
1389450 1600.6
1389460 1600.6
1389470 1593.5
1389480 1584.5
1389490 1576.0
1389500 1576.0
1389510 1568.1
1389520 1558.0
1389530 1558.0
1389540 1544.9
1389550 1535.7
1389560 1535.7
1389570 1526.1
1389580 1521.7
1389590 1521.7
1389600 1528.4
1389610 1534.9
1389620 1534.9
1389630 1539.3
1389640 1552.0
1389650 1552.0
1389660 1563.8
1389670 1575.9
1389680 1587.3
1389690 1587.3
1389700 1598.9
1389710 1608.1
1389720 1608.1
1389730 1617.1
1389740 1622.7
1389750 1622.7
1389760 1630.1
1389770 1643.6
1389780 1643.6
1389790 1655.5
1389800 1662.8
1389810 1662.8
1389820 1669.3
1389830 1674.7
1389840 1674.7
1389850 1680.9
1389860 1691.7
1389870 1691.7
1389880 1700.8
1389890 1713.0
1389900 1723.2
1389910 1723.2
1389920 1728.7
1389930 1731.5
1389940 1731.5
1389950 1733.0
1389960 1734.4
1389970 1734.4
1389980 1736.6
1389990 1739.6
1390000 1739.6
1390010 1741.3
1390020 1742.3
1390030 1742.3
1390040 1742.9
1390050 1743.4
1390060 1743.4
1390070 1744.0
1390080 1744.7
1390090 1745.5
1390100 1745.5
1390110 1745.8
1390120 1745.3
1390130 1745.3
1390140 1744.1
1390150 1742.2
1390160 1742.2
1390170 1740.6
1390180 1738.6
1390190 1738.6
1390200 1736.2
1390210 1733.8
1390220 1733.8
1390230 1731.9
1390240 1729.5
1390250 1729.5
1390260 1726.6
1390270 1723.6
1390280 1720.7
1390290 1720.7
1390300 1717.5
1390310 1714.0
1390320 1714.0
1390330 1710.9
1390340 1707.2
1390350 1707.2
1390360 1703.9
1390370 1703.4
1390380 1703.4
1390390 1703.7
1390400 1704.0
1390410 1704.0
1390420 1703.5
1390430 1702.1
1390440 1702.1
1390450 1698.5
1390460 1693.3
1390470 1693.3
1390480 1687.6
1390490 1682.7
1390500 1678.3
1390510 1678.3
1390520 1675.0
1390530 1671.2
1390540 1671.2
1390550 1667.1
1390560 1663.6
1390570 1663.6
1390580 1661.6
1390590 1661.0
1390600 1661.0
1390610 1657.1
1390620 1651.4
1390630 1651.4
1390640 1646.1
1390650 1641.4
1390660 1641.4
1390670 1635.1
1390680 1627.9
1390690 1621.1
1390700 1621.1
1390710 1613.9
1390720 1606.5
1390730 1606.5
1390740 1600.2
1390750 1594.4
1390760 1594.4
1390770 1589.9
1390780 1585.0
1390790 1585.0
1390800 1580.1
1390810 1574.8
1390820 1574.8
1390830 1569.3
1390840 1564.5
1390850 1564.5
1390860 1558.7
1390870 1552.6
1390880 1552.6
1390890 1545.6
1390900 1537.2
1390910 1529.8
1390920 1529.8
1390930 1523.3
1390940 1515.9
1390950 1515.9
1390960 1507.3
1390970 1498.8
1390980 1498.8
1390990 1490.2
1391000 1482.3
1391010 1482.3
1391020 1475.3
1391030 1470.0
1391040 1470.0
1391050 1464.6
1391060 1457.8
1391070 1457.8
1391080 1450.2
1391090 1442.1
1391100 1434.5
1391110 1434.5
1391120 1426.8
1391130 1419.1
1391140 1419.1
1391150 1412.7
1391160 1409.6
1391170 1409.6
1391180 1408.9
1391190 1406.1
1391200 1406.1
1391210 1401.9
1391220 1398.0
1391230 1398.0
1391240 1391.6
1391250 1382.8
1391260 1382.8
1391270 1381.1
1391280 1387.4
1391290 1396.1
1391300 1396.1
1391310 1406.7
1391320 1417.2
1391330 1417.2
1391340 1428.7
1391350 1437.4
1391360 1437.4
1391370 1443.2
1391380 1447.2
1391390 1447.2
1391400 1452.3
1391410 1458.8
1391420 1458.8
1391430 1465.3
1391440 1471.2
1391450 1471.2
1391460 1474.3
1391470 1476.8
1391480 1476.8
1391490 1479.7
1391500 1481.6
1391510 1482.0
1391520 1482.0
1391530 1482.7
1391540 1490.1
1391550 1490.1
1391560 1497.4
1391570 1501.7
1391580 1501.7
1391590 1504.1
1391600 1509.8
1391610 1509.8
1391620 1516.5
1391630 1522.1
1391640 1522.1
1391650 1525.2
1391660 1526.4
1391670 1526.4
1391680 1527.9
1391690 1531.0
1391700 1536.7
1391710 1536.7
1391720 1542.3
1391730 1546.1
1391740 1546.1
1391750 1548.6
1391760 1549.7
1391770 1549.7
1391780 1551.3
1391790 1553.8
1391800 1553.8
1391810 1555.4
1391820 1557.7
1391830 1557.7
1391840 1561.0
1391850 1563.9
1391860 1563.9
1391870 1565.1
1391880 1567.0
1391890 1567.9
1391900 1567.9
1391910 1568.2
1391920 1568.4
1391930 1568.4
1391940 1567.9
1391950 1567.2
1391960 1567.2
1391970 1567.4
1391980 1568.0
1391990 1568.0
1392000 1568.4
1392010 1568.6
1392020 1568.6
1392030 1568.1
1392040 1567.4
1392050 1567.4
1392060 1567.3
1392070 1566.8
1392080 1566.8
1392090 1565.6
1392100 1564.1
1392110 1562.8
1392120 1562.8
1392130 1562.4
1392140 1562.3
1392150 1562.3
1392160 1562.5
1392170 1562.3
1392180 1562.3
1392190 1567.8
1392200 1568.1
1392210 1568.1
1392220 1568.3
1392230 1567.9
1392240 1567.9
1392250 1566.8
1392260 1566.9
1392270 1566.9
1392280 1566.6
1392290 1566.3
1392300 1565.5
1392310 1565.5
1392320 1563.8
1392330 1562.7
1392340 1562.7
1392350 1560.9
1392360 1557.9
1392370 1557.9
1392380 1555.5
1392390 1553.5
1392400 1553.5
1392410 1553.4
1392420 1553.4
1392430 1553.4
1392440 1554.7
1392450 1554.0
1392460 1554.0
1392470 1552.4
1392480 1550.8
1392490 1550.8
1392500 1550.3
1392510 1549.1
1392520 1546.8
1392530 1546.8
1392540 1544.9
1392550 1543.5
1392560 1543.5
1392570 1541.4
1392580 1539.2
1392590 1539.2
1392600 1537.5
1392610 1537.0
1392620 1537.0
1392630 1535.8
1392640 1534.5
1392650 1534.5
1392660 1533.7
1392670 1532.0
1392680 1532.0
1392690 1529.9
1392700 1527.9
1392710 1527.2
1392720 1527.2
1392730 1524.2
1392740 1522.8
1392750 1522.8
1392760 1520.4
1392770 1518.0
1392780 1518.0
1392790 1515.2
1392800 1511.6
1392810 1511.6
1392820 1505.0
1392830 1498.4
1392840 1498.4
1392850 1491.5
1392860 1484.9
1392870 1484.9
1392880 1478.6
1392890 1473.0
1392900 1468.1
1392910 1468.1
1392920 1463.2
1392930 1457.2
1392940 1457.2
1392950 1450.4
1392960 1443.2
1392970 1443.2
1392980 1434.6
1392990 1423.6
1393000 1423.6
1393010 1408.1
1393020 1401.3
1393030 1401.3
1393040 1413.0
1393050 1424.7
1393060 1424.7
1393070 1433.3
1393080 1443.2
1393090 1443.2
1393100 1456.0
1393110 1466.5
1393120 1475.3
1393130 1475.3
1393140 1486.2
1393150 1496.7
1393160 1496.7
1393170 1505.4
1393180 1511.5
1393190 1511.5
1393200 1518.0
1393210 1524.9
1393220 1524.9
1393230 1528.1
1393240 1527.9
1393250 1527.9
1393260 1527.9
1393270 1526.9
1393280 1526.9
1393290 1526.5
1393300 1528.0
1393310 1529.1
1393320 1529.1
1393330 1528.2
1393340 1526.6
1393350 1526.6
1393360 1525.8
1393370 1525.5
1393380 1525.5
1393390 1523.5
1393400 1521.4
1393410 1521.4
1393420 1519.1
1393430 1516.6
1393440 1516.6
1393450 1514.2
1393460 1512.9
1393470 1512.9
1393480 1511.3
1393490 1510.2
1393500 1508.2
1393510 1508.2
1393520 1506.4
1393530 1504.5
1393540 1504.5
1393550 1502.6
1393560 1501.7
1393570 1507.5
1393580 1507.6
1393590 1507.6
1393600 1507.6
1393610 1507.5
1393620 1505.7
1393630 1505.7
1393640 1502.7
1393650 1503.1
1393660 1503.1
1393670 1505.4
1393680 1506.3
1393690 1506.3
1393700 1506.0
1393710 1506.4
1393720 1506.2
1393730 1506.2
1393740 1504.9
1393750 1503.7
1393760 1503.7
1393770 1502.7
1393780 1501.0
1393790 1501.0
1393800 1498.9
1393810 1497.8
1393820 1497.8
1393830 1496.0
1393840 1494.6
1393850 1494.6
1393860 1492.4
1393870 1489.3
1393880 1489.3
1393890 1485.3
1393900 1481.6
1393910 1479.5
1393920 1479.5
1393930 1477.1
1393940 1473.8
1393950 1473.8
1393960 1471.4
1393970 1472.0
1393980 1472.0
1393990 1472.9
1394000 1474.1
1394010 1474.1
1394020 1473.9
1394030 1471.4
1394040 1471.4
1394050 1467.3
1394060 1462.9
1394070 1462.9
1394080 1457.9
1394090 1452.1
1394100 1452.1
1394110 1442.9
1394120 1430.3
1394130 1419.3
1394140 1419.3
1394150 1416.2
1394160 1420.7
1394170 1420.7
1394180 1424.5
1394190 1426.4
1394200 1426.4
1394210 1425.6
1394220 1426.0
1394230 1426.0
1394240 1426.3
1394250 1427.0
1394260 1427.0
1394270 1427.6
1394280 1427.7
1394290 1427.7
1394300 1427.9
1394310 1427.3
1394320 1425.6
1394330 1425.6
1394340 1424.3
1394350 1423.2
1394360 1423.2
1394370 1421.8
1394380 1419.0
1394390 1419.0
1394400 1415.3
1394410 1411.4
1394420 1411.4
1394430 1407.9
1394440 1403.7
1394450 1403.7
1394460 1398.1
1394470 1391.2
1394480 1391.2
1394490 1381.3
1394500 1373.3
1394510 1367.6
1394520 1367.6
1394530 1361.2
1394540 1354.1
1394550 1354.1
1394560 1347.7
1394570 1342.3
1394580 1342.3
1394590 1337.6
1394600 1333.5
1394610 1333.5
1394620 1328.7
1394630 1322.8
1394640 1322.8
1394650 1316.4
1394660 1311.6
1394670 1311.6
1394680 1309.1
1394690 1305.3
1394700 1305.3
1394710 1301.1
1394720 1297.1
1394730 1293.4
1394740 1293.4
1394750 1289.2
1394760 1285.6
1394770 1285.6
1394780 1283.3
1394790 1281.5
1394800 1281.5
1394810 1279.5
1394820 1276.9
1394830 1276.9
1394840 1274.5
1394850 1273.5
1394860 1273.5
1394870 1272.0
1394880 1267.3
1394890 1267.3
1394900 1264.3
1394910 1260.5
1394920 1255.6
1394930 1255.6
1394940 1252.7
1394950 1250.1
1394960 1250.1
1394970 1255.2
1394980 1255.7
1394990 1255.7
1395000 1257.7
1395010 1258.9
1395020 1258.9
1395030 1258.0
1395040 1256.6
1395050 1256.6
1395060 1252.4
1395070 1243.3
1395080 1243.3
1395090 1234.7
1395100 1225.9
1395110 1216.3
1395120 1216.3
1395130 1206.9
1395140 1197.5
1395150 1197.5
1395160 1191.9
1395170 1185.7
1395180 1185.7
1395190 1178.5
1395200 1171.3
1395210 1171.3
1395220 1164.7
1395230 1158.7
1395240 1158.7
1395250 1153.2
1395260 1146.8
1395270 1146.8
1395280 1140.5
1395290 1133.9
1395300 1133.9
1395310 1127.6
1395320 1122.1
1395330 1116.2
1395340 1116.2
1395350 1111.2
1395360 1108.0
1395370 1108.0
1395380 1106.2
1395390 1104.8
1395400 1104.8
1395410 1103.8
1395420 1102.0
1395430 1102.0
1395440 1099.5
1395450 1097.2
1395460 1097.2
1395470 1095.3
1395480 1093.1
1395490 1093.1
1395500 1090.5
1395510 1087.6
1395520 1084.2
1395530 1084.2
1395540 1082.1
1395550 1081.1
1395560 1081.1
1395570 1079.9
1395580 1077.6
1395590 1077.6
1395600 1073.7
1395610 1069.3
1395620 1069.3
1395630 1066.5
1395640 1064.2
1395650 1064.2
1395660 1061.4
1395670 1058.3
1395680 1058.3
1395690 1056.0
1395700 1054.1
1395710 1054.1
1395720 1052.3
1395730 1050.4
1395740 1049.0
1395750 1049.0
1395760 1045.4
1395770 1038.7
1395780 1038.7
1395790 1036.1
1395800 1037.7
1395810 1037.7
1395820 1038.2
1395830 1037.0
1395840 1037.0
1395850 1036.6
1395860 1034.6
1395870 1034.6
1395880 1032.4
1395890 1031.1
1395900 1031.1
1395910 1030.8
1395920 1031.3
1395930 1032.1
1395940 1032.1
1395950 1031.7
1395960 1031.4
1395970 1031.4
1395980 1031.1
1395990 1030.3
1396000 1030.3
1396010 1028.9
1396020 1027.2
1396030 1027.2
1396040 1025.9
1396050 1025.2
1396060 1025.2
1396070 1024.6
1396080 1024.1
1396090 1024.1
1396100 1023.4
1396110 1022.8
1396120 1022.3
1396130 1022.3
1396140 1021.8
1396150 1019.6
1396160 1019.6
1396170 1018.4
1396180 1017.7
1396190 1017.7
1396200 1016.8
1396210 1014.8
1396220 1014.8
1396230 1012.9
1396240 1010.5
1396250 1010.5
1396260 1006.4
1396270 1003.9
1396280 1003.9
1396290 1001.6
1396300 999.6
1396310 999.6
1396320 996.7
1396330 992.9
1396340 988.4
1396350 988.4
1396360 981.9
1396370 976.1
1396380 976.1
1396390 972.7
1396400 965.4
1396410 965.4
1396420 956.7
1396430 949.5
1396440 949.5
1396450 942.4
1396460 935.3
1396470 935.3
1396480 930.2
1396490 927.0
1396500 927.0
1396510 926.4
1396520 925.4
1396530 923.2
1396540 923.2
1396550 923.0
1396560 923.3
1396570 923.3
1396580 925.4
1396590 925.1
1396600 925.1
1396610 925.9
1396620 926.0
1396630 926.0
1396640 926.1
1396650 926.6
1396660 926.6
1396670 927.7
1396680 928.2
1396690 928.2
1396700 928.3
1396710 928.1
1396720 927.7
1396730 927.7
1396740 927.5
1396750 927.6
1396760 927.6
1396770 928.0
1396780 927.9
1396790 927.9
1396800 928.0
1396810 928.1
1396820 928.1
1396830 928.3
1396840 928.4
1396850 928.4
1396860 928.4
1396870 928.4
1396880 928.4
1396890 928.4
1396900 928.4
1396910 928.4
1396920 928.5
1396930 928.5
1396940 928.6
1396950 928.6
1396960 928.7
1396970 929.0
1396980 929.0
1396990 929.0
1397000 929.1
1397010 929.1
1397020 929.2
1397030 929.1
1397040 929.1
1397050 929.1
1397060 929.1
1397070 929.1
1397080 929.0
1397090 929.3
1397100 929.3
1397110 929.1
1397120 929.0
1397130 929.1
1397140 929.1
1397150 929.4
1397160 929.5
1397170 929.5
1397180 929.4
1397190 929.4
1397200 929.4
1397210 929.4
1397220 929.4
1397230 929.4
1397240 929.3
1397250 929.4
1397260 929.4
1397270 930.1
1397280 931.2
1397290 931.2
1397300 933.6
1397310 938.4
1397320 938.4
1397330 944.9
1397340 951.8
1397350 959.7
1397360 959.7
1397370 967.6
1397380 978.6
1397390 978.6
1397400 986.7
1397410 992.1
1397420 992.1
1397430 998.4
1397440 1004.7
1397450 1004.7
1397460 1013.0
1397470 1020.5
1397480 1020.5
1397490 1024.0
1397500 1025.3
1397510 1025.3
1397520 1027.8
1397530 1031.8
1397540 1035.8
1397550 1035.8
1397560 1040.1
1397570 1044.8
1397580 1044.8
1397590 1050.4
1397600 1056.6
1397610 1056.6
1397620 1063.7
1397630 1071.9
1397640 1071.9
1397650 1079.9
1397660 1087.5
1397670 1087.5
1397680 1097.0
1397690 1106.4
1397700 1106.4
1397710 1113.7
1397720 1119.1
1397730 1124.3
1397740 1124.3
1397750 1129.9
1397760 1136.9
1397770 1136.9
1397780 1143.9
1397790 1150.7
1397800 1150.7
1397810 1157.0
1397820 1163.7
1397830 1163.7
1397840 1172.7
1397850 1183.3
1397860 1183.3
1397870 1191.5
1397880 1197.3
1397890 1197.3
1397900 1201.8
1397910 1207.7
1397920 1207.7
1397930 1214.0
1397940 1219.6
1397950 1225.0
1397960 1225.0
1397970 1229.5
1397980 1233.0
1397990 1233.0
1398000 1236.2
1398010 1238.4
1398020 1238.4
1398030 1238.5
1398040 1241.2
1398050 1241.2
1398060 1247.2
1398070 1251.5
1398080 1251.5
1398090 1255.4
1398100 1260.7
1398110 1260.7
1398120 1265.2
1398130 1268.8
1398140 1272.8
1398150 1272.8
1398160 1277.9
1398170 1282.8
1398180 1282.8
1398190 1287.3
1398200 1292.1
1398210 1292.1
1398220 1297.3
1398230 1303.3
1398240 1303.3
1398250 1308.3
1398260 1311.3
1398270 1311.3
1398280 1313.3
1398290 1315.6
1398300 1315.6
1398310 1319.6
1398320 1322.8
1398330 1325.3
1398340 1325.3
1398350 1327.6
1398360 1330.0
1398370 1330.0
1398380 1332.5
1398390 1335.1
1398400 1335.1
1398410 1337.7
1398420 1340.5
1398430 1340.5
1398440 1343.5
1398450 1346.6
1398460 1346.6
1398470 1349.6
1398480 1353.0
1398490 1353.0
1398500 1357.9
1398510 1363.3
1398520 1363.3
1398530 1368.8
1398540 1374.6
1398550 1380.9
1398560 1380.9
1398570 1386.8
1398580 1391.6
1398590 1391.6
1398600 1395.3
1398610 1398.6
1398620 1398.6
1398630 1401.5
1398640 1404.2
1398650 1404.2
1398660 1407.4
1398670 1411.4
1398680 1411.4
1398690 1415.2
1398700 1419.1
1398710 1419.1
1398720 1423.4
1398730 1428.7
1398740 1433.8
1398750 1433.8
1398760 1438.0
1398770 1442.8
1398780 1442.8
1398790 1448.0
1398800 1453.1
1398810 1453.1
1398820 1458.0
1398830 1462.6
1398840 1462.6
1398850 1467.1
1398860 1471.9
1398870 1471.9
1398880 1477.1
1398890 1483.2
1398900 1483.2
1398910 1488.8
1398920 1493.7
1398930 1493.7
1398940 1498.6
1398950 1505.6
1398960 1514.8
1398970 1514.8
1398980 1523.5
1398990 1531.1
1399000 1531.1
1399010 1538.4
1399020 1545.6
1399030 1545.6
1399040 1553.0
1399050 1560.0
1399060 1560.0
1399070 1566.2
1399080 1572.1
1399090 1572.1
1399100 1579.2
1399110 1586.5
1399120 1586.5
1399130 1591.5
1399140 1596.1
1399150 1599.9
1399160 1599.9
1399170 1603.6
1399180 1608.4
1399190 1608.4
1399200 1613.2
1399210 1617.6
1399220 1617.6
1399230 1622.4
1399240 1626.4
1399250 1626.4
1399260 1632.3
1399270 1639.7
1399280 1639.7
1399290 1647.3
1399300 1655.3
1399310 1652.7
1399320 1661.0
1399330 1669.8
1399340 1677.2
1399350 1677.2
1399360 1684.0
1399370 1690.9
1399380 1690.9
1399390 1696.3
1399400 1700.6
1399410 1700.6
1399420 1704.3
1399430 1709.2
1399440 1709.2
1399450 1714.3
1399460 1719.1
1399470 1719.1
1399480 1724.1
1399490 1728.6
1399500 1728.6
1399510 1733.3
1399520 1737.7
1399530 1737.7
1399540 1743.1
1399550 1749.3
1399560 1756.0
1399570 1756.0
1399580 1762.7
1399590 1769.3
1399600 1769.3
1399610 1775.8
1399620 1782.5
1399630 1782.5
1399640 1789.7
1399650 1797.2
1399660 1797.2
1399670 1805.2
1399680 1813.1
1399690 1813.1
1399700 1820.2
1399710 1826.7
1399720 1826.7
1399730 1834.7
1399740 1840.2
1399750 1848.3
1399760 1848.3
1399770 1858.0
1399780 1866.3
1399790 1866.3
1399800 1874.9
1399810 1884.0
1399820 1884.0
1399830 1894.9
1399840 1906.6
1399850 1906.6
1399860 1915.2
1399870 1922.4
1399880 1922.4
1399890 1929.3
1399900 1935.5
1399910 1935.5
1399920 1940.3
1399930 1944.9
1399940 1944.9
1399950 1950.1
1399960 1955.0
1399970 1959.2
1399980 1959.2
1399990 1963.6
1380000 2062.2
1380010 2054.0
1380020 2046.2
1380030 2046.2
1380040 2039.9
1380050 2035.0
1380060 2035.0
1380070 2032.5
1380080 2031.2
1380090 2031.2
1380100 2029.6
1380110 2027.5
1380120 2027.5
1380130 2025.3
1380140 2022.1
1380150 2022.1
1380160 2018.3
1380170 2015.1
1380180 2015.1
1380190 2010.6
1380200 2006.6
1380210 2006.6
1380220 2002.8
1380230 1998.0
1380240 1993.9
1380250 1993.9
1380260 1990.0
1380270 1985.7
1380280 1985.7
1380290 1982.2
1380300 1978.8
1380310 1978.8
1380320 1975.5
1380330 1972.9
1380340 1972.9
1380350 1969.5
1380360 1964.6
1380370 1964.6
1380380 1960.5
1380390 1956.7
1380400 1956.7
1380410 1951.7
1380420 1944.6
1380430 1937.4
1380440 1937.4
1380450 1929.8
1380460 1922.5
1380470 1922.5
1380480 1916.9
1380490 1911.5
1380500 1911.5
1380510 1907.1
1380520 1903.2
1380530 1903.2
1380540 1896.5
1380550 1887.3
1380560 1887.3
1380570 1877.6
1380580 1869.0
1380590 1869.1
1380600 1862.4
1380610 1855.2
1380620 1847.1
1380630 1847.1
1380640 1838.5
1380650 1833.4
1380660 1833.4
1380670 1829.4
1380680 1821.4
1380690 1821.4
1380700 1811.1
1380710 1803.5
1380720 1803.5
1380730 1798.7
1380740 1793.3
1380750 1793.3
1380760 1787.9
1380770 1782.3
1380780 1782.3
1380790 1776.0
1380800 1768.9
1380810 1768.9
1380820 1760.8
1380830 1754.9
1380840 1749.7
1380850 1749.7
1380860 1742.9
1380870 1738.3
1380880 1738.3
1380890 1735.5
1380900 1732.8
1380910 1732.8
1380920 1730.2
1380930 1727.7
1380940 1727.7
1380950 1725.0
1380960 1720.7
1380970 1720.7
1380980 1716.1
1380990 1712.1
1381000 1712.1
1381010 1709.1
1381020 1705.4
1381030 1699.6
1381040 1699.6
1381050 1693.9
1381060 1686.8
1381070 1686.8
1381080 1679.7
1381090 1673.2
1381100 1673.2
1381110 1667.0
1381120 1661.0
1381130 1661.0
1381140 1655.8
1381150 1651.2
1381160 1651.2
1381170 1646.0
1381180 1639.5
1381190 1639.5
1381200 1634.1
1381210 1627.2
1381220 1619.3
1381230 1619.3
1381240 1610.8
1381250 1602.5
1381260 1602.5
1381270 1594.5
1381280 1585.7
1381290 1585.7
1381300 1577.6
1381310 1570.1
1381320 1570.1
1381330 1564.0
1381340 1566.8
1381350 1566.8
1381360 1575.8
1381370 1585.4
1381380 1585.4
1381390 1593.0
1381400 1597.2
1381410 1597.2
1381420 1601.4
1381430 1605.3
1381440 1609.2
1381450 1609.2
1381460 1612.7
1381470 1617.3
1381480 1617.3
1381490 1622.2
1381500 1626.0
1381510 1626.0
1381520 1629.6
1381530 1633.7
1381540 1633.7
1381550 1638.8
1381560 1642.9
1381570 1642.9
1381580 1645.7
1381590 1648.1
1381600 1648.1
1381610 1651.2
1381620 1654.9
1381630 1658.8
1381640 1658.8
1381650 1662.0
1381660 1662.6
1381670 1662.6
1381680 1664.5
1381690 1668.1
1381700 1668.1
1381710 1672.9
1381720 1678.1
1381730 1678.1
1381740 1682.4
1381750 1686.6
1381760 1686.6
1381770 1690.7
1381780 1693.7
1381790 1693.7
1381800 1696.6
1381810 1706.8
1381820 1706.8
1381830 1710.5
1381840 1717.8
1381850 1724.5
1381860 1724.5
1381870 1730.7
1381880 1737.4
1381890 1737.4
1381900 1744.2
1381910 1750.9
1381920 1750.9
1381930 1757.1
1381940 1762.6
1381950 1762.6
1381960 1766.1
1381970 1768.7
1381980 1768.7
1381990 1771.0
1382000 1774.2
1382010 1774.2
1382020 1776.4
1382030 1778.3
1382040 1780.0
1382050 1780.0
1382060 1781.8
1382070 1783.6
1382080 1783.6
1382090 1785.9
1382100 1788.1
1382110 1788.1
1382120 1789.8
1382130 1793.1
1382140 1793.1
1382150 1799.6
1382160 1811.3
1382170 1811.3
1382180 1821.5
1382190 1829.3
1382200 1829.3
1382210 1833.9
1382220 1831.8
1382230 1829.9
1382240 1829.9
1382250 1829.0
1382260 1824.6
1382270 1824.6
1382280 1821.5
1382290 1823.6
1382300 1823.6
1382310 1821.2
1382320 1826.0
1382330 1826.0
1382340 1837.4
1382350 1845.8
1382360 1845.8
1382370 1845.5
1382380 1845.5
1382390 1845.5
1382400 1847.5
1382410 1851.1
1382420 1851.1
1382430 1854.6
1382440 1856.9
1382450 1858.8
1382460 1858.8
1382470 1860.7
1382480 1862.5
1382490 1862.5
1382500 1864.2
1382510 1864.1
1382520 1864.1
1382530 1859.8
1382540 1855.5
1382550 1855.5
1382560 1854.0
1382570 1855.9
1382580 1855.9
1382590 1857.3
1382600 1856.3
1382610 1856.3
1382620 1855.6
1382630 1854.0
1382640 1855.0
1382650 1855.0
1382660 1858.2
1382670 1862.7
1382680 1862.7
1382690 1870.4
1382700 1879.6
1382710 1879.6
1382720 1889.4
1382730 1897.3
1382740 1897.3
1382750 1903.9
1382760 1910.6
1382770 1910.6
1382780 1917.0
1382790 1922.3
1382800 1922.3
1382810 1927.5
1382820 1932.4
1382830 1937.5
1382840 1937.5
1382850 1943.6
1382860 1950.1
1382870 1950.1
1382880 1956.6
1382890 1964.1
1382900 1964.1
1382910 1972.8
1382920 1981.9
1382930 1981.9
1382940 1990.3
1382950 1998.3
1382960 1998.3
1382970 2006.2
1382980 2014.3
1382990 2014.3
1383000 2021.1
1383010 2026.1
1383020 2026.1
1383030 2030.4
1383040 2034.4
1383050 2042.8
1383060 2042.8
1383070 2046.0
1383080 2048.8
1383090 2048.8
1383100 2051.4
1383110 2053.5
1383120 2053.5
1383130 2055.0
1383140 2056.3
1383150 2056.3
1383160 2057.3
1383170 2057.9
1383180 2057.9
1383190 2057.8
1383200 2057.5
1383210 2057.5
1383220 2057.0
1383230 2055.6
1383240 2053.6
1383250 2053.6
1383260 2051.1
1383270 2048.1
1383280 2048.1
1383290 2045.1
1383300 2042.0
1383310 2042.0
1383320 2038.2
1383330 2034.4
1383340 2034.4
1383350 2029.9
1383360 2023.9
1383370 2023.9
1383380 2017.2
1383390 2010.3
1383400 2010.3
1383410 2003.2
1383420 1996.0
1383430 1996.0
1383440 1988.6
1383450 1981.5
1383460 1972.9
1383470 1972.9
1383480 1963.3
1383490 1954.5
1383500 1954.5
1383510 1946.2
1383520 1938.1
1383530 1938.1
1383540 1930.1
1383550 1921.8
1383560 1921.8
1383570 1913.7
1383580 1905.6
1383590 1905.6
1383600 1897.5
1383610 1889.9
1383620 1889.9
1383630 1883.6
1383640 1877.6
1383650 1870.0
1383660 1870.0
1383670 1858.7
1383680 1850.8
1383690 1850.8
1383700 1842.4
1383710 1832.6
1383720 1832.6
1383730 1827.6
1383740 1824.8
1383750 1824.8
1383760 1821.1
1383770 1814.7
1383780 1814.7
1383790 1810.0
1383800 1804.9
1383810 1804.9
1383820 1799.0
1383830 1794.2
1383840 1790.3
1383850 1790.3
1383860 1787.6
1383870 1784.6
1383880 1784.6
1383890 1780.5
1383900 1775.8
1383910 1775.8
1383920 1770.6
1383930 1765.4
1383940 1765.4
1383950 1759.8
1383960 1755.3
1383970 1755.3
1383980 1751.3
1383990 1746.5
1384000 1746.5
1384010 1740.5
1384020 1733.8
1384030 1733.8
1384040 1727.1
1384050 1720.5
1384060 1714.1
1384070 1714.1
1384080 1707.6
1384090 1700.8
1384100 1700.8
1384110 1694.4
1384120 1688.2
1384130 1688.2
1384140 1682.5
1384150 1675.3
1384160 1675.3
1384170 1667.8
1384180 1662.0
1384190 1662.0
1384200 1657.9
1384210 1653.9
1384220 1653.9
1384230 1648.7
1384240 1642.5
1384250 1635.8
1384260 1635.8
1384270 1628.1
1384280 1619.0
1384290 1619.0
1384300 1612.7
1384310 1599.8
1384320 1599.8
1384330 1591.7
1384340 1586.5
1384350 1586.5
1384360 1581.0
1384370 1574.3
1384380 1574.3
1384390 1567.9
1384400 1561.4
1384410 1561.4
1384420 1554.9
1384430 1549.4
1384440 1549.4
1384450 1543.7
1384460 1538.5
1384470 1533.0
1384480 1533.0
1384490 1527.5
1384500 1522.0
1384510 1522.0
1384520 1515.3
1384530 1507.8
1384540 1507.8
1384550 1497.2
1384560 1483.7
1384570 1483.7
1384580 1489.3
1384590 1502.8
1384600 1502.8
1384610 1515.8
1384620 1524.8
1384630 1524.8
1384640 1531.6
1384650 1535.9
1384660 1539.2
1384670 1539.2
1384680 1541.3
1384690 1544.1
1384700 1544.1
1384710 1545.9
1384720 1549.2
1384730 1549.2
1384740 1552.6
1384750 1554.4
1384760 1554.4
1384770 1555.5
1384780 1558.8
1384790 1558.8
1384800 1564.7
1384810 1569.6
1384820 1569.6
1384830 1573.1
1384840 1573.1
1384850 1571.9
1384860 1571.9
1384870 1572.4
1384880 1574.4
1384890 1574.4
1384900 1577.3
1384910 1580.4
1384920 1580.4
1384930 1577.8
1384940 1574.9
1384950 1574.9
1384960 1572.9
1384970 1568.9
1384980 1568.9
1384990 1564.7
1385000 1559.6
1385010 1559.6
1385020 1552.5
1385030 1545.5
1385040 1545.5
1385050 1543.3
1385060 1538.3
1385070 1533.1
1385080 1533.1
1385090 1526.7
1385100 1519.0
1385110 1519.0
1385120 1514.1
1385130 1512.1
1385140 1512.1
1385150 1514.4
1385160 1521.8
1385170 1521.8
1385180 1530.7
1385190 1539.2
1385200 1539.2
1385210 1547.2
1385220 1555.7
1385230 1555.7
1385240 1563.7
1385250 1568.6
1385260 1573.6
1385270 1573.6
1385280 1579.4
1385290 1586.2
1385300 1586.2
1385310 1593.7
1385320 1601.5
1385330 1601.5
1385340 1608.9
1385350 1615.7
1385360 1615.7
1385370 1622.5
1385380 1630.0
1385390 1630.0
1385400 1637.9
1385410 1646.0
1385420 1646.0
1385430 1653.7
1385440 1660.6
1385450 1666.1
1385460 1666.1
1385470 1670.8
1385480 1676.5
1385490 1676.5
1385500 1682.1
1385510 1687.4
1385520 1687.4
1385530 1692.1
1385540 1697.5
1385550 1697.5
1385560 1703.5
1385570 1709.7
1385580 1707.3
1385590 1713.9
1385600 1720.1
1385610 1720.1
1385620 1726.3
1385630 1732.4
1385640 1732.4
1385650 1738.8
1385660 1745.3
1385670 1750.9
1385680 1750.9
1385690 1756.0
1385700 1760.7
1385710 1760.7
1385720 1764.7
1385730 1768.7
1385740 1768.7
1385750 1773.2
1385760 1777.5
1385770 1777.5
1385780 1782.8
1385790 1784.9
1385800 1784.9
1385810 1784.3
1385820 1785.6
1385830 1785.6
1385840 1789.1
1385850 1793.9
1385860 1798.9
1385870 1798.9
1385880 1803.6
1385890 1808.4
1385900 1808.4
1385910 1813.5
1385920 1818.5
1385930 1818.5
1385940 1823.8
1385950 1828.8
1385960 1828.8
1385970 1834.1
1385980 1838.8
1385990 1838.8
1386000 1842.2
1386010 1845.9
1386020 1845.9
1386030 1851.3
1386040 1856.8
1386050 1856.8
1386060 1861.3
1386070 1864.9
1386080 1869.2
1386090 1869.2
1386100 1873.9
1386110 1877.9
1386120 1877.9
1386130 1881.4
1386140 1884.6
1386150 1884.6
1386160 1887.6
1386170 1890.5
1386180 1890.5
1386190 1893.3
1386200 1896.5
1386210 1896.5
1386220 1899.7
1386230 1902.7
1386240 1902.7
1386250 1905.5
1386260 1908.1
1386270 1911.2
1386280 1911.2
1386290 1914.0
1386300 1916.1
1386310 1916.1
1386320 1917.5
1386330 1918.7
1386340 1918.7
1386350 1920.2
1386360 1921.4
1386370 1921.4
1386380 1922.5
1386390 1923.2
1386400 1923.2
1386410 1923.5
1386420 1923.5
1386430 1923.5
1386440 1923.2
1386450 1922.3
1386460 1920.6
1386470 1920.6
1386480 1918.9
1386490 1917.7
1386500 1917.7
1386510 1916.5
1386520 1915.4
1386530 1915.4
1386540 1914.7
1386550 1914.6
1386560 1914.6
1386570 1914.0
1386580 1914.8
1386590 1914.8
1386600 1917.2
1386610 1919.2
1386620 1919.2
1386630 1920.6
1386640 1920.7
1386650 1920.7
1386660 1921.0
1386670 1921.4
1386680 1921.4
1386690 1921.4
1386700 1920.9
1386710 1921.7
1386720 1921.7
1386730 1922.9
1386740 1923.9
1386750 1923.9
1386760 1925.5
1386770 1927.4
1386780 1927.4
1386790 1928.9
1386800 1929.9
1386810 1929.9
1386820 1931.0
1386830 1931.8
1386840 1931.8
1386850 1932.7
1386860 1938.0
1386870 1938.2
1386880 1938.2
1386890 1938.2
1386900 1938.5
1386910 1938.5
1386920 1938.4
1386930 1938.2
1386940 1938.2
1386950 1938.1
1386960 1938.0
1386970 1938.0
1386980 1937.8
1386990 1937.5
1387000 1937.5
1387010 1937.6
1387020 1937.7
1387030 1937.7
1387040 1937.2
1387050 1936.3
1387060 1935.6
1387070 1935.6
1387080 1935.0
1387090 1934.4
1387100 1934.4
1387110 1933.8
1387120 1933.7
1387130 1933.7
1387140 1933.9
1387150 1934.6
1387160 1934.6
1387170 1935.3
1387180 1935.7
1387190 1935.7
1387200 1936.8
1387210 1937.8
1387220 1937.8
1387230 1938.6
1387240 1939.6
1387250 1939.6
1387260 1939.2
1387270 1938.4
1387280 1938.9
1387290 1938.9
1387300 1939.0
1387310 1938.9
1387320 1938.9
1387330 1938.5
1387340 1937.7
1387350 1937.7
1387360 1937.3
1387370 1936.8
1387380 1936.8
1387390 1936.6
1387400 1937.2
1387410 1937.2
1387420 1937.9
1387430 1938.4
1387440 1938.4
1387450 1938.7
1387460 1937.9
1387470 1936.0
1387480 1936.0
1387490 1933.5
1387500 1929.1
1387510 1929.1
1387520 1923.3
1387530 1918.0
1387540 1918.0
1387550 1913.7
1387560 1908.2
1387570 1908.2
1387580 1902.2
1387590 1895.6
1387600 1895.6
1387610 1889.7
1387620 1883.5
1387630 1883.5
1387640 1876.4
1387650 1869.1
1387660 1869.1
1387670 1861.7
1387680 1853.4
1387690 1846.1
1387700 1846.1
1387710 1838.6
1387720 1830.6
1387730 1830.6
1387740 1823.1
1387750 1815.8
1387760 1815.8
1387770 1808.1
1387780 1800.0
1387790 1800.0
1387800 1791.9
1387810 1782.7
1387820 1782.7
1387830 1771.7
1387840 1769.5
1387850 1769.5
1387860 1768.0
1387870 1759.2
1387880 1748.8
1387890 1748.8
1387900 1746.7
1387910 1742.1
1387920 1742.1
1387930 1729.7
1387940 1716.9
1387950 1716.9
1387960 1712.4
1387970 1709.3
1387980 1709.3
1387990 1697.6
1388000 1679.3
1388010 1679.3
1388020 1666.9
1388030 1655.8
1388040 1655.8
1388050 1646.4
1388060 1635.4
1388070 1625.2
1388080 1625.2
1388090 1616.1
1388100 1607.5
1388110 1607.5
1388120 1598.6
1388130 1589.7
1388140 1589.7
1388150 1581.2
1388160 1572.2
1388170 1571.7
1388180 1563.0
1388190 1554.5
1388200 1554.5
1388210 1546.1
1388220 1537.6
1388230 1537.6
1388240 1529.1
1388250 1520.1
1388260 1520.1
1388270 1511.7
1388280 1504.7
1388290 1501.8
1388300 1501.8
1388310 1505.4
1388320 1517.6
1388330 1517.6
1388340 1527.7
1388350 1537.8
1388360 1537.8
1388370 1548.9
1388380 1560.5
1388390 1560.5
1388400 1570.9
1388410 1582.7
1388420 1582.7
1388430 1594.2
1388440 1604.5
1388450 1604.5
1388460 1614.5
1388470 1624.7
1388480 1635.5
1388490 1635.5
1388500 1643.7
1388510 1649.1
1388520 1649.1
1388530 1654.3
1388540 1660.0
1388550 1660.0
1388560 1666.0
1388570 1671.4
1388580 1671.4
1388590 1677.1
1388600 1683.6
1388610 1683.6
1388620 1689.9
1388630 1695.6
1388640 1695.6
1388650 1700.8
1388660 1707.1
1388670 1714.5
1388680 1714.5
1388690 1722.9
1388700 1732.4
1388710 1732.4
1388720 1740.4
1388730 1747.0
1388740 1747.0
1388750 1752.6
1388760 1755.4
1388770 1755.4
1388780 1758.0
1388790 1759.9
1388800 1759.9
1388810 1760.8
1388820 1761.6
1388830 1761.6
1388840 1761.3
1388850 1761.4
1388860 1761.4
1388870 1762.9
1388880 1763.6
1388890 1763.4
1388900 1763.4
1388910 1763.7
1388920 1764.5
1388930 1764.5
1388940 1765.5
1388950 1765.8
1388960 1765.8
1388970 1764.7
1388980 1762.3
1388990 1762.3
1389000 1760.5
1389010 1758.8
1389020 1758.8
1389030 1757.0
1389040 1755.0
1389050 1755.0
1389060 1752.8
1389070 1750.1
1389080 1747.4
1389090 1747.4
1389100 1745.0
1389110 1743.2
1389120 1743.2
1389130 1741.4
1389140 1739.6
1389150 1739.6
1389160 1737.5
1389170 1736.1
1389180 1736.1
1389190 1735.8
1389200 1735.4
1389210 1735.4
1389220 1734.5
1389230 1730.7
1389240 1730.7
1389250 1724.5
1389260 1718.2
1389270 1718.2
1389280 1713.1
1389290 1707.5
1389300 1696.9
1389310 1696.9
1389320 1685.6
1389330 1674.7
1389340 1674.7
1389350 1662.5
1389360 1650.3
1389370 1650.3
1389380 1640.6
1389390 1632.0
1389400 1632.0
1389410 1622.7
1389420 1613.6
1389430 1613.6
1389440 1606.6
1389450 1600.6
1389460 1600.6
1389470 1593.5
1389480 1584.5
1389490 1576.0
1389500 1576.0
1389510 1568.1
1389520 1558.0
1389530 1558.0
1389540 1544.9
1389550 1535.7
1389560 1535.7
1389570 1526.1
1389580 1521.7
1389590 1521.7
1389600 1528.4
1389610 1534.9
1389620 1534.9
1389630 1539.3
1389640 1552.0
1389650 1552.0
1389660 1563.8
1389670 1575.9
1389680 1587.3
1389690 1587.3
1389700 1598.9
1389710 1608.1
1389720 1608.1
1389730 1617.1
1389740 1622.7
1389750 1622.7
1389760 1630.1
1389770 1643.6
1389780 1643.6
1389790 1655.5
1389800 1662.8
1389810 1662.8
1389820 1669.3
1389830 1674.7
1389840 1674.7
1389850 1680.9
1389860 1691.7
1389870 1691.7
1389880 1700.8
1389890 1713.0
1389900 1723.2
1389910 1723.2
1389920 1728.7
1389930 1731.5
1389940 1731.5
1389950 1733.0
1389960 1734.4
1389970 1734.4
1389980 1736.6
1389990 1739.6
1390000 1739.6
1390010 1741.3
1390020 1742.3
1390030 1742.3
1390040 1742.9
1390050 1743.4
1390060 1743.4
1390070 1744.0
1390080 1744.7
1390090 1745.5
1390100 1745.5
1390110 1745.8
1390120 1745.3
1390130 1745.3
1390140 1744.1
1390150 1742.2
1390160 1742.2
1390170 1740.6
1390180 1738.6
1390190 1738.6
1390200 1736.2
1390210 1733.8
1390220 1733.8
1390230 1731.9
1390240 1729.5
1390250 1729.5
1390260 1726.6
1390270 1723.6
1390280 1720.7
1390290 1720.7
1390300 1717.5
1390310 1714.0
1390320 1714.0
1390330 1710.9
1390340 1707.2
1390350 1707.2
1390360 1703.9
1390370 1703.4
1390380 1703.4
1390390 1703.7
1390400 1704.0
1390410 1704.0
1390420 1703.5
1390430 1702.1
1390440 1702.1
1390450 1698.5
1390460 1693.3
1390470 1693.3
1390480 1687.6
1390490 1682.7
1390500 1678.3
1390510 1678.3
1390520 1675.0
1390530 1671.2
1390540 1671.2
1390550 1667.1
1390560 1663.6
1390570 1663.6
1390580 1661.6
1390590 1661.0
1390600 1661.0
1390610 1657.1
1390620 1651.4
1390630 1651.4
1390640 1646.1
1390650 1641.4
1390660 1641.4
1390670 1635.1
1390680 1627.9
1390690 1621.1
1390700 1621.1
1390710 1613.9
1390720 1606.5
1390730 1606.5
1390740 1600.2
1390750 1594.4
1390760 1594.4
1390770 1589.9
1390780 1585.0
1390790 1585.0
1390800 1580.1
1390810 1574.8
1390820 1574.8
1390830 1569.3
1390840 1564.5
1390850 1564.5
1390860 1558.7
1390870 1552.6
1390880 1552.6
1390890 1545.6
1390900 1537.2
1390910 1529.8
1390920 1529.8
1390930 1523.3
1390940 1515.9
1390950 1515.9
1390960 1507.3
1390970 1498.8
1390980 1498.8
1390990 1490.2
1391000 1482.3
1391010 1482.3
1391020 1475.3
1391030 1470.0
1391040 1470.0
1391050 1464.6
1391060 1457.8
1391070 1457.8
1391080 1450.2
1391090 1442.1
1391100 1434.5
1391110 1434.5
1391120 1426.8
1391130 1419.1
1391140 1419.1
1391150 1412.7
1391160 1409.6
1391170 1409.6
1391180 1408.9
1391190 1406.1
1391200 1406.1
1391210 1401.9
1391220 1398.0
1391230 1398.0
1391240 1391.6
1391250 1382.8
1391260 1382.8
1391270 1381.1
1391280 1387.4
1391290 1396.1
1391300 1396.1
1391310 1406.7
1391320 1417.2
1391330 1417.2
1391340 1428.7
1391350 1437.4
1391360 1437.4
1391370 1443.2
1391380 1447.2
1391390 1447.2
1391400 1452.3
1391410 1458.8
1391420 1458.8
1391430 1465.3
1391440 1471.2
1391450 1471.2
1391460 1474.3
1391470 1476.8
1391480 1476.8
1391490 1479.7
1391500 1481.6
1391510 1482.0
1391520 1482.0
1391530 1482.7
1391540 1490.1
1391550 1490.1
1391560 1497.4
1391570 1501.7
1391580 1501.7
1391590 1504.1
1391600 1509.8
1391610 1509.8
1391620 1516.5
1391630 1522.1
1391640 1522.1
1391650 1525.2
1391660 1526.4
1391670 1526.4
1391680 1527.9
1391690 1531.0
1391700 1536.7
1391710 1536.7
1391720 1542.3
1391730 1546.1
1391740 1546.1
1391750 1548.6
1391760 1549.7
1391770 1549.7
1391780 1551.3
1391790 1553.8
1391800 1553.8
1391810 1555.4
1391820 1557.7
1391830 1557.7
1391840 1561.0
1391850 1563.9
1391860 1563.9
1391870 1565.1
1391880 1567.0
1391890 1567.9
1391900 1567.9
1391910 1568.2
1391920 1568.4
1391930 1568.4
1391940 1567.9
1391950 1567.2
1391960 1567.2
1391970 1567.4
1391980 1568.0
1391990 1568.0
1392000 1568.4
1392010 1568.6
1392020 1568.6
1392030 1568.1
1392040 1567.4
1392050 1567.4
1392060 1567.3
1392070 1566.8
1392080 1566.8
1392090 1565.6
1392100 1564.1
1392110 1562.8
1392120 1562.8
1392130 1562.4
1392140 1562.3
1392150 1562.3
1392160 1562.5
1392170 1562.3
1392180 1562.3
1392190 1567.8
1392200 1568.1
1392210 1568.1
1392220 1568.3
1392230 1567.9
1392240 1567.9
1392250 1566.8
1392260 1566.9
1392270 1566.9
1392280 1566.6
1392290 1566.3
1392300 1565.5
1392310 1565.5
1392320 1563.8
1392330 1562.7
1392340 1562.7
1392350 1560.9
1392360 1557.9
1392370 1557.9
1392380 1555.5
1392390 1553.5
1392400 1553.5
1392410 1553.4
1392420 1553.4
1392430 1553.4
1392440 1554.7
1392450 1554.0
1392460 1554.0
1392470 1552.4
1392480 1550.8
1392490 1550.8
1392500 1550.3
1392510 1549.1
1392520 1546.8
1392530 1546.8
1392540 1544.9
1392550 1543.5
1392560 1543.5
1392570 1541.4
1392580 1539.2
1392590 1539.2
1392600 1537.5
1392610 1537.0
1392620 1537.0
1392630 1535.8
1392640 1534.5
1392650 1534.5
1392660 1533.7
1392670 1532.0
1392680 1532.0
1392690 1529.9
1392700 1527.9
1392710 1527.2
1392720 1527.2
1392730 1524.2
1392740 1522.8
1392750 1522.8
1392760 1520.4
1392770 1518.0
1392780 1518.0
1392790 1515.2
1392800 1511.6
1392810 1511.6
1392820 1505.0
1392830 1498.4
1392840 1498.4
1392850 1491.5
1392860 1484.9
1392870 1484.9
1392880 1478.6
1392890 1473.0
1392900 1468.1
1392910 1468.1
1392920 1463.2
1392930 1457.2
1392940 1457.2
1392950 1450.4
1392960 1443.2
1392970 1443.2
1392980 1434.6
1392990 1423.6
1393000 1423.6
1393010 1408.1
1393020 1401.3
1393030 1401.3
1393040 1413.0
1393050 1424.7
1393060 1424.7
1393070 1433.3
1393080 1443.2
1393090 1443.2
1393100 1456.0
1393110 1466.5
1393120 1475.3
1393130 1475.3
1393140 1486.2
1393150 1496.7
1393160 1496.7
1393170 1505.4
1393180 1511.5
1393190 1511.5
1393200 1518.0
1393210 1524.9
1393220 1524.9
1393230 1528.1
1393240 1527.9
1393250 1527.9
1393260 1527.9
1393270 1526.9
1393280 1526.9
1393290 1526.5
1393300 1528.0
1393310 1529.1
1393320 1529.1
1393330 1528.2
1393340 1526.6
1393350 1526.6
1393360 1525.8
1393370 1525.5
1393380 1525.5
1393390 1523.5
1393400 1521.4
1393410 1521.4
1393420 1519.1
1393430 1516.6
1393440 1516.6
1393450 1514.2
1393460 1512.9
1393470 1512.9
1393480 1511.3
1393490 1510.2
1393500 1508.2
1393510 1508.2
1393520 1506.4
1393530 1504.5
1393540 1504.5
1393550 1502.6
1393560 1501.7
1393570 1507.5
1393580 1507.6
1393590 1507.6
1393600 1507.6
1393610 1507.5
1393620 1505.7
1393630 1505.7
1393640 1502.7
1393650 1503.1
1393660 1503.1
1393670 1505.4
1393680 1506.3
1393690 1506.3
1393700 1506.0
1393710 1506.4
1393720 1506.2
1393730 1506.2
1393740 1504.9
1393750 1503.7
1393760 1503.7
1393770 1502.7
1393780 1501.0
1393790 1501.0
1393800 1498.9
1393810 1497.8
1393820 1497.8
1393830 1496.0
1393840 1494.6
1393850 1494.6
1393860 1492.4
1393870 1489.3
1393880 1489.3
1393890 1485.3
1393900 1481.6
1393910 1479.5
1393920 1479.5
1393930 1477.1
1393940 1473.8
1393950 1473.8
1393960 1471.4
1393970 1472.0
1393980 1472.0
1393990 1472.9
1394000 1474.1
1394010 1474.1
1394020 1473.9
1394030 1471.4
1394040 1471.4
1394050 1467.3
1394060 1462.9
1394070 1462.9
1394080 1457.9
1394090 1452.1
1394100 1452.1
1394110 1442.9
1394120 1430.3
1394130 1419.3
1394140 1419.3
1394150 1416.2
1394160 1420.7
1394170 1420.7
1394180 1424.5
1394190 1426.4
1394200 1426.4
1394210 1425.6
1394220 1426.0
1394230 1426.0
1394240 1426.3
1394250 1427.0
1394260 1427.0
1394270 1427.6
1394280 1427.7
1394290 1427.7
1394300 1427.9
1394310 1427.3
1394320 1425.6
1394330 1425.6
1394340 1424.3
1394350 1423.2
1394360 1423.2
1394370 1421.8
1394380 1419.0
1394390 1419.0
1394400 1415.3
1394410 1411.4
1394420 1411.4
1394430 1407.9
1394440 1403.7
1394450 1403.7
1394460 1398.1
1394470 1391.2
1394480 1391.2
1394490 1381.3
1394500 1373.3
1394510 1367.6
1394520 1367.6
1394530 1361.2
1394540 1354.1
1394550 1354.1
1394560 1347.7
1394570 1342.3
1394580 1342.3
1394590 1337.6
1394600 1333.5
1394610 1333.5
1394620 1328.7
1394630 1322.8
1394640 1322.8
1394650 1316.4
1394660 1311.6
1394670 1311.6
1394680 1309.1
1394690 1305.3
1394700 1305.3
1394710 1301.1
1394720 1297.1
1394730 1293.4
1394740 1293.4
1394750 1289.2
1394760 1285.6
1394770 1285.6
1394780 1283.3
1394790 1281.5
1394800 1281.5
1394810 1279.5
1394820 1276.9
1394830 1276.9
1394840 1274.5
1394850 1273.5
1394860 1273.5
1394870 1272.0
1394880 1267.3
1394890 1267.3
1394900 1264.3
1394910 1260.5
1394920 1255.6
1394930 1255.6
1394940 1252.7
1394950 1250.1
1394960 1250.1
1394970 1255.2
1394980 1255.7
1394990 1255.7
1395000 1257.7
1395010 1258.9
1395020 1258.9
1395030 1258.0
1395040 1256.6
1395050 1256.6
1395060 1252.4
1395070 1243.3
1395080 1243.3
1395090 1234.7
1395100 1225.9
1395110 1216.3
1395120 1216.3
1395130 1206.9
1395140 1197.5
1395150 1197.5
1395160 1191.9
1395170 1185.7
1395180 1185.7
1395190 1178.5
1395200 1171.3
1395210 1171.3
1395220 1164.7
1395230 1158.7
1395240 1158.7
1395250 1153.2
1395260 1146.8
1395270 1146.8
1395280 1140.5
1395290 1133.9
1395300 1133.9
1395310 1127.6
1395320 1122.1
1395330 1116.2
1395340 1116.2
1395350 1111.2
1395360 1108.0
1395370 1108.0
1395380 1106.2
1395390 1104.8
1395400 1104.8
1395410 1103.8
1395420 1102.0
1395430 1102.0
1395440 1099.5
1395450 1097.2
1395460 1097.2
1395470 1095.3
1395480 1093.1
1395490 1093.1
1395500 1090.5
1395510 1087.6
1395520 1084.2
1395530 1084.2
1395540 1082.1
1395550 1081.1
1395560 1081.1
1395570 1079.9
1395580 1077.6
1395590 1077.6
1395600 1073.7
1395610 1069.3
1395620 1069.3
1395630 1066.5
1395640 1064.2
1395650 1064.2
1395660 1061.4
1395670 1058.3
1395680 1058.3
1395690 1056.0
1395700 1054.1
1395710 1054.1
1395720 1052.3
1395730 1050.4
1395740 1049.0
1395750 1049.0
1395760 1045.4
1395770 1038.7
1395780 1038.7
1395790 1036.1
1395800 1037.7
1395810 1037.7
1395820 1038.2
1395830 1037.0
1395840 1037.0
1395850 1036.6
1395860 1034.6
1395870 1034.6
1395880 1032.4
1395890 1031.1
1395900 1031.1
1395910 1030.8
1395920 1031.3
1395930 1032.1
1395940 1032.1
1395950 1031.7
1395960 1031.4
1395970 1031.4
1395980 1031.1
1395990 1030.3
1396000 1030.3
1396010 1028.9
1396020 1027.2
1396030 1027.2
1396040 1025.9
1396050 1025.2
1396060 1025.2
1396070 1024.6
1396080 1024.1
1396090 1024.1
1396100 1023.4
1396110 1022.8
1396120 1022.3
1396130 1022.3
1396140 1021.8
1396150 1019.6
1396160 1019.6
1396170 1018.4
1396180 1017.7
1396190 1017.7
1396200 1016.8
1396210 1014.8
1396220 1014.8
1396230 1012.9
1396240 1010.5
1396250 1010.5
1396260 1006.4
1396270 1003.9
1396280 1003.9
1396290 1001.6
1396300 999.6
1396310 999.6
1396320 996.7
1396330 992.9
1396340 988.4
1396350 988.4
1396360 981.9
1396370 976.1
1396380 976.1
1396390 972.7
1396400 965.4
1396410 965.4
1396420 956.7
1396430 949.5
1396440 949.5
1396450 942.4
1396460 935.3
1396470 935.3
1396480 930.2
1396490 927.0
1396500 927.0
1396510 926.4
1396520 925.4
1396530 923.2
1396540 923.2
1396550 923.0
1396560 923.3
1396570 923.3
1396580 925.4
1396590 925.1
1396600 925.1
1396610 925.9
1396620 926.0
1396630 926.0
1396640 926.1
1396650 926.6
1396660 926.6
1396670 927.7
1396680 928.2
1396690 928.2
1396700 928.3
1396710 928.1
1396720 927.7
1396730 927.7
1396740 927.5
1396750 927.6
1396760 927.6
1396770 928.0
1396780 927.9
1396790 927.9
1396800 928.0
1396810 928.1
1396820 928.1
1396830 928.3
1396840 928.4
1396850 928.4
1396860 928.4
1396870 928.4
1396880 928.4
1396890 928.4
1396900 928.4
1396910 928.4
1396920 928.5
1396930 928.5
1396940 928.6
1396950 928.6
1396960 928.7
1396970 929.0
1396980 929.0
1396990 929.0
1397000 929.1
1397010 929.1
1397020 929.2
1397030 929.1
1397040 929.1
1397050 929.1
1397060 929.1
1397070 929.1
1397080 929.0
1397090 929.3
1397100 929.3
1397110 929.1
1397120 929.0
1397130 929.1
1397140 929.1
1397150 929.4
1397160 929.5
1397170 929.5
1397180 929.4
1397190 929.4
1397200 929.4
1397210 929.4
1397220 929.4
1397230 929.4
1397240 929.3
1397250 929.4
1397260 929.4
1397270 930.1
1397280 931.2
1397290 931.2
1397300 933.6
1397310 938.4
1397320 938.4
1397330 944.9
1397340 951.8
1397350 959.7
1397360 959.7
1397370 967.6
1397380 978.6
1397390 978.6
1397400 986.7
1397410 992.1
1397420 992.1
1397430 998.4
1397440 1004.7
1397450 1004.7
1397460 1013.0
1397470 1020.5
1397480 1020.5
1397490 1024.0
1397500 1025.3
1397510 1025.3
1397520 1027.8
1397530 1031.8
1397540 1035.8
1397550 1035.8
1397560 1040.1
1397570 1044.8
1397580 1044.8
1397590 1050.4
1397600 1056.6
1397610 1056.6
1397620 1063.7
1397630 1071.9
1397640 1071.9
1397650 1079.9
1397660 1087.5
1397670 1087.5
1397680 1097.0
1397690 1106.4
1397700 1106.4
1397710 1113.7
1397720 1119.1
1397730 1124.3
1397740 1124.3
1397750 1129.9
1397760 1136.9
1397770 1136.9
1397780 1143.9
1397790 1150.7
1397800 1150.7
1397810 1157.0
1397820 1163.7
1397830 1163.7
1397840 1172.7
1397850 1183.3
1397860 1183.3
1397870 1191.5
1397880 1197.3
1397890 1197.3
1397900 1201.8
1397910 1207.7
1397920 1207.7
1397930 1214.0
1397940 1219.6
1397950 1225.0
1397960 1225.0
1397970 1229.5
1397980 1233.0
1397990 1233.0
1398000 1236.2
1398010 1238.4
1398020 1238.4
1398030 1238.5
1398040 1241.2
1398050 1241.2
1398060 1247.2
1398070 1251.5
1398080 1251.5
1398090 1255.4
1398100 1260.7
1398110 1260.7
1398120 1265.2
1398130 1268.8
1398140 1272.8
1398150 1272.8
1398160 1277.9
1398170 1282.8
1398180 1282.8
1398190 1287.3
1398200 1292.1
1398210 1292.1
1398220 1297.3
1398230 1303.3
1398240 1303.3
1398250 1308.3
1398260 1311.3
1398270 1311.3
1398280 1313.3
1398290 1315.6
1398300 1315.6
1398310 1319.6
1398320 1322.8
1398330 1325.3
1398340 1325.3
1398350 1327.6
1398360 1330.0
1398370 1330.0
1398380 1332.5
1398390 1335.1
1398400 1335.1
1398410 1337.7
1398420 1340.5
1398430 1340.5
1398440 1343.5
1398450 1346.6
1398460 1346.6
1398470 1349.6
1398480 1353.0
1398490 1353.0
1398500 1357.9
1398510 1363.3
1398520 1363.3
1398530 1368.8
1398540 1374.6
1398550 1380.9
1398560 1380.9
1398570 1386.8
1398580 1391.6
1398590 1391.6
1398600 1395.3
1398610 1398.6
1398620 1398.6
1398630 1401.5
1398640 1404.2
1398650 1404.2
1398660 1407.4
1398670 1411.4
1398680 1411.4
1398690 1415.2
1398700 1419.1
1398710 1419.1
1398720 1423.4
1398730 1428.7
1398740 1433.8
1398750 1433.8
1398760 1438.0
1398770 1442.8
1398780 1442.8
1398790 1448.0
1398800 1453.1
1398810 1453.1
1398820 1458.0
1398830 1462.6
1398840 1462.6
1398850 1467.1
1398860 1471.9
1398870 1471.9
1398880 1477.1
1398890 1483.2
1398900 1483.2
1398910 1488.8
1398920 1493.7
1398930 1493.7
1398940 1498.6
1398950 1505.6
1398960 1514.8
1398970 1514.8
1398980 1523.5
1398990 1531.1
1399000 1531.1
1399010 1538.4
1399020 1545.6
1399030 1545.6
1399040 1553.0
1399050 1560.0
1399060 1560.0
1399070 1566.2
1399080 1572.1
1399090 1572.1
1399100 1579.2
1399110 1586.5
1399120 1586.5
1399130 1591.5
1399140 1596.1
1399150 1599.9
1399160 1599.9
1399170 1603.6
1399180 1608.4
1399190 1608.4
1399200 1613.2
1399210 1617.6
1399220 1617.6
1399230 1622.4
1399240 1626.4
1399250 1626.4
1399260 1632.3
1399270 1639.7
1399280 1639.7
1399290 1647.3
1399300 1655.3
1399310 1652.7
1399320 1661.0
1399330 1669.8
1399340 1677.2
1399350 1677.2
1399360 1684.0
1399370 1690.9
1399380 1690.9
1399390 1696.3
1399400 1700.6
1399410 1700.6
1399420 1704.3
1399430 1709.2
1399440 1709.2
1399450 1714.3
1399460 1719.1
1399470 1719.1
1399480 1724.1
1399490 1728.6
1399500 1728.6
1399510 1733.3
1399520 1737.7
1399530 1737.7
1399540 1743.1
1399550 1749.3
1399560 1756.0
1399570 1756.0
1399580 1762.7
1399590 1769.3
1399600 1769.3
1399610 1775.8
1399620 1782.5
1399630 1782.5
1399640 1789.7
1399650 1797.2
1399660 1797.2
1399670 1805.2
1399680 1813.1
1399690 1813.1
1399700 1820.2
1399710 1826.7
1399720 1826.7
1399730 1834.7
1399740 1840.2
1399750 1848.3
1399760 1848.3
1399770 1858.0
1399780 1866.3
1399790 1866.3
1399800 1874.9
1399810 1884.0
1399820 1884.0
1399830 1894.9
1399840 1906.6
1399850 1906.6
1399860 1915.2
1399870 1922.4
1399880 1922.4
1399890 1929.3
1399900 1935.5
1399910 1935.5
1399920 1940.3
1399930 1944.9
1399940 1944.9
1399950 1950.1
1399960 1955.0
1399970 1959.2
1399980 1959.2
1399990 1963.6
1380000 2062.2
1380010 2054.0
1380020 2046.2
1380030 2046.2
1380040 2039.9
1380050 2035.0
1380060 2035.0
1380070 2032.5
1380080 2031.2
1380090 2031.2
1380100 2029.6
1380110 2027.5
1380120 2027.5
1380130 2025.3
1380140 2022.1
1380150 2022.1
1380160 2018.3
1380170 2015.1
1380180 2015.1
1380190 2010.6
1380200 2006.6
1380210 2006.6
1380220 2002.8
1380230 1998.0
1380240 1993.9
1380250 1993.9
1380260 1990.0
1380270 1985.7
1380280 1985.7
1380290 1982.2
1380300 1978.8
1380310 1978.8
1380320 1975.5
1380330 1972.9
1380340 1972.9
1380350 1969.5
1380360 1964.6
1380370 1964.6
1380380 1960.5
1380390 1956.7
1380400 1956.7
1380410 1951.7
1380420 1944.6
1380430 1937.4
1380440 1937.4
1380450 1929.8
1380460 1922.5
1380470 1922.5
1380480 1916.9
1380490 1911.5
1380500 1911.5
1380510 1907.1
1380520 1903.2
1380530 1903.2
1380540 1896.5
1380550 1887.3
1380560 1887.3
1380570 1877.6
1380580 1869.0
1380590 1869.1
1380600 1862.4
1380610 1855.2
1380620 1847.1
1380630 1847.1
1380640 1838.5
1380650 1833.4
1380660 1833.4
1380670 1829.4
1380680 1821.4
1380690 1821.4
1380700 1811.1
1380710 1803.5
1380720 1803.5
1380730 1798.7
1380740 1793.3
1380750 1793.3
1380760 1787.9
1380770 1782.3
1380780 1782.3
1380790 1776.0
1380800 1768.9
1380810 1768.9
1380820 1760.8
1380830 1754.9
1380840 1749.7
1380850 1749.7
1380860 1742.9
1380870 1738.3
1380880 1738.3
1380890 1735.5
1380900 1732.8
1380910 1732.8
1380920 1730.2
1380930 1727.7
1380940 1727.7
1380950 1725.0
1380960 1720.7
1380970 1720.7
1380980 1716.1
1380990 1712.1
1381000 1712.1
1381010 1709.1
1381020 1705.4
1381030 1699.6
1381040 1699.6
1381050 1693.9
1381060 1686.8
1381070 1686.8
1381080 1679.7
1381090 1673.2
1381100 1673.2
1381110 1667.0
1381120 1661.0
1381130 1661.0
1381140 1655.8
1381150 1651.2
1381160 1651.2
1381170 1646.0
1381180 1639.5
1381190 1639.5
1381200 1634.1
1381210 1627.2
1381220 1619.3
1381230 1619.3
1381240 1610.8
1381250 1602.5
1381260 1602.5
1381270 1594.5
1381280 1585.7
1381290 1585.7
1381300 1577.6
1381310 1570.1
1381320 1570.1
1381330 1564.0
1381340 1566.8
1381350 1566.8
1381360 1575.8
1381370 1585.4
1381380 1585.4
1381390 1593.0
1381400 1597.2
1381410 1597.2
1381420 1601.4
1381430 1605.3
1381440 1609.2
1381450 1609.2
1381460 1612.7
1381470 1617.3
1381480 1617.3
1381490 1622.2
1381500 1626.0
1381510 1626.0
1381520 1629.6
1381530 1633.7
1381540 1633.7
1381550 1638.8
1381560 1642.9
1381570 1642.9
1381580 1645.7
1381590 1648.1
1381600 1648.1
1381610 1651.2
1381620 1654.9
1381630 1658.8
1381640 1658.8
1381650 1662.0
1381660 1662.6
1381670 1662.6
1381680 1664.5
1381690 1668.1
1381700 1668.1
1381710 1672.9
1381720 1678.1
1381730 1678.1
1381740 1682.4
1381750 1686.6
1381760 1686.6
1381770 1690.7
1381780 1693.7
1381790 1693.7
1381800 1696.6
1381810 1706.8
1381820 1706.8
1381830 1710.5
1381840 1717.8
1381850 1724.5
1381860 1724.5
1381870 1730.7
1381880 1737.4
1381890 1737.4
1381900 1744.2
1381910 1750.9
1381920 1750.9
1381930 1757.1
1381940 1762.6
1381950 1762.6
1381960 1766.1
1381970 1768.7
1381980 1768.7
1381990 1771.0
1382000 1774.2
1382010 1774.2
1382020 1776.4
1382030 1778.3
1382040 1780.0
1382050 1780.0
1382060 1781.8
1382070 1783.6
1382080 1783.6
1382090 1785.9
1382100 1788.1
1382110 1788.1
1382120 1789.8
1382130 1793.1
1382140 1793.1
1382150 1799.6
1382160 1811.3
1382170 1811.3
1382180 1821.5
1382190 1829.3
1382200 1829.3
1382210 1833.9
1382220 1831.8
1382230 1829.9
1382240 1829.9
1382250 1829.0
1382260 1824.6
1382270 1824.6
1382280 1821.5
1382290 1823.6
1382300 1823.6
1382310 1821.2
1382320 1826.0
1382330 1826.0
1382340 1837.4
1382350 1845.8
1382360 1845.8
1382370 1845.5
1382380 1845.5
1382390 1845.5
1382400 1847.5
1382410 1851.1
1382420 1851.1
1382430 1854.6
1382440 1856.9
1382450 1858.8
1382460 1858.8
1382470 1860.7
1382480 1862.5
1382490 1862.5
1382500 1864.2
1382510 1864.1
1382520 1864.1
1382530 1859.8
1382540 1855.5
1382550 1855.5
1382560 1854.0
1382570 1855.9
1382580 1855.9
1382590 1857.3
1382600 1856.3
1382610 1856.3
1382620 1855.6
1382630 1854.0
1382640 1855.0
1382650 1855.0
1382660 1858.2
1382670 1862.7
1382680 1862.7
1382690 1870.4
1382700 1879.6
1382710 1879.6
1382720 1889.4
1382730 1897.3
1382740 1897.3
1382750 1903.9
1382760 1910.6
1382770 1910.6
1382780 1917.0
1382790 1922.3
1382800 1922.3
1382810 1927.5
1382820 1932.4
1382830 1937.5
1382840 1937.5
1382850 1943.6
1382860 1950.1
1382870 1950.1
1382880 1956.6
1382890 1964.1
1382900 1964.1
1382910 1972.8
1382920 1981.9
1382930 1981.9
1382940 1990.3
1382950 1998.3
1382960 1998.3
1382970 2006.2
1382980 2014.3
1382990 2014.3
1383000 2021.1
1383010 2026.1
1383020 2026.1
1383030 2030.4
1383040 2034.4
1383050 2042.8
1383060 2042.8
1383070 2046.0
1383080 2048.8
1383090 2048.8
1383100 2051.4
1383110 2053.5
1383120 2053.5
1383130 2055.0
1383140 2056.3
1383150 2056.3
1383160 2057.3
1383170 2057.9
1383180 2057.9
1383190 2057.8
1383200 2057.5
1383210 2057.5
1383220 2057.0
1383230 2055.6
1383240 2053.6
1383250 2053.6
1383260 2051.1
1383270 2048.1
1383280 2048.1
1383290 2045.1
1383300 2042.0
1383310 2042.0
1383320 2038.2
1383330 2034.4
1383340 2034.4
1383350 2029.9
1383360 2023.9
1383370 2023.9
1383380 2017.2
1383390 2010.3
1383400 2010.3
1383410 2003.2
1383420 1996.0
1383430 1996.0
1383440 1988.6
1383450 1981.5
1383460 1972.9
1383470 1972.9
1383480 1963.3
1383490 1954.5
1383500 1954.5
1383510 1946.2
1383520 1938.1
1383530 1938.1
1383540 1930.1
1383550 1921.8
1383560 1921.8
1383570 1913.7
1383580 1905.6
1383590 1905.6
1383600 1897.5
1383610 1889.9
1383620 1889.9
1383630 1883.6
1383640 1877.6
1383650 1870.0
1383660 1870.0
1383670 1858.7
1383680 1850.8
1383690 1850.8
1383700 1842.4
1383710 1832.6
1383720 1832.6
1383730 1827.6
1383740 1824.8
1383750 1824.8
1383760 1821.1
1383770 1814.7
1383780 1814.7
1383790 1810.0
1383800 1804.9
1383810 1804.9
1383820 1799.0
1383830 1794.2
1383840 1790.3
1383850 1790.3
1383860 1787.6
1383870 1784.6
1383880 1784.6
1383890 1780.5
1383900 1775.8
1383910 1775.8
1383920 1770.6
1383930 1765.4
1383940 1765.4
1383950 1759.8
1383960 1755.3
1383970 1755.3
1383980 1751.3
1383990 1746.5
1384000 1746.5
1384010 1740.5
1384020 1733.8
1384030 1733.8
1384040 1727.1
1384050 1720.5
1384060 1714.1
1384070 1714.1
1384080 1707.6
1384090 1700.8
1384100 1700.8
1384110 1694.4
1384120 1688.2
1384130 1688.2
1384140 1682.5
1384150 1675.3
1384160 1675.3
1384170 1667.8
1384180 1662.0
1384190 1662.0
1384200 1657.9
1384210 1653.9
1384220 1653.9
1384230 1648.7
1384240 1642.5
1384250 1635.8
1384260 1635.8
1384270 1628.1
1384280 1619.0
1384290 1619.0
1384300 1612.7
1384310 1599.8
1384320 1599.8
1384330 1591.7
1384340 1586.5
1384350 1586.5
1384360 1581.0
1384370 1574.3
1384380 1574.3
1384390 1567.9
1384400 1561.4
1384410 1561.4
1384420 1554.9
1384430 1549.4
1384440 1549.4
1384450 1543.7
1384460 1538.5
1384470 1533.0
1384480 1533.0
1384490 1527.5
1384500 1522.0
1384510 1522.0
1384520 1515.3
1384530 1507.8
1384540 1507.8
1384550 1497.2
1384560 1483.7
1384570 1483.7
1384580 1489.3
1384590 1502.8
1384600 1502.8
1384610 1515.8
1384620 1524.8
1384630 1524.8
1384640 1531.6
1384650 1535.9
1384660 1539.2
1384670 1539.2
1384680 1541.3
1384690 1544.1
1384700 1544.1
1384710 1545.9
1384720 1549.2
1384730 1549.2
1384740 1552.6
1384750 1554.4
1384760 1554.4
1384770 1555.5
1384780 1558.8
1384790 1558.8
1384800 1564.7
1384810 1569.6
1384820 1569.6
1384830 1573.1
1384840 1573.1
1384850 1571.9
1384860 1571.9
1384870 1572.4
1384880 1574.4
1384890 1574.4
1384900 1577.3
1384910 1580.4
1384920 1580.4
1384930 1577.8
1384940 1574.9
1384950 1574.9
1384960 1572.9
1384970 1568.9
1384980 1568.9
1384990 1564.7
1385000 1559.6
1385010 1559.6
1385020 1552.5
1385030 1545.5
1385040 1545.5
1385050 1543.3
1385060 1538.3
1385070 1533.1
1385080 1533.1
1385090 1526.7
1385100 1519.0
1385110 1519.0
1385120 1514.1
1385130 1512.1
1385140 1512.1
1385150 1514.4
1385160 1521.8
1385170 1521.8
1385180 1530.7
1385190 1539.2
1385200 1539.2
1385210 1547.2
1385220 1555.7
1385230 1555.7
1385240 1563.7
1385250 1568.6
1385260 1573.6
1385270 1573.6
1385280 1579.4
1385290 1586.2
1385300 1586.2
1385310 1593.7
1385320 1601.5
1385330 1601.5
1385340 1608.9
1385350 1615.7
1385360 1615.7
1385370 1622.5
1385380 1630.0
1385390 1630.0
1385400 1637.9
1385410 1646.0
1385420 1646.0
1385430 1653.7
1385440 1660.6
1385450 1666.1
1385460 1666.1
1385470 1670.8
1385480 1676.5
1385490 1676.5
1385500 1682.1
1385510 1687.4
1385520 1687.4
1385530 1692.1
1385540 1697.5
1385550 1697.5
1385560 1703.5
1385570 1709.7
1385580 1707.3
1385590 1713.9
1385600 1720.1
1385610 1720.1
1385620 1726.3
1385630 1732.4
1385640 1732.4
1385650 1738.8
1385660 1745.3
1385670 1750.9
1385680 1750.9
1385690 1756.0
1385700 1760.7
1385710 1760.7
1385720 1764.7
1385730 1768.7
1385740 1768.7
1385750 1773.2
1385760 1777.5
1385770 1777.5
1385780 1782.8
1385790 1784.9
1385800 1784.9
1385810 1784.3
1385820 1785.6
1385830 1785.6
1385840 1789.1
1385850 1793.9
1385860 1798.9
1385870 1798.9
1385880 1803.6
1385890 1808.4
1385900 1808.4
1385910 1813.5
1385920 1818.5
1385930 1818.5
1385940 1823.8
1385950 1828.8
1385960 1828.8
1385970 1834.1
1385980 1838.8
1385990 1838.8
1386000 1842.2
1386010 1845.9
1386020 1845.9
1386030 1851.3
1386040 1856.8
1386050 1856.8
1386060 1861.3
1386070 1864.9
1386080 1869.2
1386090 1869.2
1386100 1873.9
1386110 1877.9
1386120 1877.9
1386130 1881.4
1386140 1884.6
1386150 1884.6
1386160 1887.6
1386170 1890.5
1386180 1890.5
1386190 1893.3
1386200 1896.5
1386210 1896.5
1386220 1899.7
1386230 1902.7
1386240 1902.7
1386250 1905.5
1386260 1908.1
1386270 1911.2
1386280 1911.2
1386290 1914.0
1386300 1916.1
1386310 1916.1
1386320 1917.5
1386330 1918.7
1386340 1918.7
1386350 1920.2
1386360 1921.4
1386370 1921.4
1386380 1922.5
1386390 1923.2
1386400 1923.2
1386410 1923.5
1386420 1923.5
1386430 1923.5
1386440 1923.2
1386450 1922.3
1386460 1920.6
1386470 1920.6
1386480 1918.9
1386490 1917.7
1386500 1917.7
1386510 1916.5
1386520 1915.4
1386530 1915.4
1386540 1914.7
1386550 1914.6
1386560 1914.6
1386570 1914.0
1386580 1914.8
1386590 1914.8
1386600 1917.2
1386610 1919.2
1386620 1919.2
1386630 1920.6
1386640 1920.7
1386650 1920.7
1386660 1921.0
1386670 1921.4
1386680 1921.4
1386690 1921.4
1386700 1920.9
1386710 1921.7
1386720 1921.7
1386730 1922.9
1386740 1923.9
1386750 1923.9
1386760 1925.5
1386770 1927.4
1386780 1927.4
1386790 1928.9
1386800 1929.9
1386810 1929.9
1386820 1931.0
1386830 1931.8
1386840 1931.8
1386850 1932.7
1386860 1938.0
1386870 1938.2
1386880 1938.2
1386890 1938.2
1386900 1938.5
1386910 1938.5
1386920 1938.4
1386930 1938.2
1386940 1938.2
1386950 1938.1
1386960 1938.0
1386970 1938.0
1386980 1937.8
1386990 1937.5
1387000 1937.5
1387010 1937.6
1387020 1937.7
1387030 1937.7
1387040 1937.2
1387050 1936.3
1387060 1935.6
1387070 1935.6
1387080 1935.0
1387090 1934.4
1387100 1934.4
1387110 1933.8
1387120 1933.7
1387130 1933.7
1387140 1933.9
1387150 1934.6
1387160 1934.6
1387170 1935.3
1387180 1935.7
1387190 1935.7
1387200 1936.8
1387210 1937.8
1387220 1937.8
1387230 1938.6
1387240 1939.6
1387250 1939.6
1387260 1939.2
1387270 1938.4
1387280 1938.9
1387290 1938.9
1387300 1939.0
1387310 1938.9
1387320 1938.9
1387330 1938.5
1387340 1937.7
1387350 1937.7
1387360 1937.3
1387370 1936.8
1387380 1936.8
1387390 1936.6
1387400 1937.2
1387410 1937.2
1387420 1937.9
1387430 1938.4
1387440 1938.4
1387450 1938.7
1387460 1937.9
1387470 1936.0
1387480 1936.0
1387490 1933.5
1387500 1929.1
1387510 1929.1
1387520 1923.3
1387530 1918.0
1387540 1918.0
1387550 1913.7
1387560 1908.2
1387570 1908.2
1387580 1902.2
1387590 1895.6
1387600 1895.6
1387610 1889.7
1387620 1883.5
1387630 1883.5
1387640 1876.4
1387650 1869.1
1387660 1869.1
1387670 1861.7
1387680 1853.4
1387690 1846.1
1387700 1846.1
1387710 1838.6
1387720 1830.6
1387730 1830.6
1387740 1823.1
1387750 1815.8
1387760 1815.8
1387770 1808.1
1387780 1800.0
1387790 1800.0
1387800 1791.9
1387810 1782.7
1387820 1782.7
1387830 1771.7
1387840 1769.5
1387850 1769.5
1387860 1768.0
1387870 1759.2
1387880 1748.8
1387890 1748.8
1387900 1746.7
1387910 1742.1
1387920 1742.1
1387930 1729.7
1387940 1716.9
1387950 1716.9
1387960 1712.4
1387970 1709.3
1387980 1709.3
1387990 1697.6
1388000 1679.3
1388010 1679.3
1388020 1666.9
1388030 1655.8
1388040 1655.8
1388050 1646.4
1388060 1635.4
1388070 1625.2
1388080 1625.2
1388090 1616.1
1388100 1607.5
1388110 1607.5
1388120 1598.6
1388130 1589.7
1388140 1589.7
1388150 1581.2
1388160 1572.2
1388170 1571.7
1388180 1563.0
1388190 1554.5
1388200 1554.5
1388210 1546.1
1388220 1537.6
1388230 1537.6
1388240 1529.1
1388250 1520.1
1388260 1520.1
1388270 1511.7
1388280 1504.7
1388290 1501.8
1388300 1501.8
1388310 1505.4
1388320 1517.6
1388330 1517.6
1388340 1527.7
1388350 1537.8
1388360 1537.8
1388370 1548.9
1388380 1560.5
1388390 1560.5
1388400 1570.9
1388410 1582.7
1388420 1582.7
1388430 1594.2
1388440 1604.5
1388450 1604.5
1388460 1614.5
1388470 1624.7
1388480 1635.5
1388490 1635.5
1388500 1643.7
1388510 1649.1
1388520 1649.1
1388530 1654.3
1388540 1660.0
1388550 1660.0
1388560 1666.0
1388570 1671.4
1388580 1671.4
1388590 1677.1
1388600 1683.6
1388610 1683.6
1388620 1689.9
1388630 1695.6
1388640 1695.6
1388650 1700.8
1388660 1707.1
1388670 1714.5
1388680 1714.5
1388690 1722.9
1388700 1732.4
1388710 1732.4
1388720 1740.4
1388730 1747.0
1388740 1747.0
1388750 1752.6
1388760 1755.4
1388770 1755.4
1388780 1758.0
1388790 1759.9
1388800 1759.9
1388810 1760.8
1388820 1761.6
1388830 1761.6
1388840 1761.3
1388850 1761.4
1388860 1761.4
1388870 1762.9
1388880 1763.6
1388890 1763.4
1388900 1763.4
1388910 1763.7
1388920 1764.5
1388930 1764.5
1388940 1765.5
1388950 1765.8
1388960 1765.8
1388970 1764.7
1388980 1762.3
1388990 1762.3
1389000 1760.5
1389010 1758.8
1389020 1758.8
1389030 1757.0
1389040 1755.0
1389050 1755.0
1389060 1752.8
1389070 1750.1
1389080 1747.4
1389090 1747.4
1389100 1745.0
1389110 1743.2
1389120 1743.2
1389130 1741.4
1389140 1739.6
1389150 1739.6
1389160 1737.5
1389170 1736.1
1389180 1736.1
1389190 1735.8
1389200 1735.4
1389210 1735.4
1389220 1734.5
1389230 1730.7
1389240 1730.7
1389250 1724.5
1389260 1718.2
1389270 1718.2
1389280 1713.1
1389290 1707.5
1389300 1696.9
1389310 1696.9
1389320 1685.6
1389330 1674.7
1389340 1674.7
1389350 1662.5
1389360 1650.3
1389370 1650.3
1389380 1640.6
1389390 1632.0
1389400 1632.0
1389410 1622.7
1389420 1613.6
1389430 1613.6
1389440 1606.6
1389450 1600.6
1389460 1600.6
1389470 1593.5
1389480 1584.5
1389490 1576.0
1389500 1576.0
1389510 1568.1
1389520 1558.0
1389530 1558.0
1389540 1544.9
1389550 1535.7
1389560 1535.7
1389570 1526.1
1389580 1521.7
1389590 1521.7
1389600 1528.4
1389610 1534.9
1389620 1534.9
1389630 1539.3
1389640 1552.0
1389650 1552.0
1389660 1563.8
1389670 1575.9
1389680 1587.3
1389690 1587.3
1389700 1598.9
1389710 1608.1
1389720 1608.1
1389730 1617.1
1389740 1622.7
1389750 1622.7
1389760 1630.1
1389770 1643.6
1389780 1643.6
1389790 1655.5
1389800 1662.8
1389810 1662.8
1389820 1669.3
1389830 1674.7
1389840 1674.7
1389850 1680.9
1389860 1691.7
1389870 1691.7
1389880 1700.8
1389890 1713.0
1389900 1723.2
1389910 1723.2
1389920 1728.7
1389930 1731.5
1389940 1731.5
1389950 1733.0
1389960 1734.4
1389970 1734.4
1389980 1736.6
1389990 1739.6
1390000 1739.6
1390010 1741.3
1390020 1742.3
1390030 1742.3
1390040 1742.9
1390050 1743.4
1390060 1743.4
1390070 1744.0
1390080 1744.7
1390090 1745.5
1390100 1745.5
1390110 1745.8
1390120 1745.3
1390130 1745.3
1390140 1744.1
1390150 1742.2
1390160 1742.2
1390170 1740.6
1390180 1738.6
1390190 1738.6
1390200 1736.2
1390210 1733.8
1390220 1733.8
1390230 1731.9
1390240 1729.5
1390250 1729.5
1390260 1726.6
1390270 1723.6
1390280 1720.7
1390290 1720.7
1390300 1717.5
1390310 1714.0
1390320 1714.0
1390330 1710.9
1390340 1707.2
1390350 1707.2
1390360 1703.9
1390370 1703.4
1390380 1703.4
1390390 1703.7
1390400 1704.0
1390410 1704.0
1390420 1703.5
1390430 1702.1
1390440 1702.1
1390450 1698.5
1390460 1693.3
1390470 1693.3
1390480 1687.6
1390490 1682.7
1390500 1678.3
1390510 1678.3
1390520 1675.0
1390530 1671.2
1390540 1671.2
1390550 1667.1
1390560 1663.6
1390570 1663.6
1390580 1661.6
1390590 1661.0
1390600 1661.0
1390610 1657.1
1390620 1651.4
1390630 1651.4
1390640 1646.1
1390650 1641.4
1390660 1641.4
1390670 1635.1
1390680 1627.9
1390690 1621.1
1390700 1621.1
1390710 1613.9
1390720 1606.5
1390730 1606.5
1390740 1600.2
1390750 1594.4
1390760 1594.4
1390770 1589.9
1390780 1585.0
1390790 1585.0
1390800 1580.1
1390810 1574.8
1390820 1574.8
1390830 1569.3
1390840 1564.5
1390850 1564.5
1390860 1558.7
1390870 1552.6
1390880 1552.6
1390890 1545.6
1390900 1537.2
1390910 1529.8
1390920 1529.8
1390930 1523.3
1390940 1515.9
1390950 1515.9
1390960 1507.3
1390970 1498.8
1390980 1498.8
1390990 1490.2
1391000 1482.3
1391010 1482.3
1391020 1475.3
1391030 1470.0
1391040 1470.0
1391050 1464.6
1391060 1457.8
1391070 1457.8
1391080 1450.2
1391090 1442.1
1391100 1434.5
1391110 1434.5
1391120 1426.8
1391130 1419.1
1391140 1419.1
1391150 1412.7
1391160 1409.6
1391170 1409.6
1391180 1408.9
1391190 1406.1
1391200 1406.1
1391210 1401.9
1391220 1398.0
1391230 1398.0
1391240 1391.6
1391250 1382.8
1391260 1382.8
1391270 1381.1
1391280 1387.4
1391290 1396.1
1391300 1396.1
1391310 1406.7
1391320 1417.2
1391330 1417.2
1391340 1428.7
1391350 1437.4
1391360 1437.4
1391370 1443.2
1391380 1447.2
1391390 1447.2
1391400 1452.3
1391410 1458.8
1391420 1458.8
1391430 1465.3
1391440 1471.2
1391450 1471.2
1391460 1474.3
1391470 1476.8
1391480 1476.8
1391490 1479.7
1391500 1481.6
1391510 1482.0
1391520 1482.0
1391530 1482.7
1391540 1490.1
1391550 1490.1
1391560 1497.4
1391570 1501.7
1391580 1501.7
1391590 1504.1
1391600 1509.8
1391610 1509.8
1391620 1516.5
1391630 1522.1
1391640 1522.1
1391650 1525.2
1391660 1526.4
1391670 1526.4
1391680 1527.9
1391690 1531.0
1391700 1536.7
1391710 1536.7
1391720 1542.3
1391730 1546.1
1391740 1546.1
1391750 1548.6
1391760 1549.7
1391770 1549.7
1391780 1551.3
1391790 1553.8
1391800 1553.8
1391810 1555.4
1391820 1557.7
1391830 1557.7
1391840 1561.0
1391850 1563.9
1391860 1563.9
1391870 1565.1
1391880 1567.0
1391890 1567.9
1391900 1567.9
1391910 1568.2
1391920 1568.4
1391930 1568.4
1391940 1567.9
1391950 1567.2
1391960 1567.2
1391970 1567.4
1391980 1568.0
1391990 1568.0
1392000 1568.4
1392010 1568.6
1392020 1568.6
1392030 1568.1
1392040 1567.4
1392050 1567.4
1392060 1567.3
1392070 1566.8
1392080 1566.8
1392090 1565.6
1392100 1564.1
1392110 1562.8
1392120 1562.8
1392130 1562.4
1392140 1562.3
1392150 1562.3
1392160 1562.5
1392170 1562.3
1392180 1562.3
1392190 1567.8
1392200 1568.1
1392210 1568.1
1392220 1568.3
1392230 1567.9
1392240 1567.9
1392250 1566.8
1392260 1566.9
1392270 1566.9
1392280 1566.6
1392290 1566.3
1392300 1565.5
1392310 1565.5
1392320 1563.8
1392330 1562.7
1392340 1562.7
1392350 1560.9
1392360 1557.9
1392370 1557.9
1392380 1555.5
1392390 1553.5
1392400 1553.5
1392410 1553.4
1392420 1553.4
1392430 1553.4
1392440 1554.7
1392450 1554.0
1392460 1554.0
1392470 1552.4
1392480 1550.8
1392490 1550.8
1392500 1550.3
1392510 1549.1
1392520 1546.8
1392530 1546.8
1392540 1544.9
1392550 1543.5
1392560 1543.5
1392570 1541.4
1392580 1539.2
1392590 1539.2
1392600 1537.5
1392610 1537.0
1392620 1537.0
1392630 1535.8
1392640 1534.5
1392650 1534.5
1392660 1533.7
1392670 1532.0
1392680 1532.0
1392690 1529.9
1392700 1527.9
1392710 1527.2
1392720 1527.2
1392730 1524.2
1392740 1522.8
1392750 1522.8
1392760 1520.4
1392770 1518.0
1392780 1518.0
1392790 1515.2
1392800 1511.6
1392810 1511.6
1392820 1505.0
1392830 1498.4
1392840 1498.4
1392850 1491.5
1392860 1484.9
1392870 1484.9
1392880 1478.6
1392890 1473.0
1392900 1468.1
1392910 1468.1
1392920 1463.2
1392930 1457.2
1392940 1457.2
1392950 1450.4
1392960 1443.2
1392970 1443.2
1392980 1434.6
1392990 1423.6
1393000 1423.6
1393010 1408.1
1393020 1401.3
1393030 1401.3
1393040 1413.0
1393050 1424.7
1393060 1424.7
1393070 1433.3
1393080 1443.2
1393090 1443.2
1393100 1456.0
1393110 1466.5
1393120 1475.3
1393130 1475.3
1393140 1486.2
1393150 1496.7
1393160 1496.7
1393170 1505.4
1393180 1511.5
1393190 1511.5
1393200 1518.0
1393210 1524.9
1393220 1524.9
1393230 1528.1
1393240 1527.9
1393250 1527.9
1393260 1527.9
1393270 1526.9
1393280 1526.9
1393290 1526.5
1393300 1528.0
1393310 1529.1
1393320 1529.1
1393330 1528.2
1393340 1526.6
1393350 1526.6
1393360 1525.8
1393370 1525.5
1393380 1525.5
1393390 1523.5
1393400 1521.4
1393410 1521.4
1393420 1519.1
1393430 1516.6
1393440 1516.6
1393450 1514.2
1393460 1512.9
1393470 1512.9
1393480 1511.3
1393490 1510.2
1393500 1508.2
1393510 1508.2
1393520 1506.4
1393530 1504.5
1393540 1504.5
1393550 1502.6
1393560 1501.7
1393570 1507.5
1393580 1507.6
1393590 1507.6
1393600 1507.6
1393610 1507.5
1393620 1505.7
1393630 1505.7
1393640 1502.7
1393650 1503.1
1393660 1503.1
1393670 1505.4
1393680 1506.3
1393690 1506.3
1393700 1506.0
1393710 1506.4
1393720 1506.2
1393730 1506.2
1393740 1504.9
1393750 1503.7
1393760 1503.7
1393770 1502.7
1393780 1501.0
1393790 1501.0
1393800 1498.9
1393810 1497.8
1393820 1497.8
1393830 1496.0
1393840 1494.6
1393850 1494.6
1393860 1492.4
1393870 1489.3
1393880 1489.3
1393890 1485.3
1393900 1481.6
1393910 1479.5
1393920 1479.5
1393930 1477.1
1393940 1473.8
1393950 1473.8
1393960 1471.4
1393970 1472.0
1393980 1472.0
1393990 1472.9
1394000 1474.1
1394010 1474.1
1394020 1473.9
1394030 1471.4
1394040 1471.4
1394050 1467.3
1394060 1462.9
1394070 1462.9
1394080 1457.9
1394090 1452.1
1394100 1452.1
1394110 1442.9
1394120 1430.3
1394130 1419.3
1394140 1419.3
1394150 1416.2
1394160 1420.7
1394170 1420.7
1394180 1424.5
1394190 1426.4
1394200 1426.4
1394210 1425.6
1394220 1426.0
1394230 1426.0
1394240 1426.3
1394250 1427.0
1394260 1427.0
1394270 1427.6
1394280 1427.7
1394290 1427.7
1394300 1427.9
1394310 1427.3
1394320 1425.6
1394330 1425.6
1394340 1424.3
1394350 1423.2
1394360 1423.2
1394370 1421.8
1394380 1419.0
1394390 1419.0
1394400 1415.3
1394410 1411.4
1394420 1411.4
1394430 1407.9
1394440 1403.7
1394450 1403.7
1394460 1398.1
1394470 1391.2
1394480 1391.2
1394490 1381.3
1394500 1373.3
1394510 1367.6
1394520 1367.6
1394530 1361.2
1394540 1354.1
1394550 1354.1
1394560 1347.7
1394570 1342.3
1394580 1342.3
1394590 1337.6
1394600 1333.5
1394610 1333.5
1394620 1328.7
1394630 1322.8
1394640 1322.8
1394650 1316.4
1394660 1311.6
1394670 1311.6
1394680 1309.1
1394690 1305.3
1394700 1305.3
1394710 1301.1
1394720 1297.1
1394730 1293.4
1394740 1293.4
1394750 1289.2
1394760 1285.6
1394770 1285.6
1394780 1283.3
1394790 1281.5
1394800 1281.5
1394810 1279.5
1394820 1276.9
1394830 1276.9
1394840 1274.5
1394850 1273.5
1394860 1273.5
1394870 1272.0
1394880 1267.3
1394890 1267.3
1394900 1264.3
1394910 1260.5
1394920 1255.6
1394930 1255.6
1394940 1252.7
1394950 1250.1
1394960 1250.1
1394970 1255.2
1394980 1255.7
1394990 1255.7
1395000 1257.7
1395010 1258.9
1395020 1258.9
1395030 1258.0
1395040 1256.6
1395050 1256.6
1395060 1252.4
1395070 1243.3
1395080 1243.3
1395090 1234.7
1395100 1225.9
1395110 1216.3
1395120 1216.3
1395130 1206.9
1395140 1197.5
1395150 1197.5
1395160 1191.9
1395170 1185.7
1395180 1185.7
1395190 1178.5
1395200 1171.3
1395210 1171.3
1395220 1164.7
1395230 1158.7
1395240 1158.7
1395250 1153.2
1395260 1146.8
1395270 1146.8
1395280 1140.5
1395290 1133.9
1395300 1133.9
1395310 1127.6
1395320 1122.1
1395330 1116.2
1395340 1116.2
1395350 1111.2
1395360 1108.0
1395370 1108.0
1395380 1106.2
1395390 1104.8
1395400 1104.8
1395410 1103.8
1395420 1102.0
1395430 1102.0
1395440 1099.5
1395450 1097.2
1395460 1097.2
1395470 1095.3
1395480 1093.1
1395490 1093.1
1395500 1090.5
1395510 1087.6
1395520 1084.2
1395530 1084.2
1395540 1082.1
1395550 1081.1
1395560 1081.1
1395570 1079.9
1395580 1077.6
1395590 1077.6
1395600 1073.7
1395610 1069.3
1395620 1069.3
1395630 1066.5
1395640 1064.2
1395650 1064.2
1395660 1061.4
1395670 1058.3
1395680 1058.3
1395690 1056.0
1395700 1054.1
1395710 1054.1
1395720 1052.3
1395730 1050.4
1395740 1049.0
1395750 1049.0
1395760 1045.4
1395770 1038.7
1395780 1038.7
1395790 1036.1
1395800 1037.7
1395810 1037.7
1395820 1038.2
1395830 1037.0
1395840 1037.0
1395850 1036.6
1395860 1034.6
1395870 1034.6
1395880 1032.4
1395890 1031.1
1395900 1031.1
1395910 1030.8
1395920 1031.3
1395930 1032.1
1395940 1032.1
1395950 1031.7
1395960 1031.4
1395970 1031.4
1395980 1031.1
1395990 1030.3
1396000 1030.3
1396010 1028.9
1396020 1027.2
1396030 1027.2
1396040 1025.9
1396050 1025.2
1396060 1025.2
1396070 1024.6
1396080 1024.1
1396090 1024.1
1396100 1023.4
1396110 1022.8
1396120 1022.3
1396130 1022.3
1396140 1021.8
1396150 1019.6
1396160 1019.6
1396170 1018.4
1396180 1017.7
1396190 1017.7
1396200 1016.8
1396210 1014.8
1396220 1014.8
1396230 1012.9
1396240 1010.5
1396250 1010.5
1396260 1006.4
1396270 1003.9
1396280 1003.9
1396290 1001.6
1396300 999.6
1396310 999.6
1396320 996.7
1396330 992.9
1396340 988.4
1396350 988.4
1396360 981.9
1396370 976.1
1396380 976.1
1396390 972.7
1396400 965.4
1396410 965.4
1396420 956.7
1396430 949.5
1396440 949.5
1396450 942.4
1396460 935.3
1396470 935.3
1396480 930.2
1396490 927.0
1396500 927.0
1396510 926.4
1396520 925.4
1396530 923.2
1396540 923.2
1396550 923.0
1396560 923.3
1396570 923.3
1396580 925.4
1396590 925.1
1396600 925.1
1396610 925.9
1396620 926.0
1396630 926.0
1396640 926.1
1396650 926.6
1396660 926.6
1396670 927.7
1396680 928.2
1396690 928.2
1396700 928.3
1396710 928.1
1396720 927.7
1396730 927.7
1396740 927.5
1396750 927.6
1396760 927.6
1396770 928.0
1396780 927.9
1396790 927.9
1396800 928.0
1396810 928.1
1396820 928.1
1396830 928.3
1396840 928.4
1396850 928.4
1396860 928.4
1396870 928.4
1396880 928.4
1396890 928.4
1396900 928.4
1396910 928.4
1396920 928.5
1396930 928.5
1396940 928.6
1396950 928.6
1396960 928.7
1396970 929.0
1396980 929.0
1396990 929.0
1397000 929.1
1397010 929.1
1397020 929.2
1397030 929.1
1397040 929.1
1397050 929.1
1397060 929.1
1397070 929.1
1397080 929.0
1397090 929.3
1397100 929.3
1397110 929.1
1397120 929.0
1397130 929.1
1397140 929.1
1397150 929.4
1397160 929.5
1397170 929.5
1397180 929.4
1397190 929.4
1397200 929.4
1397210 929.4
1397220 929.4
1397230 929.4
1397240 929.3
1397250 929.4
1397260 929.4
1397270 930.1
1397280 931.2
1397290 931.2
1397300 933.6
1397310 938.4
1397320 938.4
1397330 944.9
1397340 951.8
1397350 959.7
1397360 959.7
1397370 967.6
1397380 978.6
1397390 978.6
1397400 986.7
1397410 992.1
1397420 992.1
1397430 998.4
1397440 1004.7
1397450 1004.7
1397460 1013.0
1397470 1020.5
1397480 1020.5
1397490 1024.0
1397500 1025.3
1397510 1025.3
1397520 1027.8
1397530 1031.8
1397540 1035.8
1397550 1035.8
1397560 1040.1
1397570 1044.8
1397580 1044.8
1397590 1050.4
1397600 1056.6
1397610 1056.6
1397620 1063.7
1397630 1071.9
1397640 1071.9
1397650 1079.9
1397660 1087.5
1397670 1087.5
1397680 1097.0
1397690 1106.4
1397700 1106.4
1397710 1113.7
1397720 1119.1
1397730 1124.3
1397740 1124.3
1397750 1129.9
1397760 1136.9
1397770 1136.9
1397780 1143.9
1397790 1150.7
1397800 1150.7
1397810 1157.0
1397820 1163.7
1397830 1163.7
1397840 1172.7
1397850 1183.3
1397860 1183.3
1397870 1191.5
1397880 1197.3
1397890 1197.3
1397900 1201.8
1397910 1207.7
1397920 1207.7
1397930 1214.0
1397940 1219.6
1397950 1225.0
1397960 1225.0
1397970 1229.5
1397980 1233.0
1397990 1233.0
1398000 1236.2
1398010 1238.4
1398020 1238.4
1398030 1238.5
1398040 1241.2
1398050 1241.2
1398060 1247.2
1398070 1251.5
1398080 1251.5
1398090 1255.4
1398100 1260.7
1398110 1260.7
1398120 1265.2
1398130 1268.8
1398140 1272.8
1398150 1272.8
1398160 1277.9
1398170 1282.8
1398180 1282.8
1398190 1287.3
1398200 1292.1
1398210 1292.1
1398220 1297.3
1398230 1303.3
1398240 1303.3
1398250 1308.3
1398260 1311.3
1398270 1311.3
1398280 1313.3
1398290 1315.6
1398300 1315.6
1398310 1319.6
1398320 1322.8
1398330 1325.3
1398340 1325.3
1398350 1327.6
1398360 1330.0
1398370 1330.0
1398380 1332.5
1398390 1335.1
1398400 1335.1
1398410 1337.7
1398420 1340.5
1398430 1340.5
1398440 1343.5
1398450 1346.6
1398460 1346.6
1398470 1349.6
1398480 1353.0
1398490 1353.0
1398500 1357.9
1398510 1363.3
1398520 1363.3
1398530 1368.8
1398540 1374.6
1398550 1380.9
1398560 1380.9
1398570 1386.8
1398580 1391.6
1398590 1391.6
1398600 1395.3
1398610 1398.6
1398620 1398.6
1398630 1401.5
1398640 1404.2
1398650 1404.2
1398660 1407.4
1398670 1411.4
1398680 1411.4
1398690 1415.2
1398700 1419.1
1398710 1419.1
1398720 1423.4
1398730 1428.7
1398740 1433.8
1398750 1433.8
1398760 1438.0
1398770 1442.8
1398780 1442.8
1398790 1448.0
1398800 1453.1
1398810 1453.1
1398820 1458.0
1398830 1462.6
1398840 1462.6
1398850 1467.1
1398860 1471.9
1398870 1471.9
1398880 1477.1
1398890 1483.2
1398900 1483.2
1398910 1488.8
1398920 1493.7
1398930 1493.7
1398940 1498.6
1398950 1505.6
1398960 1514.8
1398970 1514.8
1398980 1523.5
1398990 1531.1
1399000 1531.1
1399010 1538.4
1399020 1545.6
1399030 1545.6
1399040 1553.0
1399050 1560.0
1399060 1560.0
1399070 1566.2
1399080 1572.1
1399090 1572.1
1399100 1579.2
1399110 1586.5
1399120 1586.5
1399130 1591.5
1399140 1596.1
1399150 1599.9
1399160 1599.9
1399170 1603.6
1399180 1608.4
1399190 1608.4
1399200 1613.2
1399210 1617.6
1399220 1617.6
1399230 1622.4
1399240 1626.4
1399250 1626.4
1399260 1632.3
1399270 1639.7
1399280 1639.7
1399290 1647.3
1399300 1655.3
1399310 1652.7
1399320 1661.0
1399330 1669.8
1399340 1677.2
1399350 1677.2
1399360 1684.0
1399370 1690.9
1399380 1690.9
1399390 1696.3
1399400 1700.6
1399410 1700.6
1399420 1704.3
1399430 1709.2
1399440 1709.2
1399450 1714.3
1399460 1719.1
1399470 1719.1
1399480 1724.1
1399490 1728.6
1399500 1728.6
1399510 1733.3
1399520 1737.7
1399530 1737.7
1399540 1743.1
1399550 1749.3
1399560 1756.0
1399570 1756.0
1399580 1762.7
1399590 1769.3
1399600 1769.3
1399610 1775.8
1399620 1782.5
1399630 1782.5
1399640 1789.7
1399650 1797.2
1399660 1797.2
1399670 1805.2
1399680 1813.1
1399690 1813.1
1399700 1820.2
1399710 1826.7
1399720 1826.7
1399730 1834.7
1399740 1840.2
1399750 1848.3
1399760 1848.3
1399770 1858.0
1399780 1866.3
1399790 1866.3
1399800 1874.9
1399810 1884.0
1399820 1884.0
1399830 1894.9
1399840 1906.6
1399850 1906.6
1399860 1915.2
1399870 1922.4
1399880 1922.4
1399890 1929.3
1399900 1935.5
1399910 1935.5
1399920 1940.3
1399930 1944.9
1399940 1944.9
1399950 1950.1
1399960 1955.0
1399970 1959.2
1399980 1959.2
1399990 1963.6
