1380000 2044.5
1380010 2040.3
1380020 2040.3
1380030 2036.8
1380040 2033.6
1380050 2033.6
1380060 2029.9
1380070 2025.5
1380080 2025.5
1380090 2018.8
1380100 2009.2
1380110 1997.7
1380120 1997.7
1380130 1986.1
1380140 1978.8
1380150 1978.8
1380160 1974.9
1380170 1972.7
1380180 1972.7
1380190 1970.5
1380200 1968.0
1380210 1968.0
1380220 1964.5
1380230 1960.9
1380240 1960.9
1380250 1956.5
1380260 1951.7
1380270 1951.7
1380280 1947.3
1380290 1944.0
1380300 1940.6
1380310 1940.6
1380320 1937.2
1380330 1933.4
1380340 1933.4
1380350 1928.5
1380360 1924.4
1380370 1924.4
1380380 1921.3
1380390 1918.0
1380400 1918.0
1380410 1914.7
1380420 1911.1
1380430 1911.1
1380440 1903.7
1380450 1896.5
1380460 1896.5
1380470 1890.3
1380480 1886.5
1380490 1883.6
1380500 1883.6
1380510 1876.1
1380520 1870.0
1380530 1870.0
1380540 1866.5
1380550 1861.3
1380560 1861.3
1380570 1853.5
1380580 1845.2
1380590 1845.2
1380600 1837.6
1380610 1831.6
1380620 1831.6
1380630 1827.5
1380640 1822.7
1380650 1822.7
1380660 1816.8
1380670 1810.7
1380680 1810.7
1380690 1804.5
1380700 1798.3
1380710 1791.1
1380720 1791.1
1380730 1782.9
1380740 1775.1
1380750 1775.1
1380760 1768.7
1380770 1763.3
1380780 1763.3
1380790 1758.7
1380800 1755.0
1380810 1755.0
1380820 1751.2
1380830 1746.4
1380840 1746.4
1380850 1740.9
1380860 1733.8
1380870 1733.8
1380880 1726.1
1380890 1720.3
1380900 1715.9
1380910 1715.9
1380920 1711.9
1380930 1707.3
1380940 1707.3
1380950 1702.5
1380960 1696.8
1380970 1696.8
1380980 1691.2
1380990 1685.5
1381000 1685.5
1381010 1681.2
1381020 1677.6
1381030 1677.6
1381040 1674.0
1381050 1670.4
1381060 1670.4
1381070 1667.6
1381080 1664.7
1381090 1661.4
1381100 1661.4
1381110 1657.1
1381120 1652.9
1381130 1652.9
1381140 1647.8
1381150 1640.4
1381160 1638.5
1381170 1627.8
1381180 1617.8
1381190 1617.8
1381200 1609.5
1381210 1601.7
1381220 1601.7
1381230 1594.9
1381240 1592.8
1381250 1592.8
1381260 1594.6
1381270 1599.1
1381280 1599.1
1381290 1605.1
1381300 1610.5
1381310 1616.6
1381320 1616.6
1381330 1622.1
1381340 1627.3
1381350 1627.3
1381360 1632.5
1381370 1637.6
1381380 1637.6
1381390 1642.7
1381400 1648.0
1381410 1648.0
1381420 1652.8
1381430 1657.8
1381440 1657.8
1381450 1663.2
1381460 1667.2
1381470 1667.2
1381480 1669.5
1381490 1672.3
1381500 1675.8
1381510 1675.8
1381520 1680.2
1381530 1685.3
1381540 1685.3
1381550 1688.3
1381560 1691.4
1381570 1691.4
1381580 1695.2
1381590 1697.9
1381600 1697.9
1381610 1701.7
1381620 1709.4
1381630 1709.4
1381640 1717.0
1381650 1718.6
1381660 1718.6
1381670 1720.3
1381680 1723.2
1381690 1723.2
1381700 1727.3
1381710 1733.2
1381720 1739.6
1381730 1739.6
1381740 1747.3
1381750 1757.9
1381760 1757.9
1381770 1764.3
1381780 1764.4
1381790 1764.4
1381800 1765.9
1381810 1774.0
1381820 1774.0
1381830 1779.5
1381840 1781.0
1381850 1781.0
1381860 1782.2
1381870 1782.6
1381880 1782.6
1381890 1783.0
1381900 1781.2
1381910 1780.7
1381920 1780.7
1381930 1781.6
1381940 1784.7
1381950 1784.7
1381960 1788.9
1381970 1793.8
1381980 1793.8
1381990 1799.6
1382000 1805.7
1382010 1805.7
1382020 1810.7
1382030 1814.9
1382040 1814.9
1382050 1818.5
1382060 1821.6
1382070 1821.6
1382080 1824.9
1382090 1828.5
1382100 1832.5
1382110 1832.5
1382120 1837.5
1382130 1844.5
1382140 1844.5
1382150 1851.8
1382160 1858.1
1382170 1858.1
1382180 1863.9
1382190 1871.4
1382200 1871.4
1382210 1880.4
1382220 1889.4
1382230 1889.4
1382240 1897.6
1382250 1901.7
1382260 1901.7
1382270 1901.5
1382280 1900.3
1382290 1900.3
1382300 1897.0
1382310 1892.3
1382320 1888.8
1382330 1888.8
1382340 1889.5
1382350 1893.0
1382360 1893.0
1382370 1893.7
1382380 1891.8
1382390 1900.0
1382400 1897.9
1382410 1896.4
1382420 1896.4
1382430 1897.7
1382440 1906.3
1382450 1906.3
1382460 1915.8
1382470 1923.8
1382480 1923.8
1382490 1930.7
1382500 1936.0
1382510 1939.3
1382520 1939.3
1382530 1941.3
1382540 1940.7
1382550 1940.7
1382560 1936.4
1382570 1933.8
1382580 1933.8
1382590 1933.1
1382600 1936.6
1382610 1936.6
1382620 1940.9
1382630 1939.6
1382640 1939.6
1382650 1938.0
1382660 1940.4
1382670 1940.4
1382680 1940.9
1382690 1939.9
1382700 1944.6
1382710 1944.6
1382720 1947.0
1382730 1947.9
1382740 1947.9
1382750 1946.5
1382760 1942.9
1382770 1942.9
1382780 1947.3
1382790 1955.8
1382800 1955.8
1382810 1963.6
1382820 1971.1
1382830 1971.1
1382840 1978.5
1382850 1983.9
1382860 1983.9
1382870 1987.6
1382880 1992.7
1382890 1992.7
1382900 1998.7
1382910 2004.6
1382920 2011.1
1382930 2011.1
1382940 2018.8
1382950 2027.3
1382960 2027.3
1382970 2038.5
1382980 2047.3
1382990 2047.3
1383000 2053.6
1383010 2059.6
1383020 2059.6
1383030 2063.3
1383040 2065.6
1383050 2065.6
1383060 2067.4
1383070 2068.5
1383080 2068.5
1383090 2069.2
1383100 2069.8
1383110 2069.9
1383120 2069.9
1383130 2069.5
1383140 2068.3
1383150 2068.3
1383160 2066.4
1383170 2064.5
1383180 2064.5
1383190 2061.0
1383200 2056.1
1383210 2056.1
1383220 2051.9
1383230 2048.6
1383240 2048.6
1383250 2043.3
1383260 2037.2
1383270 2037.2
1383280 2031.1
1383290 2025.4
1383300 2020.4
1383310 2020.4
1383320 2016.2
1383330 2011.6
1383340 2011.6
1383350 2005.7
1383360 1998.4
1383370 1998.4
1383380 1991.8
1383390 1986.1
1383400 1986.1
1383410 1979.9
1383420 1972.3
1383430 1972.3
1383440 1964.8
1383450 1957.0
1383460 1957.0
1383470 1949.2
1383480 1942.2
1383490 1942.2
1383500 1935.3
1383510 1928.4
1383520 1921.5
1383530 1921.5
1383540 1914.9
1383550 1908.3
1383560 1908.3
1383570 1901.5
1383580 1894.4
1383590 1894.4
1383600 1887.3
1383610 1880.2
1383620 1880.2
1383630 1870.2
1383640 1863.6
1383650 1863.6
1383660 1856.4
1383670 1848.4
1383680 1848.4
1383690 1840.0
1383700 1830.3
1383710 1821.2
1383720 1821.2
1383730 1811.9
1383740 1803.1
1383750 1803.1
1383760 1793.8
1383770 1785.3
1383780 1785.3
1383790 1777.4
1383800 1769.8
1383810 1769.8
1383820 1762.7
1383830 1757.2
1383840 1757.2
1383850 1753.6
1383860 1749.5
1383870 1749.5
1383880 1745.1
1383890 1740.9
1383900 1740.9
1383910 1736.7
1383920 1733.2
1383930 1730.3
1383940 1730.3
1383950 1727.3
1383960 1722.5
1383970 1722.5
1383980 1716.6
1383990 1709.2
1384000 1709.2
1384010 1702.5
1384020 1696.6
1384030 1696.6
1384040 1691.0
1384050 1685.0
1384060 1685.0
1384070 1678.2
1384080 1672.0
1384090 1672.0
1384100 1666.5
1384110 1661.0
1384120 1655.7
1384130 1655.7
1384140 1650.6
1384150 1644.2
1384160 1644.2
1384170 1637.8
1384180 1630.3
1384190 1630.3
1384200 1623.0
1384210 1617.0
1384220 1617.0
1384230 1611.7
1384240 1606.4
1384250 1606.4
1384260 1602.0
1384270 1597.3
1384280 1597.3
1384290 1592.6
1384300 1586.2
1384310 1579.6
1384320 1579.6
1384330 1573.6
1384340 1568.7
1384350 1568.7
1384360 1566.0
1384370 1563.9
1384380 1563.9
1384390 1556.9
1384400 1546.6
1384410 1546.6
1384420 1534.6
1384430 1525.5
1384440 1525.5
1384450 1517.1
1384460 1508.4
1384470 1508.4
1384480 1501.8
1384490 1501.3
1384500 1501.3
1384510 1504.7
1384520 1514.4
1384530 1523.5
1384540 1523.5
1384550 1528.9
1384560 1532.4
1384570 1532.4
1384580 1536.2
1384590 1541.8
1384600 1541.8
1384610 1549.1
1384620 1556.3
1384630 1556.3
1384640 1562.1
1384650 1567.9
1384660 1567.9
1384670 1573.2
1384680 1579.1
1384690 1579.1
1384700 1587.0
1384710 1593.4
1384720 1596.8
1384730 1596.8
1384740 1600.5
1384750 1601.8
1384760 1601.8
1384770 1603.5
1384780 1606.6
1384790 1606.6
1384800 1610.5
1384810 1613.4
1384820 1613.4
1384830 1614.8
1384840 1616.6
1384850 1616.6
1384860 1620.4
1384870 1624.1
1384880 1624.1
1384890 1625.7
1384900 1631.8
1384910 1632.6
1384920 1632.6
1384930 1631.3
1384940 1630.0
1384950 1630.0
1384960 1630.1
1384970 1629.7
1384980 1629.7
1384990 1626.0
1385000 1620.3
1385010 1620.3
1385020 1613.2
1385030 1605.0
1385040 1605.0
1385050 1597.9
1385060 1592.5
1385070 1592.5
1385080 1589.1
1385090 1588.8
1385100 1588.8
1385110 1589.7
1385120 1586.6
1385130 1583.6
1385140 1583.6
1385150 1579.0
1385160 1573.5
1385170 1573.5
1385180 1568.1
1385190 1562.0
1385200 1562.0
1385210 1556.0
1385220 1551.8
1385230 1551.8
1385240 1549.0
1385250 1546.0
1385260 1546.0
1385270 1544.8
1385280 1550.7
1385290 1550.7
1385300 1559.5
1385310 1569.9
1385320 1582.9
1385330 1582.9
1385340 1593.0
1385350 1600.7
1385360 1600.7
1385370 1607.5
1385380 1612.9
1385390 1612.9
1385400 1617.7
1385410 1623.2
1385420 1623.2
1385430 1628.7
1385440 1633.9
1385450 1633.9
1385460 1639.4
1385470 1646.1
1385480 1646.1
1385490 1652.5
1385500 1658.6
1385510 1658.6
1385520 1664.5
1385530 1670.3
1385540 1676.0
1385550 1676.0
1385560 1682.2
1385570 1688.8
1385580 1688.8
1385590 1695.1
1385600 1701.6
1385610 1701.6
1385620 1708.1
1385630 1715.2
1385640 1715.2
1385650 1723.2
1385660 1730.9
1385670 1730.9
1385680 1737.6
1385690 1744.3
1385700 1744.3
1385710 1750.7
1385720 1756.7
1385730 1761.0
1385740 1761.0
1385750 1765.3
1385760 1770.3
1385770 1770.3
1385780 1776.8
1385790 1783.4
1385800 1783.4
1385810 1791.6
1385820 1799.6
1385830 1799.6
1385840 1807.6
1385850 1815.3
1385860 1815.3
1385870 1822.8
1385880 1830.0
1385890 1830.0
1385900 1836.4
1385910 1843.1
1385920 1850.0
1385930 1850.0
1385940 1855.1
1385950 1861.3
1385960 1861.3
1385970 1867.0
1385980 1872.4
1385990 1872.4
1386000 1877.2
1386010 1882.0
1386020 1882.0
1386030 1885.5
1386040 1890.0
1386050 1890.0
1386060 1893.8
1386070 1897.3
1386080 1897.3
1386090 1901.4
1386100 1905.8
1386110 1905.8
1386120 1910.6
1386130 1915.1
1386140 1919.0
1386150 1919.0
1386160 1922.7
1386170 1928.8
1386180 1928.8
1386190 1932.3
1386200 1935.7
1386210 1935.7
1386220 1939.2
1386230 1942.4
1386240 1942.4
1386250 1945.0
1386260 1947.6
1386270 1947.6
1386280 1949.8
1386290 1951.9
1386300 1951.9
1386310 1953.8
1386320 1955.9
1386330 1958.6
1386340 1958.6
1386350 1961.5
1386360 1964.4
1386370 1964.4
1386380 1966.6
1386390 1968.6
1386400 1968.6
1386410 1970.1
1386420 1971.2
1386430 1971.2
1386440 1972.4
1386450 1973.4
1386460 1973.4
1386470 1973.7
1386480 1973.9
1386490 1973.9
1386500 1973.7
1386510 1973.4
1386520 1973.4
1386530 1973.3
1386540 1973.4
1386550 1973.6
1386560 1973.6
1386570 1973.7
1386580 1973.1
1386590 1973.1
1386600 1972.7
1386610 1972.5
1386620 1972.5
1386630 1972.1
1386640 1971.4
1386650 1971.4
1386660 1971.2
1386670 1972.0
1386680 1972.0
1386690 1974.2
1386700 1975.9
1386710 1975.9
1386720 1976.4
1386730 1977.4
1386740 1977.0
1386750 1977.0
1386760 1976.3
1386770 1976.2
1386780 1976.2
1386790 1977.2
1386800 1977.9
1386810 1977.9
1386820 1977.8
1386830 1978.1
1386840 1978.1
1386850 1978.5
1386860 1978.1
1386870 1978.1
1386880 1979.2
1386890 1980.8
1386900 1980.8
1386910 1982.0
1386920 1982.6
1386930 1982.6
1386940 1982.6
1386950 1982.6
1386960 1982.6
1386970 1982.6
1386980 1981.9
1386990 1982.5
1387000 1982.5
1387010 1984.8
1387020 1986.0
1387030 1986.0
1387040 1986.0
1387050 1985.4
1387060 1985.4
1387070 1984.4
1387080 1983.4
1387090 1983.4
1387100 1984.0
1387110 1985.8
1387120 1985.8
1387130 1988.4
1387140 1990.4
1387150 1991.9
1387160 1991.9
1387170 1993.2
1387180 1994.6
1387190 1994.6
1387200 1997.3
1387210 1998.9
1387220 1998.9
1387230 2000.5
1387240 2002.2
1387250 2002.2
1387260 2003.8
1387270 2005.2
1387280 2005.2
1387290 2005.9
1387300 2004.3
1387310 2004.3
1387320 2004.0
1387330 2003.8
1387340 2002.6
1387350 2002.6
1387360 1999.8
1387370 1995.8
1387380 1995.8
1387390 1989.5
1387400 1982.4
1387410 1982.4
1387420 1975.3
1387430 1968.1
1387440 1968.1
1387450 1961.9
1387460 1956.5
1387470 1956.5
1387480 1950.6
1387490 1944.6
1387500 1944.6
1387510 1938.9
1387520 1934.3
1387530 1930.1
1387540 1930.1
1387550 1924.7
1387560 1919.0
1387570 1919.0
1387580 1913.6
1387590 1908.2
1387600 1908.2
1387610 1902.7
1387620 1896.6
1387630 1896.6
1387640 1890.4
1387650 1884.1
1387660 1884.1
1387670 1877.7
1387680 1871.4
1387690 1871.4
1387700 1864.7
1387710 1857.4
1387720 1857.4
1387730 1850.4
1387740 1843.8
1387750 1836.3
1387760 1836.3
1387770 1828.7
1387780 1820.7
1387790 1820.7
1387800 1812.4
1387810 1804.9
1387820 1804.9
1387830 1798.1
1387840 1792.1
1387850 1792.1
1387860 1786.4
1387870 1780.1
1387880 1780.1
1387890 1774.6
1387900 1769.3
1387910 1769.3
1387920 1764.9
1387930 1759.6
1387940 1753.6
1387950 1753.6
1387960 1746.8
1387970 1739.6
1387980 1739.6
1387990 1732.3
1388000 1724.2
1388010 1724.2
1388020 1716.1
1388030 1707.9
1388040 1707.9
1388050 1700.3
1388060 1692.3
1388070 1692.3
1388080 1679.7
1388090 1662.4
1388100 1662.4
1388110 1648.7
1388120 1631.8
1388130 1618.3
1388140 1618.3
1388150 1608.3
1388160 1599.7
1388170 1599.7
1388180 1592.1
1388190 1583.4
1388200 1583.4
1388210 1576.7
1388220 1566.2
1388230 1566.2
1388240 1555.2
1388250 1545.7
1388260 1545.7
1388270 1533.4
1388280 1525.9
1388290 1525.9
1388300 1524.5
1388310 1528.2
1388320 1528.2
1388330 1536.3
1388340 1550.5
1388350 1566.5
1388360 1566.5
1388370 1579.2
1388380 1590.8
1388390 1590.8
1388400 1601.1
1388410 1613.3
1388420 1613.3
1388430 1629.6
1388440 1643.3
1388450 1643.3
1388460 1655.8
1388470 1669.7
1388480 1669.7
1388490 1680.1
1388500 1687.3
1388510 1687.3
1388520 1694.7
1388530 1702.1
1388540 1709.4
1388550 1709.4
1388560 1717.1
1388570 1724.4
1388580 1724.4
1388590 1732.0
1388600 1739.8
1388610 1739.8
1388620 1747.7
1388630 1754.6
1388640 1754.6
1388650 1760.8
1388660 1767.4
1388670 1767.4
1388680 1773.7
1388690 1779.8
1388700 1779.8
1388710 1786.4
1388720 1794.1
1388730 1794.1
1388740 1799.9
1388750 1804.1
1388760 1807.7
1388770 1807.7
1388780 1817.1
1388790 1820.0
1388800 1820.0
1388810 1822.2
1388820 1823.1
1388830 1823.1
1388840 1824.1
1388850 1823.9
1388860 1823.9
1388870 1823.1
1388880 1821.5
1388890 1821.5
1388900 1818.3
1388910 1813.9
1388920 1813.9
1388930 1810.6
1388940 1809.3
1388950 1808.0
1388960 1808.0
1388970 1805.6
1388980 1803.1
1388990 1803.1
1389000 1800.7
1389010 1798.2
1389020 1798.2
1389030 1795.3
1389040 1792.7
1389050 1792.7
1389060 1790.4
1389070 1787.5
1389080 1787.5
1389090 1783.5
1389100 1779.2
1389110 1779.2
1389120 1775.3
1389130 1771.4
1389140 1767.7
1389150 1767.7
1389160 1763.4
1389170 1758.1
1389180 1758.1
1389190 1750.7
1389200 1741.1
1389210 1741.1
1389220 1730.8
1389230 1720.6
1389240 1720.6
1389250 1711.8
1389260 1703.1
1389270 1703.1
1389280 1694.8
1389290 1687.0
1389300 1687.0
1389310 1678.6
1389320 1669.6
1389330 1669.6
1389340 1661.1
1389350 1652.2
1389360 1645.0
1389370 1645.0
1389380 1637.2
1389390 1628.6
1389400 1628.6
1389410 1619.9
1389420 1612.6
1389430 1612.6
1389440 1605.1
1389450 1596.2
1389460 1596.2
1389470 1585.6
1389480 1578.2
1389490 1578.2
1389500 1571.0
1389510 1564.5
1389520 1564.5
1389530 1562.4
1389540 1568.6
1389550 1576.2
1389560 1576.2
1389570 1584.9
1389580 1591.7
1389590 1591.7
1389600 1596.5
1389610 1600.7
1389620 1600.7
1389630 1606.6
1389640 1613.2
1389650 1613.2
1389660 1619.5
1389670 1627.1
1389680 1627.1
1389690 1636.2
1389700 1645.4
1389710 1645.4
1389720 1655.7
1389730 1667.3
1389740 1677.6
1389750 1677.6
1389760 1687.8
1389770 1697.4
1389780 1697.4
1389790 1705.6
1389800 1713.1
1389810 1713.1
1389820 1724.8
1389830 1736.2
1389840 1736.2
1389850 1744.3
1389860 1750.4
1389870 1750.4
1389880 1756.2
1389890 1762.6
1389900 1762.6
1389910 1770.0
1389920 1777.8
1389930 1777.8
1389940 1784.7
1389950 1789.5
1389960 1793.0
1389970 1793.0
1389980 1793.5
1389990 1792.9
1390000 1792.9
1390010 1791.4
1390020 1789.7
1390030 1789.7
1390040 1786.7
1390050 1783.0
1390060 1783.0
1390070 1780.1
1390080 1777.7
1390090 1777.7
1390100 1775.1
1390110 1775.7
1390120 1775.7
1390130 1773.1
1390140 1770.5
1390150 1768.2
1390160 1768.2
1390170 1765.9
1390180 1763.2
1390190 1763.2
1390200 1760.0
1390210 1755.3
1390220 1755.3
1390230 1751.0
1390240 1746.8
1390250 1746.8
1390260 1742.7
1390270 1738.6
1390280 1738.6
1390290 1734.6
1390300 1731.0
1390310 1731.0
1390320 1727.3
1390330 1724.0
1390340 1724.0
1390350 1720.1
1390360 1715.6
1390370 1712.1
1390380 1712.1
1390390 1707.7
1390400 1703.0
1390410 1703.0
1390420 1699.6
1390430 1696.6
1390440 1696.6
1390450 1694.7
1390460 1692.6
1390470 1692.6
1390480 1688.9
1390490 1684.3
1390500 1684.3
1390510 1679.1
1390520 1674.0
1390530 1674.0
1390540 1669.3
1390550 1664.9
1390560 1659.8
1390570 1659.8
1390580 1653.1
1390590 1646.2
1390600 1646.2
1390610 1639.7
1390620 1633.8
1390630 1633.8
1390640 1628.5
1390650 1623.4
1390660 1623.4
1390670 1618.7
1390680 1614.0
1390690 1614.0
1390700 1608.4
1390710 1602.1
1390720 1602.1
1390730 1595.5
1390740 1587.5
1390750 1575.8
1390760 1575.8
1390770 1565.4
1390780 1555.9
1390790 1555.9
1390800 1546.8
1390810 1537.7
1390820 1537.7
1390830 1529.1
1390840 1520.7
1390850 1520.7
1390860 1512.8
1390870 1505.3
1390880 1505.3
1390890 1498.0
1390900 1490.8
1390910 1490.8
1390920 1483.5
1390930 1477.7
1390940 1477.7
1390950 1473.5
1390960 1466.3
1390970 1459.4
1390980 1459.4
1390990 1452.6
1391000 1447.8
1391010 1447.8
1391020 1442.6
1391030 1438.4
1391040 1438.4
1391050 1433.1
1391060 1429.8
1391070 1429.8
1391080 1429.3
1391090 1429.4
1391100 1429.4
1391110 1430.0
1391120 1428.9
1391130 1428.9
1391140 1432.5
1391150 1436.0
1391160 1432.3
1391170 1432.3
1391180 1424.5
1391190 1417.5
1391200 1417.5
1391210 1415.4
1391220 1417.3
1391230 1417.3
1391240 1411.0
1391250 1401.8
1391260 1401.8
1391270 1398.9
1391280 1410.5
1391290 1410.5
1391300 1424.8
1391310 1436.8
1391320 1436.8
1391330 1444.7
1391340 1451.6
1391350 1458.8
1391360 1458.8
1391370 1466.4
1391380 1474.3
1391390 1474.3
1391400 1480.5
1391410 1486.4
1391420 1486.4
1391430 1491.5
1391440 1496.5
1391450 1496.5
1391460 1506.1
1391470 1511.6
1391480 1511.6
1391490 1516.4
1391500 1520.5
1391510 1520.5
1391520 1524.1
1391530 1530.6
1391540 1530.6
1391550 1536.6
1391560 1540.9
1391570 1543.1
1391580 1543.1
1391590 1544.8
1391600 1549.0
1391610 1549.0
1391620 1553.8
1391630 1558.8
1391640 1558.8
1391650 1565.1
1391660 1571.3
1391670 1571.3
1391680 1576.2
1391690 1580.5
1391700 1580.5
1391710 1583.9
1391720 1588.2
1391730 1588.2
1391740 1592.4
1391750 1595.4
1391760 1598.1
1391770 1598.1
1391780 1601.0
1391790 1604.7
1391800 1604.7
1391810 1608.5
1391820 1611.1
1391830 1611.1
1391840 1612.9
1391850 1615.2
1391860 1615.2
1391870 1618.3
1391880 1620.4
1391890 1620.4
1391900 1621.9
1391910 1623.9
1391920 1623.9
1391930 1625.6
1391940 1627.0
1391950 1627.0
1391960 1629.0
1391970 1630.5
1391980 1631.3
1391990 1631.3
1392000 1632.1
1392010 1634.0
1392020 1634.0
1392030 1634.9
1392040 1635.5
1392050 1635.5
1392060 1636.6
1392070 1637.3
1392080 1637.3
1392090 1636.3
1392100 1635.0
1392110 1635.0
1392120 1634.7
1392130 1633.0
1392140 1633.0
1392150 1631.7
1392160 1632.0
1392170 1632.6
1392180 1632.6
1392190 1633.9
1392200 1635.2
1392210 1635.2
1392220 1634.8
1392230 1634.1
1392240 1634.1
1392250 1632.8
1392260 1633.0
1392270 1633.0
1392280 1633.0
1392290 1631.7
1392300 1631.7
1392310 1630.3
1392320 1628.4
1392330 1628.4
1392340 1625.3
1392350 1622.4
1392360 1620.7
1392370 1620.7
1392380 1617.7
1392390 1614.8
1392400 1614.8
1392410 1613.2
1392420 1611.3
1392430 1611.3
1392440 1609.7
1392450 1608.0
1392460 1608.0
1392470 1606.0
1392480 1604.2
1392490 1604.2
1392500 1602.8
1392510 1601.5
1392520 1601.5
1392530 1599.8
1392540 1598.2
1392550 1598.2
1392560 1595.4
1392570 1593.1
1392580 1591.1
1392590 1591.1
1392600 1589.4
1392610 1588.2
1392620 1588.2
1392630 1587.4
1392640 1586.7
1392650 1586.7
1392660 1585.2
1392670 1581.1
1392680 1581.1
1392690 1578.7
1392700 1576.5
1392710 1576.5
1392720 1573.3
1392730 1571.2
1392740 1571.2
1392750 1568.8
1392760 1566.2
1392770 1563.3
1392780 1563.3
1392790 1559.8
1392800 1554.1
1392810 1554.1
1392820 1546.0
1392830 1543.2
1392840 1543.2
1392850 1537.0
1392860 1530.9
1392870 1530.9
1392880 1524.2
1392890 1517.8
1392900 1517.8
1392910 1511.5
1392920 1505.3
1392930 1505.3
1392940 1498.5
1392950 1491.9
1392960 1485.0
1392970 1485.0
1392980 1476.4
1392990 1464.2
1393000 1464.2
1393010 1452.8
1393020 1442.6
1393030 1442.6
1393040 1436.0
1393050 1441.7
1393060 1441.7
1393070 1454.0
1393080 1464.4
1393090 1464.4
1393100 1474.2
1393110 1484.2
1393120 1484.2
1393130 1493.3
1393140 1502.0
1393150 1502.0
1393160 1510.5
1393170 1518.6
1393180 1527.0
1393190 1527.0
1393200 1536.1
1393210 1545.2
1393220 1545.2
1393230 1553.9
1393240 1560.5
1393250 1560.5
1393260 1563.0
1393270 1564.9
1393280 1564.9
1393290 1567.3
1393300 1569.3
1393310 1569.3
1393320 1571.8
1393330 1573.3
1393340 1573.3
1393350 1573.1
1393360 1571.6
1393370 1569.8
1393380 1569.8
1393390 1568.2
1393400 1567.0
1393410 1567.0
1393420 1565.6
1393430 1564.2
1393440 1564.2
1393450 1562.9
1393460 1562.3
1393470 1562.3
1393480 1561.9
1393490 1561.1
1393500 1561.1
1393510 1561.0
1393520 1561.3
1393530 1561.3
1393540 1560.9
1393550 1559.2
1393560 1556.3
1393570 1556.3
1393580 1553.0
1393590 1550.3
1393600 1550.3
1393610 1547.0
1393620 1544.3
1393630 1544.3
1393640 1542.9
1393650 1542.5
1393660 1542.5
1393670 1543.9
1393680 1545.4
1393690 1545.4
1393700 1547.7
1393710 1549.1
1393720 1549.1
1393730 1550.6
1393740 1551.1
1393750 1551.1
1393760 1551.1
1393770 1550.1
1393780 1548.4
1393790 1548.4
1393800 1546.7
1393810 1544.6
1393820 1544.6
1393830 1541.9
1393840 1539.3
1393850 1539.3
1393860 1536.8
1393870 1533.3
1393880 1533.3
1393890 1529.9
1393900 1526.9
1393910 1526.9
1393920 1523.3
1393930 1518.4
1393940 1518.4
1393950 1514.0
1393960 1510.4
1393970 1507.0
1393980 1507.0
1393990 1504.0
1394000 1499.1
1394010 1499.1
1394020 1493.1
1394030 1491.4
1394040 1491.4
1394050 1491.7
1394060 1495.9
1394070 1495.9
1394080 1498.5
1394090 1498.5
1394100 1498.5
1394110 1497.2
1394120 1496.6
1394130 1496.6
1394140 1496.8
1394150 1496.6
1394160 1496.6
1394170 1496.9
1394180 1496.0
1394190 1495.4
1394200 1495.4
1394210 1495.3
1394220 1501.2
1394230 1501.2
1394240 1501.1
1394250 1500.8
1394260 1500.8
1394270 1499.2
1394280 1498.2
1394290 1498.2
1394300 1497.8
1394310 1497.4
1394320 1497.4
1394330 1496.5
1394340 1494.7
1394350 1494.7
1394360 1492.3
1394370 1489.3
1394380 1484.7
1394390 1484.7
1394400 1478.7
1394410 1473.8
1394420 1473.8
1394430 1470.7
1394440 1467.4
1394450 1467.4
1394460 1463.2
1394470 1459.0
1394480 1459.0
1394490 1456.3
1394500 1452.5
1394510 1452.5
1394520 1450.0
1394530 1446.1
1394540 1446.1
1394550 1440.7
1394560 1434.8
1394570 1427.8
1394580 1427.8
1394590 1419.8
1394600 1412.2
1394610 1412.2
1394620 1403.1
1394630 1393.4
1394640 1393.4
1394650 1388.1
1394660 1385.3
1394670 1385.3
1394680 1381.4
1394690 1376.1
1394700 1376.1
1394710 1369.3
1394720 1364.4
1394730 1364.4
1394740 1360.7
1394750 1357.2
1394760 1357.2
1394770 1352.5
1394780 1347.7
1394790 1344.6
1394800 1344.6
1394810 1343.0
1394820 1342.0
1394830 1342.0
1394840 1340.4
1394850 1337.5
1394860 1337.5
1394870 1334.2
1394880 1330.7
1394890 1330.7
1394900 1326.2
1394910 1322.0
1394920 1322.0
1394930 1318.4
1394940 1316.2
1394950 1316.2
1394960 1314.8
1394970 1312.1
1394980 1308.5
1394990 1308.5
1395000 1303.7
1395010 1298.5
1395020 1298.5
1395030 1293.3
1395040 1288.3
1395050 1288.3
1395060 1283.7
1395070 1279.5
1395080 1279.5
1395090 1275.3
1395100 1271.6
1395110 1271.6
1395120 1266.9
1395130 1258.4
1395140 1258.4
1395150 1247.9
1395160 1236.1
1395170 1221.6
1395180 1221.6
1395190 1209.6
1395200 1198.7
1395210 1198.7
1395220 1189.1
1395230 1181.2
1395240 1181.2
1395250 1174.1
1395260 1167.3
1395270 1167.3
1395280 1160.8
1395290 1154.1
1395300 1154.1
1395310 1149.7
1395320 1146.7
1395330 1146.7
1395340 1144.0
1395350 1141.7
1395360 1141.7
1395370 1138.4
1395380 1135.1
1395390 1132.4
1395400 1132.4
1395410 1130.1
1395420 1128.3
1395430 1128.3
1395440 1125.5
1395450 1120.7
1395460 1120.7
1395470 1116.0
1395480 1111.7
1395490 1111.7
1395500 1107.5
1395510 1103.9
1395520 1103.9
1395530 1100.5
1395540 1097.7
1395550 1097.7
1395560 1095.6
1395570 1093.4
1395580 1091.3
1395590 1091.3
1395600 1089.3
1395610 1087.7
1395620 1087.7
1395630 1087.1
1395640 1085.1
1395650 1085.1
1395660 1084.4
1395670 1083.0
1395680 1083.0
1395690 1082.5
1395700 1081.2
1395710 1081.2
1395720 1079.6
1395730 1077.9
1395740 1077.9
1395750 1076.2
1395760 1074.3
1395770 1074.3
1395780 1071.6
1395790 1068.7
1395800 1066.3
1395810 1066.3
1395820 1064.3
1395830 1062.6
1395840 1062.6
1395850 1060.4
1395860 1058.1
1395870 1058.1
1395880 1055.5
1395890 1053.1
1395900 1053.1
1395910 1050.5
1395920 1048.5
1395930 1048.5
1395940 1047.0
1395950 1045.4
1395960 1045.4
1395970 1044.0
1395980 1042.5
1395990 1040.8
1396000 1040.8
1396010 1039.2
1396020 1037.5
1396030 1037.5
1396040 1035.8
1396050 1034.4
1396060 1034.4
1396070 1032.8
1396080 1031.1
1396090 1031.1
1396100 1029.5
1396110 1027.5
1396120 1027.5
1396130 1025.7
1396140 1024.4
1396150 1024.4
1396160 1023.2
1396170 1021.4
1396180 1019.6
1396190 1019.6
1396200 1017.9
1396210 1016.4
1396220 1016.4
1396230 1015.1
1396240 1013.5
1396250 1013.5
1396260 1012.0
1396270 1011.2
1396280 1011.2
1396290 1010.0
1396300 1008.5
1396310 1008.5
1396320 1006.6
1396330 1004.1
1396340 1004.1
1396350 1002.0
1396360 999.1
1396370 999.1
1396380 995.3
1396390 987.9
1396400 980.3
1396410 980.3
1396420 971.7
1396430 960.8
1396440 960.8
1396450 949.2
1396460 939.9
1396470 939.9
1396480 932.0
1396490 927.0
1396500 927.0
1396510 923.4
1396520 922.6
1396530 922.6
1396540 922.7
1396550 924.8
1396560 924.8
1396570 924.9
1396580 926.3
1396590 927.0
1396600 927.0
1396610 927.4
1396620 927.7
1396630 927.7
1396640 928.1
1396650 928.4
1396660 928.4
1396670 928.5
1396680 928.4
1396690 928.4
1396700 928.3
1396710 928.1
1396720 928.1
1396730 928.0
1396740 927.9
1396750 927.9
1396760 927.8
1396770 927.8
1396780 927.9
1396790 927.9
1396800 927.9
1396810 927.7
1396820 927.7
1396830 927.6
1396840 927.5
1396850 927.5
1396860 927.5
1396870 927.5
1396880 927.5
1396890 927.5
1396900 927.6
1396910 927.6
1396920 927.6
1396930 927.7
1396940 927.7
1396950 928.3
1396960 928.3
1396970 928.3
1396980 928.2
1396990 928.2
1397000 928.2
1397010 928.2
1397020 928.4
1397030 928.6
1397040 928.6
1397050 928.5
1397060 928.5
1397070 928.5
1397080 928.8
1397090 929.1
1397100 929.1
1397110 928.9
1397120 928.9
1397130 928.9
1397140 929.0
1397150 929.1
1397160 929.1
1397170 929.2
1397180 929.3
1397190 929.4
1397200 929.4
1397210 929.6
1397220 929.8
1397230 929.8
1397240 930.3
1397250 930.9
1397260 930.9
1397270 931.5
1397280 932.0
1397290 932.0
1397300 932.5
1397310 933.0
1397320 933.0
1397330 933.5
1397340 934.5
1397350 934.5
1397360 937.2
1397370 944.1
1397380 944.1
1397390 951.1
1397400 957.9
1397410 964.0
1397420 964.0
1397430 969.9
1397440 975.6
1397450 975.6
1397460 979.5
1397470 984.2
1397480 984.2
1397490 988.4
1397500 994.5
1397510 994.5
1397520 1000.0
1397530 1004.4
1397540 1004.4
1397550 1006.2
1397560 1001.4
1397570 1001.4
1397580 997.3
1397590 995.2
1397600 1001.1
1397610 1001.1
1397620 1018.1
1397630 1042.4
1397640 1042.4
1397650 1055.1
1397660 1060.6
1397670 1060.6
1397680 1064.7
1397690 1074.3
1397700 1074.3
1397710 1092.3
1397720 1106.9
1397730 1106.9
1397740 1113.0
1397750 1119.5
1397760 1119.5
1397770 1126.6
1397780 1133.4
1397790 1140.4
1397800 1140.4
1397810 1148.5
1397820 1157.2
1397830 1157.2
1397840 1164.3
1397850 1170.4
1397860 1170.4
1397870 1174.7
1397880 1179.0
1397890 1179.0
1397900 1183.1
1397910 1183.0
1397920 1183.0
1397930 1181.3
1397940 1183.3
1397950 1183.3
1397960 1187.3
1397970 1196.8
1397980 1196.8
1397990 1203.8
1398000 1208.8
1398010 1212.7
1398020 1212.7
1398030 1217.6
1398040 1222.7
1398050 1222.7
1398060 1227.3
1398070 1232.1
1398080 1232.1
1398090 1236.5
1398100 1240.0
1398110 1240.0
1398120 1243.0
1398130 1249.0
1398140 1249.0
1398150 1255.3
1398160 1260.2
1398170 1260.2
1398180 1266.1
1398190 1271.5
1398200 1274.7
1398210 1274.7
1398220 1277.6
1398230 1281.0
1398240 1281.0
1398250 1284.6
1398260 1288.4
1398270 1288.4
1398280 1292.2
1398290 1295.6
1398300 1295.6
1398310 1298.2
1398320 1300.1
1398330 1300.1
1398340 1302.0
1398350 1304.7
1398360 1304.7
1398370 1307.1
1398380 1309.5
1398390 1313.0
1398400 1313.0
1398410 1316.5
1398420 1319.9
1398430 1319.9
1398440 1324.1
1398450 1330.0
1398460 1330.0
1398470 1335.9
1398480 1341.2
1398490 1341.2
1398500 1346.4
1398510 1352.1
1398520 1351.0
1398530 1356.9
1398540 1363.7
1398550 1363.7
1398560 1370.8
1398570 1378.0
1398580 1378.0
1398590 1385.4
1398600 1392.5
1398610 1399.6
1398620 1399.6
1398630 1405.8
1398640 1411.2
1398650 1411.2
1398660 1415.2
1398670 1418.6
1398680 1418.6
1398690 1422.7
1398700 1426.8
1398710 1426.8
1398720 1430.4
1398730 1433.3
1398740 1433.3
1398750 1436.5
1398760 1440.9
1398770 1440.9
1398780 1445.7
1398790 1450.5
1398800 1455.8
1398810 1455.8
1398820 1460.5
1398830 1464.4
1398840 1464.4
1398850 1468.7
1398860 1473.1
1398870 1473.1
1398880 1477.4
1398890 1481.6
1398900 1481.6
1398910 1486.0
1398920 1490.8
1398930 1490.8
1398940 1496.9
1398950 1503.5
1398960 1503.5
1398970 1509.9
1398980 1516.1
1398990 1516.1
1399000 1522.2
1399010 1528.4
1399020 1534.4
1399030 1534.4
1399040 1540.1
1399050 1546.1
1399060 1546.1
1399070 1551.6
1399080 1556.9
1399090 1556.9
1399100 1561.4
1399110 1565.3
1399120 1565.3
1399130 1569.8
1399140 1574.9
1399150 1574.9
1399160 1580.5
1399170 1586.1
1399180 1586.1
1399190 1590.5
1399200 1594.7
1399210 1599.5
1399220 1599.5
1399230 1603.8
1399240 1608.2
1399250 1608.2
1399260 1613.0
1399270 1619.0
1399280 1619.0
1399290 1626.4
1399300 1634.0
1399310 1634.0
1399320 1640.9
1399330 1648.5
1399340 1648.5
1399350 1656.4
1399360 1663.7
1399370 1663.7
1399380 1670.2
1399390 1676.2
1399400 1681.6
1399410 1681.6
1399420 1686.5
1399430 1690.8
1399440 1690.8
1399450 1694.7
1399460 1699.2
1399470 1699.2
1399480 1703.7
1399490 1708.5
1399500 1708.5
1399510 1713.3
1399520 1716.1
1399530 1716.1
1399540 1721.5
1399550 1727.7
1399560 1727.7
1399570 1733.7
1399580 1738.0
1399590 1738.0
1399600 1740.9
1399610 1742.7
1399620 1742.9
1399630 1742.9
1399640 1746.0
1399650 1752.4
1399660 1752.4
1399670 1761.7
1399680 1776.2
1399690 1776.2
1399700 1789.3
1399710 1799.5
1399720 1799.5
1399730 1809.8
1399740 1817.6
1399750 1817.6
1399760 1823.8
1399770 1829.3
1399780 1829.3
1399790 1834.9
1399800 1842.3
1399810 1851.1
1399820 1851.1
1399830 1857.3
1399840 1861.2
1399850 1861.2
1399860 1866.3
1399870 1873.3
1399880 1873.3
1399890 1881.1
1399900 1889.8
1399910 1889.8
1399920 1896.5
1399930 1900.2
1399940 1900.2
1399950 1906.2
1399960 1913.9
1399970 1913.9
1399980 1919.7
1399990 1926.1
1380000 2044.5
1380010 2040.3
1380020 2040.3
1380030 2036.8
1380040 2033.6
1380050 2033.6
1380060 2029.9
1380070 2025.5
1380080 2025.5
1380090 2018.8
1380100 2009.2
1380110 1997.7
1380120 1997.7
1380130 1986.1
1380140 1978.8
1380150 1978.8
1380160 1974.9
1380170 1972.7
1380180 1972.7
1380190 1970.5
1380200 1968.0
1380210 1968.0
1380220 1964.5
1380230 1960.9
1380240 1960.9
1380250 1956.5
1380260 1951.7
1380270 1951.7
1380280 1947.3
1380290 1944.0
1380300 1940.6
1380310 1940.6
1380320 1937.2
1380330 1933.4
1380340 1933.4
1380350 1928.5
1380360 1924.4
1380370 1924.4
1380380 1921.3
1380390 1918.0
1380400 1918.0
1380410 1914.7
1380420 1911.1
1380430 1911.1
1380440 1903.7
1380450 1896.5
1380460 1896.5
1380470 1890.3
1380480 1886.5
1380490 1883.6
1380500 1883.6
1380510 1876.1
1380520 1870.0
1380530 1870.0
1380540 1866.5
1380550 1861.3
1380560 1861.3
1380570 1853.5
1380580 1845.2
1380590 1845.2
1380600 1837.6
1380610 1831.6
1380620 1831.6
1380630 1827.5
1380640 1822.7
1380650 1822.7
1380660 1816.8
1380670 1810.7
1380680 1810.7
1380690 1804.5
1380700 1798.3
1380710 1791.1
1380720 1791.1
1380730 1782.9
1380740 1775.1
1380750 1775.1
1380760 1768.7
1380770 1763.3
1380780 1763.3
1380790 1758.7
1380800 1755.0
1380810 1755.0
1380820 1751.2
1380830 1746.4
1380840 1746.4
1380850 1740.9
1380860 1733.8
1380870 1733.8
1380880 1726.1
1380890 1720.3
1380900 1715.9
1380910 1715.9
1380920 1711.9
1380930 1707.3
1380940 1707.3
1380950 1702.5
1380960 1696.8
1380970 1696.8
1380980 1691.2
1380990 1685.5
1381000 1685.5
1381010 1681.2
1381020 1677.6
1381030 1677.6
1381040 1674.0
1381050 1670.4
1381060 1670.4
1381070 1667.6
1381080 1664.7
1381090 1661.4
1381100 1661.4
1381110 1657.1
1381120 1652.9
1381130 1652.9
1381140 1647.8
1381150 1640.4
1381160 1638.5
1381170 1627.8
1381180 1617.8
1381190 1617.8
1381200 1609.5
1381210 1601.7
1381220 1601.7
1381230 1594.9
1381240 1592.8
1381250 1592.8
1381260 1594.6
1381270 1599.1
1381280 1599.1
1381290 1605.1
1381300 1610.5
1381310 1616.6
1381320 1616.6
1381330 1622.1
1381340 1627.3
1381350 1627.3
1381360 1632.5
1381370 1637.6
1381380 1637.6
1381390 1642.7
1381400 1648.0
1381410 1648.0
1381420 1652.8
1381430 1657.8
1381440 1657.8
1381450 1663.2
1381460 1667.2
1381470 1667.2
1381480 1669.5
1381490 1672.3
1381500 1675.8
1381510 1675.8
1381520 1680.2
1381530 1685.3
1381540 1685.3
1381550 1688.3
1381560 1691.4
1381570 1691.4
1381580 1695.2
1381590 1697.9
1381600 1697.9
1381610 1701.7
1381620 1709.4
1381630 1709.4
1381640 1717.0
1381650 1718.6
1381660 1718.6
1381670 1720.3
1381680 1723.2
1381690 1723.2
1381700 1727.3
1381710 1733.2
1381720 1739.6
1381730 1739.6
1381740 1747.3
1381750 1757.9
1381760 1757.9
1381770 1764.3
1381780 1764.4
1381790 1764.4
1381800 1765.9
1381810 1774.0
1381820 1774.0
1381830 1779.5
1381840 1781.0
1381850 1781.0
1381860 1782.2
1381870 1782.6
1381880 1782.6
1381890 1783.0
1381900 1781.2
1381910 1780.7
1381920 1780.7
1381930 1781.6
1381940 1784.7
1381950 1784.7
1381960 1788.9
1381970 1793.8
1381980 1793.8
1381990 1799.6
1382000 1805.7
1382010 1805.7
1382020 1810.7
1382030 1814.9
1382040 1814.9
1382050 1818.5
1382060 1821.6
1382070 1821.6
1382080 1824.9
1382090 1828.5
1382100 1832.5
1382110 1832.5
1382120 1837.5
1382130 1844.5
1382140 1844.5
1382150 1851.8
1382160 1858.1
1382170 1858.1
1382180 1863.9
1382190 1871.4
1382200 1871.4
1382210 1880.4
1382220 1889.4
1382230 1889.4
1382240 1897.6
1382250 1901.7
1382260 1901.7
1382270 1901.5
1382280 1900.3
1382290 1900.3
1382300 1897.0
1382310 1892.3
1382320 1888.8
1382330 1888.8
1382340 1889.5
1382350 1893.0
1382360 1893.0
1382370 1893.7
1382380 1891.8
1382390 1900.0
1382400 1897.9
1382410 1896.4
1382420 1896.4
1382430 1897.7
1382440 1906.3
1382450 1906.3
1382460 1915.8
1382470 1923.8
1382480 1923.8
1382490 1930.7
1382500 1936.0
1382510 1939.3
1382520 1939.3
1382530 1941.3
1382540 1940.7
1382550 1940.7
1382560 1936.4
1382570 1933.8
1382580 1933.8
1382590 1933.1
1382600 1936.6
1382610 1936.6
1382620 1940.9
1382630 1939.6
1382640 1939.6
1382650 1938.0
1382660 1940.4
1382670 1940.4
1382680 1940.9
1382690 1939.9
1382700 1944.6
1382710 1944.6
1382720 1947.0
1382730 1947.9
1382740 1947.9
1382750 1946.5
1382760 1942.9
1382770 1942.9
1382780 1947.3
1382790 1955.8
1382800 1955.8
1382810 1963.6
1382820 1971.1
1382830 1971.1
1382840 1978.5
1382850 1983.9
1382860 1983.9
1382870 1987.6
1382880 1992.7
1382890 1992.7
1382900 1998.7
1382910 2004.6
1382920 2011.1
1382930 2011.1
1382940 2018.8
1382950 2027.3
1382960 2027.3
1382970 2038.5
1382980 2047.3
1382990 2047.3
1383000 2053.6
1383010 2059.6
1383020 2059.6
1383030 2063.3
1383040 2065.6
1383050 2065.6
1383060 2067.4
1383070 2068.5
1383080 2068.5
1383090 2069.2
1383100 2069.8
1383110 2069.9
1383120 2069.9
1383130 2069.5
1383140 2068.3
1383150 2068.3
1383160 2066.4
1383170 2064.5
1383180 2064.5
1383190 2061.0
1383200 2056.1
1383210 2056.1
1383220 2051.9
1383230 2048.6
1383240 2048.6
1383250 2043.3
1383260 2037.2
1383270 2037.2
1383280 2031.1
1383290 2025.4
1383300 2020.4
1383310 2020.4
1383320 2016.2
1383330 2011.6
1383340 2011.6
1383350 2005.7
1383360 1998.4
1383370 1998.4
1383380 1991.8
1383390 1986.1
1383400 1986.1
1383410 1979.9
1383420 1972.3
1383430 1972.3
1383440 1964.8
1383450 1957.0
1383460 1957.0
1383470 1949.2
1383480 1942.2
1383490 1942.2
1383500 1935.3
1383510 1928.4
1383520 1921.5
1383530 1921.5
1383540 1914.9
1383550 1908.3
1383560 1908.3
1383570 1901.5
1383580 1894.4
1383590 1894.4
1383600 1887.3
1383610 1880.2
1383620 1880.2
1383630 1870.2
1383640 1863.6
1383650 1863.6
1383660 1856.4
1383670 1848.4
1383680 1848.4
1383690 1840.0
1383700 1830.3
1383710 1821.2
1383720 1821.2
1383730 1811.9
1383740 1803.1
1383750 1803.1
1383760 1793.8
1383770 1785.3
1383780 1785.3
1383790 1777.4
1383800 1769.8
1383810 1769.8
1383820 1762.7
1383830 1757.2
1383840 1757.2
1383850 1753.6
1383860 1749.5
1383870 1749.5
1383880 1745.1
1383890 1740.9
1383900 1740.9
1383910 1736.7
1383920 1733.2
1383930 1730.3
1383940 1730.3
1383950 1727.3
1383960 1722.5
1383970 1722.5
1383980 1716.6
1383990 1709.2
1384000 1709.2
1384010 1702.5
1384020 1696.6
1384030 1696.6
1384040 1691.0
1384050 1685.0
1384060 1685.0
1384070 1678.2
1384080 1672.0
1384090 1672.0
1384100 1666.5
1384110 1661.0
1384120 1655.7
1384130 1655.7
1384140 1650.6
1384150 1644.2
1384160 1644.2
1384170 1637.8
1384180 1630.3
1384190 1630.3
1384200 1623.0
1384210 1617.0
1384220 1617.0
1384230 1611.7
1384240 1606.4
1384250 1606.4
1384260 1602.0
1384270 1597.3
1384280 1597.3
1384290 1592.6
1384300 1586.2
1384310 1579.6
1384320 1579.6
1384330 1573.6
1384340 1568.7
1384350 1568.7
1384360 1566.0
1384370 1563.9
1384380 1563.9
1384390 1556.9
1384400 1546.6
1384410 1546.6
1384420 1534.6
1384430 1525.5
1384440 1525.5
1384450 1517.1
1384460 1508.4
1384470 1508.4
1384480 1501.8
1384490 1501.3
1384500 1501.3
1384510 1504.7
1384520 1514.4
1384530 1523.5
1384540 1523.5
1384550 1528.9
1384560 1532.4
1384570 1532.4
1384580 1536.2
1384590 1541.8
1384600 1541.8
1384610 1549.1
1384620 1556.3
1384630 1556.3
1384640 1562.1
1384650 1567.9
1384660 1567.9
1384670 1573.2
1384680 1579.1
1384690 1579.1
1384700 1587.0
1384710 1593.4
1384720 1596.8
1384730 1596.8
1384740 1600.5
1384750 1601.8
1384760 1601.8
1384770 1603.5
1384780 1606.6
1384790 1606.6
1384800 1610.5
1384810 1613.4
1384820 1613.4
1384830 1614.8
1384840 1616.6
1384850 1616.6
1384860 1620.4
1384870 1624.1
1384880 1624.1
1384890 1625.7
1384900 1631.8
1384910 1632.6
1384920 1632.6
1384930 1631.3
1384940 1630.0
1384950 1630.0
1384960 1630.1
1384970 1629.7
1384980 1629.7
1384990 1626.0
1385000 1620.3
1385010 1620.3
1385020 1613.2
1385030 1605.0
1385040 1605.0
1385050 1597.9
1385060 1592.5
1385070 1592.5
1385080 1589.1
1385090 1588.8
1385100 1588.8
1385110 1589.7
1385120 1586.6
1385130 1583.6
1385140 1583.6
1385150 1579.0
1385160 1573.5
1385170 1573.5
1385180 1568.1
1385190 1562.0
1385200 1562.0
1385210 1556.0
1385220 1551.8
1385230 1551.8
1385240 1549.0
1385250 1546.0
1385260 1546.0
1385270 1544.8
1385280 1550.7
1385290 1550.7
1385300 1559.5
1385310 1569.9
1385320 1582.9
1385330 1582.9
1385340 1593.0
1385350 1600.7
1385360 1600.7
1385370 1607.5
1385380 1612.9
1385390 1612.9
1385400 1617.7
1385410 1623.2
1385420 1623.2
1385430 1628.7
1385440 1633.9
1385450 1633.9
1385460 1639.4
1385470 1646.1
1385480 1646.1
1385490 1652.5
1385500 1658.6
1385510 1658.6
1385520 1664.5
1385530 1670.3
1385540 1676.0
1385550 1676.0
1385560 1682.2
1385570 1688.8
1385580 1688.8
1385590 1695.1
1385600 1701.6
1385610 1701.6
1385620 1708.1
1385630 1715.2
1385640 1715.2
1385650 1723.2
1385660 1730.9
1385670 1730.9
1385680 1737.6
1385690 1744.3
1385700 1744.3
1385710 1750.7
1385720 1756.7
1385730 1761.0
1385740 1761.0
1385750 1765.3
1385760 1770.3
1385770 1770.3
1385780 1776.8
1385790 1783.4
1385800 1783.4
1385810 1791.6
1385820 1799.6
1385830 1799.6
1385840 1807.6
1385850 1815.3
1385860 1815.3
1385870 1822.8
1385880 1830.0
1385890 1830.0
1385900 1836.4
1385910 1843.1
1385920 1850.0
1385930 1850.0
1385940 1855.1
1385950 1861.3
1385960 1861.3
1385970 1867.0
1385980 1872.4
1385990 1872.4
1386000 1877.2
1386010 1882.0
1386020 1882.0
1386030 1885.5
1386040 1890.0
1386050 1890.0
1386060 1893.8
1386070 1897.3
1386080 1897.3
1386090 1901.4
1386100 1905.8
1386110 1905.8
1386120 1910.6
1386130 1915.1
1386140 1919.0
1386150 1919.0
1386160 1922.7
1386170 1928.8
1386180 1928.8
1386190 1932.3
1386200 1935.7
1386210 1935.7
1386220 1939.2
1386230 1942.4
1386240 1942.4
1386250 1945.0
1386260 1947.6
1386270 1947.6
1386280 1949.8
1386290 1951.9
1386300 1951.9
1386310 1953.8
1386320 1955.9
1386330 1958.6
1386340 1958.6
1386350 1961.5
1386360 1964.4
1386370 1964.4
1386380 1966.6
1386390 1968.6
1386400 1968.6
1386410 1970.1
1386420 1971.2
1386430 1971.2
1386440 1972.4
1386450 1973.4
1386460 1973.4
1386470 1973.7
1386480 1973.9
1386490 1973.9
1386500 1973.7
1386510 1973.4
1386520 1973.4
1386530 1973.3
1386540 1973.4
1386550 1973.6
1386560 1973.6
1386570 1973.7
1386580 1973.1
1386590 1973.1
1386600 1972.7
1386610 1972.5
1386620 1972.5
1386630 1972.1
1386640 1971.4
1386650 1971.4
1386660 1971.2
1386670 1972.0
1386680 1972.0
1386690 1974.2
1386700 1975.9
1386710 1975.9
1386720 1976.4
1386730 1977.4
1386740 1977.0
1386750 1977.0
1386760 1976.3
1386770 1976.2
1386780 1976.2
1386790 1977.2
1386800 1977.9
1386810 1977.9
1386820 1977.8
1386830 1978.1
1386840 1978.1
1386850 1978.5
1386860 1978.1
1386870 1978.1
1386880 1979.2
1386890 1980.8
1386900 1980.8
1386910 1982.0
1386920 1982.6
1386930 1982.6
1386940 1982.6
1386950 1982.6
1386960 1982.6
1386970 1982.6
1386980 1981.9
1386990 1982.5
1387000 1982.5
1387010 1984.8
1387020 1986.0
1387030 1986.0
1387040 1986.0
1387050 1985.4
1387060 1985.4
1387070 1984.4
1387080 1983.4
1387090 1983.4
1387100 1984.0
1387110 1985.8
1387120 1985.8
1387130 1988.4
1387140 1990.4
1387150 1991.9
1387160 1991.9
1387170 1993.2
1387180 1994.6
1387190 1994.6
1387200 1997.3
1387210 1998.9
1387220 1998.9
1387230 2000.5
1387240 2002.2
1387250 2002.2
1387260 2003.8
1387270 2005.2
1387280 2005.2
1387290 2005.9
1387300 2004.3
1387310 2004.3
1387320 2004.0
1387330 2003.8
1387340 2002.6
1387350 2002.6
1387360 1999.8
1387370 1995.8
1387380 1995.8
1387390 1989.5
1387400 1982.4
1387410 1982.4
1387420 1975.3
1387430 1968.1
1387440 1968.1
1387450 1961.9
1387460 1956.5
1387470 1956.5
1387480 1950.6
1387490 1944.6
1387500 1944.6
1387510 1938.9
1387520 1934.3
1387530 1930.1
1387540 1930.1
1387550 1924.7
1387560 1919.0
1387570 1919.0
1387580 1913.6
1387590 1908.2
1387600 1908.2
1387610 1902.7
1387620 1896.6
1387630 1896.6
1387640 1890.4
1387650 1884.1
1387660 1884.1
1387670 1877.7
1387680 1871.4
1387690 1871.4
1387700 1864.7
1387710 1857.4
1387720 1857.4
1387730 1850.4
1387740 1843.8
1387750 1836.3
1387760 1836.3
1387770 1828.7
1387780 1820.7
1387790 1820.7
1387800 1812.4
1387810 1804.9
1387820 1804.9
1387830 1798.1
1387840 1792.1
1387850 1792.1
1387860 1786.4
1387870 1780.1
1387880 1780.1
1387890 1774.6
1387900 1769.3
1387910 1769.3
1387920 1764.9
1387930 1759.6
1387940 1753.6
1387950 1753.6
1387960 1746.8
1387970 1739.6
1387980 1739.6
1387990 1732.3
1388000 1724.2
1388010 1724.2
1388020 1716.1
1388030 1707.9
1388040 1707.9
1388050 1700.3
1388060 1692.3
1388070 1692.3
1388080 1679.7
1388090 1662.4
1388100 1662.4
1388110 1648.7
1388120 1631.8
1388130 1618.3
1388140 1618.3
1388150 1608.3
1388160 1599.7
1388170 1599.7
1388180 1592.1
1388190 1583.4
1388200 1583.4
1388210 1576.7
1388220 1566.2
1388230 1566.2
1388240 1555.2
1388250 1545.7
1388260 1545.7
1388270 1533.4
1388280 1525.9
1388290 1525.9
1388300 1524.5
1388310 1528.2
1388320 1528.2
1388330 1536.3
1388340 1550.5
1388350 1566.5
1388360 1566.5
1388370 1579.2
1388380 1590.8
1388390 1590.8
1388400 1601.1
1388410 1613.3
1388420 1613.3
1388430 1629.6
1388440 1643.3
1388450 1643.3
1388460 1655.8
1388470 1669.7
1388480 1669.7
1388490 1680.1
1388500 1687.3
1388510 1687.3
1388520 1694.7
1388530 1702.1
1388540 1709.4
1388550 1709.4
1388560 1717.1
1388570 1724.4
1388580 1724.4
1388590 1732.0
1388600 1739.8
1388610 1739.8
1388620 1747.7
1388630 1754.6
1388640 1754.6
1388650 1760.8
1388660 1767.4
1388670 1767.4
1388680 1773.7
1388690 1779.8
1388700 1779.8
1388710 1786.4
1388720 1794.1
1388730 1794.1
1388740 1799.9
1388750 1804.1
1388760 1807.7
1388770 1807.7
1388780 1817.1
1388790 1820.0
1388800 1820.0
1388810 1822.2
1388820 1823.1
1388830 1823.1
1388840 1824.1
1388850 1823.9
1388860 1823.9
1388870 1823.1
1388880 1821.5
1388890 1821.5
1388900 1818.3
1388910 1813.9
1388920 1813.9
1388930 1810.6
1388940 1809.3
1388950 1808.0
1388960 1808.0
1388970 1805.6
1388980 1803.1
1388990 1803.1
1389000 1800.7
1389010 1798.2
1389020 1798.2
1389030 1795.3
1389040 1792.7
1389050 1792.7
1389060 1790.4
1389070 1787.5
1389080 1787.5
1389090 1783.5
1389100 1779.2
1389110 1779.2
1389120 1775.3
1389130 1771.4
1389140 1767.7
1389150 1767.7
1389160 1763.4
1389170 1758.1
1389180 1758.1
1389190 1750.7
1389200 1741.1
1389210 1741.1
1389220 1730.8
1389230 1720.6
1389240 1720.6
1389250 1711.8
1389260 1703.1
1389270 1703.1
1389280 1694.8
1389290 1687.0
1389300 1687.0
1389310 1678.6
1389320 1669.6
1389330 1669.6
1389340 1661.1
1389350 1652.2
1389360 1645.0
1389370 1645.0
1389380 1637.2
1389390 1628.6
1389400 1628.6
1389410 1619.9
1389420 1612.6
1389430 1612.6
1389440 1605.1
1389450 1596.2
1389460 1596.2
1389470 1585.6
1389480 1578.2
1389490 1578.2
1389500 1571.0
1389510 1564.5
1389520 1564.5
1389530 1562.4
1389540 1568.6
1389550 1576.2
1389560 1576.2
1389570 1584.9
1389580 1591.7
1389590 1591.7
1389600 1596.5
1389610 1600.7
1389620 1600.7
1389630 1606.6
1389640 1613.2
1389650 1613.2
1389660 1619.5
1389670 1627.1
1389680 1627.1
1389690 1636.2
1389700 1645.4
1389710 1645.4
1389720 1655.7
1389730 1667.3
1389740 1677.6
1389750 1677.6
1389760 1687.8
1389770 1697.4
1389780 1697.4
1389790 1705.6
1389800 1713.1
1389810 1713.1
1389820 1724.8
1389830 1736.2
1389840 1736.2
1389850 1744.3
1389860 1750.4
1389870 1750.4
1389880 1756.2
1389890 1762.6
1389900 1762.6
1389910 1770.0
1389920 1777.8
1389930 1777.8
1389940 1784.7
1389950 1789.5
1389960 1793.0
1389970 1793.0
1389980 1793.5
1389990 1792.9
1390000 1792.9
1390010 1791.4
1390020 1789.7
1390030 1789.7
1390040 1786.7
1390050 1783.0
1390060 1783.0
1390070 1780.1
1390080 1777.7
1390090 1777.7
1390100 1775.1
1390110 1775.7
1390120 1775.7
1390130 1773.1
1390140 1770.5
1390150 1768.2
1390160 1768.2
1390170 1765.9
1390180 1763.2
1390190 1763.2
1390200 1760.0
1390210 1755.3
1390220 1755.3
1390230 1751.0
1390240 1746.8
1390250 1746.8
1390260 1742.7
1390270 1738.6
1390280 1738.6
1390290 1734.6
1390300 1731.0
1390310 1731.0
1390320 1727.3
1390330 1724.0
1390340 1724.0
1390350 1720.1
1390360 1715.6
1390370 1712.1
1390380 1712.1
1390390 1707.7
1390400 1703.0
1390410 1703.0
1390420 1699.6
1390430 1696.6
1390440 1696.6
1390450 1694.7
1390460 1692.6
1390470 1692.6
1390480 1688.9
1390490 1684.3
1390500 1684.3
1390510 1679.1
1390520 1674.0
1390530 1674.0
1390540 1669.3
1390550 1664.9
1390560 1659.8
1390570 1659.8
1390580 1653.1
1390590 1646.2
1390600 1646.2
1390610 1639.7
1390620 1633.8
1390630 1633.8
1390640 1628.5
1390650 1623.4
1390660 1623.4
1390670 1618.7
1390680 1614.0
1390690 1614.0
1390700 1608.4
1390710 1602.1
1390720 1602.1
1390730 1595.5
1390740 1587.5
1390750 1575.8
1390760 1575.8
1390770 1565.4
1390780 1555.9
1390790 1555.9
1390800 1546.8
1390810 1537.7
1390820 1537.7
1390830 1529.1
1390840 1520.7
1390850 1520.7
1390860 1512.8
1390870 1505.3
1390880 1505.3
1390890 1498.0
1390900 1490.8
1390910 1490.8
1390920 1483.5
1390930 1477.7
1390940 1477.7
1390950 1473.5
1390960 1466.3
1390970 1459.4
1390980 1459.4
1390990 1452.6
1391000 1447.8
1391010 1447.8
1391020 1442.6
1391030 1438.4
1391040 1438.4
1391050 1433.1
1391060 1429.8
1391070 1429.8
1391080 1429.3
1391090 1429.4
1391100 1429.4
1391110 1430.0
1391120 1428.9
1391130 1428.9
1391140 1432.5
1391150 1436.0
1391160 1432.3
1391170 1432.3
1391180 1424.5
1391190 1417.5
1391200 1417.5
1391210 1415.4
1391220 1417.3
1391230 1417.3
1391240 1411.0
1391250 1401.8
1391260 1401.8
1391270 1398.9
1391280 1410.5
1391290 1410.5
1391300 1424.8
1391310 1436.8
1391320 1436.8
1391330 1444.7
1391340 1451.6
1391350 1458.8
1391360 1458.8
1391370 1466.4
1391380 1474.3
1391390 1474.3
1391400 1480.5
1391410 1486.4
1391420 1486.4
1391430 1491.5
1391440 1496.5
1391450 1496.5
1391460 1506.1
1391470 1511.6
1391480 1511.6
1391490 1516.4
1391500 1520.5
1391510 1520.5
1391520 1524.1
1391530 1530.6
1391540 1530.6
1391550 1536.6
1391560 1540.9
1391570 1543.1
1391580 1543.1
1391590 1544.8
1391600 1549.0
1391610 1549.0
1391620 1553.8
1391630 1558.8
1391640 1558.8
1391650 1565.1
1391660 1571.3
1391670 1571.3
1391680 1576.2
1391690 1580.5
1391700 1580.5
1391710 1583.9
1391720 1588.2
1391730 1588.2
1391740 1592.4
1391750 1595.4
1391760 1598.1
1391770 1598.1
1391780 1601.0
1391790 1604.7
1391800 1604.7
1391810 1608.5
1391820 1611.1
1391830 1611.1
1391840 1612.9
1391850 1615.2
1391860 1615.2
1391870 1618.3
1391880 1620.4
1391890 1620.4
1391900 1621.9
1391910 1623.9
1391920 1623.9
1391930 1625.6
1391940 1627.0
1391950 1627.0
1391960 1629.0
1391970 1630.5
1391980 1631.3
1391990 1631.3
1392000 1632.1
1392010 1634.0
1392020 1634.0
1392030 1634.9
1392040 1635.5
1392050 1635.5
1392060 1636.6
1392070 1637.3
1392080 1637.3
1392090 1636.3
1392100 1635.0
1392110 1635.0
1392120 1634.7
1392130 1633.0
1392140 1633.0
1392150 1631.7
1392160 1632.0
1392170 1632.6
1392180 1632.6
1392190 1633.9
1392200 1635.2
1392210 1635.2
1392220 1634.8
1392230 1634.1
1392240 1634.1
1392250 1632.8
1392260 1633.0
1392270 1633.0
1392280 1633.0
1392290 1631.7
1392300 1631.7
1392310 1630.3
1392320 1628.4
1392330 1628.4
1392340 1625.3
1392350 1622.4
1392360 1620.7
1392370 1620.7
1392380 1617.7
1392390 1614.8
1392400 1614.8
1392410 1613.2
1392420 1611.3
1392430 1611.3
1392440 1609.7
1392450 1608.0
1392460 1608.0
1392470 1606.0
1392480 1604.2
1392490 1604.2
1392500 1602.8
1392510 1601.5
1392520 1601.5
1392530 1599.8
1392540 1598.2
1392550 1598.2
1392560 1595.4
1392570 1593.1
1392580 1591.1
1392590 1591.1
1392600 1589.4
1392610 1588.2
1392620 1588.2
1392630 1587.4
1392640 1586.7
1392650 1586.7
1392660 1585.2
1392670 1581.1
1392680 1581.1
1392690 1578.7
1392700 1576.5
1392710 1576.5
1392720 1573.3
1392730 1571.2
1392740 1571.2
1392750 1568.8
1392760 1566.2
1392770 1563.3
1392780 1563.3
1392790 1559.8
1392800 1554.1
1392810 1554.1
1392820 1546.0
1392830 1543.2
1392840 1543.2
1392850 1537.0
1392860 1530.9
1392870 1530.9
1392880 1524.2
1392890 1517.8
1392900 1517.8
1392910 1511.5
1392920 1505.3
1392930 1505.3
1392940 1498.5
1392950 1491.9
1392960 1485.0
1392970 1485.0
1392980 1476.4
1392990 1464.2
1393000 1464.2
1393010 1452.8
1393020 1442.6
1393030 1442.6
1393040 1436.0
1393050 1441.7
1393060 1441.7
1393070 1454.0
1393080 1464.4
1393090 1464.4
1393100 1474.2
1393110 1484.2
1393120 1484.2
1393130 1493.3
1393140 1502.0
1393150 1502.0
1393160 1510.5
1393170 1518.6
1393180 1527.0
1393190 1527.0
1393200 1536.1
1393210 1545.2
1393220 1545.2
1393230 1553.9
1393240 1560.5
1393250 1560.5
1393260 1563.0
1393270 1564.9
1393280 1564.9
1393290 1567.3
1393300 1569.3
1393310 1569.3
1393320 1571.8
1393330 1573.3
1393340 1573.3
1393350 1573.1
1393360 1571.6
1393370 1569.8
1393380 1569.8
1393390 1568.2
1393400 1567.0
1393410 1567.0
1393420 1565.6
1393430 1564.2
1393440 1564.2
1393450 1562.9
1393460 1562.3
1393470 1562.3
1393480 1561.9
1393490 1561.1
1393500 1561.1
1393510 1561.0
1393520 1561.3
1393530 1561.3
1393540 1560.9
1393550 1559.2
1393560 1556.3
1393570 1556.3
1393580 1553.0
1393590 1550.3
1393600 1550.3
1393610 1547.0
1393620 1544.3
1393630 1544.3
1393640 1542.9
1393650 1542.5
1393660 1542.5
1393670 1543.9
1393680 1545.4
1393690 1545.4
1393700 1547.7
1393710 1549.1
1393720 1549.1
1393730 1550.6
1393740 1551.1
1393750 1551.1
1393760 1551.1
1393770 1550.1
1393780 1548.4
1393790 1548.4
1393800 1546.7
1393810 1544.6
1393820 1544.6
1393830 1541.9
1393840 1539.3
1393850 1539.3
1393860 1536.8
1393870 1533.3
1393880 1533.3
1393890 1529.9
1393900 1526.9
1393910 1526.9
1393920 1523.3
1393930 1518.4
1393940 1518.4
1393950 1514.0
1393960 1510.4
1393970 1507.0
1393980 1507.0
1393990 1504.0
1394000 1499.1
1394010 1499.1
1394020 1493.1
1394030 1491.4
1394040 1491.4
1394050 1491.7
1394060 1495.9
1394070 1495.9
1394080 1498.5
1394090 1498.5
1394100 1498.5
1394110 1497.2
1394120 1496.6
1394130 1496.6
1394140 1496.8
1394150 1496.6
1394160 1496.6
1394170 1496.9
1394180 1496.0
1394190 1495.4
1394200 1495.4
1394210 1495.3
1394220 1501.2
1394230 1501.2
1394240 1501.1
1394250 1500.8
1394260 1500.8
1394270 1499.2
1394280 1498.2
1394290 1498.2
1394300 1497.8
1394310 1497.4
1394320 1497.4
1394330 1496.5
1394340 1494.7
1394350 1494.7
1394360 1492.3
1394370 1489.3
1394380 1484.7
1394390 1484.7
1394400 1478.7
1394410 1473.8
1394420 1473.8
1394430 1470.7
1394440 1467.4
1394450 1467.4
1394460 1463.2
1394470 1459.0
1394480 1459.0
1394490 1456.3
1394500 1452.5
1394510 1452.5
1394520 1450.0
1394530 1446.1
1394540 1446.1
1394550 1440.7
1394560 1434.8
1394570 1427.8
1394580 1427.8
1394590 1419.8
1394600 1412.2
1394610 1412.2
1394620 1403.1
1394630 1393.4
1394640 1393.4
1394650 1388.1
1394660 1385.3
1394670 1385.3
1394680 1381.4
1394690 1376.1
1394700 1376.1
1394710 1369.3
1394720 1364.4
1394730 1364.4
1394740 1360.7
1394750 1357.2
1394760 1357.2
1394770 1352.5
1394780 1347.7
1394790 1344.6
1394800 1344.6
1394810 1343.0
1394820 1342.0
1394830 1342.0
1394840 1340.4
1394850 1337.5
1394860 1337.5
1394870 1334.2
1394880 1330.7
1394890 1330.7
1394900 1326.2
1394910 1322.0
1394920 1322.0
1394930 1318.4
1394940 1316.2
1394950 1316.2
1394960 1314.8
1394970 1312.1
1394980 1308.5
1394990 1308.5
1395000 1303.7
1395010 1298.5
1395020 1298.5
1395030 1293.3
1395040 1288.3
1395050 1288.3
1395060 1283.7
1395070 1279.5
1395080 1279.5
1395090 1275.3
1395100 1271.6
1395110 1271.6
1395120 1266.9
1395130 1258.4
1395140 1258.4
1395150 1247.9
1395160 1236.1
1395170 1221.6
1395180 1221.6
1395190 1209.6
1395200 1198.7
1395210 1198.7
1395220 1189.1
1395230 1181.2
1395240 1181.2
1395250 1174.1
1395260 1167.3
1395270 1167.3
1395280 1160.8
1395290 1154.1
1395300 1154.1
1395310 1149.7
1395320 1146.7
1395330 1146.7
1395340 1144.0
1395350 1141.7
1395360 1141.7
1395370 1138.4
1395380 1135.1
1395390 1132.4
1395400 1132.4
1395410 1130.1
1395420 1128.3
1395430 1128.3
1395440 1125.5
1395450 1120.7
1395460 1120.7
1395470 1116.0
1395480 1111.7
1395490 1111.7
1395500 1107.5
1395510 1103.9
1395520 1103.9
1395530 1100.5
1395540 1097.7
1395550 1097.7
1395560 1095.6
1395570 1093.4
1395580 1091.3
1395590 1091.3
1395600 1089.3
1395610 1087.7
1395620 1087.7
1395630 1087.1
1395640 1085.1
1395650 1085.1
1395660 1084.4
1395670 1083.0
1395680 1083.0
1395690 1082.5
1395700 1081.2
1395710 1081.2
1395720 1079.6
1395730 1077.9
1395740 1077.9
1395750 1076.2
1395760 1074.3
1395770 1074.3
1395780 1071.6
1395790 1068.7
1395800 1066.3
1395810 1066.3
1395820 1064.3
1395830 1062.6
1395840 1062.6
1395850 1060.4
1395860 1058.1
1395870 1058.1
1395880 1055.5
1395890 1053.1
1395900 1053.1
1395910 1050.5
1395920 1048.5
1395930 1048.5
1395940 1047.0
1395950 1045.4
1395960 1045.4
1395970 1044.0
1395980 1042.5
1395990 1040.8
1396000 1040.8
1396010 1039.2
1396020 1037.5
1396030 1037.5
1396040 1035.8
1396050 1034.4
1396060 1034.4
1396070 1032.8
1396080 1031.1
1396090 1031.1
1396100 1029.5
1396110 1027.5
1396120 1027.5
1396130 1025.7
1396140 1024.4
1396150 1024.4
1396160 1023.2
1396170 1021.4
1396180 1019.6
1396190 1019.6
1396200 1017.9
1396210 1016.4
1396220 1016.4
1396230 1015.1
1396240 1013.5
1396250 1013.5
1396260 1012.0
1396270 1011.2
1396280 1011.2
1396290 1010.0
1396300 1008.5
1396310 1008.5
1396320 1006.6
1396330 1004.1
1396340 1004.1
1396350 1002.0
1396360 999.1
1396370 999.1
1396380 995.3
1396390 987.9
1396400 980.3
1396410 980.3
1396420 971.7
1396430 960.8
1396440 960.8
1396450 949.2
1396460 939.9
1396470 939.9
1396480 932.0
1396490 927.0
1396500 927.0
1396510 923.4
1396520 922.6
1396530 922.6
1396540 922.7
1396550 924.8
1396560 924.8
1396570 924.9
1396580 926.3
1396590 927.0
1396600 927.0
1396610 927.4
1396620 927.7
1396630 927.7
1396640 928.1
1396650 928.4
1396660 928.4
1396670 928.5
1396680 928.4
1396690 928.4
1396700 928.3
1396710 928.1
1396720 928.1
1396730 928.0
1396740 927.9
1396750 927.9
1396760 927.8
1396770 927.8
1396780 927.9
1396790 927.9
1396800 927.9
1396810 927.7
1396820 927.7
1396830 927.6
1396840 927.5
1396850 927.5
1396860 927.5
1396870 927.5
1396880 927.5
1396890 927.5
1396900 927.6
1396910 927.6
1396920 927.6
1396930 927.7
1396940 927.7
1396950 928.3
1396960 928.3
1396970 928.3
1396980 928.2
1396990 928.2
1397000 928.2
1397010 928.2
1397020 928.4
1397030 928.6
1397040 928.6
1397050 928.5
1397060 928.5
1397070 928.5
1397080 928.8
1397090 929.1
1397100 929.1
1397110 928.9
1397120 928.9
1397130 928.9
1397140 929.0
1397150 929.1
1397160 929.1
1397170 929.2
1397180 929.3
1397190 929.4
1397200 929.4
1397210 929.6
1397220 929.8
1397230 929.8
1397240 930.3
1397250 930.9
1397260 930.9
1397270 931.5
1397280 932.0
1397290 932.0
1397300 932.5
1397310 933.0
1397320 933.0
1397330 933.5
1397340 934.5
1397350 934.5
1397360 937.2
1397370 944.1
1397380 944.1
1397390 951.1
1397400 957.9
1397410 964.0
1397420 964.0
1397430 969.9
1397440 975.6
1397450 975.6
1397460 979.5
1397470 984.2
1397480 984.2
1397490 988.4
1397500 994.5
1397510 994.5
1397520 1000.0
1397530 1004.4
1397540 1004.4
1397550 1006.2
1397560 1001.4
1397570 1001.4
1397580 997.3
1397590 995.2
1397600 1001.1
1397610 1001.1
1397620 1018.1
1397630 1042.4
1397640 1042.4
1397650 1055.1
1397660 1060.6
1397670 1060.6
1397680 1064.7
1397690 1074.3
1397700 1074.3
1397710 1092.3
1397720 1106.9
1397730 1106.9
1397740 1113.0
1397750 1119.5
1397760 1119.5
1397770 1126.6
1397780 1133.4
1397790 1140.4
1397800 1140.4
1397810 1148.5
1397820 1157.2
1397830 1157.2
1397840 1164.3
1397850 1170.4
1397860 1170.4
1397870 1174.7
1397880 1179.0
1397890 1179.0
1397900 1183.1
1397910 1183.0
1397920 1183.0
1397930 1181.3
1397940 1183.3
1397950 1183.3
1397960 1187.3
1397970 1196.8
1397980 1196.8
1397990 1203.8
1398000 1208.8
1398010 1212.7
1398020 1212.7
1398030 1217.6
1398040 1222.7
1398050 1222.7
1398060 1227.3
1398070 1232.1
1398080 1232.1
1398090 1236.5
1398100 1240.0
1398110 1240.0
1398120 1243.0
1398130 1249.0
1398140 1249.0
1398150 1255.3
1398160 1260.2
1398170 1260.2
1398180 1266.1
1398190 1271.5
1398200 1274.7
1398210 1274.7
1398220 1277.6
1398230 1281.0
1398240 1281.0
1398250 1284.6
1398260 1288.4
1398270 1288.4
1398280 1292.2
1398290 1295.6
1398300 1295.6
1398310 1298.2
1398320 1300.1
1398330 1300.1
1398340 1302.0
1398350 1304.7
1398360 1304.7
1398370 1307.1
1398380 1309.5
1398390 1313.0
1398400 1313.0
1398410 1316.5
1398420 1319.9
1398430 1319.9
1398440 1324.1
1398450 1330.0
1398460 1330.0
1398470 1335.9
1398480 1341.2
1398490 1341.2
1398500 1346.4
1398510 1352.1
1398520 1351.0
1398530 1356.9
1398540 1363.7
1398550 1363.7
1398560 1370.8
1398570 1378.0
1398580 1378.0
1398590 1385.4
1398600 1392.5
1398610 1399.6
1398620 1399.6
1398630 1405.8
1398640 1411.2
1398650 1411.2
1398660 1415.2
1398670 1418.6
1398680 1418.6
1398690 1422.7
1398700 1426.8
1398710 1426.8
1398720 1430.4
1398730 1433.3
1398740 1433.3
1398750 1436.5
1398760 1440.9
1398770 1440.9
1398780 1445.7
1398790 1450.5
1398800 1455.8
1398810 1455.8
1398820 1460.5
1398830 1464.4
1398840 1464.4
1398850 1468.7
1398860 1473.1
1398870 1473.1
1398880 1477.4
1398890 1481.6
1398900 1481.6
1398910 1486.0
1398920 1490.8
1398930 1490.8
1398940 1496.9
1398950 1503.5
1398960 1503.5
1398970 1509.9
1398980 1516.1
1398990 1516.1
1399000 1522.2
1399010 1528.4
1399020 1534.4
1399030 1534.4
1399040 1540.1
1399050 1546.1
1399060 1546.1
1399070 1551.6
1399080 1556.9
1399090 1556.9
1399100 1561.4
1399110 1565.3
1399120 1565.3
1399130 1569.8
1399140 1574.9
1399150 1574.9
1399160 1580.5
1399170 1586.1
1399180 1586.1
1399190 1590.5
1399200 1594.7
1399210 1599.5
1399220 1599.5
1399230 1603.8
1399240 1608.2
1399250 1608.2
1399260 1613.0
1399270 1619.0
1399280 1619.0
1399290 1626.4
1399300 1634.0
1399310 1634.0
1399320 1640.9
1399330 1648.5
1399340 1648.5
1399350 1656.4
1399360 1663.7
1399370 1663.7
1399380 1670.2
1399390 1676.2
1399400 1681.6
1399410 1681.6
1399420 1686.5
1399430 1690.8
1399440 1690.8
1399450 1694.7
1399460 1699.2
1399470 1699.2
1399480 1703.7
1399490 1708.5
1399500 1708.5
1399510 1713.3
1399520 1716.1
1399530 1716.1
1399540 1721.5
1399550 1727.7
1399560 1727.7
1399570 1733.7
1399580 1738.0
1399590 1738.0
1399600 1740.9
1399610 1742.7
1399620 1742.9
1399630 1742.9
1399640 1746.0
1399650 1752.4
1399660 1752.4
1399670 1761.7
1399680 1776.2
1399690 1776.2
1399700 1789.3
1399710 1799.5
1399720 1799.5
1399730 1809.8
1399740 1817.6
1399750 1817.6
1399760 1823.8
1399770 1829.3
1399780 1829.3
1399790 1834.9
1399800 1842.3
1399810 1851.1
1399820 1851.1
1399830 1857.3
1399840 1861.2
1399850 1861.2
1399860 1866.3
1399870 1873.3
1399880 1873.3
1399890 1881.1
1399900 1889.8
1399910 1889.8
1399920 1896.5
1399930 1900.2
1399940 1900.2
1399950 1906.2
1399960 1913.9
1399970 1913.9
1399980 1919.7
1399990 1926.1
1380000 2044.5
1380010 2040.3
1380020 2040.3
1380030 2036.8
1380040 2033.6
1380050 2033.6
1380060 2029.9
1380070 2025.5
1380080 2025.5
1380090 2018.8
1380100 2009.2
1380110 1997.7
1380120 1997.7
1380130 1986.1
1380140 1978.8
1380150 1978.8
1380160 1974.9
1380170 1972.7
1380180 1972.7
1380190 1970.5
1380200 1968.0
1380210 1968.0
1380220 1964.5
1380230 1960.9
1380240 1960.9
1380250 1956.5
1380260 1951.7
1380270 1951.7
1380280 1947.3
1380290 1944.0
1380300 1940.6
1380310 1940.6
1380320 1937.2
1380330 1933.4
1380340 1933.4
1380350 1928.5
1380360 1924.4
1380370 1924.4
1380380 1921.3
1380390 1918.0
1380400 1918.0
1380410 1914.7
1380420 1911.1
1380430 1911.1
1380440 1903.7
1380450 1896.5
1380460 1896.5
1380470 1890.3
1380480 1886.5
1380490 1883.6
1380500 1883.6
1380510 1876.1
1380520 1870.0
1380530 1870.0
1380540 1866.5
1380550 1861.3
1380560 1861.3
1380570 1853.5
1380580 1845.2
1380590 1845.2
1380600 1837.6
1380610 1831.6
1380620 1831.6
1380630 1827.5
1380640 1822.7
1380650 1822.7
1380660 1816.8
1380670 1810.7
1380680 1810.7
1380690 1804.5
1380700 1798.3
1380710 1791.1
1380720 1791.1
1380730 1782.9
1380740 1775.1
1380750 1775.1
1380760 1768.7
1380770 1763.3
1380780 1763.3
1380790 1758.7
1380800 1755.0
1380810 1755.0
1380820 1751.2
1380830 1746.4
1380840 1746.4
1380850 1740.9
1380860 1733.8
1380870 1733.8
1380880 1726.1
1380890 1720.3
1380900 1715.9
1380910 1715.9
1380920 1711.9
1380930 1707.3
1380940 1707.3
1380950 1702.5
1380960 1696.8
1380970 1696.8
1380980 1691.2
1380990 1685.5
1381000 1685.5
1381010 1681.2
1381020 1677.6
1381030 1677.6
1381040 1674.0
1381050 1670.4
1381060 1670.4
1381070 1667.6
1381080 1664.7
1381090 1661.4
1381100 1661.4
1381110 1657.1
1381120 1652.9
1381130 1652.9
1381140 1647.8
1381150 1640.4
1381160 1638.5
1381170 1627.8
1381180 1617.8
1381190 1617.8
1381200 1609.5
1381210 1601.7
1381220 1601.7
1381230 1594.9
1381240 1592.8
1381250 1592.8
1381260 1594.6
1381270 1599.1
1381280 1599.1
1381290 1605.1
1381300 1610.5
1381310 1616.6
1381320 1616.6
1381330 1622.1
1381340 1627.3
1381350 1627.3
1381360 1632.5
1381370 1637.6
1381380 1637.6
1381390 1642.7
1381400 1648.0
1381410 1648.0
1381420 1652.8
1381430 1657.8
1381440 1657.8
1381450 1663.2
1381460 1667.2
1381470 1667.2
1381480 1669.5
1381490 1672.3
1381500 1675.8
1381510 1675.8
1381520 1680.2
1381530 1685.3
1381540 1685.3
1381550 1688.3
1381560 1691.4
1381570 1691.4
1381580 1695.2
1381590 1697.9
1381600 1697.9
1381610 1701.7
1381620 1709.4
1381630 1709.4
1381640 1717.0
1381650 1718.6
1381660 1718.6
1381670 1720.3
1381680 1723.2
1381690 1723.2
1381700 1727.3
1381710 1733.2
1381720 1739.6
1381730 1739.6
1381740 1747.3
1381750 1757.9
1381760 1757.9
1381770 1764.3
1381780 1764.4
1381790 1764.4
1381800 1765.9
1381810 1774.0
1381820 1774.0
1381830 1779.5
1381840 1781.0
1381850 1781.0
1381860 1782.2
1381870 1782.6
1381880 1782.6
1381890 1783.0
1381900 1781.2
1381910 1780.7
1381920 1780.7
1381930 1781.6
1381940 1784.7
1381950 1784.7
1381960 1788.9
1381970 1793.8
1381980 1793.8
1381990 1799.6
1382000 1805.7
1382010 1805.7
1382020 1810.7
1382030 1814.9
1382040 1814.9
1382050 1818.5
1382060 1821.6
1382070 1821.6
1382080 1824.9
1382090 1828.5
1382100 1832.5
1382110 1832.5
1382120 1837.5
1382130 1844.5
1382140 1844.5
1382150 1851.8
1382160 1858.1
1382170 1858.1
1382180 1863.9
1382190 1871.4
1382200 1871.4
1382210 1880.4
1382220 1889.4
1382230 1889.4
1382240 1897.6
1382250 1901.7
1382260 1901.7
1382270 1901.5
1382280 1900.3
1382290 1900.3
1382300 1897.0
1382310 1892.3
1382320 1888.8
1382330 1888.8
1382340 1889.5
1382350 1893.0
1382360 1893.0
1382370 1893.7
1382380 1891.8
1382390 1900.0
1382400 1897.9
1382410 1896.4
1382420 1896.4
1382430 1897.7
1382440 1906.3
1382450 1906.3
1382460 1915.8
1382470 1923.8
1382480 1923.8
1382490 1930.7
1382500 1936.0
1382510 1939.3
1382520 1939.3
1382530 1941.3
1382540 1940.7
1382550 1940.7
1382560 1936.4
1382570 1933.8
1382580 1933.8
1382590 1933.1
1382600 1936.6
1382610 1936.6
1382620 1940.9
1382630 1939.6
1382640 1939.6
1382650 1938.0
1382660 1940.4
1382670 1940.4
1382680 1940.9
1382690 1939.9
1382700 1944.6
1382710 1944.6
1382720 1947.0
1382730 1947.9
1382740 1947.9
1382750 1946.5
1382760 1942.9
1382770 1942.9
1382780 1947.3
1382790 1955.8
1382800 1955.8
1382810 1963.6
1382820 1971.1
1382830 1971.1
1382840 1978.5
1382850 1983.9
1382860 1983.9
1382870 1987.6
1382880 1992.7
1382890 1992.7
1382900 1998.7
1382910 2004.6
1382920 2011.1
1382930 2011.1
1382940 2018.8
1382950 2027.3
1382960 2027.3
1382970 2038.5
1382980 2047.3
1382990 2047.3
1383000 2053.6
1383010 2059.6
1383020 2059.6
1383030 2063.3
1383040 2065.6
1383050 2065.6
1383060 2067.4
1383070 2068.5
1383080 2068.5
1383090 2069.2
1383100 2069.8
1383110 2069.9
1383120 2069.9
1383130 2069.5
1383140 2068.3
1383150 2068.3
1383160 2066.4
1383170 2064.5
1383180 2064.5
1383190 2061.0
1383200 2056.1
1383210 2056.1
1383220 2051.9
1383230 2048.6
1383240 2048.6
1383250 2043.3
1383260 2037.2
1383270 2037.2
1383280 2031.1
1383290 2025.4
1383300 2020.4
1383310 2020.4
1383320 2016.2
1383330 2011.6
1383340 2011.6
1383350 2005.7
1383360 1998.4
1383370 1998.4
1383380 1991.8
1383390 1986.1
1383400 1986.1
1383410 1979.9
1383420 1972.3
1383430 1972.3
1383440 1964.8
1383450 1957.0
1383460 1957.0
1383470 1949.2
1383480 1942.2
1383490 1942.2
1383500 1935.3
1383510 1928.4
1383520 1921.5
1383530 1921.5
1383540 1914.9
1383550 1908.3
1383560 1908.3
1383570 1901.5
1383580 1894.4
1383590 1894.4
1383600 1887.3
1383610 1880.2
1383620 1880.2
1383630 1870.2
1383640 1863.6
1383650 1863.6
1383660 1856.4
1383670 1848.4
1383680 1848.4
1383690 1840.0
1383700 1830.3
1383710 1821.2
1383720 1821.2
1383730 1811.9
1383740 1803.1
1383750 1803.1
1383760 1793.8
1383770 1785.3
1383780 1785.3
1383790 1777.4
1383800 1769.8
1383810 1769.8
1383820 1762.7
1383830 1757.2
1383840 1757.2
1383850 1753.6
1383860 1749.5
1383870 1749.5
1383880 1745.1
1383890 1740.9
1383900 1740.9
1383910 1736.7
1383920 1733.2
1383930 1730.3
1383940 1730.3
1383950 1727.3
1383960 1722.5
1383970 1722.5
1383980 1716.6
1383990 1709.2
1384000 1709.2
1384010 1702.5
1384020 1696.6
1384030 1696.6
1384040 1691.0
1384050 1685.0
1384060 1685.0
1384070 1678.2
1384080 1672.0
1384090 1672.0
1384100 1666.5
1384110 1661.0
1384120 1655.7
1384130 1655.7
1384140 1650.6
1384150 1644.2
1384160 1644.2
1384170 1637.8
1384180 1630.3
1384190 1630.3
1384200 1623.0
1384210 1617.0
1384220 1617.0
1384230 1611.7
1384240 1606.4
1384250 1606.4
1384260 1602.0
1384270 1597.3
1384280 1597.3
1384290 1592.6
1384300 1586.2
1384310 1579.6
1384320 1579.6
1384330 1573.6
1384340 1568.7
1384350 1568.7
1384360 1566.0
1384370 1563.9
1384380 1563.9
1384390 1556.9
1384400 1546.6
1384410 1546.6
1384420 1534.6
1384430 1525.5
1384440 1525.5
1384450 1517.1
1384460 1508.4
1384470 1508.4
1384480 1501.8
1384490 1501.3
1384500 1501.3
1384510 1504.7
1384520 1514.4
1384530 1523.5
1384540 1523.5
1384550 1528.9
1384560 1532.4
1384570 1532.4
1384580 1536.2
1384590 1541.8
1384600 1541.8
1384610 1549.1
1384620 1556.3
1384630 1556.3
1384640 1562.1
1384650 1567.9
1384660 1567.9
1384670 1573.2
1384680 1579.1
1384690 1579.1
1384700 1587.0
1384710 1593.4
1384720 1596.8
1384730 1596.8
1384740 1600.5
1384750 1601.8
1384760 1601.8
1384770 1603.5
1384780 1606.6
1384790 1606.6
1384800 1610.5
1384810 1613.4
1384820 1613.4
1384830 1614.8
1384840 1616.6
1384850 1616.6
1384860 1620.4
1384870 1624.1
1384880 1624.1
1384890 1625.7
1384900 1631.8
1384910 1632.6
1384920 1632.6
1384930 1631.3
1384940 1630.0
1384950 1630.0
1384960 1630.1
1384970 1629.7
1384980 1629.7
1384990 1626.0
1385000 1620.3
1385010 1620.3
1385020 1613.2
1385030 1605.0
1385040 1605.0
1385050 1597.9
1385060 1592.5
1385070 1592.5
1385080 1589.1
1385090 1588.8
1385100 1588.8
1385110 1589.7
1385120 1586.6
1385130 1583.6
1385140 1583.6
1385150 1579.0
1385160 1573.5
1385170 1573.5
1385180 1568.1
1385190 1562.0
1385200 1562.0
1385210 1556.0
1385220 1551.8
1385230 1551.8
1385240 1549.0
1385250 1546.0
1385260 1546.0
1385270 1544.8
1385280 1550.7
1385290 1550.7
1385300 1559.5
1385310 1569.9
1385320 1582.9
1385330 1582.9
1385340 1593.0
1385350 1600.7
1385360 1600.7
1385370 1607.5
1385380 1612.9
1385390 1612.9
1385400 1617.7
1385410 1623.2
1385420 1623.2
1385430 1628.7
1385440 1633.9
1385450 1633.9
1385460 1639.4
1385470 1646.1
1385480 1646.1
1385490 1652.5
1385500 1658.6
1385510 1658.6
1385520 1664.5
1385530 1670.3
1385540 1676.0
1385550 1676.0
1385560 1682.2
1385570 1688.8
1385580 1688.8
1385590 1695.1
1385600 1701.6
1385610 1701.6
1385620 1708.1
1385630 1715.2
1385640 1715.2
1385650 1723.2
1385660 1730.9
1385670 1730.9
1385680 1737.6
1385690 1744.3
1385700 1744.3
1385710 1750.7
1385720 1756.7
1385730 1761.0
1385740 1761.0
1385750 1765.3
1385760 1770.3
1385770 1770.3
1385780 1776.8
1385790 1783.4
1385800 1783.4
1385810 1791.6
1385820 1799.6
1385830 1799.6
1385840 1807.6
1385850 1815.3
1385860 1815.3
1385870 1822.8
1385880 1830.0
1385890 1830.0
1385900 1836.4
1385910 1843.1
1385920 1850.0
1385930 1850.0
1385940 1855.1
1385950 1861.3
1385960 1861.3
1385970 1867.0
1385980 1872.4
1385990 1872.4
1386000 1877.2
1386010 1882.0
1386020 1882.0
1386030 1885.5
1386040 1890.0
1386050 1890.0
1386060 1893.8
1386070 1897.3
1386080 1897.3
1386090 1901.4
1386100 1905.8
1386110 1905.8
1386120 1910.6
1386130 1915.1
1386140 1919.0
1386150 1919.0
1386160 1922.7
1386170 1928.8
1386180 1928.8
1386190 1932.3
1386200 1935.7
1386210 1935.7
1386220 1939.2
1386230 1942.4
1386240 1942.4
1386250 1945.0
1386260 1947.6
1386270 1947.6
1386280 1949.8
1386290 1951.9
1386300 1951.9
1386310 1953.8
1386320 1955.9
1386330 1958.6
1386340 1958.6
1386350 1961.5
1386360 1964.4
1386370 1964.4
1386380 1966.6
1386390 1968.6
1386400 1968.6
1386410 1970.1
1386420 1971.2
1386430 1971.2
1386440 1972.4
1386450 1973.4
1386460 1973.4
1386470 1973.7
1386480 1973.9
1386490 1973.9
1386500 1973.7
1386510 1973.4
1386520 1973.4
1386530 1973.3
1386540 1973.4
1386550 1973.6
1386560 1973.6
1386570 1973.7
1386580 1973.1
1386590 1973.1
1386600 1972.7
1386610 1972.5
1386620 1972.5
1386630 1972.1
1386640 1971.4
1386650 1971.4
1386660 1971.2
1386670 1972.0
1386680 1972.0
1386690 1974.2
1386700 1975.9
1386710 1975.9
1386720 1976.4
1386730 1977.4
1386740 1977.0
1386750 1977.0
1386760 1976.3
1386770 1976.2
1386780 1976.2
1386790 1977.2
1386800 1977.9
1386810 1977.9
1386820 1977.8
1386830 1978.1
1386840 1978.1
1386850 1978.5
1386860 1978.1
1386870 1978.1
1386880 1979.2
1386890 1980.8
1386900 1980.8
1386910 1982.0
1386920 1982.6
1386930 1982.6
1386940 1982.6
1386950 1982.6
1386960 1982.6
1386970 1982.6
1386980 1981.9
1386990 1982.5
1387000 1982.5
1387010 1984.8
1387020 1986.0
1387030 1986.0
1387040 1986.0
1387050 1985.4
1387060 1985.4
1387070 1984.4
1387080 1983.4
1387090 1983.4
1387100 1984.0
1387110 1985.8
1387120 1985.8
1387130 1988.4
1387140 1990.4
1387150 1991.9
1387160 1991.9
1387170 1993.2
1387180 1994.6
1387190 1994.6
1387200 1997.3
1387210 1998.9
1387220 1998.9
1387230 2000.5
1387240 2002.2
1387250 2002.2
1387260 2003.8
1387270 2005.2
1387280 2005.2
1387290 2005.9
1387300 2004.3
1387310 2004.3
1387320 2004.0
1387330 2003.8
1387340 2002.6
1387350 2002.6
1387360 1999.8
1387370 1995.8
1387380 1995.8
1387390 1989.5
1387400 1982.4
1387410 1982.4
1387420 1975.3
1387430 1968.1
1387440 1968.1
1387450 1961.9
1387460 1956.5
1387470 1956.5
1387480 1950.6
1387490 1944.6
1387500 1944.6
1387510 1938.9
1387520 1934.3
1387530 1930.1
1387540 1930.1
1387550 1924.7
1387560 1919.0
1387570 1919.0
1387580 1913.6
1387590 1908.2
1387600 1908.2
1387610 1902.7
1387620 1896.6
1387630 1896.6
1387640 1890.4
1387650 1884.1
1387660 1884.1
1387670 1877.7
1387680 1871.4
1387690 1871.4
1387700 1864.7
1387710 1857.4
1387720 1857.4
1387730 1850.4
1387740 1843.8
1387750 1836.3
1387760 1836.3
1387770 1828.7
1387780 1820.7
1387790 1820.7
1387800 1812.4
1387810 1804.9
1387820 1804.9
1387830 1798.1
1387840 1792.1
1387850 1792.1
1387860 1786.4
1387870 1780.1
1387880 1780.1
1387890 1774.6
1387900 1769.3
1387910 1769.3
1387920 1764.9
1387930 1759.6
1387940 1753.6
1387950 1753.6
1387960 1746.8
1387970 1739.6
1387980 1739.6
1387990 1732.3
1388000 1724.2
1388010 1724.2
1388020 1716.1
1388030 1707.9
1388040 1707.9
1388050 1700.3
1388060 1692.3
1388070 1692.3
1388080 1679.7
1388090 1662.4
1388100 1662.4
1388110 1648.7
1388120 1631.8
1388130 1618.3
1388140 1618.3
1388150 1608.3
1388160 1599.7
1388170 1599.7
1388180 1592.1
1388190 1583.4
1388200 1583.4
1388210 1576.7
1388220 1566.2
1388230 1566.2
1388240 1555.2
1388250 1545.7
1388260 1545.7
1388270 1533.4
1388280 1525.9
1388290 1525.9
1388300 1524.5
1388310 1528.2
1388320 1528.2
1388330 1536.3
1388340 1550.5
1388350 1566.5
1388360 1566.5
1388370 1579.2
1388380 1590.8
1388390 1590.8
1388400 1601.1
1388410 1613.3
1388420 1613.3
1388430 1629.6
1388440 1643.3
1388450 1643.3
1388460 1655.8
1388470 1669.7
1388480 1669.7
1388490 1680.1
1388500 1687.3
1388510 1687.3
1388520 1694.7
1388530 1702.1
1388540 1709.4
1388550 1709.4
1388560 1717.1
1388570 1724.4
1388580 1724.4
1388590 1732.0
1388600 1739.8
1388610 1739.8
1388620 1747.7
1388630 1754.6
1388640 1754.6
1388650 1760.8
1388660 1767.4
1388670 1767.4
1388680 1773.7
1388690 1779.8
1388700 1779.8
1388710 1786.4
1388720 1794.1
1388730 1794.1
1388740 1799.9
1388750 1804.1
1388760 1807.7
1388770 1807.7
1388780 1817.1
1388790 1820.0
1388800 1820.0
1388810 1822.2
1388820 1823.1
1388830 1823.1
1388840 1824.1
1388850 1823.9
1388860 1823.9
1388870 1823.1
1388880 1821.5
1388890 1821.5
1388900 1818.3
1388910 1813.9
1388920 1813.9
1388930 1810.6
1388940 1809.3
1388950 1808.0
1388960 1808.0
1388970 1805.6
1388980 1803.1
1388990 1803.1
1389000 1800.7
1389010 1798.2
1389020 1798.2
1389030 1795.3
1389040 1792.7
1389050 1792.7
1389060 1790.4
1389070 1787.5
1389080 1787.5
1389090 1783.5
1389100 1779.2
1389110 1779.2
1389120 1775.3
1389130 1771.4
1389140 1767.7
1389150 1767.7
1389160 1763.4
1389170 1758.1
1389180 1758.1
1389190 1750.7
1389200 1741.1
1389210 1741.1
1389220 1730.8
1389230 1720.6
1389240 1720.6
1389250 1711.8
1389260 1703.1
1389270 1703.1
1389280 1694.8
1389290 1687.0
1389300 1687.0
1389310 1678.6
1389320 1669.6
1389330 1669.6
1389340 1661.1
1389350 1652.2
1389360 1645.0
1389370 1645.0
1389380 1637.2
1389390 1628.6
1389400 1628.6
1389410 1619.9
1389420 1612.6
1389430 1612.6
1389440 1605.1
1389450 1596.2
1389460 1596.2
1389470 1585.6
1389480 1578.2
1389490 1578.2
1389500 1571.0
1389510 1564.5
1389520 1564.5
1389530 1562.4
1389540 1568.6
1389550 1576.2
1389560 1576.2
1389570 1584.9
1389580 1591.7
1389590 1591.7
1389600 1596.5
1389610 1600.7
1389620 1600.7
1389630 1606.6
1389640 1613.2
1389650 1613.2
1389660 1619.5
1389670 1627.1
1389680 1627.1
1389690 1636.2
1389700 1645.4
1389710 1645.4
1389720 1655.7
1389730 1667.3
1389740 1677.6
1389750 1677.6
1389760 1687.8
1389770 1697.4
1389780 1697.4
1389790 1705.6
1389800 1713.1
1389810 1713.1
1389820 1724.8
1389830 1736.2
1389840 1736.2
1389850 1744.3
1389860 1750.4
1389870 1750.4
1389880 1756.2
1389890 1762.6
1389900 1762.6
1389910 1770.0
1389920 1777.8
1389930 1777.8
1389940 1784.7
1389950 1789.5
1389960 1793.0
1389970 1793.0
1389980 1793.5
1389990 1792.9
1390000 1792.9
1390010 1791.4
1390020 1789.7
1390030 1789.7
1390040 1786.7
1390050 1783.0
1390060 1783.0
1390070 1780.1
1390080 1777.7
1390090 1777.7
1390100 1775.1
1390110 1775.7
1390120 1775.7
1390130 1773.1
1390140 1770.5
1390150 1768.2
1390160 1768.2
1390170 1765.9
1390180 1763.2
1390190 1763.2
1390200 1760.0
1390210 1755.3
1390220 1755.3
1390230 1751.0
1390240 1746.8
1390250 1746.8
1390260 1742.7
1390270 1738.6
1390280 1738.6
1390290 1734.6
1390300 1731.0
1390310 1731.0
1390320 1727.3
1390330 1724.0
1390340 1724.0
1390350 1720.1
1390360 1715.6
1390370 1712.1
1390380 1712.1
1390390 1707.7
1390400 1703.0
1390410 1703.0
1390420 1699.6
1390430 1696.6
1390440 1696.6
1390450 1694.7
1390460 1692.6
1390470 1692.6
1390480 1688.9
1390490 1684.3
1390500 1684.3
1390510 1679.1
1390520 1674.0
1390530 1674.0
1390540 1669.3
1390550 1664.9
1390560 1659.8
1390570 1659.8
1390580 1653.1
1390590 1646.2
1390600 1646.2
1390610 1639.7
1390620 1633.8
1390630 1633.8
1390640 1628.5
1390650 1623.4
1390660 1623.4
1390670 1618.7
1390680 1614.0
1390690 1614.0
1390700 1608.4
1390710 1602.1
1390720 1602.1
1390730 1595.5
1390740 1587.5
1390750 1575.8
1390760 1575.8
1390770 1565.4
1390780 1555.9
1390790 1555.9
1390800 1546.8
1390810 1537.7
1390820 1537.7
1390830 1529.1
1390840 1520.7
1390850 1520.7
1390860 1512.8
1390870 1505.3
1390880 1505.3
1390890 1498.0
1390900 1490.8
1390910 1490.8
1390920 1483.5
1390930 1477.7
1390940 1477.7
1390950 1473.5
1390960 1466.3
1390970 1459.4
1390980 1459.4
1390990 1452.6
1391000 1447.8
1391010 1447.8
1391020 1442.6
1391030 1438.4
1391040 1438.4
1391050 1433.1
1391060 1429.8
1391070 1429.8
1391080 1429.3
1391090 1429.4
1391100 1429.4
1391110 1430.0
1391120 1428.9
1391130 1428.9
1391140 1432.5
1391150 1436.0
1391160 1432.3
1391170 1432.3
1391180 1424.5
1391190 1417.5
1391200 1417.5
1391210 1415.4
1391220 1417.3
1391230 1417.3
1391240 1411.0
1391250 1401.8
1391260 1401.8
1391270 1398.9
1391280 1410.5
1391290 1410.5
1391300 1424.8
1391310 1436.8
1391320 1436.8
1391330 1444.7
1391340 1451.6
1391350 1458.8
1391360 1458.8
1391370 1466.4
1391380 1474.3
1391390 1474.3
1391400 1480.5
1391410 1486.4
1391420 1486.4
1391430 1491.5
1391440 1496.5
1391450 1496.5
1391460 1506.1
1391470 1511.6
1391480 1511.6
1391490 1516.4
1391500 1520.5
1391510 1520.5
1391520 1524.1
1391530 1530.6
1391540 1530.6
1391550 1536.6
1391560 1540.9
1391570 1543.1
1391580 1543.1
1391590 1544.8
1391600 1549.0
1391610 1549.0
1391620 1553.8
1391630 1558.8
1391640 1558.8
1391650 1565.1
1391660 1571.3
1391670 1571.3
1391680 1576.2
1391690 1580.5
1391700 1580.5
1391710 1583.9
1391720 1588.2
1391730 1588.2
1391740 1592.4
1391750 1595.4
1391760 1598.1
1391770 1598.1
1391780 1601.0
1391790 1604.7
1391800 1604.7
1391810 1608.5
1391820 1611.1
1391830 1611.1
1391840 1612.9
1391850 1615.2
1391860 1615.2
1391870 1618.3
1391880 1620.4
1391890 1620.4
1391900 1621.9
1391910 1623.9
1391920 1623.9
1391930 1625.6
1391940 1627.0
1391950 1627.0
1391960 1629.0
1391970 1630.5
1391980 1631.3
1391990 1631.3
1392000 1632.1
1392010 1634.0
1392020 1634.0
1392030 1634.9
1392040 1635.5
1392050 1635.5
1392060 1636.6
1392070 1637.3
1392080 1637.3
1392090 1636.3
1392100 1635.0
1392110 1635.0
1392120 1634.7
1392130 1633.0
1392140 1633.0
1392150 1631.7
1392160 1632.0
1392170 1632.6
1392180 1632.6
1392190 1633.9
1392200 1635.2
1392210 1635.2
1392220 1634.8
1392230 1634.1
1392240 1634.1
1392250 1632.8
1392260 1633.0
1392270 1633.0
1392280 1633.0
1392290 1631.7
1392300 1631.7
1392310 1630.3
1392320 1628.4
1392330 1628.4
1392340 1625.3
1392350 1622.4
1392360 1620.7
1392370 1620.7
1392380 1617.7
1392390 1614.8
1392400 1614.8
1392410 1613.2
1392420 1611.3
1392430 1611.3
1392440 1609.7
1392450 1608.0
1392460 1608.0
1392470 1606.0
1392480 1604.2
1392490 1604.2
1392500 1602.8
1392510 1601.5
1392520 1601.5
1392530 1599.8
1392540 1598.2
1392550 1598.2
1392560 1595.4
1392570 1593.1
1392580 1591.1
1392590 1591.1
1392600 1589.4
1392610 1588.2
1392620 1588.2
1392630 1587.4
1392640 1586.7
1392650 1586.7
1392660 1585.2
1392670 1581.1
1392680 1581.1
1392690 1578.7
1392700 1576.5
1392710 1576.5
1392720 1573.3
1392730 1571.2
1392740 1571.2
1392750 1568.8
1392760 1566.2
1392770 1563.3
1392780 1563.3
1392790 1559.8
1392800 1554.1
1392810 1554.1
1392820 1546.0
1392830 1543.2
1392840 1543.2
1392850 1537.0
1392860 1530.9
1392870 1530.9
1392880 1524.2
1392890 1517.8
1392900 1517.8
1392910 1511.5
1392920 1505.3
1392930 1505.3
1392940 1498.5
1392950 1491.9
1392960 1485.0
1392970 1485.0
1392980 1476.4
1392990 1464.2
1393000 1464.2
1393010 1452.8
1393020 1442.6
1393030 1442.6
1393040 1436.0
1393050 1441.7
1393060 1441.7
1393070 1454.0
1393080 1464.4
1393090 1464.4
1393100 1474.2
1393110 1484.2
1393120 1484.2
1393130 1493.3
1393140 1502.0
1393150 1502.0
1393160 1510.5
1393170 1518.6
1393180 1527.0
1393190 1527.0
1393200 1536.1
1393210 1545.2
1393220 1545.2
1393230 1553.9
1393240 1560.5
1393250 1560.5
1393260 1563.0
1393270 1564.9
1393280 1564.9
1393290 1567.3
1393300 1569.3
1393310 1569.3
1393320 1571.8
1393330 1573.3
1393340 1573.3
1393350 1573.1
1393360 1571.6
1393370 1569.8
1393380 1569.8
1393390 1568.2
1393400 1567.0
1393410 1567.0
1393420 1565.6
1393430 1564.2
1393440 1564.2
1393450 1562.9
1393460 1562.3
1393470 1562.3
1393480 1561.9
1393490 1561.1
1393500 1561.1
1393510 1561.0
1393520 1561.3
1393530 1561.3
1393540 1560.9
1393550 1559.2
1393560 1556.3
1393570 1556.3
1393580 1553.0
1393590 1550.3
1393600 1550.3
1393610 1547.0
1393620 1544.3
1393630 1544.3
1393640 1542.9
1393650 1542.5
1393660 1542.5
1393670 1543.9
1393680 1545.4
1393690 1545.4
1393700 1547.7
1393710 1549.1
1393720 1549.1
1393730 1550.6
1393740 1551.1
1393750 1551.1
1393760 1551.1
1393770 1550.1
1393780 1548.4
1393790 1548.4
1393800 1546.7
1393810 1544.6
1393820 1544.6
1393830 1541.9
1393840 1539.3
1393850 1539.3
1393860 1536.8
1393870 1533.3
1393880 1533.3
1393890 1529.9
1393900 1526.9
1393910 1526.9
1393920 1523.3
1393930 1518.4
1393940 1518.4
1393950 1514.0
1393960 1510.4
1393970 1507.0
1393980 1507.0
1393990 1504.0
1394000 1499.1
1394010 1499.1
1394020 1493.1
1394030 1491.4
1394040 1491.4
1394050 1491.7
1394060 1495.9
1394070 1495.9
1394080 1498.5
1394090 1498.5
1394100 1498.5
1394110 1497.2
1394120 1496.6
1394130 1496.6
1394140 1496.8
1394150 1496.6
1394160 1496.6
1394170 1496.9
1394180 1496.0
1394190 1495.4
1394200 1495.4
1394210 1495.3
1394220 1501.2
1394230 1501.2
1394240 1501.1
1394250 1500.8
1394260 1500.8
1394270 1499.2
1394280 1498.2
1394290 1498.2
1394300 1497.8
1394310 1497.4
1394320 1497.4
1394330 1496.5
1394340 1494.7
1394350 1494.7
1394360 1492.3
1394370 1489.3
1394380 1484.7
1394390 1484.7
1394400 1478.7
1394410 1473.8
1394420 1473.8
1394430 1470.7
1394440 1467.4
1394450 1467.4
1394460 1463.2
1394470 1459.0
1394480 1459.0
1394490 1456.3
1394500 1452.5
1394510 1452.5
1394520 1450.0
1394530 1446.1
1394540 1446.1
1394550 1440.7
1394560 1434.8
1394570 1427.8
1394580 1427.8
1394590 1419.8
1394600 1412.2
1394610 1412.2
1394620 1403.1
1394630 1393.4
1394640 1393.4
1394650 1388.1
1394660 1385.3
1394670 1385.3
1394680 1381.4
1394690 1376.1
1394700 1376.1
1394710 1369.3
1394720 1364.4
1394730 1364.4
1394740 1360.7
1394750 1357.2
1394760 1357.2
1394770 1352.5
1394780 1347.7
1394790 1344.6
1394800 1344.6
1394810 1343.0
1394820 1342.0
1394830 1342.0
1394840 1340.4
1394850 1337.5
1394860 1337.5
1394870 1334.2
1394880 1330.7
1394890 1330.7
1394900 1326.2
1394910 1322.0
1394920 1322.0
1394930 1318.4
1394940 1316.2
1394950 1316.2
1394960 1314.8
1394970 1312.1
1394980 1308.5
1394990 1308.5
1395000 1303.7
1395010 1298.5
1395020 1298.5
1395030 1293.3
1395040 1288.3
1395050 1288.3
1395060 1283.7
1395070 1279.5
1395080 1279.5
1395090 1275.3
1395100 1271.6
1395110 1271.6
1395120 1266.9
1395130 1258.4
1395140 1258.4
1395150 1247.9
1395160 1236.1
1395170 1221.6
1395180 1221.6
1395190 1209.6
1395200 1198.7
1395210 1198.7
1395220 1189.1
1395230 1181.2
1395240 1181.2
1395250 1174.1
1395260 1167.3
1395270 1167.3
1395280 1160.8
1395290 1154.1
1395300 1154.1
1395310 1149.7
1395320 1146.7
1395330 1146.7
1395340 1144.0
1395350 1141.7
1395360 1141.7
1395370 1138.4
1395380 1135.1
1395390 1132.4
1395400 1132.4
1395410 1130.1
1395420 1128.3
1395430 1128.3
1395440 1125.5
1395450 1120.7
1395460 1120.7
1395470 1116.0
1395480 1111.7
1395490 1111.7
1395500 1107.5
1395510 1103.9
1395520 1103.9
1395530 1100.5
1395540 1097.7
1395550 1097.7
1395560 1095.6
1395570 1093.4
1395580 1091.3
1395590 1091.3
1395600 1089.3
1395610 1087.7
1395620 1087.7
1395630 1087.1
1395640 1085.1
1395650 1085.1
1395660 1084.4
1395670 1083.0
1395680 1083.0
1395690 1082.5
1395700 1081.2
1395710 1081.2
1395720 1079.6
1395730 1077.9
1395740 1077.9
1395750 1076.2
1395760 1074.3
1395770 1074.3
1395780 1071.6
1395790 1068.7
1395800 1066.3
1395810 1066.3
1395820 1064.3
1395830 1062.6
1395840 1062.6
1395850 1060.4
1395860 1058.1
1395870 1058.1
1395880 1055.5
1395890 1053.1
1395900 1053.1
1395910 1050.5
1395920 1048.5
1395930 1048.5
1395940 1047.0
1395950 1045.4
1395960 1045.4
1395970 1044.0
1395980 1042.5
1395990 1040.8
1396000 1040.8
1396010 1039.2
1396020 1037.5
1396030 1037.5
1396040 1035.8
1396050 1034.4
1396060 1034.4
1396070 1032.8
1396080 1031.1
1396090 1031.1
1396100 1029.5
1396110 1027.5
1396120 1027.5
1396130 1025.7
1396140 1024.4
1396150 1024.4
1396160 1023.2
1396170 1021.4
1396180 1019.6
1396190 1019.6
1396200 1017.9
1396210 1016.4
1396220 1016.4
1396230 1015.1
1396240 1013.5
1396250 1013.5
1396260 1012.0
1396270 1011.2
1396280 1011.2
1396290 1010.0
1396300 1008.5
1396310 1008.5
1396320 1006.6
1396330 1004.1
1396340 1004.1
1396350 1002.0
1396360 999.1
1396370 999.1
1396380 995.3
1396390 987.9
1396400 980.3
1396410 980.3
1396420 971.7
1396430 960.8
1396440 960.8
1396450 949.2
1396460 939.9
1396470 939.9
1396480 932.0
1396490 927.0
1396500 927.0
1396510 923.4
1396520 922.6
1396530 922.6
1396540 922.7
1396550 924.8
1396560 924.8
1396570 924.9
1396580 926.3
1396590 927.0
1396600 927.0
1396610 927.4
1396620 927.7
1396630 927.7
1396640 928.1
1396650 928.4
1396660 928.4
1396670 928.5
1396680 928.4
1396690 928.4
1396700 928.3
1396710 928.1
1396720 928.1
1396730 928.0
1396740 927.9
1396750 927.9
1396760 927.8
1396770 927.8
1396780 927.9
1396790 927.9
1396800 927.9
1396810 927.7
1396820 927.7
1396830 927.6
1396840 927.5
1396850 927.5
1396860 927.5
1396870 927.5
1396880 927.5
1396890 927.5
1396900 927.6
1396910 927.6
1396920 927.6
1396930 927.7
1396940 927.7
1396950 928.3
1396960 928.3
1396970 928.3
1396980 928.2
1396990 928.2
1397000 928.2
1397010 928.2
1397020 928.4
1397030 928.6
1397040 928.6
1397050 928.5
1397060 928.5
1397070 928.5
1397080 928.8
1397090 929.1
1397100 929.1
1397110 928.9
1397120 928.9
1397130 928.9
1397140 929.0
1397150 929.1
1397160 929.1
1397170 929.2
1397180 929.3
1397190 929.4
1397200 929.4
1397210 929.6
1397220 929.8
1397230 929.8
1397240 930.3
1397250 930.9
1397260 930.9
1397270 931.5
1397280 932.0
1397290 932.0
1397300 932.5
1397310 933.0
1397320 933.0
1397330 933.5
1397340 934.5
1397350 934.5
1397360 937.2
1397370 944.1
1397380 944.1
1397390 951.1
1397400 957.9
1397410 964.0
1397420 964.0
1397430 969.9
1397440 975.6
1397450 975.6
1397460 979.5
1397470 984.2
1397480 984.2
1397490 988.4
1397500 994.5
1397510 994.5
1397520 1000.0
1397530 1004.4
1397540 1004.4
1397550 1006.2
1397560 1001.4
1397570 1001.4
1397580 997.3
1397590 995.2
1397600 1001.1
1397610 1001.1
1397620 1018.1
1397630 1042.4
1397640 1042.4
1397650 1055.1
1397660 1060.6
1397670 1060.6
1397680 1064.7
1397690 1074.3
1397700 1074.3
1397710 1092.3
1397720 1106.9
1397730 1106.9
1397740 1113.0
1397750 1119.5
1397760 1119.5
1397770 1126.6
1397780 1133.4
1397790 1140.4
1397800 1140.4
1397810 1148.5
1397820 1157.2
1397830 1157.2
1397840 1164.3
1397850 1170.4
1397860 1170.4
1397870 1174.7
1397880 1179.0
1397890 1179.0
1397900 1183.1
1397910 1183.0
1397920 1183.0
1397930 1181.3
1397940 1183.3
1397950 1183.3
1397960 1187.3
1397970 1196.8
1397980 1196.8
1397990 1203.8
1398000 1208.8
1398010 1212.7
1398020 1212.7
1398030 1217.6
1398040 1222.7
1398050 1222.7
1398060 1227.3
1398070 1232.1
1398080 1232.1
1398090 1236.5
1398100 1240.0
1398110 1240.0
1398120 1243.0
1398130 1249.0
1398140 1249.0
1398150 1255.3
1398160 1260.2
1398170 1260.2
1398180 1266.1
1398190 1271.5
1398200 1274.7
1398210 1274.7
1398220 1277.6
1398230 1281.0
1398240 1281.0
1398250 1284.6
1398260 1288.4
1398270 1288.4
1398280 1292.2
1398290 1295.6
1398300 1295.6
1398310 1298.2
1398320 1300.1
1398330 1300.1
1398340 1302.0
1398350 1304.7
1398360 1304.7
1398370 1307.1
1398380 1309.5
1398390 1313.0
1398400 1313.0
1398410 1316.5
1398420 1319.9
1398430 1319.9
1398440 1324.1
1398450 1330.0
1398460 1330.0
1398470 1335.9
1398480 1341.2
1398490 1341.2
1398500 1346.4
1398510 1352.1
1398520 1351.0
1398530 1356.9
1398540 1363.7
1398550 1363.7
1398560 1370.8
1398570 1378.0
1398580 1378.0
1398590 1385.4
1398600 1392.5
1398610 1399.6
1398620 1399.6
1398630 1405.8
1398640 1411.2
1398650 1411.2
1398660 1415.2
1398670 1418.6
1398680 1418.6
1398690 1422.7
1398700 1426.8
1398710 1426.8
1398720 1430.4
1398730 1433.3
1398740 1433.3
1398750 1436.5
1398760 1440.9
1398770 1440.9
1398780 1445.7
1398790 1450.5
1398800 1455.8
1398810 1455.8
1398820 1460.5
1398830 1464.4
1398840 1464.4
1398850 1468.7
1398860 1473.1
1398870 1473.1
1398880 1477.4
1398890 1481.6
1398900 1481.6
1398910 1486.0
1398920 1490.8
1398930 1490.8
1398940 1496.9
1398950 1503.5
1398960 1503.5
1398970 1509.9
1398980 1516.1
1398990 1516.1
1399000 1522.2
1399010 1528.4
1399020 1534.4
1399030 1534.4
1399040 1540.1
1399050 1546.1
1399060 1546.1
1399070 1551.6
1399080 1556.9
1399090 1556.9
1399100 1561.4
1399110 1565.3
1399120 1565.3
1399130 1569.8
1399140 1574.9
1399150 1574.9
1399160 1580.5
1399170 1586.1
1399180 1586.1
1399190 1590.5
1399200 1594.7
1399210 1599.5
1399220 1599.5
1399230 1603.8
1399240 1608.2
1399250 1608.2
1399260 1613.0
1399270 1619.0
1399280 1619.0
1399290 1626.4
1399300 1634.0
1399310 1634.0
1399320 1640.9
1399330 1648.5
1399340 1648.5
1399350 1656.4
1399360 1663.7
1399370 1663.7
1399380 1670.2
1399390 1676.2
1399400 1681.6
1399410 1681.6
1399420 1686.5
1399430 1690.8
1399440 1690.8
1399450 1694.7
1399460 1699.2
1399470 1699.2
1399480 1703.7
1399490 1708.5
1399500 1708.5
1399510 1713.3
1399520 1716.1
1399530 1716.1
1399540 1721.5
1399550 1727.7
1399560 1727.7
1399570 1733.7
1399580 1738.0
1399590 1738.0
1399600 1740.9
1399610 1742.7
1399620 1742.9
1399630 1742.9
1399640 1746.0
1399650 1752.4
1399660 1752.4
1399670 1761.7
1399680 1776.2
1399690 1776.2
1399700 1789.3
1399710 1799.5
1399720 1799.5
1399730 1809.8
1399740 1817.6
1399750 1817.6
1399760 1823.8
1399770 1829.3
1399780 1829.3
1399790 1834.9
1399800 1842.3
1399810 1851.1
1399820 1851.1
1399830 1857.3
1399840 1861.2
1399850 1861.2
1399860 1866.3
1399870 1873.3
1399880 1873.3
1399890 1881.1
1399900 1889.8
1399910 1889.8
1399920 1896.5
1399930 1900.2
1399940 1900.2
1399950 1906.2
1399960 1913.9
1399970 1913.9
1399980 1919.7
1399990 1926.1
