1380000 2067.6
1380010 2064.1
1380020 2060.7
1380030 2060.7
1380040 2057.6
1380050 2054.4
1380060 2054.4
1380070 2051.3
1380080 2048.3
1380090 2048.3
1380100 2044.9
1380110 2041.3
1380120 2041.3
1380130 2038.2
1380140 2035.9
1380150 2035.9
1380160 2033.1
1380170 2030.0
1380180 2026.3
1380190 2026.3
1380200 2022.4
1380210 2018.7
1380220 2018.7
1380230 2015.6
1380240 2011.9
1380250 2011.9
1380260 2007.1
1380270 2000.7
1380280 2000.7
1380290 1994.8
1380300 1988.6
1380310 1988.6
1380320 1984.4
1380330 1979.9
1380340 1979.9
1380350 1976.3
1380360 1973.6
1380370 1973.6
1380380 1969.6
1380390 1963.9
1380400 1959.3
1380410 1959.3
1380420 1953.9
1380430 1946.8
1380440 1946.8
1380450 1935.9
1380460 1927.0
1380470 1927.0
1380480 1920.1
1380490 1915.0
1380500 1915.0
1380510 1908.7
1380520 1902.2
1380530 1902.2
1380540 1896.0
1380550 1889.4
1380560 1889.4
1380570 1883.6
1380580 1879.3
1380590 1871.6
1380600 1871.6
1380610 1861.0
1380620 1851.3
1380630 1851.3
1380640 1844.9
1380650 1837.9
1380660 1837.9
1380670 1830.1
1380680 1822.2
1380690 1822.2
1380700 1813.0
1380710 1804.0
1380720 1804.0
1380730 1798.1
1380740 1795.3
1380750 1795.3
1380760 1793.5
1380770 1791.1
1380780 1791.1
1380790 1788.8
1380800 1786.3
1380810 1783.5
1380820 1783.5
1380830 1780.7
1380840 1776.3
1380850 1776.3
1380860 1771.6
1380870 1766.2
1380880 1766.2
1380890 1760.6
1380900 1755.6
1380910 1755.6
1380920 1750.6
1380930 1745.6
1380940 1745.6
1380950 1739.5
1380960 1732.0
1380970 1732.0
1380980 1725.6
1380990 1719.0
1381000 1712.4
1381010 1712.4
1381020 1706.7
1381030 1704.5
1381040 1704.5
1381050 1699.9
1381060 1693.5
1381070 1693.5
1381080 1686.3
1381090 1679.2
1381100 1679.2
1381110 1672.9
1381120 1667.1
1381130 1667.1
1381140 1660.5
1381150 1653.2
1381160 1653.2
1381170 1646.4
1381180 1639.8
1381190 1632.6
1381200 1632.6
1381210 1626.5
1381220 1619.9
1381230 1619.9
1381240 1613.7
1381250 1607.7
1381260 1607.7
1381270 1601.2
1381280 1592.7
1381290 1592.7
1381300 1584.0
1381310 1577.3
1381320 1577.3
1381330 1572.7
1381340 1566.7
1381350 1566.7
1381360 1558.6
1381370 1552.0
1381380 1552.0
1381390 1552.5
1381400 1560.0
1381410 1568.9
1381420 1568.9
1381430 1577.6
1381440 1585.7
1381450 1585.7
1381460 1592.0
1381470 1596.8
1381480 1596.8
1381490 1600.0
1381500 1603.7
1381510 1603.7
1381520 1607.3
1381530 1615.9
1381540 1615.9
1381550 1619.1
1381560 1622.0
1381570 1622.0
1381580 1624.9
1381590 1629.7
1381600 1633.6
1381610 1633.6
1381620 1636.2
1381630 1638.9
1381640 1638.9
1381650 1642.9
1381660 1647.4
1381670 1647.4
1381680 1651.7
1381690 1654.6
1381700 1654.6
1381710 1656.3
1381720 1659.0
1381730 1659.0
1381740 1664.4
1381750 1670.0
1381760 1670.0
1381770 1676.6
1381780 1683.5
1381790 1688.9
1381800 1688.9
1381810 1693.2
1381820 1698.0
1381830 1698.0
1381840 1703.1
1381850 1707.9
1381860 1707.9
1381870 1712.1
1381880 1716.9
1381890 1716.9
1381900 1722.5
1381910 1728.6
1381920 1728.6
1381930 1736.5
1381940 1743.9
1381950 1743.9
1381960 1746.9
1381970 1748.9
1381980 1748.9
1381990 1751.2
1382000 1753.2
1382010 1753.4
1382020 1753.4
1382030 1753.7
1382040 1753.8
1382050 1753.8
1382060 1755.0
1382070 1758.5
1382080 1758.5
1382090 1761.2
1382100 1762.9
1382110 1762.9
1382120 1765.4
1382130 1769.1
1382140 1769.1
1382150 1773.0
1382160 1779.7
1382170 1779.7
1382180 1786.6
1382190 1788.1
1382200 1784.3
1382210 1784.3
1382220 1780.7
1382230 1778.8
1382240 1778.8
1382250 1775.2
1382260 1775.7
1382270 1775.7
1382280 1785.7
1382290 1797.8
1382300 1797.8
1382310 1802.5
1382320 1805.0
1382330 1805.0
1382340 1806.8
1382350 1806.4
1382360 1806.4
1382370 1806.6
1382380 1810.0
1382390 1810.0
1382400 1813.2
1382410 1816.3
1382420 1818.9
1382430 1818.9
1382440 1820.9
1382450 1822.4
1382460 1822.4
1382470 1823.5
1382480 1821.5
1382490 1821.5
1382500 1817.9
1382510 1816.8
1382520 1816.8
1382530 1816.1
1382540 1815.9
1382550 1815.9
1382560 1817.4
1382570 1819.9
1382580 1819.9
1382590 1820.1
1382600 1822.0
1382610 1824.8
1382620 1824.8
1382630 1830.2
1382640 1836.0
1382650 1836.0
1382660 1842.5
1382670 1848.8
1382680 1848.8
1382690 1855.2
1382700 1861.0
1382710 1861.0
1382720 1867.1
1382730 1873.4
1382740 1873.4
1382750 1880.1
1382760 1887.8
1382770 1887.8
1382780 1894.1
1382790 1900.6
1382800 1907.4
1382810 1907.4
1382820 1914.6
1382830 1921.9
1382840 1921.9
1382850 1928.8
1382860 1935.6
1382870 1935.6
1382880 1942.5
1382890 1949.7
1382900 1949.7
1382910 1956.9
1382920 1964.2
1382930 1964.2
1382940 1971.6
1382950 1979.1
1382960 1979.1
1382970 1986.0
1382980 1992.9
1382990 1992.9
1383000 2000.2
1383010 2007.9
1383020 2015.8
1383030 2015.8
1383040 2023.3
1383050 2029.5
1383060 2029.5
1383070 2033.9
1383080 2037.8
1383090 2037.8
1383100 2041.6
1383110 2045.2
1383120 2045.2
1383130 2048.2
1383140 2051.0
1383150 2051.0
1383160 2053.0
1383170 2054.4
1383180 2054.4
1383190 2054.8
1383200 2054.3
1383210 2053.3
1383220 2053.3
1383230 2052.0
1383240 2050.5
1383250 2050.5
1383260 2048.6
1383270 2046.4
1383280 2046.4
1383290 2044.0
1383300 2041.1
1383310 2041.1
1383320 2037.8
1383330 2034.7
1383340 2034.7
1383350 2031.3
1383360 2027.5
1383370 2027.5
1383380 2022.6
1383390 2016.6
1383400 2016.6
1383410 2009.9
1383420 2002.6
1383430 1995.3
1383440 1995.3
1383450 1987.4
1383460 1979.0
1383470 1979.0
1383480 1970.8
1383490 1963.1
1383500 1963.1
1383510 1955.4
1383520 1947.8
1383530 1947.8
1383540 1940.7
1383550 1933.4
1383560 1933.4
1383570 1926.3
1383580 1919.4
1383590 1919.4
1383600 1912.8
1383610 1906.1
1383620 1899.5
1383630 1899.5
1383640 1892.7
1383650 1884.9
1383660 1884.9
1383670 1878.0
1383680 1874.1
1383690 1874.1
1383700 1870.9
1383710 1866.4
1383720 1866.4
1383730 1861.3
1383740 1856.1
1383750 1856.1
1383760 1850.8
1383770 1845.3
1383780 1845.3
1383790 1839.7
1383800 1834.4
1383810 1828.8
1383820 1828.8
1383830 1822.9
1383840 1816.3
1383850 1816.3
1383860 1809.4
1383870 1803.2
1383880 1803.2
1383890 1797.2
1383900 1791.3
1383910 1791.3
1383920 1785.2
1383930 1779.7
1383940 1779.7
1383950 1774.4
1383960 1768.6
1383970 1768.6
1383980 1762.6
1383990 1756.7
1384000 1756.7
1384010 1750.7
1384020 1741.2
1384030 1735.7
1384040 1735.7
1384050 1731.4
1384060 1727.2
1384070 1727.2
1384080 1722.3
1384090 1715.7
1384100 1715.7
1384110 1708.8
1384120 1701.7
1384130 1701.7
1384140 1693.7
1384150 1686.5
1384160 1686.5
1384170 1681.1
1384180 1675.1
1384190 1675.1
1384200 1670.0
1384210 1665.4
1384220 1660.3
1384230 1660.3
1384240 1654.0
1384250 1647.6
1384260 1647.6
1384270 1641.8
1384280 1636.4
1384290 1636.4
1384300 1630.4
1384310 1624.0
1384320 1624.0
1384330 1617.5
1384340 1610.6
1384350 1610.6
1384360 1601.9
1384370 1592.5
1384380 1592.5
1384390 1584.1
1384400 1576.8
1384410 1570.0
1384420 1570.0
1384430 1563.1
1384440 1555.6
1384450 1555.6
1384460 1547.7
1384470 1539.3
1384480 1539.3
1384490 1531.0
1384500 1522.9
1384510 1522.9
1384520 1512.1
1384530 1500.6
1384540 1500.6
1384550 1489.9
1384560 1479.1
1384570 1479.1
1384580 1470.9
1384590 1469.9
1384600 1469.9
1384610 1478.8
1384620 1487.1
1384630 1494.0
1384640 1494.0
1384650 1499.2
1384660 1501.3
1384670 1501.3
1384680 1501.2
1384690 1504.2
1384700 1504.2
1384710 1510.0
1384720 1517.1
1384730 1517.1
1384740 1524.8
1384750 1529.8
1384760 1529.8
1384770 1528.1
1384780 1527.5
1384790 1527.5
1384800 1529.9
1384810 1534.0
1384820 1537.3
1384830 1537.3
1384840 1539.8
1384850 1542.4
1384860 1542.4
1384870 1544.1
1384880 1546.8
1384890 1546.8
1384900 1550.0
1384910 1552.9
1384920 1552.9
1384930 1554.6
1384940 1554.0
1384950 1554.0
1384960 1549.3
1384970 1544.0
1384980 1544.0
1384990 1538.4
1385000 1532.9
1385010 1532.9
1385020 1528.6
1385030 1524.5
1385040 1518.0
1385050 1518.0
1385060 1507.9
1385070 1500.0
1385080 1500.0
1385090 1497.9
1385100 1503.0
1385110 1503.0
1385120 1510.4
1385130 1516.7
1385140 1516.7
1385150 1524.4
1385160 1533.7
1385170 1533.7
1385180 1541.9
1385190 1549.6
1385200 1549.6
1385210 1557.7
1385220 1565.9
1385230 1573.5
1385240 1573.5
1385250 1580.9
1385260 1587.9
1385270 1587.9
1385280 1592.9
1385290 1599.8
1385300 1599.8
1385310 1606.4
1385320 1612.8
1385330 1612.8
1385340 1619.5
1385350 1626.6
1385360 1626.6
1385370 1633.8
1385380 1640.4
1385390 1640.4
1385400 1647.1
1385410 1653.0
1385420 1657.0
1385430 1657.0
1385440 1660.5
1385450 1663.5
1385460 1663.5
1385470 1666.7
1385480 1669.5
1385490 1669.5
1385500 1674.5
1385510 1680.2
1385520 1680.2
1385530 1685.7
1385540 1690.7
1385550 1690.7
1385560 1694.3
1385570 1697.8
1385580 1697.8
1385590 1703.1
1385600 1709.2
1385610 1709.2
1385620 1715.2
1385630 1721.3
1385640 1726.8
1385650 1726.8
1385660 1731.0
1385670 1734.5
1385680 1734.5
1385690 1738.2
1385700 1742.3
1385710 1742.3
1385720 1746.7
1385730 1751.6
1385740 1751.6
1385750 1756.9
1385760 1763.0
1385770 1763.0
1385780 1769.3
1385790 1774.1
1385800 1774.1
1385810 1777.5
1385820 1780.8
1385830 1783.7
1385840 1783.7
1385850 1786.4
1385860 1787.7
1385870 1787.7
1385880 1789.2
1385890 1791.4
1385900 1791.4
1385910 1792.6
1385920 1795.6
1385930 1795.6
1385940 1800.1
1385950 1802.2
1385960 1802.2
1385970 1803.7
1385980 1809.0
1385990 1809.0
1386000 1816.2
1386010 1823.5
1386020 1829.3
1386030 1829.3
1386040 1833.2
1386050 1836.9
1386060 1836.9
1386070 1840.3
1386080 1844.4
1386090 1844.4
1386100 1848.1
1386110 1850.6
1386120 1850.6
1386130 1853.6
1386140 1857.1
1386150 1857.1
1386160 1860.6
1386170 1864.0
1386180 1864.0
1386190 1866.9
1386200 1869.5
1386210 1869.5
1386220 1872.6
1386230 1875.6
1386240 1878.4
1386250 1878.4
1386260 1880.9
1386270 1883.9
1386280 1883.9
1386290 1887.2
1386300 1890.0
1386310 1890.0
1386320 1891.8
1386330 1893.3
1386340 1893.3
1386350 1894.2
1386360 1894.9
1386370 1894.9
1386380 1895.5
1386390 1895.8
1386400 1895.8
1386410 1895.5
1386420 1895.3
1386430 1894.9
1386440 1894.9
1386450 1894.2
1386460 1893.2
1386470 1893.2
1386480 1892.0
1386490 1891.8
1386500 1891.8
1386510 1891.6
1386520 1890.3
1386530 1890.3
1386540 1888.1
1386550 1887.0
1386560 1892.3
1386570 1893.0
1386580 1895.1
1386590 1895.1
1386600 1899.2
1386610 1903.3
1386620 1903.3
1386630 1905.2
1386640 1905.4
1386650 1904.8
1386660 1904.8
1386670 1904.6
1386680 1905.1
1386690 1905.1
1386700 1905.7
1386710 1905.5
1386720 1905.5
1386730 1905.4
1386740 1905.7
1386750 1905.7
1386760 1906.3
1386770 1906.8
1386780 1906.8
1386790 1906.8
1386800 1907.6
1386810 1907.6
1386820 1908.3
1386830 1909.4
1386840 1910.8
1386850 1910.8
1386860 1911.8
1386870 1912.5
1386880 1912.5
1386890 1913.0
1386900 1913.4
1386910 1913.4
1386920 1913.8
1386930 1913.9
1386940 1913.9
1386950 1914.1
1386960 1914.6
1386970 1914.6
1386980 1915.0
1386990 1915.4
1387000 1915.4
1387010 1916.0
1387020 1916.8
1387030 1917.1
1387040 1917.1
1387050 1917.2
1387060 1917.0
1387070 1917.0
1387080 1916.8
1387090 1916.7
1387100 1916.7
1387110 1916.8
1387120 1916.9
1387130 1916.9
1387140 1916.9
1387150 1917.3
1387160 1917.3
1387170 1918.1
1387180 1918.5
1387190 1918.5
1387200 1918.7
1387210 1918.8
1387220 1918.8
1387230 1918.9
1387240 1919.1
1387250 1919.5
1387260 1919.5
1387270 1919.5
1387280 1919.2
1387290 1919.2
1387300 1919.0
1387310 1919.1
1387320 1919.1
1387330 1919.4
1387340 1919.7
1387350 1919.7
1387360 1919.5
1387370 1919.2
1387380 1919.2
1387390 1919.0
1387400 1918.0
1387410 1918.0
1387420 1916.7
1387430 1915.5
1387440 1914.5
1387450 1914.5
1387460 1914.2
1387470 1913.4
1387480 1913.4
1387490 1911.5
1387500 1908.4
1387510 1908.4
1387520 1904.8
1387530 1899.9
1387540 1899.9
1387550 1892.9
1387560 1887.0
1387570 1887.0
1387580 1880.8
1387590 1873.8
1387600 1873.8
1387610 1866.9
1387620 1859.3
1387630 1859.3
1387640 1851.6
1387650 1843.5
1387660 1836.2
1387670 1836.2
1387680 1829.9
1387690 1824.1
1387700 1824.1
1387710 1818.2
1387720 1811.9
1387730 1811.9
1387740 1805.8
1387750 1799.2
1387760 1799.2
1387770 1792.8
1387780 1786.2
1387790 1786.2
1387800 1779.4
1387810 1773.0
1387820 1773.0
1387830 1766.6
1387840 1759.5
1387850 1751.6
1387860 1749.9
1387870 1740.0
1387880 1730.5
1387890 1730.5
1387900 1717.9
1387910 1706.9
1387920 1706.9
1387930 1698.8
1387940 1690.7
1387950 1690.7
1387960 1682.4
1387970 1672.3
1387980 1672.3
1387990 1661.8
1388000 1658.2
1388010 1658.2
1388020 1662.8
1388030 1660.5
1388040 1653.1
1388050 1653.1
1388060 1643.2
1388070 1625.7
1388080 1625.7
1388090 1608.7
1388100 1598.5
1388110 1598.5
1388120 1589.2
1388130 1580.6
1388140 1580.6
1388150 1571.0
1388160 1561.5
1388170 1561.5
1388180 1552.5
1388190 1543.0
1388200 1543.0
1388210 1534.6
1388220 1526.0
1388230 1526.0
1388240 1517.3
1388250 1506.8
1388260 1496.1
1388270 1496.1
1388280 1491.3
1388290 1492.7
1388300 1492.7
1388310 1498.3
1388320 1505.8
1388330 1505.8
1388340 1512.7
1388350 1519.8
1388360 1519.8
1388370 1527.0
1388380 1534.4
1388390 1534.4
1388400 1547.2
1388410 1565.0
1388420 1565.0
1388430 1578.9
1388440 1588.2
1388450 1595.8
1388460 1595.8
1388470 1601.4
1388480 1606.1
1388490 1606.1
1388500 1612.0
1388510 1616.5
1388520 1616.5
1388530 1620.6
1388540 1625.5
1388550 1625.5
1388560 1630.7
1388570 1635.9
1388580 1635.9
1388590 1642.2
1388600 1648.8
1388610 1648.8
1388620 1655.9
1388630 1662.9
1388640 1669.1
1388650 1669.1
1388660 1675.6
1388670 1682.4
1388680 1682.4
1388690 1689.6
1388700 1696.8
1388710 1696.8
1388720 1704.6
1388730 1713.0
1388740 1713.0
1388750 1722.0
1388760 1729.1
1388770 1729.1
1388780 1733.9
1388790 1738.3
1388800 1738.3
1388810 1743.2
1388820 1746.0
1388830 1746.0
1388840 1747.5
1388850 1750.0
1388860 1752.1
1388870 1752.1
1388880 1753.0
1388890 1753.4
1388900 1753.4
1388910 1753.5
1388920 1753.1
1388930 1753.1
1388940 1752.5
1388950 1751.6
1388960 1751.6
1388970 1750.5
1388980 1749.6
1388990 1749.6
1389000 1748.6
1389010 1746.7
1389020 1746.7
1389030 1743.9
1389040 1741.1
1389050 1738.8
1389060 1738.8
1389070 1737.0
1389080 1735.6
1389090 1735.6
1389100 1733.2
1389110 1730.7
1389120 1730.7
1389130 1728.1
1389140 1725.6
1389150 1725.6
1389160 1723.2
1389170 1721.5
1389180 1724.8
1389190 1725.0
1389200 1724.1
1389210 1724.1
1389220 1723.7
1389230 1722.1
1389240 1722.1
1389250 1718.6
1389260 1712.4
1389270 1706.9
1389280 1706.9
1389290 1701.8
1389300 1695.7
1389310 1695.7
1389320 1687.8
1389330 1675.0
1389340 1675.0
1389350 1662.1
1389360 1650.7
1389370 1650.7
1389380 1641.1
1389390 1632.4
1389400 1632.4
1389410 1624.1
1389420 1616.4
1389430 1616.4
1389440 1608.9
1389450 1600.8
1389460 1592.1
1389470 1592.1
1389480 1583.9
1389490 1575.7
1389500 1575.7
1389510 1567.1
1389520 1556.4
1389530 1556.4
1389540 1545.8
1389550 1538.3
1389560 1538.3
1389570 1530.0
1389580 1519.2
1389590 1519.2
1389600 1507.7
1389610 1502.2
1389620 1502.2
1389630 1510.2
1389640 1524.2
1389650 1535.2
1389660 1535.2
1389670 1544.8
1389680 1555.7
1389690 1555.7
1389700 1565.6
1389710 1575.4
1389720 1575.4
1389730 1583.0
1389740 1587.8
1389750 1587.8
1389760 1591.6
1389770 1598.9
1389780 1598.9
1389790 1608.0
1389800 1617.8
1389810 1617.8
1389820 1626.2
1389830 1633.7
1389840 1633.7
1389850 1643.0
1389860 1652.0
1389870 1661.2
1389880 1661.2
1389890 1670.2
1389900 1677.3
1389910 1677.3
1389920 1687.2
1389930 1694.0
1389940 1694.0
1389950 1695.8
1389960 1697.5
1389970 1697.5
1389980 1700.0
1389990 1703.5
1390000 1703.5
1390010 1708.1
1390020 1711.8
1390030 1711.8
1390040 1715.0
1390050 1717.8
1390060 1720.7
1390070 1720.7
1390080 1723.4
1390090 1725.2
1390100 1725.2
1390110 1726.6
1390120 1726.9
1390130 1726.9
1390140 1725.8
1390150 1724.6
1390160 1724.6
1390170 1724.1
1390180 1723.6
1390190 1723.6
1390200 1721.8
1390210 1719.7
1390220 1719.7
1390230 1717.9
1390240 1716.0
1390250 1713.9
1390260 1713.9
1390270 1711.8
1390280 1710.3
1390290 1710.3
1390300 1709.3
1390310 1709.0
1390320 1709.0
1390330 1708.8
1390340 1707.8
1390350 1707.8
1390360 1705.9
1390370 1703.1
1390380 1703.1
1390390 1699.4
1390400 1695.3
1390410 1695.3
1390420 1692.0
1390430 1688.3
1390440 1688.3
1390450 1684.7
1390460 1682.5
1390470 1681.6
1390480 1681.6
1390490 1680.5
1390500 1677.8
1390510 1677.8
1390520 1674.4
1390530 1670.4
1390540 1670.4
1390550 1665.2
1390560 1660.3
1390570 1660.3
1390580 1655.5
1390590 1650.6
1390600 1650.6
1390610 1646.7
1390620 1643.8
1390630 1643.8
1390640 1640.7
1390650 1636.8
1390660 1633.5
1390670 1633.5
1390680 1628.2
1390690 1621.3
1390700 1621.3
1390710 1614.7
1390720 1608.3
1390730 1608.3
1390740 1602.6
1390750 1597.4
1390760 1597.4
1390770 1591.7
1390780 1585.4
1390790 1585.4
1390800 1579.8
1390810 1573.9
1390820 1573.9
1390830 1568.3
1390840 1562.9
1390850 1562.9
1390860 1557.2
1390870 1551.4
1390880 1544.4
1390890 1544.4
1390900 1537.5
1390910 1531.1
1390920 1531.1
1390930 1522.6
1390940 1512.8
1390950 1512.8
1390960 1503.2
1390970 1495.0
1390980 1495.0
1390990 1485.9
1391000 1473.6
1391010 1473.6
1391020 1464.3
1391030 1455.5
1391040 1455.5
1391050 1447.5
1391060 1440.2
1391070 1434.5
1391080 1434.5
1391090 1429.9
1391100 1424.4
1391110 1424.4
1391120 1418.1
1391130 1411.8
1391140 1411.8
1391150 1407.2
1391160 1402.0
1391170 1402.0
1391180 1396.6
1391190 1391.8
1391200 1391.8
1391210 1389.3
1391220 1390.3
1391230 1390.3
1391240 1391.0
1391250 1383.2
1391260 1370.3
1391270 1370.3
1391280 1377.0
1391290 1393.6
1391300 1393.6
1391310 1401.9
1391320 1407.2
1391330 1407.2
1391340 1412.7
1391350 1418.7
1391360 1418.7
1391370 1425.5
1391380 1432.8
1391390 1432.8
1391400 1437.9
1391410 1438.3
1391420 1438.3
1391430 1438.6
1391440 1441.9
1391450 1441.9
1391460 1446.2
1391470 1445.7
1391480 1444.0
1391490 1444.0
1391500 1446.2
1391510 1454.7
1391520 1454.7
1391530 1464.0
1391540 1474.5
1391550 1474.5
1391560 1482.8
1391570 1487.9
1391580 1487.9
1391590 1492.0
1391600 1495.5
1391610 1495.5
1391620 1497.0
1391630 1498.3
1391640 1498.3
1391650 1502.5
1391660 1507.1
1391670 1511.2
1391680 1511.2
1391690 1513.7
1391700 1516.2
1391710 1516.2
1391720 1519.2
1391730 1521.7
1391740 1521.7
1391750 1525.1
1391760 1529.2
1391770 1529.2
1391780 1531.2
1391790 1533.1
1391800 1533.1
1391810 1535.0
1391820 1537.0
1391830 1537.0
1391840 1538.9
1391850 1541.1
1391860 1543.6
1391870 1547.2
1391880 1549.7
1391890 1551.9
1391900 1551.9
1391910 1553.3
1391920 1554.1
1391930 1554.1
1391940 1553.7
1391950 1552.7
1391960 1552.7
1391970 1551.9
1391980 1551.2
1391990 1551.2
1392000 1550.7
1392010 1550.6
1392020 1550.6
1392030 1549.6
1392040 1548.3
1392050 1548.3
1392060 1546.7
1392070 1545.2
1392080 1543.9
1392090 1543.9
1392100 1543.1
1392110 1542.8
1392120 1542.8
1392130 1542.5
1392140 1542.2
1392150 1542.2
1392160 1541.9
1392170 1541.4
1392180 1541.4
1392190 1541.7
1392200 1541.5
1392210 1541.5
1392220 1540.7
1392230 1540.7
1392240 1540.7
1392250 1539.9
1392260 1539.5
1392270 1539.7
1392280 1539.7
1392290 1538.7
1392300 1537.8
1392310 1537.8
1392320 1536.4
1392330 1535.1
1392340 1535.1
1392350 1533.4
1392360 1531.2
1392370 1531.2
1392380 1528.8
1392390 1526.0
1392400 1526.0
1392410 1524.9
1392420 1525.0
1392430 1525.0
1392440 1525.6
1392450 1526.5
1392460 1526.5
1392470 1526.6
1392480 1525.9
1392490 1525.4
1392500 1525.4
1392510 1524.6
1392520 1523.3
1392530 1523.3
1392540 1520.8
1392550 1518.2
1392560 1518.2
1392570 1516.0
1392580 1514.4
1392590 1514.4
1392600 1512.2
1392610 1509.9
1392620 1509.9
1392630 1509.9
1392640 1508.4
1392650 1508.4
1392660 1506.6
1392670 1505.8
1392680 1504.9
1392690 1504.9
1392700 1503.5
1392710 1501.9
1392720 1501.9
1392730 1499.7
1392740 1497.4
1392750 1497.4
1392760 1495.2
1392770 1492.9
1392780 1492.9
1392790 1491.0
1392800 1487.1
1392810 1487.1
1392820 1481.7
1392830 1474.9
1392840 1474.9
1392850 1467.6
1392860 1459.9
1392870 1452.8
1392880 1452.8
1392890 1446.7
1392900 1439.9
1392910 1439.9
1392920 1433.4
1392930 1425.6
1392940 1425.6
1392950 1416.1
1392960 1406.6
1392970 1406.6
1392980 1396.4
1392990 1387.2
1393000 1387.2
1393010 1383.3
1393020 1390.7
1393030 1390.7
1393040 1402.9
1393050 1415.2
1393060 1415.2
1393070 1425.1
1393080 1435.9
1393090 1447.4
1393100 1447.4
1393110 1459.0
1393120 1469.6
1393130 1469.6
1393140 1479.0
1393150 1485.5
1393160 1485.5
1393170 1490.3
1393180 1495.2
1393190 1495.2
1393200 1500.6
1393210 1506.2
1393220 1506.2
1393230 1512.2
1393240 1517.7
1393250 1520.7
1393260 1520.7
1393270 1519.8
1393280 1519.0
1393290 1519.0
1393300 1517.7
1393310 1516.5
1393320 1516.5
1393330 1515.2
1393340 1514.4
1393350 1514.4
1393360 1513.3
1393370 1512.1
1393380 1512.1
1393390 1511.0
1393400 1509.3
1393410 1509.3
1393420 1507.6
1393430 1506.0
1393440 1506.0
1393450 1504.4
1393460 1502.9
1393470 1501.3
1393480 1501.3
1393490 1499.8
1393500 1498.2
1393510 1498.2
1393520 1496.6
1393530 1495.0
1393540 1495.0
1393550 1493.4
1393560 1492.1
1393570 1492.1
1393580 1491.1
1393590 1490.0
1393600 1490.0
1393610 1486.2
1393620 1483.4
1393630 1483.4
1393640 1482.4
1393650 1485.5
1393660 1485.5
1393670 1486.0
1393680 1484.1
1393690 1482.3
1393700 1482.3
1393710 1480.5
1393720 1478.6
1393730 1478.6
1393740 1477.1
1393750 1475.1
1393760 1475.1
1393770 1473.9
1393780 1472.9
1393790 1472.9
1393800 1471.1
1393810 1467.8
1393820 1467.8
1393830 1466.5
1393840 1466.0
1393850 1466.0
1393860 1463.6
1393870 1461.2
1393880 1458.7
1393890 1458.7
1393900 1455.3
1393910 1451.8
1393920 1451.8
1393930 1448.0
1393940 1444.6
1393950 1444.6
1393960 1440.4
1393970 1437.3
1393980 1437.3
1393990 1434.8
1394000 1431.1
1394010 1431.1
1394020 1429.5
1394030 1427.8
1394040 1427.8
1394050 1425.3
1394060 1422.8
1394070 1422.8
1394080 1419.5
1394090 1416.2
1394100 1411.8
1394110 1411.8
1394120 1407.4
1394130 1403.7
1394140 1403.7
1394150 1399.1
1394160 1390.4
1394170 1390.4
1394180 1379.3
1394190 1378.3
1394200 1378.3
1394210 1381.7
1394220 1386.9
1394230 1386.9
1394240 1393.2
1394250 1395.6
1394260 1395.6
1394270 1395.0
1394280 1393.7
1394290 1392.7
1394300 1392.7
1394310 1390.6
1394320 1388.6
1394330 1388.6
1394340 1387.0
1394350 1385.5
1394360 1385.5
1394370 1383.6
1394380 1381.3
1394390 1381.3
1394400 1378.9
1394410 1375.2
1394420 1375.2
1394430 1371.2
1394440 1366.6
1394450 1366.6
1394460 1356.8
1394470 1346.7
1394480 1338.8
1394490 1338.8
1394500 1332.3
1394510 1327.0
1394520 1327.0
1394530 1322.5
1394540 1318.4
1394550 1318.4
1394560 1313.5
1394570 1308.8
1394580 1308.8
1394590 1304.0
1394600 1300.9
1394610 1300.9
1394620 1297.5
1394630 1293.1
1394640 1293.1
1394650 1292.4
1394660 1288.4
1394670 1288.4
1394680 1285.0
1394690 1282.5
1394700 1279.9
1394710 1279.9
1394720 1277.7
1394730 1274.6
1394740 1274.6
1394750 1270.7
1394760 1266.7
1394770 1266.7
1394780 1264.1
1394790 1261.2
1394800 1261.2
1394810 1258.1
1394820 1254.8
1394830 1254.8
1394840 1251.4
1394850 1249.0
1394860 1249.0
1394870 1246.1
1394880 1243.2
1394890 1241.7
1394900 1241.7
1394910 1239.4
1394920 1235.1
1394930 1235.1
1394940 1231.0
1394950 1228.2
1394960 1228.2
1394970 1225.6
1394980 1224.0
1394990 1224.0
1395000 1222.4
1395010 1219.7
1395020 1219.7
1395030 1215.7
1395040 1212.0
1395050 1212.0
1395060 1208.0
1395070 1203.7
1395080 1199.4
1395090 1199.4
1395100 1194.9
1395110 1189.8
1395120 1189.8
1395130 1184.3
1395140 1178.8
1395150 1178.8
1395160 1173.8
1395170 1169.8
1395180 1169.8
1395190 1166.3
1395200 1161.7
1395210 1161.7
1395220 1157.2
1395230 1152.9
1395240 1152.9
1395250 1147.8
1395260 1141.4
1395270 1141.4
1395280 1135.4
1395290 1127.9
1395300 1120.8
1395310 1120.8
1395320 1114.3
1395330 1108.5
1395340 1108.5
1395350 1103.3
1395360 1098.0
1395370 1098.0
1395380 1093.9
1395390 1091.0
1395400 1091.0
1395410 1088.9
1395420 1087.8
1395430 1087.8
1395440 1086.7
1395450 1084.8
1395460 1084.8
1395470 1082.6
1395480 1081.1
1395490 1079.2
1395500 1079.2
1395510 1077.1
1395520 1075.4
1395530 1075.4
1395540 1073.7
1395550 1071.7
1395560 1071.7
1395570 1069.6
1395580 1066.9
1395590 1066.9
1395600 1064.1
1395610 1061.2
1395620 1061.2
1395630 1058.5
1395640 1055.9
1395650 1055.9
1395660 1053.1
1395670 1050.3
1395680 1050.3
1395690 1047.7
1395700 1045.9
1395710 1044.1
1395720 1044.1
1395730 1042.0
1395740 1040.2
1395750 1040.2
1395760 1038.5
1395770 1036.6
1395780 1036.6
1395790 1034.3
1395800 1031.9
1395810 1031.9
1395820 1029.4
1395830 1026.6
1395840 1026.6
1395850 1023.6
1395860 1017.7
1395870 1017.7
1395880 1016.0
1395890 1017.0
1395900 1016.3
1395910 1016.3
1395920 1015.6
1395930 1016.3
1395940 1016.3
1395950 1017.8
1395960 1018.2
1395970 1018.2
1395980 1017.9
1395990 1017.7
1396000 1017.7
1396010 1016.8
1396020 1016.7
1396030 1016.7
1396040 1016.9
1396050 1016.3
1396060 1017.6
1396070 1017.3
1396080 1017.3
1396090 1016.9
1396100 1016.9
1396110 1016.3
1396120 1015.8
1396130 1015.8
1396140 1015.7
1396150 1016.5
1396160 1016.5
1396170 1016.1
1396180 1015.2
1396190 1015.2
1396200 1015.2
1396210 1015.9
1396220 1015.9
1396230 1015.2
1396240 1012.6
1396250 1012.6
1396260 1008.8
1396270 1003.6
1396280 1003.6
1396290 998.7
1396300 995.0
1396310 991.8
1396320 991.8
1396330 988.8
1396340 985.9
1396350 985.9
1396360 981.9
1396370 977.0
1396380 977.0
1396390 973.0
1396400 971.0
1396410 971.0
1396420 969.6
1396430 967.5
1396440 967.5
1396450 963.7
1396460 956.8
1396470 956.8
1396480 946.2
1396490 940.0
1396500 933.8
1396510 933.8
1396520 928.6
1396530 926.1
1396540 926.1
1396550 923.2
1396560 923.0
1396570 923.0
1396580 924.2
1396590 926.0
1396600 926.0
1396610 925.0
1396620 925.8
1396630 925.8
1396640 926.2
1396650 926.6
1396660 926.6
1396670 927.6
1396680 928.6
1396690 928.9
1396700 928.9
1396710 928.8
1396720 928.5
1396730 928.5
1396740 928.2
1396750 928.3
1396760 928.3
1396770 928.4
1396780 928.3
1396790 928.3
1396800 928.2
1396810 928.1
1396820 928.1
1396830 928.2
1396840 928.6
1396850 928.6
1396860 928.9
1396870 928.9
1396880 928.9
1396890 929.0
1396900 929.0
1396910 929.2
1396920 929.2
1396930 929.4
1396940 929.4
1396950 929.4
1396960 929.1
1396970 929.2
1396980 929.2
1396990 929.2
1397000 929.2
1397010 929.2
1397020 929.4
1397030 929.6
1397040 929.6
1397050 929.5
1397060 929.4
1397070 929.4
1397080 929.1
1397090 929.4
1397100 929.3
1397110 929.3
1397120 929.1
1397130 929.3
1397140 929.3
1397150 929.4
1397160 929.6
1397170 929.6
1397180 929.8
1397190 930.1
1397200 930.1
1397210 930.4
1397220 930.9
1397230 930.9
1397240 931.3
1397250 931.5
1397260 931.5
1397270 931.8
1397280 933.3
1397290 933.3
1397300 939.5
1397310 948.4
1397320 955.6
1397330 955.6
1397340 960.8
1397350 969.1
1397360 969.1
1397370 980.6
1397380 990.2
1397390 990.2
1397400 996.4
1397410 1001.5
1397420 1001.5
1397430 1007.5
1397440 1011.9
1397450 1011.9
1397460 1017.1
1397470 1021.9
1397480 1021.9
1397490 1024.2
1397500 1025.5
1397510 1027.4
1397520 1027.4
1397530 1031.6
1397540 1035.7
1397550 1035.7
1397560 1040.6
1397570 1045.8
1397580 1045.8
1397590 1050.9
1397600 1056.6
1397610 1056.6
1397620 1063.2
1397630 1072.6
1397640 1072.6
1397650 1081.4
1397660 1089.7
1397670 1089.7
1397680 1099.6
1397690 1108.2
1397700 1114.8
1397710 1114.8
1397720 1121.8
1397730 1129.5
1397740 1129.5
1397750 1137.3
1397760 1145.9
1397770 1145.9
1397780 1154.3
1397790 1160.3
1397800 1160.3
1397810 1165.8
1397820 1170.9
1397830 1170.9
1397840 1176.1
1397850 1182.3
1397860 1182.3
1397870 1190.1
1397880 1199.8
1397890 1199.8
1397900 1207.5
1397910 1217.0
1397920 1224.6
1397930 1224.6
1397940 1231.0
1397950 1236.4
1397960 1236.4
1397970 1241.3
1397980 1247.0
1397990 1247.0
1398000 1253.8
1398010 1259.7
1398020 1259.7
1398030 1264.0
1398040 1267.3
1398050 1267.3
1398060 1267.9
1398070 1265.3
1398080 1265.3
1398090 1269.4
1398100 1273.5
1398110 1277.0
1398120 1277.0
1398130 1280.7
1398140 1284.7
1398150 1284.7
1398160 1288.9
1398170 1293.3
1398180 1293.3
1398190 1297.8
1398200 1303.0
1398210 1303.0
1398220 1309.3
1398230 1312.2
1398240 1312.2
1398250 1314.1
1398260 1317.3
1398270 1317.3
1398280 1321.0
1398290 1324.6
1398300 1324.6
1398310 1328.8
1398320 1332.4
1398330 1336.5
1398340 1336.5
1398350 1341.2
1398360 1346.6
1398370 1346.6
1398380 1352.3
1398390 1356.8
1398400 1356.8
1398410 1359.4
1398420 1360.8
1398430 1360.8
1398440 1362.1
1398450 1363.5
1398460 1363.5
1398470 1365.5
1398480 1367.7
1398490 1367.7
1398500 1369.9
1398510 1372.6
1398520 1375.8
1398530 1375.8
1398540 1380.3
1398550 1384.6
1398560 1384.6
1398570 1389.3
1398580 1394.5
1398590 1394.5
1398600 1399.9
1398610 1404.0
1398620 1404.0
1398630 1407.7
1398640 1411.7
1398650 1411.7
1398660 1416.1
1398670 1420.6
1398680 1420.6
1398690 1425.6
1398700 1430.9
1398710 1436.6
1398720 1436.6
1398730 1442.0
1398740 1448.3
1398750 1448.3
1398760 1454.7
1398770 1460.1
1398780 1460.1
1398790 1465.2
1398800 1469.6
1398810 1469.6
1398820 1474.5
1398830 1479.9
1398840 1479.9
1398850 1486.8
1398860 1495.9
1398870 1495.9
1398880 1504.2
1398890 1510.6
1398900 1510.6
1398910 1515.2
1398920 1519.3
1398930 1524.6
1398940 1524.6
1398950 1530.8
1398960 1537.5
1398970 1532.4
1398980 1537.7
1398990 1543.6
1399000 1543.6
1399010 1548.1
1399020 1552.3
1399030 1552.3
1399040 1558.5
1399050 1566.4
1399060 1566.4
1399070 1576.0
1399080 1584.7
1399090 1584.7
1399100 1590.1
1399110 1596.4
1399120 1601.2
1399130 1601.2
1399140 1605.6
1399150 1611.6
1399160 1611.6
1399170 1618.8
1399180 1626.1
1399190 1626.1
1399200 1632.2
1399210 1637.5
1399220 1637.5
1399230 1641.4
1399240 1646.1
1399250 1646.1
1399260 1650.7
1399270 1655.3
1399280 1655.3
1399290 1659.3
1399300 1664.2
1399310 1669.9
1399320 1669.9
1399330 1676.7
1399340 1683.7
1399350 1683.7
1399360 1690.5
1399370 1696.3
1399380 1696.3
1399390 1701.3
1399400 1706.6
1399410 1706.6
1399420 1711.9
1399430 1717.3
1399440 1717.3
1399450 1722.3
1399460 1726.8
1399470 1726.8
1399480 1731.2
1399490 1734.9
1399500 1734.9
1399510 1739.5
1399520 1744.3
1399530 1750.0
1399540 1750.0
1399550 1756.2
1399560 1762.9
1399570 1762.9
1399580 1770.4
1399590 1778.0
1399600 1778.0
1399610 1786.0
1399620 1794.4
1399630 1794.4
1399640 1802.7
1399650 1811.8
1399660 1811.8
1399670 1821.3
1399680 1828.4
1399690 1828.4
1399700 1835.3
1399710 1842.9
1399720 1850.0
1399730 1850.0
1399740 1856.8
1399750 1863.8
1399760 1863.8
1399770 1870.7
1399780 1878.4
1399790 1878.4
1399800 1887.6
1399810 1897.8
1399820 1897.8
1399830 1908.4
1399840 1917.8
1399850 1917.8
1399860 1925.1
1399870 1931.1
1399880 1931.1
1399890 1936.8
1399900 1942.7
1399910 1942.7
1399920 1948.4
1399930 1954.8
1399940 1960.8
1399950 1960.8
1399960 1965.8
1399970 1971.5
1399980 1971.5
1399990 1977.6
1380000 2067.6
1380010 2064.1
1380020 2060.7
1380030 2060.7
1380040 2057.6
1380050 2054.4
1380060 2054.4
1380070 2051.3
1380080 2048.3
1380090 2048.3
1380100 2044.9
1380110 2041.3
1380120 2041.3
1380130 2038.2
1380140 2035.9
1380150 2035.9
1380160 2033.1
1380170 2030.0
1380180 2026.3
1380190 2026.3
1380200 2022.4
1380210 2018.7
1380220 2018.7
1380230 2015.6
1380240 2011.9
1380250 2011.9
1380260 2007.1
1380270 2000.7
1380280 2000.7
1380290 1994.8
1380300 1988.6
1380310 1988.6
1380320 1984.4
1380330 1979.9
1380340 1979.9
1380350 1976.3
1380360 1973.6
1380370 1973.6
1380380 1969.6
1380390 1963.9
1380400 1959.3
1380410 1959.3
1380420 1953.9
1380430 1946.8
1380440 1946.8
1380450 1935.9
1380460 1927.0
1380470 1927.0
1380480 1920.1
1380490 1915.0
1380500 1915.0
1380510 1908.7
1380520 1902.2
1380530 1902.2
1380540 1896.0
1380550 1889.4
1380560 1889.4
1380570 1883.6
1380580 1879.3
1380590 1871.6
1380600 1871.6
1380610 1861.0
1380620 1851.3
1380630 1851.3
1380640 1844.9
1380650 1837.9
1380660 1837.9
1380670 1830.1
1380680 1822.2
1380690 1822.2
1380700 1813.0
1380710 1804.0
1380720 1804.0
1380730 1798.1
1380740 1795.3
1380750 1795.3
1380760 1793.5
1380770 1791.1
1380780 1791.1
1380790 1788.8
1380800 1786.3
1380810 1783.5
1380820 1783.5
1380830 1780.7
1380840 1776.3
1380850 1776.3
1380860 1771.6
1380870 1766.2
1380880 1766.2
1380890 1760.6
1380900 1755.6
1380910 1755.6
1380920 1750.6
1380930 1745.6
1380940 1745.6
1380950 1739.5
1380960 1732.0
1380970 1732.0
1380980 1725.6
1380990 1719.0
1381000 1712.4
1381010 1712.4
1381020 1706.7
1381030 1704.5
1381040 1704.5
1381050 1699.9
1381060 1693.5
1381070 1693.5
1381080 1686.3
1381090 1679.2
1381100 1679.2
1381110 1672.9
1381120 1667.1
1381130 1667.1
1381140 1660.5
1381150 1653.2
1381160 1653.2
1381170 1646.4
1381180 1639.8
1381190 1632.6
1381200 1632.6
1381210 1626.5
1381220 1619.9
1381230 1619.9
1381240 1613.7
1381250 1607.7
1381260 1607.7
1381270 1601.2
1381280 1592.7
1381290 1592.7
1381300 1584.0
1381310 1577.3
1381320 1577.3
1381330 1572.7
1381340 1566.7
1381350 1566.7
1381360 1558.6
1381370 1552.0
1381380 1552.0
1381390 1552.5
1381400 1560.0
1381410 1568.9
1381420 1568.9
1381430 1577.6
1381440 1585.7
1381450 1585.7
1381460 1592.0
1381470 1596.8
1381480 1596.8
1381490 1600.0
1381500 1603.7
1381510 1603.7
1381520 1607.3
1381530 1615.9
1381540 1615.9
1381550 1619.1
1381560 1622.0
1381570 1622.0
1381580 1624.9
1381590 1629.7
1381600 1633.6
1381610 1633.6
1381620 1636.2
1381630 1638.9
1381640 1638.9
1381650 1642.9
1381660 1647.4
1381670 1647.4
1381680 1651.7
1381690 1654.6
1381700 1654.6
1381710 1656.3
1381720 1659.0
1381730 1659.0
1381740 1664.4
1381750 1670.0
1381760 1670.0
1381770 1676.6
1381780 1683.5
1381790 1688.9
1381800 1688.9
1381810 1693.2
1381820 1698.0
1381830 1698.0
1381840 1703.1
1381850 1707.9
1381860 1707.9
1381870 1712.1
1381880 1716.9
1381890 1716.9
1381900 1722.5
1381910 1728.6
1381920 1728.6
1381930 1736.5
1381940 1743.9
1381950 1743.9
1381960 1746.9
1381970 1748.9
1381980 1748.9
1381990 1751.2
1382000 1753.2
1382010 1753.4
1382020 1753.4
1382030 1753.7
1382040 1753.8
1382050 1753.8
1382060 1755.0
1382070 1758.5
1382080 1758.5
1382090 1761.2
1382100 1762.9
1382110 1762.9
1382120 1765.4
1382130 1769.1
1382140 1769.1
1382150 1773.0
1382160 1779.7
1382170 1779.7
1382180 1786.6
1382190 1788.1
1382200 1784.3
1382210 1784.3
1382220 1780.7
1382230 1778.8
1382240 1778.8
1382250 1775.2
1382260 1775.7
1382270 1775.7
1382280 1785.7
1382290 1797.8
1382300 1797.8
1382310 1802.5
1382320 1805.0
1382330 1805.0
1382340 1806.8
1382350 1806.4
1382360 1806.4
1382370 1806.6
1382380 1810.0
1382390 1810.0
1382400 1813.2
1382410 1816.3
1382420 1818.9
1382430 1818.9
1382440 1820.9
1382450 1822.4
1382460 1822.4
1382470 1823.5
1382480 1821.5
1382490 1821.5
1382500 1817.9
1382510 1816.8
1382520 1816.8
1382530 1816.1
1382540 1815.9
1382550 1815.9
1382560 1817.4
1382570 1819.9
1382580 1819.9
1382590 1820.1
1382600 1822.0
1382610 1824.8
1382620 1824.8
1382630 1830.2
1382640 1836.0
1382650 1836.0
1382660 1842.5
1382670 1848.8
1382680 1848.8
1382690 1855.2
1382700 1861.0
1382710 1861.0
1382720 1867.1
1382730 1873.4
1382740 1873.4
1382750 1880.1
1382760 1887.8
1382770 1887.8
1382780 1894.1
1382790 1900.6
1382800 1907.4
1382810 1907.4
1382820 1914.6
1382830 1921.9
1382840 1921.9
1382850 1928.8
1382860 1935.6
1382870 1935.6
1382880 1942.5
1382890 1949.7
1382900 1949.7
1382910 1956.9
1382920 1964.2
1382930 1964.2
1382940 1971.6
1382950 1979.1
1382960 1979.1
1382970 1986.0
1382980 1992.9
1382990 1992.9
1383000 2000.2
1383010 2007.9
1383020 2015.8
1383030 2015.8
1383040 2023.3
1383050 2029.5
1383060 2029.5
1383070 2033.9
1383080 2037.8
1383090 2037.8
1383100 2041.6
1383110 2045.2
1383120 2045.2
1383130 2048.2
1383140 2051.0
1383150 2051.0
1383160 2053.0
1383170 2054.4
1383180 2054.4
1383190 2054.8
1383200 2054.3
1383210 2053.3
1383220 2053.3
1383230 2052.0
1383240 2050.5
1383250 2050.5
1383260 2048.6
1383270 2046.4
1383280 2046.4
1383290 2044.0
1383300 2041.1
1383310 2041.1
1383320 2037.8
1383330 2034.7
1383340 2034.7
1383350 2031.3
1383360 2027.5
1383370 2027.5
1383380 2022.6
1383390 2016.6
1383400 2016.6
1383410 2009.9
1383420 2002.6
1383430 1995.3
1383440 1995.3
1383450 1987.4
1383460 1979.0
1383470 1979.0
1383480 1970.8
1383490 1963.1
1383500 1963.1
1383510 1955.4
1383520 1947.8
1383530 1947.8
1383540 1940.7
1383550 1933.4
1383560 1933.4
1383570 1926.3
1383580 1919.4
1383590 1919.4
1383600 1912.8
1383610 1906.1
1383620 1899.5
1383630 1899.5
1383640 1892.7
1383650 1884.9
1383660 1884.9
1383670 1878.0
1383680 1874.1
1383690 1874.1
1383700 1870.9
1383710 1866.4
1383720 1866.4
1383730 1861.3
1383740 1856.1
1383750 1856.1
1383760 1850.8
1383770 1845.3
1383780 1845.3
1383790 1839.7
1383800 1834.4
1383810 1828.8
1383820 1828.8
1383830 1822.9
1383840 1816.3
1383850 1816.3
1383860 1809.4
1383870 1803.2
1383880 1803.2
1383890 1797.2
1383900 1791.3
1383910 1791.3
1383920 1785.2
1383930 1779.7
1383940 1779.7
1383950 1774.4
1383960 1768.6
1383970 1768.6
1383980 1762.6
1383990 1756.7
1384000 1756.7
1384010 1750.7
1384020 1741.2
1384030 1735.7
1384040 1735.7
1384050 1731.4
1384060 1727.2
1384070 1727.2
1384080 1722.3
1384090 1715.7
1384100 1715.7
1384110 1708.8
1384120 1701.7
1384130 1701.7
1384140 1693.7
1384150 1686.5
1384160 1686.5
1384170 1681.1
1384180 1675.1
1384190 1675.1
1384200 1670.0
1384210 1665.4
1384220 1660.3
1384230 1660.3
1384240 1654.0
1384250 1647.6
1384260 1647.6
1384270 1641.8
1384280 1636.4
1384290 1636.4
1384300 1630.4
1384310 1624.0
1384320 1624.0
1384330 1617.5
1384340 1610.6
1384350 1610.6
1384360 1601.9
1384370 1592.5
1384380 1592.5
1384390 1584.1
1384400 1576.8
1384410 1570.0
1384420 1570.0
1384430 1563.1
1384440 1555.6
1384450 1555.6
1384460 1547.7
1384470 1539.3
1384480 1539.3
1384490 1531.0
1384500 1522.9
1384510 1522.9
1384520 1512.1
1384530 1500.6
1384540 1500.6
1384550 1489.9
1384560 1479.1
1384570 1479.1
1384580 1470.9
1384590 1469.9
1384600 1469.9
1384610 1478.8
1384620 1487.1
1384630 1494.0
1384640 1494.0
1384650 1499.2
1384660 1501.3
1384670 1501.3
1384680 1501.2
1384690 1504.2
1384700 1504.2
1384710 1510.0
1384720 1517.1
1384730 1517.1
1384740 1524.8
1384750 1529.8
1384760 1529.8
1384770 1528.1
1384780 1527.5
1384790 1527.5
1384800 1529.9
1384810 1534.0
1384820 1537.3
1384830 1537.3
1384840 1539.8
1384850 1542.4
1384860 1542.4
1384870 1544.1
1384880 1546.8
1384890 1546.8
1384900 1550.0
1384910 1552.9
1384920 1552.9
1384930 1554.6
1384940 1554.0
1384950 1554.0
1384960 1549.3
1384970 1544.0
1384980 1544.0
1384990 1538.4
1385000 1532.9
1385010 1532.9
1385020 1528.6
1385030 1524.5
1385040 1518.0
1385050 1518.0
1385060 1507.9
1385070 1500.0
1385080 1500.0
1385090 1497.9
1385100 1503.0
1385110 1503.0
1385120 1510.4
1385130 1516.7
1385140 1516.7
1385150 1524.4
1385160 1533.7
1385170 1533.7
1385180 1541.9
1385190 1549.6
1385200 1549.6
1385210 1557.7
1385220 1565.9
1385230 1573.5
1385240 1573.5
1385250 1580.9
1385260 1587.9
1385270 1587.9
1385280 1592.9
1385290 1599.8
1385300 1599.8
1385310 1606.4
1385320 1612.8
1385330 1612.8
1385340 1619.5
1385350 1626.6
1385360 1626.6
1385370 1633.8
1385380 1640.4
1385390 1640.4
1385400 1647.1
1385410 1653.0
1385420 1657.0
1385430 1657.0
1385440 1660.5
1385450 1663.5
1385460 1663.5
1385470 1666.7
1385480 1669.5
1385490 1669.5
1385500 1674.5
1385510 1680.2
1385520 1680.2
1385530 1685.7
1385540 1690.7
1385550 1690.7
1385560 1694.3
1385570 1697.8
1385580 1697.8
1385590 1703.1
1385600 1709.2
1385610 1709.2
1385620 1715.2
1385630 1721.3
1385640 1726.8
1385650 1726.8
1385660 1731.0
1385670 1734.5
1385680 1734.5
1385690 1738.2
1385700 1742.3
1385710 1742.3
1385720 1746.7
1385730 1751.6
1385740 1751.6
1385750 1756.9
1385760 1763.0
1385770 1763.0
1385780 1769.3
1385790 1774.1
1385800 1774.1
1385810 1777.5
1385820 1780.8
1385830 1783.7
1385840 1783.7
1385850 1786.4
1385860 1787.7
1385870 1787.7
1385880 1789.2
1385890 1791.4
1385900 1791.4
1385910 1792.6
1385920 1795.6
1385930 1795.6
1385940 1800.1
1385950 1802.2
1385960 1802.2
1385970 1803.7
1385980 1809.0
1385990 1809.0
1386000 1816.2
1386010 1823.5
1386020 1829.3
1386030 1829.3
1386040 1833.2
1386050 1836.9
1386060 1836.9
1386070 1840.3
1386080 1844.4
1386090 1844.4
1386100 1848.1
1386110 1850.6
1386120 1850.6
1386130 1853.6
1386140 1857.1
1386150 1857.1
1386160 1860.6
1386170 1864.0
1386180 1864.0
1386190 1866.9
1386200 1869.5
1386210 1869.5
1386220 1872.6
1386230 1875.6
1386240 1878.4
1386250 1878.4
1386260 1880.9
1386270 1883.9
1386280 1883.9
1386290 1887.2
1386300 1890.0
1386310 1890.0
1386320 1891.8
1386330 1893.3
1386340 1893.3
1386350 1894.2
1386360 1894.9
1386370 1894.9
1386380 1895.5
1386390 1895.8
1386400 1895.8
1386410 1895.5
1386420 1895.3
1386430 1894.9
1386440 1894.9
1386450 1894.2
1386460 1893.2
1386470 1893.2
1386480 1892.0
1386490 1891.8
1386500 1891.8
1386510 1891.6
1386520 1890.3
1386530 1890.3
1386540 1888.1
1386550 1887.0
1386560 1892.3
1386570 1893.0
1386580 1895.1
1386590 1895.1
1386600 1899.2
1386610 1903.3
1386620 1903.3
1386630 1905.2
1386640 1905.4
1386650 1904.8
1386660 1904.8
1386670 1904.6
1386680 1905.1
1386690 1905.1
1386700 1905.7
1386710 1905.5
1386720 1905.5
1386730 1905.4
1386740 1905.7
1386750 1905.7
1386760 1906.3
1386770 1906.8
1386780 1906.8
1386790 1906.8
1386800 1907.6
1386810 1907.6
1386820 1908.3
1386830 1909.4
1386840 1910.8
1386850 1910.8
1386860 1911.8
1386870 1912.5
1386880 1912.5
1386890 1913.0
1386900 1913.4
1386910 1913.4
1386920 1913.8
1386930 1913.9
1386940 1913.9
1386950 1914.1
1386960 1914.6
1386970 1914.6
1386980 1915.0
1386990 1915.4
1387000 1915.4
1387010 1916.0
1387020 1916.8
1387030 1917.1
1387040 1917.1
1387050 1917.2
1387060 1917.0
1387070 1917.0
1387080 1916.8
1387090 1916.7
1387100 1916.7
1387110 1916.8
1387120 1916.9
1387130 1916.9
1387140 1916.9
1387150 1917.3
1387160 1917.3
1387170 1918.1
1387180 1918.5
1387190 1918.5
1387200 1918.7
1387210 1918.8
1387220 1918.8
1387230 1918.9
1387240 1919.1
1387250 1919.5
1387260 1919.5
1387270 1919.5
1387280 1919.2
1387290 1919.2
1387300 1919.0
1387310 1919.1
1387320 1919.1
1387330 1919.4
1387340 1919.7
1387350 1919.7
1387360 1919.5
1387370 1919.2
1387380 1919.2
1387390 1919.0
1387400 1918.0
1387410 1918.0
1387420 1916.7
1387430 1915.5
1387440 1914.5
1387450 1914.5
1387460 1914.2
1387470 1913.4
1387480 1913.4
1387490 1911.5
1387500 1908.4
1387510 1908.4
1387520 1904.8
1387530 1899.9
1387540 1899.9
1387550 1892.9
1387560 1887.0
1387570 1887.0
1387580 1880.8
1387590 1873.8
1387600 1873.8
1387610 1866.9
1387620 1859.3
1387630 1859.3
1387640 1851.6
1387650 1843.5
1387660 1836.2
1387670 1836.2
1387680 1829.9
1387690 1824.1
1387700 1824.1
1387710 1818.2
1387720 1811.9
1387730 1811.9
1387740 1805.8
1387750 1799.2
1387760 1799.2
1387770 1792.8
1387780 1786.2
1387790 1786.2
1387800 1779.4
1387810 1773.0
1387820 1773.0
1387830 1766.6
1387840 1759.5
1387850 1751.6
1387860 1749.9
1387870 1740.0
1387880 1730.5
1387890 1730.5
1387900 1717.9
1387910 1706.9
1387920 1706.9
1387930 1698.8
1387940 1690.7
1387950 1690.7
1387960 1682.4
1387970 1672.3
1387980 1672.3
1387990 1661.8
1388000 1658.2
1388010 1658.2
1388020 1662.8
1388030 1660.5
1388040 1653.1
1388050 1653.1
1388060 1643.2
1388070 1625.7
1388080 1625.7
1388090 1608.7
1388100 1598.5
1388110 1598.5
1388120 1589.2
1388130 1580.6
1388140 1580.6
1388150 1571.0
1388160 1561.5
1388170 1561.5
1388180 1552.5
1388190 1543.0
1388200 1543.0
1388210 1534.6
1388220 1526.0
1388230 1526.0
1388240 1517.3
1388250 1506.8
1388260 1496.1
1388270 1496.1
1388280 1491.3
1388290 1492.7
1388300 1492.7
1388310 1498.3
1388320 1505.8
1388330 1505.8
1388340 1512.7
1388350 1519.8
1388360 1519.8
1388370 1527.0
1388380 1534.4
1388390 1534.4
1388400 1547.2
1388410 1565.0
1388420 1565.0
1388430 1578.9
1388440 1588.2
1388450 1595.8
1388460 1595.8
1388470 1601.4
1388480 1606.1
1388490 1606.1
1388500 1612.0
1388510 1616.5
1388520 1616.5
1388530 1620.6
1388540 1625.5
1388550 1625.5
1388560 1630.7
1388570 1635.9
1388580 1635.9
1388590 1642.2
1388600 1648.8
1388610 1648.8
1388620 1655.9
1388630 1662.9
1388640 1669.1
1388650 1669.1
1388660 1675.6
1388670 1682.4
1388680 1682.4
1388690 1689.6
1388700 1696.8
1388710 1696.8
1388720 1704.6
1388730 1713.0
1388740 1713.0
1388750 1722.0
1388760 1729.1
1388770 1729.1
1388780 1733.9
1388790 1738.3
1388800 1738.3
1388810 1743.2
1388820 1746.0
1388830 1746.0
1388840 1747.5
1388850 1750.0
1388860 1752.1
1388870 1752.1
1388880 1753.0
1388890 1753.4
1388900 1753.4
1388910 1753.5
1388920 1753.1
1388930 1753.1
1388940 1752.5
1388950 1751.6
1388960 1751.6
1388970 1750.5
1388980 1749.6
1388990 1749.6
1389000 1748.6
1389010 1746.7
1389020 1746.7
1389030 1743.9
1389040 1741.1
1389050 1738.8
1389060 1738.8
1389070 1737.0
1389080 1735.6
1389090 1735.6
1389100 1733.2
1389110 1730.7
1389120 1730.7
1389130 1728.1
1389140 1725.6
1389150 1725.6
1389160 1723.2
1389170 1721.5
1389180 1724.8
1389190 1725.0
1389200 1724.1
1389210 1724.1
1389220 1723.7
1389230 1722.1
1389240 1722.1
1389250 1718.6
1389260 1712.4
1389270 1706.9
1389280 1706.9
1389290 1701.8
1389300 1695.7
1389310 1695.7
1389320 1687.8
1389330 1675.0
1389340 1675.0
1389350 1662.1
1389360 1650.7
1389370 1650.7
1389380 1641.1
1389390 1632.4
1389400 1632.4
1389410 1624.1
1389420 1616.4
1389430 1616.4
1389440 1608.9
1389450 1600.8
1389460 1592.1
1389470 1592.1
1389480 1583.9
1389490 1575.7
1389500 1575.7
1389510 1567.1
1389520 1556.4
1389530 1556.4
1389540 1545.8
1389550 1538.3
1389560 1538.3
1389570 1530.0
1389580 1519.2
1389590 1519.2
1389600 1507.7
1389610 1502.2
1389620 1502.2
1389630 1510.2
1389640 1524.2
1389650 1535.2
1389660 1535.2
1389670 1544.8
1389680 1555.7
1389690 1555.7
1389700 1565.6
1389710 1575.4
1389720 1575.4
1389730 1583.0
1389740 1587.8
1389750 1587.8
1389760 1591.6
1389770 1598.9
1389780 1598.9
1389790 1608.0
1389800 1617.8
1389810 1617.8
1389820 1626.2
1389830 1633.7
1389840 1633.7
1389850 1643.0
1389860 1652.0
1389870 1661.2
1389880 1661.2
1389890 1670.2
1389900 1677.3
1389910 1677.3
1389920 1687.2
1389930 1694.0
1389940 1694.0
1389950 1695.8
1389960 1697.5
1389970 1697.5
1389980 1700.0
1389990 1703.5
1390000 1703.5
1390010 1708.1
1390020 1711.8
1390030 1711.8
1390040 1715.0
1390050 1717.8
1390060 1720.7
1390070 1720.7
1390080 1723.4
1390090 1725.2
1390100 1725.2
1390110 1726.6
1390120 1726.9
1390130 1726.9
1390140 1725.8
1390150 1724.6
1390160 1724.6
1390170 1724.1
1390180 1723.6
1390190 1723.6
1390200 1721.8
1390210 1719.7
1390220 1719.7
1390230 1717.9
1390240 1716.0
1390250 1713.9
1390260 1713.9
1390270 1711.8
1390280 1710.3
1390290 1710.3
1390300 1709.3
1390310 1709.0
1390320 1709.0
1390330 1708.8
1390340 1707.8
1390350 1707.8
1390360 1705.9
1390370 1703.1
1390380 1703.1
1390390 1699.4
1390400 1695.3
1390410 1695.3
1390420 1692.0
1390430 1688.3
1390440 1688.3
1390450 1684.7
1390460 1682.5
1390470 1681.6
1390480 1681.6
1390490 1680.5
1390500 1677.8
1390510 1677.8
1390520 1674.4
1390530 1670.4
1390540 1670.4
1390550 1665.2
1390560 1660.3
1390570 1660.3
1390580 1655.5
1390590 1650.6
1390600 1650.6
1390610 1646.7
1390620 1643.8
1390630 1643.8
1390640 1640.7
1390650 1636.8
1390660 1633.5
1390670 1633.5
1390680 1628.2
1390690 1621.3
1390700 1621.3
1390710 1614.7
1390720 1608.3
1390730 1608.3
1390740 1602.6
1390750 1597.4
1390760 1597.4
1390770 1591.7
1390780 1585.4
1390790 1585.4
1390800 1579.8
1390810 1573.9
1390820 1573.9
1390830 1568.3
1390840 1562.9
1390850 1562.9
1390860 1557.2
1390870 1551.4
1390880 1544.4
1390890 1544.4
1390900 1537.5
1390910 1531.1
1390920 1531.1
1390930 1522.6
1390940 1512.8
1390950 1512.8
1390960 1503.2
1390970 1495.0
1390980 1495.0
1390990 1485.9
1391000 1473.6
1391010 1473.6
1391020 1464.3
1391030 1455.5
1391040 1455.5
1391050 1447.5
1391060 1440.2
1391070 1434.5
1391080 1434.5
1391090 1429.9
1391100 1424.4
1391110 1424.4
1391120 1418.1
1391130 1411.8
1391140 1411.8
1391150 1407.2
1391160 1402.0
1391170 1402.0
1391180 1396.6
1391190 1391.8
1391200 1391.8
1391210 1389.3
1391220 1390.3
1391230 1390.3
1391240 1391.0
1391250 1383.2
1391260 1370.3
1391270 1370.3
1391280 1377.0
1391290 1393.6
1391300 1393.6
1391310 1401.9
1391320 1407.2
1391330 1407.2
1391340 1412.7
1391350 1418.7
1391360 1418.7
1391370 1425.5
1391380 1432.8
1391390 1432.8
1391400 1437.9
1391410 1438.3
1391420 1438.3
1391430 1438.6
1391440 1441.9
1391450 1441.9
1391460 1446.2
1391470 1445.7
1391480 1444.0
1391490 1444.0
1391500 1446.2
1391510 1454.7
1391520 1454.7
1391530 1464.0
1391540 1474.5
1391550 1474.5
1391560 1482.8
1391570 1487.9
1391580 1487.9
1391590 1492.0
1391600 1495.5
1391610 1495.5
1391620 1497.0
1391630 1498.3
1391640 1498.3
1391650 1502.5
1391660 1507.1
1391670 1511.2
1391680 1511.2
1391690 1513.7
1391700 1516.2
1391710 1516.2
1391720 1519.2
1391730 1521.7
1391740 1521.7
1391750 1525.1
1391760 1529.2
1391770 1529.2
1391780 1531.2
1391790 1533.1
1391800 1533.1
1391810 1535.0
1391820 1537.0
1391830 1537.0
1391840 1538.9
1391850 1541.1
1391860 1543.6
1391870 1547.2
1391880 1549.7
1391890 1551.9
1391900 1551.9
1391910 1553.3
1391920 1554.1
1391930 1554.1
1391940 1553.7
1391950 1552.7
1391960 1552.7
1391970 1551.9
1391980 1551.2
1391990 1551.2
1392000 1550.7
1392010 1550.6
1392020 1550.6
1392030 1549.6
1392040 1548.3
1392050 1548.3
1392060 1546.7
1392070 1545.2
1392080 1543.9
1392090 1543.9
1392100 1543.1
1392110 1542.8
1392120 1542.8
1392130 1542.5
1392140 1542.2
1392150 1542.2
1392160 1541.9
1392170 1541.4
1392180 1541.4
1392190 1541.7
1392200 1541.5
1392210 1541.5
1392220 1540.7
1392230 1540.7
1392240 1540.7
1392250 1539.9
1392260 1539.5
1392270 1539.7
1392280 1539.7
1392290 1538.7
1392300 1537.8
1392310 1537.8
1392320 1536.4
1392330 1535.1
1392340 1535.1
1392350 1533.4
1392360 1531.2
1392370 1531.2
1392380 1528.8
1392390 1526.0
1392400 1526.0
1392410 1524.9
1392420 1525.0
1392430 1525.0
1392440 1525.6
1392450 1526.5
1392460 1526.5
1392470 1526.6
1392480 1525.9
1392490 1525.4
1392500 1525.4
1392510 1524.6
1392520 1523.3
1392530 1523.3
1392540 1520.8
1392550 1518.2
1392560 1518.2
1392570 1516.0
1392580 1514.4
1392590 1514.4
1392600 1512.2
1392610 1509.9
1392620 1509.9
1392630 1509.9
1392640 1508.4
1392650 1508.4
1392660 1506.6
1392670 1505.8
1392680 1504.9
1392690 1504.9
1392700 1503.5
1392710 1501.9
1392720 1501.9
1392730 1499.7
1392740 1497.4
1392750 1497.4
1392760 1495.2
1392770 1492.9
1392780 1492.9
1392790 1491.0
1392800 1487.1
1392810 1487.1
1392820 1481.7
1392830 1474.9
1392840 1474.9
1392850 1467.6
1392860 1459.9
1392870 1452.8
1392880 1452.8
1392890 1446.7
1392900 1439.9
1392910 1439.9
1392920 1433.4
1392930 1425.6
1392940 1425.6
1392950 1416.1
1392960 1406.6
1392970 1406.6
1392980 1396.4
1392990 1387.2
1393000 1387.2
1393010 1383.3
1393020 1390.7
1393030 1390.7
1393040 1402.9
1393050 1415.2
1393060 1415.2
1393070 1425.1
1393080 1435.9
1393090 1447.4
1393100 1447.4
1393110 1459.0
1393120 1469.6
1393130 1469.6
1393140 1479.0
1393150 1485.5
1393160 1485.5
1393170 1490.3
1393180 1495.2
1393190 1495.2
1393200 1500.6
1393210 1506.2
1393220 1506.2
1393230 1512.2
1393240 1517.7
1393250 1520.7
1393260 1520.7
1393270 1519.8
1393280 1519.0
1393290 1519.0
1393300 1517.7
1393310 1516.5
1393320 1516.5
1393330 1515.2
1393340 1514.4
1393350 1514.4
1393360 1513.3
1393370 1512.1
1393380 1512.1
1393390 1511.0
1393400 1509.3
1393410 1509.3
1393420 1507.6
1393430 1506.0
1393440 1506.0
1393450 1504.4
1393460 1502.9
1393470 1501.3
1393480 1501.3
1393490 1499.8
1393500 1498.2
1393510 1498.2
1393520 1496.6
1393530 1495.0
1393540 1495.0
1393550 1493.4
1393560 1492.1
1393570 1492.1
1393580 1491.1
1393590 1490.0
1393600 1490.0
1393610 1486.2
1393620 1483.4
1393630 1483.4
1393640 1482.4
1393650 1485.5
1393660 1485.5
1393670 1486.0
1393680 1484.1
1393690 1482.3
1393700 1482.3
1393710 1480.5
1393720 1478.6
1393730 1478.6
1393740 1477.1
1393750 1475.1
1393760 1475.1
1393770 1473.9
1393780 1472.9
1393790 1472.9
1393800 1471.1
1393810 1467.8
1393820 1467.8
1393830 1466.5
1393840 1466.0
1393850 1466.0
1393860 1463.6
1393870 1461.2
1393880 1458.7
1393890 1458.7
1393900 1455.3
1393910 1451.8
1393920 1451.8
1393930 1448.0
1393940 1444.6
1393950 1444.6
1393960 1440.4
1393970 1437.3
1393980 1437.3
1393990 1434.8
1394000 1431.1
1394010 1431.1
1394020 1429.5
1394030 1427.8
1394040 1427.8
1394050 1425.3
1394060 1422.8
1394070 1422.8
1394080 1419.5
1394090 1416.2
1394100 1411.8
1394110 1411.8
1394120 1407.4
1394130 1403.7
1394140 1403.7
1394150 1399.1
1394160 1390.4
1394170 1390.4
1394180 1379.3
1394190 1378.3
1394200 1378.3
1394210 1381.7
1394220 1386.9
1394230 1386.9
1394240 1393.2
1394250 1395.6
1394260 1395.6
1394270 1395.0
1394280 1393.7
1394290 1392.7
1394300 1392.7
1394310 1390.6
1394320 1388.6
1394330 1388.6
1394340 1387.0
1394350 1385.5
1394360 1385.5
1394370 1383.6
1394380 1381.3
1394390 1381.3
1394400 1378.9
1394410 1375.2
1394420 1375.2
1394430 1371.2
1394440 1366.6
1394450 1366.6
1394460 1356.8
1394470 1346.7
1394480 1338.8
1394490 1338.8
1394500 1332.3
1394510 1327.0
1394520 1327.0
1394530 1322.5
1394540 1318.4
1394550 1318.4
1394560 1313.5
1394570 1308.8
1394580 1308.8
1394590 1304.0
1394600 1300.9
1394610 1300.9
1394620 1297.5
1394630 1293.1
1394640 1293.1
1394650 1292.4
1394660 1288.4
1394670 1288.4
1394680 1285.0
1394690 1282.5
1394700 1279.9
1394710 1279.9
1394720 1277.7
1394730 1274.6
1394740 1274.6
1394750 1270.7
1394760 1266.7
1394770 1266.7
1394780 1264.1
1394790 1261.2
1394800 1261.2
1394810 1258.1
1394820 1254.8
1394830 1254.8
1394840 1251.4
1394850 1249.0
1394860 1249.0
1394870 1246.1
1394880 1243.2
1394890 1241.7
1394900 1241.7
1394910 1239.4
1394920 1235.1
1394930 1235.1
1394940 1231.0
1394950 1228.2
1394960 1228.2
1394970 1225.6
1394980 1224.0
1394990 1224.0
1395000 1222.4
1395010 1219.7
1395020 1219.7
1395030 1215.7
1395040 1212.0
1395050 1212.0
1395060 1208.0
1395070 1203.7
1395080 1199.4
1395090 1199.4
1395100 1194.9
1395110 1189.8
1395120 1189.8
1395130 1184.3
1395140 1178.8
1395150 1178.8
1395160 1173.8
1395170 1169.8
1395180 1169.8
1395190 1166.3
1395200 1161.7
1395210 1161.7
1395220 1157.2
1395230 1152.9
1395240 1152.9
1395250 1147.8
1395260 1141.4
1395270 1141.4
1395280 1135.4
1395290 1127.9
1395300 1120.8
1395310 1120.8
1395320 1114.3
1395330 1108.5
1395340 1108.5
1395350 1103.3
1395360 1098.0
1395370 1098.0
1395380 1093.9
1395390 1091.0
1395400 1091.0
1395410 1088.9
1395420 1087.8
1395430 1087.8
1395440 1086.7
1395450 1084.8
1395460 1084.8
1395470 1082.6
1395480 1081.1
1395490 1079.2
1395500 1079.2
1395510 1077.1
1395520 1075.4
1395530 1075.4
1395540 1073.7
1395550 1071.7
1395560 1071.7
1395570 1069.6
1395580 1066.9
1395590 1066.9
1395600 1064.1
1395610 1061.2
1395620 1061.2
1395630 1058.5
1395640 1055.9
1395650 1055.9
1395660 1053.1
1395670 1050.3
1395680 1050.3
1395690 1047.7
1395700 1045.9
1395710 1044.1
1395720 1044.1
1395730 1042.0
1395740 1040.2
1395750 1040.2
1395760 1038.5
1395770 1036.6
1395780 1036.6
1395790 1034.3
1395800 1031.9
1395810 1031.9
1395820 1029.4
1395830 1026.6
1395840 1026.6
1395850 1023.6
1395860 1017.7
1395870 1017.7
1395880 1016.0
1395890 1017.0
1395900 1016.3
1395910 1016.3
1395920 1015.6
1395930 1016.3
1395940 1016.3
1395950 1017.8
1395960 1018.2
1395970 1018.2
1395980 1017.9
1395990 1017.7
1396000 1017.7
1396010 1016.8
1396020 1016.7
1396030 1016.7
1396040 1016.9
1396050 1016.3
1396060 1017.6
1396070 1017.3
1396080 1017.3
1396090 1016.9
1396100 1016.9
1396110 1016.3
1396120 1015.8
1396130 1015.8
1396140 1015.7
1396150 1016.5
1396160 1016.5
1396170 1016.1
1396180 1015.2
1396190 1015.2
1396200 1015.2
1396210 1015.9
1396220 1015.9
1396230 1015.2
1396240 1012.6
1396250 1012.6
1396260 1008.8
1396270 1003.6
1396280 1003.6
1396290 998.7
1396300 995.0
1396310 991.8
1396320 991.8
1396330 988.8
1396340 985.9
1396350 985.9
1396360 981.9
1396370 977.0
1396380 977.0
1396390 973.0
1396400 971.0
1396410 971.0
1396420 969.6
1396430 967.5
1396440 967.5
1396450 963.7
1396460 956.8
1396470 956.8
1396480 946.2
1396490 940.0
1396500 933.8
1396510 933.8
1396520 928.6
1396530 926.1
1396540 926.1
1396550 923.2
1396560 923.0
1396570 923.0
1396580 924.2
1396590 926.0
1396600 926.0
1396610 925.0
1396620 925.8
1396630 925.8
1396640 926.2
1396650 926.6
1396660 926.6
1396670 927.6
1396680 928.6
1396690 928.9
1396700 928.9
1396710 928.8
1396720 928.5
1396730 928.5
1396740 928.2
1396750 928.3
1396760 928.3
1396770 928.4
1396780 928.3
1396790 928.3
1396800 928.2
1396810 928.1
1396820 928.1
1396830 928.2
1396840 928.6
1396850 928.6
1396860 928.9
1396870 928.9
1396880 928.9
1396890 929.0
1396900 929.0
1396910 929.2
1396920 929.2
1396930 929.4
1396940 929.4
1396950 929.4
1396960 929.1
1396970 929.2
1396980 929.2
1396990 929.2
1397000 929.2
1397010 929.2
1397020 929.4
1397030 929.6
1397040 929.6
1397050 929.5
1397060 929.4
1397070 929.4
1397080 929.1
1397090 929.4
1397100 929.3
1397110 929.3
1397120 929.1
1397130 929.3
1397140 929.3
1397150 929.4
1397160 929.6
1397170 929.6
1397180 929.8
1397190 930.1
1397200 930.1
1397210 930.4
1397220 930.9
1397230 930.9
1397240 931.3
1397250 931.5
1397260 931.5
1397270 931.8
1397280 933.3
1397290 933.3
1397300 939.5
1397310 948.4
1397320 955.6
1397330 955.6
1397340 960.8
1397350 969.1
1397360 969.1
1397370 980.6
1397380 990.2
1397390 990.2
1397400 996.4
1397410 1001.5
1397420 1001.5
1397430 1007.5
1397440 1011.9
1397450 1011.9
1397460 1017.1
1397470 1021.9
1397480 1021.9
1397490 1024.2
1397500 1025.5
1397510 1027.4
1397520 1027.4
1397530 1031.6
1397540 1035.7
1397550 1035.7
1397560 1040.6
1397570 1045.8
1397580 1045.8
1397590 1050.9
1397600 1056.6
1397610 1056.6
1397620 1063.2
1397630 1072.6
1397640 1072.6
1397650 1081.4
1397660 1089.7
1397670 1089.7
1397680 1099.6
1397690 1108.2
1397700 1114.8
1397710 1114.8
1397720 1121.8
1397730 1129.5
1397740 1129.5
1397750 1137.3
1397760 1145.9
1397770 1145.9
1397780 1154.3
1397790 1160.3
1397800 1160.3
1397810 1165.8
1397820 1170.9
1397830 1170.9
1397840 1176.1
1397850 1182.3
1397860 1182.3
1397870 1190.1
1397880 1199.8
1397890 1199.8
1397900 1207.5
1397910 1217.0
1397920 1224.6
1397930 1224.6
1397940 1231.0
1397950 1236.4
1397960 1236.4
1397970 1241.3
1397980 1247.0
1397990 1247.0
1398000 1253.8
1398010 1259.7
1398020 1259.7
1398030 1264.0
1398040 1267.3
1398050 1267.3
1398060 1267.9
1398070 1265.3
1398080 1265.3
1398090 1269.4
1398100 1273.5
1398110 1277.0
1398120 1277.0
1398130 1280.7
1398140 1284.7
1398150 1284.7
1398160 1288.9
1398170 1293.3
1398180 1293.3
1398190 1297.8
1398200 1303.0
1398210 1303.0
1398220 1309.3
1398230 1312.2
1398240 1312.2
1398250 1314.1
1398260 1317.3
1398270 1317.3
1398280 1321.0
1398290 1324.6
1398300 1324.6
1398310 1328.8
1398320 1332.4
1398330 1336.5
1398340 1336.5
1398350 1341.2
1398360 1346.6
1398370 1346.6
1398380 1352.3
1398390 1356.8
1398400 1356.8
1398410 1359.4
1398420 1360.8
1398430 1360.8
1398440 1362.1
1398450 1363.5
1398460 1363.5
1398470 1365.5
1398480 1367.7
1398490 1367.7
1398500 1369.9
1398510 1372.6
1398520 1375.8
1398530 1375.8
1398540 1380.3
1398550 1384.6
1398560 1384.6
1398570 1389.3
1398580 1394.5
1398590 1394.5
1398600 1399.9
1398610 1404.0
1398620 1404.0
1398630 1407.7
1398640 1411.7
1398650 1411.7
1398660 1416.1
1398670 1420.6
1398680 1420.6
1398690 1425.6
1398700 1430.9
1398710 1436.6
1398720 1436.6
1398730 1442.0
1398740 1448.3
1398750 1448.3
1398760 1454.7
1398770 1460.1
1398780 1460.1
1398790 1465.2
1398800 1469.6
1398810 1469.6
1398820 1474.5
1398830 1479.9
1398840 1479.9
1398850 1486.8
1398860 1495.9
1398870 1495.9
1398880 1504.2
1398890 1510.6
1398900 1510.6
1398910 1515.2
1398920 1519.3
1398930 1524.6
1398940 1524.6
1398950 1530.8
1398960 1537.5
1398970 1532.4
1398980 1537.7
1398990 1543.6
1399000 1543.6
1399010 1548.1
1399020 1552.3
1399030 1552.3
1399040 1558.5
1399050 1566.4
1399060 1566.4
1399070 1576.0
1399080 1584.7
1399090 1584.7
1399100 1590.1
1399110 1596.4
1399120 1601.2
1399130 1601.2
1399140 1605.6
1399150 1611.6
1399160 1611.6
1399170 1618.8
1399180 1626.1
1399190 1626.1
1399200 1632.2
1399210 1637.5
1399220 1637.5
1399230 1641.4
1399240 1646.1
1399250 1646.1
1399260 1650.7
1399270 1655.3
1399280 1655.3
1399290 1659.3
1399300 1664.2
1399310 1669.9
1399320 1669.9
1399330 1676.7
1399340 1683.7
1399350 1683.7
1399360 1690.5
1399370 1696.3
1399380 1696.3
1399390 1701.3
1399400 1706.6
1399410 1706.6
1399420 1711.9
1399430 1717.3
1399440 1717.3
1399450 1722.3
1399460 1726.8
1399470 1726.8
1399480 1731.2
1399490 1734.9
1399500 1734.9
1399510 1739.5
1399520 1744.3
1399530 1750.0
1399540 1750.0
1399550 1756.2
1399560 1762.9
1399570 1762.9
1399580 1770.4
1399590 1778.0
1399600 1778.0
1399610 1786.0
1399620 1794.4
1399630 1794.4
1399640 1802.7
1399650 1811.8
1399660 1811.8
1399670 1821.3
1399680 1828.4
1399690 1828.4
1399700 1835.3
1399710 1842.9
1399720 1850.0
1399730 1850.0
1399740 1856.8
1399750 1863.8
1399760 1863.8
1399770 1870.7
1399780 1878.4
1399790 1878.4
1399800 1887.6
1399810 1897.8
1399820 1897.8
1399830 1908.4
1399840 1917.8
1399850 1917.8
1399860 1925.1
1399870 1931.1
1399880 1931.1
1399890 1936.8
1399900 1942.7
1399910 1942.7
1399920 1948.4
1399930 1954.8
1399940 1960.8
1399950 1960.8
1399960 1965.8
1399970 1971.5
1399980 1971.5
1399990 1977.6
1380000 2067.6
1380010 2064.1
1380020 2060.7
1380030 2060.7
1380040 2057.6
1380050 2054.4
1380060 2054.4
1380070 2051.3
1380080 2048.3
1380090 2048.3
1380100 2044.9
1380110 2041.3
1380120 2041.3
1380130 2038.2
1380140 2035.9
1380150 2035.9
1380160 2033.1
1380170 2030.0
1380180 2026.3
1380190 2026.3
1380200 2022.4
1380210 2018.7
1380220 2018.7
1380230 2015.6
1380240 2011.9
1380250 2011.9
1380260 2007.1
1380270 2000.7
1380280 2000.7
1380290 1994.8
1380300 1988.6
1380310 1988.6
1380320 1984.4
1380330 1979.9
1380340 1979.9
1380350 1976.3
1380360 1973.6
1380370 1973.6
1380380 1969.6
1380390 1963.9
1380400 1959.3
1380410 1959.3
1380420 1953.9
1380430 1946.8
1380440 1946.8
1380450 1935.9
1380460 1927.0
1380470 1927.0
1380480 1920.1
1380490 1915.0
1380500 1915.0
1380510 1908.7
1380520 1902.2
1380530 1902.2
1380540 1896.0
1380550 1889.4
1380560 1889.4
1380570 1883.6
1380580 1879.3
1380590 1871.6
1380600 1871.6
1380610 1861.0
1380620 1851.3
1380630 1851.3
1380640 1844.9
1380650 1837.9
1380660 1837.9
1380670 1830.1
1380680 1822.2
1380690 1822.2
1380700 1813.0
1380710 1804.0
1380720 1804.0
1380730 1798.1
1380740 1795.3
1380750 1795.3
1380760 1793.5
1380770 1791.1
1380780 1791.1
1380790 1788.8
1380800 1786.3
1380810 1783.5
1380820 1783.5
1380830 1780.7
1380840 1776.3
1380850 1776.3
1380860 1771.6
1380870 1766.2
1380880 1766.2
1380890 1760.6
1380900 1755.6
1380910 1755.6
1380920 1750.6
1380930 1745.6
1380940 1745.6
1380950 1739.5
1380960 1732.0
1380970 1732.0
1380980 1725.6
1380990 1719.0
1381000 1712.4
1381010 1712.4
1381020 1706.7
1381030 1704.5
1381040 1704.5
1381050 1699.9
1381060 1693.5
1381070 1693.5
1381080 1686.3
1381090 1679.2
1381100 1679.2
1381110 1672.9
1381120 1667.1
1381130 1667.1
1381140 1660.5
1381150 1653.2
1381160 1653.2
1381170 1646.4
1381180 1639.8
1381190 1632.6
1381200 1632.6
1381210 1626.5
1381220 1619.9
1381230 1619.9
1381240 1613.7
1381250 1607.7
1381260 1607.7
1381270 1601.2
1381280 1592.7
1381290 1592.7
1381300 1584.0
1381310 1577.3
1381320 1577.3
1381330 1572.7
1381340 1566.7
1381350 1566.7
1381360 1558.6
1381370 1552.0
1381380 1552.0
1381390 1552.5
1381400 1560.0
1381410 1568.9
1381420 1568.9
1381430 1577.6
1381440 1585.7
1381450 1585.7
1381460 1592.0
1381470 1596.8
1381480 1596.8
1381490 1600.0
1381500 1603.7
1381510 1603.7
1381520 1607.3
1381530 1615.9
1381540 1615.9
1381550 1619.1
1381560 1622.0
1381570 1622.0
1381580 1624.9
1381590 1629.7
1381600 1633.6
1381610 1633.6
1381620 1636.2
1381630 1638.9
1381640 1638.9
1381650 1642.9
1381660 1647.4
1381670 1647.4
1381680 1651.7
1381690 1654.6
1381700 1654.6
1381710 1656.3
1381720 1659.0
1381730 1659.0
1381740 1664.4
1381750 1670.0
1381760 1670.0
1381770 1676.6
1381780 1683.5
1381790 1688.9
1381800 1688.9
1381810 1693.2
1381820 1698.0
1381830 1698.0
1381840 1703.1
1381850 1707.9
1381860 1707.9
1381870 1712.1
1381880 1716.9
1381890 1716.9
1381900 1722.5
1381910 1728.6
1381920 1728.6
1381930 1736.5
1381940 1743.9
1381950 1743.9
1381960 1746.9
1381970 1748.9
1381980 1748.9
1381990 1751.2
1382000 1753.2
1382010 1753.4
1382020 1753.4
1382030 1753.7
1382040 1753.8
1382050 1753.8
1382060 1755.0
1382070 1758.5
1382080 1758.5
1382090 1761.2
1382100 1762.9
1382110 1762.9
1382120 1765.4
1382130 1769.1
1382140 1769.1
1382150 1773.0
1382160 1779.7
1382170 1779.7
1382180 1786.6
1382190 1788.1
1382200 1784.3
1382210 1784.3
1382220 1780.7
1382230 1778.8
1382240 1778.8
1382250 1775.2
1382260 1775.7
1382270 1775.7
1382280 1785.7
1382290 1797.8
1382300 1797.8
1382310 1802.5
1382320 1805.0
1382330 1805.0
1382340 1806.8
1382350 1806.4
1382360 1806.4
1382370 1806.6
1382380 1810.0
1382390 1810.0
1382400 1813.2
1382410 1816.3
1382420 1818.9
1382430 1818.9
1382440 1820.9
1382450 1822.4
1382460 1822.4
1382470 1823.5
1382480 1821.5
1382490 1821.5
1382500 1817.9
1382510 1816.8
1382520 1816.8
1382530 1816.1
1382540 1815.9
1382550 1815.9
1382560 1817.4
1382570 1819.9
1382580 1819.9
1382590 1820.1
1382600 1822.0
1382610 1824.8
1382620 1824.8
1382630 1830.2
1382640 1836.0
1382650 1836.0
1382660 1842.5
1382670 1848.8
1382680 1848.8
1382690 1855.2
1382700 1861.0
1382710 1861.0
1382720 1867.1
1382730 1873.4
1382740 1873.4
1382750 1880.1
1382760 1887.8
1382770 1887.8
1382780 1894.1
1382790 1900.6
1382800 1907.4
1382810 1907.4
1382820 1914.6
1382830 1921.9
1382840 1921.9
1382850 1928.8
1382860 1935.6
1382870 1935.6
1382880 1942.5
1382890 1949.7
1382900 1949.7
1382910 1956.9
1382920 1964.2
1382930 1964.2
1382940 1971.6
1382950 1979.1
1382960 1979.1
1382970 1986.0
1382980 1992.9
1382990 1992.9
1383000 2000.2
1383010 2007.9
1383020 2015.8
1383030 2015.8
1383040 2023.3
1383050 2029.5
1383060 2029.5
1383070 2033.9
1383080 2037.8
1383090 2037.8
1383100 2041.6
1383110 2045.2
1383120 2045.2
1383130 2048.2
1383140 2051.0
1383150 2051.0
1383160 2053.0
1383170 2054.4
1383180 2054.4
1383190 2054.8
1383200 2054.3
1383210 2053.3
1383220 2053.3
1383230 2052.0
1383240 2050.5
1383250 2050.5
1383260 2048.6
1383270 2046.4
1383280 2046.4
1383290 2044.0
1383300 2041.1
1383310 2041.1
1383320 2037.8
1383330 2034.7
1383340 2034.7
1383350 2031.3
1383360 2027.5
1383370 2027.5
1383380 2022.6
1383390 2016.6
1383400 2016.6
1383410 2009.9
1383420 2002.6
1383430 1995.3
1383440 1995.3
1383450 1987.4
1383460 1979.0
1383470 1979.0
1383480 1970.8
1383490 1963.1
1383500 1963.1
1383510 1955.4
1383520 1947.8
1383530 1947.8
1383540 1940.7
1383550 1933.4
1383560 1933.4
1383570 1926.3
1383580 1919.4
1383590 1919.4
1383600 1912.8
1383610 1906.1
1383620 1899.5
1383630 1899.5
1383640 1892.7
1383650 1884.9
1383660 1884.9
1383670 1878.0
1383680 1874.1
1383690 1874.1
1383700 1870.9
1383710 1866.4
1383720 1866.4
1383730 1861.3
1383740 1856.1
1383750 1856.1
1383760 1850.8
1383770 1845.3
1383780 1845.3
1383790 1839.7
1383800 1834.4
1383810 1828.8
1383820 1828.8
1383830 1822.9
1383840 1816.3
1383850 1816.3
1383860 1809.4
1383870 1803.2
1383880 1803.2
1383890 1797.2
1383900 1791.3
1383910 1791.3
1383920 1785.2
1383930 1779.7
1383940 1779.7
1383950 1774.4
1383960 1768.6
1383970 1768.6
1383980 1762.6
1383990 1756.7
1384000 1756.7
1384010 1750.7
1384020 1741.2
1384030 1735.7
1384040 1735.7
1384050 1731.4
1384060 1727.2
1384070 1727.2
1384080 1722.3
1384090 1715.7
1384100 1715.7
1384110 1708.8
1384120 1701.7
1384130 1701.7
1384140 1693.7
1384150 1686.5
1384160 1686.5
1384170 1681.1
1384180 1675.1
1384190 1675.1
1384200 1670.0
1384210 1665.4
1384220 1660.3
1384230 1660.3
1384240 1654.0
1384250 1647.6
1384260 1647.6
1384270 1641.8
1384280 1636.4
1384290 1636.4
1384300 1630.4
1384310 1624.0
1384320 1624.0
1384330 1617.5
1384340 1610.6
1384350 1610.6
1384360 1601.9
1384370 1592.5
1384380 1592.5
1384390 1584.1
1384400 1576.8
1384410 1570.0
1384420 1570.0
1384430 1563.1
1384440 1555.6
1384450 1555.6
1384460 1547.7
1384470 1539.3
1384480 1539.3
1384490 1531.0
1384500 1522.9
1384510 1522.9
1384520 1512.1
1384530 1500.6
1384540 1500.6
1384550 1489.9
1384560 1479.1
1384570 1479.1
1384580 1470.9
1384590 1469.9
1384600 1469.9
1384610 1478.8
1384620 1487.1
1384630 1494.0
1384640 1494.0
1384650 1499.2
1384660 1501.3
1384670 1501.3
1384680 1501.2
1384690 1504.2
1384700 1504.2
1384710 1510.0
1384720 1517.1
1384730 1517.1
1384740 1524.8
1384750 1529.8
1384760 1529.8
1384770 1528.1
1384780 1527.5
1384790 1527.5
1384800 1529.9
1384810 1534.0
1384820 1537.3
1384830 1537.3
1384840 1539.8
1384850 1542.4
1384860 1542.4
1384870 1544.1
1384880 1546.8
1384890 1546.8
1384900 1550.0
1384910 1552.9
1384920 1552.9
1384930 1554.6
1384940 1554.0
1384950 1554.0
1384960 1549.3
1384970 1544.0
1384980 1544.0
1384990 1538.4
1385000 1532.9
1385010 1532.9
1385020 1528.6
1385030 1524.5
1385040 1518.0
1385050 1518.0
1385060 1507.9
1385070 1500.0
1385080 1500.0
1385090 1497.9
1385100 1503.0
1385110 1503.0
1385120 1510.4
1385130 1516.7
1385140 1516.7
1385150 1524.4
1385160 1533.7
1385170 1533.7
1385180 1541.9
1385190 1549.6
1385200 1549.6
1385210 1557.7
1385220 1565.9
1385230 1573.5
1385240 1573.5
1385250 1580.9
1385260 1587.9
1385270 1587.9
1385280 1592.9
1385290 1599.8
1385300 1599.8
1385310 1606.4
1385320 1612.8
1385330 1612.8
1385340 1619.5
1385350 1626.6
1385360 1626.6
1385370 1633.8
1385380 1640.4
1385390 1640.4
1385400 1647.1
1385410 1653.0
1385420 1657.0
1385430 1657.0
1385440 1660.5
1385450 1663.5
1385460 1663.5
1385470 1666.7
1385480 1669.5
1385490 1669.5
1385500 1674.5
1385510 1680.2
1385520 1680.2
1385530 1685.7
1385540 1690.7
1385550 1690.7
1385560 1694.3
1385570 1697.8
1385580 1697.8
1385590 1703.1
1385600 1709.2
1385610 1709.2
1385620 1715.2
1385630 1721.3
1385640 1726.8
1385650 1726.8
1385660 1731.0
1385670 1734.5
1385680 1734.5
1385690 1738.2
1385700 1742.3
1385710 1742.3
1385720 1746.7
1385730 1751.6
1385740 1751.6
1385750 1756.9
1385760 1763.0
1385770 1763.0
1385780 1769.3
1385790 1774.1
1385800 1774.1
1385810 1777.5
1385820 1780.8
1385830 1783.7
1385840 1783.7
1385850 1786.4
1385860 1787.7
1385870 1787.7
1385880 1789.2
1385890 1791.4
1385900 1791.4
1385910 1792.6
1385920 1795.6
1385930 1795.6
1385940 1800.1
1385950 1802.2
1385960 1802.2
1385970 1803.7
1385980 1809.0
1385990 1809.0
1386000 1816.2
1386010 1823.5
1386020 1829.3
1386030 1829.3
1386040 1833.2
1386050 1836.9
1386060 1836.9
1386070 1840.3
1386080 1844.4
1386090 1844.4
1386100 1848.1
1386110 1850.6
1386120 1850.6
1386130 1853.6
1386140 1857.1
1386150 1857.1
1386160 1860.6
1386170 1864.0
1386180 1864.0
1386190 1866.9
1386200 1869.5
1386210 1869.5
1386220 1872.6
1386230 1875.6
1386240 1878.4
1386250 1878.4
1386260 1880.9
1386270 1883.9
1386280 1883.9
1386290 1887.2
1386300 1890.0
1386310 1890.0
1386320 1891.8
1386330 1893.3
1386340 1893.3
1386350 1894.2
1386360 1894.9
1386370 1894.9
1386380 1895.5
1386390 1895.8
1386400 1895.8
1386410 1895.5
1386420 1895.3
1386430 1894.9
1386440 1894.9
1386450 1894.2
1386460 1893.2
1386470 1893.2
1386480 1892.0
1386490 1891.8
1386500 1891.8
1386510 1891.6
1386520 1890.3
1386530 1890.3
1386540 1888.1
1386550 1887.0
1386560 1892.3
1386570 1893.0
1386580 1895.1
1386590 1895.1
1386600 1899.2
1386610 1903.3
1386620 1903.3
1386630 1905.2
1386640 1905.4
1386650 1904.8
1386660 1904.8
1386670 1904.6
1386680 1905.1
1386690 1905.1
1386700 1905.7
1386710 1905.5
1386720 1905.5
1386730 1905.4
1386740 1905.7
1386750 1905.7
1386760 1906.3
1386770 1906.8
1386780 1906.8
1386790 1906.8
1386800 1907.6
1386810 1907.6
1386820 1908.3
1386830 1909.4
1386840 1910.8
1386850 1910.8
1386860 1911.8
1386870 1912.5
1386880 1912.5
1386890 1913.0
1386900 1913.4
1386910 1913.4
1386920 1913.8
1386930 1913.9
1386940 1913.9
1386950 1914.1
1386960 1914.6
1386970 1914.6
1386980 1915.0
1386990 1915.4
1387000 1915.4
1387010 1916.0
1387020 1916.8
1387030 1917.1
1387040 1917.1
1387050 1917.2
1387060 1917.0
1387070 1917.0
1387080 1916.8
1387090 1916.7
1387100 1916.7
1387110 1916.8
1387120 1916.9
1387130 1916.9
1387140 1916.9
1387150 1917.3
1387160 1917.3
1387170 1918.1
1387180 1918.5
1387190 1918.5
1387200 1918.7
1387210 1918.8
1387220 1918.8
1387230 1918.9
1387240 1919.1
1387250 1919.5
1387260 1919.5
1387270 1919.5
1387280 1919.2
1387290 1919.2
1387300 1919.0
1387310 1919.1
1387320 1919.1
1387330 1919.4
1387340 1919.7
1387350 1919.7
1387360 1919.5
1387370 1919.2
1387380 1919.2
1387390 1919.0
1387400 1918.0
1387410 1918.0
1387420 1916.7
1387430 1915.5
1387440 1914.5
1387450 1914.5
1387460 1914.2
1387470 1913.4
1387480 1913.4
1387490 1911.5
1387500 1908.4
1387510 1908.4
1387520 1904.8
1387530 1899.9
1387540 1899.9
1387550 1892.9
1387560 1887.0
1387570 1887.0
1387580 1880.8
1387590 1873.8
1387600 1873.8
1387610 1866.9
1387620 1859.3
1387630 1859.3
1387640 1851.6
1387650 1843.5
1387660 1836.2
1387670 1836.2
1387680 1829.9
1387690 1824.1
1387700 1824.1
1387710 1818.2
1387720 1811.9
1387730 1811.9
1387740 1805.8
1387750 1799.2
1387760 1799.2
1387770 1792.8
1387780 1786.2
1387790 1786.2
1387800 1779.4
1387810 1773.0
1387820 1773.0
1387830 1766.6
1387840 1759.5
1387850 1751.6
1387860 1749.9
1387870 1740.0
1387880 1730.5
1387890 1730.5
1387900 1717.9
1387910 1706.9
1387920 1706.9
1387930 1698.8
1387940 1690.7
1387950 1690.7
1387960 1682.4
1387970 1672.3
1387980 1672.3
1387990 1661.8
1388000 1658.2
1388010 1658.2
1388020 1662.8
1388030 1660.5
1388040 1653.1
1388050 1653.1
1388060 1643.2
1388070 1625.7
1388080 1625.7
1388090 1608.7
1388100 1598.5
1388110 1598.5
1388120 1589.2
1388130 1580.6
1388140 1580.6
1388150 1571.0
1388160 1561.5
1388170 1561.5
1388180 1552.5
1388190 1543.0
1388200 1543.0
1388210 1534.6
1388220 1526.0
1388230 1526.0
1388240 1517.3
1388250 1506.8
1388260 1496.1
1388270 1496.1
1388280 1491.3
1388290 1492.7
1388300 1492.7
1388310 1498.3
1388320 1505.8
1388330 1505.8
1388340 1512.7
1388350 1519.8
1388360 1519.8
1388370 1527.0
1388380 1534.4
1388390 1534.4
1388400 1547.2
1388410 1565.0
1388420 1565.0
1388430 1578.9
1388440 1588.2
1388450 1595.8
1388460 1595.8
1388470 1601.4
1388480 1606.1
1388490 1606.1
1388500 1612.0
1388510 1616.5
1388520 1616.5
1388530 1620.6
1388540 1625.5
1388550 1625.5
1388560 1630.7
1388570 1635.9
1388580 1635.9
1388590 1642.2
1388600 1648.8
1388610 1648.8
1388620 1655.9
1388630 1662.9
1388640 1669.1
1388650 1669.1
1388660 1675.6
1388670 1682.4
1388680 1682.4
1388690 1689.6
1388700 1696.8
1388710 1696.8
1388720 1704.6
1388730 1713.0
1388740 1713.0
1388750 1722.0
1388760 1729.1
1388770 1729.1
1388780 1733.9
1388790 1738.3
1388800 1738.3
1388810 1743.2
1388820 1746.0
1388830 1746.0
1388840 1747.5
1388850 1750.0
1388860 1752.1
1388870 1752.1
1388880 1753.0
1388890 1753.4
1388900 1753.4
1388910 1753.5
1388920 1753.1
1388930 1753.1
1388940 1752.5
1388950 1751.6
1388960 1751.6
1388970 1750.5
1388980 1749.6
1388990 1749.6
1389000 1748.6
1389010 1746.7
1389020 1746.7
1389030 1743.9
1389040 1741.1
1389050 1738.8
1389060 1738.8
1389070 1737.0
1389080 1735.6
1389090 1735.6
1389100 1733.2
1389110 1730.7
1389120 1730.7
1389130 1728.1
1389140 1725.6
1389150 1725.6
1389160 1723.2
1389170 1721.5
1389180 1724.8
1389190 1725.0
1389200 1724.1
1389210 1724.1
1389220 1723.7
1389230 1722.1
1389240 1722.1
1389250 1718.6
1389260 1712.4
1389270 1706.9
1389280 1706.9
1389290 1701.8
1389300 1695.7
1389310 1695.7
1389320 1687.8
1389330 1675.0
1389340 1675.0
1389350 1662.1
1389360 1650.7
1389370 1650.7
1389380 1641.1
1389390 1632.4
1389400 1632.4
1389410 1624.1
1389420 1616.4
1389430 1616.4
1389440 1608.9
1389450 1600.8
1389460 1592.1
1389470 1592.1
1389480 1583.9
1389490 1575.7
1389500 1575.7
1389510 1567.1
1389520 1556.4
1389530 1556.4
1389540 1545.8
1389550 1538.3
1389560 1538.3
1389570 1530.0
1389580 1519.2
1389590 1519.2
1389600 1507.7
1389610 1502.2
1389620 1502.2
1389630 1510.2
1389640 1524.2
1389650 1535.2
1389660 1535.2
1389670 1544.8
1389680 1555.7
1389690 1555.7
1389700 1565.6
1389710 1575.4
1389720 1575.4
1389730 1583.0
1389740 1587.8
1389750 1587.8
1389760 1591.6
1389770 1598.9
1389780 1598.9
1389790 1608.0
1389800 1617.8
1389810 1617.8
1389820 1626.2
1389830 1633.7
1389840 1633.7
1389850 1643.0
1389860 1652.0
1389870 1661.2
1389880 1661.2
1389890 1670.2
1389900 1677.3
1389910 1677.3
1389920 1687.2
1389930 1694.0
1389940 1694.0
1389950 1695.8
1389960 1697.5
1389970 1697.5
1389980 1700.0
1389990 1703.5
1390000 1703.5
1390010 1708.1
1390020 1711.8
1390030 1711.8
1390040 1715.0
1390050 1717.8
1390060 1720.7
1390070 1720.7
1390080 1723.4
1390090 1725.2
1390100 1725.2
1390110 1726.6
1390120 1726.9
1390130 1726.9
1390140 1725.8
1390150 1724.6
1390160 1724.6
1390170 1724.1
1390180 1723.6
1390190 1723.6
1390200 1721.8
1390210 1719.7
1390220 1719.7
1390230 1717.9
1390240 1716.0
1390250 1713.9
1390260 1713.9
1390270 1711.8
1390280 1710.3
1390290 1710.3
1390300 1709.3
1390310 1709.0
1390320 1709.0
1390330 1708.8
1390340 1707.8
1390350 1707.8
1390360 1705.9
1390370 1703.1
1390380 1703.1
1390390 1699.4
1390400 1695.3
1390410 1695.3
1390420 1692.0
1390430 1688.3
1390440 1688.3
1390450 1684.7
1390460 1682.5
1390470 1681.6
1390480 1681.6
1390490 1680.5
1390500 1677.8
1390510 1677.8
1390520 1674.4
1390530 1670.4
1390540 1670.4
1390550 1665.2
1390560 1660.3
1390570 1660.3
1390580 1655.5
1390590 1650.6
1390600 1650.6
1390610 1646.7
1390620 1643.8
1390630 1643.8
1390640 1640.7
1390650 1636.8
1390660 1633.5
1390670 1633.5
1390680 1628.2
1390690 1621.3
1390700 1621.3
1390710 1614.7
1390720 1608.3
1390730 1608.3
1390740 1602.6
1390750 1597.4
1390760 1597.4
1390770 1591.7
1390780 1585.4
1390790 1585.4
1390800 1579.8
1390810 1573.9
1390820 1573.9
1390830 1568.3
1390840 1562.9
1390850 1562.9
1390860 1557.2
1390870 1551.4
1390880 1544.4
1390890 1544.4
1390900 1537.5
1390910 1531.1
1390920 1531.1
1390930 1522.6
1390940 1512.8
1390950 1512.8
1390960 1503.2
1390970 1495.0
1390980 1495.0
1390990 1485.9
1391000 1473.6
1391010 1473.6
1391020 1464.3
1391030 1455.5
1391040 1455.5
1391050 1447.5
1391060 1440.2
1391070 1434.5
1391080 1434.5
1391090 1429.9
1391100 1424.4
1391110 1424.4
1391120 1418.1
1391130 1411.8
1391140 1411.8
1391150 1407.2
1391160 1402.0
1391170 1402.0
1391180 1396.6
1391190 1391.8
1391200 1391.8
1391210 1389.3
1391220 1390.3
1391230 1390.3
1391240 1391.0
1391250 1383.2
1391260 1370.3
1391270 1370.3
1391280 1377.0
1391290 1393.6
1391300 1393.6
1391310 1401.9
1391320 1407.2
1391330 1407.2
1391340 1412.7
1391350 1418.7
1391360 1418.7
1391370 1425.5
1391380 1432.8
1391390 1432.8
1391400 1437.9
1391410 1438.3
1391420 1438.3
1391430 1438.6
1391440 1441.9
1391450 1441.9
1391460 1446.2
1391470 1445.7
1391480 1444.0
1391490 1444.0
1391500 1446.2
1391510 1454.7
1391520 1454.7
1391530 1464.0
1391540 1474.5
1391550 1474.5
1391560 1482.8
1391570 1487.9
1391580 1487.9
1391590 1492.0
1391600 1495.5
1391610 1495.5
1391620 1497.0
1391630 1498.3
1391640 1498.3
1391650 1502.5
1391660 1507.1
1391670 1511.2
1391680 1511.2
1391690 1513.7
1391700 1516.2
1391710 1516.2
1391720 1519.2
1391730 1521.7
1391740 1521.7
1391750 1525.1
1391760 1529.2
1391770 1529.2
1391780 1531.2
1391790 1533.1
1391800 1533.1
1391810 1535.0
1391820 1537.0
1391830 1537.0
1391840 1538.9
1391850 1541.1
1391860 1543.6
1391870 1547.2
1391880 1549.7
1391890 1551.9
1391900 1551.9
1391910 1553.3
1391920 1554.1
1391930 1554.1
1391940 1553.7
1391950 1552.7
1391960 1552.7
1391970 1551.9
1391980 1551.2
1391990 1551.2
1392000 1550.7
1392010 1550.6
1392020 1550.6
1392030 1549.6
1392040 1548.3
1392050 1548.3
1392060 1546.7
1392070 1545.2
1392080 1543.9
1392090 1543.9
1392100 1543.1
1392110 1542.8
1392120 1542.8
1392130 1542.5
1392140 1542.2
1392150 1542.2
1392160 1541.9
1392170 1541.4
1392180 1541.4
1392190 1541.7
1392200 1541.5
1392210 1541.5
1392220 1540.7
1392230 1540.7
1392240 1540.7
1392250 1539.9
1392260 1539.5
1392270 1539.7
1392280 1539.7
1392290 1538.7
1392300 1537.8
1392310 1537.8
1392320 1536.4
1392330 1535.1
1392340 1535.1
1392350 1533.4
1392360 1531.2
1392370 1531.2
1392380 1528.8
1392390 1526.0
1392400 1526.0
1392410 1524.9
1392420 1525.0
1392430 1525.0
1392440 1525.6
1392450 1526.5
1392460 1526.5
1392470 1526.6
1392480 1525.9
1392490 1525.4
1392500 1525.4
1392510 1524.6
1392520 1523.3
1392530 1523.3
1392540 1520.8
1392550 1518.2
1392560 1518.2
1392570 1516.0
1392580 1514.4
1392590 1514.4
1392600 1512.2
1392610 1509.9
1392620 1509.9
1392630 1509.9
1392640 1508.4
1392650 1508.4
1392660 1506.6
1392670 1505.8
1392680 1504.9
1392690 1504.9
1392700 1503.5
1392710 1501.9
1392720 1501.9
1392730 1499.7
1392740 1497.4
1392750 1497.4
1392760 1495.2
1392770 1492.9
1392780 1492.9
1392790 1491.0
1392800 1487.1
1392810 1487.1
1392820 1481.7
1392830 1474.9
1392840 1474.9
1392850 1467.6
1392860 1459.9
1392870 1452.8
1392880 1452.8
1392890 1446.7
1392900 1439.9
1392910 1439.9
1392920 1433.4
1392930 1425.6
1392940 1425.6
1392950 1416.1
1392960 1406.6
1392970 1406.6
1392980 1396.4
1392990 1387.2
1393000 1387.2
1393010 1383.3
1393020 1390.7
1393030 1390.7
1393040 1402.9
1393050 1415.2
1393060 1415.2
1393070 1425.1
1393080 1435.9
1393090 1447.4
1393100 1447.4
1393110 1459.0
1393120 1469.6
1393130 1469.6
1393140 1479.0
1393150 1485.5
1393160 1485.5
1393170 1490.3
1393180 1495.2
1393190 1495.2
1393200 1500.6
1393210 1506.2
1393220 1506.2
1393230 1512.2
1393240 1517.7
1393250 1520.7
1393260 1520.7
1393270 1519.8
1393280 1519.0
1393290 1519.0
1393300 1517.7
1393310 1516.5
1393320 1516.5
1393330 1515.2
1393340 1514.4
1393350 1514.4
1393360 1513.3
1393370 1512.1
1393380 1512.1
1393390 1511.0
1393400 1509.3
1393410 1509.3
1393420 1507.6
1393430 1506.0
1393440 1506.0
1393450 1504.4
1393460 1502.9
1393470 1501.3
1393480 1501.3
1393490 1499.8
1393500 1498.2
1393510 1498.2
1393520 1496.6
1393530 1495.0
1393540 1495.0
1393550 1493.4
1393560 1492.1
1393570 1492.1
1393580 1491.1
1393590 1490.0
1393600 1490.0
1393610 1486.2
1393620 1483.4
1393630 1483.4
1393640 1482.4
1393650 1485.5
1393660 1485.5
1393670 1486.0
1393680 1484.1
1393690 1482.3
1393700 1482.3
1393710 1480.5
1393720 1478.6
1393730 1478.6
1393740 1477.1
1393750 1475.1
1393760 1475.1
1393770 1473.9
1393780 1472.9
1393790 1472.9
1393800 1471.1
1393810 1467.8
1393820 1467.8
1393830 1466.5
1393840 1466.0
1393850 1466.0
1393860 1463.6
1393870 1461.2
1393880 1458.7
1393890 1458.7
1393900 1455.3
1393910 1451.8
1393920 1451.8
1393930 1448.0
1393940 1444.6
1393950 1444.6
1393960 1440.4
1393970 1437.3
1393980 1437.3
1393990 1434.8
1394000 1431.1
1394010 1431.1
1394020 1429.5
1394030 1427.8
1394040 1427.8
1394050 1425.3
1394060 1422.8
1394070 1422.8
1394080 1419.5
1394090 1416.2
1394100 1411.8
1394110 1411.8
1394120 1407.4
1394130 1403.7
1394140 1403.7
1394150 1399.1
1394160 1390.4
1394170 1390.4
1394180 1379.3
1394190 1378.3
1394200 1378.3
1394210 1381.7
1394220 1386.9
1394230 1386.9
1394240 1393.2
1394250 1395.6
1394260 1395.6
1394270 1395.0
1394280 1393.7
1394290 1392.7
1394300 1392.7
1394310 1390.6
1394320 1388.6
1394330 1388.6
1394340 1387.0
1394350 1385.5
1394360 1385.5
1394370 1383.6
1394380 1381.3
1394390 1381.3
1394400 1378.9
1394410 1375.2
1394420 1375.2
1394430 1371.2
1394440 1366.6
1394450 1366.6
1394460 1356.8
1394470 1346.7
1394480 1338.8
1394490 1338.8
1394500 1332.3
1394510 1327.0
1394520 1327.0
1394530 1322.5
1394540 1318.4
1394550 1318.4
1394560 1313.5
1394570 1308.8
1394580 1308.8
1394590 1304.0
1394600 1300.9
1394610 1300.9
1394620 1297.5
1394630 1293.1
1394640 1293.1
1394650 1292.4
1394660 1288.4
1394670 1288.4
1394680 1285.0
1394690 1282.5
1394700 1279.9
1394710 1279.9
1394720 1277.7
1394730 1274.6
1394740 1274.6
1394750 1270.7
1394760 1266.7
1394770 1266.7
1394780 1264.1
1394790 1261.2
1394800 1261.2
1394810 1258.1
1394820 1254.8
1394830 1254.8
1394840 1251.4
1394850 1249.0
1394860 1249.0
1394870 1246.1
1394880 1243.2
1394890 1241.7
1394900 1241.7
1394910 1239.4
1394920 1235.1
1394930 1235.1
1394940 1231.0
1394950 1228.2
1394960 1228.2
1394970 1225.6
1394980 1224.0
1394990 1224.0
1395000 1222.4
1395010 1219.7
1395020 1219.7
1395030 1215.7
1395040 1212.0
1395050 1212.0
1395060 1208.0
1395070 1203.7
1395080 1199.4
1395090 1199.4
1395100 1194.9
1395110 1189.8
1395120 1189.8
1395130 1184.3
1395140 1178.8
1395150 1178.8
1395160 1173.8
1395170 1169.8
1395180 1169.8
1395190 1166.3
1395200 1161.7
1395210 1161.7
1395220 1157.2
1395230 1152.9
1395240 1152.9
1395250 1147.8
1395260 1141.4
1395270 1141.4
1395280 1135.4
1395290 1127.9
1395300 1120.8
1395310 1120.8
1395320 1114.3
1395330 1108.5
1395340 1108.5
1395350 1103.3
1395360 1098.0
1395370 1098.0
1395380 1093.9
1395390 1091.0
1395400 1091.0
1395410 1088.9
1395420 1087.8
1395430 1087.8
1395440 1086.7
1395450 1084.8
1395460 1084.8
1395470 1082.6
1395480 1081.1
1395490 1079.2
1395500 1079.2
1395510 1077.1
1395520 1075.4
1395530 1075.4
1395540 1073.7
1395550 1071.7
1395560 1071.7
1395570 1069.6
1395580 1066.9
1395590 1066.9
1395600 1064.1
1395610 1061.2
1395620 1061.2
1395630 1058.5
1395640 1055.9
1395650 1055.9
1395660 1053.1
1395670 1050.3
1395680 1050.3
1395690 1047.7
1395700 1045.9
1395710 1044.1
1395720 1044.1
1395730 1042.0
1395740 1040.2
1395750 1040.2
1395760 1038.5
1395770 1036.6
1395780 1036.6
1395790 1034.3
1395800 1031.9
1395810 1031.9
1395820 1029.4
1395830 1026.6
1395840 1026.6
1395850 1023.6
1395860 1017.7
1395870 1017.7
1395880 1016.0
1395890 1017.0
1395900 1016.3
1395910 1016.3
1395920 1015.6
1395930 1016.3
1395940 1016.3
1395950 1017.8
1395960 1018.2
1395970 1018.2
1395980 1017.9
1395990 1017.7
1396000 1017.7
1396010 1016.8
1396020 1016.7
1396030 1016.7
1396040 1016.9
1396050 1016.3
1396060 1017.6
1396070 1017.3
1396080 1017.3
1396090 1016.9
1396100 1016.9
1396110 1016.3
1396120 1015.8
1396130 1015.8
1396140 1015.7
1396150 1016.5
1396160 1016.5
1396170 1016.1
1396180 1015.2
1396190 1015.2
1396200 1015.2
1396210 1015.9
1396220 1015.9
1396230 1015.2
1396240 1012.6
1396250 1012.6
1396260 1008.8
1396270 1003.6
1396280 1003.6
1396290 998.7
1396300 995.0
1396310 991.8
1396320 991.8
1396330 988.8
1396340 985.9
1396350 985.9
1396360 981.9
1396370 977.0
1396380 977.0
1396390 973.0
1396400 971.0
1396410 971.0
1396420 969.6
1396430 967.5
1396440 967.5
1396450 963.7
1396460 956.8
1396470 956.8
1396480 946.2
1396490 940.0
1396500 933.8
1396510 933.8
1396520 928.6
1396530 926.1
1396540 926.1
1396550 923.2
1396560 923.0
1396570 923.0
1396580 924.2
1396590 926.0
1396600 926.0
1396610 925.0
1396620 925.8
1396630 925.8
1396640 926.2
1396650 926.6
1396660 926.6
1396670 927.6
1396680 928.6
1396690 928.9
1396700 928.9
1396710 928.8
1396720 928.5
1396730 928.5
1396740 928.2
1396750 928.3
1396760 928.3
1396770 928.4
1396780 928.3
1396790 928.3
1396800 928.2
1396810 928.1
1396820 928.1
1396830 928.2
1396840 928.6
1396850 928.6
1396860 928.9
1396870 928.9
1396880 928.9
1396890 929.0
1396900 929.0
1396910 929.2
1396920 929.2
1396930 929.4
1396940 929.4
1396950 929.4
1396960 929.1
1396970 929.2
1396980 929.2
1396990 929.2
1397000 929.2
1397010 929.2
1397020 929.4
1397030 929.6
1397040 929.6
1397050 929.5
1397060 929.4
1397070 929.4
1397080 929.1
1397090 929.4
1397100 929.3
1397110 929.3
1397120 929.1
1397130 929.3
1397140 929.3
1397150 929.4
1397160 929.6
1397170 929.6
1397180 929.8
1397190 930.1
1397200 930.1
1397210 930.4
1397220 930.9
1397230 930.9
1397240 931.3
1397250 931.5
1397260 931.5
1397270 931.8
1397280 933.3
1397290 933.3
1397300 939.5
1397310 948.4
1397320 955.6
1397330 955.6
1397340 960.8
1397350 969.1
1397360 969.1
1397370 980.6
1397380 990.2
1397390 990.2
1397400 996.4
1397410 1001.5
1397420 1001.5
1397430 1007.5
1397440 1011.9
1397450 1011.9
1397460 1017.1
1397470 1021.9
1397480 1021.9
1397490 1024.2
1397500 1025.5
1397510 1027.4
1397520 1027.4
1397530 1031.6
1397540 1035.7
1397550 1035.7
1397560 1040.6
1397570 1045.8
1397580 1045.8
1397590 1050.9
1397600 1056.6
1397610 1056.6
1397620 1063.2
1397630 1072.6
1397640 1072.6
1397650 1081.4
1397660 1089.7
1397670 1089.7
1397680 1099.6
1397690 1108.2
1397700 1114.8
1397710 1114.8
1397720 1121.8
1397730 1129.5
1397740 1129.5
1397750 1137.3
1397760 1145.9
1397770 1145.9
1397780 1154.3
1397790 1160.3
1397800 1160.3
1397810 1165.8
1397820 1170.9
1397830 1170.9
1397840 1176.1
1397850 1182.3
1397860 1182.3
1397870 1190.1
1397880 1199.8
1397890 1199.8
1397900 1207.5
1397910 1217.0
1397920 1224.6
1397930 1224.6
1397940 1231.0
1397950 1236.4
1397960 1236.4
1397970 1241.3
1397980 1247.0
1397990 1247.0
1398000 1253.8
1398010 1259.7
1398020 1259.7
1398030 1264.0
1398040 1267.3
1398050 1267.3
1398060 1267.9
1398070 1265.3
1398080 1265.3
1398090 1269.4
1398100 1273.5
1398110 1277.0
1398120 1277.0
1398130 1280.7
1398140 1284.7
1398150 1284.7
1398160 1288.9
1398170 1293.3
1398180 1293.3
1398190 1297.8
1398200 1303.0
1398210 1303.0
1398220 1309.3
1398230 1312.2
1398240 1312.2
1398250 1314.1
1398260 1317.3
1398270 1317.3
1398280 1321.0
1398290 1324.6
1398300 1324.6
1398310 1328.8
1398320 1332.4
1398330 1336.5
1398340 1336.5
1398350 1341.2
1398360 1346.6
1398370 1346.6
1398380 1352.3
1398390 1356.8
1398400 1356.8
1398410 1359.4
1398420 1360.8
1398430 1360.8
1398440 1362.1
1398450 1363.5
1398460 1363.5
1398470 1365.5
1398480 1367.7
1398490 1367.7
1398500 1369.9
1398510 1372.6
1398520 1375.8
1398530 1375.8
1398540 1380.3
1398550 1384.6
1398560 1384.6
1398570 1389.3
1398580 1394.5
1398590 1394.5
1398600 1399.9
1398610 1404.0
1398620 1404.0
1398630 1407.7
1398640 1411.7
1398650 1411.7
1398660 1416.1
1398670 1420.6
1398680 1420.6
1398690 1425.6
1398700 1430.9
1398710 1436.6
1398720 1436.6
1398730 1442.0
1398740 1448.3
1398750 1448.3
1398760 1454.7
1398770 1460.1
1398780 1460.1
1398790 1465.2
1398800 1469.6
1398810 1469.6
1398820 1474.5
1398830 1479.9
1398840 1479.9
1398850 1486.8
1398860 1495.9
1398870 1495.9
1398880 1504.2
1398890 1510.6
1398900 1510.6
1398910 1515.2
1398920 1519.3
1398930 1524.6
1398940 1524.6
1398950 1530.8
1398960 1537.5
1398970 1532.4
1398980 1537.7
1398990 1543.6
1399000 1543.6
1399010 1548.1
1399020 1552.3
1399030 1552.3
1399040 1558.5
1399050 1566.4
1399060 1566.4
1399070 1576.0
1399080 1584.7
1399090 1584.7
1399100 1590.1
1399110 1596.4
1399120 1601.2
1399130 1601.2
1399140 1605.6
1399150 1611.6
1399160 1611.6
1399170 1618.8
1399180 1626.1
1399190 1626.1
1399200 1632.2
1399210 1637.5
1399220 1637.5
1399230 1641.4
1399240 1646.1
1399250 1646.1
1399260 1650.7
1399270 1655.3
1399280 1655.3
1399290 1659.3
1399300 1664.2
1399310 1669.9
1399320 1669.9
1399330 1676.7
1399340 1683.7
1399350 1683.7
1399360 1690.5
1399370 1696.3
1399380 1696.3
1399390 1701.3
1399400 1706.6
1399410 1706.6
1399420 1711.9
1399430 1717.3
1399440 1717.3
1399450 1722.3
1399460 1726.8
1399470 1726.8
1399480 1731.2
1399490 1734.9
1399500 1734.9
1399510 1739.5
1399520 1744.3
1399530 1750.0
1399540 1750.0
1399550 1756.2
1399560 1762.9
1399570 1762.9
1399580 1770.4
1399590 1778.0
1399600 1778.0
1399610 1786.0
1399620 1794.4
1399630 1794.4
1399640 1802.7
1399650 1811.8
1399660 1811.8
1399670 1821.3
1399680 1828.4
1399690 1828.4
1399700 1835.3
1399710 1842.9
1399720 1850.0
1399730 1850.0
1399740 1856.8
1399750 1863.8
1399760 1863.8
1399770 1870.7
1399780 1878.4
1399790 1878.4
1399800 1887.6
1399810 1897.8
1399820 1897.8
1399830 1908.4
1399840 1917.8
1399850 1917.8
1399860 1925.1
1399870 1931.1
1399880 1931.1
1399890 1936.8
1399900 1942.7
1399910 1942.7
1399920 1948.4
1399930 1954.8
1399940 1960.8
1399950 1960.8
1399960 1965.8
1399970 1971.5
1399980 1971.5
1399990 1977.6
