1380000 2164.5
1380010 2164.5
1380020 2158.9
1380030 2154.9
1380040 2154.9
1380050 2151.8
1380060 2149.6
1380070 2149.6
1380080 2147.2
1380090 2145.4
1380100 2145.4
1380110 2143.5
1380120 2141.3
1380130 2141.3
1380140 2138.8
1380150 2136.9
1380160 2133.5
1380170 2133.5
1380180 2128.3
1380190 2124.5
1380200 2124.5
1380210 2120.1
1380220 2112.5
1380230 2112.5
1380240 2102.4
1380250 2093.8
1380260 2093.8
1380270 2085.5
1380280 2075.4
1380290 2075.4
1380300 2062.1
1380310 2049.8
1380320 2049.8
1380330 2042.1
1380340 2036.4
1380350 2036.4
1380360 2032.6
1380370 2029.5
1380380 2025.8
1380390 2025.8
1380400 2020.7
1380410 2014.6
1380420 2014.6
1380430 2007.3
1380440 2001.7
1380450 2001.7
1380460 1997.1
1380470 1993.2
1380480 1993.2
1380490 1990.4
1380500 1988.5
1380510 1988.5
1380520 1985.6
1380530 1981.5
1380540 1981.5
1380550 1977.3
1380560 1974.5
1380570 1971.7
1380580 1971.7
1380590 1968.2
1380600 1965.2
1380610 1965.2
1380620 1962.3
1380630 1959.0
1380640 1959.0
1380650 1956.2
1380660 1953.4
1380670 1953.4
1380680 1949.9
1380690 1944.1
1380700 1944.1
1380710 1938.2
1380720 1933.6
1380730 1933.6
1380740 1928.9
1380750 1921.2
1380760 1921.2
1380770 1908.7
1380780 1896.8
1380790 1884.3
1380800 1884.3
1380810 1870.9
1380820 1862.1
1380830 1862.1
1380840 1853.7
1380850 1846.5
1380860 1846.5
1380870 1837.9
1380880 1829.6
1380890 1829.6
1380900 1820.8
1380910 1812.6
1380920 1812.6
1380930 1804.4
1380940 1796.3
1380950 1796.3
1380960 1788.3
1380970 1779.8
1380980 1771.1
1380990 1771.1
1381000 1762.1
1381010 1753.7
1381020 1753.7
1381030 1745.2
1381040 1736.1
1381050 1736.1
1381060 1726.8
1381070 1717.9
1381080 1717.9
1381090 1711.1
1381100 1703.6
1381110 1703.6
1381120 1697.7
1381130 1692.7
1381140 1692.7
1381150 1686.8
1381160 1681.1
1381170 1675.2
1381180 1675.2
1381190 1668.8
1381200 1661.1
1381210 1661.1
1381220 1652.9
1381230 1644.8
1381240 1644.8
1381250 1637.4
1381260 1630.0
1381270 1630.0
1381280 1622.0
1381290 1615.3
1381300 1615.3
1381310 1610.0
1381320 1603.8
1381330 1603.8
1381340 1596.1
1381350 1588.8
1381360 1588.8
1381370 1582.5
1381380 1576.4
1381390 1571.7
1381400 1571.7
1381410 1567.5
1381420 1560.7
1381430 1560.7
1381440 1554.9
1381450 1550.3
1381460 1550.3
1381470 1545.9
1381480 1541.2
1381490 1541.2
1381500 1536.5
1381510 1531.5
1381520 1531.5
1381530 1526.5
1381540 1521.8
1381550 1521.8
1381560 1517.6
1381570 1513.2
1381580 1508.0
1381590 1508.0
1381600 1502.0
1381610 1497.7
1381620 1497.7
1381630 1493.9
1381640 1490.7
1381650 1490.7
1381660 1488.6
1381670 1488.7
1381680 1488.7
1381690 1491.2
1381700 1493.3
1381710 1493.3
1381720 1497.1
1381730 1499.3
1381740 1499.3
1381750 1501.5
1381760 1506.1
1381770 1506.1
1381780 1512.3
1381790 1515.6
1381800 1520.4
1381810 1520.4
1381820 1523.2
1381830 1526.8
1381840 1526.8
1381850 1532.0
1381860 1537.3
1381870 1537.3
1381880 1541.0
1381890 1542.2
1381900 1542.2
1381910 1542.1
1381920 1540.6
1381930 1540.6
1381940 1540.3
1381950 1540.5
1381960 1540.5
1381970 1539.2
1381980 1535.8
1381990 1539.5
1382000 1539.5
1382010 1546.7
1382020 1552.8
1382030 1552.8
1382040 1558.5
1382050 1563.6
1382060 1563.6
1382070 1566.8
1382080 1569.7
1382090 1569.7
1382100 1571.1
1382110 1567.3
1382120 1567.3
1382130 1560.8
1382140 1554.9
1382150 1554.9
1382160 1558.7
1382170 1565.1
1382180 1572.3
1382190 1572.3
1382200 1579.4
1382210 1584.6
1382220 1584.6
1382230 1588.3
1382240 1590.5
1382250 1590.5
1382260 1595.9
1382270 1605.1
1382280 1605.1
1382290 1613.5
1382300 1621.4
1382310 1621.4
1382320 1628.8
1382330 1640.3
1382340 1640.3
1382350 1645.0
1382360 1648.8
1382370 1648.8
1382380 1651.2
1382390 1653.2
1382400 1656.8
1382410 1656.8
1382420 1661.5
1382430 1667.4
1382440 1667.4
1382450 1674.9
1382460 1683.9
1382470 1683.9
1382480 1692.5
1382490 1700.5
1382500 1700.5
1382510 1708.0
1382520 1715.8
1382530 1715.8
1382540 1723.0
1382550 1729.7
1382560 1729.7
1382570 1736.5
1382580 1743.3
1382590 1750.0
1382600 1750.0
1382610 1757.1
1382620 1763.6
1382630 1763.6
1382640 1769.6
1382650 1774.9
1382660 1774.9
1382670 1777.9
1382680 1781.9
1382690 1781.9
1382700 1787.7
1382710 1795.2
1382720 1795.2
1382730 1802.2
1382740 1809.6
1382750 1809.6
1382760 1817.4
1382770 1824.6
1382780 1830.4
1382790 1830.4
1382800 1835.4
1382810 1842.4
1382820 1842.4
1382830 1850.6
1382840 1858.0
1382850 1858.0
1382860 1863.6
1382870 1868.8
1382880 1868.8
1382890 1873.7
1382900 1878.9
1382910 1878.9
1382920 1884.3
1382930 1889.0
1382940 1889.0
1382950 1893.1
1382960 1896.9
1382970 1896.9
1382980 1899.6
1382990 1901.7
1383000 1903.8
1383010 1903.8
1383020 1905.9
1383030 1907.7
1383040 1907.7
1383050 1909.1
1383060 1910.4
1383070 1910.4
1383080 1911.8
1383090 1913.5
1383100 1913.5
1383110 1915.2
1383120 1917.0
1383130 1917.0
1383140 1919.4
1383150 1921.8
1383160 1921.8
1383170 1924.2
1383180 1926.5
1383190 1928.9
1383200 1928.9
1383210 1931.2
1383220 1933.1
1383230 1933.1
1383240 1934.8
1383250 1935.8
1383260 1935.8
1383270 1936.3
1383280 1936.0
1383290 1936.0
1383300 1935.5
1383310 1936.0
1383320 1936.0
1383330 1936.0
1383340 1935.0
1383350 1935.0
1383360 1934.7
1383370 1934.5
1383380 1934.5
1383390 1933.6
1383400 1932.4
1383410 1930.7
1383420 1930.7
1383430 1929.2
1383440 1927.6
1383450 1927.6
1383460 1925.6
1383470 1923.7
1383480 1923.7
1383490 1921.8
1383500 1919.8
1383510 1919.8
1383520 1917.5
1383530 1915.1
1383540 1915.1
1383550 1913.0
1383560 1911.5
1383570 1914.8
1383580 1913.3
1383590 1911.5
1383600 1909.7
1383610 1909.7
1383620 1906.9
1383630 1903.6
1383640 1903.6
1383650 1901.2
1383660 1899.1
1383670 1899.1
1383680 1896.6
1383690 1894.0
1383700 1894.0
1383710 1891.2
1383720 1888.3
1383730 1888.3
1383740 1884.8
1383750 1880.9
1383760 1880.9
1383770 1876.8
1383780 1872.4
1383790 1867.7
1383800 1867.7
1383810 1863.4
1383820 1858.2
1383830 1858.2
1383840 1852.5
1383850 1846.2
1383860 1846.2
1383870 1838.9
1383880 1832.0
1383890 1832.0
1383900 1825.2
1383910 1818.4
1383920 1818.4
1383930 1811.7
1383940 1805.3
1383950 1805.3
1383960 1798.9
1383970 1792.6
1383980 1792.6
1383990 1786.0
1384000 1778.9
1384010 1772.1
1384020 1772.1
1384030 1766.0
1384040 1761.1
1384050 1761.1
1384060 1755.4
1384070 1749.4
1384080 1749.4
1384090 1743.7
1384100 1738.5
1384110 1738.5
1384120 1733.6
1384130 1729.6
1384140 1729.6
1384150 1726.3
1384160 1722.7
1384170 1722.7
1384180 1719.7
1384190 1715.9
1384200 1710.9
1384210 1710.9
1384220 1705.4
1384230 1700.1
1384240 1700.1
1384250 1694.6
1384260 1689.2
1384270 1689.2
1384280 1683.8
1384290 1677.8
1384300 1677.8
1384310 1671.2
1384320 1664.3
1384330 1664.3
1384340 1656.8
1384350 1648.2
1384360 1648.2
1384370 1643.3
1384380 1637.5
1384390 1637.5
1384400 1631.5
1384410 1626.5
1384420 1621.1
1384430 1621.1
1384440 1615.1
1384450 1609.6
1384460 1609.6
1384470 1605.1
1384480 1601.4
1384490 1601.4
1384500 1598.0
1384510 1593.9
1384520 1593.9
1384530 1589.0
1384540 1584.3
1384550 1584.3
1384560 1579.7
1384570 1575.3
1384580 1575.3
1384590 1569.8
1384600 1563.5
1384610 1556.9
1384620 1556.9
1384630 1550.3
1384640 1543.9
1384650 1543.9
1384660 1537.1
1384670 1530.3
1384680 1530.3
1384690 1522.1
1384700 1513.4
1384710 1513.4
1384720 1507.4
1384730 1503.3
1384740 1503.3
1384750 1497.2
1384760 1491.6
1384770 1491.6
1384780 1487.3
1384790 1484.4
1384800 1480.8
1384810 1480.8
1384820 1475.0
1384830 1477.1
1384840 1477.1
1384850 1471.2
1384860 1463.9
1384870 1463.9
1384880 1455.9
1384890 1447.6
1384900 1447.6
1384910 1439.6
1384920 1431.6
1384930 1431.6
1384940 1424.6
1384950 1415.9
1384960 1415.9
1384970 1407.4
1384980 1401.2
1384990 1401.2
1385000 1399.2
1385010 1400.3
1385020 1403.4
1385030 1403.4
1385040 1410.4
1385050 1420.9
1385060 1420.9
1385070 1429.7
1385080 1435.8
1385090 1435.8
1385100 1439.9
1385110 1443.0
1385120 1443.0
1385130 1446.5
1385140 1451.5
1385150 1451.5
1385160 1457.6
1385170 1461.1
1385180 1461.1
1385190 1463.9
1385200 1468.1
1385210 1473.8
1385220 1473.8
1385230 1480.3
1385240 1487.0
1385250 1487.0
1385260 1492.5
1385270 1497.6
1385280 1497.6
1385290 1503.9
1385300 1510.8
1385310 1510.8
1385320 1517.2
1385330 1523.5
1385340 1523.5
1385350 1528.7
1385360 1529.5
1385370 1529.5
1385380 1530.4
1385390 1531.4
1385400 1531.4
1385410 1533.3
1385420 1537.4
1385430 1544.0
1385440 1544.0
1385450 1548.5
1385460 1549.5
1385470 1549.5
1385480 1548.7
1385490 1547.8
1385500 1547.8
1385510 1548.7
1385520 1550.6
1385530 1550.6
1385540 1553.5
1385550 1557.8
1385560 1557.8
1385570 1564.9
1385580 1571.8
1385590 1571.8
1385600 1578.6
1385610 1586.1
1385620 1593.3
1385630 1593.3
1385640 1599.1
1385650 1604.1
1385660 1604.1
1385670 1609.1
1385680 1614.5
1385690 1614.5
1385700 1619.5
1385710 1624.1
1385720 1624.1
1385730 1628.2
1385740 1630.8
1385750 1630.8
1385760 1633.0
1385770 1634.7
1385780 1634.7
1385790 1636.9
1385800 1640.1
1385810 1644.0
1385820 1644.0
1385830 1649.7
1385840 1655.2
1385850 1655.2
1385860 1659.3
1385870 1662.8
1385880 1662.8
1385890 1666.4
1385900 1669.8
1385910 1669.8
1385920 1672.5
1385930 1676.3
1385940 1676.3
1385950 1680.4
1385960 1684.3
1385970 1684.3
1385980 1687.8
1385990 1689.9
1386000 1689.9
1386010 1692.1
1386020 1694.9
1386030 1697.7
1386040 1697.7
1386050 1701.5
1386060 1706.4
1386070 1706.4
1386080 1711.6
1386090 1715.8
1386100 1715.8
1386110 1717.0
1386120 1719.1
1386130 1719.1
1386140 1720.2
1386150 1721.3
1386160 1721.3
1386170 1722.3
1386180 1723.6
1386190 1723.6
1386200 1725.0
1386210 1726.0
1386220 1727.1
1386230 1727.1
1386240 1728.9
1386250 1730.8
1386260 1730.8
1386270 1732.1
1386280 1733.5
1386290 1733.5
1386300 1734.8
1386310 1736.9
1386320 1736.9
1386330 1738.7
1386340 1739.4
1386350 1739.4
1386360 1740.3
1386370 1741.1
1386380 1741.1
1386390 1742.4
1386400 1743.2
1386410 1743.2
1386420 1744.9
1386430 1746.4
1386440 1747.3
1386450 1747.3
1386460 1747.3
1386470 1745.5
1386480 1745.5
1386490 1750.3
1386500 1757.1
1386510 1757.1
1386520 1761.4
1386530 1762.1
1386540 1762.1
1386550 1762.1
1386560 1761.8
1386570 1761.8
1386580 1761.7
1386590 1761.5
1386600 1761.5
1386610 1761.2
1386620 1760.8
1386630 1760.5
1386640 1760.5
1386650 1760.4
1386660 1761.2
1386670 1761.2
1386680 1762.4
1386690 1763.0
1386700 1763.0
1386710 1762.5
1386720 1762.6
1386730 1762.6
1386740 1761.0
1386750 1757.6
1386760 1757.6
1386770 1754.6
1386780 1751.0
1386790 1751.0
1386800 1747.2
1386810 1743.5
1386820 1739.6
1386830 1739.6
1386840 1735.3
1386850 1739.1
1386860 1739.1
1386870 1743.9
1386880 1746.0
1386890 1746.0
1386900 1746.2
1386910 1745.7
1386920 1745.7
1386930 1745.1
1386940 1746.7
1386950 1746.7
1386960 1750.7
1386970 1755.7
1386980 1755.7
1386990 1759.0
1387000 1760.4
1387010 1760.4
1387020 1761.1
1387030 1761.6
1387040 1761.8
1387050 1761.8
1387060 1762.3
1387070 1763.0
1387080 1763.0
1387090 1763.1
1387100 1762.9
1387110 1762.9
1387120 1762.1
1387130 1759.7
1387140 1759.7
1387150 1755.3
1387160 1750.0
1387170 1750.0
1387180 1745.3
1387190 1742.9
1387200 1742.9
1387210 1743.8
1387220 1747.9
1387230 1752.5
1387240 1752.5
1387250 1758.3
1387260 1764.6
1387270 1764.6
1387280 1767.1
1387290 1767.3
1387300 1767.3
1387310 1767.6
1387320 1767.4
1387330 1767.4
1387340 1766.7
1387350 1766.2
1387360 1766.2
1387370 1765.8
1387380 1765.5
1387390 1765.5
1387400 1766.6
1387410 1765.3
1387420 1765.3
1387430 1764.6
1387440 1764.2
1387450 1763.8
1387460 1763.8
1387470 1763.1
1387480 1762.4
1387490 1762.4
1387500 1762.5
1387510 1761.9
1387520 1761.9
1387530 1760.2
1387540 1757.9
1387550 1757.9
1387560 1755.9
1387570 1753.9
1387580 1753.9
1387590 1751.9
1387600 1749.1
1387610 1749.1
1387620 1745.5
1387630 1741.4
1387640 1737.1
1387650 1737.1
1387660 1732.3
1387670 1727.6
1387680 1727.6
1387690 1723.5
1387700 1719.7
1387710 1719.7
1387720 1715.2
1387730 1710.1
1387740 1710.1
1387750 1705.1
1387760 1700.7
1387770 1700.7
1387780 1696.5
1387790 1692.8
1387800 1692.8
1387810 1688.8
1387820 1685.3
1387830 1681.8
1387840 1681.8
1387850 1678.4
1387860 1675.1
1387870 1675.1
1387880 1672.6
1387890 1670.2
1387900 1670.2
1387910 1667.6
1387920 1664.4
1387930 1664.4
1387940 1661.3
1387950 1659.5
1387960 1659.5
1387970 1657.4
1387980 1654.2
1387990 1654.2
1388000 1650.8
1388010 1650.1
1388020 1650.1
1388030 1646.0
1388040 1640.0
1388050 1633.7
1388060 1633.7
1388070 1627.6
1388080 1622.2
1388090 1622.2
1388100 1616.9
1388110 1611.2
1388120 1611.2
1388130 1605.6
1388140 1599.0
1388150 1599.0
1388160 1592.2
1388170 1583.9
1388180 1583.9
1388190 1574.1
1388200 1559.2
1388210 1559.2
1388220 1544.3
1388230 1535.4
1388240 1532.3
1388250 1532.3
1388260 1527.0
1388270 1519.2
1388280 1519.2
1388290 1512.0
1388300 1505.3
1388310 1505.3
1388320 1495.9
1388330 1488.1
1388340 1488.1
1388350 1478.8
1388360 1468.5
1388370 1468.5
1388380 1457.5
1388390 1446.2
1388400 1446.2
1388410 1434.9
1388420 1425.3
1388430 1425.3
1388440 1420.8
1388450 1424.7
1388460 1432.7
1388470 1432.7
1388480 1441.7
1388490 1451.8
1388500 1451.8
1388510 1463.5
1388520 1475.7
1388530 1475.7
1388540 1486.6
1388550 1497.6
1388560 1497.6
1388570 1507.5
1388580 1518.3
1388590 1518.3
1388600 1528.6
1388610 1537.8
1388620 1537.8
1388630 1546.6
1388640 1556.0
1388650 1565.5
1388660 1565.5
1388670 1573.6
1388680 1579.7
1388690 1579.7
1388700 1584.0
1388710 1591.5
1388720 1591.5
1388730 1600.5
1388740 1605.9
1388750 1605.9
1388760 1609.9
1388770 1615.4
1388780 1615.4
1388790 1620.3
1388800 1622.8
1388810 1622.8
1388820 1623.3
1388830 1623.3
1388840 1623.1
1388850 1623.1
1388860 1622.8
1388870 1622.3
1388880 1622.3
1388890 1621.7
1388900 1621.1
1388910 1621.1
1388920 1620.5
1388930 1620.3
1388940 1620.3
1388950 1618.9
1388960 1617.8
1388970 1617.8
1388980 1616.3
1388990 1615.5
1389000 1615.5
1389010 1615.3
1389020 1615.0
1389030 1615.0
1389040 1613.8
1389050 1612.1
1389060 1610.4
1389070 1610.4
1389080 1609.0
1389090 1608.0
1389100 1608.0
1389110 1607.1
1389120 1605.8
1389130 1605.8
1389140 1604.6
1389150 1603.1
1389160 1603.1
1389170 1602.0
1389180 1601.0
1389190 1601.0
1389200 1599.7
1389210 1598.6
1389220 1598.6
1389230 1597.4
1389240 1596.3
1389250 1595.1
1389260 1595.1
1389270 1593.9
1389280 1592.4
1389290 1592.4
1389300 1591.5
1389310 1590.6
1389320 1590.6
1389330 1588.8
1389340 1586.3
1389350 1586.3
1389360 1583.9
1389370 1581.5
1389380 1581.5
1389390 1576.6
1389400 1571.4
1389410 1571.4
1389420 1565.9
1389430 1559.3
1389440 1552.1
1389450 1552.1
1389460 1544.0
1389470 1535.5
1389480 1535.5
1389490 1526.6
1389500 1517.8
1389510 1517.8
1389520 1509.1
1389530 1500.4
1389540 1500.4
1389550 1492.2
1389560 1484.6
1389570 1484.6
1389580 1477.1
1389590 1469.1
1389600 1469.1
1389610 1459.6
1389620 1447.0
1389630 1447.0
1389640 1431.2
1389650 1418.8
1389660 1408.7
1389670 1408.7
1389680 1407.0
1389690 1412.2
1389700 1412.2
1389710 1421.8
1389720 1431.3
1389730 1431.3
1389740 1440.0
1389750 1447.6
1389760 1447.6
1389770 1454.2
1389780 1460.6
1389790 1460.6
1389800 1468.0
1389810 1475.4
1389820 1475.4
1389830 1482.6
1389840 1489.4
1389850 1496.4
1389860 1496.4
1389870 1503.6
1389880 1511.6
1389890 1511.6
1389900 1518.9
1389910 1526.3
1389920 1526.3
1389930 1533.9
1389940 1541.5
1389950 1541.5
1389960 1548.0
1389970 1552.8
1389980 1552.8
1389990 1555.6
1390000 1558.1
1390010 1558.1
1390020 1561.0
1390030 1563.5
1390040 1563.5
1390050 1570.4
1390060 1572.2
1390070 1572.8
1390080 1572.8
1390090 1574.0
1390100 1576.2
1390110 1576.2
1390120 1579.7
1390130 1582.6
1390140 1582.6
1390150 1583.7
1390160 1584.3
1390170 1584.3
1390180 1585.4
1390190 1586.4
1390200 1586.4
1390210 1588.0
1390220 1589.9
1390230 1589.9
1390240 1589.8
1390250 1589.7
1390260 1589.4
1390270 1589.4
1390280 1588.8
1390290 1588.4
1390300 1588.4
1390310 1587.7
1390320 1587.1
1390330 1587.1
1390340 1586.9
1390350 1586.8
1390360 1586.8
1390370 1587.2
1390380 1587.6
1390390 1587.6
1390400 1587.5
1390410 1587.5
1390420 1587.5
1390430 1587.8
1390440 1587.9
1390450 1588.1
1390460 1588.1
1390470 1587.6
1390480 1587.4
1390490 1587.4
1390500 1587.4
1390510 1587.3
1390520 1587.3
1390530 1587.3
1390540 1586.8
1390550 1586.8
1390560 1585.7
1390570 1584.5
1390580 1584.5
1390590 1583.3
1390600 1581.9
1390610 1581.9
1390620 1580.5
1390630 1578.6
1390640 1578.6
1390650 1576.4
1390660 1573.8
1390670 1570.8
1390680 1570.8
1390690 1567.9
1390700 1565.3
1390710 1565.3
1390720 1562.4
1390730 1559.5
1390740 1559.5
1390750 1556.7
1390760 1553.5
1390770 1553.5
1390780 1550.7
1390790 1548.0
1390800 1548.0
1390810 1544.4
1390820 1540.8
1390830 1540.8
1390840 1537.7
1390850 1534.9
1390860 1532.3
1390870 1532.3
1390880 1530.4
1390890 1529.1
1390900 1529.1
1390910 1528.9
1390920 1528.1
1390930 1528.1
1390940 1525.3
1390950 1522.2
1390960 1522.2
1390970 1519.5
1390980 1516.7
1390990 1516.7
1391000 1513.8
1391010 1511.5
1391020 1511.5
1391030 1508.1
1391040 1503.0
1391050 1503.0
1391060 1496.1
1391070 1489.1
1391080 1484.5
1391090 1484.5
1391100 1480.1
1391110 1476.4
1391120 1476.4
1391130 1472.6
1391140 1468.5
1391150 1468.5
1391160 1464.2
1391170 1458.9
1391180 1458.9
1391190 1452.3
1391200 1447.1
1391210 1447.1
1391220 1442.8
1391230 1437.8
1391240 1437.8
1391250 1431.7
1391260 1425.1
1391270 1417.2
1391280 1417.2
1391290 1409.1
1391300 1401.7
1391310 1401.7
1391320 1393.2
1391330 1385.1
1391340 1385.1
1391350 1375.3
1391360 1359.9
1391370 1359.9
1391380 1349.7
1391390 1355.3
1391400 1355.3
1391410 1348.0
1391420 1340.9
1391430 1340.9
1391440 1332.7
1391450 1311.9
1391460 1292.1
1391470 1292.1
1391480 1288.3
1391490 1294.1
1391500 1294.1
1391510 1304.6
1391520 1312.6
1391530 1312.6
1391540 1319.5
1391550 1327.1
1391560 1327.1
1391570 1339.5
1391580 1350.6
1391590 1350.6
1391600 1358.5
1391610 1364.7
1391620 1364.7
1391630 1368.1
1391640 1372.6
1391650 1372.6
1391660 1375.6
1391670 1378.1
1391680 1380.6
1391690 1380.6
1391700 1385.5
1391710 1391.7
1391720 1391.7
1391730 1399.0
1391740 1405.0
1391750 1405.0
1391760 1410.3
1391770 1414.8
1391780 1414.8
1391790 1420.1
1391800 1425.3
1391810 1425.3
1391820 1427.4
1391830 1427.6
1391840 1427.6
1391850 1428.9
1391860 1432.0
1391870 1435.8
1391880 1435.8
1391890 1440.1
1391900 1443.5
1391910 1443.5
1391920 1444.0
1391930 1442.5
1391940 1442.5
1391950 1440.6
1391960 1437.1
1391970 1437.1
1391980 1432.2
1391990 1427.1
1392000 1427.1
1392010 1423.6
1392020 1420.1
1392030 1420.1
1392040 1417.5
1392050 1415.5
1392060 1415.5
1392070 1413.8
1392080 1412.4
1392090 1409.5
1392100 1409.5
1392110 1405.0
1392120 1402.8
1392130 1402.8
1392140 1402.3
1392150 1402.4
1392160 1402.4
1392170 1401.3
1392180 1397.6
1392190 1397.6
1392200 1392.6
1392210 1388.5
1392220 1388.5
1392230 1386.3
1392240 1386.1
1392250 1386.1
1392260 1384.6
1392270 1382.3
1392280 1382.6
1392290 1382.6
1392300 1383.9
1392310 1382.1
1392320 1382.1
1392330 1378.9
1392340 1375.3
1392350 1375.3
1392360 1371.0
1392370 1366.9
1392380 1366.9
1392390 1363.3
1392400 1361.4
1392410 1361.4
1392420 1361.5
1392430 1361.7
1392440 1361.7
1392450 1361.0
1392460 1359.4
1392470 1355.0
1392480 1355.0
1392490 1349.9
1392500 1348.3
1392510 1348.3
1392520 1348.8
1392530 1351.5
1392540 1351.5
1392550 1355.9
1392560 1357.8
1392570 1357.8
1392580 1357.1
1392590 1354.9
1392600 1354.9
1392610 1354.0
1392620 1354.7
1392630 1354.7
1392640 1355.1
1392650 1353.5
1392660 1353.5
1392670 1348.8
1392680 1343.1
1392690 1346.1
1392700 1346.1
1392710 1349.9
1392720 1349.9
1392730 1349.9
1392740 1350.0
1392750 1350.3
1392760 1356.5
1392770 1355.0
1392780 1352.0
1392790 1352.0
1392800 1346.0
1392810 1341.5
1392820 1341.5
1392830 1336.6
1392840 1331.4
1392850 1331.4
1392860 1324.0
1392870 1313.6
1392880 1300.7
1392890 1300.7
1392900 1292.4
1392910 1298.3
1392920 1298.3
1392930 1306.2
1392940 1317.2
1392950 1317.2
1392960 1325.7
1392970 1332.6
1392980 1332.6
1392990 1339.1
1393000 1345.4
1393010 1345.4
1393020 1351.0
1393030 1356.7
1393040 1356.7
1393050 1363.2
1393060 1371.2
1393070 1371.2
1393080 1375.4
1393090 1377.6
1393100 1379.4
1393110 1379.4
1393120 1380.7
1393130 1383.0
1393140 1383.0
1393150 1385.5
1393160 1387.0
1393170 1387.0
1393180 1387.9
1393190 1388.8
1393200 1388.8
1393210 1388.9
1393220 1389.3
1393230 1389.3
1393240 1389.8
1393250 1389.4
1393260 1389.4
1393270 1388.9
1393280 1389.3
1393290 1390.8
1393300 1390.8
1393310 1393.6
1393320 1396.1
1393330 1396.1
1393340 1397.6
1393350 1397.8
1393360 1397.8
1393370 1398.4
1393380 1399.6
1393390 1399.6
1393400 1399.0
1393410 1398.1
1393420 1398.1
1393430 1397.4
1393440 1396.2
1393450 1396.2
1393460 1396.3
1393470 1395.9
1393480 1396.6
1393490 1396.6
1393500 1396.5
1393510 1395.2
1393520 1395.2
1393530 1395.4
1393540 1393.5
1393550 1393.5
1393560 1391.3
1393570 1390.2
1393580 1390.2
1393590 1388.8
1393600 1387.1
1393610 1387.1
1393620 1384.7
1393630 1381.5
1393640 1381.5
1393650 1377.8
1393660 1373.9
1393670 1373.9
1393680 1370.7
1393690 1368.8
1393700 1366.9
1393710 1366.9
1393720 1363.8
1393730 1360.6
1393740 1360.6
1393750 1357.5
1393760 1354.2
1393770 1354.2
1393780 1350.9
1393790 1347.3
1393800 1347.3
1393810 1343.5
1393820 1339.2
1393830 1339.2
1393840 1333.5
1393850 1326.1
1393860 1326.1
1393870 1318.0
1393880 1311.5
1393890 1303.0
1393900 1303.0
1393910 1298.2
1393920 1293.7
1393930 1293.7
1393940 1287.5
1393950 1279.8
1393960 1279.8
1393970 1274.3
1393980 1271.4
1393990 1271.4
1394000 1269.2
1394010 1266.0
1394020 1266.0
1394030 1261.4
1394040 1258.3
1394050 1258.3
1394060 1258.5
1394070 1256.8
1394080 1253.6
1394090 1253.6
1394100 1250.8
1394110 1248.7
1394120 1248.7
1394130 1247.0
1394140 1244.4
1394150 1251.4
1394160 1249.0
1394170 1246.9
1394180 1246.9
1394190 1245.3
1394200 1243.2
1394210 1243.2
1394220 1238.8
1394230 1232.8
1394240 1232.8
1394250 1226.8
1394260 1224.7
1394270 1224.7
1394280 1222.2
1394290 1221.4
1394300 1218.3
1394310 1218.3
1394320 1215.0
1394330 1211.6
1394340 1211.6
1394350 1209.8
1394360 1209.5
1394370 1209.5
1394380 1208.8
1394390 1207.9
1394400 1207.9
1394410 1205.7
1394420 1202.8
1394430 1202.8
1394440 1199.7
1394450 1196.0
1394460 1196.0
1394470 1191.3
1394480 1189.4
1394490 1186.6
1394500 1186.6
1394510 1182.5
1394520 1178.0
1394530 1178.0
1394540 1174.2
1394550 1170.1
1394560 1170.1
1394570 1165.8
1394580 1160.7
1394590 1160.7
1394600 1152.7
1394610 1143.5
1394620 1143.5
1394630 1136.3
1394640 1136.6
1394650 1136.6
1394660 1140.2
1394670 1139.3
1394680 1139.3
1394690 1138.5
1394700 1139.0
1394710 1139.1
1394720 1139.1
1394730 1138.3
1394740 1137.6
1394750 1137.6
1394760 1135.7
1394770 1132.1
1394780 1132.1
1394790 1128.9
1394800 1125.3
1394810 1125.3
1394820 1120.3
1394830 1115.4
1394840 1115.4
1394850 1110.4
1394860 1107.2
1394870 1107.2
1394880 1103.9
1394890 1100.1
1394900 1097.0
1394910 1097.0
1394920 1094.4
1394930 1092.5
1394940 1092.5
1394950 1090.2
1394960 1088.3
1394970 1088.3
1394980 1086.8
1394990 1085.6
1395000 1085.6
1395010 1084.9
1395020 1084.0
1395030 1084.0
1395040 1082.8
1395050 1080.1
1395060 1080.1
1395070 1076.1
1395080 1071.0
1395090 1066.5
1395100 1066.5
1395110 1061.9
1395120 1058.7
1395130 1058.7
1395140 1056.6
1395150 1054.1
1395160 1054.1
1395170 1050.5
1395180 1047.5
1395190 1047.5
1395200 1045.0
1395210 1042.6
1395220 1042.6
1395230 1040.5
1395240 1038.0
1395250 1038.0
1395260 1034.9
1395270 1032.9
1395280 1032.9
1395290 1031.5
1395300 1030.2
1395310 1029.2
1395320 1029.2
1395330 1028.2
1395340 1027.3
1395350 1027.3
1395360 1026.0
1395370 1024.9
1395380 1024.9
1395390 1023.7
1395400 1022.0
1395410 1022.0
1395420 1019.6
1395430 1016.9
1395440 1016.9
1395450 1013.7
1395460 1010.5
1395470 1010.5
1395480 1007.6
1395490 1003.7
1395500 1000.1
1395510 1000.1
1395520 995.3
1395530 989.7
1395540 989.7
1395550 984.8
1395560 981.9
1395570 981.9
1395580 977.3
1395590 977.0
1395600 977.0
1395610 977.2
1395620 974.8
1395630 974.8
1395640 973.6
1395650 975.5
1395660 975.5
1395670 974.8
1395680 971.5
1395690 971.5
1395700 969.1
1395710 966.5
1395720 963.2
1395730 963.2
1395740 960.6
1395750 958.4
1395760 958.4
1395770 956.9
1395780 955.2
1395790 955.2
1395800 952.9
1395810 950.5
1395820 950.5
1395830 947.9
1395840 946.6
1395850 946.6
1395860 944.9
1395870 943.3
1395880 943.3
1395890 942.3
1395900 941.4
1395910 940.2
1395920 940.2
1395930 938.5
1395940 936.5
1395950 936.5
1395960 934.5
1395970 933.3
1395980 933.3
1395990 931.2
1396000 930.1
1396010 930.1
1396020 929.6
1396030 930.0
1396040 930.0
1396050 930.5
1396060 929.1
1396070 929.1
1396080 928.1
1396090 927.1
1396100 926.4
1396110 926.4
1396120 926.3
1396130 926.4
1396140 926.4
1396150 926.5
1396160 926.6
1396170 926.6
1396180 926.7
1396190 926.8
1396200 926.8
1396210 926.9
1396220 927.1
1396230 927.1
1396240 927.2
1396250 927.4
1396260 927.4
1396270 926.9
1396280 925.2
1396290 925.2
1396300 924.4
1396310 924.1
1396320 924.1
1396330 924.1
1396340 924.1
1396350 924.9
1396360 924.9
1396370 926.4
1396380 927.5
1396390 927.5
1396400 927.5
1396410 926.6
1396420 926.6
1396430 926.1
1396440 926.1
1396450 926.1
1396460 926.2
1396470 926.1
1396480 926.1
1396490 926.1
1396500 926.0
1396510 926.0
1396520 926.0
1396530 926.0
1396540 925.9
1396550 925.9
1396560 926.0
1396570 926.0
1396580 926.0
1396590 926.0
1396600 925.7
1396610 925.7
1396620 925.2
1396630 925.4
1396640 925.4
1396650 925.8
1396660 925.9
1396670 925.9
1396680 925.8
1396690 925.9
1396700 925.9
1396710 925.9
1396720 925.7
1396730 925.5
1396740 925.5
1396750 925.5
1396760 925.5
1396770 925.5
1396780 925.4
1396790 925.4
1396800 925.4
1396810 925.4
1396820 925.0
1396830 925.0
1396840 925.5
1396850 925.7
1396860 925.7
1396870 925.5
1396880 925.4
1396890 925.4
1396900 925.3
1396910 925.5
1396920 925.7
1396930 925.7
1396940 925.7
1396950 925.6
1396960 925.6
1396970 925.8
1396980 926.9
1396990 926.5
1397000 928.6
1397010 929.7
1397020 929.7
1397030 929.9
1397040 929.7
1397050 929.7
1397060 929.5
1397070 929.5
1397080 929.5
1397090 929.8
1397100 930.4
1397110 931.9
1397120 931.9
1397130 933.5
1397140 934.9
1397150 934.9
1397160 936.7
1397170 939.0
1397180 939.0
1397190 942.8
1397200 948.8
1397210 948.8
1397220 956.2
1397230 964.6
1397240 964.6
1397250 973.4
1397260 981.4
1397270 981.4
1397280 990.9
1397290 1008.7
1397300 1008.7
1397310 1029.5
1397320 1041.4
1397330 1049.5
1397340 1049.5
1397350 1057.2
1397360 1072.4
1397370 1072.4
1397380 1083.1
1397390 1089.1
1397400 1089.1
1397410 1091.6
1397420 1098.1
1397430 1098.1
1397440 1102.3
1397450 1104.6
1397460 1104.6
1397470 1108.3
1397480 1112.6
1397490 1112.6
1397500 1118.7
1397510 1123.3
1397520 1126.3
1397530 1126.3
1397540 1129.1
1397550 1132.0
1397560 1132.0
1397570 1134.8
1397580 1137.3
1397590 1137.3
1397600 1140.3
1397610 1144.2
1397620 1144.2
1397630 1148.4
1397640 1152.4
1397650 1152.4
1397660 1156.0
1397670 1160.0
1397680 1160.0
1397690 1165.0
1397700 1168.8
1397710 1168.8
1397720 1169.2
1397730 1173.5
1397740 1184.1
1397750 1184.1
1397760 1194.1
1397770 1200.1
1397780 1200.1
1397790 1205.7
1397800 1213.3
1397810 1213.3
1397820 1220.6
1397830 1230.6
1397840 1230.6
1397850 1241.4
1397860 1249.0
1397870 1249.0
1397880 1255.1
1397890 1262.4
1397900 1262.4
1397910 1269.9
1397920 1277.6
1397930 1285.7
1397940 1285.7
1397950 1295.3
1397960 1303.3
1397970 1303.3
1397980 1310.0
1397990 1316.5
1398000 1316.5
1398010 1323.0
1398020 1329.5
1398030 1329.5
1398040 1336.6
1398050 1343.4
1398060 1343.4
1398070 1350.3
1398080 1354.1
1398090 1354.1
1398100 1358.0
1398110 1364.2
1398120 1370.8
1398130 1370.8
1398140 1377.3
1398150 1383.1
1398160 1383.1
1398170 1387.6
1398180 1391.4
1398190 1391.4
1398200 1396.1
1398210 1400.6
1398220 1400.6
1398230 1404.2
1398240 1407.8
1398250 1407.8
1398260 1411.1
1398270 1413.8
1398280 1413.8
1398290 1416.1
1398300 1418.3
1398310 1418.3
1398320 1420.1
1398330 1421.6
1398340 1423.1
1398350 1423.1
1398360 1425.1
1398370 1427.1
1398380 1427.1
1398390 1429.2
1398400 1431.4
1398410 1431.4
1398420 1434.2
1398430 1437.4
1398440 1437.4
1398450 1437.6
1398460 1441.5
1398470 1441.5
1398480 1445.3
1398490 1448.0
1398500 1448.0
1398510 1450.0
1398520 1452.0
1398530 1454.1
1398540 1454.1
1398550 1456.4
1398560 1458.9
1398570 1458.9
1398580 1461.7
1398590 1464.7
1398600 1464.7
1398610 1468.2
1398620 1471.7
1398630 1471.7
1398640 1473.2
1398650 1473.1
1398660 1473.1
1398670 1474.4
1398680 1475.9
1398690 1475.9
1398700 1478.2
1398710 1478.6
1398720 1478.6
1398730 1478.6
1398740 1480.2
1398750 1489.1
1398760 1489.1
1398770 1499.1
1398780 1510.2
1398790 1510.2
1398800 1519.7
1398810 1525.4
1398820 1525.4
1398830 1528.2
1398840 1531.1
1398850 1531.1
1398860 1535.4
1398870 1540.8
1398880 1540.8
1398890 1547.5
1398900 1553.1
1398910 1553.1
1398920 1557.6
1398930 1562.3
1398940 1567.1
1398950 1567.1
1398960 1572.5
1398970 1578.5
1398980 1578.5
1398990 1586.8
1399000 1596.5
1399010 1596.5
1399020 1607.4
1399030 1616.0
1399040 1616.0
1399050 1622.2
1399060 1628.2
1399070 1628.2
1399080 1632.8
1399090 1637.6
1399100 1637.6
1399110 1643.8
1399120 1650.2
1399130 1656.0
1399140 1656.0
1399150 1663.7
1399160 1671.8
1399170 1671.8
1399180 1682.8
1399190 1696.4
1399200 1696.4
1399210 1704.2
1399220 1710.7
1399230 1710.7
1399240 1717.2
1399250 1722.5
1399260 1722.5
1399270 1726.2
1399280 1729.4
1399290 1729.4
1399300 1732.4
1399310 1736.9
1399320 1736.9
1399330 1742.5
1399340 1748.9
1399350 1754.9
1399360 1754.9
1399370 1760.3
1399380 1765.6
1399390 1765.6
1399400 1770.3
1399410 1774.1
1399420 1774.1
1399430 1778.3
1399440 1783.8
1399450 1783.8
1399460 1789.7
1399470 1795.5
1399480 1795.5
1399490 1800.6
1399500 1805.6
1399510 1805.6
1399520 1811.1
1399530 1817.3
1399540 1824.2
1399550 1824.2
1399560 1829.8
1399570 1836.3
1399580 1836.3
1399590 1842.6
1399600 1849.1
1399610 1849.1
1399620 1854.8
1399630 1860.5
1399640 1860.5
1399650 1867.2
1399660 1873.2
1399670 1873.2
1399680 1877.5
1399690 1881.2
1399700 1881.2
1399710 1884.7
1399720 1888.4
1399730 1888.4
1399740 1893.0
1399750 1897.7
1399760 1902.7
1399770 1902.7
1399780 1908.6
1399790 1915.1
1399800 1915.1
1399810 1921.4
1399820 1926.8
1399830 1926.8
1399840 1931.8
1399850 1936.1
1399860 1936.1
1399870 1941.1
1399880 1947.3
1399890 1947.3
1399900 1953.0
1399910 1958.9
1399920 1958.9
1399930 1965.6
1399940 1973.6
1399950 1984.3
1399960 1984.3
1399970 1992.2
1399980 1993.6
1399990 1993.6
1380000 2164.5
1380010 2164.5
1380020 2158.9
1380030 2154.9
1380040 2154.9
1380050 2151.8
1380060 2149.6
1380070 2149.6
1380080 2147.2
1380090 2145.4
1380100 2145.4
1380110 2143.5
1380120 2141.3
1380130 2141.3
1380140 2138.8
1380150 2136.9
1380160 2133.5
1380170 2133.5
1380180 2128.3
1380190 2124.5
1380200 2124.5
1380210 2120.1
1380220 2112.5
1380230 2112.5
1380240 2102.4
1380250 2093.8
1380260 2093.8
1380270 2085.5
1380280 2075.4
1380290 2075.4
1380300 2062.1
1380310 2049.8
1380320 2049.8
1380330 2042.1
1380340 2036.4
1380350 2036.4
1380360 2032.6
1380370 2029.5
1380380 2025.8
1380390 2025.8
1380400 2020.7
1380410 2014.6
1380420 2014.6
1380430 2007.3
1380440 2001.7
1380450 2001.7
1380460 1997.1
1380470 1993.2
1380480 1993.2
1380490 1990.4
1380500 1988.5
1380510 1988.5
1380520 1985.6
1380530 1981.5
1380540 1981.5
1380550 1977.3
1380560 1974.5
1380570 1971.7
1380580 1971.7
1380590 1968.2
1380600 1965.2
1380610 1965.2
1380620 1962.3
1380630 1959.0
1380640 1959.0
1380650 1956.2
1380660 1953.4
1380670 1953.4
1380680 1949.9
1380690 1944.1
1380700 1944.1
1380710 1938.2
1380720 1933.6
1380730 1933.6
1380740 1928.9
1380750 1921.2
1380760 1921.2
1380770 1908.7
1380780 1896.8
1380790 1884.3
1380800 1884.3
1380810 1870.9
1380820 1862.1
1380830 1862.1
1380840 1853.7
1380850 1846.5
1380860 1846.5
1380870 1837.9
1380880 1829.6
1380890 1829.6
1380900 1820.8
1380910 1812.6
1380920 1812.6
1380930 1804.4
1380940 1796.3
1380950 1796.3
1380960 1788.3
1380970 1779.8
1380980 1771.1
1380990 1771.1
1381000 1762.1
1381010 1753.7
1381020 1753.7
1381030 1745.2
1381040 1736.1
1381050 1736.1
1381060 1726.8
1381070 1717.9
1381080 1717.9
1381090 1711.1
1381100 1703.6
1381110 1703.6
1381120 1697.7
1381130 1692.7
1381140 1692.7
1381150 1686.8
1381160 1681.1
1381170 1675.2
1381180 1675.2
1381190 1668.8
1381200 1661.1
1381210 1661.1
1381220 1652.9
1381230 1644.8
1381240 1644.8
1381250 1637.4
1381260 1630.0
1381270 1630.0
1381280 1622.0
1381290 1615.3
1381300 1615.3
1381310 1610.0
1381320 1603.8
1381330 1603.8
1381340 1596.1
1381350 1588.8
1381360 1588.8
1381370 1582.5
1381380 1576.4
1381390 1571.7
1381400 1571.7
1381410 1567.5
1381420 1560.7
1381430 1560.7
1381440 1554.9
1381450 1550.3
1381460 1550.3
1381470 1545.9
1381480 1541.2
1381490 1541.2
1381500 1536.5
1381510 1531.5
1381520 1531.5
1381530 1526.5
1381540 1521.8
1381550 1521.8
1381560 1517.6
1381570 1513.2
1381580 1508.0
1381590 1508.0
1381600 1502.0
1381610 1497.7
1381620 1497.7
1381630 1493.9
1381640 1490.7
1381650 1490.7
1381660 1488.6
1381670 1488.7
1381680 1488.7
1381690 1491.2
1381700 1493.3
1381710 1493.3
1381720 1497.1
1381730 1499.3
1381740 1499.3
1381750 1501.5
1381760 1506.1
1381770 1506.1
1381780 1512.3
1381790 1515.6
1381800 1520.4
1381810 1520.4
1381820 1523.2
1381830 1526.8
1381840 1526.8
1381850 1532.0
1381860 1537.3
1381870 1537.3
1381880 1541.0
1381890 1542.2
1381900 1542.2
1381910 1542.1
1381920 1540.6
1381930 1540.6
1381940 1540.3
1381950 1540.5
1381960 1540.5
1381970 1539.2
1381980 1535.8
1381990 1539.5
1382000 1539.5
1382010 1546.7
1382020 1552.8
1382030 1552.8
1382040 1558.5
1382050 1563.6
1382060 1563.6
1382070 1566.8
1382080 1569.7
1382090 1569.7
1382100 1571.1
1382110 1567.3
1382120 1567.3
1382130 1560.8
1382140 1554.9
1382150 1554.9
1382160 1558.7
1382170 1565.1
1382180 1572.3
1382190 1572.3
1382200 1579.4
1382210 1584.6
1382220 1584.6
1382230 1588.3
1382240 1590.5
1382250 1590.5
1382260 1595.9
1382270 1605.1
1382280 1605.1
1382290 1613.5
1382300 1621.4
1382310 1621.4
1382320 1628.8
1382330 1640.3
1382340 1640.3
1382350 1645.0
1382360 1648.8
1382370 1648.8
1382380 1651.2
1382390 1653.2
1382400 1656.8
1382410 1656.8
1382420 1661.5
1382430 1667.4
1382440 1667.4
1382450 1674.9
1382460 1683.9
1382470 1683.9
1382480 1692.5
1382490 1700.5
1382500 1700.5
1382510 1708.0
1382520 1715.8
1382530 1715.8
1382540 1723.0
1382550 1729.7
1382560 1729.7
1382570 1736.5
1382580 1743.3
1382590 1750.0
1382600 1750.0
1382610 1757.1
1382620 1763.6
1382630 1763.6
1382640 1769.6
1382650 1774.9
1382660 1774.9
1382670 1777.9
1382680 1781.9
1382690 1781.9
1382700 1787.7
1382710 1795.2
1382720 1795.2
1382730 1802.2
1382740 1809.6
1382750 1809.6
1382760 1817.4
1382770 1824.6
1382780 1830.4
1382790 1830.4
1382800 1835.4
1382810 1842.4
1382820 1842.4
1382830 1850.6
1382840 1858.0
1382850 1858.0
1382860 1863.6
1382870 1868.8
1382880 1868.8
1382890 1873.7
1382900 1878.9
1382910 1878.9
1382920 1884.3
1382930 1889.0
1382940 1889.0
1382950 1893.1
1382960 1896.9
1382970 1896.9
1382980 1899.6
1382990 1901.7
1383000 1903.8
1383010 1903.8
1383020 1905.9
1383030 1907.7
1383040 1907.7
1383050 1909.1
1383060 1910.4
1383070 1910.4
1383080 1911.8
1383090 1913.5
1383100 1913.5
1383110 1915.2
1383120 1917.0
1383130 1917.0
1383140 1919.4
1383150 1921.8
1383160 1921.8
1383170 1924.2
1383180 1926.5
1383190 1928.9
1383200 1928.9
1383210 1931.2
1383220 1933.1
1383230 1933.1
1383240 1934.8
1383250 1935.8
1383260 1935.8
1383270 1936.3
1383280 1936.0
1383290 1936.0
1383300 1935.5
1383310 1936.0
1383320 1936.0
1383330 1936.0
1383340 1935.0
1383350 1935.0
1383360 1934.7
1383370 1934.5
1383380 1934.5
1383390 1933.6
1383400 1932.4
1383410 1930.7
1383420 1930.7
1383430 1929.2
1383440 1927.6
1383450 1927.6
1383460 1925.6
1383470 1923.7
1383480 1923.7
1383490 1921.8
1383500 1919.8
1383510 1919.8
1383520 1917.5
1383530 1915.1
1383540 1915.1
1383550 1913.0
1383560 1911.5
1383570 1914.8
1383580 1913.3
1383590 1911.5
1383600 1909.7
1383610 1909.7
1383620 1906.9
1383630 1903.6
1383640 1903.6
1383650 1901.2
1383660 1899.1
1383670 1899.1
1383680 1896.6
1383690 1894.0
1383700 1894.0
1383710 1891.2
1383720 1888.3
1383730 1888.3
1383740 1884.8
1383750 1880.9
1383760 1880.9
1383770 1876.8
1383780 1872.4
1383790 1867.7
1383800 1867.7
1383810 1863.4
1383820 1858.2
1383830 1858.2
1383840 1852.5
1383850 1846.2
1383860 1846.2
1383870 1838.9
1383880 1832.0
1383890 1832.0
1383900 1825.2
1383910 1818.4
1383920 1818.4
1383930 1811.7
1383940 1805.3
1383950 1805.3
1383960 1798.9
1383970 1792.6
1383980 1792.6
1383990 1786.0
1384000 1778.9
1384010 1772.1
1384020 1772.1
1384030 1766.0
1384040 1761.1
1384050 1761.1
1384060 1755.4
1384070 1749.4
1384080 1749.4
1384090 1743.7
1384100 1738.5
1384110 1738.5
1384120 1733.6
1384130 1729.6
1384140 1729.6
1384150 1726.3
1384160 1722.7
1384170 1722.7
1384180 1719.7
1384190 1715.9
1384200 1710.9
1384210 1710.9
1384220 1705.4
1384230 1700.1
1384240 1700.1
1384250 1694.6
1384260 1689.2
1384270 1689.2
1384280 1683.8
1384290 1677.8
1384300 1677.8
1384310 1671.2
1384320 1664.3
1384330 1664.3
1384340 1656.8
1384350 1648.2
1384360 1648.2
1384370 1643.3
1384380 1637.5
1384390 1637.5
1384400 1631.5
1384410 1626.5
1384420 1621.1
1384430 1621.1
1384440 1615.1
1384450 1609.6
1384460 1609.6
1384470 1605.1
1384480 1601.4
1384490 1601.4
1384500 1598.0
1384510 1593.9
1384520 1593.9
1384530 1589.0
1384540 1584.3
1384550 1584.3
1384560 1579.7
1384570 1575.3
1384580 1575.3
1384590 1569.8
1384600 1563.5
1384610 1556.9
1384620 1556.9
1384630 1550.3
1384640 1543.9
1384650 1543.9
1384660 1537.1
1384670 1530.3
1384680 1530.3
1384690 1522.1
1384700 1513.4
1384710 1513.4
1384720 1507.4
1384730 1503.3
1384740 1503.3
1384750 1497.2
1384760 1491.6
1384770 1491.6
1384780 1487.3
1384790 1484.4
1384800 1480.8
1384810 1480.8
1384820 1475.0
1384830 1477.1
1384840 1477.1
1384850 1471.2
1384860 1463.9
1384870 1463.9
1384880 1455.9
1384890 1447.6
1384900 1447.6
1384910 1439.6
1384920 1431.6
1384930 1431.6
1384940 1424.6
1384950 1415.9
1384960 1415.9
1384970 1407.4
1384980 1401.2
1384990 1401.2
1385000 1399.2
1385010 1400.3
1385020 1403.4
1385030 1403.4
1385040 1410.4
1385050 1420.9
1385060 1420.9
1385070 1429.7
1385080 1435.8
1385090 1435.8
1385100 1439.9
1385110 1443.0
1385120 1443.0
1385130 1446.5
1385140 1451.5
1385150 1451.5
1385160 1457.6
1385170 1461.1
1385180 1461.1
1385190 1463.9
1385200 1468.1
1385210 1473.8
1385220 1473.8
1385230 1480.3
1385240 1487.0
1385250 1487.0
1385260 1492.5
1385270 1497.6
1385280 1497.6
1385290 1503.9
1385300 1510.8
1385310 1510.8
1385320 1517.2
1385330 1523.5
1385340 1523.5
1385350 1528.7
1385360 1529.5
1385370 1529.5
1385380 1530.4
1385390 1531.4
1385400 1531.4
1385410 1533.3
1385420 1537.4
1385430 1544.0
1385440 1544.0
1385450 1548.5
1385460 1549.5
1385470 1549.5
1385480 1548.7
1385490 1547.8
1385500 1547.8
1385510 1548.7
1385520 1550.6
1385530 1550.6
1385540 1553.5
1385550 1557.8
1385560 1557.8
1385570 1564.9
1385580 1571.8
1385590 1571.8
1385600 1578.6
1385610 1586.1
1385620 1593.3
1385630 1593.3
1385640 1599.1
1385650 1604.1
1385660 1604.1
1385670 1609.1
1385680 1614.5
1385690 1614.5
1385700 1619.5
1385710 1624.1
1385720 1624.1
1385730 1628.2
1385740 1630.8
1385750 1630.8
1385760 1633.0
1385770 1634.7
1385780 1634.7
1385790 1636.9
1385800 1640.1
1385810 1644.0
1385820 1644.0
1385830 1649.7
1385840 1655.2
1385850 1655.2
1385860 1659.3
1385870 1662.8
1385880 1662.8
1385890 1666.4
1385900 1669.8
1385910 1669.8
1385920 1672.5
1385930 1676.3
1385940 1676.3
1385950 1680.4
1385960 1684.3
1385970 1684.3
1385980 1687.8
1385990 1689.9
1386000 1689.9
1386010 1692.1
1386020 1694.9
1386030 1697.7
1386040 1697.7
1386050 1701.5
1386060 1706.4
1386070 1706.4
1386080 1711.6
1386090 1715.8
1386100 1715.8
1386110 1717.0
1386120 1719.1
1386130 1719.1
1386140 1720.2
1386150 1721.3
1386160 1721.3
1386170 1722.3
1386180 1723.6
1386190 1723.6
1386200 1725.0
1386210 1726.0
1386220 1727.1
1386230 1727.1
1386240 1728.9
1386250 1730.8
1386260 1730.8
1386270 1732.1
1386280 1733.5
1386290 1733.5
1386300 1734.8
1386310 1736.9
1386320 1736.9
1386330 1738.7
1386340 1739.4
1386350 1739.4
1386360 1740.3
1386370 1741.1
1386380 1741.1
1386390 1742.4
1386400 1743.2
1386410 1743.2
1386420 1744.9
1386430 1746.4
1386440 1747.3
1386450 1747.3
1386460 1747.3
1386470 1745.5
1386480 1745.5
1386490 1750.3
1386500 1757.1
1386510 1757.1
1386520 1761.4
1386530 1762.1
1386540 1762.1
1386550 1762.1
1386560 1761.8
1386570 1761.8
1386580 1761.7
1386590 1761.5
1386600 1761.5
1386610 1761.2
1386620 1760.8
1386630 1760.5
1386640 1760.5
1386650 1760.4
1386660 1761.2
1386670 1761.2
1386680 1762.4
1386690 1763.0
1386700 1763.0
1386710 1762.5
1386720 1762.6
1386730 1762.6
1386740 1761.0
1386750 1757.6
1386760 1757.6
1386770 1754.6
1386780 1751.0
1386790 1751.0
1386800 1747.2
1386810 1743.5
1386820 1739.6
1386830 1739.6
1386840 1735.3
1386850 1739.1
1386860 1739.1
1386870 1743.9
1386880 1746.0
1386890 1746.0
1386900 1746.2
1386910 1745.7
1386920 1745.7
1386930 1745.1
1386940 1746.7
1386950 1746.7
1386960 1750.7
1386970 1755.7
1386980 1755.7
1386990 1759.0
1387000 1760.4
1387010 1760.4
1387020 1761.1
1387030 1761.6
1387040 1761.8
1387050 1761.8
1387060 1762.3
1387070 1763.0
1387080 1763.0
1387090 1763.1
1387100 1762.9
1387110 1762.9
1387120 1762.1
1387130 1759.7
1387140 1759.7
1387150 1755.3
1387160 1750.0
1387170 1750.0
1387180 1745.3
1387190 1742.9
1387200 1742.9
1387210 1743.8
1387220 1747.9
1387230 1752.5
1387240 1752.5
1387250 1758.3
1387260 1764.6
1387270 1764.6
1387280 1767.1
1387290 1767.3
1387300 1767.3
1387310 1767.6
1387320 1767.4
1387330 1767.4
1387340 1766.7
1387350 1766.2
1387360 1766.2
1387370 1765.8
1387380 1765.5
1387390 1765.5
1387400 1766.6
1387410 1765.3
1387420 1765.3
1387430 1764.6
1387440 1764.2
1387450 1763.8
1387460 1763.8
1387470 1763.1
1387480 1762.4
1387490 1762.4
1387500 1762.5
1387510 1761.9
1387520 1761.9
1387530 1760.2
1387540 1757.9
1387550 1757.9
1387560 1755.9
1387570 1753.9
1387580 1753.9
1387590 1751.9
1387600 1749.1
1387610 1749.1
1387620 1745.5
1387630 1741.4
1387640 1737.1
1387650 1737.1
1387660 1732.3
1387670 1727.6
1387680 1727.6
1387690 1723.5
1387700 1719.7
1387710 1719.7
1387720 1715.2
1387730 1710.1
1387740 1710.1
1387750 1705.1
1387760 1700.7
1387770 1700.7
1387780 1696.5
1387790 1692.8
1387800 1692.8
1387810 1688.8
1387820 1685.3
1387830 1681.8
1387840 1681.8
1387850 1678.4
1387860 1675.1
1387870 1675.1
1387880 1672.6
1387890 1670.2
1387900 1670.2
1387910 1667.6
1387920 1664.4
1387930 1664.4
1387940 1661.3
1387950 1659.5
1387960 1659.5
1387970 1657.4
1387980 1654.2
1387990 1654.2
1388000 1650.8
1388010 1650.1
1388020 1650.1
1388030 1646.0
1388040 1640.0
1388050 1633.7
1388060 1633.7
1388070 1627.6
1388080 1622.2
1388090 1622.2
1388100 1616.9
1388110 1611.2
1388120 1611.2
1388130 1605.6
1388140 1599.0
1388150 1599.0
1388160 1592.2
1388170 1583.9
1388180 1583.9
1388190 1574.1
1388200 1559.2
1388210 1559.2
1388220 1544.3
1388230 1535.4
1388240 1532.3
1388250 1532.3
1388260 1527.0
1388270 1519.2
1388280 1519.2
1388290 1512.0
1388300 1505.3
1388310 1505.3
1388320 1495.9
1388330 1488.1
1388340 1488.1
1388350 1478.8
1388360 1468.5
1388370 1468.5
1388380 1457.5
1388390 1446.2
1388400 1446.2
1388410 1434.9
1388420 1425.3
1388430 1425.3
1388440 1420.8
1388450 1424.7
1388460 1432.7
1388470 1432.7
1388480 1441.7
1388490 1451.8
1388500 1451.8
1388510 1463.5
1388520 1475.7
1388530 1475.7
1388540 1486.6
1388550 1497.6
1388560 1497.6
1388570 1507.5
1388580 1518.3
1388590 1518.3
1388600 1528.6
1388610 1537.8
1388620 1537.8
1388630 1546.6
1388640 1556.0
1388650 1565.5
1388660 1565.5
1388670 1573.6
1388680 1579.7
1388690 1579.7
1388700 1584.0
1388710 1591.5
1388720 1591.5
1388730 1600.5
1388740 1605.9
1388750 1605.9
1388760 1609.9
1388770 1615.4
1388780 1615.4
1388790 1620.3
1388800 1622.8
1388810 1622.8
1388820 1623.3
1388830 1623.3
1388840 1623.1
1388850 1623.1
1388860 1622.8
1388870 1622.3
1388880 1622.3
1388890 1621.7
1388900 1621.1
1388910 1621.1
1388920 1620.5
1388930 1620.3
1388940 1620.3
1388950 1618.9
1388960 1617.8
1388970 1617.8
1388980 1616.3
1388990 1615.5
1389000 1615.5
1389010 1615.3
1389020 1615.0
1389030 1615.0
1389040 1613.8
1389050 1612.1
1389060 1610.4
1389070 1610.4
1389080 1609.0
1389090 1608.0
1389100 1608.0
1389110 1607.1
1389120 1605.8
1389130 1605.8
1389140 1604.6
1389150 1603.1
1389160 1603.1
1389170 1602.0
1389180 1601.0
1389190 1601.0
1389200 1599.7
1389210 1598.6
1389220 1598.6
1389230 1597.4
1389240 1596.3
1389250 1595.1
1389260 1595.1
1389270 1593.9
1389280 1592.4
1389290 1592.4
1389300 1591.5
1389310 1590.6
1389320 1590.6
1389330 1588.8
1389340 1586.3
1389350 1586.3
1389360 1583.9
1389370 1581.5
1389380 1581.5
1389390 1576.6
1389400 1571.4
1389410 1571.4
1389420 1565.9
1389430 1559.3
1389440 1552.1
1389450 1552.1
1389460 1544.0
1389470 1535.5
1389480 1535.5
1389490 1526.6
1389500 1517.8
1389510 1517.8
1389520 1509.1
1389530 1500.4
1389540 1500.4
1389550 1492.2
1389560 1484.6
1389570 1484.6
1389580 1477.1
1389590 1469.1
1389600 1469.1
1389610 1459.6
1389620 1447.0
1389630 1447.0
1389640 1431.2
1389650 1418.8
1389660 1408.7
1389670 1408.7
1389680 1407.0
1389690 1412.2
1389700 1412.2
1389710 1421.8
1389720 1431.3
1389730 1431.3
1389740 1440.0
1389750 1447.6
1389760 1447.6
1389770 1454.2
1389780 1460.6
1389790 1460.6
1389800 1468.0
1389810 1475.4
1389820 1475.4
1389830 1482.6
1389840 1489.4
1389850 1496.4
1389860 1496.4
1389870 1503.6
1389880 1511.6
1389890 1511.6
1389900 1518.9
1389910 1526.3
1389920 1526.3
1389930 1533.9
1389940 1541.5
1389950 1541.5
1389960 1548.0
1389970 1552.8
1389980 1552.8
1389990 1555.6
1390000 1558.1
1390010 1558.1
1390020 1561.0
1390030 1563.5
1390040 1563.5
1390050 1570.4
1390060 1572.2
1390070 1572.8
1390080 1572.8
1390090 1574.0
1390100 1576.2
1390110 1576.2
1390120 1579.7
1390130 1582.6
1390140 1582.6
1390150 1583.7
1390160 1584.3
1390170 1584.3
1390180 1585.4
1390190 1586.4
1390200 1586.4
1390210 1588.0
1390220 1589.9
1390230 1589.9
1390240 1589.8
1390250 1589.7
1390260 1589.4
1390270 1589.4
1390280 1588.8
1390290 1588.4
1390300 1588.4
1390310 1587.7
1390320 1587.1
1390330 1587.1
1390340 1586.9
1390350 1586.8
1390360 1586.8
1390370 1587.2
1390380 1587.6
1390390 1587.6
1390400 1587.5
1390410 1587.5
1390420 1587.5
1390430 1587.8
1390440 1587.9
1390450 1588.1
1390460 1588.1
1390470 1587.6
1390480 1587.4
1390490 1587.4
1390500 1587.4
1390510 1587.3
1390520 1587.3
1390530 1587.3
1390540 1586.8
1390550 1586.8
1390560 1585.7
1390570 1584.5
1390580 1584.5
1390590 1583.3
1390600 1581.9
1390610 1581.9
1390620 1580.5
1390630 1578.6
1390640 1578.6
1390650 1576.4
1390660 1573.8
1390670 1570.8
1390680 1570.8
1390690 1567.9
1390700 1565.3
1390710 1565.3
1390720 1562.4
1390730 1559.5
1390740 1559.5
1390750 1556.7
1390760 1553.5
1390770 1553.5
1390780 1550.7
1390790 1548.0
1390800 1548.0
1390810 1544.4
1390820 1540.8
1390830 1540.8
1390840 1537.7
1390850 1534.9
1390860 1532.3
1390870 1532.3
1390880 1530.4
1390890 1529.1
1390900 1529.1
1390910 1528.9
1390920 1528.1
1390930 1528.1
1390940 1525.3
1390950 1522.2
1390960 1522.2
1390970 1519.5
1390980 1516.7
1390990 1516.7
1391000 1513.8
1391010 1511.5
1391020 1511.5
1391030 1508.1
1391040 1503.0
1391050 1503.0
1391060 1496.1
1391070 1489.1
1391080 1484.5
1391090 1484.5
1391100 1480.1
1391110 1476.4
1391120 1476.4
1391130 1472.6
1391140 1468.5
1391150 1468.5
1391160 1464.2
1391170 1458.9
1391180 1458.9
1391190 1452.3
1391200 1447.1
1391210 1447.1
1391220 1442.8
1391230 1437.8
1391240 1437.8
1391250 1431.7
1391260 1425.1
1391270 1417.2
1391280 1417.2
1391290 1409.1
1391300 1401.7
1391310 1401.7
1391320 1393.2
1391330 1385.1
1391340 1385.1
1391350 1375.3
1391360 1359.9
1391370 1359.9
1391380 1349.7
1391390 1355.3
1391400 1355.3
1391410 1348.0
1391420 1340.9
1391430 1340.9
1391440 1332.7
1391450 1311.9
1391460 1292.1
1391470 1292.1
1391480 1288.3
1391490 1294.1
1391500 1294.1
1391510 1304.6
1391520 1312.6
1391530 1312.6
1391540 1319.5
1391550 1327.1
1391560 1327.1
1391570 1339.5
1391580 1350.6
1391590 1350.6
1391600 1358.5
1391610 1364.7
1391620 1364.7
1391630 1368.1
1391640 1372.6
1391650 1372.6
1391660 1375.6
1391670 1378.1
1391680 1380.6
1391690 1380.6
1391700 1385.5
1391710 1391.7
1391720 1391.7
1391730 1399.0
1391740 1405.0
1391750 1405.0
1391760 1410.3
1391770 1414.8
1391780 1414.8
1391790 1420.1
1391800 1425.3
1391810 1425.3
1391820 1427.4
1391830 1427.6
1391840 1427.6
1391850 1428.9
1391860 1432.0
1391870 1435.8
1391880 1435.8
1391890 1440.1
1391900 1443.5
1391910 1443.5
1391920 1444.0
1391930 1442.5
1391940 1442.5
1391950 1440.6
1391960 1437.1
1391970 1437.1
1391980 1432.2
1391990 1427.1
1392000 1427.1
1392010 1423.6
1392020 1420.1
1392030 1420.1
1392040 1417.5
1392050 1415.5
1392060 1415.5
1392070 1413.8
1392080 1412.4
1392090 1409.5
1392100 1409.5
1392110 1405.0
1392120 1402.8
1392130 1402.8
1392140 1402.3
1392150 1402.4
1392160 1402.4
1392170 1401.3
1392180 1397.6
1392190 1397.6
1392200 1392.6
1392210 1388.5
1392220 1388.5
1392230 1386.3
1392240 1386.1
1392250 1386.1
1392260 1384.6
1392270 1382.3
1392280 1382.6
1392290 1382.6
1392300 1383.9
1392310 1382.1
1392320 1382.1
1392330 1378.9
1392340 1375.3
1392350 1375.3
1392360 1371.0
1392370 1366.9
1392380 1366.9
1392390 1363.3
1392400 1361.4
1392410 1361.4
1392420 1361.5
1392430 1361.7
1392440 1361.7
1392450 1361.0
1392460 1359.4
1392470 1355.0
1392480 1355.0
1392490 1349.9
1392500 1348.3
1392510 1348.3
1392520 1348.8
1392530 1351.5
1392540 1351.5
1392550 1355.9
1392560 1357.8
1392570 1357.8
1392580 1357.1
1392590 1354.9
1392600 1354.9
1392610 1354.0
1392620 1354.7
1392630 1354.7
1392640 1355.1
1392650 1353.5
1392660 1353.5
1392670 1348.8
1392680 1343.1
1392690 1346.1
1392700 1346.1
1392710 1349.9
1392720 1349.9
1392730 1349.9
1392740 1350.0
1392750 1350.3
1392760 1356.5
1392770 1355.0
1392780 1352.0
1392790 1352.0
1392800 1346.0
1392810 1341.5
1392820 1341.5
1392830 1336.6
1392840 1331.4
1392850 1331.4
1392860 1324.0
1392870 1313.6
1392880 1300.7
1392890 1300.7
1392900 1292.4
1392910 1298.3
1392920 1298.3
1392930 1306.2
1392940 1317.2
1392950 1317.2
1392960 1325.7
1392970 1332.6
1392980 1332.6
1392990 1339.1
1393000 1345.4
1393010 1345.4
1393020 1351.0
1393030 1356.7
1393040 1356.7
1393050 1363.2
1393060 1371.2
1393070 1371.2
1393080 1375.4
1393090 1377.6
1393100 1379.4
1393110 1379.4
1393120 1380.7
1393130 1383.0
1393140 1383.0
1393150 1385.5
1393160 1387.0
1393170 1387.0
1393180 1387.9
1393190 1388.8
1393200 1388.8
1393210 1388.9
1393220 1389.3
1393230 1389.3
1393240 1389.8
1393250 1389.4
1393260 1389.4
1393270 1388.9
1393280 1389.3
1393290 1390.8
1393300 1390.8
1393310 1393.6
1393320 1396.1
1393330 1396.1
1393340 1397.6
1393350 1397.8
1393360 1397.8
1393370 1398.4
1393380 1399.6
1393390 1399.6
1393400 1399.0
1393410 1398.1
1393420 1398.1
1393430 1397.4
1393440 1396.2
1393450 1396.2
1393460 1396.3
1393470 1395.9
1393480 1396.6
1393490 1396.6
1393500 1396.5
1393510 1395.2
1393520 1395.2
1393530 1395.4
1393540 1393.5
1393550 1393.5
1393560 1391.3
1393570 1390.2
1393580 1390.2
1393590 1388.8
1393600 1387.1
1393610 1387.1
1393620 1384.7
1393630 1381.5
1393640 1381.5
1393650 1377.8
1393660 1373.9
1393670 1373.9
1393680 1370.7
1393690 1368.8
1393700 1366.9
1393710 1366.9
1393720 1363.8
1393730 1360.6
1393740 1360.6
1393750 1357.5
1393760 1354.2
1393770 1354.2
1393780 1350.9
1393790 1347.3
1393800 1347.3
1393810 1343.5
1393820 1339.2
1393830 1339.2
1393840 1333.5
1393850 1326.1
1393860 1326.1
1393870 1318.0
1393880 1311.5
1393890 1303.0
1393900 1303.0
1393910 1298.2
1393920 1293.7
1393930 1293.7
1393940 1287.5
1393950 1279.8
1393960 1279.8
1393970 1274.3
1393980 1271.4
1393990 1271.4
1394000 1269.2
1394010 1266.0
1394020 1266.0
1394030 1261.4
1394040 1258.3
1394050 1258.3
1394060 1258.5
1394070 1256.8
1394080 1253.6
1394090 1253.6
1394100 1250.8
1394110 1248.7
1394120 1248.7
1394130 1247.0
1394140 1244.4
1394150 1251.4
1394160 1249.0
1394170 1246.9
1394180 1246.9
1394190 1245.3
1394200 1243.2
1394210 1243.2
1394220 1238.8
1394230 1232.8
1394240 1232.8
1394250 1226.8
1394260 1224.7
1394270 1224.7
1394280 1222.2
1394290 1221.4
1394300 1218.3
1394310 1218.3
1394320 1215.0
1394330 1211.6
1394340 1211.6
1394350 1209.8
1394360 1209.5
1394370 1209.5
1394380 1208.8
1394390 1207.9
1394400 1207.9
1394410 1205.7
1394420 1202.8
1394430 1202.8
1394440 1199.7
1394450 1196.0
1394460 1196.0
1394470 1191.3
1394480 1189.4
1394490 1186.6
1394500 1186.6
1394510 1182.5
1394520 1178.0
1394530 1178.0
1394540 1174.2
1394550 1170.1
1394560 1170.1
1394570 1165.8
1394580 1160.7
1394590 1160.7
1394600 1152.7
1394610 1143.5
1394620 1143.5
1394630 1136.3
1394640 1136.6
1394650 1136.6
1394660 1140.2
1394670 1139.3
1394680 1139.3
1394690 1138.5
1394700 1139.0
1394710 1139.1
1394720 1139.1
1394730 1138.3
1394740 1137.6
1394750 1137.6
1394760 1135.7
1394770 1132.1
1394780 1132.1
1394790 1128.9
1394800 1125.3
1394810 1125.3
1394820 1120.3
1394830 1115.4
1394840 1115.4
1394850 1110.4
1394860 1107.2
1394870 1107.2
1394880 1103.9
1394890 1100.1
1394900 1097.0
1394910 1097.0
1394920 1094.4
1394930 1092.5
1394940 1092.5
1394950 1090.2
1394960 1088.3
1394970 1088.3
1394980 1086.8
1394990 1085.6
1395000 1085.6
1395010 1084.9
1395020 1084.0
1395030 1084.0
1395040 1082.8
1395050 1080.1
1395060 1080.1
1395070 1076.1
1395080 1071.0
1395090 1066.5
1395100 1066.5
1395110 1061.9
1395120 1058.7
1395130 1058.7
1395140 1056.6
1395150 1054.1
1395160 1054.1
1395170 1050.5
1395180 1047.5
1395190 1047.5
1395200 1045.0
1395210 1042.6
1395220 1042.6
1395230 1040.5
1395240 1038.0
1395250 1038.0
1395260 1034.9
1395270 1032.9
1395280 1032.9
1395290 1031.5
1395300 1030.2
1395310 1029.2
1395320 1029.2
1395330 1028.2
1395340 1027.3
1395350 1027.3
1395360 1026.0
1395370 1024.9
1395380 1024.9
1395390 1023.7
1395400 1022.0
1395410 1022.0
1395420 1019.6
1395430 1016.9
1395440 1016.9
1395450 1013.7
1395460 1010.5
1395470 1010.5
1395480 1007.6
1395490 1003.7
1395500 1000.1
1395510 1000.1
1395520 995.3
1395530 989.7
1395540 989.7
1395550 984.8
1395560 981.9
1395570 981.9
1395580 977.3
1395590 977.0
1395600 977.0
1395610 977.2
1395620 974.8
1395630 974.8
1395640 973.6
1395650 975.5
1395660 975.5
1395670 974.8
1395680 971.5
1395690 971.5
1395700 969.1
1395710 966.5
1395720 963.2
1395730 963.2
1395740 960.6
1395750 958.4
1395760 958.4
1395770 956.9
1395780 955.2
1395790 955.2
1395800 952.9
1395810 950.5
1395820 950.5
1395830 947.9
1395840 946.6
1395850 946.6
1395860 944.9
1395870 943.3
1395880 943.3
1395890 942.3
1395900 941.4
1395910 940.2
1395920 940.2
1395930 938.5
1395940 936.5
1395950 936.5
1395960 934.5
1395970 933.3
1395980 933.3
1395990 931.2
1396000 930.1
1396010 930.1
1396020 929.6
1396030 930.0
1396040 930.0
1396050 930.5
1396060 929.1
1396070 929.1
1396080 928.1
1396090 927.1
1396100 926.4
1396110 926.4
1396120 926.3
1396130 926.4
1396140 926.4
1396150 926.5
1396160 926.6
1396170 926.6
1396180 926.7
1396190 926.8
1396200 926.8
1396210 926.9
1396220 927.1
1396230 927.1
1396240 927.2
1396250 927.4
1396260 927.4
1396270 926.9
1396280 925.2
1396290 925.2
1396300 924.4
1396310 924.1
1396320 924.1
1396330 924.1
1396340 924.1
1396350 924.9
1396360 924.9
1396370 926.4
1396380 927.5
1396390 927.5
1396400 927.5
1396410 926.6
1396420 926.6
1396430 926.1
1396440 926.1
1396450 926.1
1396460 926.2
1396470 926.1
1396480 926.1
1396490 926.1
1396500 926.0
1396510 926.0
1396520 926.0
1396530 926.0
1396540 925.9
1396550 925.9
1396560 926.0
1396570 926.0
1396580 926.0
1396590 926.0
1396600 925.7
1396610 925.7
1396620 925.2
1396630 925.4
1396640 925.4
1396650 925.8
1396660 925.9
1396670 925.9
1396680 925.8
1396690 925.9
1396700 925.9
1396710 925.9
1396720 925.7
1396730 925.5
1396740 925.5
1396750 925.5
1396760 925.5
1396770 925.5
1396780 925.4
1396790 925.4
1396800 925.4
1396810 925.4
1396820 925.0
1396830 925.0
1396840 925.5
1396850 925.7
1396860 925.7
1396870 925.5
1396880 925.4
1396890 925.4
1396900 925.3
1396910 925.5
1396920 925.7
1396930 925.7
1396940 925.7
1396950 925.6
1396960 925.6
1396970 925.8
1396980 926.9
1396990 926.5
1397000 928.6
1397010 929.7
1397020 929.7
1397030 929.9
1397040 929.7
1397050 929.7
1397060 929.5
1397070 929.5
1397080 929.5
1397090 929.8
1397100 930.4
1397110 931.9
1397120 931.9
1397130 933.5
1397140 934.9
1397150 934.9
1397160 936.7
1397170 939.0
1397180 939.0
1397190 942.8
1397200 948.8
1397210 948.8
1397220 956.2
1397230 964.6
1397240 964.6
1397250 973.4
1397260 981.4
1397270 981.4
1397280 990.9
1397290 1008.7
1397300 1008.7
1397310 1029.5
1397320 1041.4
1397330 1049.5
1397340 1049.5
1397350 1057.2
1397360 1072.4
1397370 1072.4
1397380 1083.1
1397390 1089.1
1397400 1089.1
1397410 1091.6
1397420 1098.1
1397430 1098.1
1397440 1102.3
1397450 1104.6
1397460 1104.6
1397470 1108.3
1397480 1112.6
1397490 1112.6
1397500 1118.7
1397510 1123.3
1397520 1126.3
1397530 1126.3
1397540 1129.1
1397550 1132.0
1397560 1132.0
1397570 1134.8
1397580 1137.3
1397590 1137.3
1397600 1140.3
1397610 1144.2
1397620 1144.2
1397630 1148.4
1397640 1152.4
1397650 1152.4
1397660 1156.0
1397670 1160.0
1397680 1160.0
1397690 1165.0
1397700 1168.8
1397710 1168.8
1397720 1169.2
1397730 1173.5
1397740 1184.1
1397750 1184.1
1397760 1194.1
1397770 1200.1
1397780 1200.1
1397790 1205.7
1397800 1213.3
1397810 1213.3
1397820 1220.6
1397830 1230.6
1397840 1230.6
1397850 1241.4
1397860 1249.0
1397870 1249.0
1397880 1255.1
1397890 1262.4
1397900 1262.4
1397910 1269.9
1397920 1277.6
1397930 1285.7
1397940 1285.7
1397950 1295.3
1397960 1303.3
1397970 1303.3
1397980 1310.0
1397990 1316.5
1398000 1316.5
1398010 1323.0
1398020 1329.5
1398030 1329.5
1398040 1336.6
1398050 1343.4
1398060 1343.4
1398070 1350.3
1398080 1354.1
1398090 1354.1
1398100 1358.0
1398110 1364.2
1398120 1370.8
1398130 1370.8
1398140 1377.3
1398150 1383.1
1398160 1383.1
1398170 1387.6
1398180 1391.4
1398190 1391.4
1398200 1396.1
1398210 1400.6
1398220 1400.6
1398230 1404.2
1398240 1407.8
1398250 1407.8
1398260 1411.1
1398270 1413.8
1398280 1413.8
1398290 1416.1
1398300 1418.3
1398310 1418.3
1398320 1420.1
1398330 1421.6
1398340 1423.1
1398350 1423.1
1398360 1425.1
1398370 1427.1
1398380 1427.1
1398390 1429.2
1398400 1431.4
1398410 1431.4
1398420 1434.2
1398430 1437.4
1398440 1437.4
1398450 1437.6
1398460 1441.5
1398470 1441.5
1398480 1445.3
1398490 1448.0
1398500 1448.0
1398510 1450.0
1398520 1452.0
1398530 1454.1
1398540 1454.1
1398550 1456.4
1398560 1458.9
1398570 1458.9
1398580 1461.7
1398590 1464.7
1398600 1464.7
1398610 1468.2
1398620 1471.7
1398630 1471.7
1398640 1473.2
1398650 1473.1
1398660 1473.1
1398670 1474.4
1398680 1475.9
1398690 1475.9
1398700 1478.2
1398710 1478.6
1398720 1478.6
1398730 1478.6
1398740 1480.2
1398750 1489.1
1398760 1489.1
1398770 1499.1
1398780 1510.2
1398790 1510.2
1398800 1519.7
1398810 1525.4
1398820 1525.4
1398830 1528.2
1398840 1531.1
1398850 1531.1
1398860 1535.4
1398870 1540.8
1398880 1540.8
1398890 1547.5
1398900 1553.1
1398910 1553.1
1398920 1557.6
1398930 1562.3
1398940 1567.1
1398950 1567.1
1398960 1572.5
1398970 1578.5
1398980 1578.5
1398990 1586.8
1399000 1596.5
1399010 1596.5
1399020 1607.4
1399030 1616.0
1399040 1616.0
1399050 1622.2
1399060 1628.2
1399070 1628.2
1399080 1632.8
1399090 1637.6
1399100 1637.6
1399110 1643.8
1399120 1650.2
1399130 1656.0
1399140 1656.0
1399150 1663.7
1399160 1671.8
1399170 1671.8
1399180 1682.8
1399190 1696.4
1399200 1696.4
1399210 1704.2
1399220 1710.7
1399230 1710.7
1399240 1717.2
1399250 1722.5
1399260 1722.5
1399270 1726.2
1399280 1729.4
1399290 1729.4
1399300 1732.4
1399310 1736.9
1399320 1736.9
1399330 1742.5
1399340 1748.9
1399350 1754.9
1399360 1754.9
1399370 1760.3
1399380 1765.6
1399390 1765.6
1399400 1770.3
1399410 1774.1
1399420 1774.1
1399430 1778.3
1399440 1783.8
1399450 1783.8
1399460 1789.7
1399470 1795.5
1399480 1795.5
1399490 1800.6
1399500 1805.6
1399510 1805.6
1399520 1811.1
1399530 1817.3
1399540 1824.2
1399550 1824.2
1399560 1829.8
1399570 1836.3
1399580 1836.3
1399590 1842.6
1399600 1849.1
1399610 1849.1
1399620 1854.8
1399630 1860.5
1399640 1860.5
1399650 1867.2
1399660 1873.2
1399670 1873.2
1399680 1877.5
1399690 1881.2
1399700 1881.2
1399710 1884.7
1399720 1888.4
1399730 1888.4
1399740 1893.0
1399750 1897.7
1399760 1902.7
1399770 1902.7
1399780 1908.6
1399790 1915.1
1399800 1915.1
1399810 1921.4
1399820 1926.8
1399830 1926.8
1399840 1931.8
1399850 1936.1
1399860 1936.1
1399870 1941.1
1399880 1947.3
1399890 1947.3
1399900 1953.0
1399910 1958.9
1399920 1958.9
1399930 1965.6
1399940 1973.6
1399950 1984.3
1399960 1984.3
1399970 1992.2
1399980 1993.6
1399990 1993.6
1380000 2164.5
1380010 2164.5
1380020 2158.9
1380030 2154.9
1380040 2154.9
1380050 2151.8
1380060 2149.6
1380070 2149.6
1380080 2147.2
1380090 2145.4
1380100 2145.4
1380110 2143.5
1380120 2141.3
1380130 2141.3
1380140 2138.8
1380150 2136.9
1380160 2133.5
1380170 2133.5
1380180 2128.3
1380190 2124.5
1380200 2124.5
1380210 2120.1
1380220 2112.5
1380230 2112.5
1380240 2102.4
1380250 2093.8
1380260 2093.8
1380270 2085.5
1380280 2075.4
1380290 2075.4
1380300 2062.1
1380310 2049.8
1380320 2049.8
1380330 2042.1
1380340 2036.4
1380350 2036.4
1380360 2032.6
1380370 2029.5
1380380 2025.8
1380390 2025.8
1380400 2020.7
1380410 2014.6
1380420 2014.6
1380430 2007.3
1380440 2001.7
1380450 2001.7
1380460 1997.1
1380470 1993.2
1380480 1993.2
1380490 1990.4
1380500 1988.5
1380510 1988.5
1380520 1985.6
1380530 1981.5
1380540 1981.5
1380550 1977.3
1380560 1974.5
1380570 1971.7
1380580 1971.7
1380590 1968.2
1380600 1965.2
1380610 1965.2
1380620 1962.3
1380630 1959.0
1380640 1959.0
1380650 1956.2
1380660 1953.4
1380670 1953.4
1380680 1949.9
1380690 1944.1
1380700 1944.1
1380710 1938.2
1380720 1933.6
1380730 1933.6
1380740 1928.9
1380750 1921.2
1380760 1921.2
1380770 1908.7
1380780 1896.8
1380790 1884.3
1380800 1884.3
1380810 1870.9
1380820 1862.1
1380830 1862.1
1380840 1853.7
1380850 1846.5
1380860 1846.5
1380870 1837.9
1380880 1829.6
1380890 1829.6
1380900 1820.8
1380910 1812.6
1380920 1812.6
1380930 1804.4
1380940 1796.3
1380950 1796.3
1380960 1788.3
1380970 1779.8
1380980 1771.1
1380990 1771.1
1381000 1762.1
1381010 1753.7
1381020 1753.7
1381030 1745.2
1381040 1736.1
1381050 1736.1
1381060 1726.8
1381070 1717.9
1381080 1717.9
1381090 1711.1
1381100 1703.6
1381110 1703.6
1381120 1697.7
1381130 1692.7
1381140 1692.7
1381150 1686.8
1381160 1681.1
1381170 1675.2
1381180 1675.2
1381190 1668.8
1381200 1661.1
1381210 1661.1
1381220 1652.9
1381230 1644.8
1381240 1644.8
1381250 1637.4
1381260 1630.0
1381270 1630.0
1381280 1622.0
1381290 1615.3
1381300 1615.3
1381310 1610.0
1381320 1603.8
1381330 1603.8
1381340 1596.1
1381350 1588.8
1381360 1588.8
1381370 1582.5
1381380 1576.4
1381390 1571.7
1381400 1571.7
1381410 1567.5
1381420 1560.7
1381430 1560.7
1381440 1554.9
1381450 1550.3
1381460 1550.3
1381470 1545.9
1381480 1541.2
1381490 1541.2
1381500 1536.5
1381510 1531.5
1381520 1531.5
1381530 1526.5
1381540 1521.8
1381550 1521.8
1381560 1517.6
1381570 1513.2
1381580 1508.0
1381590 1508.0
1381600 1502.0
1381610 1497.7
1381620 1497.7
1381630 1493.9
1381640 1490.7
1381650 1490.7
1381660 1488.6
1381670 1488.7
1381680 1488.7
1381690 1491.2
1381700 1493.3
1381710 1493.3
1381720 1497.1
1381730 1499.3
1381740 1499.3
1381750 1501.5
1381760 1506.1
1381770 1506.1
1381780 1512.3
1381790 1515.6
1381800 1520.4
1381810 1520.4
1381820 1523.2
1381830 1526.8
1381840 1526.8
1381850 1532.0
1381860 1537.3
1381870 1537.3
1381880 1541.0
1381890 1542.2
1381900 1542.2
1381910 1542.1
1381920 1540.6
1381930 1540.6
1381940 1540.3
1381950 1540.5
1381960 1540.5
1381970 1539.2
1381980 1535.8
1381990 1539.5
1382000 1539.5
1382010 1546.7
1382020 1552.8
1382030 1552.8
1382040 1558.5
1382050 1563.6
1382060 1563.6
1382070 1566.8
1382080 1569.7
1382090 1569.7
1382100 1571.1
1382110 1567.3
1382120 1567.3
1382130 1560.8
1382140 1554.9
1382150 1554.9
1382160 1558.7
1382170 1565.1
1382180 1572.3
1382190 1572.3
1382200 1579.4
1382210 1584.6
1382220 1584.6
1382230 1588.3
1382240 1590.5
1382250 1590.5
1382260 1595.9
1382270 1605.1
1382280 1605.1
1382290 1613.5
1382300 1621.4
1382310 1621.4
1382320 1628.8
1382330 1640.3
1382340 1640.3
1382350 1645.0
1382360 1648.8
1382370 1648.8
1382380 1651.2
1382390 1653.2
1382400 1656.8
1382410 1656.8
1382420 1661.5
1382430 1667.4
1382440 1667.4
1382450 1674.9
1382460 1683.9
1382470 1683.9
1382480 1692.5
1382490 1700.5
1382500 1700.5
1382510 1708.0
1382520 1715.8
1382530 1715.8
1382540 1723.0
1382550 1729.7
1382560 1729.7
1382570 1736.5
1382580 1743.3
1382590 1750.0
1382600 1750.0
1382610 1757.1
1382620 1763.6
1382630 1763.6
1382640 1769.6
1382650 1774.9
1382660 1774.9
1382670 1777.9
1382680 1781.9
1382690 1781.9
1382700 1787.7
1382710 1795.2
1382720 1795.2
1382730 1802.2
1382740 1809.6
1382750 1809.6
1382760 1817.4
1382770 1824.6
1382780 1830.4
1382790 1830.4
1382800 1835.4
1382810 1842.4
1382820 1842.4
1382830 1850.6
1382840 1858.0
1382850 1858.0
1382860 1863.6
1382870 1868.8
1382880 1868.8
1382890 1873.7
1382900 1878.9
1382910 1878.9
1382920 1884.3
1382930 1889.0
1382940 1889.0
1382950 1893.1
1382960 1896.9
1382970 1896.9
1382980 1899.6
1382990 1901.7
1383000 1903.8
1383010 1903.8
1383020 1905.9
1383030 1907.7
1383040 1907.7
1383050 1909.1
1383060 1910.4
1383070 1910.4
1383080 1911.8
1383090 1913.5
1383100 1913.5
1383110 1915.2
1383120 1917.0
1383130 1917.0
1383140 1919.4
1383150 1921.8
1383160 1921.8
1383170 1924.2
1383180 1926.5
1383190 1928.9
1383200 1928.9
1383210 1931.2
1383220 1933.1
1383230 1933.1
1383240 1934.8
1383250 1935.8
1383260 1935.8
1383270 1936.3
1383280 1936.0
1383290 1936.0
1383300 1935.5
1383310 1936.0
1383320 1936.0
1383330 1936.0
1383340 1935.0
1383350 1935.0
1383360 1934.7
1383370 1934.5
1383380 1934.5
1383390 1933.6
1383400 1932.4
1383410 1930.7
1383420 1930.7
1383430 1929.2
1383440 1927.6
1383450 1927.6
1383460 1925.6
1383470 1923.7
1383480 1923.7
1383490 1921.8
1383500 1919.8
1383510 1919.8
1383520 1917.5
1383530 1915.1
1383540 1915.1
1383550 1913.0
1383560 1911.5
1383570 1914.8
1383580 1913.3
1383590 1911.5
1383600 1909.7
1383610 1909.7
1383620 1906.9
1383630 1903.6
1383640 1903.6
1383650 1901.2
1383660 1899.1
1383670 1899.1
1383680 1896.6
1383690 1894.0
1383700 1894.0
1383710 1891.2
1383720 1888.3
1383730 1888.3
1383740 1884.8
1383750 1880.9
1383760 1880.9
1383770 1876.8
1383780 1872.4
1383790 1867.7
1383800 1867.7
1383810 1863.4
1383820 1858.2
1383830 1858.2
1383840 1852.5
1383850 1846.2
1383860 1846.2
1383870 1838.9
1383880 1832.0
1383890 1832.0
1383900 1825.2
1383910 1818.4
1383920 1818.4
1383930 1811.7
1383940 1805.3
1383950 1805.3
1383960 1798.9
1383970 1792.6
1383980 1792.6
1383990 1786.0
1384000 1778.9
1384010 1772.1
1384020 1772.1
1384030 1766.0
1384040 1761.1
1384050 1761.1
1384060 1755.4
1384070 1749.4
1384080 1749.4
1384090 1743.7
1384100 1738.5
1384110 1738.5
1384120 1733.6
1384130 1729.6
1384140 1729.6
1384150 1726.3
1384160 1722.7
1384170 1722.7
1384180 1719.7
1384190 1715.9
1384200 1710.9
1384210 1710.9
1384220 1705.4
1384230 1700.1
1384240 1700.1
1384250 1694.6
1384260 1689.2
1384270 1689.2
1384280 1683.8
1384290 1677.8
1384300 1677.8
1384310 1671.2
1384320 1664.3
1384330 1664.3
1384340 1656.8
1384350 1648.2
1384360 1648.2
1384370 1643.3
1384380 1637.5
1384390 1637.5
1384400 1631.5
1384410 1626.5
1384420 1621.1
1384430 1621.1
1384440 1615.1
1384450 1609.6
1384460 1609.6
1384470 1605.1
1384480 1601.4
1384490 1601.4
1384500 1598.0
1384510 1593.9
1384520 1593.9
1384530 1589.0
1384540 1584.3
1384550 1584.3
1384560 1579.7
1384570 1575.3
1384580 1575.3
1384590 1569.8
1384600 1563.5
1384610 1556.9
1384620 1556.9
1384630 1550.3
1384640 1543.9
1384650 1543.9
1384660 1537.1
1384670 1530.3
1384680 1530.3
1384690 1522.1
1384700 1513.4
1384710 1513.4
1384720 1507.4
1384730 1503.3
1384740 1503.3
1384750 1497.2
1384760 1491.6
1384770 1491.6
1384780 1487.3
1384790 1484.4
1384800 1480.8
1384810 1480.8
1384820 1475.0
1384830 1477.1
1384840 1477.1
1384850 1471.2
1384860 1463.9
1384870 1463.9
1384880 1455.9
1384890 1447.6
1384900 1447.6
1384910 1439.6
1384920 1431.6
1384930 1431.6
1384940 1424.6
1384950 1415.9
1384960 1415.9
1384970 1407.4
1384980 1401.2
1384990 1401.2
1385000 1399.2
1385010 1400.3
1385020 1403.4
1385030 1403.4
1385040 1410.4
1385050 1420.9
1385060 1420.9
1385070 1429.7
1385080 1435.8
1385090 1435.8
1385100 1439.9
1385110 1443.0
1385120 1443.0
1385130 1446.5
1385140 1451.5
1385150 1451.5
1385160 1457.6
1385170 1461.1
1385180 1461.1
1385190 1463.9
1385200 1468.1
1385210 1473.8
1385220 1473.8
1385230 1480.3
1385240 1487.0
1385250 1487.0
1385260 1492.5
1385270 1497.6
1385280 1497.6
1385290 1503.9
1385300 1510.8
1385310 1510.8
1385320 1517.2
1385330 1523.5
1385340 1523.5
1385350 1528.7
1385360 1529.5
1385370 1529.5
1385380 1530.4
1385390 1531.4
1385400 1531.4
1385410 1533.3
1385420 1537.4
1385430 1544.0
1385440 1544.0
1385450 1548.5
1385460 1549.5
1385470 1549.5
1385480 1548.7
1385490 1547.8
1385500 1547.8
1385510 1548.7
1385520 1550.6
1385530 1550.6
1385540 1553.5
1385550 1557.8
1385560 1557.8
1385570 1564.9
1385580 1571.8
1385590 1571.8
1385600 1578.6
1385610 1586.1
1385620 1593.3
1385630 1593.3
1385640 1599.1
1385650 1604.1
1385660 1604.1
1385670 1609.1
1385680 1614.5
1385690 1614.5
1385700 1619.5
1385710 1624.1
1385720 1624.1
1385730 1628.2
1385740 1630.8
1385750 1630.8
1385760 1633.0
1385770 1634.7
1385780 1634.7
1385790 1636.9
1385800 1640.1
1385810 1644.0
1385820 1644.0
1385830 1649.7
1385840 1655.2
1385850 1655.2
1385860 1659.3
1385870 1662.8
1385880 1662.8
1385890 1666.4
1385900 1669.8
1385910 1669.8
1385920 1672.5
1385930 1676.3
1385940 1676.3
1385950 1680.4
1385960 1684.3
1385970 1684.3
1385980 1687.8
1385990 1689.9
1386000 1689.9
1386010 1692.1
1386020 1694.9
1386030 1697.7
1386040 1697.7
1386050 1701.5
1386060 1706.4
1386070 1706.4
1386080 1711.6
1386090 1715.8
1386100 1715.8
1386110 1717.0
1386120 1719.1
1386130 1719.1
1386140 1720.2
1386150 1721.3
1386160 1721.3
1386170 1722.3
1386180 1723.6
1386190 1723.6
1386200 1725.0
1386210 1726.0
1386220 1727.1
1386230 1727.1
1386240 1728.9
1386250 1730.8
1386260 1730.8
1386270 1732.1
1386280 1733.5
1386290 1733.5
1386300 1734.8
1386310 1736.9
1386320 1736.9
1386330 1738.7
1386340 1739.4
1386350 1739.4
1386360 1740.3
1386370 1741.1
1386380 1741.1
1386390 1742.4
1386400 1743.2
1386410 1743.2
1386420 1744.9
1386430 1746.4
1386440 1747.3
1386450 1747.3
1386460 1747.3
1386470 1745.5
1386480 1745.5
1386490 1750.3
1386500 1757.1
1386510 1757.1
1386520 1761.4
1386530 1762.1
1386540 1762.1
1386550 1762.1
1386560 1761.8
1386570 1761.8
1386580 1761.7
1386590 1761.5
1386600 1761.5
1386610 1761.2
1386620 1760.8
1386630 1760.5
1386640 1760.5
1386650 1760.4
1386660 1761.2
1386670 1761.2
1386680 1762.4
1386690 1763.0
1386700 1763.0
1386710 1762.5
1386720 1762.6
1386730 1762.6
1386740 1761.0
1386750 1757.6
1386760 1757.6
1386770 1754.6
1386780 1751.0
1386790 1751.0
1386800 1747.2
1386810 1743.5
1386820 1739.6
1386830 1739.6
1386840 1735.3
1386850 1739.1
1386860 1739.1
1386870 1743.9
1386880 1746.0
1386890 1746.0
1386900 1746.2
1386910 1745.7
1386920 1745.7
1386930 1745.1
1386940 1746.7
1386950 1746.7
1386960 1750.7
1386970 1755.7
1386980 1755.7
1386990 1759.0
1387000 1760.4
1387010 1760.4
1387020 1761.1
1387030 1761.6
1387040 1761.8
1387050 1761.8
1387060 1762.3
1387070 1763.0
1387080 1763.0
1387090 1763.1
1387100 1762.9
1387110 1762.9
1387120 1762.1
1387130 1759.7
1387140 1759.7
1387150 1755.3
1387160 1750.0
1387170 1750.0
1387180 1745.3
1387190 1742.9
1387200 1742.9
1387210 1743.8
1387220 1747.9
1387230 1752.5
1387240 1752.5
1387250 1758.3
1387260 1764.6
1387270 1764.6
1387280 1767.1
1387290 1767.3
1387300 1767.3
1387310 1767.6
1387320 1767.4
1387330 1767.4
1387340 1766.7
1387350 1766.2
1387360 1766.2
1387370 1765.8
1387380 1765.5
1387390 1765.5
1387400 1766.6
1387410 1765.3
1387420 1765.3
1387430 1764.6
1387440 1764.2
1387450 1763.8
1387460 1763.8
1387470 1763.1
1387480 1762.4
1387490 1762.4
1387500 1762.5
1387510 1761.9
1387520 1761.9
1387530 1760.2
1387540 1757.9
1387550 1757.9
1387560 1755.9
1387570 1753.9
1387580 1753.9
1387590 1751.9
1387600 1749.1
1387610 1749.1
1387620 1745.5
1387630 1741.4
1387640 1737.1
1387650 1737.1
1387660 1732.3
1387670 1727.6
1387680 1727.6
1387690 1723.5
1387700 1719.7
1387710 1719.7
1387720 1715.2
1387730 1710.1
1387740 1710.1
1387750 1705.1
1387760 1700.7
1387770 1700.7
1387780 1696.5
1387790 1692.8
1387800 1692.8
1387810 1688.8
1387820 1685.3
1387830 1681.8
1387840 1681.8
1387850 1678.4
1387860 1675.1
1387870 1675.1
1387880 1672.6
1387890 1670.2
1387900 1670.2
1387910 1667.6
1387920 1664.4
1387930 1664.4
1387940 1661.3
1387950 1659.5
1387960 1659.5
1387970 1657.4
1387980 1654.2
1387990 1654.2
1388000 1650.8
1388010 1650.1
1388020 1650.1
1388030 1646.0
1388040 1640.0
1388050 1633.7
1388060 1633.7
1388070 1627.6
1388080 1622.2
1388090 1622.2
1388100 1616.9
1388110 1611.2
1388120 1611.2
1388130 1605.6
1388140 1599.0
1388150 1599.0
1388160 1592.2
1388170 1583.9
1388180 1583.9
1388190 1574.1
1388200 1559.2
1388210 1559.2
1388220 1544.3
1388230 1535.4
1388240 1532.3
1388250 1532.3
1388260 1527.0
1388270 1519.2
1388280 1519.2
1388290 1512.0
1388300 1505.3
1388310 1505.3
1388320 1495.9
1388330 1488.1
1388340 1488.1
1388350 1478.8
1388360 1468.5
1388370 1468.5
1388380 1457.5
1388390 1446.2
1388400 1446.2
1388410 1434.9
1388420 1425.3
1388430 1425.3
1388440 1420.8
1388450 1424.7
1388460 1432.7
1388470 1432.7
1388480 1441.7
1388490 1451.8
1388500 1451.8
1388510 1463.5
1388520 1475.7
1388530 1475.7
1388540 1486.6
1388550 1497.6
1388560 1497.6
1388570 1507.5
1388580 1518.3
1388590 1518.3
1388600 1528.6
1388610 1537.8
1388620 1537.8
1388630 1546.6
1388640 1556.0
1388650 1565.5
1388660 1565.5
1388670 1573.6
1388680 1579.7
1388690 1579.7
1388700 1584.0
1388710 1591.5
1388720 1591.5
1388730 1600.5
1388740 1605.9
1388750 1605.9
1388760 1609.9
1388770 1615.4
1388780 1615.4
1388790 1620.3
1388800 1622.8
1388810 1622.8
1388820 1623.3
1388830 1623.3
1388840 1623.1
1388850 1623.1
1388860 1622.8
1388870 1622.3
1388880 1622.3
1388890 1621.7
1388900 1621.1
1388910 1621.1
1388920 1620.5
1388930 1620.3
1388940 1620.3
1388950 1618.9
1388960 1617.8
1388970 1617.8
1388980 1616.3
1388990 1615.5
1389000 1615.5
1389010 1615.3
1389020 1615.0
1389030 1615.0
1389040 1613.8
1389050 1612.1
1389060 1610.4
1389070 1610.4
1389080 1609.0
1389090 1608.0
1389100 1608.0
1389110 1607.1
1389120 1605.8
1389130 1605.8
1389140 1604.6
1389150 1603.1
1389160 1603.1
1389170 1602.0
1389180 1601.0
1389190 1601.0
1389200 1599.7
1389210 1598.6
1389220 1598.6
1389230 1597.4
1389240 1596.3
1389250 1595.1
1389260 1595.1
1389270 1593.9
1389280 1592.4
1389290 1592.4
1389300 1591.5
1389310 1590.6
1389320 1590.6
1389330 1588.8
1389340 1586.3
1389350 1586.3
1389360 1583.9
1389370 1581.5
1389380 1581.5
1389390 1576.6
1389400 1571.4
1389410 1571.4
1389420 1565.9
1389430 1559.3
1389440 1552.1
1389450 1552.1
1389460 1544.0
1389470 1535.5
1389480 1535.5
1389490 1526.6
1389500 1517.8
1389510 1517.8
1389520 1509.1
1389530 1500.4
1389540 1500.4
1389550 1492.2
1389560 1484.6
1389570 1484.6
1389580 1477.1
1389590 1469.1
1389600 1469.1
1389610 1459.6
1389620 1447.0
1389630 1447.0
1389640 1431.2
1389650 1418.8
1389660 1408.7
1389670 1408.7
1389680 1407.0
1389690 1412.2
1389700 1412.2
1389710 1421.8
1389720 1431.3
1389730 1431.3
1389740 1440.0
1389750 1447.6
1389760 1447.6
1389770 1454.2
1389780 1460.6
1389790 1460.6
1389800 1468.0
1389810 1475.4
1389820 1475.4
1389830 1482.6
1389840 1489.4
1389850 1496.4
1389860 1496.4
1389870 1503.6
1389880 1511.6
1389890 1511.6
1389900 1518.9
1389910 1526.3
1389920 1526.3
1389930 1533.9
1389940 1541.5
1389950 1541.5
1389960 1548.0
1389970 1552.8
1389980 1552.8
1389990 1555.6
1390000 1558.1
1390010 1558.1
1390020 1561.0
1390030 1563.5
1390040 1563.5
1390050 1570.4
1390060 1572.2
1390070 1572.8
1390080 1572.8
1390090 1574.0
1390100 1576.2
1390110 1576.2
1390120 1579.7
1390130 1582.6
1390140 1582.6
1390150 1583.7
1390160 1584.3
1390170 1584.3
1390180 1585.4
1390190 1586.4
1390200 1586.4
1390210 1588.0
1390220 1589.9
1390230 1589.9
1390240 1589.8
1390250 1589.7
1390260 1589.4
1390270 1589.4
1390280 1588.8
1390290 1588.4
1390300 1588.4
1390310 1587.7
1390320 1587.1
1390330 1587.1
1390340 1586.9
1390350 1586.8
1390360 1586.8
1390370 1587.2
1390380 1587.6
1390390 1587.6
1390400 1587.5
1390410 1587.5
1390420 1587.5
1390430 1587.8
1390440 1587.9
1390450 1588.1
1390460 1588.1
1390470 1587.6
1390480 1587.4
1390490 1587.4
1390500 1587.4
1390510 1587.3
1390520 1587.3
1390530 1587.3
1390540 1586.8
1390550 1586.8
1390560 1585.7
1390570 1584.5
1390580 1584.5
1390590 1583.3
1390600 1581.9
1390610 1581.9
1390620 1580.5
1390630 1578.6
1390640 1578.6
1390650 1576.4
1390660 1573.8
1390670 1570.8
1390680 1570.8
1390690 1567.9
1390700 1565.3
1390710 1565.3
1390720 1562.4
1390730 1559.5
1390740 1559.5
1390750 1556.7
1390760 1553.5
1390770 1553.5
1390780 1550.7
1390790 1548.0
1390800 1548.0
1390810 1544.4
1390820 1540.8
1390830 1540.8
1390840 1537.7
1390850 1534.9
1390860 1532.3
1390870 1532.3
1390880 1530.4
1390890 1529.1
1390900 1529.1
1390910 1528.9
1390920 1528.1
1390930 1528.1
1390940 1525.3
1390950 1522.2
1390960 1522.2
1390970 1519.5
1390980 1516.7
1390990 1516.7
1391000 1513.8
1391010 1511.5
1391020 1511.5
1391030 1508.1
1391040 1503.0
1391050 1503.0
1391060 1496.1
1391070 1489.1
1391080 1484.5
1391090 1484.5
1391100 1480.1
1391110 1476.4
1391120 1476.4
1391130 1472.6
1391140 1468.5
1391150 1468.5
1391160 1464.2
1391170 1458.9
1391180 1458.9
1391190 1452.3
1391200 1447.1
1391210 1447.1
1391220 1442.8
1391230 1437.8
1391240 1437.8
1391250 1431.7
1391260 1425.1
1391270 1417.2
1391280 1417.2
1391290 1409.1
1391300 1401.7
1391310 1401.7
1391320 1393.2
1391330 1385.1
1391340 1385.1
1391350 1375.3
1391360 1359.9
1391370 1359.9
1391380 1349.7
1391390 1355.3
1391400 1355.3
1391410 1348.0
1391420 1340.9
1391430 1340.9
1391440 1332.7
1391450 1311.9
1391460 1292.1
1391470 1292.1
1391480 1288.3
1391490 1294.1
1391500 1294.1
1391510 1304.6
1391520 1312.6
1391530 1312.6
1391540 1319.5
1391550 1327.1
1391560 1327.1
1391570 1339.5
1391580 1350.6
1391590 1350.6
1391600 1358.5
1391610 1364.7
1391620 1364.7
1391630 1368.1
1391640 1372.6
1391650 1372.6
1391660 1375.6
1391670 1378.1
1391680 1380.6
1391690 1380.6
1391700 1385.5
1391710 1391.7
1391720 1391.7
1391730 1399.0
1391740 1405.0
1391750 1405.0
1391760 1410.3
1391770 1414.8
1391780 1414.8
1391790 1420.1
1391800 1425.3
1391810 1425.3
1391820 1427.4
1391830 1427.6
1391840 1427.6
1391850 1428.9
1391860 1432.0
1391870 1435.8
1391880 1435.8
1391890 1440.1
1391900 1443.5
1391910 1443.5
1391920 1444.0
1391930 1442.5
1391940 1442.5
1391950 1440.6
1391960 1437.1
1391970 1437.1
1391980 1432.2
1391990 1427.1
1392000 1427.1
1392010 1423.6
1392020 1420.1
1392030 1420.1
1392040 1417.5
1392050 1415.5
1392060 1415.5
1392070 1413.8
1392080 1412.4
1392090 1409.5
1392100 1409.5
1392110 1405.0
1392120 1402.8
1392130 1402.8
1392140 1402.3
1392150 1402.4
1392160 1402.4
1392170 1401.3
1392180 1397.6
1392190 1397.6
1392200 1392.6
1392210 1388.5
1392220 1388.5
1392230 1386.3
1392240 1386.1
1392250 1386.1
1392260 1384.6
1392270 1382.3
1392280 1382.6
1392290 1382.6
1392300 1383.9
1392310 1382.1
1392320 1382.1
1392330 1378.9
1392340 1375.3
1392350 1375.3
1392360 1371.0
1392370 1366.9
1392380 1366.9
1392390 1363.3
1392400 1361.4
1392410 1361.4
1392420 1361.5
1392430 1361.7
1392440 1361.7
1392450 1361.0
1392460 1359.4
1392470 1355.0
1392480 1355.0
1392490 1349.9
1392500 1348.3
1392510 1348.3
1392520 1348.8
1392530 1351.5
1392540 1351.5
1392550 1355.9
1392560 1357.8
1392570 1357.8
1392580 1357.1
1392590 1354.9
1392600 1354.9
1392610 1354.0
1392620 1354.7
1392630 1354.7
1392640 1355.1
1392650 1353.5
1392660 1353.5
1392670 1348.8
1392680 1343.1
1392690 1346.1
1392700 1346.1
1392710 1349.9
1392720 1349.9
1392730 1349.9
1392740 1350.0
1392750 1350.3
1392760 1356.5
1392770 1355.0
1392780 1352.0
1392790 1352.0
1392800 1346.0
1392810 1341.5
1392820 1341.5
1392830 1336.6
1392840 1331.4
1392850 1331.4
1392860 1324.0
1392870 1313.6
1392880 1300.7
1392890 1300.7
1392900 1292.4
1392910 1298.3
1392920 1298.3
1392930 1306.2
1392940 1317.2
1392950 1317.2
1392960 1325.7
1392970 1332.6
1392980 1332.6
1392990 1339.1
1393000 1345.4
1393010 1345.4
1393020 1351.0
1393030 1356.7
1393040 1356.7
1393050 1363.2
1393060 1371.2
1393070 1371.2
1393080 1375.4
1393090 1377.6
1393100 1379.4
1393110 1379.4
1393120 1380.7
1393130 1383.0
1393140 1383.0
1393150 1385.5
1393160 1387.0
1393170 1387.0
1393180 1387.9
1393190 1388.8
1393200 1388.8
1393210 1388.9
1393220 1389.3
1393230 1389.3
1393240 1389.8
1393250 1389.4
1393260 1389.4
1393270 1388.9
1393280 1389.3
1393290 1390.8
1393300 1390.8
1393310 1393.6
1393320 1396.1
1393330 1396.1
1393340 1397.6
1393350 1397.8
1393360 1397.8
1393370 1398.4
1393380 1399.6
1393390 1399.6
1393400 1399.0
1393410 1398.1
1393420 1398.1
1393430 1397.4
1393440 1396.2
1393450 1396.2
1393460 1396.3
1393470 1395.9
1393480 1396.6
1393490 1396.6
1393500 1396.5
1393510 1395.2
1393520 1395.2
1393530 1395.4
1393540 1393.5
1393550 1393.5
1393560 1391.3
1393570 1390.2
1393580 1390.2
1393590 1388.8
1393600 1387.1
1393610 1387.1
1393620 1384.7
1393630 1381.5
1393640 1381.5
1393650 1377.8
1393660 1373.9
1393670 1373.9
1393680 1370.7
1393690 1368.8
1393700 1366.9
1393710 1366.9
1393720 1363.8
1393730 1360.6
1393740 1360.6
1393750 1357.5
1393760 1354.2
1393770 1354.2
1393780 1350.9
1393790 1347.3
1393800 1347.3
1393810 1343.5
1393820 1339.2
1393830 1339.2
1393840 1333.5
1393850 1326.1
1393860 1326.1
1393870 1318.0
1393880 1311.5
1393890 1303.0
1393900 1303.0
1393910 1298.2
1393920 1293.7
1393930 1293.7
1393940 1287.5
1393950 1279.8
1393960 1279.8
1393970 1274.3
1393980 1271.4
1393990 1271.4
1394000 1269.2
1394010 1266.0
1394020 1266.0
1394030 1261.4
1394040 1258.3
1394050 1258.3
1394060 1258.5
1394070 1256.8
1394080 1253.6
1394090 1253.6
1394100 1250.8
1394110 1248.7
1394120 1248.7
1394130 1247.0
1394140 1244.4
1394150 1251.4
1394160 1249.0
1394170 1246.9
1394180 1246.9
1394190 1245.3
1394200 1243.2
1394210 1243.2
1394220 1238.8
1394230 1232.8
1394240 1232.8
1394250 1226.8
1394260 1224.7
1394270 1224.7
1394280 1222.2
1394290 1221.4
1394300 1218.3
1394310 1218.3
1394320 1215.0
1394330 1211.6
1394340 1211.6
1394350 1209.8
1394360 1209.5
1394370 1209.5
1394380 1208.8
1394390 1207.9
1394400 1207.9
1394410 1205.7
1394420 1202.8
1394430 1202.8
1394440 1199.7
1394450 1196.0
1394460 1196.0
1394470 1191.3
1394480 1189.4
1394490 1186.6
1394500 1186.6
1394510 1182.5
1394520 1178.0
1394530 1178.0
1394540 1174.2
1394550 1170.1
1394560 1170.1
1394570 1165.8
1394580 1160.7
1394590 1160.7
1394600 1152.7
1394610 1143.5
1394620 1143.5
1394630 1136.3
1394640 1136.6
1394650 1136.6
1394660 1140.2
1394670 1139.3
1394680 1139.3
1394690 1138.5
1394700 1139.0
1394710 1139.1
1394720 1139.1
1394730 1138.3
1394740 1137.6
1394750 1137.6
1394760 1135.7
1394770 1132.1
1394780 1132.1
1394790 1128.9
1394800 1125.3
1394810 1125.3
1394820 1120.3
1394830 1115.4
1394840 1115.4
1394850 1110.4
1394860 1107.2
1394870 1107.2
1394880 1103.9
1394890 1100.1
1394900 1097.0
1394910 1097.0
1394920 1094.4
1394930 1092.5
1394940 1092.5
1394950 1090.2
1394960 1088.3
1394970 1088.3
1394980 1086.8
1394990 1085.6
1395000 1085.6
1395010 1084.9
1395020 1084.0
1395030 1084.0
1395040 1082.8
1395050 1080.1
1395060 1080.1
1395070 1076.1
1395080 1071.0
1395090 1066.5
1395100 1066.5
1395110 1061.9
1395120 1058.7
1395130 1058.7
1395140 1056.6
1395150 1054.1
1395160 1054.1
1395170 1050.5
1395180 1047.5
1395190 1047.5
1395200 1045.0
1395210 1042.6
1395220 1042.6
1395230 1040.5
1395240 1038.0
1395250 1038.0
1395260 1034.9
1395270 1032.9
1395280 1032.9
1395290 1031.5
1395300 1030.2
1395310 1029.2
1395320 1029.2
1395330 1028.2
1395340 1027.3
1395350 1027.3
1395360 1026.0
1395370 1024.9
1395380 1024.9
1395390 1023.7
1395400 1022.0
1395410 1022.0
1395420 1019.6
1395430 1016.9
1395440 1016.9
1395450 1013.7
1395460 1010.5
1395470 1010.5
1395480 1007.6
1395490 1003.7
1395500 1000.1
1395510 1000.1
1395520 995.3
1395530 989.7
1395540 989.7
1395550 984.8
1395560 981.9
1395570 981.9
1395580 977.3
1395590 977.0
1395600 977.0
1395610 977.2
1395620 974.8
1395630 974.8
1395640 973.6
1395650 975.5
1395660 975.5
1395670 974.8
1395680 971.5
1395690 971.5
1395700 969.1
1395710 966.5
1395720 963.2
1395730 963.2
1395740 960.6
1395750 958.4
1395760 958.4
1395770 956.9
1395780 955.2
1395790 955.2
1395800 952.9
1395810 950.5
1395820 950.5
1395830 947.9
1395840 946.6
1395850 946.6
1395860 944.9
1395870 943.3
1395880 943.3
1395890 942.3
1395900 941.4
1395910 940.2
1395920 940.2
1395930 938.5
1395940 936.5
1395950 936.5
1395960 934.5
1395970 933.3
1395980 933.3
1395990 931.2
1396000 930.1
1396010 930.1
1396020 929.6
1396030 930.0
1396040 930.0
1396050 930.5
1396060 929.1
1396070 929.1
1396080 928.1
1396090 927.1
1396100 926.4
1396110 926.4
1396120 926.3
1396130 926.4
1396140 926.4
1396150 926.5
1396160 926.6
1396170 926.6
1396180 926.7
1396190 926.8
1396200 926.8
1396210 926.9
1396220 927.1
1396230 927.1
1396240 927.2
1396250 927.4
1396260 927.4
1396270 926.9
1396280 925.2
1396290 925.2
1396300 924.4
1396310 924.1
1396320 924.1
1396330 924.1
1396340 924.1
1396350 924.9
1396360 924.9
1396370 926.4
1396380 927.5
1396390 927.5
1396400 927.5
1396410 926.6
1396420 926.6
1396430 926.1
1396440 926.1
1396450 926.1
1396460 926.2
1396470 926.1
1396480 926.1
1396490 926.1
1396500 926.0
1396510 926.0
1396520 926.0
1396530 926.0
1396540 925.9
1396550 925.9
1396560 926.0
1396570 926.0
1396580 926.0
1396590 926.0
1396600 925.7
1396610 925.7
1396620 925.2
1396630 925.4
1396640 925.4
1396650 925.8
1396660 925.9
1396670 925.9
1396680 925.8
1396690 925.9
1396700 925.9
1396710 925.9
1396720 925.7
1396730 925.5
1396740 925.5
1396750 925.5
1396760 925.5
1396770 925.5
1396780 925.4
1396790 925.4
1396800 925.4
1396810 925.4
1396820 925.0
1396830 925.0
1396840 925.5
1396850 925.7
1396860 925.7
1396870 925.5
1396880 925.4
1396890 925.4
1396900 925.3
1396910 925.5
1396920 925.7
1396930 925.7
1396940 925.7
1396950 925.6
1396960 925.6
1396970 925.8
1396980 926.9
1396990 926.5
1397000 928.6
1397010 929.7
1397020 929.7
1397030 929.9
1397040 929.7
1397050 929.7
1397060 929.5
1397070 929.5
1397080 929.5
1397090 929.8
1397100 930.4
1397110 931.9
1397120 931.9
1397130 933.5
1397140 934.9
1397150 934.9
1397160 936.7
1397170 939.0
1397180 939.0
1397190 942.8
1397200 948.8
1397210 948.8
1397220 956.2
1397230 964.6
1397240 964.6
1397250 973.4
1397260 981.4
1397270 981.4
1397280 990.9
1397290 1008.7
1397300 1008.7
1397310 1029.5
1397320 1041.4
1397330 1049.5
1397340 1049.5
1397350 1057.2
1397360 1072.4
1397370 1072.4
1397380 1083.1
1397390 1089.1
1397400 1089.1
1397410 1091.6
1397420 1098.1
1397430 1098.1
1397440 1102.3
1397450 1104.6
1397460 1104.6
1397470 1108.3
1397480 1112.6
1397490 1112.6
1397500 1118.7
1397510 1123.3
1397520 1126.3
1397530 1126.3
1397540 1129.1
1397550 1132.0
1397560 1132.0
1397570 1134.8
1397580 1137.3
1397590 1137.3
1397600 1140.3
1397610 1144.2
1397620 1144.2
1397630 1148.4
1397640 1152.4
1397650 1152.4
1397660 1156.0
1397670 1160.0
1397680 1160.0
1397690 1165.0
1397700 1168.8
1397710 1168.8
1397720 1169.2
1397730 1173.5
1397740 1184.1
1397750 1184.1
1397760 1194.1
1397770 1200.1
1397780 1200.1
1397790 1205.7
1397800 1213.3
1397810 1213.3
1397820 1220.6
1397830 1230.6
1397840 1230.6
1397850 1241.4
1397860 1249.0
1397870 1249.0
1397880 1255.1
1397890 1262.4
1397900 1262.4
1397910 1269.9
1397920 1277.6
1397930 1285.7
1397940 1285.7
1397950 1295.3
1397960 1303.3
1397970 1303.3
1397980 1310.0
1397990 1316.5
1398000 1316.5
1398010 1323.0
1398020 1329.5
1398030 1329.5
1398040 1336.6
1398050 1343.4
1398060 1343.4
1398070 1350.3
1398080 1354.1
1398090 1354.1
1398100 1358.0
1398110 1364.2
1398120 1370.8
1398130 1370.8
1398140 1377.3
1398150 1383.1
1398160 1383.1
1398170 1387.6
1398180 1391.4
1398190 1391.4
1398200 1396.1
1398210 1400.6
1398220 1400.6
1398230 1404.2
1398240 1407.8
1398250 1407.8
1398260 1411.1
1398270 1413.8
1398280 1413.8
1398290 1416.1
1398300 1418.3
1398310 1418.3
1398320 1420.1
1398330 1421.6
1398340 1423.1
1398350 1423.1
1398360 1425.1
1398370 1427.1
1398380 1427.1
1398390 1429.2
1398400 1431.4
1398410 1431.4
1398420 1434.2
1398430 1437.4
1398440 1437.4
1398450 1437.6
1398460 1441.5
1398470 1441.5
1398480 1445.3
1398490 1448.0
1398500 1448.0
1398510 1450.0
1398520 1452.0
1398530 1454.1
1398540 1454.1
1398550 1456.4
1398560 1458.9
1398570 1458.9
1398580 1461.7
1398590 1464.7
1398600 1464.7
1398610 1468.2
1398620 1471.7
1398630 1471.7
1398640 1473.2
1398650 1473.1
1398660 1473.1
1398670 1474.4
1398680 1475.9
1398690 1475.9
1398700 1478.2
1398710 1478.6
1398720 1478.6
1398730 1478.6
1398740 1480.2
1398750 1489.1
1398760 1489.1
1398770 1499.1
1398780 1510.2
1398790 1510.2
1398800 1519.7
1398810 1525.4
1398820 1525.4
1398830 1528.2
1398840 1531.1
1398850 1531.1
1398860 1535.4
1398870 1540.8
1398880 1540.8
1398890 1547.5
1398900 1553.1
1398910 1553.1
1398920 1557.6
1398930 1562.3
1398940 1567.1
1398950 1567.1
1398960 1572.5
1398970 1578.5
1398980 1578.5
1398990 1586.8
1399000 1596.5
1399010 1596.5
1399020 1607.4
1399030 1616.0
1399040 1616.0
1399050 1622.2
1399060 1628.2
1399070 1628.2
1399080 1632.8
1399090 1637.6
1399100 1637.6
1399110 1643.8
1399120 1650.2
1399130 1656.0
1399140 1656.0
1399150 1663.7
1399160 1671.8
1399170 1671.8
1399180 1682.8
1399190 1696.4
1399200 1696.4
1399210 1704.2
1399220 1710.7
1399230 1710.7
1399240 1717.2
1399250 1722.5
1399260 1722.5
1399270 1726.2
1399280 1729.4
1399290 1729.4
1399300 1732.4
1399310 1736.9
1399320 1736.9
1399330 1742.5
1399340 1748.9
1399350 1754.9
1399360 1754.9
1399370 1760.3
1399380 1765.6
1399390 1765.6
1399400 1770.3
1399410 1774.1
1399420 1774.1
1399430 1778.3
1399440 1783.8
1399450 1783.8
1399460 1789.7
1399470 1795.5
1399480 1795.5
1399490 1800.6
1399500 1805.6
1399510 1805.6
1399520 1811.1
1399530 1817.3
1399540 1824.2
1399550 1824.2
1399560 1829.8
1399570 1836.3
1399580 1836.3
1399590 1842.6
1399600 1849.1
1399610 1849.1
1399620 1854.8
1399630 1860.5
1399640 1860.5
1399650 1867.2
1399660 1873.2
1399670 1873.2
1399680 1877.5
1399690 1881.2
1399700 1881.2
1399710 1884.7
1399720 1888.4
1399730 1888.4
1399740 1893.0
1399750 1897.7
1399760 1902.7
1399770 1902.7
1399780 1908.6
1399790 1915.1
1399800 1915.1
1399810 1921.4
1399820 1926.8
1399830 1926.8
1399840 1931.8
1399850 1936.1
1399860 1936.1
1399870 1941.1
1399880 1947.3
1399890 1947.3
1399900 1953.0
1399910 1958.9
1399920 1958.9
1399930 1965.6
1399940 1973.6
1399950 1984.3
1399960 1984.3
1399970 1992.2
1399980 1993.6
1399990 1993.6
