1380000 2129.8
1380010 2124.1
1380020 2118.7
1380030 2118.7
1380040 2113.5
1380050 2108.7
1380060 2104.5
1380070 2104.5
1380080 2100.8
1380090 2097.6
1380100 2097.6
1380110 2094.7
1380120 2091.6
1380130 2091.6
1380140 2088.1
1380150 2084.7
1380160 2084.7
1380170 2081.1
1380180 2078.1
1380190 2078.1
1380200 2074.9
1380210 2070.7
1380220 2070.7
1380230 2066.3
1380240 2061.5
1380250 2061.5
1380260 2056.8
1380270 2052.3
1380280 2047.5
1380290 2047.5
1380300 2043.1
1380310 2039.4
1380320 2039.4
1380330 2038.1
1380340 2032.2
1380350 2032.2
1380360 2027.9
1380370 2019.2
1380380 2019.2
1380390 2010.5
1380400 1998.0
1380410 1998.0
1380420 1987.0
1380430 1975.9
1380440 1975.9
1380450 1965.8
1380460 1957.2
1380470 1950.1
1380480 1950.1
1380490 1943.9
1380500 1938.3
1380510 1938.3
1380520 1933.6
1380530 1930.5
1380540 1930.5
1380550 1927.2
1380560 1923.9
1380570 1923.9
1380580 1920.7
1380590 1917.9
1380600 1917.9
1380610 1915.7
1380620 1914.3
1380630 1914.3
1380640 1912.4
1380650 1910.5
1380660 1908.4
1380670 1908.4
1380680 1904.1
1380690 1893.6
1380700 1893.6
1380710 1883.3
1380720 1874.9
1380730 1874.9
1380740 1863.9
1380750 1854.7
1380760 1854.7
1380770 1846.8
1380780 1840.8
1380790 1840.8
1380800 1837.2
1380810 1833.3
1380820 1833.3
1380830 1824.7
1380840 1815.4
1380850 1815.4
1380860 1807.8
1380870 1799.6
1380880 1792.0
1380890 1792.0
1380900 1786.2
1380910 1780.4
1380920 1780.4
1380930 1774.5
1380940 1768.8
1380950 1768.8
1380960 1762.1
1380970 1753.8
1380980 1753.8
1380990 1745.2
1381000 1737.6
1381010 1737.6
1381020 1731.0
1381030 1725.4
1381040 1725.4
1381050 1719.9
1381060 1713.7
1381070 1707.1
1381080 1707.1
1381090 1701.0
1381100 1694.8
1381110 1694.8
1381120 1688.0
1381130 1680.8
1381140 1680.8
1381150 1672.5
1381160 1665.0
1381170 1665.0
1381180 1657.7
1381190 1650.8
1381200 1650.8
1381210 1643.7
1381220 1635.9
1381230 1635.9
1381240 1628.3
1381250 1620.3
1381260 1620.3
1381270 1613.1
1381280 1607.3
1381290 1601.7
1381300 1601.7
1381310 1596.7
1381320 1589.8
1381330 1589.8
1381340 1581.2
1381350 1570.4
1381360 1570.4
1381370 1559.8
1381380 1551.1
1381390 1551.1
1381400 1545.2
1381410 1541.3
1381420 1541.3
1381430 1537.7
1381440 1533.4
1381450 1533.4
1381460 1528.6
1381470 1525.7
1381480 1523.0
1381490 1523.0
1381500 1521.7
1381510 1521.4
1381520 1521.4
1381530 1526.5
1381540 1537.4
1381550 1537.4
1381560 1546.8
1381570 1548.8
1381580 1548.8
1381590 1552.6
1381600 1558.8
1381610 1558.8
1381620 1565.0
1381630 1569.9
1381640 1569.9
1381650 1574.8
1381660 1580.2
1381670 1585.4
1381680 1585.4
1381690 1589.6
1381700 1592.9
1381710 1592.9
1381720 1597.2
1381730 1602.1
1381740 1602.1
1381750 1606.6
1381760 1611.5
1381770 1611.5
1381780 1616.9
1381790 1622.6
1381800 1622.6
1381810 1627.2
1381820 1629.7
1381830 1629.7
1381840 1632.8
1381850 1635.3
1381860 1635.3
1381870 1637.7
1381880 1639.6
1381890 1641.3
1381900 1641.3
1381910 1642.1
1381920 1641.2
1381930 1641.2
1381940 1640.5
1381950 1641.0
1381960 1641.0
1381970 1641.1
1381980 1639.5
1381990 1639.5
1382000 1636.9
1382010 1634.9
1382020 1634.9
1382030 1635.3
1382040 1635.2
1382050 1635.2
1382060 1635.8
1382070 1640.4
1382080 1645.2
1382090 1645.2
1382100 1648.3
1382110 1655.3
1382120 1655.3
1382130 1665.1
1382140 1672.0
1382150 1672.0
1382160 1676.3
1382170 1679.3
1382180 1679.3
1382190 1680.8
1382200 1680.8
1382210 1680.8
1382220 1679.5
1382230 1679.1
1382240 1679.1
1382250 1679.5
1382260 1676.2
1382270 1676.2
1382280 1670.8
1382290 1677.1
1382300 1680.1
1382310 1680.1
1382320 1674.3
1382330 1673.0
1382340 1673.0
1382350 1679.2
1382360 1688.7
1382370 1688.7
1382380 1700.6
1382390 1712.8
1382400 1712.8
1382410 1722.4
1382420 1730.1
1382430 1730.1
1382440 1736.3
1382450 1741.6
1382460 1741.6
1382470 1746.8
1382480 1752.0
1382490 1757.5
1382500 1757.5
1382510 1762.9
1382520 1767.4
1382530 1767.4
1382540 1772.0
1382550 1777.0
1382560 1777.0
1382570 1782.4
1382580 1787.6
1382590 1787.6
1382600 1793.4
1382610 1799.5
1382620 1799.5
1382630 1805.2
1382640 1812.2
1382650 1812.2
1382660 1819.3
1382670 1825.3
1382680 1831.3
1382690 1831.3
1382700 1838.0
1382710 1845.4
1382720 1845.4
1382730 1852.5
1382740 1859.4
1382750 1859.4
1382760 1866.6
1382770 1874.5
1382780 1874.5
1382790 1882.4
1382800 1891.0
1382810 1891.0
1382820 1896.9
1382830 1902.6
1382840 1902.6
1382850 1907.7
1382860 1912.5
1382870 1912.5
1382880 1917.2
1382890 1922.2
1382900 1927.3
1382910 1927.3
1382920 1933.1
1382930 1938.2
1382940 1938.2
1382950 1941.9
1382960 1944.7
1382970 1944.7
1382980 1947.6
1382990 1950.6
1383000 1950.6
1383010 1953.7
1383020 1956.7
1383030 1956.7
1383040 1960.0
1383050 1963.2
1383060 1963.2
1383070 1966.3
1383080 1969.1
1383090 1971.9
1383100 1971.9
1383110 1974.5
1383120 1976.9
1383130 1976.9
1383140 1978.9
1383150 1980.8
1383160 1980.8
1383170 1982.5
1383180 1984.0
1383190 1984.0
1383200 1985.5
1383210 1986.8
1383220 1986.8
1383230 1988.0
1383240 1989.1
1383250 1989.1
1383260 1990.1
1383270 1991.3
1383280 1992.2
1383290 1992.2
1383300 1992.8
1383310 1993.4
1383320 1993.4
1383330 1993.5
1383340 1993.1
1383350 1993.1
1383360 1992.7
1383370 1991.6
1383380 1991.6
1383390 1989.9
1383400 1987.9
1383410 1987.9
1383420 1985.1
1383430 1982.3
1383440 1982.3
1383450 1979.3
1383460 1976.3
1383470 1976.3
1383480 1972.6
1383490 1968.0
1383500 1963.8
1383510 1963.8
1383520 1959.9
1383530 1955.8
1383540 1955.8
1383550 1950.5
1383560 1944.0
1383570 1944.0
1383580 1938.1
1383590 1932.6
1383600 1932.6
1383610 1927.2
1383620 1922.9
1383630 1922.9
1383640 1918.8
1383650 1914.1
1383660 1914.1
1383670 1909.3
1383680 1903.5
1383690 1897.6
1383700 1897.6
1383710 1893.0
1383720 1889.2
1383730 1889.2
1383740 1884.6
1383750 1879.4
1383760 1879.4
1383770 1874.0
1383780 1868.6
1383790 1868.6
1383800 1863.1
1383810 1857.6
1383820 1857.6
1383830 1851.8
1383840 1846.2
1383850 1846.2
1383860 1840.3
1383870 1834.4
1383880 1834.4
1383890 1828.3
1383900 1821.8
1383910 1815.4
1383920 1815.4
1383930 1808.8
1383940 1802.2
1383950 1802.2
1383960 1796.9
1383970 1791.4
1383980 1791.4
1383990 1785.8
1384000 1780.4
1384010 1780.4
1384020 1774.5
1384030 1768.2
1384040 1768.2
1384050 1761.7
1384060 1755.6
1384070 1755.6
1384080 1749.4
1384090 1743.2
1384100 1737.2
1384110 1737.2
1384120 1731.1
1384130 1724.7
1384140 1724.7
1384150 1716.9
1384160 1709.1
1384170 1709.1
1384180 1703.6
1384190 1699.7
1384200 1699.7
1384210 1696.4
1384220 1691.3
1384230 1691.3
1384240 1683.9
1384250 1677.6
1384260 1677.6
1384270 1674.2
1384280 1671.0
1384290 1666.8
1384300 1666.8
1384310 1662.4
1384320 1656.6
1384330 1656.6
1384340 1652.1
1384350 1647.1
1384360 1647.1
1384370 1641.7
1384380 1635.6
1384390 1635.6
1384400 1629.6
1384410 1623.6
1384420 1623.6
1384430 1617.5
1384440 1611.8
1384450 1611.8
1384460 1606.6
1384470 1600.6
1384480 1600.6
1384490 1594.8
1384500 1588.9
1384510 1582.4
1384520 1582.4
1384530 1571.7
1384540 1557.1
1384550 1557.1
1384560 1545.2
1384570 1535.4
1384580 1535.4
1384590 1526.6
1384600 1518.2
1384610 1518.2
1384620 1510.8
1384630 1505.3
1384640 1505.3
1384650 1499.7
1384660 1492.5
1384670 1492.5
1384680 1485.6
1384690 1477.5
1384700 1473.6
1384710 1473.6
1384720 1472.9
1384730 1472.6
1384740 1472.6
1384750 1472.6
1384760 1470.8
1384770 1470.8
1384780 1465.9
1384790 1461.4
1384800 1461.4
1384810 1456.5
1384820 1451.0
1384830 1451.0
1384840 1443.6
1384850 1430.4
1384860 1430.4
1384870 1422.5
1384880 1424.2
1384890 1424.2
1384900 1433.4
1384910 1444.2
1384920 1453.2
1384930 1453.2
1384940 1460.3
1384950 1466.1
1384960 1466.1
1384970 1471.1
1384980 1467.4
1384990 1467.4
1385000 1455.6
1385010 1448.2
1385020 1448.2
1385030 1454.1
1385040 1463.3
1385050 1463.3
1385060 1472.6
1385070 1480.5
1385080 1480.5
1385090 1487.2
1385100 1493.6
1385110 1500.9
1385120 1500.9
1385130 1508.8
1385140 1516.5
1385150 1516.5
1385160 1521.8
1385170 1526.4
1385180 1526.4
1385190 1531.3
1385200 1535.6
1385210 1535.6
1385220 1536.9
1385230 1535.1
1385240 1535.1
1385250 1533.2
1385260 1531.8
1385270 1531.8
1385280 1530.0
1385290 1528.4
1385300 1529.1
1385310 1529.1
1385320 1536.4
1385330 1537.5
1385340 1537.5
1385350 1540.1
1385360 1544.0
1385370 1544.0
1385380 1548.6
1385390 1554.1
1385400 1554.1
1385410 1560.2
1385420 1565.9
1385430 1565.9
1385440 1572.4
1385450 1579.8
1385460 1579.8
1385470 1587.3
1385480 1593.2
1385490 1593.2
1385500 1595.7
1385510 1597.5
1385520 1602.1
1385530 1602.1
1385540 1608.6
1385550 1614.9
1385560 1614.9
1385570 1620.3
1385580 1624.9
1385590 1624.9
1385600 1629.3
1385610 1632.5
1385620 1632.5
1385630 1635.3
1385640 1639.9
1385650 1639.9
1385660 1645.4
1385670 1649.1
1385680 1649.1
1385690 1650.7
1385700 1651.7
1385710 1652.0
1385720 1652.0
1385730 1651.8
1385740 1652.5
1385750 1652.5
1385760 1654.1
1385770 1656.7
1385780 1656.7
1385790 1660.6
1385800 1665.7
1385810 1665.7
1385820 1670.6
1385830 1676.8
1385840 1676.8
1385850 1682.7
1385860 1688.7
1385870 1688.7
1385880 1695.0
1385890 1701.2
1385900 1701.2
1385910 1707.4
1385920 1713.8
1385930 1720.9
1385940 1720.9
1385950 1727.9
1385960 1733.3
1385970 1733.3
1385980 1737.5
1385990 1741.1
1386000 1741.1
1386010 1744.4
1386020 1747.6
1386030 1747.6
1386040 1750.8
1386050 1753.6
1386060 1753.6
1386070 1757.0
1386080 1762.1
1386090 1762.1
1386100 1766.1
1386110 1769.7
1386120 1773.7
1386130 1773.7
1386140 1776.7
1386150 1779.2
1386160 1779.2
1386170 1781.2
1386180 1783.5
1386190 1783.5
1386200 1784.8
1386210 1785.5
1386220 1785.5
1386230 1786.6
1386240 1788.3
1386250 1788.3
1386260 1790.6
1386270 1793.1
1386280 1793.1
1386290 1794.8
1386300 1796.4
1386310 1799.6
1386320 1799.6
1386330 1802.3
1386340 1803.9
1386350 1803.9
1386360 1804.9
1386370 1805.5
1386380 1805.5
1386390 1806.1
1386400 1806.9
1386410 1806.9
1386420 1807.2
1386430 1807.3
1386440 1807.3
1386450 1807.4
1386460 1807.1
1386470 1807.1
1386480 1806.8
1386490 1805.5
1386500 1805.5
1386510 1805.1
1386520 1808.7
1386530 1811.1
1386540 1811.1
1386550 1812.1
1386560 1812.3
1386570 1812.3
1386580 1812.8
1386590 1813.2
1386600 1817.8
1386610 1816.6
1386620 1816.2
1386630 1816.2
1386640 1816.4
1386650 1817.3
1386660 1817.3
1386670 1817.4
1386680 1817.1
1386690 1817.1
1386700 1817.4
1386710 1818.1
1386720 1818.7
1386730 1818.7
1386740 1820.1
1386750 1821.2
1386760 1821.2
1386770 1821.4
1386780 1818.9
1386790 1818.9
1386800 1814.5
1386810 1810.0
1386820 1810.0
1386830 1810.0
1386840 1813.6
1386850 1813.6
1386860 1817.0
1386870 1819.3
1386880 1819.3
1386890 1820.0
1386900 1820.3
1386910 1820.3
1386920 1821.0
1386930 1821.7
1386940 1822.4
1386950 1822.4
1386960 1823.0
1386970 1824.4
1386980 1824.4
1386990 1825.9
1387000 1827.0
1387010 1827.0
1387020 1827.6
1387030 1828.2
1387040 1828.2
1387050 1828.2
1387060 1828.5
1387070 1828.5
1387080 1827.6
1387090 1826.2
1387100 1826.2
1387110 1824.7
1387120 1823.7
1387130 1823.7
1387140 1823.7
1387150 1824.0
1387160 1824.3
1387170 1824.3
1387180 1824.3
1387190 1824.4
1387200 1824.4
1387210 1824.9
1387220 1825.5
1387230 1825.5
1387240 1826.0
1387250 1826.5
1387260 1826.5
1387270 1826.8
1387280 1826.7
1387290 1826.7
1387300 1825.7
1387310 1824.7
1387320 1823.9
1387330 1823.9
1387340 1822.8
1387350 1822.1
1387360 1822.1
1387370 1821.6
1387380 1820.9
1387390 1820.9
1387400 1820.7
1387410 1820.4
1387420 1820.4
1387430 1819.7
1387440 1818.9
1387450 1818.9
1387460 1817.7
1387470 1816.1
1387480 1816.1
1387490 1814.2
1387500 1812.0
1387510 1812.0
1387520 1809.3
1387530 1805.8
1387540 1802.2
1387550 1802.2
1387560 1798.8
1387570 1795.8
1387580 1795.8
1387590 1792.4
1387600 1788.8
1387610 1788.8
1387620 1784.8
1387630 1780.3
1387640 1780.3
1387650 1775.8
1387660 1771.4
1387670 1771.4
1387680 1766.7
1387690 1762.6
1387700 1762.6
1387710 1758.9
1387720 1754.9
1387730 1751.0
1387740 1751.0
1387750 1747.9
1387760 1745.0
1387770 1745.0
1387780 1741.2
1387790 1736.5
1387800 1736.5
1387810 1731.7
1387820 1726.9
1387830 1726.9
1387840 1722.5
1387850 1719.1
1387860 1719.1
1387870 1717.0
1387880 1714.5
1387890 1714.5
1387900 1713.0
1387910 1708.8
1387920 1706.2
1387930 1706.2
1387940 1701.4
1387950 1694.7
1387960 1694.7
1387970 1687.6
1387980 1680.9
1387990 1680.9
1388000 1674.0
1388010 1663.0
1388020 1663.0
1388030 1653.0
1388040 1644.5
1388050 1644.5
1388060 1636.4
1388070 1627.6
1388080 1627.6
1388090 1619.2
1388100 1609.9
1388110 1609.9
1388120 1601.9
1388130 1593.1
1388140 1583.8
1388150 1583.8
1388160 1574.4
1388170 1564.8
1388180 1564.8
1388190 1556.5
1388200 1548.4
1388210 1548.4
1388220 1540.7
1388230 1533.6
1388240 1533.6
1388250 1527.8
1388260 1522.2
1388270 1522.2
1388280 1516.7
1388290 1509.5
1388300 1509.5
1388310 1501.4
1388320 1488.3
1388330 1477.6
1388340 1477.6
1388350 1465.4
1388360 1456.1
1388370 1456.1
1388380 1455.9
1388390 1461.3
1388400 1461.3
1388410 1466.7
1388420 1472.0
1388430 1472.0
1388440 1478.5
1388450 1486.6
1388460 1486.6
1388470 1493.3
1388480 1500.1
1388490 1500.1
1388500 1510.3
1388510 1521.2
1388520 1521.2
1388530 1530.9
1388540 1542.0
1388550 1551.3
1388560 1551.3
1388570 1559.8
1388580 1566.7
1388590 1566.7
1388600 1573.6
1388610 1581.3
1388620 1581.3
1388630 1588.8
1388640 1593.4
1388650 1593.4
1388660 1599.6
1388670 1606.5
1388680 1606.5
1388690 1612.5
1388700 1618.8
1388710 1618.8
1388720 1626.4
1388730 1635.1
1388740 1645.0
1388750 1645.0
1388760 1653.4
1388770 1657.8
1388780 1657.8
1388790 1661.0
1388800 1664.3
1388810 1664.3
1388820 1668.7
1388830 1671.9
1388840 1671.9
1388850 1674.5
1388860 1679.1
1388870 1679.1
1388880 1683.2
1388890 1685.0
1388900 1685.0
1388910 1685.4
1388920 1685.7
1388930 1685.2
1388940 1685.2
1388950 1684.5
1388960 1684.4
1388970 1684.4
1388980 1685.2
1388990 1686.0
1389000 1686.0
1389010 1686.4
1389020 1685.5
1389030 1685.5
1389040 1684.0
1389050 1682.2
1389060 1682.2
1389070 1681.2
1389080 1680.8
1389090 1680.8
1389100 1679.6
1389110 1677.9
1389120 1677.9
1389130 1676.7
1389140 1676.2
1389150 1675.2
1389160 1675.2
1389170 1673.3
1389180 1669.8
1389190 1669.8
1389200 1666.2
1389210 1663.6
1389220 1670.4
1389230 1667.2
1389240 1664.7
1389250 1664.7
1389260 1659.6
1389270 1654.3
1389280 1654.3
1389290 1649.8
1389300 1646.6
1389310 1646.6
1389320 1643.2
1389330 1640.0
1389340 1636.5
1389350 1636.5
1389360 1631.8
1389370 1626.7
1389380 1626.7
1389390 1621.0
1389400 1615.5
1389410 1615.5
1389420 1609.4
1389430 1602.9
1389440 1602.9
1389450 1594.7
1389460 1582.7
1389470 1582.7
1389480 1564.3
1389490 1552.1
1389500 1552.1
1389510 1539.6
1389520 1526.4
1389530 1526.4
1389540 1517.6
1389550 1512.6
1389560 1503.8
1389570 1503.8
1389580 1493.2
1389590 1485.3
1389600 1485.3
1389610 1475.8
1389620 1464.4
1389630 1464.4
1389640 1454.2
1389650 1451.7
1389660 1451.7
1389670 1460.6
1389680 1473.7
1389690 1473.7
1389700 1486.1
1389710 1501.2
1389720 1501.2
1389730 1515.2
1389740 1523.5
1389750 1529.0
1389760 1529.0
1389770 1532.4
1389780 1536.4
1389790 1536.4
1389800 1541.8
1389810 1548.1
1389820 1548.1
1389830 1554.6
1389840 1560.9
1389850 1560.9
1389860 1567.3
1389870 1574.5
1389880 1574.5
1389890 1582.4
1389900 1590.5
1389910 1590.5
1389920 1599.7
1389930 1607.6
1389940 1609.4
1389950 1609.4
1389960 1613.8
1389970 1619.4
1389980 1619.4
1389990 1622.7
1390000 1625.8
1390010 1625.8
1390020 1628.3
1390030 1630.2
1390040 1630.2
1390050 1632.2
1390060 1633.9
1390070 1633.9
1390080 1635.3
1390090 1636.9
1390100 1636.9
1390110 1639.7
1390120 1642.6
1390130 1642.6
1390140 1644.4
1390150 1644.8
1390160 1644.3
1390170 1644.3
1390180 1643.6
1390190 1643.0
1390200 1643.0
1390210 1642.4
1390220 1643.4
1390230 1643.4
1390240 1644.8
1390250 1646.1
1390260 1646.1
1390270 1647.0
1390280 1647.4
1390290 1647.4
1390300 1647.5
1390310 1647.4
1390320 1647.4
1390330 1646.8
1390340 1647.3
1390350 1647.7
1390360 1647.7
1390370 1647.7
1390380 1647.3
1390390 1647.3
1390400 1646.9
1390410 1646.3
1390420 1646.3
1390430 1645.5
1390440 1644.5
1390450 1644.5
1390460 1643.3
1390470 1641.6
1390480 1641.6
1390490 1639.7
1390500 1637.5
1390510 1637.5
1390520 1634.9
1390530 1632.4
1390540 1630.1
1390550 1633.3
1390560 1630.7
1390570 1626.8
1390580 1626.8
1390590 1622.7
1390600 1619.9
1390610 1619.9
1390620 1617.0
1390630 1613.7
1390640 1613.7
1390650 1610.5
1390660 1607.4
1390670 1607.4
1390680 1604.5
1390690 1601.5
1390700 1601.5
1390710 1599.0
1390720 1596.3
1390730 1596.3
1390740 1593.4
1390750 1590.2
1390760 1587.0
1390770 1587.0
1390780 1583.2
1390790 1579.9
1390800 1579.9
1390810 1576.3
1390820 1572.0
1390830 1572.0
1390840 1567.3
1390850 1563.2
1390860 1563.2
1390870 1559.5
1390880 1555.8
1390890 1555.8
1390900 1552.0
1390910 1548.1
1390920 1548.1
1390930 1544.5
1390940 1539.6
1390950 1535.6
1390960 1535.6
1390970 1531.8
1390980 1528.5
1390990 1528.5
1391000 1524.4
1391010 1519.7
1391020 1519.7
1391030 1513.6
1391040 1507.2
1391050 1507.2
1391060 1501.2
1391070 1495.3
1391080 1495.3
1391090 1489.5
1391100 1484.3
1391110 1484.3
1391120 1478.8
1391130 1472.1
1391140 1472.1
1391150 1464.9
1391160 1457.1
1391170 1448.9
1391180 1448.9
1391190 1440.3
1391200 1428.6
1391210 1428.6
1391220 1415.4
1391230 1404.5
1391240 1404.5
1391250 1396.5
1391260 1387.7
1391270 1387.7
1391280 1376.4
1391290 1365.6
1391300 1365.6
1391310 1354.9
1391320 1344.8
1391330 1344.8
1391340 1334.5
1391350 1330.2
1391360 1343.8
1391370 1343.8
1391380 1351.3
1391390 1355.9
1391400 1355.9
1391410 1359.9
1391420 1363.3
1391430 1363.3
1391440 1365.7
1391450 1367.7
1391460 1367.7
1391470 1373.3
1391480 1379.4
1391490 1379.4
1391500 1386.4
1391510 1392.0
1391520 1392.0
1391530 1397.3
1391540 1405.8
1391550 1412.3
1391560 1412.3
1391570 1417.4
1391580 1420.6
1391590 1420.6
1391600 1423.5
1391610 1426.5
1391620 1426.5
1391630 1430.4
1391640 1435.3
1391650 1435.3
1391660 1439.7
1391670 1442.5
1391680 1442.5
1391690 1444.2
1391700 1445.7
1391710 1445.7
1391720 1448.3
1391730 1451.7
1391740 1451.7
1391750 1456.4
1391760 1460.7
1391770 1464.7
1391780 1464.7
1391790 1469.1
1391800 1471.9
1391810 1471.9
1391820 1472.7
1391830 1473.3
1391840 1473.3
1391850 1474.2
1391860 1474.5
1391870 1474.5
1391880 1474.2
1391890 1474.6
1391900 1474.6
1391910 1478.9
1391920 1478.4
1391930 1478.4
1391940 1478.6
1391950 1476.9
1391960 1474.1
1391970 1474.1
1391980 1474.1
1391990 1476.0
1392000 1476.0
1392010 1476.7
1392020 1476.5
1392030 1476.5
1392040 1474.4
1392050 1472.0
1392060 1472.0
1392070 1470.7
1392080 1469.7
1392090 1469.7
1392100 1468.1
1392110 1466.6
1392120 1466.6
1392130 1465.4
1392140 1464.4
1392150 1464.4
1392160 1464.6
1392170 1464.5
1392180 1464.1
1392190 1464.1
1392200 1462.8
1392210 1461.7
1392220 1461.7
1392230 1461.2
1392240 1461.5
1392250 1461.5
1392260 1461.3
1392270 1460.4
1392280 1460.4
1392290 1458.1
1392300 1455.8
1392310 1455.8
1392320 1454.6
1392330 1454.8
1392340 1454.8
1392350 1453.5
1392360 1451.9
1392370 1451.4
1392380 1451.4
1392390 1451.4
1392400 1449.9
1392410 1449.9
1392420 1445.3
1392430 1438.0
1392440 1438.0
1392450 1433.5
1392460 1436.5
1392470 1436.5
1392480 1442.3
1392490 1442.8
1392500 1442.8
1392510 1439.5
1392520 1439.5
1392530 1439.5
1392540 1440.8
1392550 1440.0
1392560 1439.3
1392570 1439.3
1392580 1438.4
1392590 1437.2
1392600 1437.2
1392610 1435.5
1392620 1433.5
1392630 1433.5
1392640 1431.7
1392650 1429.7
1392660 1429.7
1392670 1427.8
1392680 1424.9
1392690 1424.9
1392700 1420.9
1392710 1420.2
1392720 1420.2
1392730 1420.6
1392740 1420.5
1392750 1420.5
1392760 1417.6
1392770 1416.2
1392780 1415.5
1392790 1415.5
1392800 1412.5
1392810 1407.6
1392820 1407.6
1392830 1401.8
1392840 1394.6
1392850 1394.6
1392860 1387.4
1392870 1379.6
1392880 1379.6
1392890 1370.7
1392900 1362.0
1392910 1362.0
1392920 1352.4
1392930 1342.2
1392940 1342.2
1392950 1333.3
1392960 1334.6
1392970 1346.3
1392980 1346.3
1392990 1357.3
1393000 1367.1
1393010 1367.1
1393020 1376.2
1393030 1384.2
1393040 1384.2
1393050 1391.6
1393060 1398.6
1393070 1398.6
1393080 1405.7
1393090 1412.3
1393100 1412.3
1393110 1418.0
1393120 1420.4
1393130 1420.4
1393140 1421.8
1393150 1423.6
1393160 1424.3
1393170 1424.3
1393180 1424.6
1393190 1424.4
1393200 1424.4
1393210 1423.8
1393220 1422.9
1393230 1422.9
1393240 1422.4
1393250 1421.7
1393260 1421.7
1393270 1421.0
1393280 1420.9
1393290 1426.1
1393300 1425.7
1393310 1425.8
1393320 1425.8
1393330 1426.3
1393340 1428.3
1393350 1428.3
1393360 1431.3
1393370 1433.8
1393380 1434.7
1393390 1434.7
1393400 1436.1
1393410 1438.5
1393420 1438.5
1393430 1441.7
1393440 1446.0
1393450 1446.0
1393460 1451.3
1393470 1456.9
1393480 1456.9
1393490 1461.4
1393500 1463.6
1393510 1463.6
1393520 1465.5
1393530 1470.3
1393540 1470.3
1393550 1473.9
1393560 1475.1
1393570 1474.0
1393580 1474.0
1393590 1472.2
1393600 1470.5
1393610 1470.5
1393620 1466.9
1393630 1460.9
1393640 1460.9
1393650 1454.3
1393660 1447.9
1393670 1447.9
1393680 1442.1
1393690 1436.6
1393700 1436.6
1393710 1431.9
1393720 1426.3
1393730 1426.3
1393740 1421.3
1393750 1417.4
1393760 1417.4
1393770 1414.2
1393780 1410.8
1393790 1407.8
1393800 1407.8
1393810 1404.4
1393820 1401.1
1393830 1401.1
1393840 1397.4
1393850 1393.6
1393860 1393.6
1393870 1388.9
1393880 1382.5
1393890 1382.5
1393900 1382.0
1393910 1381.0
1393920 1381.0
1393930 1381.3
1393940 1378.6
1393950 1378.6
1393960 1375.4
1393970 1372.2
1393980 1367.8
1393990 1367.8
1394000 1364.1
1394010 1360.3
1394020 1360.3
1394030 1356.0
1394040 1352.1
1394050 1352.1
1394060 1348.3
1394070 1344.2
1394080 1344.2
1394090 1339.6
1394100 1334.9
1394110 1334.9
1394120 1329.1
1394130 1323.8
1394140 1323.8
1394150 1320.7
1394160 1317.9
1394170 1314.8
1394180 1314.8
1394190 1311.9
1394200 1309.5
1394210 1309.5
1394220 1307.5
1394230 1305.7
1394240 1305.7
1394250 1302.4
1394260 1298.9
1394270 1298.9
1394280 1295.0
1394290 1288.9
1394300 1288.9
1394310 1281.5
1394320 1278.7
1394330 1278.7
1394340 1277.0
1394350 1274.2
1394360 1274.2
1394370 1271.3
1394380 1268.5
1394390 1263.9
1394400 1263.9
1394410 1252.7
1394420 1240.7
1394430 1240.7
1394440 1233.9
1394450 1229.0
1394460 1229.0
1394470 1225.6
1394480 1223.3
1394490 1223.3
1394500 1221.0
1394510 1218.1
1394520 1218.1
1394530 1217.0
1394540 1216.1
1394550 1216.1
1394560 1213.6
1394570 1209.8
1394580 1206.0
1394590 1206.0
1394600 1204.1
1394610 1201.4
1394620 1201.4
1394630 1196.8
1394640 1192.1
1394650 1192.1
1394660 1188.4
1394670 1184.7
1394680 1192.4
1394690 1188.8
1394700 1184.9
1394710 1184.9
1394720 1181.5
1394730 1179.0
1394740 1179.0
1394750 1176.0
1394760 1171.1
1394770 1171.1
1394780 1165.8
1394790 1161.5
1394800 1158.6
1394810 1158.6
1394820 1155.5
1394830 1152.5
1394840 1152.5
1394850 1149.3
1394860 1145.5
1394870 1145.5
1394880 1141.1
1394890 1135.5
1394900 1135.5
1394910 1130.4
1394920 1126.6
1394930 1126.6
1394940 1123.4
1394950 1121.7
1394960 1121.7
1394970 1119.8
1394980 1117.7
1394990 1115.0
1395000 1115.0
1395010 1112.4
1395020 1109.6
1395030 1109.6
1395040 1106.4
1395050 1104.0
1395060 1104.0
1395070 1101.9
1395080 1100.1
1395090 1100.1
1395100 1098.0
1395110 1095.5
1395120 1095.5
1395130 1093.2
1395140 1090.4
1395150 1090.4
1395160 1087.9
1395170 1085.2
1395180 1082.3
1395190 1082.3
1395200 1079.4
1395210 1076.3
1395220 1076.3
1395230 1073.6
1395240 1070.7
1395250 1070.7
1395260 1067.9
1395270 1065.6
1395280 1065.6
1395290 1063.0
1395300 1060.1
1395310 1060.1
1395320 1056.8
1395330 1053.7
1395340 1053.7
1395350 1050.8
1395360 1048.4
1395370 1048.4
1395380 1046.9
1395390 1044.7
1395400 1041.5
1395410 1041.5
1395420 1039.3
1395430 1036.4
1395440 1036.4
1395450 1035.2
1395460 1035.8
1395470 1035.8
1395480 1036.6
1395490 1036.8
1395500 1036.8
1395510 1036.9
1395520 1036.2
1395530 1036.2
1395540 1032.8
1395550 1029.3
1395560 1029.3
1395570 1026.9
1395580 1024.7
1395590 1023.3
1395600 1023.3
1395610 1023.2
1395620 1022.6
1395630 1022.6
1395640 1020.6
1395650 1018.4
1395660 1018.4
1395670 1016.3
1395680 1014.5
1395690 1014.5
1395700 1012.7
1395710 1010.9
1395720 1010.9
1395730 1009.1
1395740 1007.7
1395750 1007.7
1395760 1006.9
1395770 1006.1
1395780 1004.6
1395790 1004.6
1395800 1002.1
1395810 999.4
1395820 999.4
1395830 997.5
1395840 996.1
1395850 996.1
1395860 994.8
1395870 993.7
1395880 993.7
1395890 992.3
1395900 991.2
1395910 991.2
1395920 989.4
1395930 986.6
1395940 986.6
1395950 984.9
1395960 983.4
1395970 983.4
1395980 981.3
1395990 978.6
1396000 976.6
1396010 976.6
1396020 975.1
1396030 973.6
1396040 973.6
1396050 972.3
1396060 970.8
1396070 970.8
1396080 968.5
1396090 965.3
1396100 965.9
1396110 962.8
1396120 960.5
1396130 960.5
1396140 958.5
1396150 956.4
1396160 956.4
1396170 953.8
1396180 951.6
1396190 950.4
1396200 950.4
1396210 949.2
1396220 947.7
1396230 947.7
1396240 946.2
1396250 944.7
1396260 944.7
1396270 942.8
1396280 940.6
1396290 940.6
1396300 938.1
1396310 935.9
1396320 935.9
1396330 934.1
1396340 932.3
1396350 932.3
1396360 930.7
1396370 929.3
1396380 929.3
1396390 928.1
1396400 927.5
1396410 927.4
1396420 927.4
1396430 927.4
1396440 927.1
1396450 927.1
1396460 926.7
1396470 925.5
1396480 925.5
1396490 923.8
1396500 923.4
1396510 923.4
1396520 923.7
1396530 925.8
1396540 925.8
1396550 927.1
1396560 926.1
1396570 926.1
1396580 925.8
1396590 925.8
1396600 925.8
1396610 925.8
1396620 925.7
1396630 925.6
1396640 925.6
1396650 925.6
1396660 925.6
1396670 925.6
1396680 925.6
1396690 925.5
1396700 925.5
1396710 925.5
1396720 925.5
1396730 925.5
1396740 925.5
1396750 925.6
1396760 925.6
1396770 925.7
1396780 925.5
1396790 925.4
1396800 925.4
1396810 927.0
1396820 927.3
1396830 927.3
1396840 927.5
1396850 927.8
1396860 927.8
1396870 927.9
1396880 927.9
1396890 927.9
1396900 927.9
1396910 928.0
1396920 928.0
1396930 928.1
1396940 928.4
1396950 928.4
1396960 928.6
1396970 928.7
1396980 928.7
1396990 928.6
1397000 928.6
1397010 928.6
1397020 928.6
1397030 928.7
1397040 928.8
1397050 928.8
1397060 929.4
1397070 929.8
1397080 929.8
1397090 929.1
1397100 928.6
1397110 928.6
1397120 928.5
1397130 928.5
1397140 928.5
1397150 928.5
1397160 928.6
1397170 928.6
1397180 928.7
1397190 928.9
1397200 928.9
1397210 928.9
1397220 929.0
1397230 929.2
1397240 929.2
1397250 930.7
1397260 936.7
1397270 936.7
1397280 944.6
1397290 960.4
1397300 960.4
1397310 971.0
1397320 978.1
1397330 978.1
1397340 985.4
1397350 994.3
1397360 994.3
1397370 1007.0
1397380 1019.3
1397390 1019.3
1397400 1026.3
1397410 1032.3
1397420 1038.1
1397430 1038.1
1397440 1043.2
1397450 1047.0
1397460 1047.0
1397470 1051.7
1397480 1057.4
1397490 1057.4
1397500 1062.3
1397510 1066.7
1397520 1066.7
1397530 1070.1
1397540 1066.1
1397550 1066.1
1397560 1068.9
1397570 1076.3
1397580 1076.3
1397590 1081.0
1397600 1085.7
1397610 1090.7
1397620 1090.7
1397630 1095.4
1397640 1101.3
1397650 1101.3
1397660 1108.4
1397670 1116.6
1397680 1116.6
1397690 1125.6
1397700 1134.9
1397710 1134.9
1397720 1145.4
1397730 1155.4
1397740 1155.4
1397750 1162.8
1397760 1169.0
1397770 1169.0
1397780 1176.1
1397790 1183.8
1397800 1191.4
1397810 1191.4
1397820 1198.9
1397830 1206.1
1397840 1206.1
1397850 1213.3
1397860 1219.2
1397870 1219.2
1397880 1226.5
1397890 1234.4
1397900 1234.4
1397910 1242.6
1397920 1251.6
1397930 1251.6
1397940 1260.9
1397950 1270.4
1397960 1270.4
1397970 1276.7
1397980 1283.7
1397990 1283.7
1398000 1291.3
1398010 1299.0
1398020 1306.2
1398030 1306.2
1398040 1313.3
1398050 1321.3
1398060 1321.3
1398070 1330.3
1398080 1338.5
1398090 1338.5
1398100 1347.6
1398110 1356.5
1398120 1356.5
1398130 1359.7
1398140 1362.5
1398150 1362.5
1398160 1364.6
1398170 1367.6
1398180 1367.6
1398190 1370.6
1398200 1371.7
1398210 1372.1
1398220 1372.1
1398230 1373.5
1398240 1375.9
1398250 1375.9
1398260 1376.2
1398270 1373.4
1398280 1373.4
1398290 1376.6
1398300 1381.5
1398310 1381.5
1398320 1387.2
1398330 1390.7
1398340 1390.7
1398350 1391.2
1398360 1390.9
1398370 1390.9
1398380 1391.7
1398390 1393.5
1398400 1395.4
1398410 1395.4
1398420 1396.5
1398430 1398.2
1398440 1398.2
1398450 1401.0
1398460 1403.7
1398470 1403.7
1398480 1407.6
1398490 1411.9
1398500 1411.9
1398510 1415.9
1398520 1419.9
1398530 1419.9
1398540 1423.5
1398550 1425.6
1398560 1425.6
1398570 1427.8
1398580 1430.5
1398590 1430.5
1398600 1433.0
1398610 1435.4
1398620 1438.3
1398630 1438.3
1398640 1441.7
1398650 1446.3
1398660 1446.3
1398670 1450.6
1398680 1456.4
1398690 1456.4
1398700 1462.9
1398710 1467.3
1398720 1467.3
1398730 1473.3
1398740 1479.0
1398750 1479.0
1398760 1485.3
1398770 1492.1
1398780 1492.1
1398790 1498.8
1398800 1504.7
1398810 1511.0
1398820 1511.0
1398830 1518.1
1398840 1525.1
1398850 1525.1
1398860 1532.2
1398870 1541.6
1398880 1541.6
1398890 1549.9
1398900 1558.6
1398910 1558.6
1398920 1566.1
1398930 1571.6
1398940 1571.6
1398950 1578.3
1398960 1584.4
1398970 1584.4
1398980 1590.2
1398990 1595.5
1399000 1595.5
1399010 1599.3
1399020 1602.7
1399030 1607.6
1399040 1607.6
1399050 1612.9
1399060 1617.4
1399070 1617.4
1399080 1620.4
1399090 1624.1
1399100 1624.1
1399110 1629.4
1399120 1635.4
1399130 1635.4
1399140 1641.5
1399150 1647.7
1399160 1647.7
1399170 1654.5
1399180 1661.5
1399190 1661.5
1399200 1668.0
1399210 1673.6
1399220 1679.7
1399230 1679.7
1399240 1685.1
1399250 1689.6
1399260 1689.6
1399270 1693.3
1399280 1696.7
1399290 1696.7
1399300 1700.4
1399310 1703.9
1399320 1703.9
1399330 1708.4
1399340 1714.6
1399350 1714.6
1399360 1721.1
1399370 1728.3
1399380 1728.3
1399390 1737.0
1399400 1745.4
1399410 1751.0
1399420 1751.0
1399430 1754.9
1399440 1758.7
1399450 1758.7
1399460 1763.6
1399470 1770.1
1399480 1770.1
1399490 1778.4
1399500 1786.6
1399510 1786.6
1399520 1793.3
1399530 1799.6
1399540 1799.6
1399550 1805.1
1399560 1809.5
1399570 1809.5
1399580 1813.5
1399590 1817.3
1399600 1817.3
1399610 1821.5
1399620 1826.0
1399630 1830.7
1399640 1830.7
1399650 1835.1
1399660 1839.5
1399670 1839.5
1399680 1844.8
1399690 1849.9
1399700 1849.9
1399710 1855.1
1399720 1861.4
1399730 1861.4
1399740 1868.1
1399750 1874.7
1399760 1874.7
1399770 1880.6
1399780 1886.8
1399790 1886.8
1399800 1893.6
1399810 1900.8
1399820 1907.9
1399830 1907.9
1399840 1915.7
1399850 1924.7
1399860 1924.7
1399870 1935.1
1399880 1944.6
1399890 1944.6
1399900 1952.1
1399910 1959.5
1399920 1959.5
1399930 1966.9
1399940 1973.6
1399950 1973.6
1399960 1981.9
1399970 1991.3
1399980 1991.3
1399990 1999.8
1380000 2129.8
1380010 2124.1
1380020 2118.7
1380030 2118.7
1380040 2113.5
1380050 2108.7
1380060 2104.5
1380070 2104.5
1380080 2100.8
1380090 2097.6
1380100 2097.6
1380110 2094.7
1380120 2091.6
1380130 2091.6
1380140 2088.1
1380150 2084.7
1380160 2084.7
1380170 2081.1
1380180 2078.1
1380190 2078.1
1380200 2074.9
1380210 2070.7
1380220 2070.7
1380230 2066.3
1380240 2061.5
1380250 2061.5
1380260 2056.8
1380270 2052.3
1380280 2047.5
1380290 2047.5
1380300 2043.1
1380310 2039.4
1380320 2039.4
1380330 2038.1
1380340 2032.2
1380350 2032.2
1380360 2027.9
1380370 2019.2
1380380 2019.2
1380390 2010.5
1380400 1998.0
1380410 1998.0
1380420 1987.0
1380430 1975.9
1380440 1975.9
1380450 1965.8
1380460 1957.2
1380470 1950.1
1380480 1950.1
1380490 1943.9
1380500 1938.3
1380510 1938.3
1380520 1933.6
1380530 1930.5
1380540 1930.5
1380550 1927.2
1380560 1923.9
1380570 1923.9
1380580 1920.7
1380590 1917.9
1380600 1917.9
1380610 1915.7
1380620 1914.3
1380630 1914.3
1380640 1912.4
1380650 1910.5
1380660 1908.4
1380670 1908.4
1380680 1904.1
1380690 1893.6
1380700 1893.6
1380710 1883.3
1380720 1874.9
1380730 1874.9
1380740 1863.9
1380750 1854.7
1380760 1854.7
1380770 1846.8
1380780 1840.8
1380790 1840.8
1380800 1837.2
1380810 1833.3
1380820 1833.3
1380830 1824.7
1380840 1815.4
1380850 1815.4
1380860 1807.8
1380870 1799.6
1380880 1792.0
1380890 1792.0
1380900 1786.2
1380910 1780.4
1380920 1780.4
1380930 1774.5
1380940 1768.8
1380950 1768.8
1380960 1762.1
1380970 1753.8
1380980 1753.8
1380990 1745.2
1381000 1737.6
1381010 1737.6
1381020 1731.0
1381030 1725.4
1381040 1725.4
1381050 1719.9
1381060 1713.7
1381070 1707.1
1381080 1707.1
1381090 1701.0
1381100 1694.8
1381110 1694.8
1381120 1688.0
1381130 1680.8
1381140 1680.8
1381150 1672.5
1381160 1665.0
1381170 1665.0
1381180 1657.7
1381190 1650.8
1381200 1650.8
1381210 1643.7
1381220 1635.9
1381230 1635.9
1381240 1628.3
1381250 1620.3
1381260 1620.3
1381270 1613.1
1381280 1607.3
1381290 1601.7
1381300 1601.7
1381310 1596.7
1381320 1589.8
1381330 1589.8
1381340 1581.2
1381350 1570.4
1381360 1570.4
1381370 1559.8
1381380 1551.1
1381390 1551.1
1381400 1545.2
1381410 1541.3
1381420 1541.3
1381430 1537.7
1381440 1533.4
1381450 1533.4
1381460 1528.6
1381470 1525.7
1381480 1523.0
1381490 1523.0
1381500 1521.7
1381510 1521.4
1381520 1521.4
1381530 1526.5
1381540 1537.4
1381550 1537.4
1381560 1546.8
1381570 1548.8
1381580 1548.8
1381590 1552.6
1381600 1558.8
1381610 1558.8
1381620 1565.0
1381630 1569.9
1381640 1569.9
1381650 1574.8
1381660 1580.2
1381670 1585.4
1381680 1585.4
1381690 1589.6
1381700 1592.9
1381710 1592.9
1381720 1597.2
1381730 1602.1
1381740 1602.1
1381750 1606.6
1381760 1611.5
1381770 1611.5
1381780 1616.9
1381790 1622.6
1381800 1622.6
1381810 1627.2
1381820 1629.7
1381830 1629.7
1381840 1632.8
1381850 1635.3
1381860 1635.3
1381870 1637.7
1381880 1639.6
1381890 1641.3
1381900 1641.3
1381910 1642.1
1381920 1641.2
1381930 1641.2
1381940 1640.5
1381950 1641.0
1381960 1641.0
1381970 1641.1
1381980 1639.5
1381990 1639.5
1382000 1636.9
1382010 1634.9
1382020 1634.9
1382030 1635.3
1382040 1635.2
1382050 1635.2
1382060 1635.8
1382070 1640.4
1382080 1645.2
1382090 1645.2
1382100 1648.3
1382110 1655.3
1382120 1655.3
1382130 1665.1
1382140 1672.0
1382150 1672.0
1382160 1676.3
1382170 1679.3
1382180 1679.3
1382190 1680.8
1382200 1680.8
1382210 1680.8
1382220 1679.5
1382230 1679.1
1382240 1679.1
1382250 1679.5
1382260 1676.2
1382270 1676.2
1382280 1670.8
1382290 1677.1
1382300 1680.1
1382310 1680.1
1382320 1674.3
1382330 1673.0
1382340 1673.0
1382350 1679.2
1382360 1688.7
1382370 1688.7
1382380 1700.6
1382390 1712.8
1382400 1712.8
1382410 1722.4
1382420 1730.1
1382430 1730.1
1382440 1736.3
1382450 1741.6
1382460 1741.6
1382470 1746.8
1382480 1752.0
1382490 1757.5
1382500 1757.5
1382510 1762.9
1382520 1767.4
1382530 1767.4
1382540 1772.0
1382550 1777.0
1382560 1777.0
1382570 1782.4
1382580 1787.6
1382590 1787.6
1382600 1793.4
1382610 1799.5
1382620 1799.5
1382630 1805.2
1382640 1812.2
1382650 1812.2
1382660 1819.3
1382670 1825.3
1382680 1831.3
1382690 1831.3
1382700 1838.0
1382710 1845.4
1382720 1845.4
1382730 1852.5
1382740 1859.4
1382750 1859.4
1382760 1866.6
1382770 1874.5
1382780 1874.5
1382790 1882.4
1382800 1891.0
1382810 1891.0
1382820 1896.9
1382830 1902.6
1382840 1902.6
1382850 1907.7
1382860 1912.5
1382870 1912.5
1382880 1917.2
1382890 1922.2
1382900 1927.3
1382910 1927.3
1382920 1933.1
1382930 1938.2
1382940 1938.2
1382950 1941.9
1382960 1944.7
1382970 1944.7
1382980 1947.6
1382990 1950.6
1383000 1950.6
1383010 1953.7
1383020 1956.7
1383030 1956.7
1383040 1960.0
1383050 1963.2
1383060 1963.2
1383070 1966.3
1383080 1969.1
1383090 1971.9
1383100 1971.9
1383110 1974.5
1383120 1976.9
1383130 1976.9
1383140 1978.9
1383150 1980.8
1383160 1980.8
1383170 1982.5
1383180 1984.0
1383190 1984.0
1383200 1985.5
1383210 1986.8
1383220 1986.8
1383230 1988.0
1383240 1989.1
1383250 1989.1
1383260 1990.1
1383270 1991.3
1383280 1992.2
1383290 1992.2
1383300 1992.8
1383310 1993.4
1383320 1993.4
1383330 1993.5
1383340 1993.1
1383350 1993.1
1383360 1992.7
1383370 1991.6
1383380 1991.6
1383390 1989.9
1383400 1987.9
1383410 1987.9
1383420 1985.1
1383430 1982.3
1383440 1982.3
1383450 1979.3
1383460 1976.3
1383470 1976.3
1383480 1972.6
1383490 1968.0
1383500 1963.8
1383510 1963.8
1383520 1959.9
1383530 1955.8
1383540 1955.8
1383550 1950.5
1383560 1944.0
1383570 1944.0
1383580 1938.1
1383590 1932.6
1383600 1932.6
1383610 1927.2
1383620 1922.9
1383630 1922.9
1383640 1918.8
1383650 1914.1
1383660 1914.1
1383670 1909.3
1383680 1903.5
1383690 1897.6
1383700 1897.6
1383710 1893.0
1383720 1889.2
1383730 1889.2
1383740 1884.6
1383750 1879.4
1383760 1879.4
1383770 1874.0
1383780 1868.6
1383790 1868.6
1383800 1863.1
1383810 1857.6
1383820 1857.6
1383830 1851.8
1383840 1846.2
1383850 1846.2
1383860 1840.3
1383870 1834.4
1383880 1834.4
1383890 1828.3
1383900 1821.8
1383910 1815.4
1383920 1815.4
1383930 1808.8
1383940 1802.2
1383950 1802.2
1383960 1796.9
1383970 1791.4
1383980 1791.4
1383990 1785.8
1384000 1780.4
1384010 1780.4
1384020 1774.5
1384030 1768.2
1384040 1768.2
1384050 1761.7
1384060 1755.6
1384070 1755.6
1384080 1749.4
1384090 1743.2
1384100 1737.2
1384110 1737.2
1384120 1731.1
1384130 1724.7
1384140 1724.7
1384150 1716.9
1384160 1709.1
1384170 1709.1
1384180 1703.6
1384190 1699.7
1384200 1699.7
1384210 1696.4
1384220 1691.3
1384230 1691.3
1384240 1683.9
1384250 1677.6
1384260 1677.6
1384270 1674.2
1384280 1671.0
1384290 1666.8
1384300 1666.8
1384310 1662.4
1384320 1656.6
1384330 1656.6
1384340 1652.1
1384350 1647.1
1384360 1647.1
1384370 1641.7
1384380 1635.6
1384390 1635.6
1384400 1629.6
1384410 1623.6
1384420 1623.6
1384430 1617.5
1384440 1611.8
1384450 1611.8
1384460 1606.6
1384470 1600.6
1384480 1600.6
1384490 1594.8
1384500 1588.9
1384510 1582.4
1384520 1582.4
1384530 1571.7
1384540 1557.1
1384550 1557.1
1384560 1545.2
1384570 1535.4
1384580 1535.4
1384590 1526.6
1384600 1518.2
1384610 1518.2
1384620 1510.8
1384630 1505.3
1384640 1505.3
1384650 1499.7
1384660 1492.5
1384670 1492.5
1384680 1485.6
1384690 1477.5
1384700 1473.6
1384710 1473.6
1384720 1472.9
1384730 1472.6
1384740 1472.6
1384750 1472.6
1384760 1470.8
1384770 1470.8
1384780 1465.9
1384790 1461.4
1384800 1461.4
1384810 1456.5
1384820 1451.0
1384830 1451.0
1384840 1443.6
1384850 1430.4
1384860 1430.4
1384870 1422.5
1384880 1424.2
1384890 1424.2
1384900 1433.4
1384910 1444.2
1384920 1453.2
1384930 1453.2
1384940 1460.3
1384950 1466.1
1384960 1466.1
1384970 1471.1
1384980 1467.4
1384990 1467.4
1385000 1455.6
1385010 1448.2
1385020 1448.2
1385030 1454.1
1385040 1463.3
1385050 1463.3
1385060 1472.6
1385070 1480.5
1385080 1480.5
1385090 1487.2
1385100 1493.6
1385110 1500.9
1385120 1500.9
1385130 1508.8
1385140 1516.5
1385150 1516.5
1385160 1521.8
1385170 1526.4
1385180 1526.4
1385190 1531.3
1385200 1535.6
1385210 1535.6
1385220 1536.9
1385230 1535.1
1385240 1535.1
1385250 1533.2
1385260 1531.8
1385270 1531.8
1385280 1530.0
1385290 1528.4
1385300 1529.1
1385310 1529.1
1385320 1536.4
1385330 1537.5
1385340 1537.5
1385350 1540.1
1385360 1544.0
1385370 1544.0
1385380 1548.6
1385390 1554.1
1385400 1554.1
1385410 1560.2
1385420 1565.9
1385430 1565.9
1385440 1572.4
1385450 1579.8
1385460 1579.8
1385470 1587.3
1385480 1593.2
1385490 1593.2
1385500 1595.7
1385510 1597.5
1385520 1602.1
1385530 1602.1
1385540 1608.6
1385550 1614.9
1385560 1614.9
1385570 1620.3
1385580 1624.9
1385590 1624.9
1385600 1629.3
1385610 1632.5
1385620 1632.5
1385630 1635.3
1385640 1639.9
1385650 1639.9
1385660 1645.4
1385670 1649.1
1385680 1649.1
1385690 1650.7
1385700 1651.7
1385710 1652.0
1385720 1652.0
1385730 1651.8
1385740 1652.5
1385750 1652.5
1385760 1654.1
1385770 1656.7
1385780 1656.7
1385790 1660.6
1385800 1665.7
1385810 1665.7
1385820 1670.6
1385830 1676.8
1385840 1676.8
1385850 1682.7
1385860 1688.7
1385870 1688.7
1385880 1695.0
1385890 1701.2
1385900 1701.2
1385910 1707.4
1385920 1713.8
1385930 1720.9
1385940 1720.9
1385950 1727.9
1385960 1733.3
1385970 1733.3
1385980 1737.5
1385990 1741.1
1386000 1741.1
1386010 1744.4
1386020 1747.6
1386030 1747.6
1386040 1750.8
1386050 1753.6
1386060 1753.6
1386070 1757.0
1386080 1762.1
1386090 1762.1
1386100 1766.1
1386110 1769.7
1386120 1773.7
1386130 1773.7
1386140 1776.7
1386150 1779.2
1386160 1779.2
1386170 1781.2
1386180 1783.5
1386190 1783.5
1386200 1784.8
1386210 1785.5
1386220 1785.5
1386230 1786.6
1386240 1788.3
1386250 1788.3
1386260 1790.6
1386270 1793.1
1386280 1793.1
1386290 1794.8
1386300 1796.4
1386310 1799.6
1386320 1799.6
1386330 1802.3
1386340 1803.9
1386350 1803.9
1386360 1804.9
1386370 1805.5
1386380 1805.5
1386390 1806.1
1386400 1806.9
1386410 1806.9
1386420 1807.2
1386430 1807.3
1386440 1807.3
1386450 1807.4
1386460 1807.1
1386470 1807.1
1386480 1806.8
1386490 1805.5
1386500 1805.5
1386510 1805.1
1386520 1808.7
1386530 1811.1
1386540 1811.1
1386550 1812.1
1386560 1812.3
1386570 1812.3
1386580 1812.8
1386590 1813.2
1386600 1817.8
1386610 1816.6
1386620 1816.2
1386630 1816.2
1386640 1816.4
1386650 1817.3
1386660 1817.3
1386670 1817.4
1386680 1817.1
1386690 1817.1
1386700 1817.4
1386710 1818.1
1386720 1818.7
1386730 1818.7
1386740 1820.1
1386750 1821.2
1386760 1821.2
1386770 1821.4
1386780 1818.9
1386790 1818.9
1386800 1814.5
1386810 1810.0
1386820 1810.0
1386830 1810.0
1386840 1813.6
1386850 1813.6
1386860 1817.0
1386870 1819.3
1386880 1819.3
1386890 1820.0
1386900 1820.3
1386910 1820.3
1386920 1821.0
1386930 1821.7
1386940 1822.4
1386950 1822.4
1386960 1823.0
1386970 1824.4
1386980 1824.4
1386990 1825.9
1387000 1827.0
1387010 1827.0
1387020 1827.6
1387030 1828.2
1387040 1828.2
1387050 1828.2
1387060 1828.5
1387070 1828.5
1387080 1827.6
1387090 1826.2
1387100 1826.2
1387110 1824.7
1387120 1823.7
1387130 1823.7
1387140 1823.7
1387150 1824.0
1387160 1824.3
1387170 1824.3
1387180 1824.3
1387190 1824.4
1387200 1824.4
1387210 1824.9
1387220 1825.5
1387230 1825.5
1387240 1826.0
1387250 1826.5
1387260 1826.5
1387270 1826.8
1387280 1826.7
1387290 1826.7
1387300 1825.7
1387310 1824.7
1387320 1823.9
1387330 1823.9
1387340 1822.8
1387350 1822.1
1387360 1822.1
1387370 1821.6
1387380 1820.9
1387390 1820.9
1387400 1820.7
1387410 1820.4
1387420 1820.4
1387430 1819.7
1387440 1818.9
1387450 1818.9
1387460 1817.7
1387470 1816.1
1387480 1816.1
1387490 1814.2
1387500 1812.0
1387510 1812.0
1387520 1809.3
1387530 1805.8
1387540 1802.2
1387550 1802.2
1387560 1798.8
1387570 1795.8
1387580 1795.8
1387590 1792.4
1387600 1788.8
1387610 1788.8
1387620 1784.8
1387630 1780.3
1387640 1780.3
1387650 1775.8
1387660 1771.4
1387670 1771.4
1387680 1766.7
1387690 1762.6
1387700 1762.6
1387710 1758.9
1387720 1754.9
1387730 1751.0
1387740 1751.0
1387750 1747.9
1387760 1745.0
1387770 1745.0
1387780 1741.2
1387790 1736.5
1387800 1736.5
1387810 1731.7
1387820 1726.9
1387830 1726.9
1387840 1722.5
1387850 1719.1
1387860 1719.1
1387870 1717.0
1387880 1714.5
1387890 1714.5
1387900 1713.0
1387910 1708.8
1387920 1706.2
1387930 1706.2
1387940 1701.4
1387950 1694.7
1387960 1694.7
1387970 1687.6
1387980 1680.9
1387990 1680.9
1388000 1674.0
1388010 1663.0
1388020 1663.0
1388030 1653.0
1388040 1644.5
1388050 1644.5
1388060 1636.4
1388070 1627.6
1388080 1627.6
1388090 1619.2
1388100 1609.9
1388110 1609.9
1388120 1601.9
1388130 1593.1
1388140 1583.8
1388150 1583.8
1388160 1574.4
1388170 1564.8
1388180 1564.8
1388190 1556.5
1388200 1548.4
1388210 1548.4
1388220 1540.7
1388230 1533.6
1388240 1533.6
1388250 1527.8
1388260 1522.2
1388270 1522.2
1388280 1516.7
1388290 1509.5
1388300 1509.5
1388310 1501.4
1388320 1488.3
1388330 1477.6
1388340 1477.6
1388350 1465.4
1388360 1456.1
1388370 1456.1
1388380 1455.9
1388390 1461.3
1388400 1461.3
1388410 1466.7
1388420 1472.0
1388430 1472.0
1388440 1478.5
1388450 1486.6
1388460 1486.6
1388470 1493.3
1388480 1500.1
1388490 1500.1
1388500 1510.3
1388510 1521.2
1388520 1521.2
1388530 1530.9
1388540 1542.0
1388550 1551.3
1388560 1551.3
1388570 1559.8
1388580 1566.7
1388590 1566.7
1388600 1573.6
1388610 1581.3
1388620 1581.3
1388630 1588.8
1388640 1593.4
1388650 1593.4
1388660 1599.6
1388670 1606.5
1388680 1606.5
1388690 1612.5
1388700 1618.8
1388710 1618.8
1388720 1626.4
1388730 1635.1
1388740 1645.0
1388750 1645.0
1388760 1653.4
1388770 1657.8
1388780 1657.8
1388790 1661.0
1388800 1664.3
1388810 1664.3
1388820 1668.7
1388830 1671.9
1388840 1671.9
1388850 1674.5
1388860 1679.1
1388870 1679.1
1388880 1683.2
1388890 1685.0
1388900 1685.0
1388910 1685.4
1388920 1685.7
1388930 1685.2
1388940 1685.2
1388950 1684.5
1388960 1684.4
1388970 1684.4
1388980 1685.2
1388990 1686.0
1389000 1686.0
1389010 1686.4
1389020 1685.5
1389030 1685.5
1389040 1684.0
1389050 1682.2
1389060 1682.2
1389070 1681.2
1389080 1680.8
1389090 1680.8
1389100 1679.6
1389110 1677.9
1389120 1677.9
1389130 1676.7
1389140 1676.2
1389150 1675.2
1389160 1675.2
1389170 1673.3
1389180 1669.8
1389190 1669.8
1389200 1666.2
1389210 1663.6
1389220 1670.4
1389230 1667.2
1389240 1664.7
1389250 1664.7
1389260 1659.6
1389270 1654.3
1389280 1654.3
1389290 1649.8
1389300 1646.6
1389310 1646.6
1389320 1643.2
1389330 1640.0
1389340 1636.5
1389350 1636.5
1389360 1631.8
1389370 1626.7
1389380 1626.7
1389390 1621.0
1389400 1615.5
1389410 1615.5
1389420 1609.4
1389430 1602.9
1389440 1602.9
1389450 1594.7
1389460 1582.7
1389470 1582.7
1389480 1564.3
1389490 1552.1
1389500 1552.1
1389510 1539.6
1389520 1526.4
1389530 1526.4
1389540 1517.6
1389550 1512.6
1389560 1503.8
1389570 1503.8
1389580 1493.2
1389590 1485.3
1389600 1485.3
1389610 1475.8
1389620 1464.4
1389630 1464.4
1389640 1454.2
1389650 1451.7
1389660 1451.7
1389670 1460.6
1389680 1473.7
1389690 1473.7
1389700 1486.1
1389710 1501.2
1389720 1501.2
1389730 1515.2
1389740 1523.5
1389750 1529.0
1389760 1529.0
1389770 1532.4
1389780 1536.4
1389790 1536.4
1389800 1541.8
1389810 1548.1
1389820 1548.1
1389830 1554.6
1389840 1560.9
1389850 1560.9
1389860 1567.3
1389870 1574.5
1389880 1574.5
1389890 1582.4
1389900 1590.5
1389910 1590.5
1389920 1599.7
1389930 1607.6
1389940 1609.4
1389950 1609.4
1389960 1613.8
1389970 1619.4
1389980 1619.4
1389990 1622.7
1390000 1625.8
1390010 1625.8
1390020 1628.3
1390030 1630.2
1390040 1630.2
1390050 1632.2
1390060 1633.9
1390070 1633.9
1390080 1635.3
1390090 1636.9
1390100 1636.9
1390110 1639.7
1390120 1642.6
1390130 1642.6
1390140 1644.4
1390150 1644.8
1390160 1644.3
1390170 1644.3
1390180 1643.6
1390190 1643.0
1390200 1643.0
1390210 1642.4
1390220 1643.4
1390230 1643.4
1390240 1644.8
1390250 1646.1
1390260 1646.1
1390270 1647.0
1390280 1647.4
1390290 1647.4
1390300 1647.5
1390310 1647.4
1390320 1647.4
1390330 1646.8
1390340 1647.3
1390350 1647.7
1390360 1647.7
1390370 1647.7
1390380 1647.3
1390390 1647.3
1390400 1646.9
1390410 1646.3
1390420 1646.3
1390430 1645.5
1390440 1644.5
1390450 1644.5
1390460 1643.3
1390470 1641.6
1390480 1641.6
1390490 1639.7
1390500 1637.5
1390510 1637.5
1390520 1634.9
1390530 1632.4
1390540 1630.1
1390550 1633.3
1390560 1630.7
1390570 1626.8
1390580 1626.8
1390590 1622.7
1390600 1619.9
1390610 1619.9
1390620 1617.0
1390630 1613.7
1390640 1613.7
1390650 1610.5
1390660 1607.4
1390670 1607.4
1390680 1604.5
1390690 1601.5
1390700 1601.5
1390710 1599.0
1390720 1596.3
1390730 1596.3
1390740 1593.4
1390750 1590.2
1390760 1587.0
1390770 1587.0
1390780 1583.2
1390790 1579.9
1390800 1579.9
1390810 1576.3
1390820 1572.0
1390830 1572.0
1390840 1567.3
1390850 1563.2
1390860 1563.2
1390870 1559.5
1390880 1555.8
1390890 1555.8
1390900 1552.0
1390910 1548.1
1390920 1548.1
1390930 1544.5
1390940 1539.6
1390950 1535.6
1390960 1535.6
1390970 1531.8
1390980 1528.5
1390990 1528.5
1391000 1524.4
1391010 1519.7
1391020 1519.7
1391030 1513.6
1391040 1507.2
1391050 1507.2
1391060 1501.2
1391070 1495.3
1391080 1495.3
1391090 1489.5
1391100 1484.3
1391110 1484.3
1391120 1478.8
1391130 1472.1
1391140 1472.1
1391150 1464.9
1391160 1457.1
1391170 1448.9
1391180 1448.9
1391190 1440.3
1391200 1428.6
1391210 1428.6
1391220 1415.4
1391230 1404.5
1391240 1404.5
1391250 1396.5
1391260 1387.7
1391270 1387.7
1391280 1376.4
1391290 1365.6
1391300 1365.6
1391310 1354.9
1391320 1344.8
1391330 1344.8
1391340 1334.5
1391350 1330.2
1391360 1343.8
1391370 1343.8
1391380 1351.3
1391390 1355.9
1391400 1355.9
1391410 1359.9
1391420 1363.3
1391430 1363.3
1391440 1365.7
1391450 1367.7
1391460 1367.7
1391470 1373.3
1391480 1379.4
1391490 1379.4
1391500 1386.4
1391510 1392.0
1391520 1392.0
1391530 1397.3
1391540 1405.8
1391550 1412.3
1391560 1412.3
1391570 1417.4
1391580 1420.6
1391590 1420.6
1391600 1423.5
1391610 1426.5
1391620 1426.5
1391630 1430.4
1391640 1435.3
1391650 1435.3
1391660 1439.7
1391670 1442.5
1391680 1442.5
1391690 1444.2
1391700 1445.7
1391710 1445.7
1391720 1448.3
1391730 1451.7
1391740 1451.7
1391750 1456.4
1391760 1460.7
1391770 1464.7
1391780 1464.7
1391790 1469.1
1391800 1471.9
1391810 1471.9
1391820 1472.7
1391830 1473.3
1391840 1473.3
1391850 1474.2
1391860 1474.5
1391870 1474.5
1391880 1474.2
1391890 1474.6
1391900 1474.6
1391910 1478.9
1391920 1478.4
1391930 1478.4
1391940 1478.6
1391950 1476.9
1391960 1474.1
1391970 1474.1
1391980 1474.1
1391990 1476.0
1392000 1476.0
1392010 1476.7
1392020 1476.5
1392030 1476.5
1392040 1474.4
1392050 1472.0
1392060 1472.0
1392070 1470.7
1392080 1469.7
1392090 1469.7
1392100 1468.1
1392110 1466.6
1392120 1466.6
1392130 1465.4
1392140 1464.4
1392150 1464.4
1392160 1464.6
1392170 1464.5
1392180 1464.1
1392190 1464.1
1392200 1462.8
1392210 1461.7
1392220 1461.7
1392230 1461.2
1392240 1461.5
1392250 1461.5
1392260 1461.3
1392270 1460.4
1392280 1460.4
1392290 1458.1
1392300 1455.8
1392310 1455.8
1392320 1454.6
1392330 1454.8
1392340 1454.8
1392350 1453.5
1392360 1451.9
1392370 1451.4
1392380 1451.4
1392390 1451.4
1392400 1449.9
1392410 1449.9
1392420 1445.3
1392430 1438.0
1392440 1438.0
1392450 1433.5
1392460 1436.5
1392470 1436.5
1392480 1442.3
1392490 1442.8
1392500 1442.8
1392510 1439.5
1392520 1439.5
1392530 1439.5
1392540 1440.8
1392550 1440.0
1392560 1439.3
1392570 1439.3
1392580 1438.4
1392590 1437.2
1392600 1437.2
1392610 1435.5
1392620 1433.5
1392630 1433.5
1392640 1431.7
1392650 1429.7
1392660 1429.7
1392670 1427.8
1392680 1424.9
1392690 1424.9
1392700 1420.9
1392710 1420.2
1392720 1420.2
1392730 1420.6
1392740 1420.5
1392750 1420.5
1392760 1417.6
1392770 1416.2
1392780 1415.5
1392790 1415.5
1392800 1412.5
1392810 1407.6
1392820 1407.6
1392830 1401.8
1392840 1394.6
1392850 1394.6
1392860 1387.4
1392870 1379.6
1392880 1379.6
1392890 1370.7
1392900 1362.0
1392910 1362.0
1392920 1352.4
1392930 1342.2
1392940 1342.2
1392950 1333.3
1392960 1334.6
1392970 1346.3
1392980 1346.3
1392990 1357.3
1393000 1367.1
1393010 1367.1
1393020 1376.2
1393030 1384.2
1393040 1384.2
1393050 1391.6
1393060 1398.6
1393070 1398.6
1393080 1405.7
1393090 1412.3
1393100 1412.3
1393110 1418.0
1393120 1420.4
1393130 1420.4
1393140 1421.8
1393150 1423.6
1393160 1424.3
1393170 1424.3
1393180 1424.6
1393190 1424.4
1393200 1424.4
1393210 1423.8
1393220 1422.9
1393230 1422.9
1393240 1422.4
1393250 1421.7
1393260 1421.7
1393270 1421.0
1393280 1420.9
1393290 1426.1
1393300 1425.7
1393310 1425.8
1393320 1425.8
1393330 1426.3
1393340 1428.3
1393350 1428.3
1393360 1431.3
1393370 1433.8
1393380 1434.7
1393390 1434.7
1393400 1436.1
1393410 1438.5
1393420 1438.5
1393430 1441.7
1393440 1446.0
1393450 1446.0
1393460 1451.3
1393470 1456.9
1393480 1456.9
1393490 1461.4
1393500 1463.6
1393510 1463.6
1393520 1465.5
1393530 1470.3
1393540 1470.3
1393550 1473.9
1393560 1475.1
1393570 1474.0
1393580 1474.0
1393590 1472.2
1393600 1470.5
1393610 1470.5
1393620 1466.9
1393630 1460.9
1393640 1460.9
1393650 1454.3
1393660 1447.9
1393670 1447.9
1393680 1442.1
1393690 1436.6
1393700 1436.6
1393710 1431.9
1393720 1426.3
1393730 1426.3
1393740 1421.3
1393750 1417.4
1393760 1417.4
1393770 1414.2
1393780 1410.8
1393790 1407.8
1393800 1407.8
1393810 1404.4
1393820 1401.1
1393830 1401.1
1393840 1397.4
1393850 1393.6
1393860 1393.6
1393870 1388.9
1393880 1382.5
1393890 1382.5
1393900 1382.0
1393910 1381.0
1393920 1381.0
1393930 1381.3
1393940 1378.6
1393950 1378.6
1393960 1375.4
1393970 1372.2
1393980 1367.8
1393990 1367.8
1394000 1364.1
1394010 1360.3
1394020 1360.3
1394030 1356.0
1394040 1352.1
1394050 1352.1
1394060 1348.3
1394070 1344.2
1394080 1344.2
1394090 1339.6
1394100 1334.9
1394110 1334.9
1394120 1329.1
1394130 1323.8
1394140 1323.8
1394150 1320.7
1394160 1317.9
1394170 1314.8
1394180 1314.8
1394190 1311.9
1394200 1309.5
1394210 1309.5
1394220 1307.5
1394230 1305.7
1394240 1305.7
1394250 1302.4
1394260 1298.9
1394270 1298.9
1394280 1295.0
1394290 1288.9
1394300 1288.9
1394310 1281.5
1394320 1278.7
1394330 1278.7
1394340 1277.0
1394350 1274.2
1394360 1274.2
1394370 1271.3
1394380 1268.5
1394390 1263.9
1394400 1263.9
1394410 1252.7
1394420 1240.7
1394430 1240.7
1394440 1233.9
1394450 1229.0
1394460 1229.0
1394470 1225.6
1394480 1223.3
1394490 1223.3
1394500 1221.0
1394510 1218.1
1394520 1218.1
1394530 1217.0
1394540 1216.1
1394550 1216.1
1394560 1213.6
1394570 1209.8
1394580 1206.0
1394590 1206.0
1394600 1204.1
1394610 1201.4
1394620 1201.4
1394630 1196.8
1394640 1192.1
1394650 1192.1
1394660 1188.4
1394670 1184.7
1394680 1192.4
1394690 1188.8
1394700 1184.9
1394710 1184.9
1394720 1181.5
1394730 1179.0
1394740 1179.0
1394750 1176.0
1394760 1171.1
1394770 1171.1
1394780 1165.8
1394790 1161.5
1394800 1158.6
1394810 1158.6
1394820 1155.5
1394830 1152.5
1394840 1152.5
1394850 1149.3
1394860 1145.5
1394870 1145.5
1394880 1141.1
1394890 1135.5
1394900 1135.5
1394910 1130.4
1394920 1126.6
1394930 1126.6
1394940 1123.4
1394950 1121.7
1394960 1121.7
1394970 1119.8
1394980 1117.7
1394990 1115.0
1395000 1115.0
1395010 1112.4
1395020 1109.6
1395030 1109.6
1395040 1106.4
1395050 1104.0
1395060 1104.0
1395070 1101.9
1395080 1100.1
1395090 1100.1
1395100 1098.0
1395110 1095.5
1395120 1095.5
1395130 1093.2
1395140 1090.4
1395150 1090.4
1395160 1087.9
1395170 1085.2
1395180 1082.3
1395190 1082.3
1395200 1079.4
1395210 1076.3
1395220 1076.3
1395230 1073.6
1395240 1070.7
1395250 1070.7
1395260 1067.9
1395270 1065.6
1395280 1065.6
1395290 1063.0
1395300 1060.1
1395310 1060.1
1395320 1056.8
1395330 1053.7
1395340 1053.7
1395350 1050.8
1395360 1048.4
1395370 1048.4
1395380 1046.9
1395390 1044.7
1395400 1041.5
1395410 1041.5
1395420 1039.3
1395430 1036.4
1395440 1036.4
1395450 1035.2
1395460 1035.8
1395470 1035.8
1395480 1036.6
1395490 1036.8
1395500 1036.8
1395510 1036.9
1395520 1036.2
1395530 1036.2
1395540 1032.8
1395550 1029.3
1395560 1029.3
1395570 1026.9
1395580 1024.7
1395590 1023.3
1395600 1023.3
1395610 1023.2
1395620 1022.6
1395630 1022.6
1395640 1020.6
1395650 1018.4
1395660 1018.4
1395670 1016.3
1395680 1014.5
1395690 1014.5
1395700 1012.7
1395710 1010.9
1395720 1010.9
1395730 1009.1
1395740 1007.7
1395750 1007.7
1395760 1006.9
1395770 1006.1
1395780 1004.6
1395790 1004.6
1395800 1002.1
1395810 999.4
1395820 999.4
1395830 997.5
1395840 996.1
1395850 996.1
1395860 994.8
1395870 993.7
1395880 993.7
1395890 992.3
1395900 991.2
1395910 991.2
1395920 989.4
1395930 986.6
1395940 986.6
1395950 984.9
1395960 983.4
1395970 983.4
1395980 981.3
1395990 978.6
1396000 976.6
1396010 976.6
1396020 975.1
1396030 973.6
1396040 973.6
1396050 972.3
1396060 970.8
1396070 970.8
1396080 968.5
1396090 965.3
1396100 965.9
1396110 962.8
1396120 960.5
1396130 960.5
1396140 958.5
1396150 956.4
1396160 956.4
1396170 953.8
1396180 951.6
1396190 950.4
1396200 950.4
1396210 949.2
1396220 947.7
1396230 947.7
1396240 946.2
1396250 944.7
1396260 944.7
1396270 942.8
1396280 940.6
1396290 940.6
1396300 938.1
1396310 935.9
1396320 935.9
1396330 934.1
1396340 932.3
1396350 932.3
1396360 930.7
1396370 929.3
1396380 929.3
1396390 928.1
1396400 927.5
1396410 927.4
1396420 927.4
1396430 927.4
1396440 927.1
1396450 927.1
1396460 926.7
1396470 925.5
1396480 925.5
1396490 923.8
1396500 923.4
1396510 923.4
1396520 923.7
1396530 925.8
1396540 925.8
1396550 927.1
1396560 926.1
1396570 926.1
1396580 925.8
1396590 925.8
1396600 925.8
1396610 925.8
1396620 925.7
1396630 925.6
1396640 925.6
1396650 925.6
1396660 925.6
1396670 925.6
1396680 925.6
1396690 925.5
1396700 925.5
1396710 925.5
1396720 925.5
1396730 925.5
1396740 925.5
1396750 925.6
1396760 925.6
1396770 925.7
1396780 925.5
1396790 925.4
1396800 925.4
1396810 927.0
1396820 927.3
1396830 927.3
1396840 927.5
1396850 927.8
1396860 927.8
1396870 927.9
1396880 927.9
1396890 927.9
1396900 927.9
1396910 928.0
1396920 928.0
1396930 928.1
1396940 928.4
1396950 928.4
1396960 928.6
1396970 928.7
1396980 928.7
1396990 928.6
1397000 928.6
1397010 928.6
1397020 928.6
1397030 928.7
1397040 928.8
1397050 928.8
1397060 929.4
1397070 929.8
1397080 929.8
1397090 929.1
1397100 928.6
1397110 928.6
1397120 928.5
1397130 928.5
1397140 928.5
1397150 928.5
1397160 928.6
1397170 928.6
1397180 928.7
1397190 928.9
1397200 928.9
1397210 928.9
1397220 929.0
1397230 929.2
1397240 929.2
1397250 930.7
1397260 936.7
1397270 936.7
1397280 944.6
1397290 960.4
1397300 960.4
1397310 971.0
1397320 978.1
1397330 978.1
1397340 985.4
1397350 994.3
1397360 994.3
1397370 1007.0
1397380 1019.3
1397390 1019.3
1397400 1026.3
1397410 1032.3
1397420 1038.1
1397430 1038.1
1397440 1043.2
1397450 1047.0
1397460 1047.0
1397470 1051.7
1397480 1057.4
1397490 1057.4
1397500 1062.3
1397510 1066.7
1397520 1066.7
1397530 1070.1
1397540 1066.1
1397550 1066.1
1397560 1068.9
1397570 1076.3
1397580 1076.3
1397590 1081.0
1397600 1085.7
1397610 1090.7
1397620 1090.7
1397630 1095.4
1397640 1101.3
1397650 1101.3
1397660 1108.4
1397670 1116.6
1397680 1116.6
1397690 1125.6
1397700 1134.9
1397710 1134.9
1397720 1145.4
1397730 1155.4
1397740 1155.4
1397750 1162.8
1397760 1169.0
1397770 1169.0
1397780 1176.1
1397790 1183.8
1397800 1191.4
1397810 1191.4
1397820 1198.9
1397830 1206.1
1397840 1206.1
1397850 1213.3
1397860 1219.2
1397870 1219.2
1397880 1226.5
1397890 1234.4
1397900 1234.4
1397910 1242.6
1397920 1251.6
1397930 1251.6
1397940 1260.9
1397950 1270.4
1397960 1270.4
1397970 1276.7
1397980 1283.7
1397990 1283.7
1398000 1291.3
1398010 1299.0
1398020 1306.2
1398030 1306.2
1398040 1313.3
1398050 1321.3
1398060 1321.3
1398070 1330.3
1398080 1338.5
1398090 1338.5
1398100 1347.6
1398110 1356.5
1398120 1356.5
1398130 1359.7
1398140 1362.5
1398150 1362.5
1398160 1364.6
1398170 1367.6
1398180 1367.6
1398190 1370.6
1398200 1371.7
1398210 1372.1
1398220 1372.1
1398230 1373.5
1398240 1375.9
1398250 1375.9
1398260 1376.2
1398270 1373.4
1398280 1373.4
1398290 1376.6
1398300 1381.5
1398310 1381.5
1398320 1387.2
1398330 1390.7
1398340 1390.7
1398350 1391.2
1398360 1390.9
1398370 1390.9
1398380 1391.7
1398390 1393.5
1398400 1395.4
1398410 1395.4
1398420 1396.5
1398430 1398.2
1398440 1398.2
1398450 1401.0
1398460 1403.7
1398470 1403.7
1398480 1407.6
1398490 1411.9
1398500 1411.9
1398510 1415.9
1398520 1419.9
1398530 1419.9
1398540 1423.5
1398550 1425.6
1398560 1425.6
1398570 1427.8
1398580 1430.5
1398590 1430.5
1398600 1433.0
1398610 1435.4
1398620 1438.3
1398630 1438.3
1398640 1441.7
1398650 1446.3
1398660 1446.3
1398670 1450.6
1398680 1456.4
1398690 1456.4
1398700 1462.9
1398710 1467.3
1398720 1467.3
1398730 1473.3
1398740 1479.0
1398750 1479.0
1398760 1485.3
1398770 1492.1
1398780 1492.1
1398790 1498.8
1398800 1504.7
1398810 1511.0
1398820 1511.0
1398830 1518.1
1398840 1525.1
1398850 1525.1
1398860 1532.2
1398870 1541.6
1398880 1541.6
1398890 1549.9
1398900 1558.6
1398910 1558.6
1398920 1566.1
1398930 1571.6
1398940 1571.6
1398950 1578.3
1398960 1584.4
1398970 1584.4
1398980 1590.2
1398990 1595.5
1399000 1595.5
1399010 1599.3
1399020 1602.7
1399030 1607.6
1399040 1607.6
1399050 1612.9
1399060 1617.4
1399070 1617.4
1399080 1620.4
1399090 1624.1
1399100 1624.1
1399110 1629.4
1399120 1635.4
1399130 1635.4
1399140 1641.5
1399150 1647.7
1399160 1647.7
1399170 1654.5
1399180 1661.5
1399190 1661.5
1399200 1668.0
1399210 1673.6
1399220 1679.7
1399230 1679.7
1399240 1685.1
1399250 1689.6
1399260 1689.6
1399270 1693.3
1399280 1696.7
1399290 1696.7
1399300 1700.4
1399310 1703.9
1399320 1703.9
1399330 1708.4
1399340 1714.6
1399350 1714.6
1399360 1721.1
1399370 1728.3
1399380 1728.3
1399390 1737.0
1399400 1745.4
1399410 1751.0
1399420 1751.0
1399430 1754.9
1399440 1758.7
1399450 1758.7
1399460 1763.6
1399470 1770.1
1399480 1770.1
1399490 1778.4
1399500 1786.6
1399510 1786.6
1399520 1793.3
1399530 1799.6
1399540 1799.6
1399550 1805.1
1399560 1809.5
1399570 1809.5
1399580 1813.5
1399590 1817.3
1399600 1817.3
1399610 1821.5
1399620 1826.0
1399630 1830.7
1399640 1830.7
1399650 1835.1
1399660 1839.5
1399670 1839.5
1399680 1844.8
1399690 1849.9
1399700 1849.9
1399710 1855.1
1399720 1861.4
1399730 1861.4
1399740 1868.1
1399750 1874.7
1399760 1874.7
1399770 1880.6
1399780 1886.8
1399790 1886.8
1399800 1893.6
1399810 1900.8
1399820 1907.9
1399830 1907.9
1399840 1915.7
1399850 1924.7
1399860 1924.7
1399870 1935.1
1399880 1944.6
1399890 1944.6
1399900 1952.1
1399910 1959.5
1399920 1959.5
1399930 1966.9
1399940 1973.6
1399950 1973.6
1399960 1981.9
1399970 1991.3
1399980 1991.3
1399990 1999.8
1380000 2129.8
1380010 2124.1
1380020 2118.7
1380030 2118.7
1380040 2113.5
1380050 2108.7
1380060 2104.5
1380070 2104.5
1380080 2100.8
1380090 2097.6
1380100 2097.6
1380110 2094.7
1380120 2091.6
1380130 2091.6
1380140 2088.1
1380150 2084.7
1380160 2084.7
1380170 2081.1
1380180 2078.1
1380190 2078.1
1380200 2074.9
1380210 2070.7
1380220 2070.7
1380230 2066.3
1380240 2061.5
1380250 2061.5
1380260 2056.8
1380270 2052.3
1380280 2047.5
1380290 2047.5
1380300 2043.1
1380310 2039.4
1380320 2039.4
1380330 2038.1
1380340 2032.2
1380350 2032.2
1380360 2027.9
1380370 2019.2
1380380 2019.2
1380390 2010.5
1380400 1998.0
1380410 1998.0
1380420 1987.0
1380430 1975.9
1380440 1975.9
1380450 1965.8
1380460 1957.2
1380470 1950.1
1380480 1950.1
1380490 1943.9
1380500 1938.3
1380510 1938.3
1380520 1933.6
1380530 1930.5
1380540 1930.5
1380550 1927.2
1380560 1923.9
1380570 1923.9
1380580 1920.7
1380590 1917.9
1380600 1917.9
1380610 1915.7
1380620 1914.3
1380630 1914.3
1380640 1912.4
1380650 1910.5
1380660 1908.4
1380670 1908.4
1380680 1904.1
1380690 1893.6
1380700 1893.6
1380710 1883.3
1380720 1874.9
1380730 1874.9
1380740 1863.9
1380750 1854.7
1380760 1854.7
1380770 1846.8
1380780 1840.8
1380790 1840.8
1380800 1837.2
1380810 1833.3
1380820 1833.3
1380830 1824.7
1380840 1815.4
1380850 1815.4
1380860 1807.8
1380870 1799.6
1380880 1792.0
1380890 1792.0
1380900 1786.2
1380910 1780.4
1380920 1780.4
1380930 1774.5
1380940 1768.8
1380950 1768.8
1380960 1762.1
1380970 1753.8
1380980 1753.8
1380990 1745.2
1381000 1737.6
1381010 1737.6
1381020 1731.0
1381030 1725.4
1381040 1725.4
1381050 1719.9
1381060 1713.7
1381070 1707.1
1381080 1707.1
1381090 1701.0
1381100 1694.8
1381110 1694.8
1381120 1688.0
1381130 1680.8
1381140 1680.8
1381150 1672.5
1381160 1665.0
1381170 1665.0
1381180 1657.7
1381190 1650.8
1381200 1650.8
1381210 1643.7
1381220 1635.9
1381230 1635.9
1381240 1628.3
1381250 1620.3
1381260 1620.3
1381270 1613.1
1381280 1607.3
1381290 1601.7
1381300 1601.7
1381310 1596.7
1381320 1589.8
1381330 1589.8
1381340 1581.2
1381350 1570.4
1381360 1570.4
1381370 1559.8
1381380 1551.1
1381390 1551.1
1381400 1545.2
1381410 1541.3
1381420 1541.3
1381430 1537.7
1381440 1533.4
1381450 1533.4
1381460 1528.6
1381470 1525.7
1381480 1523.0
1381490 1523.0
1381500 1521.7
1381510 1521.4
1381520 1521.4
1381530 1526.5
1381540 1537.4
1381550 1537.4
1381560 1546.8
1381570 1548.8
1381580 1548.8
1381590 1552.6
1381600 1558.8
1381610 1558.8
1381620 1565.0
1381630 1569.9
1381640 1569.9
1381650 1574.8
1381660 1580.2
1381670 1585.4
1381680 1585.4
1381690 1589.6
1381700 1592.9
1381710 1592.9
1381720 1597.2
1381730 1602.1
1381740 1602.1
1381750 1606.6
1381760 1611.5
1381770 1611.5
1381780 1616.9
1381790 1622.6
1381800 1622.6
1381810 1627.2
1381820 1629.7
1381830 1629.7
1381840 1632.8
1381850 1635.3
1381860 1635.3
1381870 1637.7
1381880 1639.6
1381890 1641.3
1381900 1641.3
1381910 1642.1
1381920 1641.2
1381930 1641.2
1381940 1640.5
1381950 1641.0
1381960 1641.0
1381970 1641.1
1381980 1639.5
1381990 1639.5
1382000 1636.9
1382010 1634.9
1382020 1634.9
1382030 1635.3
1382040 1635.2
1382050 1635.2
1382060 1635.8
1382070 1640.4
1382080 1645.2
1382090 1645.2
1382100 1648.3
1382110 1655.3
1382120 1655.3
1382130 1665.1
1382140 1672.0
1382150 1672.0
1382160 1676.3
1382170 1679.3
1382180 1679.3
1382190 1680.8
1382200 1680.8
1382210 1680.8
1382220 1679.5
1382230 1679.1
1382240 1679.1
1382250 1679.5
1382260 1676.2
1382270 1676.2
1382280 1670.8
1382290 1677.1
1382300 1680.1
1382310 1680.1
1382320 1674.3
1382330 1673.0
1382340 1673.0
1382350 1679.2
1382360 1688.7
1382370 1688.7
1382380 1700.6
1382390 1712.8
1382400 1712.8
1382410 1722.4
1382420 1730.1
1382430 1730.1
1382440 1736.3
1382450 1741.6
1382460 1741.6
1382470 1746.8
1382480 1752.0
1382490 1757.5
1382500 1757.5
1382510 1762.9
1382520 1767.4
1382530 1767.4
1382540 1772.0
1382550 1777.0
1382560 1777.0
1382570 1782.4
1382580 1787.6
1382590 1787.6
1382600 1793.4
1382610 1799.5
1382620 1799.5
1382630 1805.2
1382640 1812.2
1382650 1812.2
1382660 1819.3
1382670 1825.3
1382680 1831.3
1382690 1831.3
1382700 1838.0
1382710 1845.4
1382720 1845.4
1382730 1852.5
1382740 1859.4
1382750 1859.4
1382760 1866.6
1382770 1874.5
1382780 1874.5
1382790 1882.4
1382800 1891.0
1382810 1891.0
1382820 1896.9
1382830 1902.6
1382840 1902.6
1382850 1907.7
1382860 1912.5
1382870 1912.5
1382880 1917.2
1382890 1922.2
1382900 1927.3
1382910 1927.3
1382920 1933.1
1382930 1938.2
1382940 1938.2
1382950 1941.9
1382960 1944.7
1382970 1944.7
1382980 1947.6
1382990 1950.6
1383000 1950.6
1383010 1953.7
1383020 1956.7
1383030 1956.7
1383040 1960.0
1383050 1963.2
1383060 1963.2
1383070 1966.3
1383080 1969.1
1383090 1971.9
1383100 1971.9
1383110 1974.5
1383120 1976.9
1383130 1976.9
1383140 1978.9
1383150 1980.8
1383160 1980.8
1383170 1982.5
1383180 1984.0
1383190 1984.0
1383200 1985.5
1383210 1986.8
1383220 1986.8
1383230 1988.0
1383240 1989.1
1383250 1989.1
1383260 1990.1
1383270 1991.3
1383280 1992.2
1383290 1992.2
1383300 1992.8
1383310 1993.4
1383320 1993.4
1383330 1993.5
1383340 1993.1
1383350 1993.1
1383360 1992.7
1383370 1991.6
1383380 1991.6
1383390 1989.9
1383400 1987.9
1383410 1987.9
1383420 1985.1
1383430 1982.3
1383440 1982.3
1383450 1979.3
1383460 1976.3
1383470 1976.3
1383480 1972.6
1383490 1968.0
1383500 1963.8
1383510 1963.8
1383520 1959.9
1383530 1955.8
1383540 1955.8
1383550 1950.5
1383560 1944.0
1383570 1944.0
1383580 1938.1
1383590 1932.6
1383600 1932.6
1383610 1927.2
1383620 1922.9
1383630 1922.9
1383640 1918.8
1383650 1914.1
1383660 1914.1
1383670 1909.3
1383680 1903.5
1383690 1897.6
1383700 1897.6
1383710 1893.0
1383720 1889.2
1383730 1889.2
1383740 1884.6
1383750 1879.4
1383760 1879.4
1383770 1874.0
1383780 1868.6
1383790 1868.6
1383800 1863.1
1383810 1857.6
1383820 1857.6
1383830 1851.8
1383840 1846.2
1383850 1846.2
1383860 1840.3
1383870 1834.4
1383880 1834.4
1383890 1828.3
1383900 1821.8
1383910 1815.4
1383920 1815.4
1383930 1808.8
1383940 1802.2
1383950 1802.2
1383960 1796.9
1383970 1791.4
1383980 1791.4
1383990 1785.8
1384000 1780.4
1384010 1780.4
1384020 1774.5
1384030 1768.2
1384040 1768.2
1384050 1761.7
1384060 1755.6
1384070 1755.6
1384080 1749.4
1384090 1743.2
1384100 1737.2
1384110 1737.2
1384120 1731.1
1384130 1724.7
1384140 1724.7
1384150 1716.9
1384160 1709.1
1384170 1709.1
1384180 1703.6
1384190 1699.7
1384200 1699.7
1384210 1696.4
1384220 1691.3
1384230 1691.3
1384240 1683.9
1384250 1677.6
1384260 1677.6
1384270 1674.2
1384280 1671.0
1384290 1666.8
1384300 1666.8
1384310 1662.4
1384320 1656.6
1384330 1656.6
1384340 1652.1
1384350 1647.1
1384360 1647.1
1384370 1641.7
1384380 1635.6
1384390 1635.6
1384400 1629.6
1384410 1623.6
1384420 1623.6
1384430 1617.5
1384440 1611.8
1384450 1611.8
1384460 1606.6
1384470 1600.6
1384480 1600.6
1384490 1594.8
1384500 1588.9
1384510 1582.4
1384520 1582.4
1384530 1571.7
1384540 1557.1
1384550 1557.1
1384560 1545.2
1384570 1535.4
1384580 1535.4
1384590 1526.6
1384600 1518.2
1384610 1518.2
1384620 1510.8
1384630 1505.3
1384640 1505.3
1384650 1499.7
1384660 1492.5
1384670 1492.5
1384680 1485.6
1384690 1477.5
1384700 1473.6
1384710 1473.6
1384720 1472.9
1384730 1472.6
1384740 1472.6
1384750 1472.6
1384760 1470.8
1384770 1470.8
1384780 1465.9
1384790 1461.4
1384800 1461.4
1384810 1456.5
1384820 1451.0
1384830 1451.0
1384840 1443.6
1384850 1430.4
1384860 1430.4
1384870 1422.5
1384880 1424.2
1384890 1424.2
1384900 1433.4
1384910 1444.2
1384920 1453.2
1384930 1453.2
1384940 1460.3
1384950 1466.1
1384960 1466.1
1384970 1471.1
1384980 1467.4
1384990 1467.4
1385000 1455.6
1385010 1448.2
1385020 1448.2
1385030 1454.1
1385040 1463.3
1385050 1463.3
1385060 1472.6
1385070 1480.5
1385080 1480.5
1385090 1487.2
1385100 1493.6
1385110 1500.9
1385120 1500.9
1385130 1508.8
1385140 1516.5
1385150 1516.5
1385160 1521.8
1385170 1526.4
1385180 1526.4
1385190 1531.3
1385200 1535.6
1385210 1535.6
1385220 1536.9
1385230 1535.1
1385240 1535.1
1385250 1533.2
1385260 1531.8
1385270 1531.8
1385280 1530.0
1385290 1528.4
1385300 1529.1
1385310 1529.1
1385320 1536.4
1385330 1537.5
1385340 1537.5
1385350 1540.1
1385360 1544.0
1385370 1544.0
1385380 1548.6
1385390 1554.1
1385400 1554.1
1385410 1560.2
1385420 1565.9
1385430 1565.9
1385440 1572.4
1385450 1579.8
1385460 1579.8
1385470 1587.3
1385480 1593.2
1385490 1593.2
1385500 1595.7
1385510 1597.5
1385520 1602.1
1385530 1602.1
1385540 1608.6
1385550 1614.9
1385560 1614.9
1385570 1620.3
1385580 1624.9
1385590 1624.9
1385600 1629.3
1385610 1632.5
1385620 1632.5
1385630 1635.3
1385640 1639.9
1385650 1639.9
1385660 1645.4
1385670 1649.1
1385680 1649.1
1385690 1650.7
1385700 1651.7
1385710 1652.0
1385720 1652.0
1385730 1651.8
1385740 1652.5
1385750 1652.5
1385760 1654.1
1385770 1656.7
1385780 1656.7
1385790 1660.6
1385800 1665.7
1385810 1665.7
1385820 1670.6
1385830 1676.8
1385840 1676.8
1385850 1682.7
1385860 1688.7
1385870 1688.7
1385880 1695.0
1385890 1701.2
1385900 1701.2
1385910 1707.4
1385920 1713.8
1385930 1720.9
1385940 1720.9
1385950 1727.9
1385960 1733.3
1385970 1733.3
1385980 1737.5
1385990 1741.1
1386000 1741.1
1386010 1744.4
1386020 1747.6
1386030 1747.6
1386040 1750.8
1386050 1753.6
1386060 1753.6
1386070 1757.0
1386080 1762.1
1386090 1762.1
1386100 1766.1
1386110 1769.7
1386120 1773.7
1386130 1773.7
1386140 1776.7
1386150 1779.2
1386160 1779.2
1386170 1781.2
1386180 1783.5
1386190 1783.5
1386200 1784.8
1386210 1785.5
1386220 1785.5
1386230 1786.6
1386240 1788.3
1386250 1788.3
1386260 1790.6
1386270 1793.1
1386280 1793.1
1386290 1794.8
1386300 1796.4
1386310 1799.6
1386320 1799.6
1386330 1802.3
1386340 1803.9
1386350 1803.9
1386360 1804.9
1386370 1805.5
1386380 1805.5
1386390 1806.1
1386400 1806.9
1386410 1806.9
1386420 1807.2
1386430 1807.3
1386440 1807.3
1386450 1807.4
1386460 1807.1
1386470 1807.1
1386480 1806.8
1386490 1805.5
1386500 1805.5
1386510 1805.1
1386520 1808.7
1386530 1811.1
1386540 1811.1
1386550 1812.1
1386560 1812.3
1386570 1812.3
1386580 1812.8
1386590 1813.2
1386600 1817.8
1386610 1816.6
1386620 1816.2
1386630 1816.2
1386640 1816.4
1386650 1817.3
1386660 1817.3
1386670 1817.4
1386680 1817.1
1386690 1817.1
1386700 1817.4
1386710 1818.1
1386720 1818.7
1386730 1818.7
1386740 1820.1
1386750 1821.2
1386760 1821.2
1386770 1821.4
1386780 1818.9
1386790 1818.9
1386800 1814.5
1386810 1810.0
1386820 1810.0
1386830 1810.0
1386840 1813.6
1386850 1813.6
1386860 1817.0
1386870 1819.3
1386880 1819.3
1386890 1820.0
1386900 1820.3
1386910 1820.3
1386920 1821.0
1386930 1821.7
1386940 1822.4
1386950 1822.4
1386960 1823.0
1386970 1824.4
1386980 1824.4
1386990 1825.9
1387000 1827.0
1387010 1827.0
1387020 1827.6
1387030 1828.2
1387040 1828.2
1387050 1828.2
1387060 1828.5
1387070 1828.5
1387080 1827.6
1387090 1826.2
1387100 1826.2
1387110 1824.7
1387120 1823.7
1387130 1823.7
1387140 1823.7
1387150 1824.0
1387160 1824.3
1387170 1824.3
1387180 1824.3
1387190 1824.4
1387200 1824.4
1387210 1824.9
1387220 1825.5
1387230 1825.5
1387240 1826.0
1387250 1826.5
1387260 1826.5
1387270 1826.8
1387280 1826.7
1387290 1826.7
1387300 1825.7
1387310 1824.7
1387320 1823.9
1387330 1823.9
1387340 1822.8
1387350 1822.1
1387360 1822.1
1387370 1821.6
1387380 1820.9
1387390 1820.9
1387400 1820.7
1387410 1820.4
1387420 1820.4
1387430 1819.7
1387440 1818.9
1387450 1818.9
1387460 1817.7
1387470 1816.1
1387480 1816.1
1387490 1814.2
1387500 1812.0
1387510 1812.0
1387520 1809.3
1387530 1805.8
1387540 1802.2
1387550 1802.2
1387560 1798.8
1387570 1795.8
1387580 1795.8
1387590 1792.4
1387600 1788.8
1387610 1788.8
1387620 1784.8
1387630 1780.3
1387640 1780.3
1387650 1775.8
1387660 1771.4
1387670 1771.4
1387680 1766.7
1387690 1762.6
1387700 1762.6
1387710 1758.9
1387720 1754.9
1387730 1751.0
1387740 1751.0
1387750 1747.9
1387760 1745.0
1387770 1745.0
1387780 1741.2
1387790 1736.5
1387800 1736.5
1387810 1731.7
1387820 1726.9
1387830 1726.9
1387840 1722.5
1387850 1719.1
1387860 1719.1
1387870 1717.0
1387880 1714.5
1387890 1714.5
1387900 1713.0
1387910 1708.8
1387920 1706.2
1387930 1706.2
1387940 1701.4
1387950 1694.7
1387960 1694.7
1387970 1687.6
1387980 1680.9
1387990 1680.9
1388000 1674.0
1388010 1663.0
1388020 1663.0
1388030 1653.0
1388040 1644.5
1388050 1644.5
1388060 1636.4
1388070 1627.6
1388080 1627.6
1388090 1619.2
1388100 1609.9
1388110 1609.9
1388120 1601.9
1388130 1593.1
1388140 1583.8
1388150 1583.8
1388160 1574.4
1388170 1564.8
1388180 1564.8
1388190 1556.5
1388200 1548.4
1388210 1548.4
1388220 1540.7
1388230 1533.6
1388240 1533.6
1388250 1527.8
1388260 1522.2
1388270 1522.2
1388280 1516.7
1388290 1509.5
1388300 1509.5
1388310 1501.4
1388320 1488.3
1388330 1477.6
1388340 1477.6
1388350 1465.4
1388360 1456.1
1388370 1456.1
1388380 1455.9
1388390 1461.3
1388400 1461.3
1388410 1466.7
1388420 1472.0
1388430 1472.0
1388440 1478.5
1388450 1486.6
1388460 1486.6
1388470 1493.3
1388480 1500.1
1388490 1500.1
1388500 1510.3
1388510 1521.2
1388520 1521.2
1388530 1530.9
1388540 1542.0
1388550 1551.3
1388560 1551.3
1388570 1559.8
1388580 1566.7
1388590 1566.7
1388600 1573.6
1388610 1581.3
1388620 1581.3
1388630 1588.8
1388640 1593.4
1388650 1593.4
1388660 1599.6
1388670 1606.5
1388680 1606.5
1388690 1612.5
1388700 1618.8
1388710 1618.8
1388720 1626.4
1388730 1635.1
1388740 1645.0
1388750 1645.0
1388760 1653.4
1388770 1657.8
1388780 1657.8
1388790 1661.0
1388800 1664.3
1388810 1664.3
1388820 1668.7
1388830 1671.9
1388840 1671.9
1388850 1674.5
1388860 1679.1
1388870 1679.1
1388880 1683.2
1388890 1685.0
1388900 1685.0
1388910 1685.4
1388920 1685.7
1388930 1685.2
1388940 1685.2
1388950 1684.5
1388960 1684.4
1388970 1684.4
1388980 1685.2
1388990 1686.0
1389000 1686.0
1389010 1686.4
1389020 1685.5
1389030 1685.5
1389040 1684.0
1389050 1682.2
1389060 1682.2
1389070 1681.2
1389080 1680.8
1389090 1680.8
1389100 1679.6
1389110 1677.9
1389120 1677.9
1389130 1676.7
1389140 1676.2
1389150 1675.2
1389160 1675.2
1389170 1673.3
1389180 1669.8
1389190 1669.8
1389200 1666.2
1389210 1663.6
1389220 1670.4
1389230 1667.2
1389240 1664.7
1389250 1664.7
1389260 1659.6
1389270 1654.3
1389280 1654.3
1389290 1649.8
1389300 1646.6
1389310 1646.6
1389320 1643.2
1389330 1640.0
1389340 1636.5
1389350 1636.5
1389360 1631.8
1389370 1626.7
1389380 1626.7
1389390 1621.0
1389400 1615.5
1389410 1615.5
1389420 1609.4
1389430 1602.9
1389440 1602.9
1389450 1594.7
1389460 1582.7
1389470 1582.7
1389480 1564.3
1389490 1552.1
1389500 1552.1
1389510 1539.6
1389520 1526.4
1389530 1526.4
1389540 1517.6
1389550 1512.6
1389560 1503.8
1389570 1503.8
1389580 1493.2
1389590 1485.3
1389600 1485.3
1389610 1475.8
1389620 1464.4
1389630 1464.4
1389640 1454.2
1389650 1451.7
1389660 1451.7
1389670 1460.6
1389680 1473.7
1389690 1473.7
1389700 1486.1
1389710 1501.2
1389720 1501.2
1389730 1515.2
1389740 1523.5
1389750 1529.0
1389760 1529.0
1389770 1532.4
1389780 1536.4
1389790 1536.4
1389800 1541.8
1389810 1548.1
1389820 1548.1
1389830 1554.6
1389840 1560.9
1389850 1560.9
1389860 1567.3
1389870 1574.5
1389880 1574.5
1389890 1582.4
1389900 1590.5
1389910 1590.5
1389920 1599.7
1389930 1607.6
1389940 1609.4
1389950 1609.4
1389960 1613.8
1389970 1619.4
1389980 1619.4
1389990 1622.7
1390000 1625.8
1390010 1625.8
1390020 1628.3
1390030 1630.2
1390040 1630.2
1390050 1632.2
1390060 1633.9
1390070 1633.9
1390080 1635.3
1390090 1636.9
1390100 1636.9
1390110 1639.7
1390120 1642.6
1390130 1642.6
1390140 1644.4
1390150 1644.8
1390160 1644.3
1390170 1644.3
1390180 1643.6
1390190 1643.0
1390200 1643.0
1390210 1642.4
1390220 1643.4
1390230 1643.4
1390240 1644.8
1390250 1646.1
1390260 1646.1
1390270 1647.0
1390280 1647.4
1390290 1647.4
1390300 1647.5
1390310 1647.4
1390320 1647.4
1390330 1646.8
1390340 1647.3
1390350 1647.7
1390360 1647.7
1390370 1647.7
1390380 1647.3
1390390 1647.3
1390400 1646.9
1390410 1646.3
1390420 1646.3
1390430 1645.5
1390440 1644.5
1390450 1644.5
1390460 1643.3
1390470 1641.6
1390480 1641.6
1390490 1639.7
1390500 1637.5
1390510 1637.5
1390520 1634.9
1390530 1632.4
1390540 1630.1
1390550 1633.3
1390560 1630.7
1390570 1626.8
1390580 1626.8
1390590 1622.7
1390600 1619.9
1390610 1619.9
1390620 1617.0
1390630 1613.7
1390640 1613.7
1390650 1610.5
1390660 1607.4
1390670 1607.4
1390680 1604.5
1390690 1601.5
1390700 1601.5
1390710 1599.0
1390720 1596.3
1390730 1596.3
1390740 1593.4
1390750 1590.2
1390760 1587.0
1390770 1587.0
1390780 1583.2
1390790 1579.9
1390800 1579.9
1390810 1576.3
1390820 1572.0
1390830 1572.0
1390840 1567.3
1390850 1563.2
1390860 1563.2
1390870 1559.5
1390880 1555.8
1390890 1555.8
1390900 1552.0
1390910 1548.1
1390920 1548.1
1390930 1544.5
1390940 1539.6
1390950 1535.6
1390960 1535.6
1390970 1531.8
1390980 1528.5
1390990 1528.5
1391000 1524.4
1391010 1519.7
1391020 1519.7
1391030 1513.6
1391040 1507.2
1391050 1507.2
1391060 1501.2
1391070 1495.3
1391080 1495.3
1391090 1489.5
1391100 1484.3
1391110 1484.3
1391120 1478.8
1391130 1472.1
1391140 1472.1
1391150 1464.9
1391160 1457.1
1391170 1448.9
1391180 1448.9
1391190 1440.3
1391200 1428.6
1391210 1428.6
1391220 1415.4
1391230 1404.5
1391240 1404.5
1391250 1396.5
1391260 1387.7
1391270 1387.7
1391280 1376.4
1391290 1365.6
1391300 1365.6
1391310 1354.9
1391320 1344.8
1391330 1344.8
1391340 1334.5
1391350 1330.2
1391360 1343.8
1391370 1343.8
1391380 1351.3
1391390 1355.9
1391400 1355.9
1391410 1359.9
1391420 1363.3
1391430 1363.3
1391440 1365.7
1391450 1367.7
1391460 1367.7
1391470 1373.3
1391480 1379.4
1391490 1379.4
1391500 1386.4
1391510 1392.0
1391520 1392.0
1391530 1397.3
1391540 1405.8
1391550 1412.3
1391560 1412.3
1391570 1417.4
1391580 1420.6
1391590 1420.6
1391600 1423.5
1391610 1426.5
1391620 1426.5
1391630 1430.4
1391640 1435.3
1391650 1435.3
1391660 1439.7
1391670 1442.5
1391680 1442.5
1391690 1444.2
1391700 1445.7
1391710 1445.7
1391720 1448.3
1391730 1451.7
1391740 1451.7
1391750 1456.4
1391760 1460.7
1391770 1464.7
1391780 1464.7
1391790 1469.1
1391800 1471.9
1391810 1471.9
1391820 1472.7
1391830 1473.3
1391840 1473.3
1391850 1474.2
1391860 1474.5
1391870 1474.5
1391880 1474.2
1391890 1474.6
1391900 1474.6
1391910 1478.9
1391920 1478.4
1391930 1478.4
1391940 1478.6
1391950 1476.9
1391960 1474.1
1391970 1474.1
1391980 1474.1
1391990 1476.0
1392000 1476.0
1392010 1476.7
1392020 1476.5
1392030 1476.5
1392040 1474.4
1392050 1472.0
1392060 1472.0
1392070 1470.7
1392080 1469.7
1392090 1469.7
1392100 1468.1
1392110 1466.6
1392120 1466.6
1392130 1465.4
1392140 1464.4
1392150 1464.4
1392160 1464.6
1392170 1464.5
1392180 1464.1
1392190 1464.1
1392200 1462.8
1392210 1461.7
1392220 1461.7
1392230 1461.2
1392240 1461.5
1392250 1461.5
1392260 1461.3
1392270 1460.4
1392280 1460.4
1392290 1458.1
1392300 1455.8
1392310 1455.8
1392320 1454.6
1392330 1454.8
1392340 1454.8
1392350 1453.5
1392360 1451.9
1392370 1451.4
1392380 1451.4
1392390 1451.4
1392400 1449.9
1392410 1449.9
1392420 1445.3
1392430 1438.0
1392440 1438.0
1392450 1433.5
1392460 1436.5
1392470 1436.5
1392480 1442.3
1392490 1442.8
1392500 1442.8
1392510 1439.5
1392520 1439.5
1392530 1439.5
1392540 1440.8
1392550 1440.0
1392560 1439.3
1392570 1439.3
1392580 1438.4
1392590 1437.2
1392600 1437.2
1392610 1435.5
1392620 1433.5
1392630 1433.5
1392640 1431.7
1392650 1429.7
1392660 1429.7
1392670 1427.8
1392680 1424.9
1392690 1424.9
1392700 1420.9
1392710 1420.2
1392720 1420.2
1392730 1420.6
1392740 1420.5
1392750 1420.5
1392760 1417.6
1392770 1416.2
1392780 1415.5
1392790 1415.5
1392800 1412.5
1392810 1407.6
1392820 1407.6
1392830 1401.8
1392840 1394.6
1392850 1394.6
1392860 1387.4
1392870 1379.6
1392880 1379.6
1392890 1370.7
1392900 1362.0
1392910 1362.0
1392920 1352.4
1392930 1342.2
1392940 1342.2
1392950 1333.3
1392960 1334.6
1392970 1346.3
1392980 1346.3
1392990 1357.3
1393000 1367.1
1393010 1367.1
1393020 1376.2
1393030 1384.2
1393040 1384.2
1393050 1391.6
1393060 1398.6
1393070 1398.6
1393080 1405.7
1393090 1412.3
1393100 1412.3
1393110 1418.0
1393120 1420.4
1393130 1420.4
1393140 1421.8
1393150 1423.6
1393160 1424.3
1393170 1424.3
1393180 1424.6
1393190 1424.4
1393200 1424.4
1393210 1423.8
1393220 1422.9
1393230 1422.9
1393240 1422.4
1393250 1421.7
1393260 1421.7
1393270 1421.0
1393280 1420.9
1393290 1426.1
1393300 1425.7
1393310 1425.8
1393320 1425.8
1393330 1426.3
1393340 1428.3
1393350 1428.3
1393360 1431.3
1393370 1433.8
1393380 1434.7
1393390 1434.7
1393400 1436.1
1393410 1438.5
1393420 1438.5
1393430 1441.7
1393440 1446.0
1393450 1446.0
1393460 1451.3
1393470 1456.9
1393480 1456.9
1393490 1461.4
1393500 1463.6
1393510 1463.6
1393520 1465.5
1393530 1470.3
1393540 1470.3
1393550 1473.9
1393560 1475.1
1393570 1474.0
1393580 1474.0
1393590 1472.2
1393600 1470.5
1393610 1470.5
1393620 1466.9
1393630 1460.9
1393640 1460.9
1393650 1454.3
1393660 1447.9
1393670 1447.9
1393680 1442.1
1393690 1436.6
1393700 1436.6
1393710 1431.9
1393720 1426.3
1393730 1426.3
1393740 1421.3
1393750 1417.4
1393760 1417.4
1393770 1414.2
1393780 1410.8
1393790 1407.8
1393800 1407.8
1393810 1404.4
1393820 1401.1
1393830 1401.1
1393840 1397.4
1393850 1393.6
1393860 1393.6
1393870 1388.9
1393880 1382.5
1393890 1382.5
1393900 1382.0
1393910 1381.0
1393920 1381.0
1393930 1381.3
1393940 1378.6
1393950 1378.6
1393960 1375.4
1393970 1372.2
1393980 1367.8
1393990 1367.8
1394000 1364.1
1394010 1360.3
1394020 1360.3
1394030 1356.0
1394040 1352.1
1394050 1352.1
1394060 1348.3
1394070 1344.2
1394080 1344.2
1394090 1339.6
1394100 1334.9
1394110 1334.9
1394120 1329.1
1394130 1323.8
1394140 1323.8
1394150 1320.7
1394160 1317.9
1394170 1314.8
1394180 1314.8
1394190 1311.9
1394200 1309.5
1394210 1309.5
1394220 1307.5
1394230 1305.7
1394240 1305.7
1394250 1302.4
1394260 1298.9
1394270 1298.9
1394280 1295.0
1394290 1288.9
1394300 1288.9
1394310 1281.5
1394320 1278.7
1394330 1278.7
1394340 1277.0
1394350 1274.2
1394360 1274.2
1394370 1271.3
1394380 1268.5
1394390 1263.9
1394400 1263.9
1394410 1252.7
1394420 1240.7
1394430 1240.7
1394440 1233.9
1394450 1229.0
1394460 1229.0
1394470 1225.6
1394480 1223.3
1394490 1223.3
1394500 1221.0
1394510 1218.1
1394520 1218.1
1394530 1217.0
1394540 1216.1
1394550 1216.1
1394560 1213.6
1394570 1209.8
1394580 1206.0
1394590 1206.0
1394600 1204.1
1394610 1201.4
1394620 1201.4
1394630 1196.8
1394640 1192.1
1394650 1192.1
1394660 1188.4
1394670 1184.7
1394680 1192.4
1394690 1188.8
1394700 1184.9
1394710 1184.9
1394720 1181.5
1394730 1179.0
1394740 1179.0
1394750 1176.0
1394760 1171.1
1394770 1171.1
1394780 1165.8
1394790 1161.5
1394800 1158.6
1394810 1158.6
1394820 1155.5
1394830 1152.5
1394840 1152.5
1394850 1149.3
1394860 1145.5
1394870 1145.5
1394880 1141.1
1394890 1135.5
1394900 1135.5
1394910 1130.4
1394920 1126.6
1394930 1126.6
1394940 1123.4
1394950 1121.7
1394960 1121.7
1394970 1119.8
1394980 1117.7
1394990 1115.0
1395000 1115.0
1395010 1112.4
1395020 1109.6
1395030 1109.6
1395040 1106.4
1395050 1104.0
1395060 1104.0
1395070 1101.9
1395080 1100.1
1395090 1100.1
1395100 1098.0
1395110 1095.5
1395120 1095.5
1395130 1093.2
1395140 1090.4
1395150 1090.4
1395160 1087.9
1395170 1085.2
1395180 1082.3
1395190 1082.3
1395200 1079.4
1395210 1076.3
1395220 1076.3
1395230 1073.6
1395240 1070.7
1395250 1070.7
1395260 1067.9
1395270 1065.6
1395280 1065.6
1395290 1063.0
1395300 1060.1
1395310 1060.1
1395320 1056.8
1395330 1053.7
1395340 1053.7
1395350 1050.8
1395360 1048.4
1395370 1048.4
1395380 1046.9
1395390 1044.7
1395400 1041.5
1395410 1041.5
1395420 1039.3
1395430 1036.4
1395440 1036.4
1395450 1035.2
1395460 1035.8
1395470 1035.8
1395480 1036.6
1395490 1036.8
1395500 1036.8
1395510 1036.9
1395520 1036.2
1395530 1036.2
1395540 1032.8
1395550 1029.3
1395560 1029.3
1395570 1026.9
1395580 1024.7
1395590 1023.3
1395600 1023.3
1395610 1023.2
1395620 1022.6
1395630 1022.6
1395640 1020.6
1395650 1018.4
1395660 1018.4
1395670 1016.3
1395680 1014.5
1395690 1014.5
1395700 1012.7
1395710 1010.9
1395720 1010.9
1395730 1009.1
1395740 1007.7
1395750 1007.7
1395760 1006.9
1395770 1006.1
1395780 1004.6
1395790 1004.6
1395800 1002.1
1395810 999.4
1395820 999.4
1395830 997.5
1395840 996.1
1395850 996.1
1395860 994.8
1395870 993.7
1395880 993.7
1395890 992.3
1395900 991.2
1395910 991.2
1395920 989.4
1395930 986.6
1395940 986.6
1395950 984.9
1395960 983.4
1395970 983.4
1395980 981.3
1395990 978.6
1396000 976.6
1396010 976.6
1396020 975.1
1396030 973.6
1396040 973.6
1396050 972.3
1396060 970.8
1396070 970.8
1396080 968.5
1396090 965.3
1396100 965.9
1396110 962.8
1396120 960.5
1396130 960.5
1396140 958.5
1396150 956.4
1396160 956.4
1396170 953.8
1396180 951.6
1396190 950.4
1396200 950.4
1396210 949.2
1396220 947.7
1396230 947.7
1396240 946.2
1396250 944.7
1396260 944.7
1396270 942.8
1396280 940.6
1396290 940.6
1396300 938.1
1396310 935.9
1396320 935.9
1396330 934.1
1396340 932.3
1396350 932.3
1396360 930.7
1396370 929.3
1396380 929.3
1396390 928.1
1396400 927.5
1396410 927.4
1396420 927.4
1396430 927.4
1396440 927.1
1396450 927.1
1396460 926.7
1396470 925.5
1396480 925.5
1396490 923.8
1396500 923.4
1396510 923.4
1396520 923.7
1396530 925.8
1396540 925.8
1396550 927.1
1396560 926.1
1396570 926.1
1396580 925.8
1396590 925.8
1396600 925.8
1396610 925.8
1396620 925.7
1396630 925.6
1396640 925.6
1396650 925.6
1396660 925.6
1396670 925.6
1396680 925.6
1396690 925.5
1396700 925.5
1396710 925.5
1396720 925.5
1396730 925.5
1396740 925.5
1396750 925.6
1396760 925.6
1396770 925.7
1396780 925.5
1396790 925.4
1396800 925.4
1396810 927.0
1396820 927.3
1396830 927.3
1396840 927.5
1396850 927.8
1396860 927.8
1396870 927.9
1396880 927.9
1396890 927.9
1396900 927.9
1396910 928.0
1396920 928.0
1396930 928.1
1396940 928.4
1396950 928.4
1396960 928.6
1396970 928.7
1396980 928.7
1396990 928.6
1397000 928.6
1397010 928.6
1397020 928.6
1397030 928.7
1397040 928.8
1397050 928.8
1397060 929.4
1397070 929.8
1397080 929.8
1397090 929.1
1397100 928.6
1397110 928.6
1397120 928.5
1397130 928.5
1397140 928.5
1397150 928.5
1397160 928.6
1397170 928.6
1397180 928.7
1397190 928.9
1397200 928.9
1397210 928.9
1397220 929.0
1397230 929.2
1397240 929.2
1397250 930.7
1397260 936.7
1397270 936.7
1397280 944.6
1397290 960.4
1397300 960.4
1397310 971.0
1397320 978.1
1397330 978.1
1397340 985.4
1397350 994.3
1397360 994.3
1397370 1007.0
1397380 1019.3
1397390 1019.3
1397400 1026.3
1397410 1032.3
1397420 1038.1
1397430 1038.1
1397440 1043.2
1397450 1047.0
1397460 1047.0
1397470 1051.7
1397480 1057.4
1397490 1057.4
1397500 1062.3
1397510 1066.7
1397520 1066.7
1397530 1070.1
1397540 1066.1
1397550 1066.1
1397560 1068.9
1397570 1076.3
1397580 1076.3
1397590 1081.0
1397600 1085.7
1397610 1090.7
1397620 1090.7
1397630 1095.4
1397640 1101.3
1397650 1101.3
1397660 1108.4
1397670 1116.6
1397680 1116.6
1397690 1125.6
1397700 1134.9
1397710 1134.9
1397720 1145.4
1397730 1155.4
1397740 1155.4
1397750 1162.8
1397760 1169.0
1397770 1169.0
1397780 1176.1
1397790 1183.8
1397800 1191.4
1397810 1191.4
1397820 1198.9
1397830 1206.1
1397840 1206.1
1397850 1213.3
1397860 1219.2
1397870 1219.2
1397880 1226.5
1397890 1234.4
1397900 1234.4
1397910 1242.6
1397920 1251.6
1397930 1251.6
1397940 1260.9
1397950 1270.4
1397960 1270.4
1397970 1276.7
1397980 1283.7
1397990 1283.7
1398000 1291.3
1398010 1299.0
1398020 1306.2
1398030 1306.2
1398040 1313.3
1398050 1321.3
1398060 1321.3
1398070 1330.3
1398080 1338.5
1398090 1338.5
1398100 1347.6
1398110 1356.5
1398120 1356.5
1398130 1359.7
1398140 1362.5
1398150 1362.5
1398160 1364.6
1398170 1367.6
1398180 1367.6
1398190 1370.6
1398200 1371.7
1398210 1372.1
1398220 1372.1
1398230 1373.5
1398240 1375.9
1398250 1375.9
1398260 1376.2
1398270 1373.4
1398280 1373.4
1398290 1376.6
1398300 1381.5
1398310 1381.5
1398320 1387.2
1398330 1390.7
1398340 1390.7
1398350 1391.2
1398360 1390.9
1398370 1390.9
1398380 1391.7
1398390 1393.5
1398400 1395.4
1398410 1395.4
1398420 1396.5
1398430 1398.2
1398440 1398.2
1398450 1401.0
1398460 1403.7
1398470 1403.7
1398480 1407.6
1398490 1411.9
1398500 1411.9
1398510 1415.9
1398520 1419.9
1398530 1419.9
1398540 1423.5
1398550 1425.6
1398560 1425.6
1398570 1427.8
1398580 1430.5
1398590 1430.5
1398600 1433.0
1398610 1435.4
1398620 1438.3
1398630 1438.3
1398640 1441.7
1398650 1446.3
1398660 1446.3
1398670 1450.6
1398680 1456.4
1398690 1456.4
1398700 1462.9
1398710 1467.3
1398720 1467.3
1398730 1473.3
1398740 1479.0
1398750 1479.0
1398760 1485.3
1398770 1492.1
1398780 1492.1
1398790 1498.8
1398800 1504.7
1398810 1511.0
1398820 1511.0
1398830 1518.1
1398840 1525.1
1398850 1525.1
1398860 1532.2
1398870 1541.6
1398880 1541.6
1398890 1549.9
1398900 1558.6
1398910 1558.6
1398920 1566.1
1398930 1571.6
1398940 1571.6
1398950 1578.3
1398960 1584.4
1398970 1584.4
1398980 1590.2
1398990 1595.5
1399000 1595.5
1399010 1599.3
1399020 1602.7
1399030 1607.6
1399040 1607.6
1399050 1612.9
1399060 1617.4
1399070 1617.4
1399080 1620.4
1399090 1624.1
1399100 1624.1
1399110 1629.4
1399120 1635.4
1399130 1635.4
1399140 1641.5
1399150 1647.7
1399160 1647.7
1399170 1654.5
1399180 1661.5
1399190 1661.5
1399200 1668.0
1399210 1673.6
1399220 1679.7
1399230 1679.7
1399240 1685.1
1399250 1689.6
1399260 1689.6
1399270 1693.3
1399280 1696.7
1399290 1696.7
1399300 1700.4
1399310 1703.9
1399320 1703.9
1399330 1708.4
1399340 1714.6
1399350 1714.6
1399360 1721.1
1399370 1728.3
1399380 1728.3
1399390 1737.0
1399400 1745.4
1399410 1751.0
1399420 1751.0
1399430 1754.9
1399440 1758.7
1399450 1758.7
1399460 1763.6
1399470 1770.1
1399480 1770.1
1399490 1778.4
1399500 1786.6
1399510 1786.6
1399520 1793.3
1399530 1799.6
1399540 1799.6
1399550 1805.1
1399560 1809.5
1399570 1809.5
1399580 1813.5
1399590 1817.3
1399600 1817.3
1399610 1821.5
1399620 1826.0
1399630 1830.7
1399640 1830.7
1399650 1835.1
1399660 1839.5
1399670 1839.5
1399680 1844.8
1399690 1849.9
1399700 1849.9
1399710 1855.1
1399720 1861.4
1399730 1861.4
1399740 1868.1
1399750 1874.7
1399760 1874.7
1399770 1880.6
1399780 1886.8
1399790 1886.8
1399800 1893.6
1399810 1900.8
1399820 1907.9
1399830 1907.9
1399840 1915.7
1399850 1924.7
1399860 1924.7
1399870 1935.1
1399880 1944.6
1399890 1944.6
1399900 1952.1
1399910 1959.5
1399920 1959.5
1399930 1966.9
1399940 1973.6
1399950 1973.6
1399960 1981.9
1399970 1991.3
1399980 1991.3
1399990 1999.8
