1380000 2209.2
1380010 2206.5
1380020 2204.3
1380030 2204.3
1380040 2206.3
1380050 2208.0
1380060 2208.0
1380070 2209.8
1380080 2213.1
1380090 2215.5
1380100 2215.5
1380110 2215.4
1380120 2217.7
1380130 2217.7
1380140 2219.6
1380150 2219.3
1380160 2219.3
1380170 2217.5
1380180 2216.1
1380190 2216.1
1380200 2214.9
1380210 2213.8
1380220 2213.8
1380230 2212.4
1380240 2211.0
1380250 2211.0
1380260 2208.9
1380270 2205.4
1380280 2205.4
1380290 2200.5
1380300 2195.5
1380310 2191.3
1380320 2191.3
1380330 2187.4
1380340 2182.7
1380350 2182.7
1380360 2178.0
1380370 2172.8
1380380 2172.8
1380390 2168.2
1380400 2164.6
1380410 2164.6
1380420 2161.9
1380430 2159.8
1380440 2159.8
1380450 2157.8
1380460 2154.6
1380470 2154.6
1380480 2152.3
1380490 2150.3
1380500 2148.1
1380510 2148.1
1380520 2145.5
1380530 2142.5
1380540 2142.5
1380550 2138.8
1380560 2133.5
1380570 2133.5
1380580 2129.2
1380590 2126.7
1380600 2126.7
1380610 2124.8
1380620 2121.0
1380630 2121.0
1380640 2116.8
1380650 2110.4
1380660 2110.4
1380670 2091.9
1380680 2078.7
1380690 2078.7
1380700 2067.1
1380710 2059.9
1380720 2048.9
1380730 2048.9
1380740 2044.7
1380750 2040.5
1380760 2040.5
1380770 2037.1
1380780 2033.8
1380790 2033.8
1380800 2028.6
1380810 2021.3
1380820 2021.3
1380830 2013.4
1380840 2005.8
1380850 2005.8
1380860 1997.9
1380870 1989.4
1380880 1989.4
1380890 1981.1
1380900 1973.7
1380910 1967.4
1380920 1967.4
1380930 1961.5
1380940 1956.7
1380950 1956.7
1380960 1952.5
1380970 1950.8
1380980 1950.8
1380990 1949.7
1381000 1945.9
1381010 1945.9
1381020 1941.3
1381030 1936.0
1381040 1936.0
1381050 1931.7
1381060 1925.2
1381070 1925.2
1381080 1909.8
1381090 1896.5
1381100 1887.4
1381110 1887.4
1381120 1876.2
1381130 1867.3
1381140 1867.3
1381150 1861.6
1381160 1857.1
1381170 1857.1
1381180 1853.8
1381190 1849.4
1381200 1849.4
1381210 1844.1
1381220 1833.7
1381230 1833.7
1381240 1819.7
1381250 1808.5
1381260 1808.5
1381270 1799.3
1381280 1790.6
1381290 1790.6
1381300 1781.0
1381310 1772.2
1381320 1765.3
1381330 1765.3
1381340 1760.7
1381350 1754.6
1381360 1754.6
1381370 1745.7
1381380 1735.9
1381390 1735.9
1381400 1725.9
1381410 1715.9
1381420 1715.9
1381430 1707.0
1381440 1698.2
1381450 1698.2
1381460 1690.8
1381470 1684.0
1381480 1684.0
1381490 1677.5
1381500 1670.5
1381510 1663.3
1381520 1663.3
1381530 1655.9
1381540 1649.2
1381550 1649.2
1381560 1642.8
1381570 1636.1
1381580 1636.1
1381590 1629.1
1381600 1622.1
1381610 1622.1
1381620 1614.9
1381630 1608.1
1381640 1608.1
1381650 1601.3
1381660 1594.8
1381670 1594.8
1381680 1588.4
1381690 1582.0
1381700 1582.0
1381710 1575.8
1381720 1569.8
1381730 1563.9
1381740 1563.9
1381750 1557.7
1381760 1551.6
1381770 1551.6
1381780 1545.5
1381790 1539.2
1381800 1539.2
1381810 1532.7
1381820 1526.4
1381830 1526.4
1381840 1520.4
1381850 1515.5
1381860 1515.5
1381870 1510.2
1381880 1503.9
1381890 1503.9
1381900 1497.2
1381910 1490.5
1381920 1483.9
1381930 1483.9
1381940 1477.5
1381950 1469.6
1381960 1469.6
1381970 1462.8
1381980 1455.1
1381990 1455.1
1382000 1447.1
1382010 1440.2
1382020 1440.2
1382030 1431.6
1382040 1421.7
1382050 1421.7
1382060 1412.0
1382070 1405.1
1382080 1405.1
1382090 1400.7
1382100 1387.2
1382110 1387.2
1382120 1379.5
1382130 1377.3
1382140 1370.7
1382150 1370.7
1382160 1362.8
1382170 1354.2
1382180 1354.2
1382190 1345.9
1382200 1337.7
1382210 1337.7
1382220 1328.5
1382230 1318.2
1382240 1318.2
1382250 1311.8
1382260 1314.2
1382270 1314.2
1382280 1321.1
1382290 1327.3
1382300 1327.3
1382310 1334.2
1382320 1342.8
1382330 1351.8
1382340 1351.8
1382350 1359.5
1382360 1367.4
1382370 1367.4
1382380 1376.7
1382390 1386.8
1382400 1386.8
1382410 1392.9
1382420 1397.7
1382430 1397.7
1382440 1407.1
1382450 1416.3
1382460 1416.3
1382470 1425.9
1382480 1437.3
1382490 1437.3
1382500 1449.2
1382510 1461.7
1382520 1471.5
1382530 1471.5
1382540 1477.5
1382550 1482.9
1382560 1482.9
1382570 1489.2
1382580 1493.3
1382590 1493.3
1382600 1495.0
1382610 1496.6
1382620 1496.6
1382630 1499.5
1382640 1501.6
1382650 1501.6
1382660 1501.7
1382670 1501.5
1382680 1501.5
1382690 1501.6
1382700 1500.9
1382710 1500.9
1382720 1499.3
1382730 1497.8
1382740 1494.4
1382750 1494.4
1382760 1490.2
1382770 1492.1
1382780 1492.1
1382790 1495.7
1382800 1497.4
1382810 1497.4
1382820 1499.2
1382830 1500.6
1382840 1500.6
1382850 1499.9
1382860 1499.8
1382870 1499.8
1382880 1499.1
1382890 1496.1
1382900 1496.1
1382910 1492.5
1382920 1493.9
1382930 1496.8
1382940 1496.8
1382950 1498.8
1382960 1500.2
1382970 1500.2
1382980 1499.9
1382990 1497.5
1383000 1497.5
1383010 1494.0
1383020 1494.4
1383030 1494.4
1383040 1496.6
1383050 1497.2
1383060 1497.2
1383070 1497.1
1383080 1497.6
1383090 1497.6
1383100 1498.8
1383110 1498.6
1383120 1498.6
1383130 1497.5
1383140 1498.6
1383150 1499.4
1383160 1499.4
1383170 1498.6
1383180 1498.5
1383190 1504.6
1383200 1505.2
1383210 1505.8
1383220 1505.8
1383230 1506.8
1383240 1508.0
1383250 1508.0
1383260 1508.7
1383270 1509.2
1383280 1509.2
1383290 1510.2
1383300 1510.5
1383310 1510.5
1383320 1510.1
1383330 1509.8
1383340 1508.7
1383350 1508.7
1383360 1507.0
1383370 1505.8
1383380 1505.8
1383390 1504.8
1383400 1504.2
1383410 1504.2
1383420 1505.2
1383430 1505.7
1383440 1505.7
1383450 1503.3
1383460 1498.5
1383470 1498.5
1383480 1492.5
1383490 1488.0
1383500 1488.0
1383510 1484.8
1383520 1482.3
1383530 1482.3
1383540 1479.9
1383550 1478.0
1383560 1474.2
1383570 1474.2
1383580 1470.4
1383590 1469.1
1383600 1469.1
1383610 1467.8
1383620 1463.7
1383630 1463.7
1383640 1461.3
1383650 1461.4
1383660 1461.4
1383670 1462.4
1383680 1463.5
1383690 1463.5
1383700 1464.2
1383710 1465.5
1383720 1465.5
1383730 1466.3
1383740 1466.1
1383750 1465.7
1383760 1465.7
1383770 1465.0
1383780 1463.0
1383790 1463.0
1383800 1460.0
1383810 1459.4
1383820 1459.4
1383830 1461.1
1383840 1464.4
1383850 1464.4
1383860 1467.2
1383870 1470.7
1383880 1470.7
1383890 1476.1
1383900 1483.1
1383910 1483.1
1383920 1491.1
1383930 1499.0
1383940 1508.0
1383950 1508.0
1383960 1511.2
1383970 1510.2
1383980 1510.2
1383990 1508.0
1384000 1505.9
1384010 1505.9
1384020 1504.3
1384030 1502.8
1384040 1502.8
1384050 1502.0
1384060 1500.4
1384070 1500.4
1384080 1498.5
1384090 1496.1
1384100 1496.1
1384110 1494.8
1384120 1493.8
1384130 1493.8
1384140 1493.3
1384150 1491.9
1384160 1490.1
1384170 1490.1
1384180 1488.1
1384190 1485.6
1384200 1485.6
1384210 1483.6
1384220 1482.5
1384230 1482.5
1384240 1481.5
1384250 1480.2
1384260 1480.2
1384270 1478.9
1384280 1477.4
1384290 1477.4
1384300 1476.1
1384310 1474.1
1384320 1474.1
1384330 1471.4
1384340 1470.3
1384350 1469.5
1384360 1469.5
1384370 1467.3
1384380 1466.0
1384390 1466.0
1384400 1463.1
1384410 1460.1
1384420 1460.1
1384430 1460.8
1384440 1460.7
1384450 1466.4
1384460 1464.4
1384470 1461.3
1384480 1461.3
1384490 1459.3
1384500 1457.2
1384510 1457.2
1384520 1454.1
1384530 1450.9
1384540 1450.9
1384550 1448.8
1384560 1447.7
1384570 1445.8
1384580 1445.8
1384590 1443.3
1384600 1441.0
1384610 1441.0
1384620 1438.9
1384630 1436.4
1384640 1436.4
1384650 1434.1
1384660 1430.6
1384670 1430.6
1384680 1427.9
1384690 1426.3
1384700 1426.3
1384710 1428.3
1384720 1430.9
1384730 1430.9
1384740 1432.0
1384750 1430.2
1384760 1427.8
1384770 1427.8
1384780 1426.8
1384790 1425.2
1384800 1425.2
1384810 1423.4
1384820 1423.0
1384830 1423.0
1384840 1424.4
1384850 1424.8
1384860 1424.8
1384870 1422.9
1384880 1419.3
1384890 1419.3
1384900 1415.9
1384910 1414.6
1384920 1414.6
1384930 1415.1
1384940 1417.3
1384950 1417.3
1384960 1419.2
1384970 1421.3
1384980 1423.5
1384990 1423.5
1385000 1425.5
1385010 1427.6
1385020 1427.6
1385030 1430.3
1385040 1430.1
1385050 1430.1
1385060 1424.3
1385070 1416.7
1385080 1416.7
1385090 1410.8
1385100 1404.2
1385110 1404.2
1385120 1398.3
1385130 1393.0
1385140 1393.0
1385150 1390.8
1385160 1393.3
1385170 1397.5
1385180 1397.5
1385190 1401.1
1385200 1402.3
1385210 1402.3
1385220 1401.8
1385230 1401.5
1385240 1401.5
1385250 1401.7
1385260 1397.9
1385270 1397.9
1385280 1392.1
1385290 1386.3
1385300 1386.3
1385310 1381.2
1385320 1376.8
1385330 1376.8
1385340 1372.0
1385350 1367.8
1385360 1362.9
1385370 1362.9
1385380 1356.2
1385390 1344.6
1385400 1344.6
1385410 1330.1
1385420 1319.5
1385430 1319.5
1385440 1304.8
1385450 1293.7
1385460 1293.7
1385470 1286.9
1385480 1285.7
1385490 1285.7
1385500 1296.7
1385510 1313.2
1385520 1313.2
1385530 1324.9
1385540 1332.3
1385550 1332.3
1385560 1341.1
1385570 1352.5
1385580 1361.2
1385590 1361.2
1385600 1367.4
1385610 1374.6
1385620 1374.6
1385630 1381.7
1385640 1388.0
1385650 1388.0
1385660 1395.1
1385670 1401.3
1385680 1401.3
1385690 1408.1
1385700 1415.0
1385710 1415.0
1385720 1422.5
1385730 1421.7
1385740 1421.7
1385750 1423.5
1385760 1426.4
1385770 1428.6
1385780 1428.6
1385790 1430.4
1385800 1432.1
1385810 1432.1
1385820 1433.3
1385830 1433.8
1385840 1433.8
1385850 1434.0
1385860 1434.4
1385870 1434.4
1385880 1434.6
1385890 1434.8
1385900 1434.8
1385910 1434.8
1385920 1435.4
1385930 1435.4
1385940 1436.6
1385950 1437.9
1385960 1437.9
1385970 1439.0
1385980 1440.1
1385990 1440.9
1386000 1440.9
1386010 1440.8
1386020 1442.5
1386030 1442.5
1386040 1444.5
1386050 1446.6
1386060 1446.6
1386070 1450.4
1386080 1452.3
1386090 1452.3
1386100 1453.1
1386110 1453.2
1386120 1453.2
1386130 1452.4
1386140 1451.9
1386150 1451.9
1386160 1450.4
1386170 1447.7
1386180 1442.8
1386190 1442.8
1386200 1436.7
1386210 1434.2
1386220 1434.2
1386230 1436.7
1386240 1440.0
1386250 1440.0
1386260 1442.3
1386270 1443.6
1386280 1443.6
1386290 1444.2
1386300 1444.8
1386310 1444.8
1386320 1445.5
1386330 1445.8
1386340 1445.8
1386350 1447.1
1386360 1448.3
1386370 1448.3
1386380 1448.9
1386390 1449.5
1386400 1449.5
1386410 1449.5
1386420 1448.6
1386430 1447.4
1386440 1447.4
1386450 1446.4
1386460 1446.0
1386470 1446.0
1386480 1446.2
1386490 1446.5
1386500 1446.5
1386510 1446.6
1386520 1446.5
1386530 1446.5
1386540 1448.1
1386550 1449.8
1386560 1449.8
1386570 1451.1
1386580 1452.8
1386590 1455.0
1386600 1455.0
1386610 1456.4
1386620 1456.8
1386630 1456.8
1386640 1455.0
1386650 1451.9
1386660 1451.9
1386670 1450.1
1386680 1449.6
1386690 1449.6
1386700 1450.1
1386710 1451.4
1386720 1451.4
1386730 1453.1
1386740 1454.2
1386750 1454.2
1386760 1456.5
1386770 1458.1
1386780 1459.7
1386790 1459.7
1386800 1461.4
1386810 1462.0
1386820 1462.0
1386830 1462.2
1386840 1462.9
1386850 1462.9
1386860 1463.1
1386870 1462.4
1386880 1462.4
1386890 1461.3
1386900 1460.3
1386910 1460.3
1386920 1459.3
1386930 1458.8
1386940 1458.8
1386950 1458.9
1386960 1459.4
1386970 1459.4
1386980 1460.0
1386990 1460.4
1387000 1461.2
1387010 1466.3
1387020 1467.4
1387030 1468.6
1387040 1468.6
1387050 1468.4
1387060 1465.7
1387070 1465.7
1387080 1462.0
1387090 1459.3
1387100 1459.3
1387110 1460.7
1387120 1463.8
1387130 1463.8
1387140 1465.4
1387150 1466.8
1387160 1466.8
1387170 1467.7
1387180 1468.9
1387190 1471.1
1387200 1471.1
1387210 1473.4
1387220 1475.6
1387230 1475.6
1387240 1478.3
1387250 1480.5
1387260 1480.5
1387270 1481.7
1387280 1483.4
1387290 1483.4
1387300 1484.7
1387310 1484.7
1387320 1484.7
1387330 1483.0
1387340 1481.0
1387350 1481.0
1387360 1479.9
1387370 1479.7
1387380 1479.7
1387390 1479.2
1387400 1478.1
1387410 1476.5
1387420 1476.5
1387430 1474.7
1387440 1473.0
1387450 1473.0
1387460 1471.2
1387470 1469.3
1387480 1469.3
1387490 1467.5
1387500 1465.9
1387510 1465.9
1387520 1463.7
1387530 1461.2
1387540 1461.2
1387550 1459.3
1387560 1457.5
1387570 1457.5
1387580 1455.3
1387590 1453.4
1387600 1451.6
1387610 1451.6
1387620 1450.6
1387630 1449.4
1387640 1449.4
1387650 1447.7
1387660 1446.1
1387670 1446.1
1387680 1445.1
1387690 1444.0
1387700 1444.0
1387710 1442.0
1387720 1440.0
1387730 1440.0
1387740 1437.7
1387750 1435.7
1387760 1435.7
1387770 1433.6
1387780 1431.5
1387790 1431.5
1387800 1429.5
1387810 1427.7
1387820 1425.8
1387830 1425.8
1387840 1423.6
1387850 1421.2
1387860 1421.2
1387870 1419.4
1387880 1418.2
1387890 1418.2
1387900 1416.7
1387910 1415.5
1387920 1415.5
1387930 1414.3
1387940 1412.8
1387950 1412.8
1387960 1410.3
1387970 1407.1
1387980 1407.1
1387990 1404.1
1388000 1400.4
1388010 1396.5
1388020 1396.5
1388030 1393.2
1388040 1390.2
1388050 1390.2
1388060 1387.7
1388070 1386.0
1388080 1386.0
1388090 1384.3
1388100 1382.5
1388110 1382.5
1388120 1380.6
1388130 1378.1
1388140 1378.1
1388150 1376.1
1388160 1374.9
1388170 1374.9
1388180 1373.7
1388190 1371.5
1388200 1368.9
1388210 1368.9
1388220 1367.4
1388230 1367.3
1388240 1367.3
1388250 1367.8
1388260 1365.5
1388270 1365.5
1388280 1363.1
1388290 1358.1
1388300 1358.1
1388310 1352.3
1388320 1348.5
1388330 1348.5
1388340 1351.4
1388350 1357.5
1388360 1357.5
1388370 1360.5
1388380 1357.0
1388390 1357.0
1388400 1351.4
1388410 1348.2
1388420 1347.0
1388430 1347.0
1388440 1347.7
1388450 1348.8
1388460 1348.8
1388470 1343.6
1388480 1335.7
1388490 1335.7
1388500 1327.2
1388510 1317.3
1388520 1317.3
1388530 1310.7
1388540 1305.7
1388550 1305.7
1388560 1299.4
1388570 1290.8
1388580 1290.8
1388590 1273.8
1388600 1262.2
1388610 1258.5
1388620 1258.5
1388630 1259.8
1388640 1264.3
1388650 1264.3
1388660 1274.7
1388670 1286.2
1388680 1286.2
1388690 1295.5
1388700 1303.0
1388710 1303.0
1388720 1310.0
1388730 1317.8
1388740 1317.8
1388750 1325.3
1388760 1330.7
1388770 1330.7
1388780 1334.3
1388790 1337.6
1388800 1337.6
1388810 1343.1
1388820 1349.2
1388830 1356.2
1388840 1356.2
1388850 1363.5
1388860 1371.0
1388870 1371.0
1388880 1378.1
1388890 1382.8
1388900 1382.8
1388910 1382.5
1388920 1381.2
1388930 1381.2
1388940 1380.1
1388950 1378.7
1388960 1378.7
1388970 1376.8
1388980 1375.0
1388990 1375.0
1389000 1370.5
1389010 1363.5
1389020 1356.7
1389030 1356.7
1389040 1351.4
1389050 1346.8
1389060 1346.8
1389070 1341.7
1389080 1336.6
1389090 1336.6
1389100 1331.3
1389110 1326.5
1389120 1326.5
1389130 1322.6
1389140 1319.4
1389150 1319.4
1389160 1316.7
1389170 1313.5
1389180 1313.5
1389190 1311.1
1389200 1309.3
1389210 1308.1
1389220 1308.1
1389230 1306.3
1389240 1304.2
1389250 1304.2
1389260 1301.5
1389270 1297.3
1389280 1297.3
1389290 1292.2
1389300 1288.4
1389310 1288.4
1389320 1286.3
1389330 1285.2
1389340 1285.2
1389350 1284.3
1389360 1283.5
1389370 1283.5
1389380 1283.0
1389390 1282.3
1389400 1282.3
1389410 1281.4
1389420 1280.8
1389430 1280.0
1389440 1280.0
1389450 1279.1
1389460 1278.6
1389470 1278.6
1389480 1281.2
1389490 1284.6
1389500 1284.6
1389510 1286.8
1389520 1288.4
1389530 1288.4
1389540 1291.0
1389550 1293.5
1389560 1293.5
1389570 1296.7
1389580 1299.9
1389590 1299.9
1389600 1302.9
1389610 1305.5
1389620 1308.7
1389630 1308.7
1389640 1316.2
1389650 1321.4
1389660 1321.4
1389670 1326.4
1389680 1330.8
1389690 1330.8
1389700 1331.3
1389710 1327.2
1389720 1327.2
1389730 1320.8
1389740 1317.5
1389750 1317.5
1389760 1314.6
1389770 1307.1
1389780 1307.1
1389790 1299.3
1389800 1292.3
1389810 1292.3
1389820 1285.5
1389830 1278.9
1389840 1272.8
1389850 1272.8
1389860 1268.9
1389870 1264.0
1389880 1264.0
1389890 1253.9
1389900 1243.4
1389910 1243.4
1389920 1235.9
1389930 1228.8
1389940 1228.8
1389950 1223.0
1389960 1211.6
1389970 1211.6
1389980 1194.7
1389990 1187.8
1390000 1187.8
1390010 1186.7
1390020 1192.3
1390030 1203.3
1390040 1203.3
1390050 1213.7
1390060 1219.6
1390070 1219.6
1390080 1226.4
1390090 1235.6
1390100 1235.6
1390110 1241.8
1390120 1247.0
1390130 1247.0
1390140 1253.2
1390150 1257.8
1390160 1257.8
1390170 1263.2
1390180 1264.4
1390190 1264.4
1390200 1262.5
1390210 1262.2
1390220 1262.2
1390230 1261.9
1390240 1262.2
1390250 1267.4
1390260 1267.4
1390270 1274.7
1390280 1283.0
1390290 1283.0
1390300 1287.1
1390310 1285.2
1390320 1285.2
1390330 1280.6
1390340 1274.3
1390350 1274.3
1390360 1267.8
1390370 1262.3
1390380 1262.3
1390390 1257.0
1390400 1250.4
1390410 1250.4
1390420 1245.3
1390430 1244.2
1390440 1247.0
1390450 1247.0
1390460 1252.0
1390470 1254.2
1390480 1254.2
1390490 1254.2
1390500 1253.7
1390510 1253.7
1390520 1252.1
1390530 1249.8
1390540 1249.8
1390550 1249.1
1390560 1248.4
1390570 1248.4
1390580 1246.6
1390590 1246.1
1390600 1246.1
1390610 1247.9
1390620 1248.8
1390630 1248.3
1390640 1248.3
1390650 1246.5
1390660 1243.9
1390670 1243.9
1390680 1242.2
1390690 1238.4
1390700 1238.4
1390710 1236.7
1390720 1235.4
1390730 1235.4
1390740 1235.6
1390750 1238.7
1390760 1238.7
1390770 1240.8
1390780 1242.0
1390790 1242.0
1390800 1243.3
1390810 1244.1
1390820 1244.1
1390830 1245.9
1390840 1245.8
1390850 1240.4
1390860 1240.4
1390870 1233.0
1390880 1226.7
1390890 1226.7
1390900 1220.9
1390910 1215.5
1390920 1215.5
1390930 1210.4
1390940 1208.6
1390950 1208.6
1390960 1209.2
1390970 1208.0
1390980 1215.1
1390990 1213.8
1391000 1213.9
1391010 1213.9
1391020 1212.1
1391030 1215.7
1391040 1220.8
1391050 1220.8
1391060 1219.9
1391070 1212.7
1391080 1212.7
1391090 1205.4
1391100 1201.6
1391110 1201.6
1391120 1199.4
1391130 1199.4
1391140 1199.4
1391150 1201.2
1391160 1198.8
1391170 1198.8
1391180 1195.9
1391190 1195.3
1391200 1195.3
1391210 1194.7
1391220 1194.0
1391230 1194.0
1391240 1194.5
1391250 1196.7
1391260 1201.3
1391270 1201.3
1391280 1208.0
1391290 1214.5
1391300 1214.5
1391310 1211.7
1391320 1205.6
1391330 1205.6
1391340 1199.8
1391350 1194.5
1391360 1194.5
1391370 1190.8
1391380 1188.8
1391390 1188.8
1391400 1188.2
1391410 1188.3
1391420 1188.3
1391430 1188.6
1391440 1189.0
1391450 1190.4
1391460 1190.4
1391470 1193.7
1391480 1192.5
1391490 1192.5
1391500 1185.9
1391510 1180.4
1391520 1180.4
1391530 1177.2
1391540 1172.7
1391550 1172.7
1391560 1164.6
1391570 1152.6
1391580 1152.6
1391590 1139.9
1391600 1127.9
1391610 1127.9
1391620 1112.6
1391630 1097.1
1391640 1097.1
1391650 1087.6
1391660 1086.6
1391670 1089.7
1391680 1089.7
1391690 1094.3
1391700 1097.9
1391710 1097.9
1391720 1106.3
1391730 1111.9
1391740 1111.9
1391750 1113.1
1391760 1111.9
1391770 1111.9
1391780 1115.5
1391790 1121.3
1391800 1121.3
1391810 1127.9
1391820 1134.5
1391830 1134.5
1391840 1140.0
1391850 1146.6
1391860 1153.8
1391870 1153.8
1391880 1159.4
1391890 1166.1
1391900 1166.1
1391910 1173.1
1391920 1179.9
1391930 1179.9
1391940 1187.1
1391950 1194.3
1391960 1194.3
1391970 1203.2
1391980 1211.2
1391990 1211.2
1392000 1218.3
1392010 1226.2
1392020 1226.2
1392030 1233.6
1392040 1240.6
1392050 1245.9
1392060 1245.9
1392070 1248.8
1392080 1248.4
1392090 1248.4
1392100 1247.1
1392110 1245.9
1392120 1245.9
1392130 1244.7
1392140 1243.2
1392150 1243.2
1392160 1240.7
1392170 1237.9
1392180 1237.9
1392190 1235.3
1392200 1233.1
1392210 1233.1
1392220 1231.4
1392230 1230.0
1392240 1230.0
1392250 1228.7
1392260 1227.0
1392270 1225.3
1392280 1225.3
1392290 1223.1
1392300 1219.5
1392310 1219.5
1392320 1214.4
1392330 1207.7
1392340 1205.5
1392350 1199.9
1392360 1196.3
1392370 1196.3
1392380 1193.7
1392390 1191.7
1392400 1191.7
1392410 1190.0
1392420 1188.5
1392430 1188.5
1392440 1187.6
1392450 1187.9
1392460 1188.3
1392470 1188.3
1392480 1188.9
1392490 1188.8
1392500 1188.8
1392510 1187.4
1392520 1185.7
1392530 1185.7
1392540 1183.7
1392550 1182.0
1392560 1182.0
1392570 1181.7
1392580 1182.4
1392590 1182.4
1392600 1182.8
1392610 1182.3
1392620 1182.3
1392630 1181.5
1392640 1180.3
1392650 1180.3
1392660 1178.3
1392670 1175.2
1392680 1171.7
1392690 1171.7
1392700 1167.8
1392710 1164.4
1392720 1164.4
1392730 1161.6
1392740 1156.3
1392750 1156.3
1392760 1149.4
1392770 1143.4
1392780 1143.4
1392790 1136.3
1392800 1131.4
1392810 1131.4
1392820 1129.9
1392830 1129.2
1392840 1129.2
1392850 1128.8
1392860 1126.5
1392870 1123.8
1392880 1123.8
1392890 1121.2
1392900 1117.8
1392910 1117.8
1392920 1113.2
1392930 1107.4
1392940 1107.4
1392950 1100.2
1392960 1094.6
1392970 1094.6
1392980 1091.9
1392990 1090.0
1393000 1090.0
1393010 1087.1
1393020 1087.1
1393030 1087.1
1393040 1089.7
1393050 1091.3
1393060 1093.7
1393070 1093.7
1393080 1094.1
1393090 1094.8
1393100 1094.8
1393110 1097.2
1393120 1099.6
1393130 1099.6
1393140 1100.2
1393150 1098.7
1393160 1098.7
1393170 1095.0
1393180 1089.0
1393190 1089.0
1393200 1081.9
1393210 1074.7
1393220 1074.7
1393230 1068.3
1393240 1061.1
1393250 1061.1
1393260 1054.0
1393270 1047.7
1393280 1042.5
1393290 1042.5
1393300 1039.2
1393310 1037.3
1393320 1037.3
1393330 1038.4
1393340 1040.6
1393350 1040.6
1393360 1044.2
1393370 1048.2
1393380 1048.2
1393390 1053.3
1393400 1057.2
1393410 1057.2
1393420 1059.8
1393430 1060.2
1393440 1060.2
1393450 1059.2
1393460 1058.4
1393470 1056.7
1393480 1056.7
1393490 1054.9
1393500 1052.5
1393510 1052.5
1393520 1049.7
1393530 1047.0
1393540 1047.0
1393550 1044.8
1393560 1042.6
1393570 1042.6
1393580 1040.5
1393590 1038.6
1393600 1038.6
1393610 1037.1
1393620 1036.2
1393630 1036.2
1393640 1035.3
1393650 1033.9
1393660 1033.9
1393670 1031.7
1393680 1030.1
1393690 1029.7
1393700 1029.7
1393710 1029.8
1393720 1031.8
1393730 1031.8
1393740 1032.0
1393750 1032.4
1393760 1032.4
1393770 1032.9
1393780 1033.5
1393790 1033.5
1393800 1034.1
1393810 1035.1
1393820 1035.1
1393830 1036.5
1393840 1038.6
1393850 1038.6
1393860 1041.9
1393870 1045.9
1393880 1050.4
1393890 1050.4
1393900 1054.8
1393910 1057.7
1393920 1057.7
1393930 1058.9
1393940 1060.1
1393950 1060.1
1393960 1061.4
1393970 1062.5
1393980 1062.5
1393990 1063.1
1394000 1063.3
1394010 1063.3
1394020 1063.1
1394030 1062.4
1394040 1062.4
1394050 1060.4
1394060 1057.0
1394070 1057.0
1394080 1054.2
1394090 1051.6
1394100 1048.3
1394110 1048.3
1394120 1043.8
1394130 1039.6
1394140 1039.6
1394150 1037.4
1394160 1036.5
1394170 1036.5
1394180 1035.9
1394190 1035.8
1394200 1035.8
1394210 1035.5
1394220 1034.3
1394230 1034.3
1394240 1032.7
1394250 1031.2
1394260 1031.2
1394270 1029.8
1394280 1028.2
1394290 1025.8
1394300 1025.8
1394310 1023.4
1394320 1021.4
1394330 1021.4
1394340 1019.1
1394350 1017.1
1394360 1017.1
1394370 1015.8
1394380 1014.4
1394390 1014.4
1394400 1010.6
1394410 1008.1
1394420 1008.1
1394430 1006.7
1394440 1006.7
1394450 1006.7
1394460 1005.0
1394470 1000.9
1394480 997.7
1394490 997.7
1394500 994.2
1394510 992.2
1394520 992.2
1394530 989.9
1394540 986.6
1394550 986.6
1394560 983.1
1394570 979.6
1394580 979.6
1394590 977.5
1394600 977.8
1394610 977.8
1394620 978.3
1394630 977.5
1394640 977.5
1394650 976.3
1394660 975.3
1394670 975.3
1394680 974.4
1394690 974.0
1394700 973.6
1394710 973.6
1394720 972.8
1394730 972.1
1394740 972.1
1394750 971.4
1394760 970.8
1394770 970.8
1394780 970.4
1394790 969.6
1394800 969.6
1394810 968.3
1394820 967.0
1394830 967.0
1394840 966.8
1394850 966.7
1394860 966.7
1394870 966.8
1394880 966.7
1394890 965.9
1394900 965.9
1394910 964.5
1394920 963.1
1394930 963.1
1394940 962.1
1394950 961.8
1394960 961.8
1394970 961.5
1394980 960.9
1394990 960.9
1395000 961.3
1395010 960.8
1395020 960.8
1395030 960.5
1395040 959.7
1395050 959.7
1395060 958.4
1395070 958.3
1395080 958.3
1395090 958.3
1395100 958.2
1395110 959.3
1395120 959.3
1395130 961.5
1395140 963.5
1395150 963.5
1395160 963.7
1395170 965.8
1395180 965.8
1395190 966.3
1395200 966.8
1395210 966.8
1395220 967.9
1395230 969.3
1395240 969.3
1395250 969.7
1395260 970.2
1395270 970.2
1395280 970.6
1395290 971.2
1395300 968.6
1395310 968.6
1395320 963.6
1395330 961.3
1395340 961.3
1395350 960.2
1395360 960.2
1395370 960.2
1395380 960.0
1395390 961.3
1395400 961.3
1395410 961.8
1395420 961.2
1395430 961.2
1395440 958.8
1395450 957.5
1395460 957.5
1395470 956.0
1395480 952.8
1395490 952.8
1395500 945.2
1395510 937.3
1395520 934.1
1395530 934.1
1395540 931.0
1395550 929.3
1395560 929.3
1395570 929.1
1395580 929.2
1395590 929.2
1395600 929.3
1395610 929.5
1395620 929.5
1395630 929.8
1395640 927.7
1395650 927.7
1395660 926.6
1395670 926.6
1395680 926.6
1395690 926.9
1395700 929.4
1395710 930.1
1395720 930.1
1395730 928.6
1395740 928.1
1395750 928.1
1395760 927.9
1395770 927.9
1395780 927.9
1395790 927.9
1395800 927.8
1395810 927.8
1395820 927.9
1395830 927.9
1395840 927.9
1395850 927.8
1395860 927.7
1395870 927.7
1395880 927.6
1395890 927.7
1395900 927.7
1395910 927.7
1395920 927.6
1395930 927.5
1395940 927.5
1395950 927.4
1395960 927.4
1395970 927.4
1395980 927.3
1395990 927.3
1396000 927.3
1396010 927.3
1396020 927.2
1396030 927.2
1396040 927.1
1396050 927.1
1396060 927.1
1396070 927.1
1396080 927.0
1396090 927.0
1396100 927.0
1396110 926.8
1396120 926.8
1396130 926.8
1396140 926.9
1396150 927.0
1396160 927.0
1396170 927.0
1396180 927.0
1396190 927.0
1396200 926.9
1396210 926.8
1396220 926.8
1396230 926.8
1396240 926.8
1396250 926.8
1396260 926.6
1396270 926.2
1396280 926.2
1396290 926.3
1396300 926.6
1396310 926.7
1396320 926.7
1396330 926.7
1396340 926.7
1396350 926.7
1396360 926.6
1396370 926.6
1396380 926.6
1396390 926.6
1396400 926.6
1396410 926.6
1396420 926.6
1396430 926.5
1396440 926.5
1396450 926.4
1396460 926.4
1396470 926.4
1396480 926.6
1396490 927.2
1396500 927.2
1396510 927.4
1396520 926.8
1396530 926.4
1396540 926.4
1396550 926.5
1396560 927.5
1396570 927.5
1396580 929.5
1396590 933.4
1396600 933.4
1396610 936.6
1396620 939.8
1396630 939.8
1396640 943.1
1396650 946.2
1396660 946.2
1396670 949.8
1396680 953.3
1396690 953.3
1396700 956.7
1396710 960.4
1396720 963.8
1396730 963.8
1396740 967.2
1396750 971.3
1396760 971.3
1396770 976.5
1396780 980.4
1396790 980.4
1396800 986.5
1396810 994.4
1396820 994.4
1396830 1002.4
1396840 1009.3
1396850 1009.3
1396860 1014.5
1396870 1022.6
1396880 1022.6
1396890 1032.1
1396900 1039.2
1396910 1039.2
1396920 1042.7
1396930 1046.4
1396940 1050.0
1396950 1050.0
1396960 1053.5
1396970 1056.7
1396980 1056.7
1396990 1059.6
1397000 1062.2
1397010 1062.2
1397020 1066.6
1397030 1073.0
1397040 1073.0
1397050 1081.1
1397060 1089.2
1397070 1089.2
1397080 1096.8
1397090 1104.1
1397100 1104.1
1397110 1111.9
1397120 1123.2
1397130 1134.5
1397140 1134.5
1397150 1140.4
1397160 1147.1
1397170 1147.1
1397180 1153.6
1397190 1161.5
1397200 1161.5
1397210 1169.5
1397220 1176.8
1397230 1176.8
1397240 1181.6
1397250 1186.2
1397260 1186.2
1397270 1191.2
1397280 1194.8
1397290 1194.8
1397300 1198.6
1397310 1203.0
1397320 1207.0
1397330 1207.0
1397340 1211.3
1397350 1216.6
1397360 1216.6
1397370 1221.9
1397380 1227.2
1397390 1227.2
1397400 1232.1
1397410 1236.1
1397420 1236.1
1397430 1239.4
1397440 1243.7
1397450 1243.7
1397460 1247.7
1397470 1252.5
1397480 1252.5
1397490 1257.9
1397500 1264.7
1397510 1264.7
1397520 1270.5
1397530 1275.5
1397540 1279.4
1397550 1279.4
1397560 1282.2
1397570 1285.4
1397580 1285.4
1397590 1288.8
1397600 1291.0
1397610 1291.0
1397620 1293.2
1397630 1298.5
1397640 1298.5
1397650 1305.3
1397660 1310.8
1397670 1310.8
1397680 1316.2
1397690 1322.4
1397700 1322.4
1397710 1328.4
1397720 1334.7
1397730 1341.2
1397740 1341.2
1397750 1348.8
1397760 1356.4
1397770 1356.4
1397780 1365.5
1397790 1373.8
1397800 1373.8
1397810 1381.4
1397820 1387.5
1397830 1387.5
1397840 1395.5
1397850 1407.3
1397860 1407.3
1397870 1413.5
1397880 1418.4
1397890 1418.4
1397900 1424.0
1397910 1430.3
1397920 1430.3
1397930 1436.2
1397940 1442.3
1397950 1448.5
1397960 1448.5
1397970 1455.4
1397980 1462.8
1397990 1462.8
1398000 1467.5
1398010 1474.8
1398020 1474.8
1398030 1482.7
1398040 1490.6
1398050 1490.6
1398060 1498.6
1398070 1507.7
1398080 1507.7
1398090 1516.5
1398100 1523.2
1398110 1523.2
1398120 1529.0
1398130 1534.2
1398140 1539.9
1398150 1539.9
1398160 1545.3
1398170 1551.2
1398180 1551.2
1398190 1557.9
1398200 1565.0
1398210 1565.0
1398220 1572.0
1398230 1578.0
1398240 1578.0
1398250 1584.7
1398260 1590.6
1398270 1590.6
1398280 1596.2
1398290 1600.8
1398300 1600.8
1398310 1605.0
1398320 1609.3
1398330 1609.3
1398340 1613.2
1398350 1618.2
1398360 1623.7
1398370 1623.7
1398380 1629.5
1398390 1635.5
1398400 1635.5
1398410 1643.1
1398420 1651.1
1398430 1651.1
1398440 1658.7
1398450 1666.7
1398460 1666.7
1398470 1675.3
1398480 1684.0
1398490 1684.0
1398500 1693.8
1398510 1698.5
1398520 1698.5
1398530 1703.3
1398540 1707.9
1398550 1712.1
1398560 1712.1
1398570 1717.8
1398580 1722.4
1398590 1722.4
1398600 1726.3
1398610 1730.4
1398620 1730.4
1398630 1734.3
1398640 1738.9
1398650 1738.9
1398660 1744.9
1398670 1752.1
1398680 1752.1
1398690 1758.0
1398700 1761.8
1398710 1761.8
1398720 1764.7
1398730 1768.2
1398740 1772.3
1398750 1772.3
1398760 1776.1
1398770 1779.4
1398780 1779.4
1398790 1782.6
1398800 1786.0
1398810 1786.0
1398820 1789.6
1398830 1793.4
1398840 1793.4
1398850 1797.3
1398860 1801.4
1398870 1801.4
1398880 1805.1
1398890 1808.9
1398900 1808.9
1398910 1812.7
1398920 1816.6
1398930 1816.6
1398940 1821.0
1398950 1826.4
1398960 1831.5
1398970 1831.5
1398980 1836.7
1398990 1841.7
1399000 1841.7
1399010 1845.4
1399020 1849.2
1399030 1849.2
1399040 1853.7
1399050 1858.1
1399060 1858.1
1399070 1862.1
1399080 1865.8
1399090 1865.8
1399100 1868.9
1399110 1870.2
1399120 1870.2
1399130 1870.7
1399140 1871.5
1399150 1872.7
1399160 1872.7
1399170 1874.5
1399180 1876.4
1399190 1876.4
1399200 1878.0
1399210 1879.3
1399220 1879.3
1399230 1881.2
1399240 1883.8
1399250 1883.8
1399260 1885.9
1399270 1888.2
1399280 1888.2
1399290 1892.9
1399300 1899.2
1399310 1899.2
1399320 1901.9
1399330 1903.6
1399340 1903.6
1399350 1906.5
1399360 1909.6
1399370 1913.3
1399380 1913.3
1399390 1917.0
1399400 1920.3
1399410 1920.3
1399420 1923.5
1399430 1926.3
1399440 1926.3
1399450 1929.4
1399460 1933.7
1399470 1933.7
1399480 1935.1
1399490 1940.4
1399500 1940.4
1399510 1946.5
1399520 1953.2
1399530 1953.2
1399540 1959.1
1399550 1964.1
1399560 1967.7
1399570 1967.7
1399580 1971.3
1399590 1975.2
1399600 1975.2
1399610 1978.7
1399620 1981.2
1399630 1981.2
1399640 1983.7
1399650 1986.7
1399660 1986.7
1399670 1988.9
1399680 1993.4
1399690 1993.4
1399700 1999.4
1399710 2004.6
1399720 2004.6
1399730 2008.8
1399740 2011.9
1399750 2011.9
1399760 2015.3
1399770 2019.1
1399780 2022.3
1399790 2022.3
1399800 2025.7
1399810 2031.9
1399820 2031.9
1399830 2038.3
1399840 2044.1
1399850 2044.1
1399860 2049.3
1399870 2054.7
1399880 2054.7
1399890 2059.7
1399900 2064.3
1399910 2064.3
1399920 2068.3
1399930 2071.9
1399940 2071.9
1399950 2074.9
1399960 2077.9
1399970 2081.5
1399980 2081.5
1399990 2085.7
1380000 2209.2
1380010 2206.5
1380020 2204.3
1380030 2204.3
1380040 2206.3
1380050 2208.0
1380060 2208.0
1380070 2209.8
1380080 2213.1
1380090 2215.5
1380100 2215.5
1380110 2215.4
1380120 2217.7
1380130 2217.7
1380140 2219.6
1380150 2219.3
1380160 2219.3
1380170 2217.5
1380180 2216.1
1380190 2216.1
1380200 2214.9
1380210 2213.8
1380220 2213.8
1380230 2212.4
1380240 2211.0
1380250 2211.0
1380260 2208.9
1380270 2205.4
1380280 2205.4
1380290 2200.5
1380300 2195.5
1380310 2191.3
1380320 2191.3
1380330 2187.4
1380340 2182.7
1380350 2182.7
1380360 2178.0
1380370 2172.8
1380380 2172.8
1380390 2168.2
1380400 2164.6
1380410 2164.6
1380420 2161.9
1380430 2159.8
1380440 2159.8
1380450 2157.8
1380460 2154.6
1380470 2154.6
1380480 2152.3
1380490 2150.3
1380500 2148.1
1380510 2148.1
1380520 2145.5
1380530 2142.5
1380540 2142.5
1380550 2138.8
1380560 2133.5
1380570 2133.5
1380580 2129.2
1380590 2126.7
1380600 2126.7
1380610 2124.8
1380620 2121.0
1380630 2121.0
1380640 2116.8
1380650 2110.4
1380660 2110.4
1380670 2091.9
1380680 2078.7
1380690 2078.7
1380700 2067.1
1380710 2059.9
1380720 2048.9
1380730 2048.9
1380740 2044.7
1380750 2040.5
1380760 2040.5
1380770 2037.1
1380780 2033.8
1380790 2033.8
1380800 2028.6
1380810 2021.3
1380820 2021.3
1380830 2013.4
1380840 2005.8
1380850 2005.8
1380860 1997.9
1380870 1989.4
1380880 1989.4
1380890 1981.1
1380900 1973.7
1380910 1967.4
1380920 1967.4
1380930 1961.5
1380940 1956.7
1380950 1956.7
1380960 1952.5
1380970 1950.8
1380980 1950.8
1380990 1949.7
1381000 1945.9
1381010 1945.9
1381020 1941.3
1381030 1936.0
1381040 1936.0
1381050 1931.7
1381060 1925.2
1381070 1925.2
1381080 1909.8
1381090 1896.5
1381100 1887.4
1381110 1887.4
1381120 1876.2
1381130 1867.3
1381140 1867.3
1381150 1861.6
1381160 1857.1
1381170 1857.1
1381180 1853.8
1381190 1849.4
1381200 1849.4
1381210 1844.1
1381220 1833.7
1381230 1833.7
1381240 1819.7
1381250 1808.5
1381260 1808.5
1381270 1799.3
1381280 1790.6
1381290 1790.6
1381300 1781.0
1381310 1772.2
1381320 1765.3
1381330 1765.3
1381340 1760.7
1381350 1754.6
1381360 1754.6
1381370 1745.7
1381380 1735.9
1381390 1735.9
1381400 1725.9
1381410 1715.9
1381420 1715.9
1381430 1707.0
1381440 1698.2
1381450 1698.2
1381460 1690.8
1381470 1684.0
1381480 1684.0
1381490 1677.5
1381500 1670.5
1381510 1663.3
1381520 1663.3
1381530 1655.9
1381540 1649.2
1381550 1649.2
1381560 1642.8
1381570 1636.1
1381580 1636.1
1381590 1629.1
1381600 1622.1
1381610 1622.1
1381620 1614.9
1381630 1608.1
1381640 1608.1
1381650 1601.3
1381660 1594.8
1381670 1594.8
1381680 1588.4
1381690 1582.0
1381700 1582.0
1381710 1575.8
1381720 1569.8
1381730 1563.9
1381740 1563.9
1381750 1557.7
1381760 1551.6
1381770 1551.6
1381780 1545.5
1381790 1539.2
1381800 1539.2
1381810 1532.7
1381820 1526.4
1381830 1526.4
1381840 1520.4
1381850 1515.5
1381860 1515.5
1381870 1510.2
1381880 1503.9
1381890 1503.9
1381900 1497.2
1381910 1490.5
1381920 1483.9
1381930 1483.9
1381940 1477.5
1381950 1469.6
1381960 1469.6
1381970 1462.8
1381980 1455.1
1381990 1455.1
1382000 1447.1
1382010 1440.2
1382020 1440.2
1382030 1431.6
1382040 1421.7
1382050 1421.7
1382060 1412.0
1382070 1405.1
1382080 1405.1
1382090 1400.7
1382100 1387.2
1382110 1387.2
1382120 1379.5
1382130 1377.3
1382140 1370.7
1382150 1370.7
1382160 1362.8
1382170 1354.2
1382180 1354.2
1382190 1345.9
1382200 1337.7
1382210 1337.7
1382220 1328.5
1382230 1318.2
1382240 1318.2
1382250 1311.8
1382260 1314.2
1382270 1314.2
1382280 1321.1
1382290 1327.3
1382300 1327.3
1382310 1334.2
1382320 1342.8
1382330 1351.8
1382340 1351.8
1382350 1359.5
1382360 1367.4
1382370 1367.4
1382380 1376.7
1382390 1386.8
1382400 1386.8
1382410 1392.9
1382420 1397.7
1382430 1397.7
1382440 1407.1
1382450 1416.3
1382460 1416.3
1382470 1425.9
1382480 1437.3
1382490 1437.3
1382500 1449.2
1382510 1461.7
1382520 1471.5
1382530 1471.5
1382540 1477.5
1382550 1482.9
1382560 1482.9
1382570 1489.2
1382580 1493.3
1382590 1493.3
1382600 1495.0
1382610 1496.6
1382620 1496.6
1382630 1499.5
1382640 1501.6
1382650 1501.6
1382660 1501.7
1382670 1501.5
1382680 1501.5
1382690 1501.6
1382700 1500.9
1382710 1500.9
1382720 1499.3
1382730 1497.8
1382740 1494.4
1382750 1494.4
1382760 1490.2
1382770 1492.1
1382780 1492.1
1382790 1495.7
1382800 1497.4
1382810 1497.4
1382820 1499.2
1382830 1500.6
1382840 1500.6
1382850 1499.9
1382860 1499.8
1382870 1499.8
1382880 1499.1
1382890 1496.1
1382900 1496.1
1382910 1492.5
1382920 1493.9
1382930 1496.8
1382940 1496.8
1382950 1498.8
1382960 1500.2
1382970 1500.2
1382980 1499.9
1382990 1497.5
1383000 1497.5
1383010 1494.0
1383020 1494.4
1383030 1494.4
1383040 1496.6
1383050 1497.2
1383060 1497.2
1383070 1497.1
1383080 1497.6
1383090 1497.6
1383100 1498.8
1383110 1498.6
1383120 1498.6
1383130 1497.5
1383140 1498.6
1383150 1499.4
1383160 1499.4
1383170 1498.6
1383180 1498.5
1383190 1504.6
1383200 1505.2
1383210 1505.8
1383220 1505.8
1383230 1506.8
1383240 1508.0
1383250 1508.0
1383260 1508.7
1383270 1509.2
1383280 1509.2
1383290 1510.2
1383300 1510.5
1383310 1510.5
1383320 1510.1
1383330 1509.8
1383340 1508.7
1383350 1508.7
1383360 1507.0
1383370 1505.8
1383380 1505.8
1383390 1504.8
1383400 1504.2
1383410 1504.2
1383420 1505.2
1383430 1505.7
1383440 1505.7
1383450 1503.3
1383460 1498.5
1383470 1498.5
1383480 1492.5
1383490 1488.0
1383500 1488.0
1383510 1484.8
1383520 1482.3
1383530 1482.3
1383540 1479.9
1383550 1478.0
1383560 1474.2
1383570 1474.2
1383580 1470.4
1383590 1469.1
1383600 1469.1
1383610 1467.8
1383620 1463.7
1383630 1463.7
1383640 1461.3
1383650 1461.4
1383660 1461.4
1383670 1462.4
1383680 1463.5
1383690 1463.5
1383700 1464.2
1383710 1465.5
1383720 1465.5
1383730 1466.3
1383740 1466.1
1383750 1465.7
1383760 1465.7
1383770 1465.0
1383780 1463.0
1383790 1463.0
1383800 1460.0
1383810 1459.4
1383820 1459.4
1383830 1461.1
1383840 1464.4
1383850 1464.4
1383860 1467.2
1383870 1470.7
1383880 1470.7
1383890 1476.1
1383900 1483.1
1383910 1483.1
1383920 1491.1
1383930 1499.0
1383940 1508.0
1383950 1508.0
1383960 1511.2
1383970 1510.2
1383980 1510.2
1383990 1508.0
1384000 1505.9
1384010 1505.9
1384020 1504.3
1384030 1502.8
1384040 1502.8
1384050 1502.0
1384060 1500.4
1384070 1500.4
1384080 1498.5
1384090 1496.1
1384100 1496.1
1384110 1494.8
1384120 1493.8
1384130 1493.8
1384140 1493.3
1384150 1491.9
1384160 1490.1
1384170 1490.1
1384180 1488.1
1384190 1485.6
1384200 1485.6
1384210 1483.6
1384220 1482.5
1384230 1482.5
1384240 1481.5
1384250 1480.2
1384260 1480.2
1384270 1478.9
1384280 1477.4
1384290 1477.4
1384300 1476.1
1384310 1474.1
1384320 1474.1
1384330 1471.4
1384340 1470.3
1384350 1469.5
1384360 1469.5
1384370 1467.3
1384380 1466.0
1384390 1466.0
1384400 1463.1
1384410 1460.1
1384420 1460.1
1384430 1460.8
1384440 1460.7
1384450 1466.4
1384460 1464.4
1384470 1461.3
1384480 1461.3
1384490 1459.3
1384500 1457.2
1384510 1457.2
1384520 1454.1
1384530 1450.9
1384540 1450.9
1384550 1448.8
1384560 1447.7
1384570 1445.8
1384580 1445.8
1384590 1443.3
1384600 1441.0
1384610 1441.0
1384620 1438.9
1384630 1436.4
1384640 1436.4
1384650 1434.1
1384660 1430.6
1384670 1430.6
1384680 1427.9
1384690 1426.3
1384700 1426.3
1384710 1428.3
1384720 1430.9
1384730 1430.9
1384740 1432.0
1384750 1430.2
1384760 1427.8
1384770 1427.8
1384780 1426.8
1384790 1425.2
1384800 1425.2
1384810 1423.4
1384820 1423.0
1384830 1423.0
1384840 1424.4
1384850 1424.8
1384860 1424.8
1384870 1422.9
1384880 1419.3
1384890 1419.3
1384900 1415.9
1384910 1414.6
1384920 1414.6
1384930 1415.1
1384940 1417.3
1384950 1417.3
1384960 1419.2
1384970 1421.3
1384980 1423.5
1384990 1423.5
1385000 1425.5
1385010 1427.6
1385020 1427.6
1385030 1430.3
1385040 1430.1
1385050 1430.1
1385060 1424.3
1385070 1416.7
1385080 1416.7
1385090 1410.8
1385100 1404.2
1385110 1404.2
1385120 1398.3
1385130 1393.0
1385140 1393.0
1385150 1390.8
1385160 1393.3
1385170 1397.5
1385180 1397.5
1385190 1401.1
1385200 1402.3
1385210 1402.3
1385220 1401.8
1385230 1401.5
1385240 1401.5
1385250 1401.7
1385260 1397.9
1385270 1397.9
1385280 1392.1
1385290 1386.3
1385300 1386.3
1385310 1381.2
1385320 1376.8
1385330 1376.8
1385340 1372.0
1385350 1367.8
1385360 1362.9
1385370 1362.9
1385380 1356.2
1385390 1344.6
1385400 1344.6
1385410 1330.1
1385420 1319.5
1385430 1319.5
1385440 1304.8
1385450 1293.7
1385460 1293.7
1385470 1286.9
1385480 1285.7
1385490 1285.7
1385500 1296.7
1385510 1313.2
1385520 1313.2
1385530 1324.9
1385540 1332.3
1385550 1332.3
1385560 1341.1
1385570 1352.5
1385580 1361.2
1385590 1361.2
1385600 1367.4
1385610 1374.6
1385620 1374.6
1385630 1381.7
1385640 1388.0
1385650 1388.0
1385660 1395.1
1385670 1401.3
1385680 1401.3
1385690 1408.1
1385700 1415.0
1385710 1415.0
1385720 1422.5
1385730 1421.7
1385740 1421.7
1385750 1423.5
1385760 1426.4
1385770 1428.6
1385780 1428.6
1385790 1430.4
1385800 1432.1
1385810 1432.1
1385820 1433.3
1385830 1433.8
1385840 1433.8
1385850 1434.0
1385860 1434.4
1385870 1434.4
1385880 1434.6
1385890 1434.8
1385900 1434.8
1385910 1434.8
1385920 1435.4
1385930 1435.4
1385940 1436.6
1385950 1437.9
1385960 1437.9
1385970 1439.0
1385980 1440.1
1385990 1440.9
1386000 1440.9
1386010 1440.8
1386020 1442.5
1386030 1442.5
1386040 1444.5
1386050 1446.6
1386060 1446.6
1386070 1450.4
1386080 1452.3
1386090 1452.3
1386100 1453.1
1386110 1453.2
1386120 1453.2
1386130 1452.4
1386140 1451.9
1386150 1451.9
1386160 1450.4
1386170 1447.7
1386180 1442.8
1386190 1442.8
1386200 1436.7
1386210 1434.2
1386220 1434.2
1386230 1436.7
1386240 1440.0
1386250 1440.0
1386260 1442.3
1386270 1443.6
1386280 1443.6
1386290 1444.2
1386300 1444.8
1386310 1444.8
1386320 1445.5
1386330 1445.8
1386340 1445.8
1386350 1447.1
1386360 1448.3
1386370 1448.3
1386380 1448.9
1386390 1449.5
1386400 1449.5
1386410 1449.5
1386420 1448.6
1386430 1447.4
1386440 1447.4
1386450 1446.4
1386460 1446.0
1386470 1446.0
1386480 1446.2
1386490 1446.5
1386500 1446.5
1386510 1446.6
1386520 1446.5
1386530 1446.5
1386540 1448.1
1386550 1449.8
1386560 1449.8
1386570 1451.1
1386580 1452.8
1386590 1455.0
1386600 1455.0
1386610 1456.4
1386620 1456.8
1386630 1456.8
1386640 1455.0
1386650 1451.9
1386660 1451.9
1386670 1450.1
1386680 1449.6
1386690 1449.6
1386700 1450.1
1386710 1451.4
1386720 1451.4
1386730 1453.1
1386740 1454.2
1386750 1454.2
1386760 1456.5
1386770 1458.1
1386780 1459.7
1386790 1459.7
1386800 1461.4
1386810 1462.0
1386820 1462.0
1386830 1462.2
1386840 1462.9
1386850 1462.9
1386860 1463.1
1386870 1462.4
1386880 1462.4
1386890 1461.3
1386900 1460.3
1386910 1460.3
1386920 1459.3
1386930 1458.8
1386940 1458.8
1386950 1458.9
1386960 1459.4
1386970 1459.4
1386980 1460.0
1386990 1460.4
1387000 1461.2
1387010 1466.3
1387020 1467.4
1387030 1468.6
1387040 1468.6
1387050 1468.4
1387060 1465.7
1387070 1465.7
1387080 1462.0
1387090 1459.3
1387100 1459.3
1387110 1460.7
1387120 1463.8
1387130 1463.8
1387140 1465.4
1387150 1466.8
1387160 1466.8
1387170 1467.7
1387180 1468.9
1387190 1471.1
1387200 1471.1
1387210 1473.4
1387220 1475.6
1387230 1475.6
1387240 1478.3
1387250 1480.5
1387260 1480.5
1387270 1481.7
1387280 1483.4
1387290 1483.4
1387300 1484.7
1387310 1484.7
1387320 1484.7
1387330 1483.0
1387340 1481.0
1387350 1481.0
1387360 1479.9
1387370 1479.7
1387380 1479.7
1387390 1479.2
1387400 1478.1
1387410 1476.5
1387420 1476.5
1387430 1474.7
1387440 1473.0
1387450 1473.0
1387460 1471.2
1387470 1469.3
1387480 1469.3
1387490 1467.5
1387500 1465.9
1387510 1465.9
1387520 1463.7
1387530 1461.2
1387540 1461.2
1387550 1459.3
1387560 1457.5
1387570 1457.5
1387580 1455.3
1387590 1453.4
1387600 1451.6
1387610 1451.6
1387620 1450.6
1387630 1449.4
1387640 1449.4
1387650 1447.7
1387660 1446.1
1387670 1446.1
1387680 1445.1
1387690 1444.0
1387700 1444.0
1387710 1442.0
1387720 1440.0
1387730 1440.0
1387740 1437.7
1387750 1435.7
1387760 1435.7
1387770 1433.6
1387780 1431.5
1387790 1431.5
1387800 1429.5
1387810 1427.7
1387820 1425.8
1387830 1425.8
1387840 1423.6
1387850 1421.2
1387860 1421.2
1387870 1419.4
1387880 1418.2
1387890 1418.2
1387900 1416.7
1387910 1415.5
1387920 1415.5
1387930 1414.3
1387940 1412.8
1387950 1412.8
1387960 1410.3
1387970 1407.1
1387980 1407.1
1387990 1404.1
1388000 1400.4
1388010 1396.5
1388020 1396.5
1388030 1393.2
1388040 1390.2
1388050 1390.2
1388060 1387.7
1388070 1386.0
1388080 1386.0
1388090 1384.3
1388100 1382.5
1388110 1382.5
1388120 1380.6
1388130 1378.1
1388140 1378.1
1388150 1376.1
1388160 1374.9
1388170 1374.9
1388180 1373.7
1388190 1371.5
1388200 1368.9
1388210 1368.9
1388220 1367.4
1388230 1367.3
1388240 1367.3
1388250 1367.8
1388260 1365.5
1388270 1365.5
1388280 1363.1
1388290 1358.1
1388300 1358.1
1388310 1352.3
1388320 1348.5
1388330 1348.5
1388340 1351.4
1388350 1357.5
1388360 1357.5
1388370 1360.5
1388380 1357.0
1388390 1357.0
1388400 1351.4
1388410 1348.2
1388420 1347.0
1388430 1347.0
1388440 1347.7
1388450 1348.8
1388460 1348.8
1388470 1343.6
1388480 1335.7
1388490 1335.7
1388500 1327.2
1388510 1317.3
1388520 1317.3
1388530 1310.7
1388540 1305.7
1388550 1305.7
1388560 1299.4
1388570 1290.8
1388580 1290.8
1388590 1273.8
1388600 1262.2
1388610 1258.5
1388620 1258.5
1388630 1259.8
1388640 1264.3
1388650 1264.3
1388660 1274.7
1388670 1286.2
1388680 1286.2
1388690 1295.5
1388700 1303.0
1388710 1303.0
1388720 1310.0
1388730 1317.8
1388740 1317.8
1388750 1325.3
1388760 1330.7
1388770 1330.7
1388780 1334.3
1388790 1337.6
1388800 1337.6
1388810 1343.1
1388820 1349.2
1388830 1356.2
1388840 1356.2
1388850 1363.5
1388860 1371.0
1388870 1371.0
1388880 1378.1
1388890 1382.8
1388900 1382.8
1388910 1382.5
1388920 1381.2
1388930 1381.2
1388940 1380.1
1388950 1378.7
1388960 1378.7
1388970 1376.8
1388980 1375.0
1388990 1375.0
1389000 1370.5
1389010 1363.5
1389020 1356.7
1389030 1356.7
1389040 1351.4
1389050 1346.8
1389060 1346.8
1389070 1341.7
1389080 1336.6
1389090 1336.6
1389100 1331.3
1389110 1326.5
1389120 1326.5
1389130 1322.6
1389140 1319.4
1389150 1319.4
1389160 1316.7
1389170 1313.5
1389180 1313.5
1389190 1311.1
1389200 1309.3
1389210 1308.1
1389220 1308.1
1389230 1306.3
1389240 1304.2
1389250 1304.2
1389260 1301.5
1389270 1297.3
1389280 1297.3
1389290 1292.2
1389300 1288.4
1389310 1288.4
1389320 1286.3
1389330 1285.2
1389340 1285.2
1389350 1284.3
1389360 1283.5
1389370 1283.5
1389380 1283.0
1389390 1282.3
1389400 1282.3
1389410 1281.4
1389420 1280.8
1389430 1280.0
1389440 1280.0
1389450 1279.1
1389460 1278.6
1389470 1278.6
1389480 1281.2
1389490 1284.6
1389500 1284.6
1389510 1286.8
1389520 1288.4
1389530 1288.4
1389540 1291.0
1389550 1293.5
1389560 1293.5
1389570 1296.7
1389580 1299.9
1389590 1299.9
1389600 1302.9
1389610 1305.5
1389620 1308.7
1389630 1308.7
1389640 1316.2
1389650 1321.4
1389660 1321.4
1389670 1326.4
1389680 1330.8
1389690 1330.8
1389700 1331.3
1389710 1327.2
1389720 1327.2
1389730 1320.8
1389740 1317.5
1389750 1317.5
1389760 1314.6
1389770 1307.1
1389780 1307.1
1389790 1299.3
1389800 1292.3
1389810 1292.3
1389820 1285.5
1389830 1278.9
1389840 1272.8
1389850 1272.8
1389860 1268.9
1389870 1264.0
1389880 1264.0
1389890 1253.9
1389900 1243.4
1389910 1243.4
1389920 1235.9
1389930 1228.8
1389940 1228.8
1389950 1223.0
1389960 1211.6
1389970 1211.6
1389980 1194.7
1389990 1187.8
1390000 1187.8
1390010 1186.7
1390020 1192.3
1390030 1203.3
1390040 1203.3
1390050 1213.7
1390060 1219.6
1390070 1219.6
1390080 1226.4
1390090 1235.6
1390100 1235.6
1390110 1241.8
1390120 1247.0
1390130 1247.0
1390140 1253.2
1390150 1257.8
1390160 1257.8
1390170 1263.2
1390180 1264.4
1390190 1264.4
1390200 1262.5
1390210 1262.2
1390220 1262.2
1390230 1261.9
1390240 1262.2
1390250 1267.4
1390260 1267.4
1390270 1274.7
1390280 1283.0
1390290 1283.0
1390300 1287.1
1390310 1285.2
1390320 1285.2
1390330 1280.6
1390340 1274.3
1390350 1274.3
1390360 1267.8
1390370 1262.3
1390380 1262.3
1390390 1257.0
1390400 1250.4
1390410 1250.4
1390420 1245.3
1390430 1244.2
1390440 1247.0
1390450 1247.0
1390460 1252.0
1390470 1254.2
1390480 1254.2
1390490 1254.2
1390500 1253.7
1390510 1253.7
1390520 1252.1
1390530 1249.8
1390540 1249.8
1390550 1249.1
1390560 1248.4
1390570 1248.4
1390580 1246.6
1390590 1246.1
1390600 1246.1
1390610 1247.9
1390620 1248.8
1390630 1248.3
1390640 1248.3
1390650 1246.5
1390660 1243.9
1390670 1243.9
1390680 1242.2
1390690 1238.4
1390700 1238.4
1390710 1236.7
1390720 1235.4
1390730 1235.4
1390740 1235.6
1390750 1238.7
1390760 1238.7
1390770 1240.8
1390780 1242.0
1390790 1242.0
1390800 1243.3
1390810 1244.1
1390820 1244.1
1390830 1245.9
1390840 1245.8
1390850 1240.4
1390860 1240.4
1390870 1233.0
1390880 1226.7
1390890 1226.7
1390900 1220.9
1390910 1215.5
1390920 1215.5
1390930 1210.4
1390940 1208.6
1390950 1208.6
1390960 1209.2
1390970 1208.0
1390980 1215.1
1390990 1213.8
1391000 1213.9
1391010 1213.9
1391020 1212.1
1391030 1215.7
1391040 1220.8
1391050 1220.8
1391060 1219.9
1391070 1212.7
1391080 1212.7
1391090 1205.4
1391100 1201.6
1391110 1201.6
1391120 1199.4
1391130 1199.4
1391140 1199.4
1391150 1201.2
1391160 1198.8
1391170 1198.8
1391180 1195.9
1391190 1195.3
1391200 1195.3
1391210 1194.7
1391220 1194.0
1391230 1194.0
1391240 1194.5
1391250 1196.7
1391260 1201.3
1391270 1201.3
1391280 1208.0
1391290 1214.5
1391300 1214.5
1391310 1211.7
1391320 1205.6
1391330 1205.6
1391340 1199.8
1391350 1194.5
1391360 1194.5
1391370 1190.8
1391380 1188.8
1391390 1188.8
1391400 1188.2
1391410 1188.3
1391420 1188.3
1391430 1188.6
1391440 1189.0
1391450 1190.4
1391460 1190.4
1391470 1193.7
1391480 1192.5
1391490 1192.5
1391500 1185.9
1391510 1180.4
1391520 1180.4
1391530 1177.2
1391540 1172.7
1391550 1172.7
1391560 1164.6
1391570 1152.6
1391580 1152.6
1391590 1139.9
1391600 1127.9
1391610 1127.9
1391620 1112.6
1391630 1097.1
1391640 1097.1
1391650 1087.6
1391660 1086.6
1391670 1089.7
1391680 1089.7
1391690 1094.3
1391700 1097.9
1391710 1097.9
1391720 1106.3
1391730 1111.9
1391740 1111.9
1391750 1113.1
1391760 1111.9
1391770 1111.9
1391780 1115.5
1391790 1121.3
1391800 1121.3
1391810 1127.9
1391820 1134.5
1391830 1134.5
1391840 1140.0
1391850 1146.6
1391860 1153.8
1391870 1153.8
1391880 1159.4
1391890 1166.1
1391900 1166.1
1391910 1173.1
1391920 1179.9
1391930 1179.9
1391940 1187.1
1391950 1194.3
1391960 1194.3
1391970 1203.2
1391980 1211.2
1391990 1211.2
1392000 1218.3
1392010 1226.2
1392020 1226.2
1392030 1233.6
1392040 1240.6
1392050 1245.9
1392060 1245.9
1392070 1248.8
1392080 1248.4
1392090 1248.4
1392100 1247.1
1392110 1245.9
1392120 1245.9
1392130 1244.7
1392140 1243.2
1392150 1243.2
1392160 1240.7
1392170 1237.9
1392180 1237.9
1392190 1235.3
1392200 1233.1
1392210 1233.1
1392220 1231.4
1392230 1230.0
1392240 1230.0
1392250 1228.7
1392260 1227.0
1392270 1225.3
1392280 1225.3
1392290 1223.1
1392300 1219.5
1392310 1219.5
1392320 1214.4
1392330 1207.7
1392340 1205.5
1392350 1199.9
1392360 1196.3
1392370 1196.3
1392380 1193.7
1392390 1191.7
1392400 1191.7
1392410 1190.0
1392420 1188.5
1392430 1188.5
1392440 1187.6
1392450 1187.9
1392460 1188.3
1392470 1188.3
1392480 1188.9
1392490 1188.8
1392500 1188.8
1392510 1187.4
1392520 1185.7
1392530 1185.7
1392540 1183.7
1392550 1182.0
1392560 1182.0
1392570 1181.7
1392580 1182.4
1392590 1182.4
1392600 1182.8
1392610 1182.3
1392620 1182.3
1392630 1181.5
1392640 1180.3
1392650 1180.3
1392660 1178.3
1392670 1175.2
1392680 1171.7
1392690 1171.7
1392700 1167.8
1392710 1164.4
1392720 1164.4
1392730 1161.6
1392740 1156.3
1392750 1156.3
1392760 1149.4
1392770 1143.4
1392780 1143.4
1392790 1136.3
1392800 1131.4
1392810 1131.4
1392820 1129.9
1392830 1129.2
1392840 1129.2
1392850 1128.8
1392860 1126.5
1392870 1123.8
1392880 1123.8
1392890 1121.2
1392900 1117.8
1392910 1117.8
1392920 1113.2
1392930 1107.4
1392940 1107.4
1392950 1100.2
1392960 1094.6
1392970 1094.6
1392980 1091.9
1392990 1090.0
1393000 1090.0
1393010 1087.1
1393020 1087.1
1393030 1087.1
1393040 1089.7
1393050 1091.3
1393060 1093.7
1393070 1093.7
1393080 1094.1
1393090 1094.8
1393100 1094.8
1393110 1097.2
1393120 1099.6
1393130 1099.6
1393140 1100.2
1393150 1098.7
1393160 1098.7
1393170 1095.0
1393180 1089.0
1393190 1089.0
1393200 1081.9
1393210 1074.7
1393220 1074.7
1393230 1068.3
1393240 1061.1
1393250 1061.1
1393260 1054.0
1393270 1047.7
1393280 1042.5
1393290 1042.5
1393300 1039.2
1393310 1037.3
1393320 1037.3
1393330 1038.4
1393340 1040.6
1393350 1040.6
1393360 1044.2
1393370 1048.2
1393380 1048.2
1393390 1053.3
1393400 1057.2
1393410 1057.2
1393420 1059.8
1393430 1060.2
1393440 1060.2
1393450 1059.2
1393460 1058.4
1393470 1056.7
1393480 1056.7
1393490 1054.9
1393500 1052.5
1393510 1052.5
1393520 1049.7
1393530 1047.0
1393540 1047.0
1393550 1044.8
1393560 1042.6
1393570 1042.6
1393580 1040.5
1393590 1038.6
1393600 1038.6
1393610 1037.1
1393620 1036.2
1393630 1036.2
1393640 1035.3
1393650 1033.9
1393660 1033.9
1393670 1031.7
1393680 1030.1
1393690 1029.7
1393700 1029.7
1393710 1029.8
1393720 1031.8
1393730 1031.8
1393740 1032.0
1393750 1032.4
1393760 1032.4
1393770 1032.9
1393780 1033.5
1393790 1033.5
1393800 1034.1
1393810 1035.1
1393820 1035.1
1393830 1036.5
1393840 1038.6
1393850 1038.6
1393860 1041.9
1393870 1045.9
1393880 1050.4
1393890 1050.4
1393900 1054.8
1393910 1057.7
1393920 1057.7
1393930 1058.9
1393940 1060.1
1393950 1060.1
1393960 1061.4
1393970 1062.5
1393980 1062.5
1393990 1063.1
1394000 1063.3
1394010 1063.3
1394020 1063.1
1394030 1062.4
1394040 1062.4
1394050 1060.4
1394060 1057.0
1394070 1057.0
1394080 1054.2
1394090 1051.6
1394100 1048.3
1394110 1048.3
1394120 1043.8
1394130 1039.6
1394140 1039.6
1394150 1037.4
1394160 1036.5
1394170 1036.5
1394180 1035.9
1394190 1035.8
1394200 1035.8
1394210 1035.5
1394220 1034.3
1394230 1034.3
1394240 1032.7
1394250 1031.2
1394260 1031.2
1394270 1029.8
1394280 1028.2
1394290 1025.8
1394300 1025.8
1394310 1023.4
1394320 1021.4
1394330 1021.4
1394340 1019.1
1394350 1017.1
1394360 1017.1
1394370 1015.8
1394380 1014.4
1394390 1014.4
1394400 1010.6
1394410 1008.1
1394420 1008.1
1394430 1006.7
1394440 1006.7
1394450 1006.7
1394460 1005.0
1394470 1000.9
1394480 997.7
1394490 997.7
1394500 994.2
1394510 992.2
1394520 992.2
1394530 989.9
1394540 986.6
1394550 986.6
1394560 983.1
1394570 979.6
1394580 979.6
1394590 977.5
1394600 977.8
1394610 977.8
1394620 978.3
1394630 977.5
1394640 977.5
1394650 976.3
1394660 975.3
1394670 975.3
1394680 974.4
1394690 974.0
1394700 973.6
1394710 973.6
1394720 972.8
1394730 972.1
1394740 972.1
1394750 971.4
1394760 970.8
1394770 970.8
1394780 970.4
1394790 969.6
1394800 969.6
1394810 968.3
1394820 967.0
1394830 967.0
1394840 966.8
1394850 966.7
1394860 966.7
1394870 966.8
1394880 966.7
1394890 965.9
1394900 965.9
1394910 964.5
1394920 963.1
1394930 963.1
1394940 962.1
1394950 961.8
1394960 961.8
1394970 961.5
1394980 960.9
1394990 960.9
1395000 961.3
1395010 960.8
1395020 960.8
1395030 960.5
1395040 959.7
1395050 959.7
1395060 958.4
1395070 958.3
1395080 958.3
1395090 958.3
1395100 958.2
1395110 959.3
1395120 959.3
1395130 961.5
1395140 963.5
1395150 963.5
1395160 963.7
1395170 965.8
1395180 965.8
1395190 966.3
1395200 966.8
1395210 966.8
1395220 967.9
1395230 969.3
1395240 969.3
1395250 969.7
1395260 970.2
1395270 970.2
1395280 970.6
1395290 971.2
1395300 968.6
1395310 968.6
1395320 963.6
1395330 961.3
1395340 961.3
1395350 960.2
1395360 960.2
1395370 960.2
1395380 960.0
1395390 961.3
1395400 961.3
1395410 961.8
1395420 961.2
1395430 961.2
1395440 958.8
1395450 957.5
1395460 957.5
1395470 956.0
1395480 952.8
1395490 952.8
1395500 945.2
1395510 937.3
1395520 934.1
1395530 934.1
1395540 931.0
1395550 929.3
1395560 929.3
1395570 929.1
1395580 929.2
1395590 929.2
1395600 929.3
1395610 929.5
1395620 929.5
1395630 929.8
1395640 927.7
1395650 927.7
1395660 926.6
1395670 926.6
1395680 926.6
1395690 926.9
1395700 929.4
1395710 930.1
1395720 930.1
1395730 928.6
1395740 928.1
1395750 928.1
1395760 927.9
1395770 927.9
1395780 927.9
1395790 927.9
1395800 927.8
1395810 927.8
1395820 927.9
1395830 927.9
1395840 927.9
1395850 927.8
1395860 927.7
1395870 927.7
1395880 927.6
1395890 927.7
1395900 927.7
1395910 927.7
1395920 927.6
1395930 927.5
1395940 927.5
1395950 927.4
1395960 927.4
1395970 927.4
1395980 927.3
1395990 927.3
1396000 927.3
1396010 927.3
1396020 927.2
1396030 927.2
1396040 927.1
1396050 927.1
1396060 927.1
1396070 927.1
1396080 927.0
1396090 927.0
1396100 927.0
1396110 926.8
1396120 926.8
1396130 926.8
1396140 926.9
1396150 927.0
1396160 927.0
1396170 927.0
1396180 927.0
1396190 927.0
1396200 926.9
1396210 926.8
1396220 926.8
1396230 926.8
1396240 926.8
1396250 926.8
1396260 926.6
1396270 926.2
1396280 926.2
1396290 926.3
1396300 926.6
1396310 926.7
1396320 926.7
1396330 926.7
1396340 926.7
1396350 926.7
1396360 926.6
1396370 926.6
1396380 926.6
1396390 926.6
1396400 926.6
1396410 926.6
1396420 926.6
1396430 926.5
1396440 926.5
1396450 926.4
1396460 926.4
1396470 926.4
1396480 926.6
1396490 927.2
1396500 927.2
1396510 927.4
1396520 926.8
1396530 926.4
1396540 926.4
1396550 926.5
1396560 927.5
1396570 927.5
1396580 929.5
1396590 933.4
1396600 933.4
1396610 936.6
1396620 939.8
1396630 939.8
1396640 943.1
1396650 946.2
1396660 946.2
1396670 949.8
1396680 953.3
1396690 953.3
1396700 956.7
1396710 960.4
1396720 963.8
1396730 963.8
1396740 967.2
1396750 971.3
1396760 971.3
1396770 976.5
1396780 980.4
1396790 980.4
1396800 986.5
1396810 994.4
1396820 994.4
1396830 1002.4
1396840 1009.3
1396850 1009.3
1396860 1014.5
1396870 1022.6
1396880 1022.6
1396890 1032.1
1396900 1039.2
1396910 1039.2
1396920 1042.7
1396930 1046.4
1396940 1050.0
1396950 1050.0
1396960 1053.5
1396970 1056.7
1396980 1056.7
1396990 1059.6
1397000 1062.2
1397010 1062.2
1397020 1066.6
1397030 1073.0
1397040 1073.0
1397050 1081.1
1397060 1089.2
1397070 1089.2
1397080 1096.8
1397090 1104.1
1397100 1104.1
1397110 1111.9
1397120 1123.2
1397130 1134.5
1397140 1134.5
1397150 1140.4
1397160 1147.1
1397170 1147.1
1397180 1153.6
1397190 1161.5
1397200 1161.5
1397210 1169.5
1397220 1176.8
1397230 1176.8
1397240 1181.6
1397250 1186.2
1397260 1186.2
1397270 1191.2
1397280 1194.8
1397290 1194.8
1397300 1198.6
1397310 1203.0
1397320 1207.0
1397330 1207.0
1397340 1211.3
1397350 1216.6
1397360 1216.6
1397370 1221.9
1397380 1227.2
1397390 1227.2
1397400 1232.1
1397410 1236.1
1397420 1236.1
1397430 1239.4
1397440 1243.7
1397450 1243.7
1397460 1247.7
1397470 1252.5
1397480 1252.5
1397490 1257.9
1397500 1264.7
1397510 1264.7
1397520 1270.5
1397530 1275.5
1397540 1279.4
1397550 1279.4
1397560 1282.2
1397570 1285.4
1397580 1285.4
1397590 1288.8
1397600 1291.0
1397610 1291.0
1397620 1293.2
1397630 1298.5
1397640 1298.5
1397650 1305.3
1397660 1310.8
1397670 1310.8
1397680 1316.2
1397690 1322.4
1397700 1322.4
1397710 1328.4
1397720 1334.7
1397730 1341.2
1397740 1341.2
1397750 1348.8
1397760 1356.4
1397770 1356.4
1397780 1365.5
1397790 1373.8
1397800 1373.8
1397810 1381.4
1397820 1387.5
1397830 1387.5
1397840 1395.5
1397850 1407.3
1397860 1407.3
1397870 1413.5
1397880 1418.4
1397890 1418.4
1397900 1424.0
1397910 1430.3
1397920 1430.3
1397930 1436.2
1397940 1442.3
1397950 1448.5
1397960 1448.5
1397970 1455.4
1397980 1462.8
1397990 1462.8
1398000 1467.5
1398010 1474.8
1398020 1474.8
1398030 1482.7
1398040 1490.6
1398050 1490.6
1398060 1498.6
1398070 1507.7
1398080 1507.7
1398090 1516.5
1398100 1523.2
1398110 1523.2
1398120 1529.0
1398130 1534.2
1398140 1539.9
1398150 1539.9
1398160 1545.3
1398170 1551.2
1398180 1551.2
1398190 1557.9
1398200 1565.0
1398210 1565.0
1398220 1572.0
1398230 1578.0
1398240 1578.0
1398250 1584.7
1398260 1590.6
1398270 1590.6
1398280 1596.2
1398290 1600.8
1398300 1600.8
1398310 1605.0
1398320 1609.3
1398330 1609.3
1398340 1613.2
1398350 1618.2
1398360 1623.7
1398370 1623.7
1398380 1629.5
1398390 1635.5
1398400 1635.5
1398410 1643.1
1398420 1651.1
1398430 1651.1
1398440 1658.7
1398450 1666.7
1398460 1666.7
1398470 1675.3
1398480 1684.0
1398490 1684.0
1398500 1693.8
1398510 1698.5
1398520 1698.5
1398530 1703.3
1398540 1707.9
1398550 1712.1
1398560 1712.1
1398570 1717.8
1398580 1722.4
1398590 1722.4
1398600 1726.3
1398610 1730.4
1398620 1730.4
1398630 1734.3
1398640 1738.9
1398650 1738.9
1398660 1744.9
1398670 1752.1
1398680 1752.1
1398690 1758.0
1398700 1761.8
1398710 1761.8
1398720 1764.7
1398730 1768.2
1398740 1772.3
1398750 1772.3
1398760 1776.1
1398770 1779.4
1398780 1779.4
1398790 1782.6
1398800 1786.0
1398810 1786.0
1398820 1789.6
1398830 1793.4
1398840 1793.4
1398850 1797.3
1398860 1801.4
1398870 1801.4
1398880 1805.1
1398890 1808.9
1398900 1808.9
1398910 1812.7
1398920 1816.6
1398930 1816.6
1398940 1821.0
1398950 1826.4
1398960 1831.5
1398970 1831.5
1398980 1836.7
1398990 1841.7
1399000 1841.7
1399010 1845.4
1399020 1849.2
1399030 1849.2
1399040 1853.7
1399050 1858.1
1399060 1858.1
1399070 1862.1
1399080 1865.8
1399090 1865.8
1399100 1868.9
1399110 1870.2
1399120 1870.2
1399130 1870.7
1399140 1871.5
1399150 1872.7
1399160 1872.7
1399170 1874.5
1399180 1876.4
1399190 1876.4
1399200 1878.0
1399210 1879.3
1399220 1879.3
1399230 1881.2
1399240 1883.8
1399250 1883.8
1399260 1885.9
1399270 1888.2
1399280 1888.2
1399290 1892.9
1399300 1899.2
1399310 1899.2
1399320 1901.9
1399330 1903.6
1399340 1903.6
1399350 1906.5
1399360 1909.6
1399370 1913.3
1399380 1913.3
1399390 1917.0
1399400 1920.3
1399410 1920.3
1399420 1923.5
1399430 1926.3
1399440 1926.3
1399450 1929.4
1399460 1933.7
1399470 1933.7
1399480 1935.1
1399490 1940.4
1399500 1940.4
1399510 1946.5
1399520 1953.2
1399530 1953.2
1399540 1959.1
1399550 1964.1
1399560 1967.7
1399570 1967.7
1399580 1971.3
1399590 1975.2
1399600 1975.2
1399610 1978.7
1399620 1981.2
1399630 1981.2
1399640 1983.7
1399650 1986.7
1399660 1986.7
1399670 1988.9
1399680 1993.4
1399690 1993.4
1399700 1999.4
1399710 2004.6
1399720 2004.6
1399730 2008.8
1399740 2011.9
1399750 2011.9
1399760 2015.3
1399770 2019.1
1399780 2022.3
1399790 2022.3
1399800 2025.7
1399810 2031.9
1399820 2031.9
1399830 2038.3
1399840 2044.1
1399850 2044.1
1399860 2049.3
1399870 2054.7
1399880 2054.7
1399890 2059.7
1399900 2064.3
1399910 2064.3
1399920 2068.3
1399930 2071.9
1399940 2071.9
1399950 2074.9
1399960 2077.9
1399970 2081.5
1399980 2081.5
1399990 2085.7
1380000 2209.2
1380010 2206.5
1380020 2204.3
1380030 2204.3
1380040 2206.3
1380050 2208.0
1380060 2208.0
1380070 2209.8
1380080 2213.1
1380090 2215.5
1380100 2215.5
1380110 2215.4
1380120 2217.7
1380130 2217.7
1380140 2219.6
1380150 2219.3
1380160 2219.3
1380170 2217.5
1380180 2216.1
1380190 2216.1
1380200 2214.9
1380210 2213.8
1380220 2213.8
1380230 2212.4
1380240 2211.0
1380250 2211.0
1380260 2208.9
1380270 2205.4
1380280 2205.4
1380290 2200.5
1380300 2195.5
1380310 2191.3
1380320 2191.3
1380330 2187.4
1380340 2182.7
1380350 2182.7
1380360 2178.0
1380370 2172.8
1380380 2172.8
1380390 2168.2
1380400 2164.6
1380410 2164.6
1380420 2161.9
1380430 2159.8
1380440 2159.8
1380450 2157.8
1380460 2154.6
1380470 2154.6
1380480 2152.3
1380490 2150.3
1380500 2148.1
1380510 2148.1
1380520 2145.5
1380530 2142.5
1380540 2142.5
1380550 2138.8
1380560 2133.5
1380570 2133.5
1380580 2129.2
1380590 2126.7
1380600 2126.7
1380610 2124.8
1380620 2121.0
1380630 2121.0
1380640 2116.8
1380650 2110.4
1380660 2110.4
1380670 2091.9
1380680 2078.7
1380690 2078.7
1380700 2067.1
1380710 2059.9
1380720 2048.9
1380730 2048.9
1380740 2044.7
1380750 2040.5
1380760 2040.5
1380770 2037.1
1380780 2033.8
1380790 2033.8
1380800 2028.6
1380810 2021.3
1380820 2021.3
1380830 2013.4
1380840 2005.8
1380850 2005.8
1380860 1997.9
1380870 1989.4
1380880 1989.4
1380890 1981.1
1380900 1973.7
1380910 1967.4
1380920 1967.4
1380930 1961.5
1380940 1956.7
1380950 1956.7
1380960 1952.5
1380970 1950.8
1380980 1950.8
1380990 1949.7
1381000 1945.9
1381010 1945.9
1381020 1941.3
1381030 1936.0
1381040 1936.0
1381050 1931.7
1381060 1925.2
1381070 1925.2
1381080 1909.8
1381090 1896.5
1381100 1887.4
1381110 1887.4
1381120 1876.2
1381130 1867.3
1381140 1867.3
1381150 1861.6
1381160 1857.1
1381170 1857.1
1381180 1853.8
1381190 1849.4
1381200 1849.4
1381210 1844.1
1381220 1833.7
1381230 1833.7
1381240 1819.7
1381250 1808.5
1381260 1808.5
1381270 1799.3
1381280 1790.6
1381290 1790.6
1381300 1781.0
1381310 1772.2
1381320 1765.3
1381330 1765.3
1381340 1760.7
1381350 1754.6
1381360 1754.6
1381370 1745.7
1381380 1735.9
1381390 1735.9
1381400 1725.9
1381410 1715.9
1381420 1715.9
1381430 1707.0
1381440 1698.2
1381450 1698.2
1381460 1690.8
1381470 1684.0
1381480 1684.0
1381490 1677.5
1381500 1670.5
1381510 1663.3
1381520 1663.3
1381530 1655.9
1381540 1649.2
1381550 1649.2
1381560 1642.8
1381570 1636.1
1381580 1636.1
1381590 1629.1
1381600 1622.1
1381610 1622.1
1381620 1614.9
1381630 1608.1
1381640 1608.1
1381650 1601.3
1381660 1594.8
1381670 1594.8
1381680 1588.4
1381690 1582.0
1381700 1582.0
1381710 1575.8
1381720 1569.8
1381730 1563.9
1381740 1563.9
1381750 1557.7
1381760 1551.6
1381770 1551.6
1381780 1545.5
1381790 1539.2
1381800 1539.2
1381810 1532.7
1381820 1526.4
1381830 1526.4
1381840 1520.4
1381850 1515.5
1381860 1515.5
1381870 1510.2
1381880 1503.9
1381890 1503.9
1381900 1497.2
1381910 1490.5
1381920 1483.9
1381930 1483.9
1381940 1477.5
1381950 1469.6
1381960 1469.6
1381970 1462.8
1381980 1455.1
1381990 1455.1
1382000 1447.1
1382010 1440.2
1382020 1440.2
1382030 1431.6
1382040 1421.7
1382050 1421.7
1382060 1412.0
1382070 1405.1
1382080 1405.1
1382090 1400.7
1382100 1387.2
1382110 1387.2
1382120 1379.5
1382130 1377.3
1382140 1370.7
1382150 1370.7
1382160 1362.8
1382170 1354.2
1382180 1354.2
1382190 1345.9
1382200 1337.7
1382210 1337.7
1382220 1328.5
1382230 1318.2
1382240 1318.2
1382250 1311.8
1382260 1314.2
1382270 1314.2
1382280 1321.1
1382290 1327.3
1382300 1327.3
1382310 1334.2
1382320 1342.8
1382330 1351.8
1382340 1351.8
1382350 1359.5
1382360 1367.4
1382370 1367.4
1382380 1376.7
1382390 1386.8
1382400 1386.8
1382410 1392.9
1382420 1397.7
1382430 1397.7
1382440 1407.1
1382450 1416.3
1382460 1416.3
1382470 1425.9
1382480 1437.3
1382490 1437.3
1382500 1449.2
1382510 1461.7
1382520 1471.5
1382530 1471.5
1382540 1477.5
1382550 1482.9
1382560 1482.9
1382570 1489.2
1382580 1493.3
1382590 1493.3
1382600 1495.0
1382610 1496.6
1382620 1496.6
1382630 1499.5
1382640 1501.6
1382650 1501.6
1382660 1501.7
1382670 1501.5
1382680 1501.5
1382690 1501.6
1382700 1500.9
1382710 1500.9
1382720 1499.3
1382730 1497.8
1382740 1494.4
1382750 1494.4
1382760 1490.2
1382770 1492.1
1382780 1492.1
1382790 1495.7
1382800 1497.4
1382810 1497.4
1382820 1499.2
1382830 1500.6
1382840 1500.6
1382850 1499.9
1382860 1499.8
1382870 1499.8
1382880 1499.1
1382890 1496.1
1382900 1496.1
1382910 1492.5
1382920 1493.9
1382930 1496.8
1382940 1496.8
1382950 1498.8
1382960 1500.2
1382970 1500.2
1382980 1499.9
1382990 1497.5
1383000 1497.5
1383010 1494.0
1383020 1494.4
1383030 1494.4
1383040 1496.6
1383050 1497.2
1383060 1497.2
1383070 1497.1
1383080 1497.6
1383090 1497.6
1383100 1498.8
1383110 1498.6
1383120 1498.6
1383130 1497.5
1383140 1498.6
1383150 1499.4
1383160 1499.4
1383170 1498.6
1383180 1498.5
1383190 1504.6
1383200 1505.2
1383210 1505.8
1383220 1505.8
1383230 1506.8
1383240 1508.0
1383250 1508.0
1383260 1508.7
1383270 1509.2
1383280 1509.2
1383290 1510.2
1383300 1510.5
1383310 1510.5
1383320 1510.1
1383330 1509.8
1383340 1508.7
1383350 1508.7
1383360 1507.0
1383370 1505.8
1383380 1505.8
1383390 1504.8
1383400 1504.2
1383410 1504.2
1383420 1505.2
1383430 1505.7
1383440 1505.7
1383450 1503.3
1383460 1498.5
1383470 1498.5
1383480 1492.5
1383490 1488.0
1383500 1488.0
1383510 1484.8
1383520 1482.3
1383530 1482.3
1383540 1479.9
1383550 1478.0
1383560 1474.2
1383570 1474.2
1383580 1470.4
1383590 1469.1
1383600 1469.1
1383610 1467.8
1383620 1463.7
1383630 1463.7
1383640 1461.3
1383650 1461.4
1383660 1461.4
1383670 1462.4
1383680 1463.5
1383690 1463.5
1383700 1464.2
1383710 1465.5
1383720 1465.5
1383730 1466.3
1383740 1466.1
1383750 1465.7
1383760 1465.7
1383770 1465.0
1383780 1463.0
1383790 1463.0
1383800 1460.0
1383810 1459.4
1383820 1459.4
1383830 1461.1
1383840 1464.4
1383850 1464.4
1383860 1467.2
1383870 1470.7
1383880 1470.7
1383890 1476.1
1383900 1483.1
1383910 1483.1
1383920 1491.1
1383930 1499.0
1383940 1508.0
1383950 1508.0
1383960 1511.2
1383970 1510.2
1383980 1510.2
1383990 1508.0
1384000 1505.9
1384010 1505.9
1384020 1504.3
1384030 1502.8
1384040 1502.8
1384050 1502.0
1384060 1500.4
1384070 1500.4
1384080 1498.5
1384090 1496.1
1384100 1496.1
1384110 1494.8
1384120 1493.8
1384130 1493.8
1384140 1493.3
1384150 1491.9
1384160 1490.1
1384170 1490.1
1384180 1488.1
1384190 1485.6
1384200 1485.6
1384210 1483.6
1384220 1482.5
1384230 1482.5
1384240 1481.5
1384250 1480.2
1384260 1480.2
1384270 1478.9
1384280 1477.4
1384290 1477.4
1384300 1476.1
1384310 1474.1
1384320 1474.1
1384330 1471.4
1384340 1470.3
1384350 1469.5
1384360 1469.5
1384370 1467.3
1384380 1466.0
1384390 1466.0
1384400 1463.1
1384410 1460.1
1384420 1460.1
1384430 1460.8
1384440 1460.7
1384450 1466.4
1384460 1464.4
1384470 1461.3
1384480 1461.3
1384490 1459.3
1384500 1457.2
1384510 1457.2
1384520 1454.1
1384530 1450.9
1384540 1450.9
1384550 1448.8
1384560 1447.7
1384570 1445.8
1384580 1445.8
1384590 1443.3
1384600 1441.0
1384610 1441.0
1384620 1438.9
1384630 1436.4
1384640 1436.4
1384650 1434.1
1384660 1430.6
1384670 1430.6
1384680 1427.9
1384690 1426.3
1384700 1426.3
1384710 1428.3
1384720 1430.9
1384730 1430.9
1384740 1432.0
1384750 1430.2
1384760 1427.8
1384770 1427.8
1384780 1426.8
1384790 1425.2
1384800 1425.2
1384810 1423.4
1384820 1423.0
1384830 1423.0
1384840 1424.4
1384850 1424.8
1384860 1424.8
1384870 1422.9
1384880 1419.3
1384890 1419.3
1384900 1415.9
1384910 1414.6
1384920 1414.6
1384930 1415.1
1384940 1417.3
1384950 1417.3
1384960 1419.2
1384970 1421.3
1384980 1423.5
1384990 1423.5
1385000 1425.5
1385010 1427.6
1385020 1427.6
1385030 1430.3
1385040 1430.1
1385050 1430.1
1385060 1424.3
1385070 1416.7
1385080 1416.7
1385090 1410.8
1385100 1404.2
1385110 1404.2
1385120 1398.3
1385130 1393.0
1385140 1393.0
1385150 1390.8
1385160 1393.3
1385170 1397.5
1385180 1397.5
1385190 1401.1
1385200 1402.3
1385210 1402.3
1385220 1401.8
1385230 1401.5
1385240 1401.5
1385250 1401.7
1385260 1397.9
1385270 1397.9
1385280 1392.1
1385290 1386.3
1385300 1386.3
1385310 1381.2
1385320 1376.8
1385330 1376.8
1385340 1372.0
1385350 1367.8
1385360 1362.9
1385370 1362.9
1385380 1356.2
1385390 1344.6
1385400 1344.6
1385410 1330.1
1385420 1319.5
1385430 1319.5
1385440 1304.8
1385450 1293.7
1385460 1293.7
1385470 1286.9
1385480 1285.7
1385490 1285.7
1385500 1296.7
1385510 1313.2
1385520 1313.2
1385530 1324.9
1385540 1332.3
1385550 1332.3
1385560 1341.1
1385570 1352.5
1385580 1361.2
1385590 1361.2
1385600 1367.4
1385610 1374.6
1385620 1374.6
1385630 1381.7
1385640 1388.0
1385650 1388.0
1385660 1395.1
1385670 1401.3
1385680 1401.3
1385690 1408.1
1385700 1415.0
1385710 1415.0
1385720 1422.5
1385730 1421.7
1385740 1421.7
1385750 1423.5
1385760 1426.4
1385770 1428.6
1385780 1428.6
1385790 1430.4
1385800 1432.1
1385810 1432.1
1385820 1433.3
1385830 1433.8
1385840 1433.8
1385850 1434.0
1385860 1434.4
1385870 1434.4
1385880 1434.6
1385890 1434.8
1385900 1434.8
1385910 1434.8
1385920 1435.4
1385930 1435.4
1385940 1436.6
1385950 1437.9
1385960 1437.9
1385970 1439.0
1385980 1440.1
1385990 1440.9
1386000 1440.9
1386010 1440.8
1386020 1442.5
1386030 1442.5
1386040 1444.5
1386050 1446.6
1386060 1446.6
1386070 1450.4
1386080 1452.3
1386090 1452.3
1386100 1453.1
1386110 1453.2
1386120 1453.2
1386130 1452.4
1386140 1451.9
1386150 1451.9
1386160 1450.4
1386170 1447.7
1386180 1442.8
1386190 1442.8
1386200 1436.7
1386210 1434.2
1386220 1434.2
1386230 1436.7
1386240 1440.0
1386250 1440.0
1386260 1442.3
1386270 1443.6
1386280 1443.6
1386290 1444.2
1386300 1444.8
1386310 1444.8
1386320 1445.5
1386330 1445.8
1386340 1445.8
1386350 1447.1
1386360 1448.3
1386370 1448.3
1386380 1448.9
1386390 1449.5
1386400 1449.5
1386410 1449.5
1386420 1448.6
1386430 1447.4
1386440 1447.4
1386450 1446.4
1386460 1446.0
1386470 1446.0
1386480 1446.2
1386490 1446.5
1386500 1446.5
1386510 1446.6
1386520 1446.5
1386530 1446.5
1386540 1448.1
1386550 1449.8
1386560 1449.8
1386570 1451.1
1386580 1452.8
1386590 1455.0
1386600 1455.0
1386610 1456.4
1386620 1456.8
1386630 1456.8
1386640 1455.0
1386650 1451.9
1386660 1451.9
1386670 1450.1
1386680 1449.6
1386690 1449.6
1386700 1450.1
1386710 1451.4
1386720 1451.4
1386730 1453.1
1386740 1454.2
1386750 1454.2
1386760 1456.5
1386770 1458.1
1386780 1459.7
1386790 1459.7
1386800 1461.4
1386810 1462.0
1386820 1462.0
1386830 1462.2
1386840 1462.9
1386850 1462.9
1386860 1463.1
1386870 1462.4
1386880 1462.4
1386890 1461.3
1386900 1460.3
1386910 1460.3
1386920 1459.3
1386930 1458.8
1386940 1458.8
1386950 1458.9
1386960 1459.4
1386970 1459.4
1386980 1460.0
1386990 1460.4
1387000 1461.2
1387010 1466.3
1387020 1467.4
1387030 1468.6
1387040 1468.6
1387050 1468.4
1387060 1465.7
1387070 1465.7
1387080 1462.0
1387090 1459.3
1387100 1459.3
1387110 1460.7
1387120 1463.8
1387130 1463.8
1387140 1465.4
1387150 1466.8
1387160 1466.8
1387170 1467.7
1387180 1468.9
1387190 1471.1
1387200 1471.1
1387210 1473.4
1387220 1475.6
1387230 1475.6
1387240 1478.3
1387250 1480.5
1387260 1480.5
1387270 1481.7
1387280 1483.4
1387290 1483.4
1387300 1484.7
1387310 1484.7
1387320 1484.7
1387330 1483.0
1387340 1481.0
1387350 1481.0
1387360 1479.9
1387370 1479.7
1387380 1479.7
1387390 1479.2
1387400 1478.1
1387410 1476.5
1387420 1476.5
1387430 1474.7
1387440 1473.0
1387450 1473.0
1387460 1471.2
1387470 1469.3
1387480 1469.3
1387490 1467.5
1387500 1465.9
1387510 1465.9
1387520 1463.7
1387530 1461.2
1387540 1461.2
1387550 1459.3
1387560 1457.5
1387570 1457.5
1387580 1455.3
1387590 1453.4
1387600 1451.6
1387610 1451.6
1387620 1450.6
1387630 1449.4
1387640 1449.4
1387650 1447.7
1387660 1446.1
1387670 1446.1
1387680 1445.1
1387690 1444.0
1387700 1444.0
1387710 1442.0
1387720 1440.0
1387730 1440.0
1387740 1437.7
1387750 1435.7
1387760 1435.7
1387770 1433.6
1387780 1431.5
1387790 1431.5
1387800 1429.5
1387810 1427.7
1387820 1425.8
1387830 1425.8
1387840 1423.6
1387850 1421.2
1387860 1421.2
1387870 1419.4
1387880 1418.2
1387890 1418.2
1387900 1416.7
1387910 1415.5
1387920 1415.5
1387930 1414.3
1387940 1412.8
1387950 1412.8
1387960 1410.3
1387970 1407.1
1387980 1407.1
1387990 1404.1
1388000 1400.4
1388010 1396.5
1388020 1396.5
1388030 1393.2
1388040 1390.2
1388050 1390.2
1388060 1387.7
1388070 1386.0
1388080 1386.0
1388090 1384.3
1388100 1382.5
1388110 1382.5
1388120 1380.6
1388130 1378.1
1388140 1378.1
1388150 1376.1
1388160 1374.9
1388170 1374.9
1388180 1373.7
1388190 1371.5
1388200 1368.9
1388210 1368.9
1388220 1367.4
1388230 1367.3
1388240 1367.3
1388250 1367.8
1388260 1365.5
1388270 1365.5
1388280 1363.1
1388290 1358.1
1388300 1358.1
1388310 1352.3
1388320 1348.5
1388330 1348.5
1388340 1351.4
1388350 1357.5
1388360 1357.5
1388370 1360.5
1388380 1357.0
1388390 1357.0
1388400 1351.4
1388410 1348.2
1388420 1347.0
1388430 1347.0
1388440 1347.7
1388450 1348.8
1388460 1348.8
1388470 1343.6
1388480 1335.7
1388490 1335.7
1388500 1327.2
1388510 1317.3
1388520 1317.3
1388530 1310.7
1388540 1305.7
1388550 1305.7
1388560 1299.4
1388570 1290.8
1388580 1290.8
1388590 1273.8
1388600 1262.2
1388610 1258.5
1388620 1258.5
1388630 1259.8
1388640 1264.3
1388650 1264.3
1388660 1274.7
1388670 1286.2
1388680 1286.2
1388690 1295.5
1388700 1303.0
1388710 1303.0
1388720 1310.0
1388730 1317.8
1388740 1317.8
1388750 1325.3
1388760 1330.7
1388770 1330.7
1388780 1334.3
1388790 1337.6
1388800 1337.6
1388810 1343.1
1388820 1349.2
1388830 1356.2
1388840 1356.2
1388850 1363.5
1388860 1371.0
1388870 1371.0
1388880 1378.1
1388890 1382.8
1388900 1382.8
1388910 1382.5
1388920 1381.2
1388930 1381.2
1388940 1380.1
1388950 1378.7
1388960 1378.7
1388970 1376.8
1388980 1375.0
1388990 1375.0
1389000 1370.5
1389010 1363.5
1389020 1356.7
1389030 1356.7
1389040 1351.4
1389050 1346.8
1389060 1346.8
1389070 1341.7
1389080 1336.6
1389090 1336.6
1389100 1331.3
1389110 1326.5
1389120 1326.5
1389130 1322.6
1389140 1319.4
1389150 1319.4
1389160 1316.7
1389170 1313.5
1389180 1313.5
1389190 1311.1
1389200 1309.3
1389210 1308.1
1389220 1308.1
1389230 1306.3
1389240 1304.2
1389250 1304.2
1389260 1301.5
1389270 1297.3
1389280 1297.3
1389290 1292.2
1389300 1288.4
1389310 1288.4
1389320 1286.3
1389330 1285.2
1389340 1285.2
1389350 1284.3
1389360 1283.5
1389370 1283.5
1389380 1283.0
1389390 1282.3
1389400 1282.3
1389410 1281.4
1389420 1280.8
1389430 1280.0
1389440 1280.0
1389450 1279.1
1389460 1278.6
1389470 1278.6
1389480 1281.2
1389490 1284.6
1389500 1284.6
1389510 1286.8
1389520 1288.4
1389530 1288.4
1389540 1291.0
1389550 1293.5
1389560 1293.5
1389570 1296.7
1389580 1299.9
1389590 1299.9
1389600 1302.9
1389610 1305.5
1389620 1308.7
1389630 1308.7
1389640 1316.2
1389650 1321.4
1389660 1321.4
1389670 1326.4
1389680 1330.8
1389690 1330.8
1389700 1331.3
1389710 1327.2
1389720 1327.2
1389730 1320.8
1389740 1317.5
1389750 1317.5
1389760 1314.6
1389770 1307.1
1389780 1307.1
1389790 1299.3
1389800 1292.3
1389810 1292.3
1389820 1285.5
1389830 1278.9
1389840 1272.8
1389850 1272.8
1389860 1268.9
1389870 1264.0
1389880 1264.0
1389890 1253.9
1389900 1243.4
1389910 1243.4
1389920 1235.9
1389930 1228.8
1389940 1228.8
1389950 1223.0
1389960 1211.6
1389970 1211.6
1389980 1194.7
1389990 1187.8
1390000 1187.8
1390010 1186.7
1390020 1192.3
1390030 1203.3
1390040 1203.3
1390050 1213.7
1390060 1219.6
1390070 1219.6
1390080 1226.4
1390090 1235.6
1390100 1235.6
1390110 1241.8
1390120 1247.0
1390130 1247.0
1390140 1253.2
1390150 1257.8
1390160 1257.8
1390170 1263.2
1390180 1264.4
1390190 1264.4
1390200 1262.5
1390210 1262.2
1390220 1262.2
1390230 1261.9
1390240 1262.2
1390250 1267.4
1390260 1267.4
1390270 1274.7
1390280 1283.0
1390290 1283.0
1390300 1287.1
1390310 1285.2
1390320 1285.2
1390330 1280.6
1390340 1274.3
1390350 1274.3
1390360 1267.8
1390370 1262.3
1390380 1262.3
1390390 1257.0
1390400 1250.4
1390410 1250.4
1390420 1245.3
1390430 1244.2
1390440 1247.0
1390450 1247.0
1390460 1252.0
1390470 1254.2
1390480 1254.2
1390490 1254.2
1390500 1253.7
1390510 1253.7
1390520 1252.1
1390530 1249.8
1390540 1249.8
1390550 1249.1
1390560 1248.4
1390570 1248.4
1390580 1246.6
1390590 1246.1
1390600 1246.1
1390610 1247.9
1390620 1248.8
1390630 1248.3
1390640 1248.3
1390650 1246.5
1390660 1243.9
1390670 1243.9
1390680 1242.2
1390690 1238.4
1390700 1238.4
1390710 1236.7
1390720 1235.4
1390730 1235.4
1390740 1235.6
1390750 1238.7
1390760 1238.7
1390770 1240.8
1390780 1242.0
1390790 1242.0
1390800 1243.3
1390810 1244.1
1390820 1244.1
1390830 1245.9
1390840 1245.8
1390850 1240.4
1390860 1240.4
1390870 1233.0
1390880 1226.7
1390890 1226.7
1390900 1220.9
1390910 1215.5
1390920 1215.5
1390930 1210.4
1390940 1208.6
1390950 1208.6
1390960 1209.2
1390970 1208.0
1390980 1215.1
1390990 1213.8
1391000 1213.9
1391010 1213.9
1391020 1212.1
1391030 1215.7
1391040 1220.8
1391050 1220.8
1391060 1219.9
1391070 1212.7
1391080 1212.7
1391090 1205.4
1391100 1201.6
1391110 1201.6
1391120 1199.4
1391130 1199.4
1391140 1199.4
1391150 1201.2
1391160 1198.8
1391170 1198.8
1391180 1195.9
1391190 1195.3
1391200 1195.3
1391210 1194.7
1391220 1194.0
1391230 1194.0
1391240 1194.5
1391250 1196.7
1391260 1201.3
1391270 1201.3
1391280 1208.0
1391290 1214.5
1391300 1214.5
1391310 1211.7
1391320 1205.6
1391330 1205.6
1391340 1199.8
1391350 1194.5
1391360 1194.5
1391370 1190.8
1391380 1188.8
1391390 1188.8
1391400 1188.2
1391410 1188.3
1391420 1188.3
1391430 1188.6
1391440 1189.0
1391450 1190.4
1391460 1190.4
1391470 1193.7
1391480 1192.5
1391490 1192.5
1391500 1185.9
1391510 1180.4
1391520 1180.4
1391530 1177.2
1391540 1172.7
1391550 1172.7
1391560 1164.6
1391570 1152.6
1391580 1152.6
1391590 1139.9
1391600 1127.9
1391610 1127.9
1391620 1112.6
1391630 1097.1
1391640 1097.1
1391650 1087.6
1391660 1086.6
1391670 1089.7
1391680 1089.7
1391690 1094.3
1391700 1097.9
1391710 1097.9
1391720 1106.3
1391730 1111.9
1391740 1111.9
1391750 1113.1
1391760 1111.9
1391770 1111.9
1391780 1115.5
1391790 1121.3
1391800 1121.3
1391810 1127.9
1391820 1134.5
1391830 1134.5
1391840 1140.0
1391850 1146.6
1391860 1153.8
1391870 1153.8
1391880 1159.4
1391890 1166.1
1391900 1166.1
1391910 1173.1
1391920 1179.9
1391930 1179.9
1391940 1187.1
1391950 1194.3
1391960 1194.3
1391970 1203.2
1391980 1211.2
1391990 1211.2
1392000 1218.3
1392010 1226.2
1392020 1226.2
1392030 1233.6
1392040 1240.6
1392050 1245.9
1392060 1245.9
1392070 1248.8
1392080 1248.4
1392090 1248.4
1392100 1247.1
1392110 1245.9
1392120 1245.9
1392130 1244.7
1392140 1243.2
1392150 1243.2
1392160 1240.7
1392170 1237.9
1392180 1237.9
1392190 1235.3
1392200 1233.1
1392210 1233.1
1392220 1231.4
1392230 1230.0
1392240 1230.0
1392250 1228.7
1392260 1227.0
1392270 1225.3
1392280 1225.3
1392290 1223.1
1392300 1219.5
1392310 1219.5
1392320 1214.4
1392330 1207.7
1392340 1205.5
1392350 1199.9
1392360 1196.3
1392370 1196.3
1392380 1193.7
1392390 1191.7
1392400 1191.7
1392410 1190.0
1392420 1188.5
1392430 1188.5
1392440 1187.6
1392450 1187.9
1392460 1188.3
1392470 1188.3
1392480 1188.9
1392490 1188.8
1392500 1188.8
1392510 1187.4
1392520 1185.7
1392530 1185.7
1392540 1183.7
1392550 1182.0
1392560 1182.0
1392570 1181.7
1392580 1182.4
1392590 1182.4
1392600 1182.8
1392610 1182.3
1392620 1182.3
1392630 1181.5
1392640 1180.3
1392650 1180.3
1392660 1178.3
1392670 1175.2
1392680 1171.7
1392690 1171.7
1392700 1167.8
1392710 1164.4
1392720 1164.4
1392730 1161.6
1392740 1156.3
1392750 1156.3
1392760 1149.4
1392770 1143.4
1392780 1143.4
1392790 1136.3
1392800 1131.4
1392810 1131.4
1392820 1129.9
1392830 1129.2
1392840 1129.2
1392850 1128.8
1392860 1126.5
1392870 1123.8
1392880 1123.8
1392890 1121.2
1392900 1117.8
1392910 1117.8
1392920 1113.2
1392930 1107.4
1392940 1107.4
1392950 1100.2
1392960 1094.6
1392970 1094.6
1392980 1091.9
1392990 1090.0
1393000 1090.0
1393010 1087.1
1393020 1087.1
1393030 1087.1
1393040 1089.7
1393050 1091.3
1393060 1093.7
1393070 1093.7
1393080 1094.1
1393090 1094.8
1393100 1094.8
1393110 1097.2
1393120 1099.6
1393130 1099.6
1393140 1100.2
1393150 1098.7
1393160 1098.7
1393170 1095.0
1393180 1089.0
1393190 1089.0
1393200 1081.9
1393210 1074.7
1393220 1074.7
1393230 1068.3
1393240 1061.1
1393250 1061.1
1393260 1054.0
1393270 1047.7
1393280 1042.5
1393290 1042.5
1393300 1039.2
1393310 1037.3
1393320 1037.3
1393330 1038.4
1393340 1040.6
1393350 1040.6
1393360 1044.2
1393370 1048.2
1393380 1048.2
1393390 1053.3
1393400 1057.2
1393410 1057.2
1393420 1059.8
1393430 1060.2
1393440 1060.2
1393450 1059.2
1393460 1058.4
1393470 1056.7
1393480 1056.7
1393490 1054.9
1393500 1052.5
1393510 1052.5
1393520 1049.7
1393530 1047.0
1393540 1047.0
1393550 1044.8
1393560 1042.6
1393570 1042.6
1393580 1040.5
1393590 1038.6
1393600 1038.6
1393610 1037.1
1393620 1036.2
1393630 1036.2
1393640 1035.3
1393650 1033.9
1393660 1033.9
1393670 1031.7
1393680 1030.1
1393690 1029.7
1393700 1029.7
1393710 1029.8
1393720 1031.8
1393730 1031.8
1393740 1032.0
1393750 1032.4
1393760 1032.4
1393770 1032.9
1393780 1033.5
1393790 1033.5
1393800 1034.1
1393810 1035.1
1393820 1035.1
1393830 1036.5
1393840 1038.6
1393850 1038.6
1393860 1041.9
1393870 1045.9
1393880 1050.4
1393890 1050.4
1393900 1054.8
1393910 1057.7
1393920 1057.7
1393930 1058.9
1393940 1060.1
1393950 1060.1
1393960 1061.4
1393970 1062.5
1393980 1062.5
1393990 1063.1
1394000 1063.3
1394010 1063.3
1394020 1063.1
1394030 1062.4
1394040 1062.4
1394050 1060.4
1394060 1057.0
1394070 1057.0
1394080 1054.2
1394090 1051.6
1394100 1048.3
1394110 1048.3
1394120 1043.8
1394130 1039.6
1394140 1039.6
1394150 1037.4
1394160 1036.5
1394170 1036.5
1394180 1035.9
1394190 1035.8
1394200 1035.8
1394210 1035.5
1394220 1034.3
1394230 1034.3
1394240 1032.7
1394250 1031.2
1394260 1031.2
1394270 1029.8
1394280 1028.2
1394290 1025.8
1394300 1025.8
1394310 1023.4
1394320 1021.4
1394330 1021.4
1394340 1019.1
1394350 1017.1
1394360 1017.1
1394370 1015.8
1394380 1014.4
1394390 1014.4
1394400 1010.6
1394410 1008.1
1394420 1008.1
1394430 1006.7
1394440 1006.7
1394450 1006.7
1394460 1005.0
1394470 1000.9
1394480 997.7
1394490 997.7
1394500 994.2
1394510 992.2
1394520 992.2
1394530 989.9
1394540 986.6
1394550 986.6
1394560 983.1
1394570 979.6
1394580 979.6
1394590 977.5
1394600 977.8
1394610 977.8
1394620 978.3
1394630 977.5
1394640 977.5
1394650 976.3
1394660 975.3
1394670 975.3
1394680 974.4
1394690 974.0
1394700 973.6
1394710 973.6
1394720 972.8
1394730 972.1
1394740 972.1
1394750 971.4
1394760 970.8
1394770 970.8
1394780 970.4
1394790 969.6
1394800 969.6
1394810 968.3
1394820 967.0
1394830 967.0
1394840 966.8
1394850 966.7
1394860 966.7
1394870 966.8
1394880 966.7
1394890 965.9
1394900 965.9
1394910 964.5
1394920 963.1
1394930 963.1
1394940 962.1
1394950 961.8
1394960 961.8
1394970 961.5
1394980 960.9
1394990 960.9
1395000 961.3
1395010 960.8
1395020 960.8
1395030 960.5
1395040 959.7
1395050 959.7
1395060 958.4
1395070 958.3
1395080 958.3
1395090 958.3
1395100 958.2
1395110 959.3
1395120 959.3
1395130 961.5
1395140 963.5
1395150 963.5
1395160 963.7
1395170 965.8
1395180 965.8
1395190 966.3
1395200 966.8
1395210 966.8
1395220 967.9
1395230 969.3
1395240 969.3
1395250 969.7
1395260 970.2
1395270 970.2
1395280 970.6
1395290 971.2
1395300 968.6
1395310 968.6
1395320 963.6
1395330 961.3
1395340 961.3
1395350 960.2
1395360 960.2
1395370 960.2
1395380 960.0
1395390 961.3
1395400 961.3
1395410 961.8
1395420 961.2
1395430 961.2
1395440 958.8
1395450 957.5
1395460 957.5
1395470 956.0
1395480 952.8
1395490 952.8
1395500 945.2
1395510 937.3
1395520 934.1
1395530 934.1
1395540 931.0
1395550 929.3
1395560 929.3
1395570 929.1
1395580 929.2
1395590 929.2
1395600 929.3
1395610 929.5
1395620 929.5
1395630 929.8
1395640 927.7
1395650 927.7
1395660 926.6
1395670 926.6
1395680 926.6
1395690 926.9
1395700 929.4
1395710 930.1
1395720 930.1
1395730 928.6
1395740 928.1
1395750 928.1
1395760 927.9
1395770 927.9
1395780 927.9
1395790 927.9
1395800 927.8
1395810 927.8
1395820 927.9
1395830 927.9
1395840 927.9
1395850 927.8
1395860 927.7
1395870 927.7
1395880 927.6
1395890 927.7
1395900 927.7
1395910 927.7
1395920 927.6
1395930 927.5
1395940 927.5
1395950 927.4
1395960 927.4
1395970 927.4
1395980 927.3
1395990 927.3
1396000 927.3
1396010 927.3
1396020 927.2
1396030 927.2
1396040 927.1
1396050 927.1
1396060 927.1
1396070 927.1
1396080 927.0
1396090 927.0
1396100 927.0
1396110 926.8
1396120 926.8
1396130 926.8
1396140 926.9
1396150 927.0
1396160 927.0
1396170 927.0
1396180 927.0
1396190 927.0
1396200 926.9
1396210 926.8
1396220 926.8
1396230 926.8
1396240 926.8
1396250 926.8
1396260 926.6
1396270 926.2
1396280 926.2
1396290 926.3
1396300 926.6
1396310 926.7
1396320 926.7
1396330 926.7
1396340 926.7
1396350 926.7
1396360 926.6
1396370 926.6
1396380 926.6
1396390 926.6
1396400 926.6
1396410 926.6
1396420 926.6
1396430 926.5
1396440 926.5
1396450 926.4
1396460 926.4
1396470 926.4
1396480 926.6
1396490 927.2
1396500 927.2
1396510 927.4
1396520 926.8
1396530 926.4
1396540 926.4
1396550 926.5
1396560 927.5
1396570 927.5
1396580 929.5
1396590 933.4
1396600 933.4
1396610 936.6
1396620 939.8
1396630 939.8
1396640 943.1
1396650 946.2
1396660 946.2
1396670 949.8
1396680 953.3
1396690 953.3
1396700 956.7
1396710 960.4
1396720 963.8
1396730 963.8
1396740 967.2
1396750 971.3
1396760 971.3
1396770 976.5
1396780 980.4
1396790 980.4
1396800 986.5
1396810 994.4
1396820 994.4
1396830 1002.4
1396840 1009.3
1396850 1009.3
1396860 1014.5
1396870 1022.6
1396880 1022.6
1396890 1032.1
1396900 1039.2
1396910 1039.2
1396920 1042.7
1396930 1046.4
1396940 1050.0
1396950 1050.0
1396960 1053.5
1396970 1056.7
1396980 1056.7
1396990 1059.6
1397000 1062.2
1397010 1062.2
1397020 1066.6
1397030 1073.0
1397040 1073.0
1397050 1081.1
1397060 1089.2
1397070 1089.2
1397080 1096.8
1397090 1104.1
1397100 1104.1
1397110 1111.9
1397120 1123.2
1397130 1134.5
1397140 1134.5
1397150 1140.4
1397160 1147.1
1397170 1147.1
1397180 1153.6
1397190 1161.5
1397200 1161.5
1397210 1169.5
1397220 1176.8
1397230 1176.8
1397240 1181.6
1397250 1186.2
1397260 1186.2
1397270 1191.2
1397280 1194.8
1397290 1194.8
1397300 1198.6
1397310 1203.0
1397320 1207.0
1397330 1207.0
1397340 1211.3
1397350 1216.6
1397360 1216.6
1397370 1221.9
1397380 1227.2
1397390 1227.2
1397400 1232.1
1397410 1236.1
1397420 1236.1
1397430 1239.4
1397440 1243.7
1397450 1243.7
1397460 1247.7
1397470 1252.5
1397480 1252.5
1397490 1257.9
1397500 1264.7
1397510 1264.7
1397520 1270.5
1397530 1275.5
1397540 1279.4
1397550 1279.4
1397560 1282.2
1397570 1285.4
1397580 1285.4
1397590 1288.8
1397600 1291.0
1397610 1291.0
1397620 1293.2
1397630 1298.5
1397640 1298.5
1397650 1305.3
1397660 1310.8
1397670 1310.8
1397680 1316.2
1397690 1322.4
1397700 1322.4
1397710 1328.4
1397720 1334.7
1397730 1341.2
1397740 1341.2
1397750 1348.8
1397760 1356.4
1397770 1356.4
1397780 1365.5
1397790 1373.8
1397800 1373.8
1397810 1381.4
1397820 1387.5
1397830 1387.5
1397840 1395.5
1397850 1407.3
1397860 1407.3
1397870 1413.5
1397880 1418.4
1397890 1418.4
1397900 1424.0
1397910 1430.3
1397920 1430.3
1397930 1436.2
1397940 1442.3
1397950 1448.5
1397960 1448.5
1397970 1455.4
1397980 1462.8
1397990 1462.8
1398000 1467.5
1398010 1474.8
1398020 1474.8
1398030 1482.7
1398040 1490.6
1398050 1490.6
1398060 1498.6
1398070 1507.7
1398080 1507.7
1398090 1516.5
1398100 1523.2
1398110 1523.2
1398120 1529.0
1398130 1534.2
1398140 1539.9
1398150 1539.9
1398160 1545.3
1398170 1551.2
1398180 1551.2
1398190 1557.9
1398200 1565.0
1398210 1565.0
1398220 1572.0
1398230 1578.0
1398240 1578.0
1398250 1584.7
1398260 1590.6
1398270 1590.6
1398280 1596.2
1398290 1600.8
1398300 1600.8
1398310 1605.0
1398320 1609.3
1398330 1609.3
1398340 1613.2
1398350 1618.2
1398360 1623.7
1398370 1623.7
1398380 1629.5
1398390 1635.5
1398400 1635.5
1398410 1643.1
1398420 1651.1
1398430 1651.1
1398440 1658.7
1398450 1666.7
1398460 1666.7
1398470 1675.3
1398480 1684.0
1398490 1684.0
1398500 1693.8
1398510 1698.5
1398520 1698.5
1398530 1703.3
1398540 1707.9
1398550 1712.1
1398560 1712.1
1398570 1717.8
1398580 1722.4
1398590 1722.4
1398600 1726.3
1398610 1730.4
1398620 1730.4
1398630 1734.3
1398640 1738.9
1398650 1738.9
1398660 1744.9
1398670 1752.1
1398680 1752.1
1398690 1758.0
1398700 1761.8
1398710 1761.8
1398720 1764.7
1398730 1768.2
1398740 1772.3
1398750 1772.3
1398760 1776.1
1398770 1779.4
1398780 1779.4
1398790 1782.6
1398800 1786.0
1398810 1786.0
1398820 1789.6
1398830 1793.4
1398840 1793.4
1398850 1797.3
1398860 1801.4
1398870 1801.4
1398880 1805.1
1398890 1808.9
1398900 1808.9
1398910 1812.7
1398920 1816.6
1398930 1816.6
1398940 1821.0
1398950 1826.4
1398960 1831.5
1398970 1831.5
1398980 1836.7
1398990 1841.7
1399000 1841.7
1399010 1845.4
1399020 1849.2
1399030 1849.2
1399040 1853.7
1399050 1858.1
1399060 1858.1
1399070 1862.1
1399080 1865.8
1399090 1865.8
1399100 1868.9
1399110 1870.2
1399120 1870.2
1399130 1870.7
1399140 1871.5
1399150 1872.7
1399160 1872.7
1399170 1874.5
1399180 1876.4
1399190 1876.4
1399200 1878.0
1399210 1879.3
1399220 1879.3
1399230 1881.2
1399240 1883.8
1399250 1883.8
1399260 1885.9
1399270 1888.2
1399280 1888.2
1399290 1892.9
1399300 1899.2
1399310 1899.2
1399320 1901.9
1399330 1903.6
1399340 1903.6
1399350 1906.5
1399360 1909.6
1399370 1913.3
1399380 1913.3
1399390 1917.0
1399400 1920.3
1399410 1920.3
1399420 1923.5
1399430 1926.3
1399440 1926.3
1399450 1929.4
1399460 1933.7
1399470 1933.7
1399480 1935.1
1399490 1940.4
1399500 1940.4
1399510 1946.5
1399520 1953.2
1399530 1953.2
1399540 1959.1
1399550 1964.1
1399560 1967.7
1399570 1967.7
1399580 1971.3
1399590 1975.2
1399600 1975.2
1399610 1978.7
1399620 1981.2
1399630 1981.2
1399640 1983.7
1399650 1986.7
1399660 1986.7
1399670 1988.9
1399680 1993.4
1399690 1993.4
1399700 1999.4
1399710 2004.6
1399720 2004.6
1399730 2008.8
1399740 2011.9
1399750 2011.9
1399760 2015.3
1399770 2019.1
1399780 2022.3
1399790 2022.3
1399800 2025.7
1399810 2031.9
1399820 2031.9
1399830 2038.3
1399840 2044.1
1399850 2044.1
1399860 2049.3
1399870 2054.7
1399880 2054.7
1399890 2059.7
1399900 2064.3
1399910 2064.3
1399920 2068.3
1399930 2071.9
1399940 2071.9
1399950 2074.9
1399960 2077.9
1399970 2081.5
1399980 2081.5
1399990 2085.7
