1380000 1934.5
1380010 1928.2
1380020 1921.9
1380030 1921.9
1380040 1915.7
1380050 1909.7
1380060 1909.7
1380070 1904.5
1380080 1898.9
1380090 1898.9
1380100 1892.5
1380110 1888.4
1380120 1888.4
1380130 1894.0
1380140 1897.8
1380150 1897.8
1380160 1898.2
1380170 1896.4
1380180 1896.4
1380190 1892.6
1380200 1886.6
1380210 1879.3
1380220 1879.3
1380230 1877.9
1380240 1881.3
1380250 1881.3
1380260 1884.8
1380270 1888.0
1380280 1888.0
1380290 1890.3
1380300 1893.1
1380310 1893.1
1380320 1895.7
1380330 1898.5
1380340 1898.5
1380350 1900.9
1380360 1903.4
1380370 1903.4
1380380 1907.0
1380390 1910.3
1380400 1913.3
1380410 1913.3
1380420 1915.8
1380430 1919.0
1380440 1919.0
1380450 1921.7
1380460 1923.8
1380470 1923.8
1380480 1926.9
1380490 1930.6
1380500 1930.6
1380510 1934.1
1380520 1937.5
1380530 1937.5
1380540 1940.5
1380550 1942.3
1380560 1942.3
1380570 1943.1
1380580 1942.4
1380590 1942.4
1380600 1940.0
1380610 1938.7
1380620 1937.7
1380630 1937.7
1380640 1935.7
1380650 1934.9
1380660 1934.9
1380670 1933.5
1380680 1930.9
1380690 1930.9
1380700 1927.2
1380710 1923.1
1380720 1923.1
1380730 1919.6
1380740 1915.3
1380750 1915.3
1380760 1910.2
1380770 1904.3
1380780 1904.3
1380790 1898.9
1380800 1893.8
1380810 1889.3
1380820 1889.3
1380830 1887.5
1380840 1883.2
1380850 1883.2
1380860 1879.3
1380870 1875.4
1380880 1875.4
1380890 1870.8
1380900 1865.6
1380910 1865.6
1380920 1860.3
1380930 1854.4
1380940 1854.4
1380950 1848.6
1380960 1843.8
1380970 1843.8
1380980 1841.0
1380990 1836.4
1381000 1836.4
1381010 1830.1
1381020 1823.1
1381030 1815.4
1381040 1815.4
1381050 1808.6
1381060 1803.4
1381070 1803.4
1381080 1799.6
1381090 1795.6
1381100 1795.6
1381110 1791.3
1381120 1787.0
1381130 1787.0
1381140 1783.1
1381150 1778.0
1381160 1778.0
1381170 1772.4
1381180 1767.0
1381190 1767.0
1381200 1761.6
1381210 1755.6
1381220 1749.2
1381230 1749.2
1381240 1742.9
1381250 1737.2
1381260 1737.2
1381270 1732.5
1381280 1729.6
1381290 1729.6
1381300 1725.0
1381310 1719.1
1381320 1719.1
1381330 1712.6
1381340 1706.7
1381350 1706.7
1381360 1697.8
1381370 1685.1
1381380 1685.1
1381390 1672.3
1381400 1659.8
1381410 1659.8
1381420 1649.9
1381430 1642.0
1381440 1636.0
1381450 1636.0
1381460 1629.1
1381470 1619.0
1381480 1619.0
1381490 1608.1
1381500 1599.0
1381510 1599.0
1381520 1590.8
1381530 1581.7
1381540 1581.7
1381550 1572.5
1381560 1561.9
1381570 1561.9
1381580 1554.4
1381590 1546.4
1381600 1546.4
1381610 1535.9
1381620 1524.9
1381630 1515.9
1381640 1515.9
1381650 1507.0
1381660 1498.8
1381670 1498.8
1381680 1490.7
1381690 1483.1
1381700 1483.1
1381710 1474.9
1381720 1467.4
1381730 1467.4
1381740 1460.1
1381750 1452.7
1381760 1452.7
1381770 1443.7
1381780 1434.8
1381790 1434.8
1381800 1426.3
1381810 1419.1
1381820 1419.1
1381830 1412.4
1381840 1405.1
1381850 1395.6
1381860 1395.6
1381870 1387.1
1381880 1379.9
1381890 1379.9
1381900 1373.7
1381910 1368.5
1381920 1368.5
1381930 1363.1
1381940 1358.6
1381950 1358.6
1381960 1352.7
1381970 1347.1
1381980 1347.1
1381990 1341.0
1382000 1335.5
1382010 1335.5
1382020 1329.6
1382030 1323.4
1382040 1316.5
1382050 1316.5
1382060 1311.7
1382070 1307.6
1382080 1307.6
1382090 1303.2
1382100 1298.1
1382110 1298.1
1382120 1294.7
1382130 1291.2
1382140 1291.2
1382150 1287.9
1382160 1285.1
1382170 1285.1
1382180 1283.3
1382190 1281.0
1382200 1281.0
1382210 1278.4
1382220 1276.7
1382230 1276.7
1382240 1275.2
1382250 1273.4
1382260 1271.3
1382270 1271.3
1382280 1269.0
1382290 1266.7
1382300 1266.7
1382310 1264.5
1382320 1262.3
1382330 1262.3
1382340 1260.0
1382350 1256.8
1382360 1256.8
1382370 1254.9
1382380 1252.2
1382390 1252.2
1382400 1249.3
1382410 1246.8
1382420 1246.8
1382430 1244.4
1382440 1241.5
1382450 1238.6
1382460 1238.6
1382470 1236.1
1382480 1233.8
1382490 1233.8
1382500 1231.4
1382510 1228.0
1382520 1228.0
1382530 1224.4
1382540 1221.6
1382550 1221.6
1382560 1220.1
1382570 1216.9
1382580 1216.9
1382590 1213.6
1382600 1211.0
1382610 1211.0
1382620 1207.8
1382630 1203.8
1382640 1201.2
1382650 1201.2
1382660 1199.5
1382670 1196.6
1382680 1196.6
1382690 1189.3
1382700 1182.3
1382710 1182.3
1382720 1177.4
1382730 1173.0
1382740 1173.0
1382750 1169.5
1382760 1167.7
1382770 1167.7
1382780 1167.2
1382790 1166.6
1382800 1166.6
1382810 1163.3
1382820 1164.2
1382830 1164.2
1382840 1166.1
1382850 1165.8
1382860 1167.5
1382870 1167.5
1382880 1170.9
1382890 1175.0
1382900 1175.0
1382910 1181.0
1382920 1186.9
1382930 1186.9
1382940 1194.1
1382950 1202.5
1382960 1202.5
1382970 1211.1
1382980 1215.9
1382990 1215.9
1383000 1215.4
1383010 1214.2
1383020 1214.2
1383030 1213.1
1383040 1212.3
1383050 1212.0
1383060 1212.0
1383070 1211.6
1383080 1211.3
1383090 1211.3
1383100 1211.8
1383110 1212.6
1383120 1212.6
1383130 1212.6
1383140 1212.3
1383150 1212.3
1383160 1212.2
1383170 1212.0
1383180 1212.0
1383190 1211.6
1383200 1210.6
1383210 1210.6
1383220 1209.9
1383230 1208.7
1383240 1208.7
1383250 1206.7
1383260 1205.7
1383270 1205.2
1383280 1205.2
1383290 1204.4
1383300 1202.9
1383310 1206.2
1383320 1203.7
1383330 1201.7
1383340 1201.7
1383350 1201.0
1383360 1200.0
1383370 1200.0
1383380 1199.0
1383390 1197.8
1383400 1197.8
1383410 1196.3
1383420 1194.7
1383430 1194.7
1383440 1192.9
1383450 1191.4
1383460 1190.3
1383470 1190.3
1383480 1189.7
1383490 1189.3
1383500 1189.3
1383510 1189.0
1383520 1188.6
1383530 1188.6
1383540 1188.6
1383550 1188.8
1383560 1188.8
1383570 1188.9
1383580 1188.5
1383590 1188.5
1383600 1188.4
1383610 1188.4
1383620 1188.4
1383630 1189.6
1383640 1194.4
1383650 1194.4
1383660 1198.4
1383670 1200.6
1383680 1200.3
1383690 1200.3
1383700 1199.5
1383710 1199.0
1383720 1199.0
1383730 1199.4
1383740 1200.2
1383750 1200.2
1383760 1201.3
1383770 1201.4
1383780 1201.4
1383790 1201.4
1383800 1200.6
1383810 1200.6
1383820 1198.7
1383830 1196.4
1383840 1196.4
1383850 1193.1
1383860 1190.3
1383870 1188.7
1383880 1188.7
1383890 1187.6
1383900 1187.2
1383910 1187.2
1383920 1187.6
1383930 1187.6
1383940 1187.6
1383950 1186.3
1383960 1183.7
1383970 1183.7
1383980 1181.3
1383990 1177.3
1384000 1177.3
1384010 1173.8
1384020 1171.2
1384030 1171.2
1384040 1168.9
1384050 1167.2
1384060 1167.2
1384070 1164.5
1384080 1161.1
1384090 1159.2
1384100 1159.2
1384110 1157.1
1384120 1155.1
1384130 1155.1
1384140 1152.3
1384150 1148.5
1384160 1148.5
1384170 1144.1
1384180 1140.5
1384190 1140.5
1384200 1138.2
1384210 1134.7
1384220 1134.7
1384230 1132.5
1384240 1131.3
1384250 1131.3
1384260 1130.1
1384270 1128.5
1384280 1126.3
1384290 1126.3
1384300 1124.3
1384310 1122.9
1384320 1122.9
1384330 1121.6
1384340 1119.9
1384350 1119.9
1384360 1118.2
1384370 1116.6
1384380 1116.6
1384390 1115.4
1384400 1114.7
1384410 1114.7
1384420 1114.1
1384430 1113.8
1384440 1113.8
1384450 1113.3
1384460 1110.6
1384470 1110.6
1384480 1108.5
1384490 1107.2
1384500 1105.8
1384510 1105.8
1384520 1103.7
1384530 1102.6
1384540 1102.6
1384550 1101.8
1384560 1105.2
1384570 1105.2
1384580 1103.8
1384590 1102.7
1384600 1102.7
1384610 1101.5
1384620 1100.7
1384630 1100.7
1384640 1100.2
1384650 1099.9
1384660 1099.9
1384670 1099.7
1384680 1099.6
1384690 1099.3
1384700 1099.3
1384710 1099.2
1384720 1099.2
1384730 1099.2
1384740 1099.2
1384750 1099.2
1384760 1099.2
1384770 1099.1
1384780 1098.9
1384790 1098.9
1384800 1098.8
1384810 1099.0
1384820 1099.0
1384830 1099.2
1384840 1099.3
1384850 1099.3
1384860 1099.5
1384870 1099.6
1384880 1099.6
1384890 1099.9
1384900 1100.0
1384910 1100.2
1384920 1100.2
1384930 1100.4
1384940 1100.9
1384950 1100.9
1384960 1100.7
1384970 1100.1
1384980 1100.1
1384990 1099.6
1385000 1099.3
1385010 1099.3
1385020 1099.4
1385030 1099.9
1385040 1099.9
1385050 1100.8
1385060 1101.9
1385070 1101.9
1385080 1103.2
1385090 1104.1
1385100 1104.7
1385110 1104.7
1385120 1105.0
1385130 1104.2
1385140 1104.2
1385150 1103.8
1385160 1104.0
1385170 1104.0
1385180 1104.7
1385190 1105.6
1385200 1105.6
1385210 1106.5
1385220 1107.0
1385230 1107.0
1385240 1107.4
1385250 1108.3
1385260 1108.3
1385270 1109.0
1385280 1109.7
1385290 1110.5
1385300 1110.5
1385310 1111.5
1385320 1112.0
1385330 1112.0
1385340 1112.4
1385350 1112.9
1385360 1112.9
1385370 1113.0
1385380 1112.3
1385390 1112.3
1385400 1111.7
1385410 1110.9
1385420 1110.9
1385430 1111.2
1385440 1112.7
1385450 1112.7
1385460 1113.9
1385470 1114.0
1385480 1114.0
1385490 1113.6
1385500 1113.2
1385510 1112.5
1385520 1112.5
1385530 1112.5
1385540 1112.7
1385550 1112.7
1385560 1112.5
1385570 1110.9
1385580 1110.9
1385590 1109.5
1385600 1109.2
1385610 1109.2
1385620 1109.3
1385630 1109.3
1385640 1109.3
1385650 1109.4
1385660 1109.1
1385670 1109.1
1385680 1108.8
1385690 1108.2
1385700 1107.6
1385710 1107.6
1385720 1107.2
1385730 1107.1
1385740 1107.1
1385750 1106.8
1385760 1106.6
1385770 1106.6
1385780 1106.5
1385790 1106.0
1385800 1106.0
1385810 1105.0
1385820 1104.4
1385830 1104.4
1385840 1104.6
1385850 1103.6
1385860 1103.6
1385870 1102.7
1385880 1102.1
1385890 1102.1
1385900 1102.2
1385910 1101.8
1385920 1100.5
1385930 1100.5
1385940 1099.5
1385950 1098.7
1385960 1098.7
1385970 1098.5
1385980 1097.7
1385990 1097.7
1386000 1096.6
1386010 1096.6
1386020 1096.6
1386030 1097.1
1386040 1098.7
1386050 1098.7
1386060 1099.8
1386070 1101.4
1386080 1101.4
1386090 1101.7
1386100 1102.1
1386110 1102.6
1386120 1102.6
1386130 1102.6
1386140 1103.0
1386150 1103.0
1386160 1104.2
1386170 1107.0
1386180 1107.0
1386190 1108.7
1386200 1109.8
1386210 1109.8
1386220 1109.2
1386230 1108.4
1386240 1108.4
1386250 1108.3
1386260 1109.0
1386270 1109.0
1386280 1109.7
1386290 1111.1
1386300 1111.1
1386310 1110.2
1386320 1112.1
1386330 1114.0
1386340 1114.0
1386350 1116.6
1386360 1120.6
1386370 1120.6
1386380 1124.7
1386390 1129.1
1386400 1129.1
1386410 1133.7
1386420 1138.8
1386430 1138.8
1386440 1144.6
1386450 1150.0
1386460 1150.0
1386470 1155.0
1386480 1159.2
1386490 1159.2
1386500 1165.8
1386510 1171.5
1386520 1170.8
1386530 1170.8
1386540 1164.2
1386550 1156.8
1386560 1156.8
1386570 1151.2
1386580 1145.6
1386590 1145.6
1386600 1141.0
1386610 1137.5
1386620 1137.5
1386630 1133.3
1386640 1130.0
1386650 1130.0
1386660 1128.0
1386670 1124.9
1386680 1124.9
1386690 1121.2
1386700 1119.3
1386710 1119.3
1386720 1120.5
1386730 1123.0
1386740 1124.7
1386750 1124.7
1386760 1126.2
1386770 1127.9
1386780 1127.9
1386790 1131.7
1386800 1134.8
1386810 1134.8
1386820 1132.1
1386830 1128.4
1386840 1128.4
1386850 1127.2
1386860 1126.9
1386870 1126.9
1386880 1126.4
1386890 1123.9
1386900 1123.9
1386910 1121.8
1386920 1120.0
1386930 1118.1
1386940 1118.1
1386950 1115.4
1386960 1113.3
1386970 1113.3
1386980 1111.8
1386990 1110.1
1387000 1110.1
1387010 1110.2
1387020 1111.6
1387030 1111.6
1387040 1113.8
1387050 1115.1
1387060 1115.1
1387070 1115.5
1387080 1115.2
1387090 1115.2
1387100 1114.2
1387110 1113.5
1387120 1113.5
1387130 1118.9
1387140 1116.2
1387150 1115.8
1387160 1115.8
1387170 1114.3
1387180 1111.4
1387190 1111.4
1387200 1107.5
1387210 1103.9
1387220 1103.9
1387230 1099.8
1387240 1096.3
1387250 1096.3
1387260 1093.4
1387270 1090.9
1387280 1090.9
1387290 1089.1
1387300 1087.9
1387310 1087.9
1387320 1086.6
1387330 1085.4
1387340 1084.4
1387350 1084.4
1387360 1083.3
1387370 1082.9
1387380 1082.9
1387390 1082.3
1387400 1081.2
1387410 1081.2
1387420 1079.8
1387430 1079.2
1387440 1079.2
1387450 1078.8
1387460 1078.9
1387470 1078.9
1387480 1079.9
1387490 1082.2
1387500 1082.2
1387510 1085.1
1387520 1087.8
1387530 1088.6
1387540 1088.6
1387550 1089.0
1387560 1089.3
1387570 1089.3
1387580 1089.7
1387590 1089.2
1387600 1089.2
1387610 1088.7
1387620 1088.6
1387630 1088.6
1387640 1088.5
1387650 1088.3
1387660 1088.3
1387670 1088.1
1387680 1088.2
1387690 1088.2
1387700 1088.6
1387710 1089.0
1387720 1089.0
1387730 1089.0
1387740 1088.3
1387750 1088.1
1387760 1088.1
1387770 1087.1
1387780 1086.2
1387790 1086.2
1387800 1085.8
1387810 1085.6
1387820 1085.6
1387830 1084.9
1387840 1083.7
1387850 1083.7
1387860 1080.8
1387870 1081.6
1387880 1081.6
1387890 1082.4
1387900 1082.8
1387910 1082.8
1387920 1080.2
1387930 1080.1
1387940 1080.6
1387950 1080.6
1387960 1077.7
1387970 1073.3
1387980 1073.3
1387990 1070.6
1388000 1069.3
1388010 1069.3
1388020 1068.0
1388030 1066.7
1388040 1066.7
1388050 1066.6
1388060 1066.8
1388070 1066.8
1388080 1067.9
1388090 1068.7
1388100 1068.7
1388110 1068.6
1388120 1065.9
1388130 1065.9
1388140 1067.3
1388150 1069.6
1388160 1070.2
1388170 1070.2
1388180 1070.2
1388190 1072.2
1388200 1072.2
1388210 1074.7
1388220 1076.8
1388230 1076.8
1388240 1077.7
1388250 1079.4
1388260 1079.4
1388270 1079.6
1388280 1079.1
1388290 1079.1
1388300 1078.4
1388310 1077.5
1388320 1077.5
1388330 1075.1
1388340 1074.6
1388350 1076.5
1388360 1076.5
1388370 1077.2
1388380 1073.3
1388390 1073.3
1388400 1070.1
1388410 1069.1
1388420 1069.1
1388430 1068.2
1388440 1064.0
1388450 1064.0
1388460 1064.0
1388470 1063.4
1388480 1063.4
1388490 1062.2
1388500 1060.4
1388510 1060.4
1388520 1061.0
1388530 1061.1
1388540 1061.1
1388550 1060.3
1388560 1058.0
1388570 1055.8
1388580 1055.8
1388590 1053.6
1388600 1051.5
1388610 1051.5
1388620 1050.1
1388630 1048.7
1388640 1048.7
1388650 1047.0
1388660 1045.7
1388670 1045.7
1388680 1044.3
1388690 1042.6
1388700 1042.6
1388710 1041.1
1388720 1039.4
1388730 1039.4
1388740 1038.0
1388750 1037.2
1388760 1035.5
1388770 1035.5
1388780 1033.8
1388790 1033.5
1388800 1033.5
1388810 1033.5
1388820 1033.0
1388830 1033.0
1388840 1032.1
1388850 1029.8
1388860 1029.8
1388870 1027.7
1388880 1026.3
1388890 1026.3
1388900 1024.4
1388910 1022.9
1388920 1022.9
1388930 1021.9
1388940 1021.4
1388950 1021.4
1388960 1021.1
1388970 1020.7
1388980 1020.1
1388990 1020.1
1389000 1019.8
1389010 1019.8
1389020 1019.8
1389030 1020.1
1389040 1020.7
1389050 1020.7
1389060 1021.6
1389070 1021.6
1389080 1021.6
1389090 1021.1
1389100 1022.1
1389110 1022.1
1389120 1026.8
1389130 1033.2
1389140 1033.2
1389150 1040.7
1389160 1047.6
1389170 1048.7
1389180 1048.7
1389190 1048.6
1389200 1048.6
1389210 1048.6
1389220 1048.3
1389230 1047.7
1389240 1047.7
1389250 1046.9
1389260 1045.9
1389270 1045.9
1389280 1044.1
1389290 1044.9
1389300 1044.9
1389310 1048.2
1389320 1049.6
1389330 1049.6
1389340 1050.5
1389350 1051.5
1389360 1052.7
1389370 1052.7
1389380 1053.5
1389390 1054.3
1389400 1054.3
1389410 1055.4
1389420 1055.9
1389430 1055.9
1389440 1055.4
1389450 1055.0
1389460 1055.0
1389470 1054.7
1389480 1054.6
1389490 1054.6
1389500 1054.6
1389510 1054.3
1389520 1054.3
1389530 1053.8
1389540 1053.3
1389550 1053.3
1389560 1052.4
1389570 1051.5
1389580 1050.6
1389590 1050.6
1389600 1049.8
1389610 1049.1
1389620 1049.1
1389630 1048.2
1389640 1047.4
1389650 1047.4
1389660 1046.8
1389670 1046.7
1389680 1046.7
1389690 1046.1
1389700 1045.6
1389710 1045.6
1389720 1045.6
1389730 1045.6
1389740 1045.6
1389750 1045.4
1389760 1042.8
1389770 1043.1
1389780 1043.1
1389790 1043.8
1389800 1044.8
1389810 1044.8
1389820 1045.6
1389830 1046.1
1389840 1046.1
1389850 1045.9
1389860 1045.1
1389870 1045.1
1389880 1044.2
1389890 1042.8
1389900 1042.8
1389910 1041.6
1389920 1040.4
1389930 1040.4
1389940 1039.2
1389950 1038.1
1389960 1038.1
1389970 1037.1
1389980 1034.5
1389990 1029.7
1390000 1029.7
1390010 1026.1
1390020 1024.7
1390030 1024.7
1390040 1020.3
1390050 1015.2
1390060 1015.2
1390070 1011.7
1390080 1006.8
1390090 1006.8
1390100 1001.2
1390110 996.5
1390120 996.5
1390130 993.5
1390140 992.1
1390150 992.1
1390160 990.2
1390170 988.8
1390180 988.1
1390190 988.1
1390200 987.7
1390210 987.2
1390220 987.2
1390230 986.5
1390240 986.2
1390250 986.2
1390260 985.6
1390270 984.8
1390280 984.8
1390290 984.4
1390300 983.6
1390310 983.6
1390320 981.9
1390330 980.8
1390340 980.8
1390350 980.0
1390360 978.6
1390370 978.6
1390380 976.5
1390390 975.7
1390400 974.7
1390410 974.7
1390420 976.3
1390430 982.3
1390440 982.3
1390450 989.6
1390460 995.3
1390470 995.3
1390480 999.5
1390490 999.8
1390500 999.8
1390510 998.8
1390520 997.9
1390530 997.9
1390540 997.5
1390550 998.4
1390560 998.4
1390570 1001.1
1390580 1002.1
1390590 1000.6
1390600 1000.6
1390610 997.5
1390620 993.7
1390630 993.7
1390640 991.2
1390650 989.9
1390660 989.9
1390670 987.5
1390680 980.6
1390690 980.6
1390700 971.8
1390710 966.6
1390720 966.6
1390730 963.6
1390740 962.4
1390750 962.4
1390760 962.1
1390770 961.9
1390780 961.9
1390790 961.8
1390800 961.6
1390810 961.4
1390820 961.4
1390830 961.3
1390840 961.3
1390850 961.3
1390860 961.3
1390870 961.3
1390880 961.3
1390890 961.5
1390900 961.5
1390910 961.5
1390920 961.2
1390930 960.8
1390940 960.8
1390950 960.1
1390960 959.5
1390970 959.5
1390980 958.8
1390990 958.5
1391000 958.2
1391010 958.2
1391020 957.9
1391030 957.6
1391040 957.6
1391050 957.3
1391060 957.1
1391070 957.1
1391080 957.0
1391090 957.1
1391100 957.1
1391110 960.1
1391120 960.1
1391130 960.1
1391140 959.7
1391150 959.2
1391160 959.2
1391170 958.0
1391180 956.3
1391190 956.3
1391200 955.3
1391210 954.8
1391220 954.4
1391230 954.4
1391240 954.0
1391250 953.9
1391260 953.9
1391270 953.8
1391280 953.5
1391290 953.5
1391300 953.4
1391310 953.4
1391320 953.4
1391330 953.6
1391340 954.0
1391350 954.0
1391360 954.4
1391370 955.2
1391380 955.2
1391390 955.8
1391400 956.0
1391410 955.7
1391420 955.7
1391430 955.4
1391440 955.1
1391450 955.1
1391460 954.9
1391470 954.6
1391480 954.6
1391490 954.3
1391500 954.2
1391510 954.2
1391520 954.5
1391530 955.7
1391540 955.7
1391550 955.7
1391560 955.3
1391570 955.3
1391580 954.9
1391590 954.5
1391600 954.5
1391610 954.3
1391620 955.5
1391630 957.8
1391640 957.8
1391650 959.7
1391660 960.4
1391670 960.4
1391680 961.8
1391690 961.9
1391700 961.9
1391710 962.3
1391720 961.9
1391730 961.9
1391740 962.3
1391750 962.5
1391760 962.5
1391770 963.1
1391780 962.9
1391790 962.9
1391800 960.7
1391810 957.9
1391820 954.5
1391830 954.5
1391840 952.1
1391850 951.2
1391860 951.2
1391870 950.6
1391880 950.5
1391890 950.5
1391900 950.4
1391910 950.5
1391920 950.5
1391930 950.6
1391940 950.5
1391950 950.5
1391960 950.4
1391970 950.3
1391980 950.3
1391990 950.2
1392000 950.2
1392010 950.0
1392020 950.0
1392030 949.9
1392040 949.7
1392050 949.7
1392060 949.5
1392070 949.4
1392080 949.4
1392090 949.2
1392100 948.7
1392110 948.7
1392120 947.6
1392130 947.3
1392140 947.3
1392150 947.2
1392160 947.1
1392170 947.1
1392180 947.0
1392190 946.8
1392200 946.8
1392210 946.7
1392220 946.7
1392230 946.5
1392240 946.5
1392250 946.3
1392260 946.1
1392270 946.1
1392280 946.1
1392290 945.9
1392300 945.9
1392310 945.9
1392320 945.8
1392330 945.8
1392340 945.6
1392350 945.5
1392360 945.5
1392370 945.4
1392380 945.3
1392390 945.3
1392400 945.3
1392410 945.3
1392420 945.4
1392430 945.4
1392440 945.4
1392450 945.1
1392460 945.1
1392470 944.8
1392480 944.7
1392490 944.7
1392500 944.6
1392510 944.4
1392520 944.4
1392530 944.2
1392540 944.1
1392550 944.1
1392560 944.0
1392570 944.0
1392580 944.0
1392590 943.9
1392600 943.7
1392610 943.7
1392620 943.5
1392630 943.3
1392640 943.2
1392650 943.2
1392660 943.1
1392670 943.1
1392680 943.1
1392690 943.0
1392700 942.9
1392710 942.9
1392720 942.8
1392730 942.7
1392740 942.7
1392750 942.6
1392760 942.5
1392770 942.5
1392780 942.4
1392790 942.2
1392800 942.2
1392810 942.1
1392820 941.9
1392830 941.8
1392840 941.8
1392850 941.7
1392860 941.7
1392870 941.7
1392880 941.6
1392890 941.4
1392900 941.4
1392910 941.3
1392920 941.2
1392930 941.2
1392940 941.2
1392950 940.9
1392960 940.9
1392970 940.8
1392980 940.8
1392990 940.8
1393000 940.7
1393010 940.7
1393020 940.7
1393030 940.6
1393040 940.6
1393050 940.6
1393060 940.6
1393070 940.7
1393080 940.2
1393090 940.2
1393100 937.8
1393110 937.5
1393120 937.5
1393130 939.2
1393140 940.6
1393150 940.6
1393160 940.4
1393170 940.2
1393180 940.2
1393190 939.8
1393200 939.3
1393210 939.3
1393220 939.0
1393230 938.9
1393240 938.9
1393250 938.9
1393260 938.8
1393270 938.6
1393280 938.6
1393290 938.8
1393300 938.6
1393310 938.6
1393320 938.4
1393330 938.6
1393340 938.6
1393350 938.8
1393360 939.1
1393370 939.1
1393380 939.6
1393390 940.3
1393400 940.3
1393410 941.0
1393420 941.4
1393430 941.4
1393440 941.7
1393450 941.6
1393460 941.8
1393470 941.8
1393480 942.2
1393490 942.7
1393500 942.7
1393510 942.4
1393520 941.5
1393530 941.5
1393540 940.8
1393550 940.4
1393560 940.4
1393570 940.0
1393580 939.6
1393590 939.6
1393600 939.4
1393610 939.1
1393620 939.1
1393630 938.6
1393640 938.1
1393650 937.7
1393660 937.7
1393670 937.3
1393680 936.9
1393690 936.9
1393700 936.5
1393710 936.2
1393720 936.2
1393730 936.0
1393740 935.8
1393750 935.8
1393760 935.7
1393770 935.5
1393780 935.5
1393790 935.4
1393800 935.4
1393810 935.4
1393820 935.2
1393830 935.1
1393840 935.1
1393850 934.8
1393860 934.6
1393870 934.8
1393880 934.8
1393890 935.2
1393900 935.2
1393910 935.2
1393920 935.2
1393930 935.3
1393940 935.3
1393950 935.4
1393960 935.3
1393970 935.3
1393980 935.2
1393990 933.5
1394000 933.5
1394010 933.7
1394020 935.6
1394030 935.6
1394040 935.6
1394050 935.2
1394060 934.8
1394070 934.8
1394080 934.5
1394090 934.5
1394100 934.5
1394110 934.6
1394120 934.5
1394130 934.5
1394140 934.3
1394150 934.2
1394160 934.2
1394170 934.3
1394180 934.2
1394190 934.2
1394200 934.3
1394210 934.4
1394220 934.4
1394230 934.8
1394240 935.4
1394250 935.9
1394260 935.9
1394270 936.8
1394280 936.9
1394290 936.9
1394300 937.2
1394310 937.6
1394320 937.6
1394330 937.9
1394340 938.1
1394350 938.1
1394360 937.9
1394370 937.4
1394380 937.4
1394390 936.6
1394400 935.9
1394410 935.9
1394420 936.5
1394430 935.6
1394440 935.6
1394450 935.0
1394460 934.4
1394470 934.3
1394480 934.3
1394490 934.0
1394500 933.7
1394510 933.7
1394520 933.5
1394530 933.3
1394540 933.3
1394550 933.1
1394560 933.1
1394570 933.1
1394580 932.9
1394590 932.7
1394600 932.7
1394610 932.7
1394620 932.7
1394630 932.7
1394640 932.6
1394650 932.6
1394660 932.6
1394670 932.6
1394680 932.5
1394690 932.6
1394700 932.6
1394710 932.5
1394720 932.5
1394730 932.5
1394740 932.4
1394750 932.4
1394760 932.4
1394770 932.6
1394780 932.6
1394790 932.6
1394800 932.5
1394810 932.5
1394820 932.5
1394830 932.6
1394840 932.6
1394850 932.6
1394860 932.5
1394870 932.4
1394880 932.4
1394890 932.4
1394900 932.6
1394910 933.8
1394920 933.8
1394930 934.4
1394940 932.5
1394950 932.5
1394960 931.6
1394970 931.9
1394980 931.9
1394990 933.8
1395000 935.5
1395010 935.5
1395020 933.2
1395030 932.5
1395040 932.5
1395050 932.6
1395060 932.6
1395070 932.3
1395080 932.3
1395090 932.1
1395100 932.0
1395110 932.0
1395120 932.0
1395130 932.0
1395140 932.0
1395150 932.1
1395160 932.0
1395170 932.0
1395180 932.0
1395190 932.0
1395200 932.0
1395210 932.3
1395220 932.5
1395230 932.5
1395240 932.7
1395250 932.9
1395260 932.5
1395270 932.8
1395280 932.9
1395290 933.1
1395300 933.1
1395310 933.2
1395320 933.2
1395330 933.2
1395340 933.4
1395350 933.6
1395360 933.6
1395370 934.0
1395380 934.5
1395390 934.5
1395400 934.3
1395410 934.3
1395420 934.3
1395430 934.4
1395440 934.5
1395450 934.5
1395460 934.7
1395470 934.8
1395480 934.8
1395490 934.8
1395500 935.0
1395510 935.1
1395520 935.1
1395530 935.1
1395540 934.9
1395550 934.9
1395560 935.0
1395570 935.3
1395580 935.3
1395590 935.1
1395600 934.9
1395610 934.9
1395620 934.8
1395630 934.7
1395640 934.7
1395650 934.6
1395660 934.3
1395670 934.3
1395680 934.1
1395690 934.2
1395700 934.2
1395710 934.2
1395720 934.2
1395730 934.1
1395740 934.1
1395750 934.0
1395760 933.9
1395770 933.9
1395780 933.9
1395790 934.0
1395800 934.0
1395810 934.2
1395820 934.7
1395830 934.7
1395840 934.8
1395850 934.6
1395860 934.6
1395870 934.4
1395880 934.3
1395890 934.1
1395900 934.1
1395910 934.0
1395920 933.9
1395930 933.9
1395940 933.9
1395950 934.0
1395960 934.0
1395970 934.3
1395980 934.2
1395990 934.2
1396000 933.8
1396010 933.7
1396020 933.7
1396030 933.7
1396040 933.6
1396050 933.6
1396060 933.5
1396070 933.5
1396080 933.5
1396090 933.6
1396100 934.0
1396110 935.2
1396120 935.2
1396130 935.3
1396140 935.1
1396150 935.1
1396160 935.1
1396170 934.8
1396180 934.8
1396190 933.9
1396200 933.7
1396210 933.7
1396220 933.7
1396230 933.7
1396240 933.7
1396250 933.6
1396260 933.6
1396270 933.6
1396280 933.6
1396290 933.8
1396300 933.9
1396310 933.9
1396320 934.2
1396330 935.0
1396340 935.0
1396350 936.0
1396360 937.5
1396370 937.5
1396380 939.6
1396390 942.5
1396400 942.5
1396410 947.6
1396420 954.1
1396430 954.1
1396440 958.5
1396450 959.8
1396460 959.8
1396470 963.9
1396480 969.8
1396490 969.8
1396500 974.6
1396510 979.8
1396520 984.3
1396530 984.3
1396540 987.1
1396550 989.6
1396560 989.6
1396570 993.0
1396580 996.5
1396590 996.5
1396600 1001.4
1396610 1005.4
1396620 1005.4
1396630 1008.9
1396640 1012.9
1396650 1012.9
1396660 1018.4
1396670 1024.0
1396680 1024.0
1396690 1032.7
1396700 1040.5
1396710 1048.5
1396720 1048.5
1396730 1055.9
1396740 1062.3
1396750 1062.3
1396760 1068.9
1396770 1075.7
1396780 1075.7
1396790 1080.2
1396800 1083.7
1396810 1083.7
1396820 1088.9
1396830 1093.7
1396840 1093.7
1396850 1099.9
1396860 1104.9
1396870 1104.9
1396880 1110.3
1396890 1116.7
1396900 1123.0
1396910 1123.0
1396920 1130.3
1396930 1137.4
1396940 1137.4
1396950 1143.6
1396960 1150.1
1396970 1150.1
1396980 1155.9
1396990 1161.3
1397000 1161.3
1397010 1166.4
1397020 1170.3
1397030 1170.3
1397040 1176.2
1397050 1182.3
1397060 1182.3
1397070 1187.8
1397080 1193.6
1397090 1193.6
1397100 1197.4
1397110 1203.4
1397120 1209.0
1397130 1209.0
1397140 1214.6
1397150 1220.2
1397160 1220.2
1397170 1223.0
1397180 1227.3
1397190 1227.3
1397200 1231.6
1397210 1233.9
1397220 1233.9
1397230 1233.5
1397240 1233.8
1397250 1233.8
1397260 1235.7
1397270 1239.4
1397280 1239.4
1397290 1243.7
1397300 1247.7
1397310 1254.0
1397320 1254.0
1397330 1263.8
1397340 1271.3
1397350 1271.3
1397360 1277.7
1397370 1281.7
1397380 1281.7
1397390 1283.4
1397400 1287.9
1397410 1287.9
1397420 1293.5
1397430 1298.2
1397440 1298.2
1397450 1300.2
1397460 1302.9
1397470 1302.9
1397480 1306.8
1397490 1311.5
1397500 1311.5
1397510 1313.7
1397520 1314.3
1397530 1317.5
1397540 1317.5
1397550 1322.8
1397560 1329.9
1397570 1329.9
1397580 1334.2
1397590 1337.6
1397600 1337.6
1397610 1340.9
1397620 1346.5
1397630 1346.5
1397640 1351.2
1397650 1355.9
1397660 1355.9
1397670 1359.3
1397680 1361.1
1397690 1361.1
1397700 1364.3
1397710 1368.5
1397720 1373.6
1397730 1373.6
1397740 1381.1
1397750 1388.5
1397760 1388.5
1397770 1394.1
1397780 1400.7
1397790 1400.7
1397800 1408.6
1397810 1415.7
1397820 1415.7
1397830 1421.9
1397840 1428.2
1397850 1428.2
1397860 1434.1
1397870 1439.4
1397880 1439.4
1397890 1443.4
1397900 1446.6
1397910 1446.6
1397920 1450.3
1397930 1457.1
1397940 1464.9
1397950 1464.9
1397960 1470.8
1397970 1477.4
1397980 1477.4
1397990 1482.6
1398000 1489.0
1398010 1489.0
1398020 1494.4
1398030 1498.3
1398040 1498.3
1398050 1501.8
1398060 1505.3
1398070 1505.3
1398080 1509.1
1398090 1512.8
1398100 1512.8
1398110 1517.6
1398120 1523.1
1398130 1530.8
1398140 1530.7
1398150 1537.0
1398160 1544.1
1398170 1544.1
1398180 1550.6
1398190 1555.8
1398200 1555.8
1398210 1562.3
1398220 1570.5
1398230 1570.5
1398240 1579.2
1398250 1586.5
1398260 1586.5
1398270 1592.4
1398280 1598.5
1398290 1598.5
1398300 1605.7
1398310 1613.7
1398320 1613.7
1398330 1621.1
1398340 1627.9
1398350 1633.2
1398360 1633.2
1398370 1637.1
1398380 1640.6
1398390 1640.6
1398400 1646.0
1398410 1652.2
1398420 1652.2
1398430 1659.4
1398440 1664.4
1398450 1664.4
1398460 1669.9
1398470 1675.4
1398480 1675.4
1398490 1679.0
1398500 1682.4
1398510 1682.4
1398520 1686.8
1398530 1691.1
1398540 1695.3
1398550 1695.3
1398560 1700.1
1398570 1705.5
1398580 1705.5
1398590 1711.3
1398600 1717.0
1398610 1717.0
1398620 1722.9
1398630 1728.0
1398640 1728.0
1398650 1733.5
1398660 1739.0
1398670 1739.0
1398680 1744.3
1398690 1751.9
1398700 1751.9
1398710 1758.3
1398720 1758.9
1398730 1758.9
1398740 1760.1
1398750 1762.1
1398760 1764.5
1398770 1764.5
1398780 1766.6
1398790 1768.2
1398800 1768.2
1398810 1768.8
1398820 1769.0
1398830 1769.0
1398840 1770.1
1398850 1773.0
1398860 1773.0
1398870 1775.5
1398880 1776.7
1398890 1776.7
1398900 1777.7
1398910 1778.1
1398920 1778.1
1398930 1778.5
1398940 1778.8
1398950 1780.0
1398960 1780.0
1398970 1782.5
1398980 1785.0
1398990 1785.0
1399000 1786.8
1399010 1786.4
1399020 1786.4
1399030 1786.1
1399040 1786.8
1399050 1786.8
1399060 1787.7
1399070 1788.6
1399080 1788.6
1399090 1787.9
1399100 1788.6
1399110 1788.6
1399120 1790.7
1399130 1792.2
1399140 1793.1
1399150 1793.1
1399160 1793.9
1399170 1795.3
1399180 1795.3
1399190 1797.6
1399200 1800.1
1399210 1800.1
1399220 1803.5
1399230 1807.9
1399240 1807.9
1399250 1812.9
1399260 1818.0
1399270 1818.0
1399280 1822.3
1399290 1827.9
1399300 1827.9
1399310 1833.3
1399320 1838.4
1399330 1838.4
1399340 1843.3
1399350 1848.7
1399360 1854.2
1399370 1854.2
1399380 1859.1
1399390 1863.9
1399400 1863.9
1399410 1868.8
1399420 1874.0
1399430 1874.0
1399440 1878.6
1399450 1882.3
1399460 1882.3
1399470 1885.4
1399480 1887.2
1399490 1887.2
1399500 1888.6
1399510 1890.0
1399520 1890.0
1399530 1890.9
1399540 1891.2
1399550 1890.9
1399560 1890.9
1399570 1889.7
1399580 1887.6
1399590 1887.6
1399600 1884.9
1399610 1882.1
1399620 1886.4
1399630 1883.7
1399640 1880.2
1399650 1880.2
1399660 1876.5
1399670 1872.6
1399680 1872.6
1399690 1867.7
1399700 1860.7
1399710 1860.7
1399720 1853.1
1399730 1846.3
1399740 1846.3
1399750 1840.5
1399760 1834.5
1399770 1828.1
1399780 1828.1
1399790 1821.8
1399800 1819.8
1399810 1819.8
1399820 1819.9
1399830 1820.9
1399840 1820.9
1399850 1818.1
1399860 1813.9
1399870 1813.9
1399880 1809.1
1399890 1803.6
1399900 1803.6
1399910 1797.7
1399920 1792.0
1399930 1792.0
1399940 1788.1
1399950 1785.6
1399960 1782.3
1399970 1782.3
1399980 1778.8
1399990 1776.5
1380000 1934.5
1380010 1928.2
1380020 1921.9
1380030 1921.9
1380040 1915.7
1380050 1909.7
1380060 1909.7
1380070 1904.5
1380080 1898.9
1380090 1898.9
1380100 1892.5
1380110 1888.4
1380120 1888.4
1380130 1894.0
1380140 1897.8
1380150 1897.8
1380160 1898.2
1380170 1896.4
1380180 1896.4
1380190 1892.6
1380200 1886.6
1380210 1879.3
1380220 1879.3
1380230 1877.9
1380240 1881.3
1380250 1881.3
1380260 1884.8
1380270 1888.0
1380280 1888.0
1380290 1890.3
1380300 1893.1
1380310 1893.1
1380320 1895.7
1380330 1898.5
1380340 1898.5
1380350 1900.9
1380360 1903.4
1380370 1903.4
1380380 1907.0
1380390 1910.3
1380400 1913.3
1380410 1913.3
1380420 1915.8
1380430 1919.0
1380440 1919.0
1380450 1921.7
1380460 1923.8
1380470 1923.8
1380480 1926.9
1380490 1930.6
1380500 1930.6
1380510 1934.1
1380520 1937.5
1380530 1937.5
1380540 1940.5
1380550 1942.3
1380560 1942.3
1380570 1943.1
1380580 1942.4
1380590 1942.4
1380600 1940.0
1380610 1938.7
1380620 1937.7
1380630 1937.7
1380640 1935.7
1380650 1934.9
1380660 1934.9
1380670 1933.5
1380680 1930.9
1380690 1930.9
1380700 1927.2
1380710 1923.1
1380720 1923.1
1380730 1919.6
1380740 1915.3
1380750 1915.3
1380760 1910.2
1380770 1904.3
1380780 1904.3
1380790 1898.9
1380800 1893.8
1380810 1889.3
1380820 1889.3
1380830 1887.5
1380840 1883.2
1380850 1883.2
1380860 1879.3
1380870 1875.4
1380880 1875.4
1380890 1870.8
1380900 1865.6
1380910 1865.6
1380920 1860.3
1380930 1854.4
1380940 1854.4
1380950 1848.6
1380960 1843.8
1380970 1843.8
1380980 1841.0
1380990 1836.4
1381000 1836.4
1381010 1830.1
1381020 1823.1
1381030 1815.4
1381040 1815.4
1381050 1808.6
1381060 1803.4
1381070 1803.4
1381080 1799.6
1381090 1795.6
1381100 1795.6
1381110 1791.3
1381120 1787.0
1381130 1787.0
1381140 1783.1
1381150 1778.0
1381160 1778.0
1381170 1772.4
1381180 1767.0
1381190 1767.0
1381200 1761.6
1381210 1755.6
1381220 1749.2
1381230 1749.2
1381240 1742.9
1381250 1737.2
1381260 1737.2
1381270 1732.5
1381280 1729.6
1381290 1729.6
1381300 1725.0
1381310 1719.1
1381320 1719.1
1381330 1712.6
1381340 1706.7
1381350 1706.7
1381360 1697.8
1381370 1685.1
1381380 1685.1
1381390 1672.3
1381400 1659.8
1381410 1659.8
1381420 1649.9
1381430 1642.0
1381440 1636.0
1381450 1636.0
1381460 1629.1
1381470 1619.0
1381480 1619.0
1381490 1608.1
1381500 1599.0
1381510 1599.0
1381520 1590.8
1381530 1581.7
1381540 1581.7
1381550 1572.5
1381560 1561.9
1381570 1561.9
1381580 1554.4
1381590 1546.4
1381600 1546.4
1381610 1535.9
1381620 1524.9
1381630 1515.9
1381640 1515.9
1381650 1507.0
1381660 1498.8
1381670 1498.8
1381680 1490.7
1381690 1483.1
1381700 1483.1
1381710 1474.9
1381720 1467.4
1381730 1467.4
1381740 1460.1
1381750 1452.7
1381760 1452.7
1381770 1443.7
1381780 1434.8
1381790 1434.8
1381800 1426.3
1381810 1419.1
1381820 1419.1
1381830 1412.4
1381840 1405.1
1381850 1395.6
1381860 1395.6
1381870 1387.1
1381880 1379.9
1381890 1379.9
1381900 1373.7
1381910 1368.5
1381920 1368.5
1381930 1363.1
1381940 1358.6
1381950 1358.6
1381960 1352.7
1381970 1347.1
1381980 1347.1
1381990 1341.0
1382000 1335.5
1382010 1335.5
1382020 1329.6
1382030 1323.4
1382040 1316.5
1382050 1316.5
1382060 1311.7
1382070 1307.6
1382080 1307.6
1382090 1303.2
1382100 1298.1
1382110 1298.1
1382120 1294.7
1382130 1291.2
1382140 1291.2
1382150 1287.9
1382160 1285.1
1382170 1285.1
1382180 1283.3
1382190 1281.0
1382200 1281.0
1382210 1278.4
1382220 1276.7
1382230 1276.7
1382240 1275.2
1382250 1273.4
1382260 1271.3
1382270 1271.3
1382280 1269.0
1382290 1266.7
1382300 1266.7
1382310 1264.5
1382320 1262.3
1382330 1262.3
1382340 1260.0
1382350 1256.8
1382360 1256.8
1382370 1254.9
1382380 1252.2
1382390 1252.2
1382400 1249.3
1382410 1246.8
1382420 1246.8
1382430 1244.4
1382440 1241.5
1382450 1238.6
1382460 1238.6
1382470 1236.1
1382480 1233.8
1382490 1233.8
1382500 1231.4
1382510 1228.0
1382520 1228.0
1382530 1224.4
1382540 1221.6
1382550 1221.6
1382560 1220.1
1382570 1216.9
1382580 1216.9
1382590 1213.6
1382600 1211.0
1382610 1211.0
1382620 1207.8
1382630 1203.8
1382640 1201.2
1382650 1201.2
1382660 1199.5
1382670 1196.6
1382680 1196.6
1382690 1189.3
1382700 1182.3
1382710 1182.3
1382720 1177.4
1382730 1173.0
1382740 1173.0
1382750 1169.5
1382760 1167.7
1382770 1167.7
1382780 1167.2
1382790 1166.6
1382800 1166.6
1382810 1163.3
1382820 1164.2
1382830 1164.2
1382840 1166.1
1382850 1165.8
1382860 1167.5
1382870 1167.5
1382880 1170.9
1382890 1175.0
1382900 1175.0
1382910 1181.0
1382920 1186.9
1382930 1186.9
1382940 1194.1
1382950 1202.5
1382960 1202.5
1382970 1211.1
1382980 1215.9
1382990 1215.9
1383000 1215.4
1383010 1214.2
1383020 1214.2
1383030 1213.1
1383040 1212.3
1383050 1212.0
1383060 1212.0
1383070 1211.6
1383080 1211.3
1383090 1211.3
1383100 1211.8
1383110 1212.6
1383120 1212.6
1383130 1212.6
1383140 1212.3
1383150 1212.3
1383160 1212.2
1383170 1212.0
1383180 1212.0
1383190 1211.6
1383200 1210.6
1383210 1210.6
1383220 1209.9
1383230 1208.7
1383240 1208.7
1383250 1206.7
1383260 1205.7
1383270 1205.2
1383280 1205.2
1383290 1204.4
1383300 1202.9
1383310 1206.2
1383320 1203.7
1383330 1201.7
1383340 1201.7
1383350 1201.0
1383360 1200.0
1383370 1200.0
1383380 1199.0
1383390 1197.8
1383400 1197.8
1383410 1196.3
1383420 1194.7
1383430 1194.7
1383440 1192.9
1383450 1191.4
1383460 1190.3
1383470 1190.3
1383480 1189.7
1383490 1189.3
1383500 1189.3
1383510 1189.0
1383520 1188.6
1383530 1188.6
1383540 1188.6
1383550 1188.8
1383560 1188.8
1383570 1188.9
1383580 1188.5
1383590 1188.5
1383600 1188.4
1383610 1188.4
1383620 1188.4
1383630 1189.6
1383640 1194.4
1383650 1194.4
1383660 1198.4
1383670 1200.6
1383680 1200.3
1383690 1200.3
1383700 1199.5
1383710 1199.0
1383720 1199.0
1383730 1199.4
1383740 1200.2
1383750 1200.2
1383760 1201.3
1383770 1201.4
1383780 1201.4
1383790 1201.4
1383800 1200.6
1383810 1200.6
1383820 1198.7
1383830 1196.4
1383840 1196.4
1383850 1193.1
1383860 1190.3
1383870 1188.7
1383880 1188.7
1383890 1187.6
1383900 1187.2
1383910 1187.2
1383920 1187.6
1383930 1187.6
1383940 1187.6
1383950 1186.3
1383960 1183.7
1383970 1183.7
1383980 1181.3
1383990 1177.3
1384000 1177.3
1384010 1173.8
1384020 1171.2
1384030 1171.2
1384040 1168.9
1384050 1167.2
1384060 1167.2
1384070 1164.5
1384080 1161.1
1384090 1159.2
1384100 1159.2
1384110 1157.1
1384120 1155.1
1384130 1155.1
1384140 1152.3
1384150 1148.5
1384160 1148.5
1384170 1144.1
1384180 1140.5
1384190 1140.5
1384200 1138.2
1384210 1134.7
1384220 1134.7
1384230 1132.5
1384240 1131.3
1384250 1131.3
1384260 1130.1
1384270 1128.5
1384280 1126.3
1384290 1126.3
1384300 1124.3
1384310 1122.9
1384320 1122.9
1384330 1121.6
1384340 1119.9
1384350 1119.9
1384360 1118.2
1384370 1116.6
1384380 1116.6
1384390 1115.4
1384400 1114.7
1384410 1114.7
1384420 1114.1
1384430 1113.8
1384440 1113.8
1384450 1113.3
1384460 1110.6
1384470 1110.6
1384480 1108.5
1384490 1107.2
1384500 1105.8
1384510 1105.8
1384520 1103.7
1384530 1102.6
1384540 1102.6
1384550 1101.8
1384560 1105.2
1384570 1105.2
1384580 1103.8
1384590 1102.7
1384600 1102.7
1384610 1101.5
1384620 1100.7
1384630 1100.7
1384640 1100.2
1384650 1099.9
1384660 1099.9
1384670 1099.7
1384680 1099.6
1384690 1099.3
1384700 1099.3
1384710 1099.2
1384720 1099.2
1384730 1099.2
1384740 1099.2
1384750 1099.2
1384760 1099.2
1384770 1099.1
1384780 1098.9
1384790 1098.9
1384800 1098.8
1384810 1099.0
1384820 1099.0
1384830 1099.2
1384840 1099.3
1384850 1099.3
1384860 1099.5
1384870 1099.6
1384880 1099.6
1384890 1099.9
1384900 1100.0
1384910 1100.2
1384920 1100.2
1384930 1100.4
1384940 1100.9
1384950 1100.9
1384960 1100.7
1384970 1100.1
1384980 1100.1
1384990 1099.6
1385000 1099.3
1385010 1099.3
1385020 1099.4
1385030 1099.9
1385040 1099.9
1385050 1100.8
1385060 1101.9
1385070 1101.9
1385080 1103.2
1385090 1104.1
1385100 1104.7
1385110 1104.7
1385120 1105.0
1385130 1104.2
1385140 1104.2
1385150 1103.8
1385160 1104.0
1385170 1104.0
1385180 1104.7
1385190 1105.6
1385200 1105.6
1385210 1106.5
1385220 1107.0
1385230 1107.0
1385240 1107.4
1385250 1108.3
1385260 1108.3
1385270 1109.0
1385280 1109.7
1385290 1110.5
1385300 1110.5
1385310 1111.5
1385320 1112.0
1385330 1112.0
1385340 1112.4
1385350 1112.9
1385360 1112.9
1385370 1113.0
1385380 1112.3
1385390 1112.3
1385400 1111.7
1385410 1110.9
1385420 1110.9
1385430 1111.2
1385440 1112.7
1385450 1112.7
1385460 1113.9
1385470 1114.0
1385480 1114.0
1385490 1113.6
1385500 1113.2
1385510 1112.5
1385520 1112.5
1385530 1112.5
1385540 1112.7
1385550 1112.7
1385560 1112.5
1385570 1110.9
1385580 1110.9
1385590 1109.5
1385600 1109.2
1385610 1109.2
1385620 1109.3
1385630 1109.3
1385640 1109.3
1385650 1109.4
1385660 1109.1
1385670 1109.1
1385680 1108.8
1385690 1108.2
1385700 1107.6
1385710 1107.6
1385720 1107.2
1385730 1107.1
1385740 1107.1
1385750 1106.8
1385760 1106.6
1385770 1106.6
1385780 1106.5
1385790 1106.0
1385800 1106.0
1385810 1105.0
1385820 1104.4
1385830 1104.4
1385840 1104.6
1385850 1103.6
1385860 1103.6
1385870 1102.7
1385880 1102.1
1385890 1102.1
1385900 1102.2
1385910 1101.8
1385920 1100.5
1385930 1100.5
1385940 1099.5
1385950 1098.7
1385960 1098.7
1385970 1098.5
1385980 1097.7
1385990 1097.7
1386000 1096.6
1386010 1096.6
1386020 1096.6
1386030 1097.1
1386040 1098.7
1386050 1098.7
1386060 1099.8
1386070 1101.4
1386080 1101.4
1386090 1101.7
1386100 1102.1
1386110 1102.6
1386120 1102.6
1386130 1102.6
1386140 1103.0
1386150 1103.0
1386160 1104.2
1386170 1107.0
1386180 1107.0
1386190 1108.7
1386200 1109.8
1386210 1109.8
1386220 1109.2
1386230 1108.4
1386240 1108.4
1386250 1108.3
1386260 1109.0
1386270 1109.0
1386280 1109.7
1386290 1111.1
1386300 1111.1
1386310 1110.2
1386320 1112.1
1386330 1114.0
1386340 1114.0
1386350 1116.6
1386360 1120.6
1386370 1120.6
1386380 1124.7
1386390 1129.1
1386400 1129.1
1386410 1133.7
1386420 1138.8
1386430 1138.8
1386440 1144.6
1386450 1150.0
1386460 1150.0
1386470 1155.0
1386480 1159.2
1386490 1159.2
1386500 1165.8
1386510 1171.5
1386520 1170.8
1386530 1170.8
1386540 1164.2
1386550 1156.8
1386560 1156.8
1386570 1151.2
1386580 1145.6
1386590 1145.6
1386600 1141.0
1386610 1137.5
1386620 1137.5
1386630 1133.3
1386640 1130.0
1386650 1130.0
1386660 1128.0
1386670 1124.9
1386680 1124.9
1386690 1121.2
1386700 1119.3
1386710 1119.3
1386720 1120.5
1386730 1123.0
1386740 1124.7
1386750 1124.7
1386760 1126.2
1386770 1127.9
1386780 1127.9
1386790 1131.7
1386800 1134.8
1386810 1134.8
1386820 1132.1
1386830 1128.4
1386840 1128.4
1386850 1127.2
1386860 1126.9
1386870 1126.9
1386880 1126.4
1386890 1123.9
1386900 1123.9
1386910 1121.8
1386920 1120.0
1386930 1118.1
1386940 1118.1
1386950 1115.4
1386960 1113.3
1386970 1113.3
1386980 1111.8
1386990 1110.1
1387000 1110.1
1387010 1110.2
1387020 1111.6
1387030 1111.6
1387040 1113.8
1387050 1115.1
1387060 1115.1
1387070 1115.5
1387080 1115.2
1387090 1115.2
1387100 1114.2
1387110 1113.5
1387120 1113.5
1387130 1118.9
1387140 1116.2
1387150 1115.8
1387160 1115.8
1387170 1114.3
1387180 1111.4
1387190 1111.4
1387200 1107.5
1387210 1103.9
1387220 1103.9
1387230 1099.8
1387240 1096.3
1387250 1096.3
1387260 1093.4
1387270 1090.9
1387280 1090.9
1387290 1089.1
1387300 1087.9
1387310 1087.9
1387320 1086.6
1387330 1085.4
1387340 1084.4
1387350 1084.4
1387360 1083.3
1387370 1082.9
1387380 1082.9
1387390 1082.3
1387400 1081.2
1387410 1081.2
1387420 1079.8
1387430 1079.2
1387440 1079.2
1387450 1078.8
1387460 1078.9
1387470 1078.9
1387480 1079.9
1387490 1082.2
1387500 1082.2
1387510 1085.1
1387520 1087.8
1387530 1088.6
1387540 1088.6
1387550 1089.0
1387560 1089.3
1387570 1089.3
1387580 1089.7
1387590 1089.2
1387600 1089.2
1387610 1088.7
1387620 1088.6
1387630 1088.6
1387640 1088.5
1387650 1088.3
1387660 1088.3
1387670 1088.1
1387680 1088.2
1387690 1088.2
1387700 1088.6
1387710 1089.0
1387720 1089.0
1387730 1089.0
1387740 1088.3
1387750 1088.1
1387760 1088.1
1387770 1087.1
1387780 1086.2
1387790 1086.2
1387800 1085.8
1387810 1085.6
1387820 1085.6
1387830 1084.9
1387840 1083.7
1387850 1083.7
1387860 1080.8
1387870 1081.6
1387880 1081.6
1387890 1082.4
1387900 1082.8
1387910 1082.8
1387920 1080.2
1387930 1080.1
1387940 1080.6
1387950 1080.6
1387960 1077.7
1387970 1073.3
1387980 1073.3
1387990 1070.6
1388000 1069.3
1388010 1069.3
1388020 1068.0
1388030 1066.7
1388040 1066.7
1388050 1066.6
1388060 1066.8
1388070 1066.8
1388080 1067.9
1388090 1068.7
1388100 1068.7
1388110 1068.6
1388120 1065.9
1388130 1065.9
1388140 1067.3
1388150 1069.6
1388160 1070.2
1388170 1070.2
1388180 1070.2
1388190 1072.2
1388200 1072.2
1388210 1074.7
1388220 1076.8
1388230 1076.8
1388240 1077.7
1388250 1079.4
1388260 1079.4
1388270 1079.6
1388280 1079.1
1388290 1079.1
1388300 1078.4
1388310 1077.5
1388320 1077.5
1388330 1075.1
1388340 1074.6
1388350 1076.5
1388360 1076.5
1388370 1077.2
1388380 1073.3
1388390 1073.3
1388400 1070.1
1388410 1069.1
1388420 1069.1
1388430 1068.2
1388440 1064.0
1388450 1064.0
1388460 1064.0
1388470 1063.4
1388480 1063.4
1388490 1062.2
1388500 1060.4
1388510 1060.4
1388520 1061.0
1388530 1061.1
1388540 1061.1
1388550 1060.3
1388560 1058.0
1388570 1055.8
1388580 1055.8
1388590 1053.6
1388600 1051.5
1388610 1051.5
1388620 1050.1
1388630 1048.7
1388640 1048.7
1388650 1047.0
1388660 1045.7
1388670 1045.7
1388680 1044.3
1388690 1042.6
1388700 1042.6
1388710 1041.1
1388720 1039.4
1388730 1039.4
1388740 1038.0
1388750 1037.2
1388760 1035.5
1388770 1035.5
1388780 1033.8
1388790 1033.5
1388800 1033.5
1388810 1033.5
1388820 1033.0
1388830 1033.0
1388840 1032.1
1388850 1029.8
1388860 1029.8
1388870 1027.7
1388880 1026.3
1388890 1026.3
1388900 1024.4
1388910 1022.9
1388920 1022.9
1388930 1021.9
1388940 1021.4
1388950 1021.4
1388960 1021.1
1388970 1020.7
1388980 1020.1
1388990 1020.1
1389000 1019.8
1389010 1019.8
1389020 1019.8
1389030 1020.1
1389040 1020.7
1389050 1020.7
1389060 1021.6
1389070 1021.6
1389080 1021.6
1389090 1021.1
1389100 1022.1
1389110 1022.1
1389120 1026.8
1389130 1033.2
1389140 1033.2
1389150 1040.7
1389160 1047.6
1389170 1048.7
1389180 1048.7
1389190 1048.6
1389200 1048.6
1389210 1048.6
1389220 1048.3
1389230 1047.7
1389240 1047.7
1389250 1046.9
1389260 1045.9
1389270 1045.9
1389280 1044.1
1389290 1044.9
1389300 1044.9
1389310 1048.2
1389320 1049.6
1389330 1049.6
1389340 1050.5
1389350 1051.5
1389360 1052.7
1389370 1052.7
1389380 1053.5
1389390 1054.3
1389400 1054.3
1389410 1055.4
1389420 1055.9
1389430 1055.9
1389440 1055.4
1389450 1055.0
1389460 1055.0
1389470 1054.7
1389480 1054.6
1389490 1054.6
1389500 1054.6
1389510 1054.3
1389520 1054.3
1389530 1053.8
1389540 1053.3
1389550 1053.3
1389560 1052.4
1389570 1051.5
1389580 1050.6
1389590 1050.6
1389600 1049.8
1389610 1049.1
1389620 1049.1
1389630 1048.2
1389640 1047.4
1389650 1047.4
1389660 1046.8
1389670 1046.7
1389680 1046.7
1389690 1046.1
1389700 1045.6
1389710 1045.6
1389720 1045.6
1389730 1045.6
1389740 1045.6
1389750 1045.4
1389760 1042.8
1389770 1043.1
1389780 1043.1
1389790 1043.8
1389800 1044.8
1389810 1044.8
1389820 1045.6
1389830 1046.1
1389840 1046.1
1389850 1045.9
1389860 1045.1
1389870 1045.1
1389880 1044.2
1389890 1042.8
1389900 1042.8
1389910 1041.6
1389920 1040.4
1389930 1040.4
1389940 1039.2
1389950 1038.1
1389960 1038.1
1389970 1037.1
1389980 1034.5
1389990 1029.7
1390000 1029.7
1390010 1026.1
1390020 1024.7
1390030 1024.7
1390040 1020.3
1390050 1015.2
1390060 1015.2
1390070 1011.7
1390080 1006.8
1390090 1006.8
1390100 1001.2
1390110 996.5
1390120 996.5
1390130 993.5
1390140 992.1
1390150 992.1
1390160 990.2
1390170 988.8
1390180 988.1
1390190 988.1
1390200 987.7
1390210 987.2
1390220 987.2
1390230 986.5
1390240 986.2
1390250 986.2
1390260 985.6
1390270 984.8
1390280 984.8
1390290 984.4
1390300 983.6
1390310 983.6
1390320 981.9
1390330 980.8
1390340 980.8
1390350 980.0
1390360 978.6
1390370 978.6
1390380 976.5
1390390 975.7
1390400 974.7
1390410 974.7
1390420 976.3
1390430 982.3
1390440 982.3
1390450 989.6
1390460 995.3
1390470 995.3
1390480 999.5
1390490 999.8
1390500 999.8
1390510 998.8
1390520 997.9
1390530 997.9
1390540 997.5
1390550 998.4
1390560 998.4
1390570 1001.1
1390580 1002.1
1390590 1000.6
1390600 1000.6
1390610 997.5
1390620 993.7
1390630 993.7
1390640 991.2
1390650 989.9
1390660 989.9
1390670 987.5
1390680 980.6
1390690 980.6
1390700 971.8
1390710 966.6
1390720 966.6
1390730 963.6
1390740 962.4
1390750 962.4
1390760 962.1
1390770 961.9
1390780 961.9
1390790 961.8
1390800 961.6
1390810 961.4
1390820 961.4
1390830 961.3
1390840 961.3
1390850 961.3
1390860 961.3
1390870 961.3
1390880 961.3
1390890 961.5
1390900 961.5
1390910 961.5
1390920 961.2
1390930 960.8
1390940 960.8
1390950 960.1
1390960 959.5
1390970 959.5
1390980 958.8
1390990 958.5
1391000 958.2
1391010 958.2
1391020 957.9
1391030 957.6
1391040 957.6
1391050 957.3
1391060 957.1
1391070 957.1
1391080 957.0
1391090 957.1
1391100 957.1
1391110 960.1
1391120 960.1
1391130 960.1
1391140 959.7
1391150 959.2
1391160 959.2
1391170 958.0
1391180 956.3
1391190 956.3
1391200 955.3
1391210 954.8
1391220 954.4
1391230 954.4
1391240 954.0
1391250 953.9
1391260 953.9
1391270 953.8
1391280 953.5
1391290 953.5
1391300 953.4
1391310 953.4
1391320 953.4
1391330 953.6
1391340 954.0
1391350 954.0
1391360 954.4
1391370 955.2
1391380 955.2
1391390 955.8
1391400 956.0
1391410 955.7
1391420 955.7
1391430 955.4
1391440 955.1
1391450 955.1
1391460 954.9
1391470 954.6
1391480 954.6
1391490 954.3
1391500 954.2
1391510 954.2
1391520 954.5
1391530 955.7
1391540 955.7
1391550 955.7
1391560 955.3
1391570 955.3
1391580 954.9
1391590 954.5
1391600 954.5
1391610 954.3
1391620 955.5
1391630 957.8
1391640 957.8
1391650 959.7
1391660 960.4
1391670 960.4
1391680 961.8
1391690 961.9
1391700 961.9
1391710 962.3
1391720 961.9
1391730 961.9
1391740 962.3
1391750 962.5
1391760 962.5
1391770 963.1
1391780 962.9
1391790 962.9
1391800 960.7
1391810 957.9
1391820 954.5
1391830 954.5
1391840 952.1
1391850 951.2
1391860 951.2
1391870 950.6
1391880 950.5
1391890 950.5
1391900 950.4
1391910 950.5
1391920 950.5
1391930 950.6
1391940 950.5
1391950 950.5
1391960 950.4
1391970 950.3
1391980 950.3
1391990 950.2
1392000 950.2
1392010 950.0
1392020 950.0
1392030 949.9
1392040 949.7
1392050 949.7
1392060 949.5
1392070 949.4
1392080 949.4
1392090 949.2
1392100 948.7
1392110 948.7
1392120 947.6
1392130 947.3
1392140 947.3
1392150 947.2
1392160 947.1
1392170 947.1
1392180 947.0
1392190 946.8
1392200 946.8
1392210 946.7
1392220 946.7
1392230 946.5
1392240 946.5
1392250 946.3
1392260 946.1
1392270 946.1
1392280 946.1
1392290 945.9
1392300 945.9
1392310 945.9
1392320 945.8
1392330 945.8
1392340 945.6
1392350 945.5
1392360 945.5
1392370 945.4
1392380 945.3
1392390 945.3
1392400 945.3
1392410 945.3
1392420 945.4
1392430 945.4
1392440 945.4
1392450 945.1
1392460 945.1
1392470 944.8
1392480 944.7
1392490 944.7
1392500 944.6
1392510 944.4
1392520 944.4
1392530 944.2
1392540 944.1
1392550 944.1
1392560 944.0
1392570 944.0
1392580 944.0
1392590 943.9
1392600 943.7
1392610 943.7
1392620 943.5
1392630 943.3
1392640 943.2
1392650 943.2
1392660 943.1
1392670 943.1
1392680 943.1
1392690 943.0
1392700 942.9
1392710 942.9
1392720 942.8
1392730 942.7
1392740 942.7
1392750 942.6
1392760 942.5
1392770 942.5
1392780 942.4
1392790 942.2
1392800 942.2
1392810 942.1
1392820 941.9
1392830 941.8
1392840 941.8
1392850 941.7
1392860 941.7
1392870 941.7
1392880 941.6
1392890 941.4
1392900 941.4
1392910 941.3
1392920 941.2
1392930 941.2
1392940 941.2
1392950 940.9
1392960 940.9
1392970 940.8
1392980 940.8
1392990 940.8
1393000 940.7
1393010 940.7
1393020 940.7
1393030 940.6
1393040 940.6
1393050 940.6
1393060 940.6
1393070 940.7
1393080 940.2
1393090 940.2
1393100 937.8
1393110 937.5
1393120 937.5
1393130 939.2
1393140 940.6
1393150 940.6
1393160 940.4
1393170 940.2
1393180 940.2
1393190 939.8
1393200 939.3
1393210 939.3
1393220 939.0
1393230 938.9
1393240 938.9
1393250 938.9
1393260 938.8
1393270 938.6
1393280 938.6
1393290 938.8
1393300 938.6
1393310 938.6
1393320 938.4
1393330 938.6
1393340 938.6
1393350 938.8
1393360 939.1
1393370 939.1
1393380 939.6
1393390 940.3
1393400 940.3
1393410 941.0
1393420 941.4
1393430 941.4
1393440 941.7
1393450 941.6
1393460 941.8
1393470 941.8
1393480 942.2
1393490 942.7
1393500 942.7
1393510 942.4
1393520 941.5
1393530 941.5
1393540 940.8
1393550 940.4
1393560 940.4
1393570 940.0
1393580 939.6
1393590 939.6
1393600 939.4
1393610 939.1
1393620 939.1
1393630 938.6
1393640 938.1
1393650 937.7
1393660 937.7
1393670 937.3
1393680 936.9
1393690 936.9
1393700 936.5
1393710 936.2
1393720 936.2
1393730 936.0
1393740 935.8
1393750 935.8
1393760 935.7
1393770 935.5
1393780 935.5
1393790 935.4
1393800 935.4
1393810 935.4
1393820 935.2
1393830 935.1
1393840 935.1
1393850 934.8
1393860 934.6
1393870 934.8
1393880 934.8
1393890 935.2
1393900 935.2
1393910 935.2
1393920 935.2
1393930 935.3
1393940 935.3
1393950 935.4
1393960 935.3
1393970 935.3
1393980 935.2
1393990 933.5
1394000 933.5
1394010 933.7
1394020 935.6
1394030 935.6
1394040 935.6
1394050 935.2
1394060 934.8
1394070 934.8
1394080 934.5
1394090 934.5
1394100 934.5
1394110 934.6
1394120 934.5
1394130 934.5
1394140 934.3
1394150 934.2
1394160 934.2
1394170 934.3
1394180 934.2
1394190 934.2
1394200 934.3
1394210 934.4
1394220 934.4
1394230 934.8
1394240 935.4
1394250 935.9
1394260 935.9
1394270 936.8
1394280 936.9
1394290 936.9
1394300 937.2
1394310 937.6
1394320 937.6
1394330 937.9
1394340 938.1
1394350 938.1
1394360 937.9
1394370 937.4
1394380 937.4
1394390 936.6
1394400 935.9
1394410 935.9
1394420 936.5
1394430 935.6
1394440 935.6
1394450 935.0
1394460 934.4
1394470 934.3
1394480 934.3
1394490 934.0
1394500 933.7
1394510 933.7
1394520 933.5
1394530 933.3
1394540 933.3
1394550 933.1
1394560 933.1
1394570 933.1
1394580 932.9
1394590 932.7
1394600 932.7
1394610 932.7
1394620 932.7
1394630 932.7
1394640 932.6
1394650 932.6
1394660 932.6
1394670 932.6
1394680 932.5
1394690 932.6
1394700 932.6
1394710 932.5
1394720 932.5
1394730 932.5
1394740 932.4
1394750 932.4
1394760 932.4
1394770 932.6
1394780 932.6
1394790 932.6
1394800 932.5
1394810 932.5
1394820 932.5
1394830 932.6
1394840 932.6
1394850 932.6
1394860 932.5
1394870 932.4
1394880 932.4
1394890 932.4
1394900 932.6
1394910 933.8
1394920 933.8
1394930 934.4
1394940 932.5
1394950 932.5
1394960 931.6
1394970 931.9
1394980 931.9
1394990 933.8
1395000 935.5
1395010 935.5
1395020 933.2
1395030 932.5
1395040 932.5
1395050 932.6
1395060 932.6
1395070 932.3
1395080 932.3
1395090 932.1
1395100 932.0
1395110 932.0
1395120 932.0
1395130 932.0
1395140 932.0
1395150 932.1
1395160 932.0
1395170 932.0
1395180 932.0
1395190 932.0
1395200 932.0
1395210 932.3
1395220 932.5
1395230 932.5
1395240 932.7
1395250 932.9
1395260 932.5
1395270 932.8
1395280 932.9
1395290 933.1
1395300 933.1
1395310 933.2
1395320 933.2
1395330 933.2
1395340 933.4
1395350 933.6
1395360 933.6
1395370 934.0
1395380 934.5
1395390 934.5
1395400 934.3
1395410 934.3
1395420 934.3
1395430 934.4
1395440 934.5
1395450 934.5
1395460 934.7
1395470 934.8
1395480 934.8
1395490 934.8
1395500 935.0
1395510 935.1
1395520 935.1
1395530 935.1
1395540 934.9
1395550 934.9
1395560 935.0
1395570 935.3
1395580 935.3
1395590 935.1
1395600 934.9
1395610 934.9
1395620 934.8
1395630 934.7
1395640 934.7
1395650 934.6
1395660 934.3
1395670 934.3
1395680 934.1
1395690 934.2
1395700 934.2
1395710 934.2
1395720 934.2
1395730 934.1
1395740 934.1
1395750 934.0
1395760 933.9
1395770 933.9
1395780 933.9
1395790 934.0
1395800 934.0
1395810 934.2
1395820 934.7
1395830 934.7
1395840 934.8
1395850 934.6
1395860 934.6
1395870 934.4
1395880 934.3
1395890 934.1
1395900 934.1
1395910 934.0
1395920 933.9
1395930 933.9
1395940 933.9
1395950 934.0
1395960 934.0
1395970 934.3
1395980 934.2
1395990 934.2
1396000 933.8
1396010 933.7
1396020 933.7
1396030 933.7
1396040 933.6
1396050 933.6
1396060 933.5
1396070 933.5
1396080 933.5
1396090 933.6
1396100 934.0
1396110 935.2
1396120 935.2
1396130 935.3
1396140 935.1
1396150 935.1
1396160 935.1
1396170 934.8
1396180 934.8
1396190 933.9
1396200 933.7
1396210 933.7
1396220 933.7
1396230 933.7
1396240 933.7
1396250 933.6
1396260 933.6
1396270 933.6
1396280 933.6
1396290 933.8
1396300 933.9
1396310 933.9
1396320 934.2
1396330 935.0
1396340 935.0
1396350 936.0
1396360 937.5
1396370 937.5
1396380 939.6
1396390 942.5
1396400 942.5
1396410 947.6
1396420 954.1
1396430 954.1
1396440 958.5
1396450 959.8
1396460 959.8
1396470 963.9
1396480 969.8
1396490 969.8
1396500 974.6
1396510 979.8
1396520 984.3
1396530 984.3
1396540 987.1
1396550 989.6
1396560 989.6
1396570 993.0
1396580 996.5
1396590 996.5
1396600 1001.4
1396610 1005.4
1396620 1005.4
1396630 1008.9
1396640 1012.9
1396650 1012.9
1396660 1018.4
1396670 1024.0
1396680 1024.0
1396690 1032.7
1396700 1040.5
1396710 1048.5
1396720 1048.5
1396730 1055.9
1396740 1062.3
1396750 1062.3
1396760 1068.9
1396770 1075.7
1396780 1075.7
1396790 1080.2
1396800 1083.7
1396810 1083.7
1396820 1088.9
1396830 1093.7
1396840 1093.7
1396850 1099.9
1396860 1104.9
1396870 1104.9
1396880 1110.3
1396890 1116.7
1396900 1123.0
1396910 1123.0
1396920 1130.3
1396930 1137.4
1396940 1137.4
1396950 1143.6
1396960 1150.1
1396970 1150.1
1396980 1155.9
1396990 1161.3
1397000 1161.3
1397010 1166.4
1397020 1170.3
1397030 1170.3
1397040 1176.2
1397050 1182.3
1397060 1182.3
1397070 1187.8
1397080 1193.6
1397090 1193.6
1397100 1197.4
1397110 1203.4
1397120 1209.0
1397130 1209.0
1397140 1214.6
1397150 1220.2
1397160 1220.2
1397170 1223.0
1397180 1227.3
1397190 1227.3
1397200 1231.6
1397210 1233.9
1397220 1233.9
1397230 1233.5
1397240 1233.8
1397250 1233.8
1397260 1235.7
1397270 1239.4
1397280 1239.4
1397290 1243.7
1397300 1247.7
1397310 1254.0
1397320 1254.0
1397330 1263.8
1397340 1271.3
1397350 1271.3
1397360 1277.7
1397370 1281.7
1397380 1281.7
1397390 1283.4
1397400 1287.9
1397410 1287.9
1397420 1293.5
1397430 1298.2
1397440 1298.2
1397450 1300.2
1397460 1302.9
1397470 1302.9
1397480 1306.8
1397490 1311.5
1397500 1311.5
1397510 1313.7
1397520 1314.3
1397530 1317.5
1397540 1317.5
1397550 1322.8
1397560 1329.9
1397570 1329.9
1397580 1334.2
1397590 1337.6
1397600 1337.6
1397610 1340.9
1397620 1346.5
1397630 1346.5
1397640 1351.2
1397650 1355.9
1397660 1355.9
1397670 1359.3
1397680 1361.1
1397690 1361.1
1397700 1364.3
1397710 1368.5
1397720 1373.6
1397730 1373.6
1397740 1381.1
1397750 1388.5
1397760 1388.5
1397770 1394.1
1397780 1400.7
1397790 1400.7
1397800 1408.6
1397810 1415.7
1397820 1415.7
1397830 1421.9
1397840 1428.2
1397850 1428.2
1397860 1434.1
1397870 1439.4
1397880 1439.4
1397890 1443.4
1397900 1446.6
1397910 1446.6
1397920 1450.3
1397930 1457.1
1397940 1464.9
1397950 1464.9
1397960 1470.8
1397970 1477.4
1397980 1477.4
1397990 1482.6
1398000 1489.0
1398010 1489.0
1398020 1494.4
1398030 1498.3
1398040 1498.3
1398050 1501.8
1398060 1505.3
1398070 1505.3
1398080 1509.1
1398090 1512.8
1398100 1512.8
1398110 1517.6
1398120 1523.1
1398130 1530.8
1398140 1530.7
1398150 1537.0
1398160 1544.1
1398170 1544.1
1398180 1550.6
1398190 1555.8
1398200 1555.8
1398210 1562.3
1398220 1570.5
1398230 1570.5
1398240 1579.2
1398250 1586.5
1398260 1586.5
1398270 1592.4
1398280 1598.5
1398290 1598.5
1398300 1605.7
1398310 1613.7
1398320 1613.7
1398330 1621.1
1398340 1627.9
1398350 1633.2
1398360 1633.2
1398370 1637.1
1398380 1640.6
1398390 1640.6
1398400 1646.0
1398410 1652.2
1398420 1652.2
1398430 1659.4
1398440 1664.4
1398450 1664.4
1398460 1669.9
1398470 1675.4
1398480 1675.4
1398490 1679.0
1398500 1682.4
1398510 1682.4
1398520 1686.8
1398530 1691.1
1398540 1695.3
1398550 1695.3
1398560 1700.1
1398570 1705.5
1398580 1705.5
1398590 1711.3
1398600 1717.0
1398610 1717.0
1398620 1722.9
1398630 1728.0
1398640 1728.0
1398650 1733.5
1398660 1739.0
1398670 1739.0
1398680 1744.3
1398690 1751.9
1398700 1751.9
1398710 1758.3
1398720 1758.9
1398730 1758.9
1398740 1760.1
1398750 1762.1
1398760 1764.5
1398770 1764.5
1398780 1766.6
1398790 1768.2
1398800 1768.2
1398810 1768.8
1398820 1769.0
1398830 1769.0
1398840 1770.1
1398850 1773.0
1398860 1773.0
1398870 1775.5
1398880 1776.7
1398890 1776.7
1398900 1777.7
1398910 1778.1
1398920 1778.1
1398930 1778.5
1398940 1778.8
1398950 1780.0
1398960 1780.0
1398970 1782.5
1398980 1785.0
1398990 1785.0
1399000 1786.8
1399010 1786.4
1399020 1786.4
1399030 1786.1
1399040 1786.8
1399050 1786.8
1399060 1787.7
1399070 1788.6
1399080 1788.6
1399090 1787.9
1399100 1788.6
1399110 1788.6
1399120 1790.7
1399130 1792.2
1399140 1793.1
1399150 1793.1
1399160 1793.9
1399170 1795.3
1399180 1795.3
1399190 1797.6
1399200 1800.1
1399210 1800.1
1399220 1803.5
1399230 1807.9
1399240 1807.9
1399250 1812.9
1399260 1818.0
1399270 1818.0
1399280 1822.3
1399290 1827.9
1399300 1827.9
1399310 1833.3
1399320 1838.4
1399330 1838.4
1399340 1843.3
1399350 1848.7
1399360 1854.2
1399370 1854.2
1399380 1859.1
1399390 1863.9
1399400 1863.9
1399410 1868.8
1399420 1874.0
1399430 1874.0
1399440 1878.6
1399450 1882.3
1399460 1882.3
1399470 1885.4
1399480 1887.2
1399490 1887.2
1399500 1888.6
1399510 1890.0
1399520 1890.0
1399530 1890.9
1399540 1891.2
1399550 1890.9
1399560 1890.9
1399570 1889.7
1399580 1887.6
1399590 1887.6
1399600 1884.9
1399610 1882.1
1399620 1886.4
1399630 1883.7
1399640 1880.2
1399650 1880.2
1399660 1876.5
1399670 1872.6
1399680 1872.6
1399690 1867.7
1399700 1860.7
1399710 1860.7
1399720 1853.1
1399730 1846.3
1399740 1846.3
1399750 1840.5
1399760 1834.5
1399770 1828.1
1399780 1828.1
1399790 1821.8
1399800 1819.8
1399810 1819.8
1399820 1819.9
1399830 1820.9
1399840 1820.9
1399850 1818.1
1399860 1813.9
1399870 1813.9
1399880 1809.1
1399890 1803.6
1399900 1803.6
1399910 1797.7
1399920 1792.0
1399930 1792.0
1399940 1788.1
1399950 1785.6
1399960 1782.3
1399970 1782.3
1399980 1778.8
1399990 1776.5
1380000 1934.5
1380010 1928.2
1380020 1921.9
1380030 1921.9
1380040 1915.7
1380050 1909.7
1380060 1909.7
1380070 1904.5
1380080 1898.9
1380090 1898.9
1380100 1892.5
1380110 1888.4
1380120 1888.4
1380130 1894.0
1380140 1897.8
1380150 1897.8
1380160 1898.2
1380170 1896.4
1380180 1896.4
1380190 1892.6
1380200 1886.6
1380210 1879.3
1380220 1879.3
1380230 1877.9
1380240 1881.3
1380250 1881.3
1380260 1884.8
1380270 1888.0
1380280 1888.0
1380290 1890.3
1380300 1893.1
1380310 1893.1
1380320 1895.7
1380330 1898.5
1380340 1898.5
1380350 1900.9
1380360 1903.4
1380370 1903.4
1380380 1907.0
1380390 1910.3
1380400 1913.3
1380410 1913.3
1380420 1915.8
1380430 1919.0
1380440 1919.0
1380450 1921.7
1380460 1923.8
1380470 1923.8
1380480 1926.9
1380490 1930.6
1380500 1930.6
1380510 1934.1
1380520 1937.5
1380530 1937.5
1380540 1940.5
1380550 1942.3
1380560 1942.3
1380570 1943.1
1380580 1942.4
1380590 1942.4
1380600 1940.0
1380610 1938.7
1380620 1937.7
1380630 1937.7
1380640 1935.7
1380650 1934.9
1380660 1934.9
1380670 1933.5
1380680 1930.9
1380690 1930.9
1380700 1927.2
1380710 1923.1
1380720 1923.1
1380730 1919.6
1380740 1915.3
1380750 1915.3
1380760 1910.2
1380770 1904.3
1380780 1904.3
1380790 1898.9
1380800 1893.8
1380810 1889.3
1380820 1889.3
1380830 1887.5
1380840 1883.2
1380850 1883.2
1380860 1879.3
1380870 1875.4
1380880 1875.4
1380890 1870.8
1380900 1865.6
1380910 1865.6
1380920 1860.3
1380930 1854.4
1380940 1854.4
1380950 1848.6
1380960 1843.8
1380970 1843.8
1380980 1841.0
1380990 1836.4
1381000 1836.4
1381010 1830.1
1381020 1823.1
1381030 1815.4
1381040 1815.4
1381050 1808.6
1381060 1803.4
1381070 1803.4
1381080 1799.6
1381090 1795.6
1381100 1795.6
1381110 1791.3
1381120 1787.0
1381130 1787.0
1381140 1783.1
1381150 1778.0
1381160 1778.0
1381170 1772.4
1381180 1767.0
1381190 1767.0
1381200 1761.6
1381210 1755.6
1381220 1749.2
1381230 1749.2
1381240 1742.9
1381250 1737.2
1381260 1737.2
1381270 1732.5
1381280 1729.6
1381290 1729.6
1381300 1725.0
1381310 1719.1
1381320 1719.1
1381330 1712.6
1381340 1706.7
1381350 1706.7
1381360 1697.8
1381370 1685.1
1381380 1685.1
1381390 1672.3
1381400 1659.8
1381410 1659.8
1381420 1649.9
1381430 1642.0
1381440 1636.0
1381450 1636.0
1381460 1629.1
1381470 1619.0
1381480 1619.0
1381490 1608.1
1381500 1599.0
1381510 1599.0
1381520 1590.8
1381530 1581.7
1381540 1581.7
1381550 1572.5
1381560 1561.9
1381570 1561.9
1381580 1554.4
1381590 1546.4
1381600 1546.4
1381610 1535.9
1381620 1524.9
1381630 1515.9
1381640 1515.9
1381650 1507.0
1381660 1498.8
1381670 1498.8
1381680 1490.7
1381690 1483.1
1381700 1483.1
1381710 1474.9
1381720 1467.4
1381730 1467.4
1381740 1460.1
1381750 1452.7
1381760 1452.7
1381770 1443.7
1381780 1434.8
1381790 1434.8
1381800 1426.3
1381810 1419.1
1381820 1419.1
1381830 1412.4
1381840 1405.1
1381850 1395.6
1381860 1395.6
1381870 1387.1
1381880 1379.9
1381890 1379.9
1381900 1373.7
1381910 1368.5
1381920 1368.5
1381930 1363.1
1381940 1358.6
1381950 1358.6
1381960 1352.7
1381970 1347.1
1381980 1347.1
1381990 1341.0
1382000 1335.5
1382010 1335.5
1382020 1329.6
1382030 1323.4
1382040 1316.5
1382050 1316.5
1382060 1311.7
1382070 1307.6
1382080 1307.6
1382090 1303.2
1382100 1298.1
1382110 1298.1
1382120 1294.7
1382130 1291.2
1382140 1291.2
1382150 1287.9
1382160 1285.1
1382170 1285.1
1382180 1283.3
1382190 1281.0
1382200 1281.0
1382210 1278.4
1382220 1276.7
1382230 1276.7
1382240 1275.2
1382250 1273.4
1382260 1271.3
1382270 1271.3
1382280 1269.0
1382290 1266.7
1382300 1266.7
1382310 1264.5
1382320 1262.3
1382330 1262.3
1382340 1260.0
1382350 1256.8
1382360 1256.8
1382370 1254.9
1382380 1252.2
1382390 1252.2
1382400 1249.3
1382410 1246.8
1382420 1246.8
1382430 1244.4
1382440 1241.5
1382450 1238.6
1382460 1238.6
1382470 1236.1
1382480 1233.8
1382490 1233.8
1382500 1231.4
1382510 1228.0
1382520 1228.0
1382530 1224.4
1382540 1221.6
1382550 1221.6
1382560 1220.1
1382570 1216.9
1382580 1216.9
1382590 1213.6
1382600 1211.0
1382610 1211.0
1382620 1207.8
1382630 1203.8
1382640 1201.2
1382650 1201.2
1382660 1199.5
1382670 1196.6
1382680 1196.6
1382690 1189.3
1382700 1182.3
1382710 1182.3
1382720 1177.4
1382730 1173.0
1382740 1173.0
1382750 1169.5
1382760 1167.7
1382770 1167.7
1382780 1167.2
1382790 1166.6
1382800 1166.6
1382810 1163.3
1382820 1164.2
1382830 1164.2
1382840 1166.1
1382850 1165.8
1382860 1167.5
1382870 1167.5
1382880 1170.9
1382890 1175.0
1382900 1175.0
1382910 1181.0
1382920 1186.9
1382930 1186.9
1382940 1194.1
1382950 1202.5
1382960 1202.5
1382970 1211.1
1382980 1215.9
1382990 1215.9
1383000 1215.4
1383010 1214.2
1383020 1214.2
1383030 1213.1
1383040 1212.3
1383050 1212.0
1383060 1212.0
1383070 1211.6
1383080 1211.3
1383090 1211.3
1383100 1211.8
1383110 1212.6
1383120 1212.6
1383130 1212.6
1383140 1212.3
1383150 1212.3
1383160 1212.2
1383170 1212.0
1383180 1212.0
1383190 1211.6
1383200 1210.6
1383210 1210.6
1383220 1209.9
1383230 1208.7
1383240 1208.7
1383250 1206.7
1383260 1205.7
1383270 1205.2
1383280 1205.2
1383290 1204.4
1383300 1202.9
1383310 1206.2
1383320 1203.7
1383330 1201.7
1383340 1201.7
1383350 1201.0
1383360 1200.0
1383370 1200.0
1383380 1199.0
1383390 1197.8
1383400 1197.8
1383410 1196.3
1383420 1194.7
1383430 1194.7
1383440 1192.9
1383450 1191.4
1383460 1190.3
1383470 1190.3
1383480 1189.7
1383490 1189.3
1383500 1189.3
1383510 1189.0
1383520 1188.6
1383530 1188.6
1383540 1188.6
1383550 1188.8
1383560 1188.8
1383570 1188.9
1383580 1188.5
1383590 1188.5
1383600 1188.4
1383610 1188.4
1383620 1188.4
1383630 1189.6
1383640 1194.4
1383650 1194.4
1383660 1198.4
1383670 1200.6
1383680 1200.3
1383690 1200.3
1383700 1199.5
1383710 1199.0
1383720 1199.0
1383730 1199.4
1383740 1200.2
1383750 1200.2
1383760 1201.3
1383770 1201.4
1383780 1201.4
1383790 1201.4
1383800 1200.6
1383810 1200.6
1383820 1198.7
1383830 1196.4
1383840 1196.4
1383850 1193.1
1383860 1190.3
1383870 1188.7
1383880 1188.7
1383890 1187.6
1383900 1187.2
1383910 1187.2
1383920 1187.6
1383930 1187.6
1383940 1187.6
1383950 1186.3
1383960 1183.7
1383970 1183.7
1383980 1181.3
1383990 1177.3
1384000 1177.3
1384010 1173.8
1384020 1171.2
1384030 1171.2
1384040 1168.9
1384050 1167.2
1384060 1167.2
1384070 1164.5
1384080 1161.1
1384090 1159.2
1384100 1159.2
1384110 1157.1
1384120 1155.1
1384130 1155.1
1384140 1152.3
1384150 1148.5
1384160 1148.5
1384170 1144.1
1384180 1140.5
1384190 1140.5
1384200 1138.2
1384210 1134.7
1384220 1134.7
1384230 1132.5
1384240 1131.3
1384250 1131.3
1384260 1130.1
1384270 1128.5
1384280 1126.3
1384290 1126.3
1384300 1124.3
1384310 1122.9
1384320 1122.9
1384330 1121.6
1384340 1119.9
1384350 1119.9
1384360 1118.2
1384370 1116.6
1384380 1116.6
1384390 1115.4
1384400 1114.7
1384410 1114.7
1384420 1114.1
1384430 1113.8
1384440 1113.8
1384450 1113.3
1384460 1110.6
1384470 1110.6
1384480 1108.5
1384490 1107.2
1384500 1105.8
1384510 1105.8
1384520 1103.7
1384530 1102.6
1384540 1102.6
1384550 1101.8
1384560 1105.2
1384570 1105.2
1384580 1103.8
1384590 1102.7
1384600 1102.7
1384610 1101.5
1384620 1100.7
1384630 1100.7
1384640 1100.2
1384650 1099.9
1384660 1099.9
1384670 1099.7
1384680 1099.6
1384690 1099.3
1384700 1099.3
1384710 1099.2
1384720 1099.2
1384730 1099.2
1384740 1099.2
1384750 1099.2
1384760 1099.2
1384770 1099.1
1384780 1098.9
1384790 1098.9
1384800 1098.8
1384810 1099.0
1384820 1099.0
1384830 1099.2
1384840 1099.3
1384850 1099.3
1384860 1099.5
1384870 1099.6
1384880 1099.6
1384890 1099.9
1384900 1100.0
1384910 1100.2
1384920 1100.2
1384930 1100.4
1384940 1100.9
1384950 1100.9
1384960 1100.7
1384970 1100.1
1384980 1100.1
1384990 1099.6
1385000 1099.3
1385010 1099.3
1385020 1099.4
1385030 1099.9
1385040 1099.9
1385050 1100.8
1385060 1101.9
1385070 1101.9
1385080 1103.2
1385090 1104.1
1385100 1104.7
1385110 1104.7
1385120 1105.0
1385130 1104.2
1385140 1104.2
1385150 1103.8
1385160 1104.0
1385170 1104.0
1385180 1104.7
1385190 1105.6
1385200 1105.6
1385210 1106.5
1385220 1107.0
1385230 1107.0
1385240 1107.4
1385250 1108.3
1385260 1108.3
1385270 1109.0
1385280 1109.7
1385290 1110.5
1385300 1110.5
1385310 1111.5
1385320 1112.0
1385330 1112.0
1385340 1112.4
1385350 1112.9
1385360 1112.9
1385370 1113.0
1385380 1112.3
1385390 1112.3
1385400 1111.7
1385410 1110.9
1385420 1110.9
1385430 1111.2
1385440 1112.7
1385450 1112.7
1385460 1113.9
1385470 1114.0
1385480 1114.0
1385490 1113.6
1385500 1113.2
1385510 1112.5
1385520 1112.5
1385530 1112.5
1385540 1112.7
1385550 1112.7
1385560 1112.5
1385570 1110.9
1385580 1110.9
1385590 1109.5
1385600 1109.2
1385610 1109.2
1385620 1109.3
1385630 1109.3
1385640 1109.3
1385650 1109.4
1385660 1109.1
1385670 1109.1
1385680 1108.8
1385690 1108.2
1385700 1107.6
1385710 1107.6
1385720 1107.2
1385730 1107.1
1385740 1107.1
1385750 1106.8
1385760 1106.6
1385770 1106.6
1385780 1106.5
1385790 1106.0
1385800 1106.0
1385810 1105.0
1385820 1104.4
1385830 1104.4
1385840 1104.6
1385850 1103.6
1385860 1103.6
1385870 1102.7
1385880 1102.1
1385890 1102.1
1385900 1102.2
1385910 1101.8
1385920 1100.5
1385930 1100.5
1385940 1099.5
1385950 1098.7
1385960 1098.7
1385970 1098.5
1385980 1097.7
1385990 1097.7
1386000 1096.6
1386010 1096.6
1386020 1096.6
1386030 1097.1
1386040 1098.7
1386050 1098.7
1386060 1099.8
1386070 1101.4
1386080 1101.4
1386090 1101.7
1386100 1102.1
1386110 1102.6
1386120 1102.6
1386130 1102.6
1386140 1103.0
1386150 1103.0
1386160 1104.2
1386170 1107.0
1386180 1107.0
1386190 1108.7
1386200 1109.8
1386210 1109.8
1386220 1109.2
1386230 1108.4
1386240 1108.4
1386250 1108.3
1386260 1109.0
1386270 1109.0
1386280 1109.7
1386290 1111.1
1386300 1111.1
1386310 1110.2
1386320 1112.1
1386330 1114.0
1386340 1114.0
1386350 1116.6
1386360 1120.6
1386370 1120.6
1386380 1124.7
1386390 1129.1
1386400 1129.1
1386410 1133.7
1386420 1138.8
1386430 1138.8
1386440 1144.6
1386450 1150.0
1386460 1150.0
1386470 1155.0
1386480 1159.2
1386490 1159.2
1386500 1165.8
1386510 1171.5
1386520 1170.8
1386530 1170.8
1386540 1164.2
1386550 1156.8
1386560 1156.8
1386570 1151.2
1386580 1145.6
1386590 1145.6
1386600 1141.0
1386610 1137.5
1386620 1137.5
1386630 1133.3
1386640 1130.0
1386650 1130.0
1386660 1128.0
1386670 1124.9
1386680 1124.9
1386690 1121.2
1386700 1119.3
1386710 1119.3
1386720 1120.5
1386730 1123.0
1386740 1124.7
1386750 1124.7
1386760 1126.2
1386770 1127.9
1386780 1127.9
1386790 1131.7
1386800 1134.8
1386810 1134.8
1386820 1132.1
1386830 1128.4
1386840 1128.4
1386850 1127.2
1386860 1126.9
1386870 1126.9
1386880 1126.4
1386890 1123.9
1386900 1123.9
1386910 1121.8
1386920 1120.0
1386930 1118.1
1386940 1118.1
1386950 1115.4
1386960 1113.3
1386970 1113.3
1386980 1111.8
1386990 1110.1
1387000 1110.1
1387010 1110.2
1387020 1111.6
1387030 1111.6
1387040 1113.8
1387050 1115.1
1387060 1115.1
1387070 1115.5
1387080 1115.2
1387090 1115.2
1387100 1114.2
1387110 1113.5
1387120 1113.5
1387130 1118.9
1387140 1116.2
1387150 1115.8
1387160 1115.8
1387170 1114.3
1387180 1111.4
1387190 1111.4
1387200 1107.5
1387210 1103.9
1387220 1103.9
1387230 1099.8
1387240 1096.3
1387250 1096.3
1387260 1093.4
1387270 1090.9
1387280 1090.9
1387290 1089.1
1387300 1087.9
1387310 1087.9
1387320 1086.6
1387330 1085.4
1387340 1084.4
1387350 1084.4
1387360 1083.3
1387370 1082.9
1387380 1082.9
1387390 1082.3
1387400 1081.2
1387410 1081.2
1387420 1079.8
1387430 1079.2
1387440 1079.2
1387450 1078.8
1387460 1078.9
1387470 1078.9
1387480 1079.9
1387490 1082.2
1387500 1082.2
1387510 1085.1
1387520 1087.8
1387530 1088.6
1387540 1088.6
1387550 1089.0
1387560 1089.3
1387570 1089.3
1387580 1089.7
1387590 1089.2
1387600 1089.2
1387610 1088.7
1387620 1088.6
1387630 1088.6
1387640 1088.5
1387650 1088.3
1387660 1088.3
1387670 1088.1
1387680 1088.2
1387690 1088.2
1387700 1088.6
1387710 1089.0
1387720 1089.0
1387730 1089.0
1387740 1088.3
1387750 1088.1
1387760 1088.1
1387770 1087.1
1387780 1086.2
1387790 1086.2
1387800 1085.8
1387810 1085.6
1387820 1085.6
1387830 1084.9
1387840 1083.7
1387850 1083.7
1387860 1080.8
1387870 1081.6
1387880 1081.6
1387890 1082.4
1387900 1082.8
1387910 1082.8
1387920 1080.2
1387930 1080.1
1387940 1080.6
1387950 1080.6
1387960 1077.7
1387970 1073.3
1387980 1073.3
1387990 1070.6
1388000 1069.3
1388010 1069.3
1388020 1068.0
1388030 1066.7
1388040 1066.7
1388050 1066.6
1388060 1066.8
1388070 1066.8
1388080 1067.9
1388090 1068.7
1388100 1068.7
1388110 1068.6
1388120 1065.9
1388130 1065.9
1388140 1067.3
1388150 1069.6
1388160 1070.2
1388170 1070.2
1388180 1070.2
1388190 1072.2
1388200 1072.2
1388210 1074.7
1388220 1076.8
1388230 1076.8
1388240 1077.7
1388250 1079.4
1388260 1079.4
1388270 1079.6
1388280 1079.1
1388290 1079.1
1388300 1078.4
1388310 1077.5
1388320 1077.5
1388330 1075.1
1388340 1074.6
1388350 1076.5
1388360 1076.5
1388370 1077.2
1388380 1073.3
1388390 1073.3
1388400 1070.1
1388410 1069.1
1388420 1069.1
1388430 1068.2
1388440 1064.0
1388450 1064.0
1388460 1064.0
1388470 1063.4
1388480 1063.4
1388490 1062.2
1388500 1060.4
1388510 1060.4
1388520 1061.0
1388530 1061.1
1388540 1061.1
1388550 1060.3
1388560 1058.0
1388570 1055.8
1388580 1055.8
1388590 1053.6
1388600 1051.5
1388610 1051.5
1388620 1050.1
1388630 1048.7
1388640 1048.7
1388650 1047.0
1388660 1045.7
1388670 1045.7
1388680 1044.3
1388690 1042.6
1388700 1042.6
1388710 1041.1
1388720 1039.4
1388730 1039.4
1388740 1038.0
1388750 1037.2
1388760 1035.5
1388770 1035.5
1388780 1033.8
1388790 1033.5
1388800 1033.5
1388810 1033.5
1388820 1033.0
1388830 1033.0
1388840 1032.1
1388850 1029.8
1388860 1029.8
1388870 1027.7
1388880 1026.3
1388890 1026.3
1388900 1024.4
1388910 1022.9
1388920 1022.9
1388930 1021.9
1388940 1021.4
1388950 1021.4
1388960 1021.1
1388970 1020.7
1388980 1020.1
1388990 1020.1
1389000 1019.8
1389010 1019.8
1389020 1019.8
1389030 1020.1
1389040 1020.7
1389050 1020.7
1389060 1021.6
1389070 1021.6
1389080 1021.6
1389090 1021.1
1389100 1022.1
1389110 1022.1
1389120 1026.8
1389130 1033.2
1389140 1033.2
1389150 1040.7
1389160 1047.6
1389170 1048.7
1389180 1048.7
1389190 1048.6
1389200 1048.6
1389210 1048.6
1389220 1048.3
1389230 1047.7
1389240 1047.7
1389250 1046.9
1389260 1045.9
1389270 1045.9
1389280 1044.1
1389290 1044.9
1389300 1044.9
1389310 1048.2
1389320 1049.6
1389330 1049.6
1389340 1050.5
1389350 1051.5
1389360 1052.7
1389370 1052.7
1389380 1053.5
1389390 1054.3
1389400 1054.3
1389410 1055.4
1389420 1055.9
1389430 1055.9
1389440 1055.4
1389450 1055.0
1389460 1055.0
1389470 1054.7
1389480 1054.6
1389490 1054.6
1389500 1054.6
1389510 1054.3
1389520 1054.3
1389530 1053.8
1389540 1053.3
1389550 1053.3
1389560 1052.4
1389570 1051.5
1389580 1050.6
1389590 1050.6
1389600 1049.8
1389610 1049.1
1389620 1049.1
1389630 1048.2
1389640 1047.4
1389650 1047.4
1389660 1046.8
1389670 1046.7
1389680 1046.7
1389690 1046.1
1389700 1045.6
1389710 1045.6
1389720 1045.6
1389730 1045.6
1389740 1045.6
1389750 1045.4
1389760 1042.8
1389770 1043.1
1389780 1043.1
1389790 1043.8
1389800 1044.8
1389810 1044.8
1389820 1045.6
1389830 1046.1
1389840 1046.1
1389850 1045.9
1389860 1045.1
1389870 1045.1
1389880 1044.2
1389890 1042.8
1389900 1042.8
1389910 1041.6
1389920 1040.4
1389930 1040.4
1389940 1039.2
1389950 1038.1
1389960 1038.1
1389970 1037.1
1389980 1034.5
1389990 1029.7
1390000 1029.7
1390010 1026.1
1390020 1024.7
1390030 1024.7
1390040 1020.3
1390050 1015.2
1390060 1015.2
1390070 1011.7
1390080 1006.8
1390090 1006.8
1390100 1001.2
1390110 996.5
1390120 996.5
1390130 993.5
1390140 992.1
1390150 992.1
1390160 990.2
1390170 988.8
1390180 988.1
1390190 988.1
1390200 987.7
1390210 987.2
1390220 987.2
1390230 986.5
1390240 986.2
1390250 986.2
1390260 985.6
1390270 984.8
1390280 984.8
1390290 984.4
1390300 983.6
1390310 983.6
1390320 981.9
1390330 980.8
1390340 980.8
1390350 980.0
1390360 978.6
1390370 978.6
1390380 976.5
1390390 975.7
1390400 974.7
1390410 974.7
1390420 976.3
1390430 982.3
1390440 982.3
1390450 989.6
1390460 995.3
1390470 995.3
1390480 999.5
1390490 999.8
1390500 999.8
1390510 998.8
1390520 997.9
1390530 997.9
1390540 997.5
1390550 998.4
1390560 998.4
1390570 1001.1
1390580 1002.1
1390590 1000.6
1390600 1000.6
1390610 997.5
1390620 993.7
1390630 993.7
1390640 991.2
1390650 989.9
1390660 989.9
1390670 987.5
1390680 980.6
1390690 980.6
1390700 971.8
1390710 966.6
1390720 966.6
1390730 963.6
1390740 962.4
1390750 962.4
1390760 962.1
1390770 961.9
1390780 961.9
1390790 961.8
1390800 961.6
1390810 961.4
1390820 961.4
1390830 961.3
1390840 961.3
1390850 961.3
1390860 961.3
1390870 961.3
1390880 961.3
1390890 961.5
1390900 961.5
1390910 961.5
1390920 961.2
1390930 960.8
1390940 960.8
1390950 960.1
1390960 959.5
1390970 959.5
1390980 958.8
1390990 958.5
1391000 958.2
1391010 958.2
1391020 957.9
1391030 957.6
1391040 957.6
1391050 957.3
1391060 957.1
1391070 957.1
1391080 957.0
1391090 957.1
1391100 957.1
1391110 960.1
1391120 960.1
1391130 960.1
1391140 959.7
1391150 959.2
1391160 959.2
1391170 958.0
1391180 956.3
1391190 956.3
1391200 955.3
1391210 954.8
1391220 954.4
1391230 954.4
1391240 954.0
1391250 953.9
1391260 953.9
1391270 953.8
1391280 953.5
1391290 953.5
1391300 953.4
1391310 953.4
1391320 953.4
1391330 953.6
1391340 954.0
1391350 954.0
1391360 954.4
1391370 955.2
1391380 955.2
1391390 955.8
1391400 956.0
1391410 955.7
1391420 955.7
1391430 955.4
1391440 955.1
1391450 955.1
1391460 954.9
1391470 954.6
1391480 954.6
1391490 954.3
1391500 954.2
1391510 954.2
1391520 954.5
1391530 955.7
1391540 955.7
1391550 955.7
1391560 955.3
1391570 955.3
1391580 954.9
1391590 954.5
1391600 954.5
1391610 954.3
1391620 955.5
1391630 957.8
1391640 957.8
1391650 959.7
1391660 960.4
1391670 960.4
1391680 961.8
1391690 961.9
1391700 961.9
1391710 962.3
1391720 961.9
1391730 961.9
1391740 962.3
1391750 962.5
1391760 962.5
1391770 963.1
1391780 962.9
1391790 962.9
1391800 960.7
1391810 957.9
1391820 954.5
1391830 954.5
1391840 952.1
1391850 951.2
1391860 951.2
1391870 950.6
1391880 950.5
1391890 950.5
1391900 950.4
1391910 950.5
1391920 950.5
1391930 950.6
1391940 950.5
1391950 950.5
1391960 950.4
1391970 950.3
1391980 950.3
1391990 950.2
1392000 950.2
1392010 950.0
1392020 950.0
1392030 949.9
1392040 949.7
1392050 949.7
1392060 949.5
1392070 949.4
1392080 949.4
1392090 949.2
1392100 948.7
1392110 948.7
1392120 947.6
1392130 947.3
1392140 947.3
1392150 947.2
1392160 947.1
1392170 947.1
1392180 947.0
1392190 946.8
1392200 946.8
1392210 946.7
1392220 946.7
1392230 946.5
1392240 946.5
1392250 946.3
1392260 946.1
1392270 946.1
1392280 946.1
1392290 945.9
1392300 945.9
1392310 945.9
1392320 945.8
1392330 945.8
1392340 945.6
1392350 945.5
1392360 945.5
1392370 945.4
1392380 945.3
1392390 945.3
1392400 945.3
1392410 945.3
1392420 945.4
1392430 945.4
1392440 945.4
1392450 945.1
1392460 945.1
1392470 944.8
1392480 944.7
1392490 944.7
1392500 944.6
1392510 944.4
1392520 944.4
1392530 944.2
1392540 944.1
1392550 944.1
1392560 944.0
1392570 944.0
1392580 944.0
1392590 943.9
1392600 943.7
1392610 943.7
1392620 943.5
1392630 943.3
1392640 943.2
1392650 943.2
1392660 943.1
1392670 943.1
1392680 943.1
1392690 943.0
1392700 942.9
1392710 942.9
1392720 942.8
1392730 942.7
1392740 942.7
1392750 942.6
1392760 942.5
1392770 942.5
1392780 942.4
1392790 942.2
1392800 942.2
1392810 942.1
1392820 941.9
1392830 941.8
1392840 941.8
1392850 941.7
1392860 941.7
1392870 941.7
1392880 941.6
1392890 941.4
1392900 941.4
1392910 941.3
1392920 941.2
1392930 941.2
1392940 941.2
1392950 940.9
1392960 940.9
1392970 940.8
1392980 940.8
1392990 940.8
1393000 940.7
1393010 940.7
1393020 940.7
1393030 940.6
1393040 940.6
1393050 940.6
1393060 940.6
1393070 940.7
1393080 940.2
1393090 940.2
1393100 937.8
1393110 937.5
1393120 937.5
1393130 939.2
1393140 940.6
1393150 940.6
1393160 940.4
1393170 940.2
1393180 940.2
1393190 939.8
1393200 939.3
1393210 939.3
1393220 939.0
1393230 938.9
1393240 938.9
1393250 938.9
1393260 938.8
1393270 938.6
1393280 938.6
1393290 938.8
1393300 938.6
1393310 938.6
1393320 938.4
1393330 938.6
1393340 938.6
1393350 938.8
1393360 939.1
1393370 939.1
1393380 939.6
1393390 940.3
1393400 940.3
1393410 941.0
1393420 941.4
1393430 941.4
1393440 941.7
1393450 941.6
1393460 941.8
1393470 941.8
1393480 942.2
1393490 942.7
1393500 942.7
1393510 942.4
1393520 941.5
1393530 941.5
1393540 940.8
1393550 940.4
1393560 940.4
1393570 940.0
1393580 939.6
1393590 939.6
1393600 939.4
1393610 939.1
1393620 939.1
1393630 938.6
1393640 938.1
1393650 937.7
1393660 937.7
1393670 937.3
1393680 936.9
1393690 936.9
1393700 936.5
1393710 936.2
1393720 936.2
1393730 936.0
1393740 935.8
1393750 935.8
1393760 935.7
1393770 935.5
1393780 935.5
1393790 935.4
1393800 935.4
1393810 935.4
1393820 935.2
1393830 935.1
1393840 935.1
1393850 934.8
1393860 934.6
1393870 934.8
1393880 934.8
1393890 935.2
1393900 935.2
1393910 935.2
1393920 935.2
1393930 935.3
1393940 935.3
1393950 935.4
1393960 935.3
1393970 935.3
1393980 935.2
1393990 933.5
1394000 933.5
1394010 933.7
1394020 935.6
1394030 935.6
1394040 935.6
1394050 935.2
1394060 934.8
1394070 934.8
1394080 934.5
1394090 934.5
1394100 934.5
1394110 934.6
1394120 934.5
1394130 934.5
1394140 934.3
1394150 934.2
1394160 934.2
1394170 934.3
1394180 934.2
1394190 934.2
1394200 934.3
1394210 934.4
1394220 934.4
1394230 934.8
1394240 935.4
1394250 935.9
1394260 935.9
1394270 936.8
1394280 936.9
1394290 936.9
1394300 937.2
1394310 937.6
1394320 937.6
1394330 937.9
1394340 938.1
1394350 938.1
1394360 937.9
1394370 937.4
1394380 937.4
1394390 936.6
1394400 935.9
1394410 935.9
1394420 936.5
1394430 935.6
1394440 935.6
1394450 935.0
1394460 934.4
1394470 934.3
1394480 934.3
1394490 934.0
1394500 933.7
1394510 933.7
1394520 933.5
1394530 933.3
1394540 933.3
1394550 933.1
1394560 933.1
1394570 933.1
1394580 932.9
1394590 932.7
1394600 932.7
1394610 932.7
1394620 932.7
1394630 932.7
1394640 932.6
1394650 932.6
1394660 932.6
1394670 932.6
1394680 932.5
1394690 932.6
1394700 932.6
1394710 932.5
1394720 932.5
1394730 932.5
1394740 932.4
1394750 932.4
1394760 932.4
1394770 932.6
1394780 932.6
1394790 932.6
1394800 932.5
1394810 932.5
1394820 932.5
1394830 932.6
1394840 932.6
1394850 932.6
1394860 932.5
1394870 932.4
1394880 932.4
1394890 932.4
1394900 932.6
1394910 933.8
1394920 933.8
1394930 934.4
1394940 932.5
1394950 932.5
1394960 931.6
1394970 931.9
1394980 931.9
1394990 933.8
1395000 935.5
1395010 935.5
1395020 933.2
1395030 932.5
1395040 932.5
1395050 932.6
1395060 932.6
1395070 932.3
1395080 932.3
1395090 932.1
1395100 932.0
1395110 932.0
1395120 932.0
1395130 932.0
1395140 932.0
1395150 932.1
1395160 932.0
1395170 932.0
1395180 932.0
1395190 932.0
1395200 932.0
1395210 932.3
1395220 932.5
1395230 932.5
1395240 932.7
1395250 932.9
1395260 932.5
1395270 932.8
1395280 932.9
1395290 933.1
1395300 933.1
1395310 933.2
1395320 933.2
1395330 933.2
1395340 933.4
1395350 933.6
1395360 933.6
1395370 934.0
1395380 934.5
1395390 934.5
1395400 934.3
1395410 934.3
1395420 934.3
1395430 934.4
1395440 934.5
1395450 934.5
1395460 934.7
1395470 934.8
1395480 934.8
1395490 934.8
1395500 935.0
1395510 935.1
1395520 935.1
1395530 935.1
1395540 934.9
1395550 934.9
1395560 935.0
1395570 935.3
1395580 935.3
1395590 935.1
1395600 934.9
1395610 934.9
1395620 934.8
1395630 934.7
1395640 934.7
1395650 934.6
1395660 934.3
1395670 934.3
1395680 934.1
1395690 934.2
1395700 934.2
1395710 934.2
1395720 934.2
1395730 934.1
1395740 934.1
1395750 934.0
1395760 933.9
1395770 933.9
1395780 933.9
1395790 934.0
1395800 934.0
1395810 934.2
1395820 934.7
1395830 934.7
1395840 934.8
1395850 934.6
1395860 934.6
1395870 934.4
1395880 934.3
1395890 934.1
1395900 934.1
1395910 934.0
1395920 933.9
1395930 933.9
1395940 933.9
1395950 934.0
1395960 934.0
1395970 934.3
1395980 934.2
1395990 934.2
1396000 933.8
1396010 933.7
1396020 933.7
1396030 933.7
1396040 933.6
1396050 933.6
1396060 933.5
1396070 933.5
1396080 933.5
1396090 933.6
1396100 934.0
1396110 935.2
1396120 935.2
1396130 935.3
1396140 935.1
1396150 935.1
1396160 935.1
1396170 934.8
1396180 934.8
1396190 933.9
1396200 933.7
1396210 933.7
1396220 933.7
1396230 933.7
1396240 933.7
1396250 933.6
1396260 933.6
1396270 933.6
1396280 933.6
1396290 933.8
1396300 933.9
1396310 933.9
1396320 934.2
1396330 935.0
1396340 935.0
1396350 936.0
1396360 937.5
1396370 937.5
1396380 939.6
1396390 942.5
1396400 942.5
1396410 947.6
1396420 954.1
1396430 954.1
1396440 958.5
1396450 959.8
1396460 959.8
1396470 963.9
1396480 969.8
1396490 969.8
1396500 974.6
1396510 979.8
1396520 984.3
1396530 984.3
1396540 987.1
1396550 989.6
1396560 989.6
1396570 993.0
1396580 996.5
1396590 996.5
1396600 1001.4
1396610 1005.4
1396620 1005.4
1396630 1008.9
1396640 1012.9
1396650 1012.9
1396660 1018.4
1396670 1024.0
1396680 1024.0
1396690 1032.7
1396700 1040.5
1396710 1048.5
1396720 1048.5
1396730 1055.9
1396740 1062.3
1396750 1062.3
1396760 1068.9
1396770 1075.7
1396780 1075.7
1396790 1080.2
1396800 1083.7
1396810 1083.7
1396820 1088.9
1396830 1093.7
1396840 1093.7
1396850 1099.9
1396860 1104.9
1396870 1104.9
1396880 1110.3
1396890 1116.7
1396900 1123.0
1396910 1123.0
1396920 1130.3
1396930 1137.4
1396940 1137.4
1396950 1143.6
1396960 1150.1
1396970 1150.1
1396980 1155.9
1396990 1161.3
1397000 1161.3
1397010 1166.4
1397020 1170.3
1397030 1170.3
1397040 1176.2
1397050 1182.3
1397060 1182.3
1397070 1187.8
1397080 1193.6
1397090 1193.6
1397100 1197.4
1397110 1203.4
1397120 1209.0
1397130 1209.0
1397140 1214.6
1397150 1220.2
1397160 1220.2
1397170 1223.0
1397180 1227.3
1397190 1227.3
1397200 1231.6
1397210 1233.9
1397220 1233.9
1397230 1233.5
1397240 1233.8
1397250 1233.8
1397260 1235.7
1397270 1239.4
1397280 1239.4
1397290 1243.7
1397300 1247.7
1397310 1254.0
1397320 1254.0
1397330 1263.8
1397340 1271.3
1397350 1271.3
1397360 1277.7
1397370 1281.7
1397380 1281.7
1397390 1283.4
1397400 1287.9
1397410 1287.9
1397420 1293.5
1397430 1298.2
1397440 1298.2
1397450 1300.2
1397460 1302.9
1397470 1302.9
1397480 1306.8
1397490 1311.5
1397500 1311.5
1397510 1313.7
1397520 1314.3
1397530 1317.5
1397540 1317.5
1397550 1322.8
1397560 1329.9
1397570 1329.9
1397580 1334.2
1397590 1337.6
1397600 1337.6
1397610 1340.9
1397620 1346.5
1397630 1346.5
1397640 1351.2
1397650 1355.9
1397660 1355.9
1397670 1359.3
1397680 1361.1
1397690 1361.1
1397700 1364.3
1397710 1368.5
1397720 1373.6
1397730 1373.6
1397740 1381.1
1397750 1388.5
1397760 1388.5
1397770 1394.1
1397780 1400.7
1397790 1400.7
1397800 1408.6
1397810 1415.7
1397820 1415.7
1397830 1421.9
1397840 1428.2
1397850 1428.2
1397860 1434.1
1397870 1439.4
1397880 1439.4
1397890 1443.4
1397900 1446.6
1397910 1446.6
1397920 1450.3
1397930 1457.1
1397940 1464.9
1397950 1464.9
1397960 1470.8
1397970 1477.4
1397980 1477.4
1397990 1482.6
1398000 1489.0
1398010 1489.0
1398020 1494.4
1398030 1498.3
1398040 1498.3
1398050 1501.8
1398060 1505.3
1398070 1505.3
1398080 1509.1
1398090 1512.8
1398100 1512.8
1398110 1517.6
1398120 1523.1
1398130 1530.8
1398140 1530.7
1398150 1537.0
1398160 1544.1
1398170 1544.1
1398180 1550.6
1398190 1555.8
1398200 1555.8
1398210 1562.3
1398220 1570.5
1398230 1570.5
1398240 1579.2
1398250 1586.5
1398260 1586.5
1398270 1592.4
1398280 1598.5
1398290 1598.5
1398300 1605.7
1398310 1613.7
1398320 1613.7
1398330 1621.1
1398340 1627.9
1398350 1633.2
1398360 1633.2
1398370 1637.1
1398380 1640.6
1398390 1640.6
1398400 1646.0
1398410 1652.2
1398420 1652.2
1398430 1659.4
1398440 1664.4
1398450 1664.4
1398460 1669.9
1398470 1675.4
1398480 1675.4
1398490 1679.0
1398500 1682.4
1398510 1682.4
1398520 1686.8
1398530 1691.1
1398540 1695.3
1398550 1695.3
1398560 1700.1
1398570 1705.5
1398580 1705.5
1398590 1711.3
1398600 1717.0
1398610 1717.0
1398620 1722.9
1398630 1728.0
1398640 1728.0
1398650 1733.5
1398660 1739.0
1398670 1739.0
1398680 1744.3
1398690 1751.9
1398700 1751.9
1398710 1758.3
1398720 1758.9
1398730 1758.9
1398740 1760.1
1398750 1762.1
1398760 1764.5
1398770 1764.5
1398780 1766.6
1398790 1768.2
1398800 1768.2
1398810 1768.8
1398820 1769.0
1398830 1769.0
1398840 1770.1
1398850 1773.0
1398860 1773.0
1398870 1775.5
1398880 1776.7
1398890 1776.7
1398900 1777.7
1398910 1778.1
1398920 1778.1
1398930 1778.5
1398940 1778.8
1398950 1780.0
1398960 1780.0
1398970 1782.5
1398980 1785.0
1398990 1785.0
1399000 1786.8
1399010 1786.4
1399020 1786.4
1399030 1786.1
1399040 1786.8
1399050 1786.8
1399060 1787.7
1399070 1788.6
1399080 1788.6
1399090 1787.9
1399100 1788.6
1399110 1788.6
1399120 1790.7
1399130 1792.2
1399140 1793.1
1399150 1793.1
1399160 1793.9
1399170 1795.3
1399180 1795.3
1399190 1797.6
1399200 1800.1
1399210 1800.1
1399220 1803.5
1399230 1807.9
1399240 1807.9
1399250 1812.9
1399260 1818.0
1399270 1818.0
1399280 1822.3
1399290 1827.9
1399300 1827.9
1399310 1833.3
1399320 1838.4
1399330 1838.4
1399340 1843.3
1399350 1848.7
1399360 1854.2
1399370 1854.2
1399380 1859.1
1399390 1863.9
1399400 1863.9
1399410 1868.8
1399420 1874.0
1399430 1874.0
1399440 1878.6
1399450 1882.3
1399460 1882.3
1399470 1885.4
1399480 1887.2
1399490 1887.2
1399500 1888.6
1399510 1890.0
1399520 1890.0
1399530 1890.9
1399540 1891.2
1399550 1890.9
1399560 1890.9
1399570 1889.7
1399580 1887.6
1399590 1887.6
1399600 1884.9
1399610 1882.1
1399620 1886.4
1399630 1883.7
1399640 1880.2
1399650 1880.2
1399660 1876.5
1399670 1872.6
1399680 1872.6
1399690 1867.7
1399700 1860.7
1399710 1860.7
1399720 1853.1
1399730 1846.3
1399740 1846.3
1399750 1840.5
1399760 1834.5
1399770 1828.1
1399780 1828.1
1399790 1821.8
1399800 1819.8
1399810 1819.8
1399820 1819.9
1399830 1820.9
1399840 1820.9
1399850 1818.1
1399860 1813.9
1399870 1813.9
1399880 1809.1
1399890 1803.6
1399900 1803.6
1399910 1797.7
1399920 1792.0
1399930 1792.0
1399940 1788.1
1399950 1785.6
1399960 1782.3
1399970 1782.3
1399980 1778.8
1399990 1776.5
