1380000 1896.0
1380010 1896.0
1380020 1889.5
1380030 1882.7
1380040 1882.7
1380050 1876.2
1380060 1869.2
1380070 1869.2
1380080 1862.4
1380090 1854.4
1380100 1854.4
1380110 1845.7
1380120 1837.4
1380130 1837.4
1380140 1829.9
1380150 1822.7
1380160 1822.7
1380170 1816.2
1380180 1809.4
1380190 1809.4
1380200 1801.8
1380210 1794.5
1380220 1788.8
1380230 1788.8
1380240 1781.9
1380250 1773.5
1380260 1773.5
1380270 1764.0
1380280 1753.8
1380290 1753.8
1380300 1746.3
1380310 1746.9
1380320 1746.9
1380330 1752.9
1380340 1760.6
1380350 1760.6
1380360 1765.0
1380370 1764.8
1380380 1764.8
1380390 1765.6
1380400 1767.0
1380410 1767.4
1380420 1767.4
1380430 1768.5
1380440 1770.0
1380450 1770.0
1380460 1774.0
1380470 1778.8
1380480 1778.8
1380490 1784.8
1380500 1790.7
1380510 1790.7
1380520 1796.2
1380530 1801.6
1380540 1801.6
1380550 1808.2
1380560 1815.6
1380570 1815.6
1380580 1823.1
1380590 1827.1
1380600 1827.1
1380610 1827.1
1380620 1826.5
1380630 1825.8
1380640 1825.8
1380650 1823.1
1380660 1818.8
1380670 1818.8
1380680 1814.1
1380690 1808.1
1380700 1808.1
1380710 1801.7
1380720 1796.2
1380730 1800.5
1380740 1795.4
1380750 1791.6
1380760 1791.6
1380770 1787.6
1380780 1783.7
1380790 1783.7
1380800 1778.2
1380810 1771.9
1380820 1766.3
1380830 1766.3
1380840 1761.5
1380850 1757.5
1380860 1757.5
1380870 1754.7
1380880 1751.5
1380890 1751.5
1380900 1748.4
1380910 1744.2
1380920 1744.2
1380930 1740.2
1380940 1737.0
1380950 1737.0
1380960 1733.3
1380970 1728.8
1380980 1728.8
1380990 1723.8
1381000 1718.8
1381010 1714.3
1381020 1714.3
1381030 1708.5
1381040 1702.6
1381050 1702.6
1381060 1697.1
1381070 1691.5
1381080 1691.5
1381090 1687.2
1381100 1683.6
1381110 1683.6
1381120 1679.1
1381130 1674.4
1381140 1674.4
1381150 1670.1
1381160 1664.6
1381170 1664.6
1381180 1658.3
1381190 1652.1
1381200 1652.1
1381210 1645.0
1381220 1637.4
1381230 1629.5
1381240 1629.5
1381250 1621.6
1381260 1613.2
1381270 1613.2
1381280 1605.4
1381290 1598.8
1381300 1598.8
1381310 1592.1
1381320 1585.0
1381330 1585.0
1381340 1577.7
1381350 1569.4
1381360 1569.4
1381370 1560.8
1381380 1553.0
1381390 1553.0
1381400 1544.7
1381410 1535.3
1381420 1526.1
1381430 1526.1
1381440 1517.6
1381450 1509.7
1381460 1509.7
1381470 1501.9
1381480 1492.9
1381490 1492.9
1381500 1483.6
1381510 1476.2
1381520 1476.2
1381530 1469.5
1381540 1462.7
1381550 1462.7
1381560 1455.6
1381570 1448.0
1381580 1448.0
1381590 1440.5
1381600 1433.1
1381610 1433.1
1381620 1425.6
1381630 1418.4
1381640 1410.8
1381650 1410.8
1381660 1403.1
1381670 1397.5
1381680 1397.5
1381690 1392.3
1381700 1387.0
1381710 1387.0
1381720 1381.5
1381730 1376.3
1381740 1376.3
1381750 1371.7
1381760 1367.8
1381770 1367.8
1381780 1364.5
1381790 1360.0
1381800 1360.0
1381810 1353.6
1381820 1347.6
1381830 1342.5
1381840 1342.5
1381850 1336.4
1381860 1330.3
1381870 1330.3
1381880 1324.7
1381890 1318.7
1381900 1318.7
1381910 1312.6
1381920 1307.4
1381930 1307.4
1381940 1302.2
1381950 1297.2
1381960 1298.8
1381970 1293.3
1381980 1288.2
1381990 1288.2
1382000 1283.4
1382010 1278.7
1382020 1278.7
1382030 1274.2
1382040 1269.9
1382050 1265.5
1382060 1265.5
1382070 1261.4
1382080 1258.0
1382090 1258.0
1382100 1254.9
1382110 1252.6
1382120 1252.6
1382130 1249.9
1382140 1247.4
1382150 1247.4
1382160 1244.8
1382170 1241.9
1382180 1241.9
1382190 1238.6
1382200 1235.8
1382210 1235.8
1382220 1234.3
1382230 1232.9
1382240 1231.0
1382250 1231.0
1382260 1228.3
1382270 1225.1
1382280 1225.1
1382290 1223.9
1382300 1222.5
1382310 1222.5
1382320 1219.7
1382330 1217.1
1382340 1217.1
1382350 1214.9
1382360 1211.7
1382370 1211.7
1382380 1209.1
1382390 1206.7
1382400 1206.7
1382410 1205.8
1382420 1204.0
1382430 1204.0
1382440 1202.0
1382450 1200.5
1382460 1198.1
1382470 1198.1
1382480 1194.3
1382490 1192.2
1382500 1192.2
1382510 1189.6
1382520 1186.2
1382530 1186.2
1382540 1182.6
1382550 1179.1
1382560 1179.1
1382570 1175.8
1382580 1173.2
1382590 1173.2
1382600 1171.1
1382610 1169.2
1382620 1169.2
1382630 1165.7
1382640 1164.1
1382650 1162.8
1382660 1162.8
1382670 1161.5
1382680 1160.2
1382690 1160.2
1382700 1157.7
1382710 1155.4
1382720 1155.4
1382730 1153.8
1382740 1151.7
1382750 1151.7
1382760 1149.0
1382770 1146.7
1382780 1146.7
1382790 1144.6
1382800 1142.9
1382810 1142.9
1382820 1140.9
1382830 1138.8
1382840 1138.8
1382850 1137.0
1382860 1138.2
1382870 1139.5
1382880 1139.5
1382890 1143.0
1382900 1150.7
1382910 1150.7
1382920 1157.6
1382930 1163.5
1382940 1163.5
1382950 1166.6
1382960 1165.7
1382970 1165.7
1382980 1164.5
1382990 1163.3
1383000 1163.3
1383010 1162.4
1383020 1161.5
1383030 1161.5
1383040 1161.1
1383050 1161.0
1383060 1162.3
1383070 1162.3
1383080 1166.3
1383090 1168.6
1383100 1168.6
1383110 1169.4
1383120 1169.1
1383130 1169.1
1383140 1168.7
1383150 1168.3
1383160 1168.3
1383170 1168.0
1383180 1167.6
1383190 1167.6
1383200 1168.1
1383210 1167.8
1383220 1167.8
1383230 1165.7
1383240 1164.5
1383250 1164.5
1383260 1164.1
1383270 1163.5
1383280 1163.1
1383290 1163.1
1383300 1162.2
1383310 1161.5
1383320 1161.5
1383330 1161.6
1383340 1161.1
1383350 1161.1
1383360 1160.3
1383370 1159.4
1383380 1159.4
1383390 1157.4
1383400 1155.3
1383410 1155.3
1383420 1153.6
1383430 1152.2
1383440 1152.2
1383450 1150.5
1383460 1148.7
1383470 1147.4
1383480 1147.4
1383490 1145.8
1383500 1143.7
1383510 1143.7
1383520 1142.2
1383530 1141.5
1383540 1141.5
1383550 1139.9
1383560 1138.5
1383570 1138.5
1383580 1136.7
1383590 1135.2
1383600 1135.2
1383610 1132.9
1383620 1131.3
1383630 1131.3
1383640 1129.8
1383650 1128.7
1383660 1128.7
1383670 1126.5
1383680 1123.9
1383690 1121.4
1383700 1121.4
1383710 1118.7
1383720 1117.6
1383730 1117.6
1383740 1117.1
1383750 1116.8
1383760 1116.8
1383770 1116.6
1383780 1116.2
1383790 1116.2
1383800 1115.3
1383810 1114.5
1383820 1114.5
1383830 1113.2
1383840 1111.1
1383850 1111.1
1383860 1109.9
1383870 1108.6
1383880 1108.2
1383890 1108.2
1383900 1108.6
1383910 1109.2
1383920 1109.2
1383930 1108.5
1383940 1107.8
1383950 1107.8
1383960 1107.5
1383970 1107.2
1383980 1107.2
1383990 1106.8
1384000 1106.6
1384010 1106.6
1384020 1106.5
1384030 1106.5
1384040 1106.5
1384050 1106.5
1384060 1106.4
1384070 1106.4
1384080 1106.1
1384090 1105.7
1384100 1104.6
1384110 1104.6
1384120 1104.1
1384130 1103.9
1384140 1103.9
1384150 1104.0
1384160 1104.6
1384170 1104.6
1384180 1105.7
1384190 1105.8
1384200 1105.8
1384210 1105.3
1384220 1104.8
1384230 1104.8
1384240 1104.6
1384250 1104.7
1384260 1104.7
1384270 1104.6
1384280 1104.5
1384290 1104.5
1384300 1104.5
1384310 1104.4
1384320 1104.4
1384330 1104.4
1384340 1104.2
1384350 1104.1
1384360 1104.1
1384370 1104.1
1384380 1104.2
1384390 1104.2
1384400 1104.2
1384410 1104.1
1384420 1104.1
1384430 1104.1
1384440 1104.3
1384450 1104.2
1384460 1104.4
1384470 1104.6
1384480 1104.7
1384490 1104.7
1384500 1104.8
1384510 1104.9
1384520 1104.9
1384530 1105.0
1384540 1105.1
1384550 1105.1
1384560 1105.0
1384570 1104.9
1384580 1104.9
1384590 1105.0
1384600 1105.2
1384610 1105.2
1384620 1105.4
1384630 1105.7
1384640 1105.7
1384650 1105.9
1384660 1106.2
1384670 1106.2
1384680 1106.5
1384690 1106.9
1384700 1108.1
1384710 1108.1
1384720 1109.2
1384730 1107.4
1384740 1107.4
1384750 1107.6
1384760 1107.4
1384770 1107.4
1384780 1107.8
1384790 1108.1
1384800 1108.1
1384810 1108.3
1384820 1108.4
1384830 1108.4
1384840 1108.6
1384850 1109.1
1384860 1109.1
1384870 1109.7
1384880 1110.4
1384890 1111.2
1384900 1111.2
1384910 1111.5
1384920 1111.6
1384930 1111.6
1384940 1111.5
1384950 1111.4
1384960 1111.4
1384970 1111.7
1384980 1111.3
1384990 1111.3
1385000 1111.0
1385010 1110.4
1385020 1110.4
1385030 1109.7
1385040 1109.3
1385050 1109.3
1385060 1109.0
1385070 1108.5
1385080 1108.5
1385090 1108.0
1385100 1107.5
1385110 1107.1
1385120 1107.1
1385130 1106.7
1385140 1106.6
1385150 1106.6
1385160 1107.1
1385170 1107.6
1385180 1107.6
1385190 1107.7
1385200 1108.1
1385210 1108.1
1385220 1108.5
1385230 1108.8
1385240 1108.8
1385250 1108.9
1385260 1109.2
1385270 1109.2
1385280 1109.8
1385290 1110.3
1385300 1110.3
1385310 1110.3
1385320 1110.6
1385330 1111.0
1385340 1111.0
1385350 1111.5
1385360 1111.9
1385370 1111.9
1385380 1112.3
1385390 1112.5
1385400 1112.5
1385410 1112.9
1385420 1113.1
1385430 1113.1
1385440 1112.8
1385450 1112.4
1385460 1112.4
1385470 1112.4
1385480 1112.6
1385490 1112.6
1385500 1112.6
1385510 1112.5
1385520 1112.2
1385530 1112.2
1385540 1111.9
1385550 1111.8
1385560 1111.8
1385570 1112.1
1385580 1111.6
1385590 1111.6
1385600 1111.1
1385610 1110.9
1385620 1110.9
1385630 1110.7
1385640 1110.5
1385650 1110.5
1385660 1110.1
1385670 1110.0
1385680 1110.0
1385690 1109.7
1385700 1109.4
1385710 1109.1
1385720 1109.1
1385730 1107.8
1385740 1107.3
1385750 1107.3
1385760 1106.7
1385770 1105.7
1385780 1105.7
1385790 1104.6
1385800 1103.9
1385810 1103.9
1385820 1103.3
1385830 1102.9
1385840 1102.9
1385850 1102.4
1385860 1102.0
1385870 1102.0
1385880 1101.4
1385890 1100.0
1385900 1100.0
1385910 1099.3
1385920 1099.0
1385930 1098.7
1385940 1098.7
1385950 1098.2
1385960 1097.8
1385970 1097.8
1385980 1097.5
1385990 1097.2
1386000 1097.2
1386010 1096.1
1386020 1095.4
1386030 1095.4
1386040 1094.6
1386050 1093.7
1386060 1093.7
1386070 1093.0
1386080 1092.7
1386090 1092.7
1386100 1092.8
1386110 1092.5
1386120 1092.5
1386130 1092.5
1386140 1092.5
1386150 1092.4
1386160 1092.4
1386170 1092.4
1386180 1092.4
1386190 1092.4
1386200 1092.5
1386210 1092.4
1386220 1092.4
1386230 1092.3
1386240 1092.3
1386250 1092.3
1386260 1092.3
1386270 1092.4
1386280 1092.4
1386290 1093.3
1386300 1094.9
1386310 1094.9
1386320 1095.9
1386330 1097.5
1386340 1097.7
1386350 1097.7
1386360 1098.0
1386370 1098.7
1386380 1098.7
1386390 1099.5
1386400 1100.2
1386410 1100.2
1386420 1101.1
1386430 1101.6
1386440 1101.6
1386450 1101.9
1386460 1102.0
1386470 1102.0
1386480 1102.1
1386490 1102.5
1386500 1102.5
1386510 1103.2
1386520 1104.4
1386530 1104.4
1386540 1104.4
1386550 1104.6
1386560 1104.8
1386570 1104.8
1386580 1105.0
1386590 1105.2
1386600 1105.2
1386610 1105.6
1386620 1106.0
1386630 1106.0
1386640 1106.6
1386650 1107.6
1386660 1107.6
1386670 1108.3
1386680 1108.6
1386690 1108.6
1386700 1109.0
1386710 1109.4
1386720 1109.4
1386730 1109.9
1386740 1110.5
1386750 1111.0
1386760 1111.0
1386770 1111.6
1386780 1112.5
1386790 1112.5
1386800 1112.9
1386810 1112.4
1386820 1112.4
1386830 1112.4
1386840 1111.9
1386850 1111.9
1386860 1112.7
1386870 1113.2
1386880 1113.2
1386890 1113.7
1386900 1114.2
1386910 1114.2
1386920 1114.6
1386930 1114.9
1386940 1115.2
1386950 1115.2
1386960 1115.7
1386970 1115.7
1386980 1115.7
1386990 1115.7
1387000 1117.5
1387010 1117.5
1387020 1116.8
1387030 1117.4
1387040 1117.4
1387050 1117.9
1387060 1118.2
1387070 1118.2
1387080 1118.8
1387090 1118.6
1387100 1118.6
1387110 1118.2
1387120 1118.7
1387130 1118.7
1387140 1118.2
1387150 1118.6
1387160 1119.3
1387170 1119.3
1387180 1120.1
1387190 1121.1
1387200 1121.1
1387210 1121.8
1387220 1121.4
1387230 1121.4
1387240 1121.8
1387250 1122.9
1387260 1122.9
1387270 1123.1
1387280 1124.0
1387290 1124.0
1387300 1124.8
1387310 1125.7
1387320 1125.7
1387330 1126.8
1387340 1127.1
1387350 1127.3
1387360 1127.3
1387370 1127.8
1387380 1128.4
1387390 1128.4
1387400 1128.4
1387410 1128.5
1387420 1128.5
1387430 1128.3
1387440 1127.9
1387450 1127.9
1387460 1127.5
1387470 1127.3
1387480 1127.3
1387490 1127.3
1387500 1127.1
1387510 1127.1
1387520 1126.4
1387530 1127.4
1387540 1127.4
1387550 1127.7
1387560 1127.3
1387570 1127.1
1387580 1127.1
1387590 1127.5
1387600 1128.3
1387610 1128.3
1387620 1130.1
1387630 1130.3
1387640 1130.3
1387650 1129.9
1387660 1129.9
1387670 1129.9
1387680 1130.1
1387690 1130.5
1387700 1130.5
1387710 1129.7
1387720 1128.3
1387730 1128.3
1387740 1129.2
1387750 1129.4
1387760 1129.6
1387770 1129.6
1387780 1129.9
1387790 1130.7
1387800 1130.7
1387810 1129.9
1387820 1129.7
1387830 1129.7
1387840 1130.2
1387850 1129.5
1387860 1129.5
1387870 1128.7
1387880 1128.4
1387890 1128.4
1387900 1128.6
1387910 1128.9
1387920 1128.9
1387930 1129.4
1387940 1129.9
1387950 1130.4
1387960 1130.4
1387970 1130.8
1387980 1131.2
1387990 1131.2
1388000 1131.4
1388010 1131.5
1388020 1131.5
1388030 1131.6
1388040 1131.8
1388050 1131.8
1388060 1131.5
1388070 1130.6
1388080 1130.6
1388090 1130.5
1388100 1131.3
1388110 1131.3
1388120 1130.9
1388130 1130.5
1388140 1130.5
1388150 1130.4
1388160 1130.0
1388170 1129.1
1388180 1129.1
1388190 1128.2
1388200 1127.2
1388210 1127.2
1388220 1126.3
1388230 1125.5
1388240 1125.5
1388250 1124.9
1388260 1122.6
1388270 1122.6
1388280 1121.2
1388290 1120.6
1388300 1120.6
1388310 1121.0
1388320 1120.4
1388330 1119.1
1388340 1119.0
1388350 1119.0
1388360 1118.1
1388370 1118.1
1388380 1117.3
1388390 1117.1
1388400 1117.1
1388410 1117.2
1388420 1117.1
1388430 1117.1
1388440 1116.6
1388450 1115.1
1388460 1115.1
1388470 1113.4
1388480 1112.6
1388490 1112.6
1388500 1112.3
1388510 1112.3
1388520 1112.3
1388530 1112.2
1388540 1112.0
1388550 1112.0
1388560 1111.6
1388570 1111.1
1388580 1109.8
1388590 1109.8
1388600 1109.2
1388610 1108.8
1388620 1108.8
1388630 1108.1
1388640 1107.8
1388650 1107.8
1388660 1107.5
1388670 1106.8
1388680 1106.8
1388690 1106.1
1388700 1105.3
1388710 1105.3
1388720 1104.4
1388730 1103.6
1388740 1103.6
1388750 1102.6
1388760 1101.0
1388770 1099.5
1388780 1099.5
1388790 1099.7
1388800 1099.3
1388810 1099.3
1388820 1098.5
1388830 1096.8
1388840 1096.8
1388850 1095.6
1388860 1095.5
1388870 1095.5
1388880 1095.6
1388890 1095.4
1388900 1095.4
1388910 1095.0
1388920 1094.4
1388930 1094.4
1388940 1093.8
1388950 1093.2
1388960 1093.2
1388970 1091.9
1388980 1091.1
1388990 1090.6
1389000 1090.6
1389010 1089.9
1389020 1089.8
1389030 1089.8
1389040 1089.9
1389050 1089.8
1389060 1089.8
1389070 1089.7
1389080 1089.1
1389090 1089.1
1389100 1088.0
1389110 1087.6
1389120 1087.6
1389130 1087.1
1389140 1085.6
1389150 1085.6
1389160 1085.2
1389170 1084.7
1389180 1084.1
1389190 1084.1
1389200 1083.3
1389210 1082.3
1389220 1082.3
1389230 1081.5
1389240 1080.9
1389250 1080.9
1389260 1080.4
1389270 1080.5
1389280 1080.5
1389290 1081.2
1389300 1081.2
1389310 1081.2
1389320 1081.7
1389330 1082.7
1389340 1082.7
1389350 1082.9
1389360 1083.3
1389370 1083.3
1389380 1083.6
1389390 1084.0
1389400 1085.5
1389410 1085.5
1389420 1087.1
1389430 1087.6
1389440 1087.6
1389450 1088.4
1389460 1089.3
1389470 1089.3
1389480 1089.7
1389490 1089.6
1389500 1089.6
1389510 1089.1
1389520 1089.0
1389530 1089.0
1389540 1089.1
1389550 1089.2
1389560 1089.2
1389570 1088.6
1389580 1087.5
1389590 1087.3
1389600 1087.3
1389610 1086.8
1389620 1086.1
1389630 1086.1
1389640 1086.3
1389650 1084.0
1389660 1084.0
1389670 1083.5
1389680 1082.9
1389690 1082.9
1389700 1081.5
1389710 1076.9
1389720 1076.9
1389730 1070.3
1389740 1064.8
1389750 1064.8
1389760 1065.9
1389770 1070.4
1389780 1070.4
1389790 1074.3
1389800 1075.2
1389810 1075.1
1389820 1075.1
1389830 1074.5
1389840 1072.6
1389850 1072.6
1389860 1070.7
1389870 1070.1
1389880 1070.1
1389890 1069.9
1389900 1069.6
1389910 1069.6
1389920 1069.3
1389930 1069.1
1389940 1069.1
1389950 1069.1
1389960 1068.9
1389970 1068.9
1389980 1068.9
1389990 1069.5
1390000 1070.3
1390010 1070.3
1390020 1070.6
1390030 1070.8
1390040 1070.8
1390050 1071.0
1390060 1071.3
1390070 1071.3
1390080 1072.0
1390090 1072.9
1390100 1072.9
1390110 1074.2
1390120 1076.1
1390130 1076.1
1390140 1078.7
1390150 1081.6
1390160 1081.6
1390170 1083.9
1390180 1084.6
1390190 1084.6
1390200 1084.1
1390210 1084.5
1390220 1085.9
1390230 1085.9
1390240 1088.0
1390250 1090.2
1390260 1090.2
1390270 1092.6
1390280 1094.9
1390290 1094.9
1390300 1096.0
1390310 1096.4
1390320 1096.4
1390330 1096.6
1390340 1097.1
1390350 1097.1
1390360 1097.2
1390370 1097.2
1390380 1097.2
1390390 1097.5
1390400 1098.0
1390410 1099.5
1390420 1099.5
1390430 1101.5
1390440 1103.5
1390450 1103.5
1390460 1105.1
1390470 1105.2
1390480 1105.2
1390490 1101.3
1390500 1093.2
1390510 1093.2
1390520 1086.0
1390530 1082.3
1390540 1082.3
1390550 1084.3
1390560 1085.7
1390570 1085.7
1390580 1087.4
1390590 1086.3
1390600 1081.9
1390610 1081.9
1390620 1078.1
1390630 1074.1
1390640 1074.1
1390650 1069.5
1390660 1065.3
1390670 1065.3
1390680 1060.4
1390690 1057.1
1390700 1057.1
1390710 1055.7
1390720 1054.3
1390730 1054.3
1390740 1051.3
1390750 1047.6
1390760 1047.6
1390770 1045.9
1390780 1048.9
1390790 1048.9
1390800 1051.8
1390810 1053.2
1390820 1053.6
1390830 1053.6
1390840 1054.5
1390850 1056.1
1390860 1056.1
1390870 1056.5
1390880 1054.4
1390890 1054.4
1390900 1053.2
1390910 1053.5
1390920 1053.5
1390930 1052.8
1390940 1048.6
1390950 1048.6
1390960 1045.9
1390970 1046.0
1390980 1046.0
1390990 1045.8
1391000 1038.6
1391010 1036.8
1391020 1036.8
1391030 1034.1
1391040 1033.4
1391050 1033.4
1391060 1032.3
1391070 1032.8
1391080 1032.8
1391090 1038.9
1391100 1041.6
1391110 1041.6
1391120 1041.1
1391130 1040.3
1391140 1040.3
1391150 1039.4
1391160 1037.7
1391170 1037.7
1391180 1035.7
1391190 1031.8
1391200 1031.8
1391210 1028.0
1391220 1025.3
1391230 1023.5
1391240 1023.5
1391250 1025.5
1391260 1028.4
1391270 1028.4
1391280 1031.7
1391290 1037.2
1391300 1037.2
1391310 1045.0
1391320 1053.5
1391330 1053.5
1391340 1062.1
1391350 1069.5
1391360 1069.5
1391370 1075.3
1391380 1079.9
1391390 1079.9
1391400 1084.5
1391410 1087.5
1391420 1091.6
1391430 1091.6
1391440 1097.4
1391450 1105.4
1391460 1105.4
1391470 1111.3
1391480 1114.4
1391490 1114.4
1391500 1115.4
1391510 1115.5
1391520 1115.5
1391530 1115.5
1391540 1115.9
1391550 1115.9
1391560 1117.5
1391570 1118.7
1391580 1118.7
1391590 1118.7
1391600 1118.8
1391610 1118.8
1391620 1119.0
1391630 1119.2
1391640 1119.4
1391650 1119.4
1391660 1120.9
1391670 1122.7
1391680 1122.7
1391690 1125.0
1391700 1125.5
1391710 1125.5
1391720 1123.8
1391730 1121.6
1391740 1121.6
1391750 1120.5
1391760 1120.6
1391770 1120.6
1391780 1121.9
1391790 1124.0
1391800 1124.0
1391810 1126.4
1391820 1127.9
1391830 1128.8
1391840 1128.8
1391850 1129.1
1391860 1129.2
1391870 1129.2
1391880 1129.4
1391890 1129.8
1391900 1129.8
1391910 1130.4
1391920 1131.3
1391930 1131.3
1391940 1132.4
1391950 1134.1
1391960 1134.1
1391970 1135.6
1391980 1136.0
1391990 1136.0
1392000 1136.4
1392010 1137.6
1392020 1137.6
1392030 1138.3
1392040 1138.2
1392050 1137.0
1392060 1137.0
1392070 1133.1
1392080 1129.9
1392090 1129.9
1392100 1128.4
1392110 1126.8
1392120 1126.8
1392130 1125.5
1392140 1124.7
1392150 1124.7
1392160 1125.3
1392170 1127.0
1392180 1127.0
1392190 1126.1
1392200 1123.3
1392210 1123.3
1392220 1123.4
1392230 1125.4
1392240 1127.1
1392250 1127.1
1392260 1128.1
1392270 1126.3
1392280 1126.3
1392290 1121.4
1392300 1116.6
1392310 1116.6
1392320 1112.0
1392330 1107.4
1392340 1107.4
1392350 1103.4
1392360 1095.9
1392370 1095.9
1392380 1090.9
1392390 1086.4
1392400 1086.4
1392410 1082.9
1392420 1079.7
1392430 1079.7
1392440 1076.6
1392450 1073.6
1392460 1070.7
1392470 1070.7
1392480 1067.1
1392490 1063.5
1392500 1063.5
1392510 1060.2
1392520 1057.4
1392530 1057.4
1392540 1054.7
1392550 1050.6
1392560 1050.6
1392570 1046.6
1392580 1043.8
1392590 1043.8
1392600 1041.8
1392610 1040.0
1392620 1040.0
1392630 1038.7
1392640 1037.6
1392650 1036.1
1392660 1036.1
1392670 1034.7
1392680 1032.2
1392690 1032.2
1392700 1027.1
1392710 1022.4
1392720 1022.4
1392730 1017.6
1392740 1013.0
1392750 1013.0
1392760 1009.7
1392770 1005.9
1392780 1005.9
1392790 1001.4
1392800 997.3
1392810 997.3
1392820 992.8
1392830 987.5
1392840 987.5
1392850 982.3
1392860 978.7
1392870 979.1
1392880 979.1
1392890 981.5
1392900 979.6
1392910 979.6
1392920 974.8
1392930 969.1
1392940 969.1
1392950 962.6
1392960 957.1
1392970 957.1
1392980 952.5
1392990 949.7
1393000 949.7
1393010 949.6
1393020 949.4
1393030 949.4
1393040 948.6
1393050 946.7
1393060 944.3
1393070 944.3
1393080 941.8
1393090 939.9
1393100 939.9
1393110 939.3
1393120 939.1
1393130 939.1
1393140 939.0
1393150 939.0
1393160 939.0
1393170 939.0
1393180 938.9
1393190 938.9
1393200 938.7
1393210 938.6
1393220 938.6
1393230 938.3
1393240 938.2
1393250 938.2
1393260 938.1
1393270 937.9
1393280 937.9
1393290 937.9
1393300 938.1
1393310 938.2
1393320 938.2
1393330 938.3
1393340 938.4
1393350 938.4
1393360 938.4
1393370 938.3
1393380 938.3
1393390 938.2
1393400 938.1
1393410 938.1
1393420 938.1
1393430 938.1
1393440 938.1
1393450 938.1
1393460 938.2
1393470 938.1
1393480 938.1
1393490 938.2
1393500 938.2
1393510 938.2
1393520 938.1
1393530 938.1
1393540 938.1
1393550 938.3
1393560 938.9
1393570 938.9
1393580 939.3
1393590 940.3
1393600 940.3
1393610 942.4
1393620 945.0
1393630 945.0
1393640 947.1
1393650 948.6
1393660 948.6
1393670 949.8
1393680 949.9
1393690 949.5
1393700 949.5
1393710 949.0
1393720 948.4
1393730 948.4
1393740 943.1
1393750 947.0
1393760 947.0
1393770 950.9
1393780 956.3
1393790 956.3
1393800 960.1
1393810 963.5
1393820 963.5
1393830 966.7
1393840 969.1
1393850 969.1
1393860 972.4
1393870 975.6
1393880 980.0
1393890 980.0
1393900 984.5
1393910 989.1
1393920 989.1
1393930 995.0
1393940 1002.8
1393950 1002.8
1393960 1011.2
1393970 1018.7
1393980 1018.7
1393990 1023.6
1394000 1029.6
1394010 1029.6
1394020 1034.7
1394030 1038.8
1394040 1038.8
1394050 1042.7
1394060 1046.9
1394070 1046.9
1394080 1052.5
1394090 1057.6
1394100 1061.3
1394110 1061.3
1394120 1064.2
1394130 1067.1
1394140 1067.1
1394150 1071.2
1394160 1075.6
1394170 1075.6
1394180 1079.9
1394190 1083.5
1394200 1083.5
1394210 1087.2
1394220 1091.2
1394230 1091.2
1394240 1094.0
1394250 1095.3
1394260 1095.3
1394270 1095.1
1394280 1093.5
1394290 1090.6
1394300 1090.6
1394310 1085.5
1394320 1080.2
1394330 1080.2
1394340 1075.6
1394350 1072.0
1394360 1072.0
1394370 1070.1
1394380 1067.6
1394390 1067.6
1394400 1064.6
1394410 1060.7
1394420 1060.7
1394430 1055.4
1394440 1051.4
1394450 1051.4
1394460 1049.3
1394470 1047.1
1394480 1043.0
1394490 1043.0
1394500 1037.2
1394510 1030.7
1394520 1030.7
1394530 1025.2
1394540 1021.8
1394550 1021.8
1394560 1018.4
1394570 1015.6
1394580 1015.6
1394590 1013.1
1394600 1009.7
1394610 1009.7
1394620 1005.6
1394630 1001.3
1394640 1001.3
1394650 997.4
1394660 993.9
1394670 993.9
1394680 990.4
1394690 985.9
1394700 982.1
1394710 982.1
1394720 978.5
1394730 975.0
1394740 975.0
1394750 970.4
1394760 965.5
1394770 965.5
1394780 961.1
1394790 957.1
1394800 957.1
1394810 953.1
1394820 949.1
1394830 949.1
1394840 945.4
1394850 942.0
1394860 942.0
1394870 939.4
1394880 938.1
1394890 937.8
1394900 937.8
1394910 937.8
1394920 938.2
1394930 938.2
1394940 937.0
1394950 933.6
1394960 933.6
1394970 933.8
1394980 936.3
1394990 936.3
1395000 939.3
1395010 938.1
1395020 938.1
1395030 937.4
1395040 937.6
1395050 937.6
1395060 937.9
1395070 938.2
1395080 938.2
1395090 938.4
1395100 938.6
1395110 939.0
1395120 939.0
1395130 939.9
1395140 940.5
1395150 940.5
1395160 941.5
1395170 942.0
1395180 942.0
1395190 942.5
1395200 943.5
1395210 943.5
1395220 944.2
1395230 943.9
1395240 943.9
1395250 943.4
1395260 943.4
1395270 943.4
1395280 943.8
1395290 944.3
1395300 944.8
1395310 944.8
1395320 945.3
1395330 945.8
1395340 945.8
1395350 946.3
1395360 946.7
1395370 946.7
1395380 946.9
1395390 946.9
1395400 946.9
1395410 946.9
1395420 947.8
1395430 947.8
1395440 948.7
1395450 949.4
1395460 949.4
1395470 949.9
1395480 950.0
1395490 950.0
1395500 950.3
1395510 950.9
1395520 951.0
1395530 951.0
1395540 951.0
1395550 951.1
1395560 951.1
1395570 951.2
1395580 951.3
1395590 951.3
1395600 951.5
1395610 951.8
1395620 951.8
1395630 952.1
1395640 952.6
1395650 952.6
1395660 952.5
1395670 952.1
1395680 952.1
1395690 951.5
1395700 951.1
1395710 950.7
1395720 950.7
1395730 950.1
1395740 950.0
1395750 950.0
1395760 950.2
1395770 950.3
1395780 950.3
1395790 950.0
1395800 950.5
1395810 950.5
1395820 950.8
1395830 950.8
1395840 950.8
1395850 950.8
1395860 951.4
1395870 951.4
1395880 951.4
1395890 951.1
1395900 951.1
1395910 950.9
1395920 950.1
1395930 949.9
1395940 949.9
1395950 949.8
1395960 949.9
1395970 949.9
1395980 950.1
1395990 950.3
1396000 950.3
1396010 950.2
1396020 949.9
1396030 949.9
1396040 950.7
1396050 951.3
1396060 951.3
1396070 950.8
1396080 950.4
1396090 950.4
1396100 950.2
1396110 950.0
1396120 949.9
1396130 949.9
1396140 949.8
1396150 950.1
1396160 950.1
1396170 950.5
1396180 951.1
1396190 951.1
1396200 951.6
1396210 952.8
1396220 952.8
1396230 954.2
1396240 956.3
1396250 956.3
1396260 958.9
1396270 961.9
1396280 961.9
1396290 965.7
1396300 971.1
1396310 971.1
1396320 976.4
1396330 978.4
1396340 980.2
1396350 980.2
1396360 984.8
1396370 987.4
1396380 987.4
1396390 989.8
1396400 992.8
1396410 992.8
1396420 996.3
1396430 1000.2
1396440 1000.2
1396450 1003.9
1396460 1007.6
1396470 1007.6
1396480 1012.6
1396490 1017.6
1396500 1017.6
1396510 1022.5
1396520 1026.2
1396530 1029.4
1396540 1029.4
1396550 1033.3
1396560 1035.3
1396570 1035.3
1396580 1040.0
1396590 1044.5
1396600 1044.5
1396610 1050.0
1396620 1052.9
1396630 1052.9
1396640 1056.7
1396650 1061.2
1396660 1061.2
1396670 1065.3
1396680 1069.2
1396690 1069.2
1396700 1073.9
1396710 1079.9
1396720 1079.9
1396730 1084.0
1396740 1086.2
1396750 1089.1
1396760 1089.1
1396770 1093.2
1396780 1097.6
1396790 1097.6
1396800 1101.1
1396810 1104.1
1396820 1104.1
1396830 1108.3
1396840 1112.0
1396850 1112.0
1396860 1115.3
1396870 1120.0
1396880 1120.0
1396890 1123.9
1396900 1128.3
1396910 1128.3
1396920 1133.5
1396930 1139.1
1396940 1144.0
1396950 1144.0
1396960 1149.7
1396970 1155.1
1396980 1155.1
1396990 1160.0
1397000 1164.9
1397010 1164.9
1397020 1169.5
1397030 1174.4
1397040 1174.4
1397050 1179.7
1397060 1185.5
1397070 1185.5
1397080 1192.5
1397090 1200.9
1397100 1200.9
1397110 1209.2
1397120 1216.0
1397130 1216.0
1397140 1220.6
1397150 1224.6
1397160 1228.8
1397170 1228.8
1397180 1233.4
1397190 1239.6
1397200 1239.6
1397210 1246.0
1397220 1252.5
1397230 1252.5
1397240 1259.7
1397250 1267.3
1397260 1267.3
1397270 1273.5
1397280 1278.8
1397290 1278.8
1397300 1284.9
1397310 1291.5
1397320 1291.5
1397330 1296.9
1397340 1299.8
1397350 1301.8
1397360 1301.8
1397370 1304.1
1397380 1307.1
1397390 1307.1
1397400 1311.1
1397410 1315.4
1397420 1315.4
1397430 1318.1
1397440 1321.1
1397450 1321.1
1397460 1324.4
1397470 1328.6
1397480 1328.6
1397490 1334.3
1397500 1339.5
1397510 1339.5
1397520 1343.9
1397530 1348.2
1397540 1348.2
1397550 1352.6
1397560 1356.6
1397570 1360.0
1397580 1360.0
1397590 1363.8
1397600 1367.6
1397610 1367.6
1397620 1371.4
1397630 1374.9
1397640 1374.9
1397650 1379.2
1397660 1383.9
1397670 1383.9
1397680 1388.8
1397690 1393.5
1397700 1393.5
1397710 1398.1
1397720 1402.7
1397730 1402.7
1397740 1407.4
1397750 1412.0
1397760 1416.6
1397770 1416.6
1397780 1421.3
1397790 1426.6
1397800 1426.6
1397810 1432.1
1397820 1437.5
1397830 1437.5
1397840 1442.5
1397850 1447.2
1397860 1447.2
1397870 1451.4
1397880 1455.0
1397890 1455.0
1397900 1458.3
1397910 1461.6
1397920 1461.6
1397930 1464.9
1397940 1467.5
1397950 1469.5
1397960 1469.5
1397970 1472.4
1397980 1477.5
1397990 1477.5
1398000 1482.0
1398010 1488.3
1398020 1488.3
1398030 1493.7
1398040 1498.5
1398050 1498.5
1398060 1504.5
1398070 1509.8
1398080 1509.8
1398090 1515.2
1398100 1520.7
1398110 1520.7
1398120 1526.4
1398130 1531.8
1398140 1531.8
1398150 1537.0
1398160 1543.3
1398170 1549.5
1398180 1549.5
1398190 1555.3
1398200 1560.7
1398210 1560.7
1398220 1566.1
1398230 1571.8
1398240 1571.8
1398250 1577.1
1398260 1581.7
1398270 1581.7
1398280 1586.3
1398290 1591.3
1398300 1591.3
1398310 1596.6
1398320 1601.3
1398330 1601.3
1398340 1606.1
1398350 1611.1
1398360 1615.9
1398370 1615.9
1398380 1620.6
1398390 1624.6
1398400 1624.6
1398410 1628.1
1398420 1631.6
1398430 1631.6
1398440 1635.0
1398450 1638.5
1398460 1638.5
1398470 1641.9
1398480 1644.7
1398490 1644.7
1398500 1647.4
1398510 1650.7
1398520 1650.7
1398530 1653.7
1398540 1657.0
1398550 1657.0
1398560 1660.8
1398570 1664.5
1398580 1668.0
1398590 1668.0
1398600 1671.2
1398610 1673.9
1398620 1673.9
1398630 1676.6
1398640 1678.8
1398650 1678.8
1398660 1680.5
1398670 1682.0
1398680 1682.0
1398690 1683.0
1398700 1683.8
1398710 1683.8
1398720 1684.2
1398730 1685.0
1398740 1685.0
1398750 1685.7
1398760 1685.1
1398770 1684.6
1398780 1684.6
1398790 1683.7
1398800 1682.2
1398810 1682.2
1398820 1680.2
1398830 1678.2
1398840 1678.2
1398850 1677.2
1398860 1676.7
1398870 1676.7
1398880 1676.6
1398890 1676.3
1398900 1676.3
1398910 1676.0
1398920 1675.5
1398930 1675.5
1398940 1674.6
1398950 1674.0
1398960 1674.0
1398970 1673.4
1398980 1672.6
1398990 1672.2
1399000 1672.2
1399010 1672.6
1399020 1673.1
1399030 1673.1
1399040 1674.2
1399050 1676.5
1399060 1676.5
1399070 1678.8
1399080 1681.2
1399090 1681.2
1399100 1683.8
1399110 1685.5
1399120 1685.5
1399130 1687.5
1399140 1689.3
1399150 1689.3
1399160 1692.0
1399170 1695.5
1399180 1698.3
1399190 1698.3
1399200 1701.3
1399210 1703.9
1399220 1703.9
1399230 1706.9
1399240 1710.5
1399250 1710.5
1399260 1713.9
1399270 1716.6
1399280 1716.6
1399290 1718.7
1399300 1720.6
1399310 1720.6
1399320 1722.4
1399330 1724.1
1399340 1724.1
1399350 1725.3
1399360 1726.0
1399370 1726.0
1399380 1726.6
1399390 1727.3
1399400 1727.7
1399410 1727.7
1399420 1727.9
1399430 1728.6
1399440 1728.6
1399450 1728.1
1399460 1728.3
1399470 1728.3
1399480 1729.3
1399490 1735.2
1399500 1735.2
1399510 1736.0
1399520 1737.4
1399530 1737.4
1399540 1738.5
1399550 1739.1
1399560 1739.1
1399570 1739.6
1399580 1739.4
1399590 1739.0
1399600 1739.0
1399610 1738.6
1399620 1739.2
1399630 1739.2
1399640 1737.9
1399650 1732.6
1399660 1732.6
1399670 1727.5
1399680 1723.9
1399690 1723.9
1399700 1719.9
1399710 1715.1
1399720 1715.1
1399730 1709.3
1399740 1702.6
1399750 1702.6
1399760 1695.2
1399770 1688.9
1399780 1688.9
1399790 1688.8
1399800 1692.1
1399810 1693.0
1399820 1693.0
1399830 1692.0
1399840 1688.8
1399850 1688.8
1399860 1683.8
1399870 1678.6
1399880 1678.6
1399890 1673.5
1399900 1668.3
1399910 1668.3
1399920 1663.7
1399930 1660.5
1399940 1660.5
1399950 1663.4
1399960 1670.9
1399970 1670.9
1399980 1676.6
1399990 1681.3
1380000 1896.0
1380010 1896.0
1380020 1889.5
1380030 1882.7
1380040 1882.7
1380050 1876.2
1380060 1869.2
1380070 1869.2
1380080 1862.4
1380090 1854.4
1380100 1854.4
1380110 1845.7
1380120 1837.4
1380130 1837.4
1380140 1829.9
1380150 1822.7
1380160 1822.7
1380170 1816.2
1380180 1809.4
1380190 1809.4
1380200 1801.8
1380210 1794.5
1380220 1788.8
1380230 1788.8
1380240 1781.9
1380250 1773.5
1380260 1773.5
1380270 1764.0
1380280 1753.8
1380290 1753.8
1380300 1746.3
1380310 1746.9
1380320 1746.9
1380330 1752.9
1380340 1760.6
1380350 1760.6
1380360 1765.0
1380370 1764.8
1380380 1764.8
1380390 1765.6
1380400 1767.0
1380410 1767.4
1380420 1767.4
1380430 1768.5
1380440 1770.0
1380450 1770.0
1380460 1774.0
1380470 1778.8
1380480 1778.8
1380490 1784.8
1380500 1790.7
1380510 1790.7
1380520 1796.2
1380530 1801.6
1380540 1801.6
1380550 1808.2
1380560 1815.6
1380570 1815.6
1380580 1823.1
1380590 1827.1
1380600 1827.1
1380610 1827.1
1380620 1826.5
1380630 1825.8
1380640 1825.8
1380650 1823.1
1380660 1818.8
1380670 1818.8
1380680 1814.1
1380690 1808.1
1380700 1808.1
1380710 1801.7
1380720 1796.2
1380730 1800.5
1380740 1795.4
1380750 1791.6
1380760 1791.6
1380770 1787.6
1380780 1783.7
1380790 1783.7
1380800 1778.2
1380810 1771.9
1380820 1766.3
1380830 1766.3
1380840 1761.5
1380850 1757.5
1380860 1757.5
1380870 1754.7
1380880 1751.5
1380890 1751.5
1380900 1748.4
1380910 1744.2
1380920 1744.2
1380930 1740.2
1380940 1737.0
1380950 1737.0
1380960 1733.3
1380970 1728.8
1380980 1728.8
1380990 1723.8
1381000 1718.8
1381010 1714.3
1381020 1714.3
1381030 1708.5
1381040 1702.6
1381050 1702.6
1381060 1697.1
1381070 1691.5
1381080 1691.5
1381090 1687.2
1381100 1683.6
1381110 1683.6
1381120 1679.1
1381130 1674.4
1381140 1674.4
1381150 1670.1
1381160 1664.6
1381170 1664.6
1381180 1658.3
1381190 1652.1
1381200 1652.1
1381210 1645.0
1381220 1637.4
1381230 1629.5
1381240 1629.5
1381250 1621.6
1381260 1613.2
1381270 1613.2
1381280 1605.4
1381290 1598.8
1381300 1598.8
1381310 1592.1
1381320 1585.0
1381330 1585.0
1381340 1577.7
1381350 1569.4
1381360 1569.4
1381370 1560.8
1381380 1553.0
1381390 1553.0
1381400 1544.7
1381410 1535.3
1381420 1526.1
1381430 1526.1
1381440 1517.6
1381450 1509.7
1381460 1509.7
1381470 1501.9
1381480 1492.9
1381490 1492.9
1381500 1483.6
1381510 1476.2
1381520 1476.2
1381530 1469.5
1381540 1462.7
1381550 1462.7
1381560 1455.6
1381570 1448.0
1381580 1448.0
1381590 1440.5
1381600 1433.1
1381610 1433.1
1381620 1425.6
1381630 1418.4
1381640 1410.8
1381650 1410.8
1381660 1403.1
1381670 1397.5
1381680 1397.5
1381690 1392.3
1381700 1387.0
1381710 1387.0
1381720 1381.5
1381730 1376.3
1381740 1376.3
1381750 1371.7
1381760 1367.8
1381770 1367.8
1381780 1364.5
1381790 1360.0
1381800 1360.0
1381810 1353.6
1381820 1347.6
1381830 1342.5
1381840 1342.5
1381850 1336.4
1381860 1330.3
1381870 1330.3
1381880 1324.7
1381890 1318.7
1381900 1318.7
1381910 1312.6
1381920 1307.4
1381930 1307.4
1381940 1302.2
1381950 1297.2
1381960 1298.8
1381970 1293.3
1381980 1288.2
1381990 1288.2
1382000 1283.4
1382010 1278.7
1382020 1278.7
1382030 1274.2
1382040 1269.9
1382050 1265.5
1382060 1265.5
1382070 1261.4
1382080 1258.0
1382090 1258.0
1382100 1254.9
1382110 1252.6
1382120 1252.6
1382130 1249.9
1382140 1247.4
1382150 1247.4
1382160 1244.8
1382170 1241.9
1382180 1241.9
1382190 1238.6
1382200 1235.8
1382210 1235.8
1382220 1234.3
1382230 1232.9
1382240 1231.0
1382250 1231.0
1382260 1228.3
1382270 1225.1
1382280 1225.1
1382290 1223.9
1382300 1222.5
1382310 1222.5
1382320 1219.7
1382330 1217.1
1382340 1217.1
1382350 1214.9
1382360 1211.7
1382370 1211.7
1382380 1209.1
1382390 1206.7
1382400 1206.7
1382410 1205.8
1382420 1204.0
1382430 1204.0
1382440 1202.0
1382450 1200.5
1382460 1198.1
1382470 1198.1
1382480 1194.3
1382490 1192.2
1382500 1192.2
1382510 1189.6
1382520 1186.2
1382530 1186.2
1382540 1182.6
1382550 1179.1
1382560 1179.1
1382570 1175.8
1382580 1173.2
1382590 1173.2
1382600 1171.1
1382610 1169.2
1382620 1169.2
1382630 1165.7
1382640 1164.1
1382650 1162.8
1382660 1162.8
1382670 1161.5
1382680 1160.2
1382690 1160.2
1382700 1157.7
1382710 1155.4
1382720 1155.4
1382730 1153.8
1382740 1151.7
1382750 1151.7
1382760 1149.0
1382770 1146.7
1382780 1146.7
1382790 1144.6
1382800 1142.9
1382810 1142.9
1382820 1140.9
1382830 1138.8
1382840 1138.8
1382850 1137.0
1382860 1138.2
1382870 1139.5
1382880 1139.5
1382890 1143.0
1382900 1150.7
1382910 1150.7
1382920 1157.6
1382930 1163.5
1382940 1163.5
1382950 1166.6
1382960 1165.7
1382970 1165.7
1382980 1164.5
1382990 1163.3
1383000 1163.3
1383010 1162.4
1383020 1161.5
1383030 1161.5
1383040 1161.1
1383050 1161.0
1383060 1162.3
1383070 1162.3
1383080 1166.3
1383090 1168.6
1383100 1168.6
1383110 1169.4
1383120 1169.1
1383130 1169.1
1383140 1168.7
1383150 1168.3
1383160 1168.3
1383170 1168.0
1383180 1167.6
1383190 1167.6
1383200 1168.1
1383210 1167.8
1383220 1167.8
1383230 1165.7
1383240 1164.5
1383250 1164.5
1383260 1164.1
1383270 1163.5
1383280 1163.1
1383290 1163.1
1383300 1162.2
1383310 1161.5
1383320 1161.5
1383330 1161.6
1383340 1161.1
1383350 1161.1
1383360 1160.3
1383370 1159.4
1383380 1159.4
1383390 1157.4
1383400 1155.3
1383410 1155.3
1383420 1153.6
1383430 1152.2
1383440 1152.2
1383450 1150.5
1383460 1148.7
1383470 1147.4
1383480 1147.4
1383490 1145.8
1383500 1143.7
1383510 1143.7
1383520 1142.2
1383530 1141.5
1383540 1141.5
1383550 1139.9
1383560 1138.5
1383570 1138.5
1383580 1136.7
1383590 1135.2
1383600 1135.2
1383610 1132.9
1383620 1131.3
1383630 1131.3
1383640 1129.8
1383650 1128.7
1383660 1128.7
1383670 1126.5
1383680 1123.9
1383690 1121.4
1383700 1121.4
1383710 1118.7
1383720 1117.6
1383730 1117.6
1383740 1117.1
1383750 1116.8
1383760 1116.8
1383770 1116.6
1383780 1116.2
1383790 1116.2
1383800 1115.3
1383810 1114.5
1383820 1114.5
1383830 1113.2
1383840 1111.1
1383850 1111.1
1383860 1109.9
1383870 1108.6
1383880 1108.2
1383890 1108.2
1383900 1108.6
1383910 1109.2
1383920 1109.2
1383930 1108.5
1383940 1107.8
1383950 1107.8
1383960 1107.5
1383970 1107.2
1383980 1107.2
1383990 1106.8
1384000 1106.6
1384010 1106.6
1384020 1106.5
1384030 1106.5
1384040 1106.5
1384050 1106.5
1384060 1106.4
1384070 1106.4
1384080 1106.1
1384090 1105.7
1384100 1104.6
1384110 1104.6
1384120 1104.1
1384130 1103.9
1384140 1103.9
1384150 1104.0
1384160 1104.6
1384170 1104.6
1384180 1105.7
1384190 1105.8
1384200 1105.8
1384210 1105.3
1384220 1104.8
1384230 1104.8
1384240 1104.6
1384250 1104.7
1384260 1104.7
1384270 1104.6
1384280 1104.5
1384290 1104.5
1384300 1104.5
1384310 1104.4
1384320 1104.4
1384330 1104.4
1384340 1104.2
1384350 1104.1
1384360 1104.1
1384370 1104.1
1384380 1104.2
1384390 1104.2
1384400 1104.2
1384410 1104.1
1384420 1104.1
1384430 1104.1
1384440 1104.3
1384450 1104.2
1384460 1104.4
1384470 1104.6
1384480 1104.7
1384490 1104.7
1384500 1104.8
1384510 1104.9
1384520 1104.9
1384530 1105.0
1384540 1105.1
1384550 1105.1
1384560 1105.0
1384570 1104.9
1384580 1104.9
1384590 1105.0
1384600 1105.2
1384610 1105.2
1384620 1105.4
1384630 1105.7
1384640 1105.7
1384650 1105.9
1384660 1106.2
1384670 1106.2
1384680 1106.5
1384690 1106.9
1384700 1108.1
1384710 1108.1
1384720 1109.2
1384730 1107.4
1384740 1107.4
1384750 1107.6
1384760 1107.4
1384770 1107.4
1384780 1107.8
1384790 1108.1
1384800 1108.1
1384810 1108.3
1384820 1108.4
1384830 1108.4
1384840 1108.6
1384850 1109.1
1384860 1109.1
1384870 1109.7
1384880 1110.4
1384890 1111.2
1384900 1111.2
1384910 1111.5
1384920 1111.6
1384930 1111.6
1384940 1111.5
1384950 1111.4
1384960 1111.4
1384970 1111.7
1384980 1111.3
1384990 1111.3
1385000 1111.0
1385010 1110.4
1385020 1110.4
1385030 1109.7
1385040 1109.3
1385050 1109.3
1385060 1109.0
1385070 1108.5
1385080 1108.5
1385090 1108.0
1385100 1107.5
1385110 1107.1
1385120 1107.1
1385130 1106.7
1385140 1106.6
1385150 1106.6
1385160 1107.1
1385170 1107.6
1385180 1107.6
1385190 1107.7
1385200 1108.1
1385210 1108.1
1385220 1108.5
1385230 1108.8
1385240 1108.8
1385250 1108.9
1385260 1109.2
1385270 1109.2
1385280 1109.8
1385290 1110.3
1385300 1110.3
1385310 1110.3
1385320 1110.6
1385330 1111.0
1385340 1111.0
1385350 1111.5
1385360 1111.9
1385370 1111.9
1385380 1112.3
1385390 1112.5
1385400 1112.5
1385410 1112.9
1385420 1113.1
1385430 1113.1
1385440 1112.8
1385450 1112.4
1385460 1112.4
1385470 1112.4
1385480 1112.6
1385490 1112.6
1385500 1112.6
1385510 1112.5
1385520 1112.2
1385530 1112.2
1385540 1111.9
1385550 1111.8
1385560 1111.8
1385570 1112.1
1385580 1111.6
1385590 1111.6
1385600 1111.1
1385610 1110.9
1385620 1110.9
1385630 1110.7
1385640 1110.5
1385650 1110.5
1385660 1110.1
1385670 1110.0
1385680 1110.0
1385690 1109.7
1385700 1109.4
1385710 1109.1
1385720 1109.1
1385730 1107.8
1385740 1107.3
1385750 1107.3
1385760 1106.7
1385770 1105.7
1385780 1105.7
1385790 1104.6
1385800 1103.9
1385810 1103.9
1385820 1103.3
1385830 1102.9
1385840 1102.9
1385850 1102.4
1385860 1102.0
1385870 1102.0
1385880 1101.4
1385890 1100.0
1385900 1100.0
1385910 1099.3
1385920 1099.0
1385930 1098.7
1385940 1098.7
1385950 1098.2
1385960 1097.8
1385970 1097.8
1385980 1097.5
1385990 1097.2
1386000 1097.2
1386010 1096.1
1386020 1095.4
1386030 1095.4
1386040 1094.6
1386050 1093.7
1386060 1093.7
1386070 1093.0
1386080 1092.7
1386090 1092.7
1386100 1092.8
1386110 1092.5
1386120 1092.5
1386130 1092.5
1386140 1092.5
1386150 1092.4
1386160 1092.4
1386170 1092.4
1386180 1092.4
1386190 1092.4
1386200 1092.5
1386210 1092.4
1386220 1092.4
1386230 1092.3
1386240 1092.3
1386250 1092.3
1386260 1092.3
1386270 1092.4
1386280 1092.4
1386290 1093.3
1386300 1094.9
1386310 1094.9
1386320 1095.9
1386330 1097.5
1386340 1097.7
1386350 1097.7
1386360 1098.0
1386370 1098.7
1386380 1098.7
1386390 1099.5
1386400 1100.2
1386410 1100.2
1386420 1101.1
1386430 1101.6
1386440 1101.6
1386450 1101.9
1386460 1102.0
1386470 1102.0
1386480 1102.1
1386490 1102.5
1386500 1102.5
1386510 1103.2
1386520 1104.4
1386530 1104.4
1386540 1104.4
1386550 1104.6
1386560 1104.8
1386570 1104.8
1386580 1105.0
1386590 1105.2
1386600 1105.2
1386610 1105.6
1386620 1106.0
1386630 1106.0
1386640 1106.6
1386650 1107.6
1386660 1107.6
1386670 1108.3
1386680 1108.6
1386690 1108.6
1386700 1109.0
1386710 1109.4
1386720 1109.4
1386730 1109.9
1386740 1110.5
1386750 1111.0
1386760 1111.0
1386770 1111.6
1386780 1112.5
1386790 1112.5
1386800 1112.9
1386810 1112.4
1386820 1112.4
1386830 1112.4
1386840 1111.9
1386850 1111.9
1386860 1112.7
1386870 1113.2
1386880 1113.2
1386890 1113.7
1386900 1114.2
1386910 1114.2
1386920 1114.6
1386930 1114.9
1386940 1115.2
1386950 1115.2
1386960 1115.7
1386970 1115.7
1386980 1115.7
1386990 1115.7
1387000 1117.5
1387010 1117.5
1387020 1116.8
1387030 1117.4
1387040 1117.4
1387050 1117.9
1387060 1118.2
1387070 1118.2
1387080 1118.8
1387090 1118.6
1387100 1118.6
1387110 1118.2
1387120 1118.7
1387130 1118.7
1387140 1118.2
1387150 1118.6
1387160 1119.3
1387170 1119.3
1387180 1120.1
1387190 1121.1
1387200 1121.1
1387210 1121.8
1387220 1121.4
1387230 1121.4
1387240 1121.8
1387250 1122.9
1387260 1122.9
1387270 1123.1
1387280 1124.0
1387290 1124.0
1387300 1124.8
1387310 1125.7
1387320 1125.7
1387330 1126.8
1387340 1127.1
1387350 1127.3
1387360 1127.3
1387370 1127.8
1387380 1128.4
1387390 1128.4
1387400 1128.4
1387410 1128.5
1387420 1128.5
1387430 1128.3
1387440 1127.9
1387450 1127.9
1387460 1127.5
1387470 1127.3
1387480 1127.3
1387490 1127.3
1387500 1127.1
1387510 1127.1
1387520 1126.4
1387530 1127.4
1387540 1127.4
1387550 1127.7
1387560 1127.3
1387570 1127.1
1387580 1127.1
1387590 1127.5
1387600 1128.3
1387610 1128.3
1387620 1130.1
1387630 1130.3
1387640 1130.3
1387650 1129.9
1387660 1129.9
1387670 1129.9
1387680 1130.1
1387690 1130.5
1387700 1130.5
1387710 1129.7
1387720 1128.3
1387730 1128.3
1387740 1129.2
1387750 1129.4
1387760 1129.6
1387770 1129.6
1387780 1129.9
1387790 1130.7
1387800 1130.7
1387810 1129.9
1387820 1129.7
1387830 1129.7
1387840 1130.2
1387850 1129.5
1387860 1129.5
1387870 1128.7
1387880 1128.4
1387890 1128.4
1387900 1128.6
1387910 1128.9
1387920 1128.9
1387930 1129.4
1387940 1129.9
1387950 1130.4
1387960 1130.4
1387970 1130.8
1387980 1131.2
1387990 1131.2
1388000 1131.4
1388010 1131.5
1388020 1131.5
1388030 1131.6
1388040 1131.8
1388050 1131.8
1388060 1131.5
1388070 1130.6
1388080 1130.6
1388090 1130.5
1388100 1131.3
1388110 1131.3
1388120 1130.9
1388130 1130.5
1388140 1130.5
1388150 1130.4
1388160 1130.0
1388170 1129.1
1388180 1129.1
1388190 1128.2
1388200 1127.2
1388210 1127.2
1388220 1126.3
1388230 1125.5
1388240 1125.5
1388250 1124.9
1388260 1122.6
1388270 1122.6
1388280 1121.2
1388290 1120.6
1388300 1120.6
1388310 1121.0
1388320 1120.4
1388330 1119.1
1388340 1119.0
1388350 1119.0
1388360 1118.1
1388370 1118.1
1388380 1117.3
1388390 1117.1
1388400 1117.1
1388410 1117.2
1388420 1117.1
1388430 1117.1
1388440 1116.6
1388450 1115.1
1388460 1115.1
1388470 1113.4
1388480 1112.6
1388490 1112.6
1388500 1112.3
1388510 1112.3
1388520 1112.3
1388530 1112.2
1388540 1112.0
1388550 1112.0
1388560 1111.6
1388570 1111.1
1388580 1109.8
1388590 1109.8
1388600 1109.2
1388610 1108.8
1388620 1108.8
1388630 1108.1
1388640 1107.8
1388650 1107.8
1388660 1107.5
1388670 1106.8
1388680 1106.8
1388690 1106.1
1388700 1105.3
1388710 1105.3
1388720 1104.4
1388730 1103.6
1388740 1103.6
1388750 1102.6
1388760 1101.0
1388770 1099.5
1388780 1099.5
1388790 1099.7
1388800 1099.3
1388810 1099.3
1388820 1098.5
1388830 1096.8
1388840 1096.8
1388850 1095.6
1388860 1095.5
1388870 1095.5
1388880 1095.6
1388890 1095.4
1388900 1095.4
1388910 1095.0
1388920 1094.4
1388930 1094.4
1388940 1093.8
1388950 1093.2
1388960 1093.2
1388970 1091.9
1388980 1091.1
1388990 1090.6
1389000 1090.6
1389010 1089.9
1389020 1089.8
1389030 1089.8
1389040 1089.9
1389050 1089.8
1389060 1089.8
1389070 1089.7
1389080 1089.1
1389090 1089.1
1389100 1088.0
1389110 1087.6
1389120 1087.6
1389130 1087.1
1389140 1085.6
1389150 1085.6
1389160 1085.2
1389170 1084.7
1389180 1084.1
1389190 1084.1
1389200 1083.3
1389210 1082.3
1389220 1082.3
1389230 1081.5
1389240 1080.9
1389250 1080.9
1389260 1080.4
1389270 1080.5
1389280 1080.5
1389290 1081.2
1389300 1081.2
1389310 1081.2
1389320 1081.7
1389330 1082.7
1389340 1082.7
1389350 1082.9
1389360 1083.3
1389370 1083.3
1389380 1083.6
1389390 1084.0
1389400 1085.5
1389410 1085.5
1389420 1087.1
1389430 1087.6
1389440 1087.6
1389450 1088.4
1389460 1089.3
1389470 1089.3
1389480 1089.7
1389490 1089.6
1389500 1089.6
1389510 1089.1
1389520 1089.0
1389530 1089.0
1389540 1089.1
1389550 1089.2
1389560 1089.2
1389570 1088.6
1389580 1087.5
1389590 1087.3
1389600 1087.3
1389610 1086.8
1389620 1086.1
1389630 1086.1
1389640 1086.3
1389650 1084.0
1389660 1084.0
1389670 1083.5
1389680 1082.9
1389690 1082.9
1389700 1081.5
1389710 1076.9
1389720 1076.9
1389730 1070.3
1389740 1064.8
1389750 1064.8
1389760 1065.9
1389770 1070.4
1389780 1070.4
1389790 1074.3
1389800 1075.2
1389810 1075.1
1389820 1075.1
1389830 1074.5
1389840 1072.6
1389850 1072.6
1389860 1070.7
1389870 1070.1
1389880 1070.1
1389890 1069.9
1389900 1069.6
1389910 1069.6
1389920 1069.3
1389930 1069.1
1389940 1069.1
1389950 1069.1
1389960 1068.9
1389970 1068.9
1389980 1068.9
1389990 1069.5
1390000 1070.3
1390010 1070.3
1390020 1070.6
1390030 1070.8
1390040 1070.8
1390050 1071.0
1390060 1071.3
1390070 1071.3
1390080 1072.0
1390090 1072.9
1390100 1072.9
1390110 1074.2
1390120 1076.1
1390130 1076.1
1390140 1078.7
1390150 1081.6
1390160 1081.6
1390170 1083.9
1390180 1084.6
1390190 1084.6
1390200 1084.1
1390210 1084.5
1390220 1085.9
1390230 1085.9
1390240 1088.0
1390250 1090.2
1390260 1090.2
1390270 1092.6
1390280 1094.9
1390290 1094.9
1390300 1096.0
1390310 1096.4
1390320 1096.4
1390330 1096.6
1390340 1097.1
1390350 1097.1
1390360 1097.2
1390370 1097.2
1390380 1097.2
1390390 1097.5
1390400 1098.0
1390410 1099.5
1390420 1099.5
1390430 1101.5
1390440 1103.5
1390450 1103.5
1390460 1105.1
1390470 1105.2
1390480 1105.2
1390490 1101.3
1390500 1093.2
1390510 1093.2
1390520 1086.0
1390530 1082.3
1390540 1082.3
1390550 1084.3
1390560 1085.7
1390570 1085.7
1390580 1087.4
1390590 1086.3
1390600 1081.9
1390610 1081.9
1390620 1078.1
1390630 1074.1
1390640 1074.1
1390650 1069.5
1390660 1065.3
1390670 1065.3
1390680 1060.4
1390690 1057.1
1390700 1057.1
1390710 1055.7
1390720 1054.3
1390730 1054.3
1390740 1051.3
1390750 1047.6
1390760 1047.6
1390770 1045.9
1390780 1048.9
1390790 1048.9
1390800 1051.8
1390810 1053.2
1390820 1053.6
1390830 1053.6
1390840 1054.5
1390850 1056.1
1390860 1056.1
1390870 1056.5
1390880 1054.4
1390890 1054.4
1390900 1053.2
1390910 1053.5
1390920 1053.5
1390930 1052.8
1390940 1048.6
1390950 1048.6
1390960 1045.9
1390970 1046.0
1390980 1046.0
1390990 1045.8
1391000 1038.6
1391010 1036.8
1391020 1036.8
1391030 1034.1
1391040 1033.4
1391050 1033.4
1391060 1032.3
1391070 1032.8
1391080 1032.8
1391090 1038.9
1391100 1041.6
1391110 1041.6
1391120 1041.1
1391130 1040.3
1391140 1040.3
1391150 1039.4
1391160 1037.7
1391170 1037.7
1391180 1035.7
1391190 1031.8
1391200 1031.8
1391210 1028.0
1391220 1025.3
1391230 1023.5
1391240 1023.5
1391250 1025.5
1391260 1028.4
1391270 1028.4
1391280 1031.7
1391290 1037.2
1391300 1037.2
1391310 1045.0
1391320 1053.5
1391330 1053.5
1391340 1062.1
1391350 1069.5
1391360 1069.5
1391370 1075.3
1391380 1079.9
1391390 1079.9
1391400 1084.5
1391410 1087.5
1391420 1091.6
1391430 1091.6
1391440 1097.4
1391450 1105.4
1391460 1105.4
1391470 1111.3
1391480 1114.4
1391490 1114.4
1391500 1115.4
1391510 1115.5
1391520 1115.5
1391530 1115.5
1391540 1115.9
1391550 1115.9
1391560 1117.5
1391570 1118.7
1391580 1118.7
1391590 1118.7
1391600 1118.8
1391610 1118.8
1391620 1119.0
1391630 1119.2
1391640 1119.4
1391650 1119.4
1391660 1120.9
1391670 1122.7
1391680 1122.7
1391690 1125.0
1391700 1125.5
1391710 1125.5
1391720 1123.8
1391730 1121.6
1391740 1121.6
1391750 1120.5
1391760 1120.6
1391770 1120.6
1391780 1121.9
1391790 1124.0
1391800 1124.0
1391810 1126.4
1391820 1127.9
1391830 1128.8
1391840 1128.8
1391850 1129.1
1391860 1129.2
1391870 1129.2
1391880 1129.4
1391890 1129.8
1391900 1129.8
1391910 1130.4
1391920 1131.3
1391930 1131.3
1391940 1132.4
1391950 1134.1
1391960 1134.1
1391970 1135.6
1391980 1136.0
1391990 1136.0
1392000 1136.4
1392010 1137.6
1392020 1137.6
1392030 1138.3
1392040 1138.2
1392050 1137.0
1392060 1137.0
1392070 1133.1
1392080 1129.9
1392090 1129.9
1392100 1128.4
1392110 1126.8
1392120 1126.8
1392130 1125.5
1392140 1124.7
1392150 1124.7
1392160 1125.3
1392170 1127.0
1392180 1127.0
1392190 1126.1
1392200 1123.3
1392210 1123.3
1392220 1123.4
1392230 1125.4
1392240 1127.1
1392250 1127.1
1392260 1128.1
1392270 1126.3
1392280 1126.3
1392290 1121.4
1392300 1116.6
1392310 1116.6
1392320 1112.0
1392330 1107.4
1392340 1107.4
1392350 1103.4
1392360 1095.9
1392370 1095.9
1392380 1090.9
1392390 1086.4
1392400 1086.4
1392410 1082.9
1392420 1079.7
1392430 1079.7
1392440 1076.6
1392450 1073.6
1392460 1070.7
1392470 1070.7
1392480 1067.1
1392490 1063.5
1392500 1063.5
1392510 1060.2
1392520 1057.4
1392530 1057.4
1392540 1054.7
1392550 1050.6
1392560 1050.6
1392570 1046.6
1392580 1043.8
1392590 1043.8
1392600 1041.8
1392610 1040.0
1392620 1040.0
1392630 1038.7
1392640 1037.6
1392650 1036.1
1392660 1036.1
1392670 1034.7
1392680 1032.2
1392690 1032.2
1392700 1027.1
1392710 1022.4
1392720 1022.4
1392730 1017.6
1392740 1013.0
1392750 1013.0
1392760 1009.7
1392770 1005.9
1392780 1005.9
1392790 1001.4
1392800 997.3
1392810 997.3
1392820 992.8
1392830 987.5
1392840 987.5
1392850 982.3
1392860 978.7
1392870 979.1
1392880 979.1
1392890 981.5
1392900 979.6
1392910 979.6
1392920 974.8
1392930 969.1
1392940 969.1
1392950 962.6
1392960 957.1
1392970 957.1
1392980 952.5
1392990 949.7
1393000 949.7
1393010 949.6
1393020 949.4
1393030 949.4
1393040 948.6
1393050 946.7
1393060 944.3
1393070 944.3
1393080 941.8
1393090 939.9
1393100 939.9
1393110 939.3
1393120 939.1
1393130 939.1
1393140 939.0
1393150 939.0
1393160 939.0
1393170 939.0
1393180 938.9
1393190 938.9
1393200 938.7
1393210 938.6
1393220 938.6
1393230 938.3
1393240 938.2
1393250 938.2
1393260 938.1
1393270 937.9
1393280 937.9
1393290 937.9
1393300 938.1
1393310 938.2
1393320 938.2
1393330 938.3
1393340 938.4
1393350 938.4
1393360 938.4
1393370 938.3
1393380 938.3
1393390 938.2
1393400 938.1
1393410 938.1
1393420 938.1
1393430 938.1
1393440 938.1
1393450 938.1
1393460 938.2
1393470 938.1
1393480 938.1
1393490 938.2
1393500 938.2
1393510 938.2
1393520 938.1
1393530 938.1
1393540 938.1
1393550 938.3
1393560 938.9
1393570 938.9
1393580 939.3
1393590 940.3
1393600 940.3
1393610 942.4
1393620 945.0
1393630 945.0
1393640 947.1
1393650 948.6
1393660 948.6
1393670 949.8
1393680 949.9
1393690 949.5
1393700 949.5
1393710 949.0
1393720 948.4
1393730 948.4
1393740 943.1
1393750 947.0
1393760 947.0
1393770 950.9
1393780 956.3
1393790 956.3
1393800 960.1
1393810 963.5
1393820 963.5
1393830 966.7
1393840 969.1
1393850 969.1
1393860 972.4
1393870 975.6
1393880 980.0
1393890 980.0
1393900 984.5
1393910 989.1
1393920 989.1
1393930 995.0
1393940 1002.8
1393950 1002.8
1393960 1011.2
1393970 1018.7
1393980 1018.7
1393990 1023.6
1394000 1029.6
1394010 1029.6
1394020 1034.7
1394030 1038.8
1394040 1038.8
1394050 1042.7
1394060 1046.9
1394070 1046.9
1394080 1052.5
1394090 1057.6
1394100 1061.3
1394110 1061.3
1394120 1064.2
1394130 1067.1
1394140 1067.1
1394150 1071.2
1394160 1075.6
1394170 1075.6
1394180 1079.9
1394190 1083.5
1394200 1083.5
1394210 1087.2
1394220 1091.2
1394230 1091.2
1394240 1094.0
1394250 1095.3
1394260 1095.3
1394270 1095.1
1394280 1093.5
1394290 1090.6
1394300 1090.6
1394310 1085.5
1394320 1080.2
1394330 1080.2
1394340 1075.6
1394350 1072.0
1394360 1072.0
1394370 1070.1
1394380 1067.6
1394390 1067.6
1394400 1064.6
1394410 1060.7
1394420 1060.7
1394430 1055.4
1394440 1051.4
1394450 1051.4
1394460 1049.3
1394470 1047.1
1394480 1043.0
1394490 1043.0
1394500 1037.2
1394510 1030.7
1394520 1030.7
1394530 1025.2
1394540 1021.8
1394550 1021.8
1394560 1018.4
1394570 1015.6
1394580 1015.6
1394590 1013.1
1394600 1009.7
1394610 1009.7
1394620 1005.6
1394630 1001.3
1394640 1001.3
1394650 997.4
1394660 993.9
1394670 993.9
1394680 990.4
1394690 985.9
1394700 982.1
1394710 982.1
1394720 978.5
1394730 975.0
1394740 975.0
1394750 970.4
1394760 965.5
1394770 965.5
1394780 961.1
1394790 957.1
1394800 957.1
1394810 953.1
1394820 949.1
1394830 949.1
1394840 945.4
1394850 942.0
1394860 942.0
1394870 939.4
1394880 938.1
1394890 937.8
1394900 937.8
1394910 937.8
1394920 938.2
1394930 938.2
1394940 937.0
1394950 933.6
1394960 933.6
1394970 933.8
1394980 936.3
1394990 936.3
1395000 939.3
1395010 938.1
1395020 938.1
1395030 937.4
1395040 937.6
1395050 937.6
1395060 937.9
1395070 938.2
1395080 938.2
1395090 938.4
1395100 938.6
1395110 939.0
1395120 939.0
1395130 939.9
1395140 940.5
1395150 940.5
1395160 941.5
1395170 942.0
1395180 942.0
1395190 942.5
1395200 943.5
1395210 943.5
1395220 944.2
1395230 943.9
1395240 943.9
1395250 943.4
1395260 943.4
1395270 943.4
1395280 943.8
1395290 944.3
1395300 944.8
1395310 944.8
1395320 945.3
1395330 945.8
1395340 945.8
1395350 946.3
1395360 946.7
1395370 946.7
1395380 946.9
1395390 946.9
1395400 946.9
1395410 946.9
1395420 947.8
1395430 947.8
1395440 948.7
1395450 949.4
1395460 949.4
1395470 949.9
1395480 950.0
1395490 950.0
1395500 950.3
1395510 950.9
1395520 951.0
1395530 951.0
1395540 951.0
1395550 951.1
1395560 951.1
1395570 951.2
1395580 951.3
1395590 951.3
1395600 951.5
1395610 951.8
1395620 951.8
1395630 952.1
1395640 952.6
1395650 952.6
1395660 952.5
1395670 952.1
1395680 952.1
1395690 951.5
1395700 951.1
1395710 950.7
1395720 950.7
1395730 950.1
1395740 950.0
1395750 950.0
1395760 950.2
1395770 950.3
1395780 950.3
1395790 950.0
1395800 950.5
1395810 950.5
1395820 950.8
1395830 950.8
1395840 950.8
1395850 950.8
1395860 951.4
1395870 951.4
1395880 951.4
1395890 951.1
1395900 951.1
1395910 950.9
1395920 950.1
1395930 949.9
1395940 949.9
1395950 949.8
1395960 949.9
1395970 949.9
1395980 950.1
1395990 950.3
1396000 950.3
1396010 950.2
1396020 949.9
1396030 949.9
1396040 950.7
1396050 951.3
1396060 951.3
1396070 950.8
1396080 950.4
1396090 950.4
1396100 950.2
1396110 950.0
1396120 949.9
1396130 949.9
1396140 949.8
1396150 950.1
1396160 950.1
1396170 950.5
1396180 951.1
1396190 951.1
1396200 951.6
1396210 952.8
1396220 952.8
1396230 954.2
1396240 956.3
1396250 956.3
1396260 958.9
1396270 961.9
1396280 961.9
1396290 965.7
1396300 971.1
1396310 971.1
1396320 976.4
1396330 978.4
1396340 980.2
1396350 980.2
1396360 984.8
1396370 987.4
1396380 987.4
1396390 989.8
1396400 992.8
1396410 992.8
1396420 996.3
1396430 1000.2
1396440 1000.2
1396450 1003.9
1396460 1007.6
1396470 1007.6
1396480 1012.6
1396490 1017.6
1396500 1017.6
1396510 1022.5
1396520 1026.2
1396530 1029.4
1396540 1029.4
1396550 1033.3
1396560 1035.3
1396570 1035.3
1396580 1040.0
1396590 1044.5
1396600 1044.5
1396610 1050.0
1396620 1052.9
1396630 1052.9
1396640 1056.7
1396650 1061.2
1396660 1061.2
1396670 1065.3
1396680 1069.2
1396690 1069.2
1396700 1073.9
1396710 1079.9
1396720 1079.9
1396730 1084.0
1396740 1086.2
1396750 1089.1
1396760 1089.1
1396770 1093.2
1396780 1097.6
1396790 1097.6
1396800 1101.1
1396810 1104.1
1396820 1104.1
1396830 1108.3
1396840 1112.0
1396850 1112.0
1396860 1115.3
1396870 1120.0
1396880 1120.0
1396890 1123.9
1396900 1128.3
1396910 1128.3
1396920 1133.5
1396930 1139.1
1396940 1144.0
1396950 1144.0
1396960 1149.7
1396970 1155.1
1396980 1155.1
1396990 1160.0
1397000 1164.9
1397010 1164.9
1397020 1169.5
1397030 1174.4
1397040 1174.4
1397050 1179.7
1397060 1185.5
1397070 1185.5
1397080 1192.5
1397090 1200.9
1397100 1200.9
1397110 1209.2
1397120 1216.0
1397130 1216.0
1397140 1220.6
1397150 1224.6
1397160 1228.8
1397170 1228.8
1397180 1233.4
1397190 1239.6
1397200 1239.6
1397210 1246.0
1397220 1252.5
1397230 1252.5
1397240 1259.7
1397250 1267.3
1397260 1267.3
1397270 1273.5
1397280 1278.8
1397290 1278.8
1397300 1284.9
1397310 1291.5
1397320 1291.5
1397330 1296.9
1397340 1299.8
1397350 1301.8
1397360 1301.8
1397370 1304.1
1397380 1307.1
1397390 1307.1
1397400 1311.1
1397410 1315.4
1397420 1315.4
1397430 1318.1
1397440 1321.1
1397450 1321.1
1397460 1324.4
1397470 1328.6
1397480 1328.6
1397490 1334.3
1397500 1339.5
1397510 1339.5
1397520 1343.9
1397530 1348.2
1397540 1348.2
1397550 1352.6
1397560 1356.6
1397570 1360.0
1397580 1360.0
1397590 1363.8
1397600 1367.6
1397610 1367.6
1397620 1371.4
1397630 1374.9
1397640 1374.9
1397650 1379.2
1397660 1383.9
1397670 1383.9
1397680 1388.8
1397690 1393.5
1397700 1393.5
1397710 1398.1
1397720 1402.7
1397730 1402.7
1397740 1407.4
1397750 1412.0
1397760 1416.6
1397770 1416.6
1397780 1421.3
1397790 1426.6
1397800 1426.6
1397810 1432.1
1397820 1437.5
1397830 1437.5
1397840 1442.5
1397850 1447.2
1397860 1447.2
1397870 1451.4
1397880 1455.0
1397890 1455.0
1397900 1458.3
1397910 1461.6
1397920 1461.6
1397930 1464.9
1397940 1467.5
1397950 1469.5
1397960 1469.5
1397970 1472.4
1397980 1477.5
1397990 1477.5
1398000 1482.0
1398010 1488.3
1398020 1488.3
1398030 1493.7
1398040 1498.5
1398050 1498.5
1398060 1504.5
1398070 1509.8
1398080 1509.8
1398090 1515.2
1398100 1520.7
1398110 1520.7
1398120 1526.4
1398130 1531.8
1398140 1531.8
1398150 1537.0
1398160 1543.3
1398170 1549.5
1398180 1549.5
1398190 1555.3
1398200 1560.7
1398210 1560.7
1398220 1566.1
1398230 1571.8
1398240 1571.8
1398250 1577.1
1398260 1581.7
1398270 1581.7
1398280 1586.3
1398290 1591.3
1398300 1591.3
1398310 1596.6
1398320 1601.3
1398330 1601.3
1398340 1606.1
1398350 1611.1
1398360 1615.9
1398370 1615.9
1398380 1620.6
1398390 1624.6
1398400 1624.6
1398410 1628.1
1398420 1631.6
1398430 1631.6
1398440 1635.0
1398450 1638.5
1398460 1638.5
1398470 1641.9
1398480 1644.7
1398490 1644.7
1398500 1647.4
1398510 1650.7
1398520 1650.7
1398530 1653.7
1398540 1657.0
1398550 1657.0
1398560 1660.8
1398570 1664.5
1398580 1668.0
1398590 1668.0
1398600 1671.2
1398610 1673.9
1398620 1673.9
1398630 1676.6
1398640 1678.8
1398650 1678.8
1398660 1680.5
1398670 1682.0
1398680 1682.0
1398690 1683.0
1398700 1683.8
1398710 1683.8
1398720 1684.2
1398730 1685.0
1398740 1685.0
1398750 1685.7
1398760 1685.1
1398770 1684.6
1398780 1684.6
1398790 1683.7
1398800 1682.2
1398810 1682.2
1398820 1680.2
1398830 1678.2
1398840 1678.2
1398850 1677.2
1398860 1676.7
1398870 1676.7
1398880 1676.6
1398890 1676.3
1398900 1676.3
1398910 1676.0
1398920 1675.5
1398930 1675.5
1398940 1674.6
1398950 1674.0
1398960 1674.0
1398970 1673.4
1398980 1672.6
1398990 1672.2
1399000 1672.2
1399010 1672.6
1399020 1673.1
1399030 1673.1
1399040 1674.2
1399050 1676.5
1399060 1676.5
1399070 1678.8
1399080 1681.2
1399090 1681.2
1399100 1683.8
1399110 1685.5
1399120 1685.5
1399130 1687.5
1399140 1689.3
1399150 1689.3
1399160 1692.0
1399170 1695.5
1399180 1698.3
1399190 1698.3
1399200 1701.3
1399210 1703.9
1399220 1703.9
1399230 1706.9
1399240 1710.5
1399250 1710.5
1399260 1713.9
1399270 1716.6
1399280 1716.6
1399290 1718.7
1399300 1720.6
1399310 1720.6
1399320 1722.4
1399330 1724.1
1399340 1724.1
1399350 1725.3
1399360 1726.0
1399370 1726.0
1399380 1726.6
1399390 1727.3
1399400 1727.7
1399410 1727.7
1399420 1727.9
1399430 1728.6
1399440 1728.6
1399450 1728.1
1399460 1728.3
1399470 1728.3
1399480 1729.3
1399490 1735.2
1399500 1735.2
1399510 1736.0
1399520 1737.4
1399530 1737.4
1399540 1738.5
1399550 1739.1
1399560 1739.1
1399570 1739.6
1399580 1739.4
1399590 1739.0
1399600 1739.0
1399610 1738.6
1399620 1739.2
1399630 1739.2
1399640 1737.9
1399650 1732.6
1399660 1732.6
1399670 1727.5
1399680 1723.9
1399690 1723.9
1399700 1719.9
1399710 1715.1
1399720 1715.1
1399730 1709.3
1399740 1702.6
1399750 1702.6
1399760 1695.2
1399770 1688.9
1399780 1688.9
1399790 1688.8
1399800 1692.1
1399810 1693.0
1399820 1693.0
1399830 1692.0
1399840 1688.8
1399850 1688.8
1399860 1683.8
1399870 1678.6
1399880 1678.6
1399890 1673.5
1399900 1668.3
1399910 1668.3
1399920 1663.7
1399930 1660.5
1399940 1660.5
1399950 1663.4
1399960 1670.9
1399970 1670.9
1399980 1676.6
1399990 1681.3
1380000 1896.0
1380010 1896.0
1380020 1889.5
1380030 1882.7
1380040 1882.7
1380050 1876.2
1380060 1869.2
1380070 1869.2
1380080 1862.4
1380090 1854.4
1380100 1854.4
1380110 1845.7
1380120 1837.4
1380130 1837.4
1380140 1829.9
1380150 1822.7
1380160 1822.7
1380170 1816.2
1380180 1809.4
1380190 1809.4
1380200 1801.8
1380210 1794.5
1380220 1788.8
1380230 1788.8
1380240 1781.9
1380250 1773.5
1380260 1773.5
1380270 1764.0
1380280 1753.8
1380290 1753.8
1380300 1746.3
1380310 1746.9
1380320 1746.9
1380330 1752.9
1380340 1760.6
1380350 1760.6
1380360 1765.0
1380370 1764.8
1380380 1764.8
1380390 1765.6
1380400 1767.0
1380410 1767.4
1380420 1767.4
1380430 1768.5
1380440 1770.0
1380450 1770.0
1380460 1774.0
1380470 1778.8
1380480 1778.8
1380490 1784.8
1380500 1790.7
1380510 1790.7
1380520 1796.2
1380530 1801.6
1380540 1801.6
1380550 1808.2
1380560 1815.6
1380570 1815.6
1380580 1823.1
1380590 1827.1
1380600 1827.1
1380610 1827.1
1380620 1826.5
1380630 1825.8
1380640 1825.8
1380650 1823.1
1380660 1818.8
1380670 1818.8
1380680 1814.1
1380690 1808.1
1380700 1808.1
1380710 1801.7
1380720 1796.2
1380730 1800.5
1380740 1795.4
1380750 1791.6
1380760 1791.6
1380770 1787.6
1380780 1783.7
1380790 1783.7
1380800 1778.2
1380810 1771.9
1380820 1766.3
1380830 1766.3
1380840 1761.5
1380850 1757.5
1380860 1757.5
1380870 1754.7
1380880 1751.5
1380890 1751.5
1380900 1748.4
1380910 1744.2
1380920 1744.2
1380930 1740.2
1380940 1737.0
1380950 1737.0
1380960 1733.3
1380970 1728.8
1380980 1728.8
1380990 1723.8
1381000 1718.8
1381010 1714.3
1381020 1714.3
1381030 1708.5
1381040 1702.6
1381050 1702.6
1381060 1697.1
1381070 1691.5
1381080 1691.5
1381090 1687.2
1381100 1683.6
1381110 1683.6
1381120 1679.1
1381130 1674.4
1381140 1674.4
1381150 1670.1
1381160 1664.6
1381170 1664.6
1381180 1658.3
1381190 1652.1
1381200 1652.1
1381210 1645.0
1381220 1637.4
1381230 1629.5
1381240 1629.5
1381250 1621.6
1381260 1613.2
1381270 1613.2
1381280 1605.4
1381290 1598.8
1381300 1598.8
1381310 1592.1
1381320 1585.0
1381330 1585.0
1381340 1577.7
1381350 1569.4
1381360 1569.4
1381370 1560.8
1381380 1553.0
1381390 1553.0
1381400 1544.7
1381410 1535.3
1381420 1526.1
1381430 1526.1
1381440 1517.6
1381450 1509.7
1381460 1509.7
1381470 1501.9
1381480 1492.9
1381490 1492.9
1381500 1483.6
1381510 1476.2
1381520 1476.2
1381530 1469.5
1381540 1462.7
1381550 1462.7
1381560 1455.6
1381570 1448.0
1381580 1448.0
1381590 1440.5
1381600 1433.1
1381610 1433.1
1381620 1425.6
1381630 1418.4
1381640 1410.8
1381650 1410.8
1381660 1403.1
1381670 1397.5
1381680 1397.5
1381690 1392.3
1381700 1387.0
1381710 1387.0
1381720 1381.5
1381730 1376.3
1381740 1376.3
1381750 1371.7
1381760 1367.8
1381770 1367.8
1381780 1364.5
1381790 1360.0
1381800 1360.0
1381810 1353.6
1381820 1347.6
1381830 1342.5
1381840 1342.5
1381850 1336.4
1381860 1330.3
1381870 1330.3
1381880 1324.7
1381890 1318.7
1381900 1318.7
1381910 1312.6
1381920 1307.4
1381930 1307.4
1381940 1302.2
1381950 1297.2
1381960 1298.8
1381970 1293.3
1381980 1288.2
1381990 1288.2
1382000 1283.4
1382010 1278.7
1382020 1278.7
1382030 1274.2
1382040 1269.9
1382050 1265.5
1382060 1265.5
1382070 1261.4
1382080 1258.0
1382090 1258.0
1382100 1254.9
1382110 1252.6
1382120 1252.6
1382130 1249.9
1382140 1247.4
1382150 1247.4
1382160 1244.8
1382170 1241.9
1382180 1241.9
1382190 1238.6
1382200 1235.8
1382210 1235.8
1382220 1234.3
1382230 1232.9
1382240 1231.0
1382250 1231.0
1382260 1228.3
1382270 1225.1
1382280 1225.1
1382290 1223.9
1382300 1222.5
1382310 1222.5
1382320 1219.7
1382330 1217.1
1382340 1217.1
1382350 1214.9
1382360 1211.7
1382370 1211.7
1382380 1209.1
1382390 1206.7
1382400 1206.7
1382410 1205.8
1382420 1204.0
1382430 1204.0
1382440 1202.0
1382450 1200.5
1382460 1198.1
1382470 1198.1
1382480 1194.3
1382490 1192.2
1382500 1192.2
1382510 1189.6
1382520 1186.2
1382530 1186.2
1382540 1182.6
1382550 1179.1
1382560 1179.1
1382570 1175.8
1382580 1173.2
1382590 1173.2
1382600 1171.1
1382610 1169.2
1382620 1169.2
1382630 1165.7
1382640 1164.1
1382650 1162.8
1382660 1162.8
1382670 1161.5
1382680 1160.2
1382690 1160.2
1382700 1157.7
1382710 1155.4
1382720 1155.4
1382730 1153.8
1382740 1151.7
1382750 1151.7
1382760 1149.0
1382770 1146.7
1382780 1146.7
1382790 1144.6
1382800 1142.9
1382810 1142.9
1382820 1140.9
1382830 1138.8
1382840 1138.8
1382850 1137.0
1382860 1138.2
1382870 1139.5
1382880 1139.5
1382890 1143.0
1382900 1150.7
1382910 1150.7
1382920 1157.6
1382930 1163.5
1382940 1163.5
1382950 1166.6
1382960 1165.7
1382970 1165.7
1382980 1164.5
1382990 1163.3
1383000 1163.3
1383010 1162.4
1383020 1161.5
1383030 1161.5
1383040 1161.1
1383050 1161.0
1383060 1162.3
1383070 1162.3
1383080 1166.3
1383090 1168.6
1383100 1168.6
1383110 1169.4
1383120 1169.1
1383130 1169.1
1383140 1168.7
1383150 1168.3
1383160 1168.3
1383170 1168.0
1383180 1167.6
1383190 1167.6
1383200 1168.1
1383210 1167.8
1383220 1167.8
1383230 1165.7
1383240 1164.5
1383250 1164.5
1383260 1164.1
1383270 1163.5
1383280 1163.1
1383290 1163.1
1383300 1162.2
1383310 1161.5
1383320 1161.5
1383330 1161.6
1383340 1161.1
1383350 1161.1
1383360 1160.3
1383370 1159.4
1383380 1159.4
1383390 1157.4
1383400 1155.3
1383410 1155.3
1383420 1153.6
1383430 1152.2
1383440 1152.2
1383450 1150.5
1383460 1148.7
1383470 1147.4
1383480 1147.4
1383490 1145.8
1383500 1143.7
1383510 1143.7
1383520 1142.2
1383530 1141.5
1383540 1141.5
1383550 1139.9
1383560 1138.5
1383570 1138.5
1383580 1136.7
1383590 1135.2
1383600 1135.2
1383610 1132.9
1383620 1131.3
1383630 1131.3
1383640 1129.8
1383650 1128.7
1383660 1128.7
1383670 1126.5
1383680 1123.9
1383690 1121.4
1383700 1121.4
1383710 1118.7
1383720 1117.6
1383730 1117.6
1383740 1117.1
1383750 1116.8
1383760 1116.8
1383770 1116.6
1383780 1116.2
1383790 1116.2
1383800 1115.3
1383810 1114.5
1383820 1114.5
1383830 1113.2
1383840 1111.1
1383850 1111.1
1383860 1109.9
1383870 1108.6
1383880 1108.2
1383890 1108.2
1383900 1108.6
1383910 1109.2
1383920 1109.2
1383930 1108.5
1383940 1107.8
1383950 1107.8
1383960 1107.5
1383970 1107.2
1383980 1107.2
1383990 1106.8
1384000 1106.6
1384010 1106.6
1384020 1106.5
1384030 1106.5
1384040 1106.5
1384050 1106.5
1384060 1106.4
1384070 1106.4
1384080 1106.1
1384090 1105.7
1384100 1104.6
1384110 1104.6
1384120 1104.1
1384130 1103.9
1384140 1103.9
1384150 1104.0
1384160 1104.6
1384170 1104.6
1384180 1105.7
1384190 1105.8
1384200 1105.8
1384210 1105.3
1384220 1104.8
1384230 1104.8
1384240 1104.6
1384250 1104.7
1384260 1104.7
1384270 1104.6
1384280 1104.5
1384290 1104.5
1384300 1104.5
1384310 1104.4
1384320 1104.4
1384330 1104.4
1384340 1104.2
1384350 1104.1
1384360 1104.1
1384370 1104.1
1384380 1104.2
1384390 1104.2
1384400 1104.2
1384410 1104.1
1384420 1104.1
1384430 1104.1
1384440 1104.3
1384450 1104.2
1384460 1104.4
1384470 1104.6
1384480 1104.7
1384490 1104.7
1384500 1104.8
1384510 1104.9
1384520 1104.9
1384530 1105.0
1384540 1105.1
1384550 1105.1
1384560 1105.0
1384570 1104.9
1384580 1104.9
1384590 1105.0
1384600 1105.2
1384610 1105.2
1384620 1105.4
1384630 1105.7
1384640 1105.7
1384650 1105.9
1384660 1106.2
1384670 1106.2
1384680 1106.5
1384690 1106.9
1384700 1108.1
1384710 1108.1
1384720 1109.2
1384730 1107.4
1384740 1107.4
1384750 1107.6
1384760 1107.4
1384770 1107.4
1384780 1107.8
1384790 1108.1
1384800 1108.1
1384810 1108.3
1384820 1108.4
1384830 1108.4
1384840 1108.6
1384850 1109.1
1384860 1109.1
1384870 1109.7
1384880 1110.4
1384890 1111.2
1384900 1111.2
1384910 1111.5
1384920 1111.6
1384930 1111.6
1384940 1111.5
1384950 1111.4
1384960 1111.4
1384970 1111.7
1384980 1111.3
1384990 1111.3
1385000 1111.0
1385010 1110.4
1385020 1110.4
1385030 1109.7
1385040 1109.3
1385050 1109.3
1385060 1109.0
1385070 1108.5
1385080 1108.5
1385090 1108.0
1385100 1107.5
1385110 1107.1
1385120 1107.1
1385130 1106.7
1385140 1106.6
1385150 1106.6
1385160 1107.1
1385170 1107.6
1385180 1107.6
1385190 1107.7
1385200 1108.1
1385210 1108.1
1385220 1108.5
1385230 1108.8
1385240 1108.8
1385250 1108.9
1385260 1109.2
1385270 1109.2
1385280 1109.8
1385290 1110.3
1385300 1110.3
1385310 1110.3
1385320 1110.6
1385330 1111.0
1385340 1111.0
1385350 1111.5
1385360 1111.9
1385370 1111.9
1385380 1112.3
1385390 1112.5
1385400 1112.5
1385410 1112.9
1385420 1113.1
1385430 1113.1
1385440 1112.8
1385450 1112.4
1385460 1112.4
1385470 1112.4
1385480 1112.6
1385490 1112.6
1385500 1112.6
1385510 1112.5
1385520 1112.2
1385530 1112.2
1385540 1111.9
1385550 1111.8
1385560 1111.8
1385570 1112.1
1385580 1111.6
1385590 1111.6
1385600 1111.1
1385610 1110.9
1385620 1110.9
1385630 1110.7
1385640 1110.5
1385650 1110.5
1385660 1110.1
1385670 1110.0
1385680 1110.0
1385690 1109.7
1385700 1109.4
1385710 1109.1
1385720 1109.1
1385730 1107.8
1385740 1107.3
1385750 1107.3
1385760 1106.7
1385770 1105.7
1385780 1105.7
1385790 1104.6
1385800 1103.9
1385810 1103.9
1385820 1103.3
1385830 1102.9
1385840 1102.9
1385850 1102.4
1385860 1102.0
1385870 1102.0
1385880 1101.4
1385890 1100.0
1385900 1100.0
1385910 1099.3
1385920 1099.0
1385930 1098.7
1385940 1098.7
1385950 1098.2
1385960 1097.8
1385970 1097.8
1385980 1097.5
1385990 1097.2
1386000 1097.2
1386010 1096.1
1386020 1095.4
1386030 1095.4
1386040 1094.6
1386050 1093.7
1386060 1093.7
1386070 1093.0
1386080 1092.7
1386090 1092.7
1386100 1092.8
1386110 1092.5
1386120 1092.5
1386130 1092.5
1386140 1092.5
1386150 1092.4
1386160 1092.4
1386170 1092.4
1386180 1092.4
1386190 1092.4
1386200 1092.5
1386210 1092.4
1386220 1092.4
1386230 1092.3
1386240 1092.3
1386250 1092.3
1386260 1092.3
1386270 1092.4
1386280 1092.4
1386290 1093.3
1386300 1094.9
1386310 1094.9
1386320 1095.9
1386330 1097.5
1386340 1097.7
1386350 1097.7
1386360 1098.0
1386370 1098.7
1386380 1098.7
1386390 1099.5
1386400 1100.2
1386410 1100.2
1386420 1101.1
1386430 1101.6
1386440 1101.6
1386450 1101.9
1386460 1102.0
1386470 1102.0
1386480 1102.1
1386490 1102.5
1386500 1102.5
1386510 1103.2
1386520 1104.4
1386530 1104.4
1386540 1104.4
1386550 1104.6
1386560 1104.8
1386570 1104.8
1386580 1105.0
1386590 1105.2
1386600 1105.2
1386610 1105.6
1386620 1106.0
1386630 1106.0
1386640 1106.6
1386650 1107.6
1386660 1107.6
1386670 1108.3
1386680 1108.6
1386690 1108.6
1386700 1109.0
1386710 1109.4
1386720 1109.4
1386730 1109.9
1386740 1110.5
1386750 1111.0
1386760 1111.0
1386770 1111.6
1386780 1112.5
1386790 1112.5
1386800 1112.9
1386810 1112.4
1386820 1112.4
1386830 1112.4
1386840 1111.9
1386850 1111.9
1386860 1112.7
1386870 1113.2
1386880 1113.2
1386890 1113.7
1386900 1114.2
1386910 1114.2
1386920 1114.6
1386930 1114.9
1386940 1115.2
1386950 1115.2
1386960 1115.7
1386970 1115.7
1386980 1115.7
1386990 1115.7
1387000 1117.5
1387010 1117.5
1387020 1116.8
1387030 1117.4
1387040 1117.4
1387050 1117.9
1387060 1118.2
1387070 1118.2
1387080 1118.8
1387090 1118.6
1387100 1118.6
1387110 1118.2
1387120 1118.7
1387130 1118.7
1387140 1118.2
1387150 1118.6
1387160 1119.3
1387170 1119.3
1387180 1120.1
1387190 1121.1
1387200 1121.1
1387210 1121.8
1387220 1121.4
1387230 1121.4
1387240 1121.8
1387250 1122.9
1387260 1122.9
1387270 1123.1
1387280 1124.0
1387290 1124.0
1387300 1124.8
1387310 1125.7
1387320 1125.7
1387330 1126.8
1387340 1127.1
1387350 1127.3
1387360 1127.3
1387370 1127.8
1387380 1128.4
1387390 1128.4
1387400 1128.4
1387410 1128.5
1387420 1128.5
1387430 1128.3
1387440 1127.9
1387450 1127.9
1387460 1127.5
1387470 1127.3
1387480 1127.3
1387490 1127.3
1387500 1127.1
1387510 1127.1
1387520 1126.4
1387530 1127.4
1387540 1127.4
1387550 1127.7
1387560 1127.3
1387570 1127.1
1387580 1127.1
1387590 1127.5
1387600 1128.3
1387610 1128.3
1387620 1130.1
1387630 1130.3
1387640 1130.3
1387650 1129.9
1387660 1129.9
1387670 1129.9
1387680 1130.1
1387690 1130.5
1387700 1130.5
1387710 1129.7
1387720 1128.3
1387730 1128.3
1387740 1129.2
1387750 1129.4
1387760 1129.6
1387770 1129.6
1387780 1129.9
1387790 1130.7
1387800 1130.7
1387810 1129.9
1387820 1129.7
1387830 1129.7
1387840 1130.2
1387850 1129.5
1387860 1129.5
1387870 1128.7
1387880 1128.4
1387890 1128.4
1387900 1128.6
1387910 1128.9
1387920 1128.9
1387930 1129.4
1387940 1129.9
1387950 1130.4
1387960 1130.4
1387970 1130.8
1387980 1131.2
1387990 1131.2
1388000 1131.4
1388010 1131.5
1388020 1131.5
1388030 1131.6
1388040 1131.8
1388050 1131.8
1388060 1131.5
1388070 1130.6
1388080 1130.6
1388090 1130.5
1388100 1131.3
1388110 1131.3
1388120 1130.9
1388130 1130.5
1388140 1130.5
1388150 1130.4
1388160 1130.0
1388170 1129.1
1388180 1129.1
1388190 1128.2
1388200 1127.2
1388210 1127.2
1388220 1126.3
1388230 1125.5
1388240 1125.5
1388250 1124.9
1388260 1122.6
1388270 1122.6
1388280 1121.2
1388290 1120.6
1388300 1120.6
1388310 1121.0
1388320 1120.4
1388330 1119.1
1388340 1119.0
1388350 1119.0
1388360 1118.1
1388370 1118.1
1388380 1117.3
1388390 1117.1
1388400 1117.1
1388410 1117.2
1388420 1117.1
1388430 1117.1
1388440 1116.6
1388450 1115.1
1388460 1115.1
1388470 1113.4
1388480 1112.6
1388490 1112.6
1388500 1112.3
1388510 1112.3
1388520 1112.3
1388530 1112.2
1388540 1112.0
1388550 1112.0
1388560 1111.6
1388570 1111.1
1388580 1109.8
1388590 1109.8
1388600 1109.2
1388610 1108.8
1388620 1108.8
1388630 1108.1
1388640 1107.8
1388650 1107.8
1388660 1107.5
1388670 1106.8
1388680 1106.8
1388690 1106.1
1388700 1105.3
1388710 1105.3
1388720 1104.4
1388730 1103.6
1388740 1103.6
1388750 1102.6
1388760 1101.0
1388770 1099.5
1388780 1099.5
1388790 1099.7
1388800 1099.3
1388810 1099.3
1388820 1098.5
1388830 1096.8
1388840 1096.8
1388850 1095.6
1388860 1095.5
1388870 1095.5
1388880 1095.6
1388890 1095.4
1388900 1095.4
1388910 1095.0
1388920 1094.4
1388930 1094.4
1388940 1093.8
1388950 1093.2
1388960 1093.2
1388970 1091.9
1388980 1091.1
1388990 1090.6
1389000 1090.6
1389010 1089.9
1389020 1089.8
1389030 1089.8
1389040 1089.9
1389050 1089.8
1389060 1089.8
1389070 1089.7
1389080 1089.1
1389090 1089.1
1389100 1088.0
1389110 1087.6
1389120 1087.6
1389130 1087.1
1389140 1085.6
1389150 1085.6
1389160 1085.2
1389170 1084.7
1389180 1084.1
1389190 1084.1
1389200 1083.3
1389210 1082.3
1389220 1082.3
1389230 1081.5
1389240 1080.9
1389250 1080.9
1389260 1080.4
1389270 1080.5
1389280 1080.5
1389290 1081.2
1389300 1081.2
1389310 1081.2
1389320 1081.7
1389330 1082.7
1389340 1082.7
1389350 1082.9
1389360 1083.3
1389370 1083.3
1389380 1083.6
1389390 1084.0
1389400 1085.5
1389410 1085.5
1389420 1087.1
1389430 1087.6
1389440 1087.6
1389450 1088.4
1389460 1089.3
1389470 1089.3
1389480 1089.7
1389490 1089.6
1389500 1089.6
1389510 1089.1
1389520 1089.0
1389530 1089.0
1389540 1089.1
1389550 1089.2
1389560 1089.2
1389570 1088.6
1389580 1087.5
1389590 1087.3
1389600 1087.3
1389610 1086.8
1389620 1086.1
1389630 1086.1
1389640 1086.3
1389650 1084.0
1389660 1084.0
1389670 1083.5
1389680 1082.9
1389690 1082.9
1389700 1081.5
1389710 1076.9
1389720 1076.9
1389730 1070.3
1389740 1064.8
1389750 1064.8
1389760 1065.9
1389770 1070.4
1389780 1070.4
1389790 1074.3
1389800 1075.2
1389810 1075.1
1389820 1075.1
1389830 1074.5
1389840 1072.6
1389850 1072.6
1389860 1070.7
1389870 1070.1
1389880 1070.1
1389890 1069.9
1389900 1069.6
1389910 1069.6
1389920 1069.3
1389930 1069.1
1389940 1069.1
1389950 1069.1
1389960 1068.9
1389970 1068.9
1389980 1068.9
1389990 1069.5
1390000 1070.3
1390010 1070.3
1390020 1070.6
1390030 1070.8
1390040 1070.8
1390050 1071.0
1390060 1071.3
1390070 1071.3
1390080 1072.0
1390090 1072.9
1390100 1072.9
1390110 1074.2
1390120 1076.1
1390130 1076.1
1390140 1078.7
1390150 1081.6
1390160 1081.6
1390170 1083.9
1390180 1084.6
1390190 1084.6
1390200 1084.1
1390210 1084.5
1390220 1085.9
1390230 1085.9
1390240 1088.0
1390250 1090.2
1390260 1090.2
1390270 1092.6
1390280 1094.9
1390290 1094.9
1390300 1096.0
1390310 1096.4
1390320 1096.4
1390330 1096.6
1390340 1097.1
1390350 1097.1
1390360 1097.2
1390370 1097.2
1390380 1097.2
1390390 1097.5
1390400 1098.0
1390410 1099.5
1390420 1099.5
1390430 1101.5
1390440 1103.5
1390450 1103.5
1390460 1105.1
1390470 1105.2
1390480 1105.2
1390490 1101.3
1390500 1093.2
1390510 1093.2
1390520 1086.0
1390530 1082.3
1390540 1082.3
1390550 1084.3
1390560 1085.7
1390570 1085.7
1390580 1087.4
1390590 1086.3
1390600 1081.9
1390610 1081.9
1390620 1078.1
1390630 1074.1
1390640 1074.1
1390650 1069.5
1390660 1065.3
1390670 1065.3
1390680 1060.4
1390690 1057.1
1390700 1057.1
1390710 1055.7
1390720 1054.3
1390730 1054.3
1390740 1051.3
1390750 1047.6
1390760 1047.6
1390770 1045.9
1390780 1048.9
1390790 1048.9
1390800 1051.8
1390810 1053.2
1390820 1053.6
1390830 1053.6
1390840 1054.5
1390850 1056.1
1390860 1056.1
1390870 1056.5
1390880 1054.4
1390890 1054.4
1390900 1053.2
1390910 1053.5
1390920 1053.5
1390930 1052.8
1390940 1048.6
1390950 1048.6
1390960 1045.9
1390970 1046.0
1390980 1046.0
1390990 1045.8
1391000 1038.6
1391010 1036.8
1391020 1036.8
1391030 1034.1
1391040 1033.4
1391050 1033.4
1391060 1032.3
1391070 1032.8
1391080 1032.8
1391090 1038.9
1391100 1041.6
1391110 1041.6
1391120 1041.1
1391130 1040.3
1391140 1040.3
1391150 1039.4
1391160 1037.7
1391170 1037.7
1391180 1035.7
1391190 1031.8
1391200 1031.8
1391210 1028.0
1391220 1025.3
1391230 1023.5
1391240 1023.5
1391250 1025.5
1391260 1028.4
1391270 1028.4
1391280 1031.7
1391290 1037.2
1391300 1037.2
1391310 1045.0
1391320 1053.5
1391330 1053.5
1391340 1062.1
1391350 1069.5
1391360 1069.5
1391370 1075.3
1391380 1079.9
1391390 1079.9
1391400 1084.5
1391410 1087.5
1391420 1091.6
1391430 1091.6
1391440 1097.4
1391450 1105.4
1391460 1105.4
1391470 1111.3
1391480 1114.4
1391490 1114.4
1391500 1115.4
1391510 1115.5
1391520 1115.5
1391530 1115.5
1391540 1115.9
1391550 1115.9
1391560 1117.5
1391570 1118.7
1391580 1118.7
1391590 1118.7
1391600 1118.8
1391610 1118.8
1391620 1119.0
1391630 1119.2
1391640 1119.4
1391650 1119.4
1391660 1120.9
1391670 1122.7
1391680 1122.7
1391690 1125.0
1391700 1125.5
1391710 1125.5
1391720 1123.8
1391730 1121.6
1391740 1121.6
1391750 1120.5
1391760 1120.6
1391770 1120.6
1391780 1121.9
1391790 1124.0
1391800 1124.0
1391810 1126.4
1391820 1127.9
1391830 1128.8
1391840 1128.8
1391850 1129.1
1391860 1129.2
1391870 1129.2
1391880 1129.4
1391890 1129.8
1391900 1129.8
1391910 1130.4
1391920 1131.3
1391930 1131.3
1391940 1132.4
1391950 1134.1
1391960 1134.1
1391970 1135.6
1391980 1136.0
1391990 1136.0
1392000 1136.4
1392010 1137.6
1392020 1137.6
1392030 1138.3
1392040 1138.2
1392050 1137.0
1392060 1137.0
1392070 1133.1
1392080 1129.9
1392090 1129.9
1392100 1128.4
1392110 1126.8
1392120 1126.8
1392130 1125.5
1392140 1124.7
1392150 1124.7
1392160 1125.3
1392170 1127.0
1392180 1127.0
1392190 1126.1
1392200 1123.3
1392210 1123.3
1392220 1123.4
1392230 1125.4
1392240 1127.1
1392250 1127.1
1392260 1128.1
1392270 1126.3
1392280 1126.3
1392290 1121.4
1392300 1116.6
1392310 1116.6
1392320 1112.0
1392330 1107.4
1392340 1107.4
1392350 1103.4
1392360 1095.9
1392370 1095.9
1392380 1090.9
1392390 1086.4
1392400 1086.4
1392410 1082.9
1392420 1079.7
1392430 1079.7
1392440 1076.6
1392450 1073.6
1392460 1070.7
1392470 1070.7
1392480 1067.1
1392490 1063.5
1392500 1063.5
1392510 1060.2
1392520 1057.4
1392530 1057.4
1392540 1054.7
1392550 1050.6
1392560 1050.6
1392570 1046.6
1392580 1043.8
1392590 1043.8
1392600 1041.8
1392610 1040.0
1392620 1040.0
1392630 1038.7
1392640 1037.6
1392650 1036.1
1392660 1036.1
1392670 1034.7
1392680 1032.2
1392690 1032.2
1392700 1027.1
1392710 1022.4
1392720 1022.4
1392730 1017.6
1392740 1013.0
1392750 1013.0
1392760 1009.7
1392770 1005.9
1392780 1005.9
1392790 1001.4
1392800 997.3
1392810 997.3
1392820 992.8
1392830 987.5
1392840 987.5
1392850 982.3
1392860 978.7
1392870 979.1
1392880 979.1
1392890 981.5
1392900 979.6
1392910 979.6
1392920 974.8
1392930 969.1
1392940 969.1
1392950 962.6
1392960 957.1
1392970 957.1
1392980 952.5
1392990 949.7
1393000 949.7
1393010 949.6
1393020 949.4
1393030 949.4
1393040 948.6
1393050 946.7
1393060 944.3
1393070 944.3
1393080 941.8
1393090 939.9
1393100 939.9
1393110 939.3
1393120 939.1
1393130 939.1
1393140 939.0
1393150 939.0
1393160 939.0
1393170 939.0
1393180 938.9
1393190 938.9
1393200 938.7
1393210 938.6
1393220 938.6
1393230 938.3
1393240 938.2
1393250 938.2
1393260 938.1
1393270 937.9
1393280 937.9
1393290 937.9
1393300 938.1
1393310 938.2
1393320 938.2
1393330 938.3
1393340 938.4
1393350 938.4
1393360 938.4
1393370 938.3
1393380 938.3
1393390 938.2
1393400 938.1
1393410 938.1
1393420 938.1
1393430 938.1
1393440 938.1
1393450 938.1
1393460 938.2
1393470 938.1
1393480 938.1
1393490 938.2
1393500 938.2
1393510 938.2
1393520 938.1
1393530 938.1
1393540 938.1
1393550 938.3
1393560 938.9
1393570 938.9
1393580 939.3
1393590 940.3
1393600 940.3
1393610 942.4
1393620 945.0
1393630 945.0
1393640 947.1
1393650 948.6
1393660 948.6
1393670 949.8
1393680 949.9
1393690 949.5
1393700 949.5
1393710 949.0
1393720 948.4
1393730 948.4
1393740 943.1
1393750 947.0
1393760 947.0
1393770 950.9
1393780 956.3
1393790 956.3
1393800 960.1
1393810 963.5
1393820 963.5
1393830 966.7
1393840 969.1
1393850 969.1
1393860 972.4
1393870 975.6
1393880 980.0
1393890 980.0
1393900 984.5
1393910 989.1
1393920 989.1
1393930 995.0
1393940 1002.8
1393950 1002.8
1393960 1011.2
1393970 1018.7
1393980 1018.7
1393990 1023.6
1394000 1029.6
1394010 1029.6
1394020 1034.7
1394030 1038.8
1394040 1038.8
1394050 1042.7
1394060 1046.9
1394070 1046.9
1394080 1052.5
1394090 1057.6
1394100 1061.3
1394110 1061.3
1394120 1064.2
1394130 1067.1
1394140 1067.1
1394150 1071.2
1394160 1075.6
1394170 1075.6
1394180 1079.9
1394190 1083.5
1394200 1083.5
1394210 1087.2
1394220 1091.2
1394230 1091.2
1394240 1094.0
1394250 1095.3
1394260 1095.3
1394270 1095.1
1394280 1093.5
1394290 1090.6
1394300 1090.6
1394310 1085.5
1394320 1080.2
1394330 1080.2
1394340 1075.6
1394350 1072.0
1394360 1072.0
1394370 1070.1
1394380 1067.6
1394390 1067.6
1394400 1064.6
1394410 1060.7
1394420 1060.7
1394430 1055.4
1394440 1051.4
1394450 1051.4
1394460 1049.3
1394470 1047.1
1394480 1043.0
1394490 1043.0
1394500 1037.2
1394510 1030.7
1394520 1030.7
1394530 1025.2
1394540 1021.8
1394550 1021.8
1394560 1018.4
1394570 1015.6
1394580 1015.6
1394590 1013.1
1394600 1009.7
1394610 1009.7
1394620 1005.6
1394630 1001.3
1394640 1001.3
1394650 997.4
1394660 993.9
1394670 993.9
1394680 990.4
1394690 985.9
1394700 982.1
1394710 982.1
1394720 978.5
1394730 975.0
1394740 975.0
1394750 970.4
1394760 965.5
1394770 965.5
1394780 961.1
1394790 957.1
1394800 957.1
1394810 953.1
1394820 949.1
1394830 949.1
1394840 945.4
1394850 942.0
1394860 942.0
1394870 939.4
1394880 938.1
1394890 937.8
1394900 937.8
1394910 937.8
1394920 938.2
1394930 938.2
1394940 937.0
1394950 933.6
1394960 933.6
1394970 933.8
1394980 936.3
1394990 936.3
1395000 939.3
1395010 938.1
1395020 938.1
1395030 937.4
1395040 937.6
1395050 937.6
1395060 937.9
1395070 938.2
1395080 938.2
1395090 938.4
1395100 938.6
1395110 939.0
1395120 939.0
1395130 939.9
1395140 940.5
1395150 940.5
1395160 941.5
1395170 942.0
1395180 942.0
1395190 942.5
1395200 943.5
1395210 943.5
1395220 944.2
1395230 943.9
1395240 943.9
1395250 943.4
1395260 943.4
1395270 943.4
1395280 943.8
1395290 944.3
1395300 944.8
1395310 944.8
1395320 945.3
1395330 945.8
1395340 945.8
1395350 946.3
1395360 946.7
1395370 946.7
1395380 946.9
1395390 946.9
1395400 946.9
1395410 946.9
1395420 947.8
1395430 947.8
1395440 948.7
1395450 949.4
1395460 949.4
1395470 949.9
1395480 950.0
1395490 950.0
1395500 950.3
1395510 950.9
1395520 951.0
1395530 951.0
1395540 951.0
1395550 951.1
1395560 951.1
1395570 951.2
1395580 951.3
1395590 951.3
1395600 951.5
1395610 951.8
1395620 951.8
1395630 952.1
1395640 952.6
1395650 952.6
1395660 952.5
1395670 952.1
1395680 952.1
1395690 951.5
1395700 951.1
1395710 950.7
1395720 950.7
1395730 950.1
1395740 950.0
1395750 950.0
1395760 950.2
1395770 950.3
1395780 950.3
1395790 950.0
1395800 950.5
1395810 950.5
1395820 950.8
1395830 950.8
1395840 950.8
1395850 950.8
1395860 951.4
1395870 951.4
1395880 951.4
1395890 951.1
1395900 951.1
1395910 950.9
1395920 950.1
1395930 949.9
1395940 949.9
1395950 949.8
1395960 949.9
1395970 949.9
1395980 950.1
1395990 950.3
1396000 950.3
1396010 950.2
1396020 949.9
1396030 949.9
1396040 950.7
1396050 951.3
1396060 951.3
1396070 950.8
1396080 950.4
1396090 950.4
1396100 950.2
1396110 950.0
1396120 949.9
1396130 949.9
1396140 949.8
1396150 950.1
1396160 950.1
1396170 950.5
1396180 951.1
1396190 951.1
1396200 951.6
1396210 952.8
1396220 952.8
1396230 954.2
1396240 956.3
1396250 956.3
1396260 958.9
1396270 961.9
1396280 961.9
1396290 965.7
1396300 971.1
1396310 971.1
1396320 976.4
1396330 978.4
1396340 980.2
1396350 980.2
1396360 984.8
1396370 987.4
1396380 987.4
1396390 989.8
1396400 992.8
1396410 992.8
1396420 996.3
1396430 1000.2
1396440 1000.2
1396450 1003.9
1396460 1007.6
1396470 1007.6
1396480 1012.6
1396490 1017.6
1396500 1017.6
1396510 1022.5
1396520 1026.2
1396530 1029.4
1396540 1029.4
1396550 1033.3
1396560 1035.3
1396570 1035.3
1396580 1040.0
1396590 1044.5
1396600 1044.5
1396610 1050.0
1396620 1052.9
1396630 1052.9
1396640 1056.7
1396650 1061.2
1396660 1061.2
1396670 1065.3
1396680 1069.2
1396690 1069.2
1396700 1073.9
1396710 1079.9
1396720 1079.9
1396730 1084.0
1396740 1086.2
1396750 1089.1
1396760 1089.1
1396770 1093.2
1396780 1097.6
1396790 1097.6
1396800 1101.1
1396810 1104.1
1396820 1104.1
1396830 1108.3
1396840 1112.0
1396850 1112.0
1396860 1115.3
1396870 1120.0
1396880 1120.0
1396890 1123.9
1396900 1128.3
1396910 1128.3
1396920 1133.5
1396930 1139.1
1396940 1144.0
1396950 1144.0
1396960 1149.7
1396970 1155.1
1396980 1155.1
1396990 1160.0
1397000 1164.9
1397010 1164.9
1397020 1169.5
1397030 1174.4
1397040 1174.4
1397050 1179.7
1397060 1185.5
1397070 1185.5
1397080 1192.5
1397090 1200.9
1397100 1200.9
1397110 1209.2
1397120 1216.0
1397130 1216.0
1397140 1220.6
1397150 1224.6
1397160 1228.8
1397170 1228.8
1397180 1233.4
1397190 1239.6
1397200 1239.6
1397210 1246.0
1397220 1252.5
1397230 1252.5
1397240 1259.7
1397250 1267.3
1397260 1267.3
1397270 1273.5
1397280 1278.8
1397290 1278.8
1397300 1284.9
1397310 1291.5
1397320 1291.5
1397330 1296.9
1397340 1299.8
1397350 1301.8
1397360 1301.8
1397370 1304.1
1397380 1307.1
1397390 1307.1
1397400 1311.1
1397410 1315.4
1397420 1315.4
1397430 1318.1
1397440 1321.1
1397450 1321.1
1397460 1324.4
1397470 1328.6
1397480 1328.6
1397490 1334.3
1397500 1339.5
1397510 1339.5
1397520 1343.9
1397530 1348.2
1397540 1348.2
1397550 1352.6
1397560 1356.6
1397570 1360.0
1397580 1360.0
1397590 1363.8
1397600 1367.6
1397610 1367.6
1397620 1371.4
1397630 1374.9
1397640 1374.9
1397650 1379.2
1397660 1383.9
1397670 1383.9
1397680 1388.8
1397690 1393.5
1397700 1393.5
1397710 1398.1
1397720 1402.7
1397730 1402.7
1397740 1407.4
1397750 1412.0
1397760 1416.6
1397770 1416.6
1397780 1421.3
1397790 1426.6
1397800 1426.6
1397810 1432.1
1397820 1437.5
1397830 1437.5
1397840 1442.5
1397850 1447.2
1397860 1447.2
1397870 1451.4
1397880 1455.0
1397890 1455.0
1397900 1458.3
1397910 1461.6
1397920 1461.6
1397930 1464.9
1397940 1467.5
1397950 1469.5
1397960 1469.5
1397970 1472.4
1397980 1477.5
1397990 1477.5
1398000 1482.0
1398010 1488.3
1398020 1488.3
1398030 1493.7
1398040 1498.5
1398050 1498.5
1398060 1504.5
1398070 1509.8
1398080 1509.8
1398090 1515.2
1398100 1520.7
1398110 1520.7
1398120 1526.4
1398130 1531.8
1398140 1531.8
1398150 1537.0
1398160 1543.3
1398170 1549.5
1398180 1549.5
1398190 1555.3
1398200 1560.7
1398210 1560.7
1398220 1566.1
1398230 1571.8
1398240 1571.8
1398250 1577.1
1398260 1581.7
1398270 1581.7
1398280 1586.3
1398290 1591.3
1398300 1591.3
1398310 1596.6
1398320 1601.3
1398330 1601.3
1398340 1606.1
1398350 1611.1
1398360 1615.9
1398370 1615.9
1398380 1620.6
1398390 1624.6
1398400 1624.6
1398410 1628.1
1398420 1631.6
1398430 1631.6
1398440 1635.0
1398450 1638.5
1398460 1638.5
1398470 1641.9
1398480 1644.7
1398490 1644.7
1398500 1647.4
1398510 1650.7
1398520 1650.7
1398530 1653.7
1398540 1657.0
1398550 1657.0
1398560 1660.8
1398570 1664.5
1398580 1668.0
1398590 1668.0
1398600 1671.2
1398610 1673.9
1398620 1673.9
1398630 1676.6
1398640 1678.8
1398650 1678.8
1398660 1680.5
1398670 1682.0
1398680 1682.0
1398690 1683.0
1398700 1683.8
1398710 1683.8
1398720 1684.2
1398730 1685.0
1398740 1685.0
1398750 1685.7
1398760 1685.1
1398770 1684.6
1398780 1684.6
1398790 1683.7
1398800 1682.2
1398810 1682.2
1398820 1680.2
1398830 1678.2
1398840 1678.2
1398850 1677.2
1398860 1676.7
1398870 1676.7
1398880 1676.6
1398890 1676.3
1398900 1676.3
1398910 1676.0
1398920 1675.5
1398930 1675.5
1398940 1674.6
1398950 1674.0
1398960 1674.0
1398970 1673.4
1398980 1672.6
1398990 1672.2
1399000 1672.2
1399010 1672.6
1399020 1673.1
1399030 1673.1
1399040 1674.2
1399050 1676.5
1399060 1676.5
1399070 1678.8
1399080 1681.2
1399090 1681.2
1399100 1683.8
1399110 1685.5
1399120 1685.5
1399130 1687.5
1399140 1689.3
1399150 1689.3
1399160 1692.0
1399170 1695.5
1399180 1698.3
1399190 1698.3
1399200 1701.3
1399210 1703.9
1399220 1703.9
1399230 1706.9
1399240 1710.5
1399250 1710.5
1399260 1713.9
1399270 1716.6
1399280 1716.6
1399290 1718.7
1399300 1720.6
1399310 1720.6
1399320 1722.4
1399330 1724.1
1399340 1724.1
1399350 1725.3
1399360 1726.0
1399370 1726.0
1399380 1726.6
1399390 1727.3
1399400 1727.7
1399410 1727.7
1399420 1727.9
1399430 1728.6
1399440 1728.6
1399450 1728.1
1399460 1728.3
1399470 1728.3
1399480 1729.3
1399490 1735.2
1399500 1735.2
1399510 1736.0
1399520 1737.4
1399530 1737.4
1399540 1738.5
1399550 1739.1
1399560 1739.1
1399570 1739.6
1399580 1739.4
1399590 1739.0
1399600 1739.0
1399610 1738.6
1399620 1739.2
1399630 1739.2
1399640 1737.9
1399650 1732.6
1399660 1732.6
1399670 1727.5
1399680 1723.9
1399690 1723.9
1399700 1719.9
1399710 1715.1
1399720 1715.1
1399730 1709.3
1399740 1702.6
1399750 1702.6
1399760 1695.2
1399770 1688.9
1399780 1688.9
1399790 1688.8
1399800 1692.1
1399810 1693.0
1399820 1693.0
1399830 1692.0
1399840 1688.8
1399850 1688.8
1399860 1683.8
1399870 1678.6
1399880 1678.6
1399890 1673.5
1399900 1668.3
1399910 1668.3
1399920 1663.7
1399930 1660.5
1399940 1660.5
1399950 1663.4
1399960 1670.9
1399970 1670.9
1399980 1676.6
1399990 1681.3
