1380000 1867.4
1380010 1862.7
1380020 1857.9
1380030 1857.9
1380040 1853.2
1380050 1849.0
1380060 1849.0
1380070 1844.4
1380080 1839.2
1380090 1839.2
1380100 1834.4
1380110 1829.6
1380120 1829.6
1380130 1825.0
1380140 1820.8
1380150 1820.8
1380160 1814.1
1380170 1806.6
1380180 1806.6
1380190 1802.4
1380200 1798.4
1380210 1793.8
1380220 1793.8
1380230 1788.0
1380240 1782.9
1380250 1782.9
1380260 1779.6
1380270 1776.0
1380280 1776.0
1380290 1771.9
1380300 1768.3
1380310 1768.3
1380320 1764.8
1380330 1761.6
1380340 1761.6
1380350 1758.7
1380360 1754.5
1380370 1754.5
1380380 1749.4
1380390 1744.6
1380400 1740.3
1380410 1740.3
1380420 1736.1
1380430 1731.9
1380440 1731.9
1380450 1728.2
1380460 1724.0
1380470 1724.0
1380480 1719.5
1380490 1715.6
1380500 1715.6
1380510 1711.4
1380520 1705.7
1380530 1705.7
1380540 1699.8
1380550 1694.9
1380560 1694.9
1380570 1689.9
1380580 1684.5
1380590 1684.5
1380600 1678.8
1380610 1672.8
1380620 1667.8
1380630 1667.8
1380640 1664.1
1380650 1661.1
1380660 1661.1
1380670 1657.6
1380680 1653.3
1380690 1653.3
1380700 1647.9
1380710 1642.3
1380720 1642.3
1380730 1637.0
1380740 1632.1
1380750 1632.1
1380760 1626.6
1380770 1620.6
1380780 1620.6
1380790 1612.2
1380800 1600.7
1380810 1589.9
1380820 1589.9
1380830 1579.4
1380840 1569.4
1380850 1569.4
1380860 1556.7
1380870 1543.6
1380880 1543.6
1380890 1532.9
1380900 1522.2
1380910 1519.5
1380920 1511.5
1380930 1512.0
1380940 1512.0
1380950 1516.4
1380960 1521.5
1380970 1521.5
1380980 1523.0
1380990 1524.6
1381000 1524.6
1381010 1531.4
1381020 1539.1
1381030 1545.9
1381040 1545.9
1381050 1550.5
1381060 1552.0
1381070 1552.0
1381080 1552.1
1381090 1552.0
1381100 1552.0
1381110 1552.4
1381120 1552.3
1381130 1552.3
1381140 1551.8
1381150 1551.7
1381160 1551.7
1381170 1552.4
1381180 1551.8
1381190 1551.8
1381200 1549.9
1381210 1548.6
1381220 1547.8
1381230 1547.8
1381240 1545.9
1381250 1542.7
1381260 1542.7
1381270 1539.7
1381280 1536.2
1381290 1536.2
1381300 1532.2
1381310 1528.6
1381320 1528.6
1381330 1523.5
1381340 1518.8
1381350 1518.8
1381360 1513.8
1381370 1508.6
1381380 1508.6
1381390 1503.2
1381400 1498.6
1381410 1498.6
1381420 1493.5
1381430 1486.3
1381440 1478.1
1381450 1478.1
1381460 1470.2
1381470 1464.0
1381480 1464.0
1381490 1458.3
1381500 1452.5
1381510 1452.5
1381520 1446.7
1381530 1439.4
1381540 1439.4
1381550 1431.1
1381560 1423.1
1381570 1423.1
1381580 1416.1
1381590 1410.6
1381600 1410.6
1381610 1405.8
1381620 1401.7
1381630 1398.3
1381640 1398.3
1381650 1394.8
1381660 1390.3
1381670 1390.3
1381680 1385.5
1381690 1381.2
1381700 1381.2
1381710 1377.1
1381720 1373.4
1381730 1373.4
1381740 1369.8
1381750 1366.3
1381760 1366.3
1381770 1361.5
1381780 1356.7
1381790 1356.7
1381800 1352.6
1381810 1348.0
1381820 1348.0
1381830 1342.9
1381840 1339.2
1381850 1335.2
1381860 1335.2
1381870 1330.7
1381880 1326.5
1381890 1326.5
1381900 1321.3
1381910 1315.3
1381920 1315.3
1381930 1309.8
1381940 1304.9
1381950 1304.9
1381960 1299.7
1381970 1295.3
1381980 1295.3
1381990 1291.2
1382000 1287.2
1382010 1287.2
1382020 1282.8
1382030 1277.9
1382040 1272.3
1382050 1272.3
1382060 1267.0
1382070 1262.0
1382080 1262.0
1382090 1256.7
1382100 1252.0
1382110 1252.0
1382120 1246.8
1382130 1241.9
1382140 1239.9
1382150 1237.2
1382160 1234.6
1382170 1234.6
1382180 1232.5
1382190 1231.2
1382200 1231.2
1382210 1229.6
1382220 1227.5
1382230 1227.5
1382240 1225.4
1382250 1223.8
1382260 1222.1
1382270 1222.1
1382280 1220.6
1382290 1217.9
1382300 1217.9
1382310 1215.3
1382320 1213.2
1382330 1213.2
1382340 1211.2
1382350 1208.5
1382360 1208.5
1382370 1206.0
1382380 1203.9
1382390 1203.9
1382400 1201.7
1382410 1199.4
1382420 1199.4
1382430 1187.0
1382440 1160.9
1382450 1139.9
1382460 1139.9
1382470 1125.2
1382480 1123.3
1382490 1123.3
1382500 1132.1
1382510 1158.2
1382520 1158.2
1382530 1179.9
1382540 1194.4
1382550 1194.4
1382560 1196.3
1382570 1196.3
1382580 1196.3
1382590 1196.7
1382600 1197.4
1382610 1197.4
1382620 1198.4
1382630 1199.2
1382640 1199.2
1382650 1200.0
1382660 1202.1
1382670 1205.7
1382680 1205.7
1382690 1209.3
1382700 1212.2
1382710 1212.2
1382720 1214.6
1382730 1216.5
1382740 1216.5
1382750 1217.5
1382760 1217.6
1382770 1217.6
1382780 1217.0
1382790 1216.4
1382800 1216.4
1382810 1215.7
1382820 1215.3
1382830 1215.3
1382840 1214.3
1382850 1213.3
1382860 1212.9
1382870 1212.9
1382880 1213.0
1382890 1213.0
1382900 1213.0
1382910 1213.0
1382920 1213.0
1382930 1213.0
1382940 1213.1
1382950 1213.0
1382960 1213.0
1382970 1212.7
1382980 1212.7
1382990 1212.7
1383000 1212.5
1383010 1212.5
1383020 1212.5
1383030 1212.9
1383040 1213.4
1383050 1213.4
1383060 1214.3
1383070 1213.9
1383080 1213.6
1383090 1213.6
1383100 1213.8
1383110 1214.1
1383120 1214.1
1383130 1213.4
1383140 1212.8
1383150 1212.8
1383160 1213.2
1383170 1213.8
1383180 1213.8
1383190 1214.0
1383200 1214.1
1383210 1214.1
1383220 1214.6
1383230 1215.1
1383240 1215.1
1383250 1215.5
1383260 1215.6
1383270 1215.4
1383280 1215.4
1383290 1215.6
1383300 1215.7
1383310 1215.7
1383320 1215.9
1383330 1216.2
1383340 1216.2
1383350 1216.7
1383360 1217.5
1383370 1217.5
1383380 1214.5
1383390 1215.7
1383400 1215.7
1383410 1217.4
1383420 1219.1
1383430 1219.1
1383440 1220.4
1383450 1221.5
1383460 1221.5
1383470 1222.2
1383480 1222.7
1383490 1223.0
1383500 1223.0
1383510 1223.3
1383520 1223.5
1383530 1223.5
1383540 1223.5
1383550 1223.2
1383560 1223.2
1383570 1223.0
1383580 1222.8
1383590 1222.8
1383600 1222.8
1383610 1223.3
1383620 1223.3
1383630 1224.2
1383640 1224.7
1383650 1224.7
1383660 1224.8
1383670 1224.9
1383680 1224.6
1383690 1224.6
1383700 1224.3
1383710 1224.1
1383720 1224.1
1383730 1223.9
1383740 1223.9
1383750 1223.9
1383760 1223.8
1383770 1223.7
1383780 1223.7
1383790 1223.7
1383800 1223.6
1383810 1223.6
1383820 1223.5
1383830 1223.6
1383840 1223.6
1383850 1223.5
1383860 1223.5
1383870 1223.5
1383880 1223.3
1383890 1223.3
1383900 1223.4
1383910 1223.4
1383920 1223.2
1383930 1222.3
1383940 1222.3
1383950 1221.8
1383960 1221.4
1383970 1221.4
1383980 1221.2
1383990 1220.9
1384000 1220.9
1384010 1220.6
1384020 1220.3
1384030 1220.3
1384040 1220.0
1384050 1219.7
1384060 1219.7
1384070 1219.3
1384080 1218.9
1384090 1218.3
1384100 1218.3
1384110 1217.8
1384120 1217.6
1384130 1217.6
1384140 1217.3
1384150 1217.1
1384160 1217.1
1384170 1216.8
1384180 1216.5
1384190 1216.5
1384200 1216.4
1384210 1216.3
1384220 1216.3
1384230 1216.1
1384240 1215.2
1384250 1215.2
1384260 1214.8
1384270 1214.6
1384280 1214.6
1384290 1214.4
1384300 1214.1
1384310 1213.6
1384320 1213.6
1384330 1212.4
1384340 1212.3
1384350 1212.3
1384360 1212.2
1384370 1211.6
1384380 1211.6
1384390 1211.0
1384400 1210.9
1384410 1210.9
1384420 1211.2
1384430 1212.2
1384440 1212.2
1384450 1213.2
1384460 1214.0
1384470 1214.0
1384480 1214.9
1384490 1215.5
1384500 1216.0
1384510 1216.0
1384520 1216.3
1384530 1217.0
1384540 1217.0
1384550 1217.7
1384560 1218.1
1384570 1218.1
1384580 1218.3
1384590 1218.0
1384600 1218.0
1384610 1218.1
1384620 1218.4
1384630 1218.4
1384640 1218.3
1384650 1219.4
1384660 1219.4
1384670 1221.0
1384680 1222.6
1384690 1222.6
1384700 1224.6
1384710 1225.1
1384720 1223.9
1384730 1223.9
1384740 1223.4
1384750 1222.4
1384760 1222.4
1384770 1221.2
1384780 1220.6
1384790 1220.6
1384800 1220.5
1384810 1220.7
1384820 1220.7
1384830 1220.7
1384840 1220.4
1384850 1220.4
1384860 1220.7
1384870 1221.4
1384880 1221.4
1384890 1222.3
1384900 1222.6
1384910 1222.5
1384920 1222.5
1384930 1220.7
1384940 1219.0
1384950 1219.0
1384960 1203.1
1384970 1187.7
1384980 1187.7
1384990 1190.0
1385000 1206.3
1385010 1206.3
1385020 1211.3
1385030 1210.9
1385040 1210.9
1385050 1210.9
1385060 1211.2
1385070 1211.2
1385080 1212.3
1385090 1213.7
1385100 1213.7
1385110 1214.5
1385120 1214.6
1385130 1213.5
1385140 1213.5
1385150 1212.5
1385160 1212.7
1385170 1212.7
1385180 1212.5
1385190 1212.3
1385200 1212.3
1385210 1212.7
1385220 1213.8
1385230 1213.8
1385240 1214.5
1385250 1214.3
1385260 1214.3
1385270 1214.6
1385280 1215.0
1385290 1215.0
1385300 1215.5
1385310 1216.4
1385320 1216.9
1385330 1216.9
1385340 1216.7
1385350 1216.7
1385360 1216.7
1385370 1217.0
1385380 1217.2
1385390 1217.2
1385400 1217.3
1385410 1217.6
1385420 1217.6
1385430 1218.1
1385440 1218.6
1385450 1218.6
1385460 1219.0
1385470 1219.2
1385480 1219.2
1385490 1216.6
1385500 1214.5
1385510 1214.5
1385520 1215.1
1385530 1216.3
1385540 1217.5
1385550 1217.5
1385560 1218.3
1385570 1218.3
1385580 1218.3
1385590 1218.4
1385600 1218.3
1385610 1218.3
1385620 1218.4
1385630 1218.8
1385640 1218.8
1385650 1219.6
1385660 1220.4
1385670 1220.4
1385680 1221.1
1385690 1222.0
1385700 1222.0
1385710 1222.2
1385720 1222.1
1385730 1222.2
1385740 1222.2
1385750 1222.3
1385760 1222.3
1385770 1222.3
1385780 1222.3
1385790 1222.6
1385800 1222.6
1385810 1222.5
1385820 1222.3
1385830 1222.3
1385840 1224.3
1385850 1225.5
1385860 1225.5
1385870 1225.7
1385880 1225.6
1385890 1225.6
1385900 1225.7
1385910 1226.5
1385920 1222.7
1385930 1223.9
1385940 1224.6
1385950 1225.2
1385960 1225.2
1385970 1226.1
1385980 1226.7
1385990 1226.7
1386000 1228.4
1386010 1229.4
1386020 1229.4
1386030 1229.2
1386040 1228.3
1386050 1228.3
1386060 1227.1
1386070 1226.9
1386080 1226.9
1386090 1226.9
1386100 1226.9
1386110 1226.9
1386120 1227.3
1386130 1227.9
1386140 1228.2
1386150 1228.2
1386160 1227.9
1386170 1227.4
1386180 1227.4
1386190 1227.6
1386200 1227.7
1386210 1227.7
1386220 1227.7
1386230 1227.6
1386240 1227.6
1386250 1226.8
1386260 1225.8
1386270 1225.8
1386280 1224.7
1386290 1223.0
1386300 1223.0
1386310 1220.2
1386320 1217.3
1386330 1217.3
1386340 1215.4
1386350 1213.7
1386360 1212.1
1386370 1212.1
1386380 1211.1
1386390 1210.8
1386400 1210.8
1386410 1210.2
1386420 1209.1
1386430 1209.1
1386440 1208.0
1386450 1207.0
1386460 1207.0
1386470 1205.6
1386480 1204.5
1386490 1204.5
1386500 1203.2
1386510 1202.8
1386520 1202.8
1386530 1202.3
1386540 1201.4
1386550 1200.8
1386560 1200.8
1386570 1200.0
1386580 1198.9
1386590 1198.9
1386600 1195.8
1386610 1192.3
1386620 1192.3
1386630 1193.6
1386640 1193.4
1386650 1193.4
1386660 1191.7
1386670 1190.8
1386680 1190.8
1386690 1190.4
1386700 1189.5
1386710 1189.5
1386720 1188.0
1386730 1187.3
1386740 1187.3
1386750 1187.2
1386760 1186.9
1386770 1186.1
1386780 1186.1
1386790 1185.0
1386800 1184.4
1386810 1184.4
1386820 1183.9
1386830 1183.7
1386840 1183.7
1386850 1183.7
1386860 1183.6
1386870 1183.6
1386880 1183.3
1386890 1183.0
1386900 1183.0
1386910 1183.0
1386920 1183.3
1386930 1183.3
1386940 1183.5
1386950 1184.5
1386960 1185.2
1386970 1185.2
1386980 1186.2
1386990 1186.3
1387000 1186.3
1387010 1187.5
1387020 1188.6
1387030 1188.6
1387040 1189.7
1387050 1190.1
1387060 1190.1
1387070 1190.9
1387080 1191.9
1387090 1191.9
1387100 1192.6
1387110 1192.6
1387120 1192.6
1387130 1193.6
1387140 1195.7
1387150 1195.7
1387160 1196.4
1387170 1197.3
1387180 1197.6
1387190 1197.6
1387200 1198.1
1387210 1197.4
1387220 1197.4
1387230 1198.2
1387240 1199.3
1387250 1199.3
1387260 1200.0
1387270 1200.4
1387280 1200.4
1387290 1201.0
1387300 1201.7
1387310 1201.7
1387320 1202.5
1387330 1204.5
1387340 1204.5
1387350 1205.9
1387360 1206.3
1387370 1207.2
1387380 1207.2
1387390 1207.8
1387400 1208.5
1387410 1208.5
1387420 1209.4
1387430 1210.0
1387440 1210.0
1387450 1210.3
1387460 1210.6
1387470 1210.6
1387480 1211.2
1387490 1212.2
1387500 1212.2
1387510 1213.2
1387520 1214.2
1387530 1214.2
1387540 1215.7
1387550 1217.1
1387560 1217.1
1387570 1217.6
1387580 1218.2
1387590 1218.6
1387600 1218.6
1387610 1219.3
1387620 1220.4
1387630 1220.4
1387640 1221.5
1387650 1222.4
1387660 1222.4
1387670 1222.3
1387680 1220.7
1387690 1220.7
1387700 1218.7
1387710 1218.2
1387720 1218.2
1387730 1220.1
1387740 1222.2
1387750 1222.2
1387760 1223.6
1387770 1224.0
1387780 1224.2
1387790 1224.2
1387800 1224.3
1387810 1224.4
1387820 1224.4
1387830 1221.4
1387840 1215.4
1387850 1215.4
1387860 1220.0
1387870 1223.6
1387880 1223.6
1387890 1223.8
1387900 1223.9
1387910 1223.9
1387920 1224.1
1387930 1224.1
1387940 1224.1
1387950 1224.2
1387960 1224.2
1387970 1224.2
1387980 1224.1
1387990 1224.0
1388000 1223.9
1388010 1223.9
1388020 1223.8
1388030 1223.1
1388040 1223.1
1388050 1220.3
1388060 1219.4
1388070 1219.4
1388080 1219.0
1388090 1219.0
1388100 1219.0
1388110 1218.8
1388120 1218.0
1388130 1218.0
1388140 1217.1
1388150 1216.0
1388160 1216.0
1388170 1214.6
1388180 1214.4
1388190 1213.9
1388200 1213.9
1388210 1212.6
1388220 1211.0
1388230 1211.0
1388240 1209.4
1388250 1208.2
1388260 1208.2
1388270 1207.5
1388280 1207.3
1388290 1207.3
1388300 1207.0
1388310 1206.6
1388320 1206.6
1388330 1205.6
1388340 1204.4
1388350 1204.4
1388360 1203.5
1388370 1204.0
1388380 1204.0
1388390 1204.0
1388400 1202.5
1388410 1200.9
1388420 1200.9
1388430 1199.6
1388440 1199.0
1388450 1199.0
1388460 1198.2
1388470 1196.4
1388480 1196.4
1388490 1195.5
1388500 1194.7
1388510 1194.7
1388520 1192.4
1388530 1192.0
1388540 1192.0
1388550 1191.5
1388560 1189.9
1388570 1189.9
1388580 1189.1
1388590 1188.3
1388600 1187.6
1388610 1187.6
1388620 1187.4
1388630 1186.8
1388640 1186.8
1388650 1186.1
1388660 1185.5
1388670 1185.5
1388680 1184.7
1388690 1183.9
1388700 1183.9
1388710 1183.6
1388720 1183.6
1388730 1183.6
1388740 1184.4
1388750 1187.6
1388760 1187.6
1388770 1190.8
1388780 1193.0
1388790 1193.0
1388800 1194.6
1388810 1196.5
1388820 1198.5
1388830 1198.5
1388840 1199.9
1388850 1201.2
1388860 1201.2
1388870 1202.2
1388880 1203.6
1388890 1203.6
1388900 1205.1
1388910 1206.0
1388920 1206.0
1388930 1205.2
1388940 1202.3
1388950 1202.3
1388960 1198.3
1388970 1191.9
1388980 1191.9
1388990 1184.9
1389000 1182.3
1389010 1183.1
1389020 1183.1
1389030 1189.8
1389040 1198.0
1389050 1198.0
1389060 1204.6
1389070 1210.7
1389080 1210.7
1389090 1217.1
1389100 1218.4
1389110 1218.4
1389120 1216.8
1389130 1216.1
1389140 1216.1
1389150 1215.9
1389160 1216.2
1389170 1216.2
1389180 1216.5
1389190 1217.3
1389200 1217.3
1389210 1218.7
1389220 1220.5
1389230 1222.0
1389240 1222.0
1389250 1223.2
1389260 1222.7
1389270 1222.7
1389280 1218.3
1389290 1213.0
1389300 1213.0
1389310 1208.5
1389320 1206.4
1389330 1206.4
1389340 1208.7
1389350 1215.3
1389360 1215.3
1389370 1222.6
1389380 1228.2
1389390 1228.2
1389400 1225.4
1389410 1218.9
1389420 1212.8
1389430 1212.8
1389440 1207.0
1389450 1200.1
1389460 1200.1
1389470 1192.6
1389480 1184.3
1389490 1184.3
1389500 1175.5
1389510 1168.2
1389520 1168.2
1389530 1163.9
1389540 1162.3
1389550 1162.3
1389560 1161.3
1389570 1159.9
1389580 1159.9
1389590 1155.4
1389600 1151.3
1389610 1151.3
1389620 1151.0
1389630 1150.4
1389640 1151.6
1389650 1151.6
1389660 1154.1
1389670 1158.3
1389680 1158.3
1389690 1161.4
1389700 1163.9
1389710 1163.9
1389720 1168.7
1389730 1171.5
1389740 1171.5
1389750 1175.7
1389760 1181.7
1389770 1181.7
1389780 1189.7
1389790 1199.4
1389800 1199.4
1389810 1209.1
1389820 1218.1
1389830 1226.8
1389840 1226.8
1389850 1234.9
1389860 1245.0
1389870 1245.0
1389880 1254.1
1389890 1259.7
1389900 1259.7
1389910 1260.9
1389920 1262.3
1389930 1262.3
1389940 1264.5
1389950 1266.7
1389960 1266.7
1389970 1268.6
1389980 1269.0
1389990 1269.0
1390000 1267.4
1390010 1266.8
1390020 1266.8
1390030 1269.2
1390040 1275.1
1390050 1278.9
1390060 1278.9
1390070 1280.6
1390080 1281.7
1390090 1281.7
1390100 1282.7
1390110 1284.1
1390120 1284.1
1390130 1286.2
1390140 1288.4
1390150 1288.4
1390160 1289.7
1390170 1291.0
1390180 1291.0
1390190 1290.5
1390200 1288.6
1390210 1288.6
1390220 1287.3
1390230 1286.6
1390240 1286.1
1390250 1286.1
1390260 1285.7
1390270 1285.3
1390280 1285.3
1390290 1284.5
1390300 1284.1
1390310 1284.1
1390320 1283.9
1390330 1284.3
1390340 1284.3
1390350 1285.2
1390360 1285.2
1390370 1285.2
1390380 1285.1
1390390 1285.1
1390400 1285.1
1390410 1285.0
1390420 1285.0
1390430 1285.0
1390440 1285.1
1390450 1285.4
1390460 1286.4
1390470 1286.4
1390480 1288.4
1390490 1290.4
1390500 1290.4
1390510 1291.7
1390520 1292.9
1390530 1292.9
1390540 1294.6
1390550 1296.6
1390560 1296.6
1390570 1298.3
1390580 1299.5
1390590 1299.5
1390600 1301.1
1390610 1303.0
1390620 1303.0
1390630 1304.4
1390640 1305.4
1390650 1305.9
1390660 1305.9
1390670 1306.1
1390680 1306.4
1390690 1306.4
1390700 1306.6
1390710 1307.7
1390720 1307.7
1390730 1308.6
1390740 1309.4
1390750 1309.4
1390760 1310.1
1390770 1310.8
1390780 1310.8
1390790 1311.1
1390800 1311.5
1390810 1311.5
1390820 1312.2
1390830 1313.0
1390840 1313.0
1390850 1313.3
1390860 1313.3
1390870 1313.3
1390880 1313.3
1390890 1313.5
1390900 1313.7
1390910 1313.7
1390920 1314.2
1390930 1314.7
1390940 1314.7
1390950 1315.2
1390960 1315.6
1390970 1315.6
1390980 1316.2
1390990 1316.9
1391000 1316.9
1391010 1318.2
1391020 1321.0
1391030 1321.0
1391040 1323.8
1391050 1325.9
1391060 1327.3
1391070 1327.3
1391080 1328.3
1391090 1329.1
1391100 1329.1
1391110 1330.3
1391120 1331.7
1391130 1331.7
1391140 1333.1
1391150 1334.8
1391160 1334.8
1391170 1336.4
1391180 1337.6
1391190 1333.4
1391200 1334.3
1391210 1335.2
1391220 1335.2
1391230 1336.7
1391240 1338.0
1391250 1338.0
1391260 1339.2
1391270 1341.5
1391280 1344.0
1391290 1344.0
1391300 1345.4
1391310 1345.5
1391320 1345.5
1391330 1346.0
1391340 1346.6
1391350 1346.6
1391360 1346.7
1391370 1346.5
1391380 1346.5
1391390 1347.5
1391400 1349.0
1391410 1349.0
1391420 1350.6
1391430 1352.1
1391440 1352.1
1391450 1354.4
1391460 1357.2
1391470 1359.9
1391480 1359.9
1391490 1359.8
1391500 1359.7
1391510 1359.7
1391520 1360.6
1391530 1362.1
1391540 1362.1
1391550 1361.8
1391560 1357.9
1391570 1357.9
1391580 1356.8
1391590 1357.7
1391600 1357.7
1391610 1360.0
1391620 1362.5
1391630 1362.5
1391640 1363.1
1391650 1362.6
1391660 1362.6
1391670 1362.3
1391680 1361.7
1391690 1361.6
1391700 1361.6
1391710 1362.2
1391720 1362.5
1391730 1362.5
1391740 1362.5
1391750 1362.4
1391760 1362.4
1391770 1362.0
1391780 1361.3
1391790 1361.3
1391800 1360.9
1391810 1360.9
1391820 1360.9
1391830 1360.9
1391840 1361.1
1391850 1361.1
1391860 1361.6
1391870 1362.2
1391880 1362.6
1391890 1362.6
1391900 1363.0
1391910 1363.9
1391920 1363.9
1391930 1364.8
1391940 1365.5
1391950 1365.5
1391960 1366.3
1391970 1367.1
1391980 1367.1
1391990 1367.9
1392000 1368.7
1392010 1368.7
1392020 1369.6
1392030 1370.5
1392040 1370.5
1392050 1371.1
1392060 1371.9
1392070 1371.9
1392080 1373.0
1392090 1374.1
1392100 1375.4
1392110 1375.4
1392120 1377.5
1392130 1378.6
1392140 1378.6
1392150 1379.8
1392160 1381.1
1392170 1381.1
1392180 1381.4
1392190 1382.4
1392200 1382.4
1392210 1383.4
1392220 1384.0
1392230 1384.0
1392240 1384.6
1392250 1385.2
1392260 1385.2
1392270 1385.9
1392280 1386.0
1392290 1386.3
1392300 1386.3
1392310 1386.2
1392320 1386.2
1392330 1386.2
1392340 1386.4
1392350 1386.9
1392360 1386.9
1392370 1388.1
1392380 1389.4
1392390 1389.4
1392400 1390.4
1392410 1391.0
1392420 1391.0
1392430 1390.6
1392440 1388.1
1392450 1388.1
1392460 1383.6
1392470 1378.0
1392480 1378.0
1392490 1372.1
1392500 1366.1
1392510 1359.8
1392520 1359.8
1392530 1352.8
1392540 1347.4
1392550 1347.4
1392560 1337.5
1392570 1331.9
1392580 1331.9
1392590 1326.7
1392600 1321.2
1392610 1321.2
1392620 1315.4
1392630 1309.7
1392640 1309.7
1392650 1302.8
1392660 1297.4
1392670 1297.4
1392680 1292.9
1392690 1287.9
1392700 1282.4
1392710 1282.4
1392720 1277.0
1392730 1272.6
1392740 1272.6
1392750 1268.8
1392760 1263.8
1392770 1263.8
1392780 1258.2
1392790 1254.1
1392800 1254.1
1392810 1251.7
1392820 1249.5
1392830 1249.5
1392840 1246.3
1392850 1241.6
1392860 1241.6
1392870 1237.0
1392880 1233.9
1392890 1233.9
1392900 1229.9
1392910 1225.6
1392920 1221.1
1392930 1221.1
1392940 1215.0
1392950 1208.4
1392960 1208.4
1392970 1200.5
1392980 1191.1
1392990 1191.1
1393000 1181.6
1393010 1171.2
1393020 1171.2
1393030 1161.8
1393040 1153.7
1393050 1153.7
1393060 1145.7
1393070 1137.7
1393080 1137.7
1393090 1129.7
1393100 1122.6
1393110 1119.5
1393120 1119.5
1393130 1118.0
1393140 1118.2
1393150 1118.2
1393160 1119.0
1393170 1120.0
1393180 1120.0
1393190 1121.2
1393200 1121.2
1393210 1121.2
1393220 1119.8
1393230 1119.4
1393240 1119.4
1393250 1122.0
1393260 1127.3
1393270 1127.3
1393280 1133.5
1393290 1140.1
1393300 1140.1
1393310 1146.0
1393320 1150.9
1393330 1156.0
1393340 1156.0
1393350 1160.6
1393360 1164.9
1393370 1164.9
1393380 1169.2
1393390 1174.2
1393400 1174.2
1393410 1180.1
1393420 1186.9
1393430 1186.9
1393440 1194.5
1393450 1202.3
1393460 1202.3
1393470 1208.8
1393480 1212.7
1393490 1212.7
1393500 1216.3
1393510 1221.6
1393520 1227.9
1393530 1227.9
1393540 1234.3
1393550 1240.8
1393560 1240.8
1393570 1247.2
1393580 1257.0
1393590 1257.0
1393600 1269.1
1393610 1274.9
1393620 1274.9
1393630 1279.3
1393640 1282.3
1393650 1282.3
1393660 1283.7
1393670 1284.7
1393680 1284.7
1393690 1286.7
1393700 1290.6
1393710 1290.6
1393720 1295.6
1393730 1300.5
1393740 1305.8
1393750 1305.8
1393760 1311.9
1393770 1317.3
1393780 1317.3
1393790 1321.0
1393800 1324.9
1393810 1324.9
1393820 1329.8
1393830 1335.0
1393840 1335.0
1393850 1339.7
1393860 1342.6
1393870 1342.6
1393880 1342.1
1393890 1340.1
1393900 1340.1
1393910 1336.9
1393920 1335.4
1393930 1334.9
1393940 1333.4
1393950 1333.0
1393960 1332.5
1393970 1332.5
1393980 1334.4
1393990 1337.8
1394000 1337.8
1394010 1336.0
1394020 1331.4
1394030 1331.4
1394040 1327.4
1394050 1322.9
1394060 1322.9
1394070 1316.2
1394080 1308.3
1394090 1308.3
1394100 1301.5
1394110 1294.9
1394120 1294.9
1394130 1287.7
1394140 1280.7
1394150 1274.3
1394160 1274.3
1394170 1269.6
1394180 1265.8
1394190 1265.8
1394200 1260.2
1394210 1253.8
1394220 1253.8
1394230 1246.5
1394240 1238.8
1394250 1238.8
1394260 1231.0
1394270 1224.5
1394280 1224.5
1394290 1218.7
1394300 1213.1
1394310 1213.1
1394320 1207.8
1394330 1202.5
1394340 1197.2
1394350 1197.2
1394360 1191.3
1394370 1182.2
1394380 1182.2
1394390 1173.7
1394400 1165.5
1394410 1165.5
1394420 1157.5
1394430 1149.8
1394440 1149.8
1394450 1142.3
1394460 1134.6
1394470 1134.6
1394480 1126.7
1394490 1119.1
1394500 1119.1
1394510 1111.8
1394520 1105.7
1394530 1105.7
1394540 1100.0
1394550 1092.3
1394560 1083.2
1394570 1083.2
1394580 1075.9
1394590 1065.1
1394600 1065.1
1394610 1053.3
1394620 1044.5
1394630 1044.5
1394640 1037.3
1394650 1030.7
1394660 1030.7
1394670 1024.4
1394680 1017.7
1394690 1017.7
1394700 1011.2
1394710 1005.2
1394720 1005.2
1394730 999.1
1394740 993.4
1394750 988.3
1394760 988.3
1394770 983.2
1394780 978.7
1394790 978.7
1394800 973.5
1394810 968.6
1394820 968.6
1394830 963.7
1394840 959.8
1394850 959.8
1394860 956.3
1394870 951.2
1394880 951.2
1394890 945.3
1394900 940.7
1394910 940.7
1394920 938.4
1394930 936.2
1394940 936.2
1394950 936.6
1394960 939.1
1394970 941.5
1394980 941.5
1394990 940.6
1395000 939.0
1395010 939.0
1395020 939.0
1395030 939.0
1395040 939.0
1395050 939.0
1395060 938.8
1395070 938.8
1395080 938.7
1395090 938.8
1395100 938.8
1395110 938.4
1395120 938.8
1395130 938.8
1395140 938.8
1395150 939.6
1395160 940.8
1395170 940.8
1395180 941.3
1395190 941.7
1395200 941.7
1395210 942.4
1395220 943.2
1395230 943.2
1395240 944.2
1395250 945.1
1395260 945.1
1395270 945.9
1395280 946.6
1395290 946.6
1395300 947.4
1395310 948.4
1395320 948.4
1395330 949.7
1395340 950.9
1395350 951.0
1395360 951.9
1395370 952.8
1395380 953.7
1395390 953.7
1395400 954.6
1395410 955.3
1395420 955.3
1395430 956.1
1395440 957.1
1395450 957.1
1395460 958.2
1395470 959.4
1395480 959.4
1395490 960.5
1395500 961.4
1395510 961.4
1395520 962.3
1395530 962.8
1395540 962.8
1395550 963.6
1395560 965.4
1395570 967.5
1395580 967.5
1395590 967.9
1395600 968.7
1395610 968.7
1395620 969.7
1395630 970.3
1395640 970.3
1395650 971.4
1395660 972.1
1395670 972.1
1395680 972.9
1395690 974.1
1395700 974.1
1395710 975.3
1395720 975.9
1395730 975.9
1395740 977.0
1395750 979.1
1395760 979.1
1395770 979.7
1395780 979.9
1395790 980.7
1395800 980.7
1395810 981.7
1395820 983.4
1395830 983.4
1395840 984.7
1395850 985.7
1395860 985.7
1395870 986.7
1395880 987.7
1395890 987.7
1395900 988.0
1395910 989.5
1395920 989.5
1395930 990.5
1395940 990.4
1395950 990.4
1395960 991.4
1395970 992.3
1395980 992.7
1395990 992.7
1396000 993.4
1396010 994.4
1396020 994.4
1396030 995.0
1396040 994.8
1396050 994.8
1396060 995.9
1396070 996.9
1396080 996.9
1396090 996.8
1396100 997.2
1396110 997.2
1396120 997.2
1396130 997.2
1396140 997.2
1396150 997.4
1396160 997.8
1396170 997.8
1396180 998.6
1396190 999.5
1396200 1000.4
1396210 1000.4
1396220 1001.3
1396230 1002.2
1396240 1002.2
1396250 1003.4
1396260 1004.2
1396270 1004.2
1396280 1005.0
1396290 1006.1
1396300 1006.1
1396310 1007.2
1396320 1008.2
1396330 1008.2
1396340 1009.0
1396350 1009.9
1396360 1009.9
1396370 1010.6
1396380 1010.9
1396390 1010.8
1396400 1010.8
1396410 1008.8
1396420 1005.9
1396430 1005.9
1396440 1005.5
1396450 1008.4
1396460 1008.4
1396470 1012.1
1396480 1016.8
1396490 1016.8
1396500 1020.6
1396510 1021.9
1396520 1021.9
1396530 1022.6
1396540 1023.7
1396550 1023.7
1396560 1025.8
1396570 1029.8
1396580 1029.8
1396590 1034.9
1396600 1040.4
1396610 1045.5
1396620 1045.5
1396630 1048.2
1396640 1051.5
1396650 1051.5
1396660 1056.7
1396670 1061.5
1396680 1061.5
1396690 1065.3
1396700 1066.3
1396710 1066.3
1396720 1065.4
1396730 1066.2
1396740 1066.2
1396750 1064.4
1396760 1064.2
1396770 1075.3
1396780 1077.5
1396790 1079.2
1396800 1081.7
1396810 1081.7
1396820 1087.4
1396830 1089.6
1396840 1089.6
1396850 1094.8
1396860 1099.7
1396870 1099.7
1396880 1104.8
1396890 1110.4
1396900 1110.4
1396910 1117.9
1396920 1119.2
1396930 1119.2
1396940 1113.9
1396950 1109.7
1396960 1109.7
1396970 1108.9
1396980 1114.5
1396990 1114.5
1397000 1118.7
1397010 1110.8
1397020 1108.9
1397030 1108.9
1397040 1114.1
1397050 1119.3
1397060 1119.3
1397070 1122.7
1397080 1130.0
1397090 1130.0
1397100 1139.1
1397110 1139.7
1397120 1139.7
1397130 1142.1
1397140 1146.7
1397150 1146.7
1397160 1149.9
1397170 1149.5
1397180 1149.5
1397190 1153.9
1397200 1154.3
1397210 1151.5
1397220 1151.5
1397230 1149.2
1397240 1145.8
1397250 1145.8
1397260 1142.8
1397270 1146.5
1397280 1146.5
1397290 1152.0
1397300 1158.8
1397310 1158.8
1397320 1167.3
1397330 1176.4
1397340 1176.4
1397350 1177.5
1397360 1172.5
1397370 1172.5
1397380 1172.8
1397390 1169.8
1397400 1169.8
1397410 1166.6
1397420 1163.5
1397430 1162.0
1397440 1162.0
1397450 1168.3
1397460 1173.1
1397470 1173.1
1397480 1173.0
1397490 1163.4
1397500 1163.4
1397510 1153.7
1397520 1148.7
1397530 1148.7
1397540 1147.2
1397550 1151.9
1397560 1151.9
1397570 1155.2
1397580 1161.9
1397590 1161.9
1397600 1169.4
1397610 1173.1
1397620 1175.0
1397630 1175.0
1397640 1178.1
1397650 1183.4
1397660 1183.4
1397670 1189.2
1397680 1193.8
1397690 1193.8
1397700 1201.0
1397710 1209.8
1397720 1209.8
1397730 1217.5
1397740 1226.1
1397750 1226.1
1397760 1237.9
1397770 1249.1
1397780 1249.1
1397790 1260.6
1397800 1270.4
1397810 1270.4
1397820 1278.3
1397830 1284.5
1397840 1292.3
1397850 1292.3
1397860 1299.6
1397870 1306.7
1397880 1306.7
1397890 1312.6
1397900 1316.0
1397910 1316.0
1397920 1319.3
1397930 1324.2
1397940 1324.2
1397950 1327.8
1397960 1331.5
1397970 1331.5
1397980 1335.2
1397990 1338.0
1398000 1338.0
1398010 1341.0
1398020 1343.8
1398030 1346.7
1398040 1346.7
1398050 1349.6
1398060 1352.1
1398070 1352.1
1398080 1354.8
1398090 1357.5
1398100 1357.5
1398110 1360.0
1398120 1362.7
1398130 1362.7
1398140 1364.3
1398150 1366.1
1398160 1366.1
1398170 1368.3
1398180 1370.8
1398190 1370.8
1398200 1373.6
1398210 1376.6
1398220 1376.6
1398230 1384.3
1398240 1386.8
1398250 1389.5
1398260 1389.5
1398270 1392.4
1398280 1395.0
1398290 1395.0
1398300 1397.3
1398310 1399.7
1398320 1399.7
1398330 1400.9
1398340 1401.5
1398350 1401.5
1398360 1401.0
1398370 1405.3
1398380 1405.3
1398390 1408.4
1398400 1410.4
1398410 1410.4
1398420 1409.5
1398430 1405.8
1398440 1402.2
1398450 1402.2
1398460 1401.4
1398470 1401.3
1398480 1401.3
1398490 1404.2
1398500 1411.6
1398510 1411.6
1398520 1419.8
1398530 1423.9
1398540 1423.9
1398550 1421.7
1398560 1423.5
1398570 1423.5
1398580 1427.2
1398590 1429.4
1398600 1429.4
1398610 1432.2
1398620 1437.5
1398630 1437.5
1398640 1442.9
1398650 1447.0
1398660 1449.8
1398670 1449.8
1398680 1452.0
1398690 1453.4
1398700 1453.4
1398710 1454.6
1398720 1455.9
1398730 1455.9
1398740 1457.2
1398750 1458.7
1398760 1458.7
1398770 1460.3
1398780 1462.1
1398790 1462.1
1398800 1464.0
1398810 1466.0
1398820 1466.0
1398830 1468.0
1398840 1470.1
1398850 1472.3
1398860 1472.3
1398870 1474.7
1398880 1477.3
1398890 1477.3
1398900 1481.1
1398910 1486.2
1398920 1486.2
1398930 1487.4
1398940 1487.7
1398950 1487.7
1398960 1488.2
1398970 1486.2
1398980 1486.2
1398990 1482.0
1399000 1477.4
1399010 1477.4
1399020 1473.5
1399030 1468.8
1399040 1468.8
1399050 1464.4
1399060 1462.4
1399070 1460.8
1399080 1460.8
1399090 1457.9
1399100 1452.8
1399110 1452.8
1399120 1451.0
1399130 1450.0
1399140 1450.0
1399150 1448.8
1399160 1445.9
1399170 1445.9
1399180 1442.8
1399190 1442.3
1399200 1442.3
1399210 1446.6
1399220 1454.3
1399230 1454.3
1399240 1463.1
1399250 1470.3
1399260 1475.9
1399270 1475.9
1399280 1480.2
1399290 1482.2
1399300 1482.2
1399310 1486.0
1399320 1492.0
1399330 1492.0
1399340 1498.8
1399350 1505.7
1399360 1505.7
1399370 1512.0
1399380 1517.3
1399390 1517.3
1399400 1522.1
1399410 1528.7
1399420 1528.7
1399430 1536.3
1399440 1542.8
1399450 1542.8
1399460 1546.3
1399470 1550.1
1399480 1553.7
1399490 1553.7
1399500 1557.1
1399510 1559.6
1399520 1559.6
1399530 1560.0
1399540 1560.3
1399550 1560.3
1399560 1560.3
1399570 1560.0
1399580 1560.0
1399590 1559.9
1399600 1561.9
1399610 1561.9
1399620 1565.0
1399630 1568.2
1399640 1568.2
1399650 1572.1
1399660 1575.5
1399670 1577.1
1399680 1577.1
1399690 1574.2
1399700 1570.8
1399710 1579.0
1399720 1578.8
1399730 1578.1
1399740 1578.1
1399750 1580.0
1399760 1579.9
1399770 1579.9
1399780 1577.0
1399790 1577.5
1399800 1577.5
1399810 1576.1
1399820 1579.2
1399830 1579.2
1399840 1580.3
1399850 1582.1
1399860 1582.1
1399870 1586.7
1399880 1590.2
1399890 1595.5
1399900 1595.5
1399910 1600.7
1399920 1604.0
1399930 1604.0
1399940 1608.7
1399950 1616.6
1399960 1616.6
1399970 1624.5
1399980 1630.2
1399990 1630.2
1380000 1867.4
1380010 1862.7
1380020 1857.9
1380030 1857.9
1380040 1853.2
1380050 1849.0
1380060 1849.0
1380070 1844.4
1380080 1839.2
1380090 1839.2
1380100 1834.4
1380110 1829.6
1380120 1829.6
1380130 1825.0
1380140 1820.8
1380150 1820.8
1380160 1814.1
1380170 1806.6
1380180 1806.6
1380190 1802.4
1380200 1798.4
1380210 1793.8
1380220 1793.8
1380230 1788.0
1380240 1782.9
1380250 1782.9
1380260 1779.6
1380270 1776.0
1380280 1776.0
1380290 1771.9
1380300 1768.3
1380310 1768.3
1380320 1764.8
1380330 1761.6
1380340 1761.6
1380350 1758.7
1380360 1754.5
1380370 1754.5
1380380 1749.4
1380390 1744.6
1380400 1740.3
1380410 1740.3
1380420 1736.1
1380430 1731.9
1380440 1731.9
1380450 1728.2
1380460 1724.0
1380470 1724.0
1380480 1719.5
1380490 1715.6
1380500 1715.6
1380510 1711.4
1380520 1705.7
1380530 1705.7
1380540 1699.8
1380550 1694.9
1380560 1694.9
1380570 1689.9
1380580 1684.5
1380590 1684.5
1380600 1678.8
1380610 1672.8
1380620 1667.8
1380630 1667.8
1380640 1664.1
1380650 1661.1
1380660 1661.1
1380670 1657.6
1380680 1653.3
1380690 1653.3
1380700 1647.9
1380710 1642.3
1380720 1642.3
1380730 1637.0
1380740 1632.1
1380750 1632.1
1380760 1626.6
1380770 1620.6
1380780 1620.6
1380790 1612.2
1380800 1600.7
1380810 1589.9
1380820 1589.9
1380830 1579.4
1380840 1569.4
1380850 1569.4
1380860 1556.7
1380870 1543.6
1380880 1543.6
1380890 1532.9
1380900 1522.2
1380910 1519.5
1380920 1511.5
1380930 1512.0
1380940 1512.0
1380950 1516.4
1380960 1521.5
1380970 1521.5
1380980 1523.0
1380990 1524.6
1381000 1524.6
1381010 1531.4
1381020 1539.1
1381030 1545.9
1381040 1545.9
1381050 1550.5
1381060 1552.0
1381070 1552.0
1381080 1552.1
1381090 1552.0
1381100 1552.0
1381110 1552.4
1381120 1552.3
1381130 1552.3
1381140 1551.8
1381150 1551.7
1381160 1551.7
1381170 1552.4
1381180 1551.8
1381190 1551.8
1381200 1549.9
1381210 1548.6
1381220 1547.8
1381230 1547.8
1381240 1545.9
1381250 1542.7
1381260 1542.7
1381270 1539.7
1381280 1536.2
1381290 1536.2
1381300 1532.2
1381310 1528.6
1381320 1528.6
1381330 1523.5
1381340 1518.8
1381350 1518.8
1381360 1513.8
1381370 1508.6
1381380 1508.6
1381390 1503.2
1381400 1498.6
1381410 1498.6
1381420 1493.5
1381430 1486.3
1381440 1478.1
1381450 1478.1
1381460 1470.2
1381470 1464.0
1381480 1464.0
1381490 1458.3
1381500 1452.5
1381510 1452.5
1381520 1446.7
1381530 1439.4
1381540 1439.4
1381550 1431.1
1381560 1423.1
1381570 1423.1
1381580 1416.1
1381590 1410.6
1381600 1410.6
1381610 1405.8
1381620 1401.7
1381630 1398.3
1381640 1398.3
1381650 1394.8
1381660 1390.3
1381670 1390.3
1381680 1385.5
1381690 1381.2
1381700 1381.2
1381710 1377.1
1381720 1373.4
1381730 1373.4
1381740 1369.8
1381750 1366.3
1381760 1366.3
1381770 1361.5
1381780 1356.7
1381790 1356.7
1381800 1352.6
1381810 1348.0
1381820 1348.0
1381830 1342.9
1381840 1339.2
1381850 1335.2
1381860 1335.2
1381870 1330.7
1381880 1326.5
1381890 1326.5
1381900 1321.3
1381910 1315.3
1381920 1315.3
1381930 1309.8
1381940 1304.9
1381950 1304.9
1381960 1299.7
1381970 1295.3
1381980 1295.3
1381990 1291.2
1382000 1287.2
1382010 1287.2
1382020 1282.8
1382030 1277.9
1382040 1272.3
1382050 1272.3
1382060 1267.0
1382070 1262.0
1382080 1262.0
1382090 1256.7
1382100 1252.0
1382110 1252.0
1382120 1246.8
1382130 1241.9
1382140 1239.9
1382150 1237.2
1382160 1234.6
1382170 1234.6
1382180 1232.5
1382190 1231.2
1382200 1231.2
1382210 1229.6
1382220 1227.5
1382230 1227.5
1382240 1225.4
1382250 1223.8
1382260 1222.1
1382270 1222.1
1382280 1220.6
1382290 1217.9
1382300 1217.9
1382310 1215.3
1382320 1213.2
1382330 1213.2
1382340 1211.2
1382350 1208.5
1382360 1208.5
1382370 1206.0
1382380 1203.9
1382390 1203.9
1382400 1201.7
1382410 1199.4
1382420 1199.4
1382430 1187.0
1382440 1160.9
1382450 1139.9
1382460 1139.9
1382470 1125.2
1382480 1123.3
1382490 1123.3
1382500 1132.1
1382510 1158.2
1382520 1158.2
1382530 1179.9
1382540 1194.4
1382550 1194.4
1382560 1196.3
1382570 1196.3
1382580 1196.3
1382590 1196.7
1382600 1197.4
1382610 1197.4
1382620 1198.4
1382630 1199.2
1382640 1199.2
1382650 1200.0
1382660 1202.1
1382670 1205.7
1382680 1205.7
1382690 1209.3
1382700 1212.2
1382710 1212.2
1382720 1214.6
1382730 1216.5
1382740 1216.5
1382750 1217.5
1382760 1217.6
1382770 1217.6
1382780 1217.0
1382790 1216.4
1382800 1216.4
1382810 1215.7
1382820 1215.3
1382830 1215.3
1382840 1214.3
1382850 1213.3
1382860 1212.9
1382870 1212.9
1382880 1213.0
1382890 1213.0
1382900 1213.0
1382910 1213.0
1382920 1213.0
1382930 1213.0
1382940 1213.1
1382950 1213.0
1382960 1213.0
1382970 1212.7
1382980 1212.7
1382990 1212.7
1383000 1212.5
1383010 1212.5
1383020 1212.5
1383030 1212.9
1383040 1213.4
1383050 1213.4
1383060 1214.3
1383070 1213.9
1383080 1213.6
1383090 1213.6
1383100 1213.8
1383110 1214.1
1383120 1214.1
1383130 1213.4
1383140 1212.8
1383150 1212.8
1383160 1213.2
1383170 1213.8
1383180 1213.8
1383190 1214.0
1383200 1214.1
1383210 1214.1
1383220 1214.6
1383230 1215.1
1383240 1215.1
1383250 1215.5
1383260 1215.6
1383270 1215.4
1383280 1215.4
1383290 1215.6
1383300 1215.7
1383310 1215.7
1383320 1215.9
1383330 1216.2
1383340 1216.2
1383350 1216.7
1383360 1217.5
1383370 1217.5
1383380 1214.5
1383390 1215.7
1383400 1215.7
1383410 1217.4
1383420 1219.1
1383430 1219.1
1383440 1220.4
1383450 1221.5
1383460 1221.5
1383470 1222.2
1383480 1222.7
1383490 1223.0
1383500 1223.0
1383510 1223.3
1383520 1223.5
1383530 1223.5
1383540 1223.5
1383550 1223.2
1383560 1223.2
1383570 1223.0
1383580 1222.8
1383590 1222.8
1383600 1222.8
1383610 1223.3
1383620 1223.3
1383630 1224.2
1383640 1224.7
1383650 1224.7
1383660 1224.8
1383670 1224.9
1383680 1224.6
1383690 1224.6
1383700 1224.3
1383710 1224.1
1383720 1224.1
1383730 1223.9
1383740 1223.9
1383750 1223.9
1383760 1223.8
1383770 1223.7
1383780 1223.7
1383790 1223.7
1383800 1223.6
1383810 1223.6
1383820 1223.5
1383830 1223.6
1383840 1223.6
1383850 1223.5
1383860 1223.5
1383870 1223.5
1383880 1223.3
1383890 1223.3
1383900 1223.4
1383910 1223.4
1383920 1223.2
1383930 1222.3
1383940 1222.3
1383950 1221.8
1383960 1221.4
1383970 1221.4
1383980 1221.2
1383990 1220.9
1384000 1220.9
1384010 1220.6
1384020 1220.3
1384030 1220.3
1384040 1220.0
1384050 1219.7
1384060 1219.7
1384070 1219.3
1384080 1218.9
1384090 1218.3
1384100 1218.3
1384110 1217.8
1384120 1217.6
1384130 1217.6
1384140 1217.3
1384150 1217.1
1384160 1217.1
1384170 1216.8
1384180 1216.5
1384190 1216.5
1384200 1216.4
1384210 1216.3
1384220 1216.3
1384230 1216.1
1384240 1215.2
1384250 1215.2
1384260 1214.8
1384270 1214.6
1384280 1214.6
1384290 1214.4
1384300 1214.1
1384310 1213.6
1384320 1213.6
1384330 1212.4
1384340 1212.3
1384350 1212.3
1384360 1212.2
1384370 1211.6
1384380 1211.6
1384390 1211.0
1384400 1210.9
1384410 1210.9
1384420 1211.2
1384430 1212.2
1384440 1212.2
1384450 1213.2
1384460 1214.0
1384470 1214.0
1384480 1214.9
1384490 1215.5
1384500 1216.0
1384510 1216.0
1384520 1216.3
1384530 1217.0
1384540 1217.0
1384550 1217.7
1384560 1218.1
1384570 1218.1
1384580 1218.3
1384590 1218.0
1384600 1218.0
1384610 1218.1
1384620 1218.4
1384630 1218.4
1384640 1218.3
1384650 1219.4
1384660 1219.4
1384670 1221.0
1384680 1222.6
1384690 1222.6
1384700 1224.6
1384710 1225.1
1384720 1223.9
1384730 1223.9
1384740 1223.4
1384750 1222.4
1384760 1222.4
1384770 1221.2
1384780 1220.6
1384790 1220.6
1384800 1220.5
1384810 1220.7
1384820 1220.7
1384830 1220.7
1384840 1220.4
1384850 1220.4
1384860 1220.7
1384870 1221.4
1384880 1221.4
1384890 1222.3
1384900 1222.6
1384910 1222.5
1384920 1222.5
1384930 1220.7
1384940 1219.0
1384950 1219.0
1384960 1203.1
1384970 1187.7
1384980 1187.7
1384990 1190.0
1385000 1206.3
1385010 1206.3
1385020 1211.3
1385030 1210.9
1385040 1210.9
1385050 1210.9
1385060 1211.2
1385070 1211.2
1385080 1212.3
1385090 1213.7
1385100 1213.7
1385110 1214.5
1385120 1214.6
1385130 1213.5
1385140 1213.5
1385150 1212.5
1385160 1212.7
1385170 1212.7
1385180 1212.5
1385190 1212.3
1385200 1212.3
1385210 1212.7
1385220 1213.8
1385230 1213.8
1385240 1214.5
1385250 1214.3
1385260 1214.3
1385270 1214.6
1385280 1215.0
1385290 1215.0
1385300 1215.5
1385310 1216.4
1385320 1216.9
1385330 1216.9
1385340 1216.7
1385350 1216.7
1385360 1216.7
1385370 1217.0
1385380 1217.2
1385390 1217.2
1385400 1217.3
1385410 1217.6
1385420 1217.6
1385430 1218.1
1385440 1218.6
1385450 1218.6
1385460 1219.0
1385470 1219.2
1385480 1219.2
1385490 1216.6
1385500 1214.5
1385510 1214.5
1385520 1215.1
1385530 1216.3
1385540 1217.5
1385550 1217.5
1385560 1218.3
1385570 1218.3
1385580 1218.3
1385590 1218.4
1385600 1218.3
1385610 1218.3
1385620 1218.4
1385630 1218.8
1385640 1218.8
1385650 1219.6
1385660 1220.4
1385670 1220.4
1385680 1221.1
1385690 1222.0
1385700 1222.0
1385710 1222.2
1385720 1222.1
1385730 1222.2
1385740 1222.2
1385750 1222.3
1385760 1222.3
1385770 1222.3
1385780 1222.3
1385790 1222.6
1385800 1222.6
1385810 1222.5
1385820 1222.3
1385830 1222.3
1385840 1224.3
1385850 1225.5
1385860 1225.5
1385870 1225.7
1385880 1225.6
1385890 1225.6
1385900 1225.7
1385910 1226.5
1385920 1222.7
1385930 1223.9
1385940 1224.6
1385950 1225.2
1385960 1225.2
1385970 1226.1
1385980 1226.7
1385990 1226.7
1386000 1228.4
1386010 1229.4
1386020 1229.4
1386030 1229.2
1386040 1228.3
1386050 1228.3
1386060 1227.1
1386070 1226.9
1386080 1226.9
1386090 1226.9
1386100 1226.9
1386110 1226.9
1386120 1227.3
1386130 1227.9
1386140 1228.2
1386150 1228.2
1386160 1227.9
1386170 1227.4
1386180 1227.4
1386190 1227.6
1386200 1227.7
1386210 1227.7
1386220 1227.7
1386230 1227.6
1386240 1227.6
1386250 1226.8
1386260 1225.8
1386270 1225.8
1386280 1224.7
1386290 1223.0
1386300 1223.0
1386310 1220.2
1386320 1217.3
1386330 1217.3
1386340 1215.4
1386350 1213.7
1386360 1212.1
1386370 1212.1
1386380 1211.1
1386390 1210.8
1386400 1210.8
1386410 1210.2
1386420 1209.1
1386430 1209.1
1386440 1208.0
1386450 1207.0
1386460 1207.0
1386470 1205.6
1386480 1204.5
1386490 1204.5
1386500 1203.2
1386510 1202.8
1386520 1202.8
1386530 1202.3
1386540 1201.4
1386550 1200.8
1386560 1200.8
1386570 1200.0
1386580 1198.9
1386590 1198.9
1386600 1195.8
1386610 1192.3
1386620 1192.3
1386630 1193.6
1386640 1193.4
1386650 1193.4
1386660 1191.7
1386670 1190.8
1386680 1190.8
1386690 1190.4
1386700 1189.5
1386710 1189.5
1386720 1188.0
1386730 1187.3
1386740 1187.3
1386750 1187.2
1386760 1186.9
1386770 1186.1
1386780 1186.1
1386790 1185.0
1386800 1184.4
1386810 1184.4
1386820 1183.9
1386830 1183.7
1386840 1183.7
1386850 1183.7
1386860 1183.6
1386870 1183.6
1386880 1183.3
1386890 1183.0
1386900 1183.0
1386910 1183.0
1386920 1183.3
1386930 1183.3
1386940 1183.5
1386950 1184.5
1386960 1185.2
1386970 1185.2
1386980 1186.2
1386990 1186.3
1387000 1186.3
1387010 1187.5
1387020 1188.6
1387030 1188.6
1387040 1189.7
1387050 1190.1
1387060 1190.1
1387070 1190.9
1387080 1191.9
1387090 1191.9
1387100 1192.6
1387110 1192.6
1387120 1192.6
1387130 1193.6
1387140 1195.7
1387150 1195.7
1387160 1196.4
1387170 1197.3
1387180 1197.6
1387190 1197.6
1387200 1198.1
1387210 1197.4
1387220 1197.4
1387230 1198.2
1387240 1199.3
1387250 1199.3
1387260 1200.0
1387270 1200.4
1387280 1200.4
1387290 1201.0
1387300 1201.7
1387310 1201.7
1387320 1202.5
1387330 1204.5
1387340 1204.5
1387350 1205.9
1387360 1206.3
1387370 1207.2
1387380 1207.2
1387390 1207.8
1387400 1208.5
1387410 1208.5
1387420 1209.4
1387430 1210.0
1387440 1210.0
1387450 1210.3
1387460 1210.6
1387470 1210.6
1387480 1211.2
1387490 1212.2
1387500 1212.2
1387510 1213.2
1387520 1214.2
1387530 1214.2
1387540 1215.7
1387550 1217.1
1387560 1217.1
1387570 1217.6
1387580 1218.2
1387590 1218.6
1387600 1218.6
1387610 1219.3
1387620 1220.4
1387630 1220.4
1387640 1221.5
1387650 1222.4
1387660 1222.4
1387670 1222.3
1387680 1220.7
1387690 1220.7
1387700 1218.7
1387710 1218.2
1387720 1218.2
1387730 1220.1
1387740 1222.2
1387750 1222.2
1387760 1223.6
1387770 1224.0
1387780 1224.2
1387790 1224.2
1387800 1224.3
1387810 1224.4
1387820 1224.4
1387830 1221.4
1387840 1215.4
1387850 1215.4
1387860 1220.0
1387870 1223.6
1387880 1223.6
1387890 1223.8
1387900 1223.9
1387910 1223.9
1387920 1224.1
1387930 1224.1
1387940 1224.1
1387950 1224.2
1387960 1224.2
1387970 1224.2
1387980 1224.1
1387990 1224.0
1388000 1223.9
1388010 1223.9
1388020 1223.8
1388030 1223.1
1388040 1223.1
1388050 1220.3
1388060 1219.4
1388070 1219.4
1388080 1219.0
1388090 1219.0
1388100 1219.0
1388110 1218.8
1388120 1218.0
1388130 1218.0
1388140 1217.1
1388150 1216.0
1388160 1216.0
1388170 1214.6
1388180 1214.4
1388190 1213.9
1388200 1213.9
1388210 1212.6
1388220 1211.0
1388230 1211.0
1388240 1209.4
1388250 1208.2
1388260 1208.2
1388270 1207.5
1388280 1207.3
1388290 1207.3
1388300 1207.0
1388310 1206.6
1388320 1206.6
1388330 1205.6
1388340 1204.4
1388350 1204.4
1388360 1203.5
1388370 1204.0
1388380 1204.0
1388390 1204.0
1388400 1202.5
1388410 1200.9
1388420 1200.9
1388430 1199.6
1388440 1199.0
1388450 1199.0
1388460 1198.2
1388470 1196.4
1388480 1196.4
1388490 1195.5
1388500 1194.7
1388510 1194.7
1388520 1192.4
1388530 1192.0
1388540 1192.0
1388550 1191.5
1388560 1189.9
1388570 1189.9
1388580 1189.1
1388590 1188.3
1388600 1187.6
1388610 1187.6
1388620 1187.4
1388630 1186.8
1388640 1186.8
1388650 1186.1
1388660 1185.5
1388670 1185.5
1388680 1184.7
1388690 1183.9
1388700 1183.9
1388710 1183.6
1388720 1183.6
1388730 1183.6
1388740 1184.4
1388750 1187.6
1388760 1187.6
1388770 1190.8
1388780 1193.0
1388790 1193.0
1388800 1194.6
1388810 1196.5
1388820 1198.5
1388830 1198.5
1388840 1199.9
1388850 1201.2
1388860 1201.2
1388870 1202.2
1388880 1203.6
1388890 1203.6
1388900 1205.1
1388910 1206.0
1388920 1206.0
1388930 1205.2
1388940 1202.3
1388950 1202.3
1388960 1198.3
1388970 1191.9
1388980 1191.9
1388990 1184.9
1389000 1182.3
1389010 1183.1
1389020 1183.1
1389030 1189.8
1389040 1198.0
1389050 1198.0
1389060 1204.6
1389070 1210.7
1389080 1210.7
1389090 1217.1
1389100 1218.4
1389110 1218.4
1389120 1216.8
1389130 1216.1
1389140 1216.1
1389150 1215.9
1389160 1216.2
1389170 1216.2
1389180 1216.5
1389190 1217.3
1389200 1217.3
1389210 1218.7
1389220 1220.5
1389230 1222.0
1389240 1222.0
1389250 1223.2
1389260 1222.7
1389270 1222.7
1389280 1218.3
1389290 1213.0
1389300 1213.0
1389310 1208.5
1389320 1206.4
1389330 1206.4
1389340 1208.7
1389350 1215.3
1389360 1215.3
1389370 1222.6
1389380 1228.2
1389390 1228.2
1389400 1225.4
1389410 1218.9
1389420 1212.8
1389430 1212.8
1389440 1207.0
1389450 1200.1
1389460 1200.1
1389470 1192.6
1389480 1184.3
1389490 1184.3
1389500 1175.5
1389510 1168.2
1389520 1168.2
1389530 1163.9
1389540 1162.3
1389550 1162.3
1389560 1161.3
1389570 1159.9
1389580 1159.9
1389590 1155.4
1389600 1151.3
1389610 1151.3
1389620 1151.0
1389630 1150.4
1389640 1151.6
1389650 1151.6
1389660 1154.1
1389670 1158.3
1389680 1158.3
1389690 1161.4
1389700 1163.9
1389710 1163.9
1389720 1168.7
1389730 1171.5
1389740 1171.5
1389750 1175.7
1389760 1181.7
1389770 1181.7
1389780 1189.7
1389790 1199.4
1389800 1199.4
1389810 1209.1
1389820 1218.1
1389830 1226.8
1389840 1226.8
1389850 1234.9
1389860 1245.0
1389870 1245.0
1389880 1254.1
1389890 1259.7
1389900 1259.7
1389910 1260.9
1389920 1262.3
1389930 1262.3
1389940 1264.5
1389950 1266.7
1389960 1266.7
1389970 1268.6
1389980 1269.0
1389990 1269.0
1390000 1267.4
1390010 1266.8
1390020 1266.8
1390030 1269.2
1390040 1275.1
1390050 1278.9
1390060 1278.9
1390070 1280.6
1390080 1281.7
1390090 1281.7
1390100 1282.7
1390110 1284.1
1390120 1284.1
1390130 1286.2
1390140 1288.4
1390150 1288.4
1390160 1289.7
1390170 1291.0
1390180 1291.0
1390190 1290.5
1390200 1288.6
1390210 1288.6
1390220 1287.3
1390230 1286.6
1390240 1286.1
1390250 1286.1
1390260 1285.7
1390270 1285.3
1390280 1285.3
1390290 1284.5
1390300 1284.1
1390310 1284.1
1390320 1283.9
1390330 1284.3
1390340 1284.3
1390350 1285.2
1390360 1285.2
1390370 1285.2
1390380 1285.1
1390390 1285.1
1390400 1285.1
1390410 1285.0
1390420 1285.0
1390430 1285.0
1390440 1285.1
1390450 1285.4
1390460 1286.4
1390470 1286.4
1390480 1288.4
1390490 1290.4
1390500 1290.4
1390510 1291.7
1390520 1292.9
1390530 1292.9
1390540 1294.6
1390550 1296.6
1390560 1296.6
1390570 1298.3
1390580 1299.5
1390590 1299.5
1390600 1301.1
1390610 1303.0
1390620 1303.0
1390630 1304.4
1390640 1305.4
1390650 1305.9
1390660 1305.9
1390670 1306.1
1390680 1306.4
1390690 1306.4
1390700 1306.6
1390710 1307.7
1390720 1307.7
1390730 1308.6
1390740 1309.4
1390750 1309.4
1390760 1310.1
1390770 1310.8
1390780 1310.8
1390790 1311.1
1390800 1311.5
1390810 1311.5
1390820 1312.2
1390830 1313.0
1390840 1313.0
1390850 1313.3
1390860 1313.3
1390870 1313.3
1390880 1313.3
1390890 1313.5
1390900 1313.7
1390910 1313.7
1390920 1314.2
1390930 1314.7
1390940 1314.7
1390950 1315.2
1390960 1315.6
1390970 1315.6
1390980 1316.2
1390990 1316.9
1391000 1316.9
1391010 1318.2
1391020 1321.0
1391030 1321.0
1391040 1323.8
1391050 1325.9
1391060 1327.3
1391070 1327.3
1391080 1328.3
1391090 1329.1
1391100 1329.1
1391110 1330.3
1391120 1331.7
1391130 1331.7
1391140 1333.1
1391150 1334.8
1391160 1334.8
1391170 1336.4
1391180 1337.6
1391190 1333.4
1391200 1334.3
1391210 1335.2
1391220 1335.2
1391230 1336.7
1391240 1338.0
1391250 1338.0
1391260 1339.2
1391270 1341.5
1391280 1344.0
1391290 1344.0
1391300 1345.4
1391310 1345.5
1391320 1345.5
1391330 1346.0
1391340 1346.6
1391350 1346.6
1391360 1346.7
1391370 1346.5
1391380 1346.5
1391390 1347.5
1391400 1349.0
1391410 1349.0
1391420 1350.6
1391430 1352.1
1391440 1352.1
1391450 1354.4
1391460 1357.2
1391470 1359.9
1391480 1359.9
1391490 1359.8
1391500 1359.7
1391510 1359.7
1391520 1360.6
1391530 1362.1
1391540 1362.1
1391550 1361.8
1391560 1357.9
1391570 1357.9
1391580 1356.8
1391590 1357.7
1391600 1357.7
1391610 1360.0
1391620 1362.5
1391630 1362.5
1391640 1363.1
1391650 1362.6
1391660 1362.6
1391670 1362.3
1391680 1361.7
1391690 1361.6
1391700 1361.6
1391710 1362.2
1391720 1362.5
1391730 1362.5
1391740 1362.5
1391750 1362.4
1391760 1362.4
1391770 1362.0
1391780 1361.3
1391790 1361.3
1391800 1360.9
1391810 1360.9
1391820 1360.9
1391830 1360.9
1391840 1361.1
1391850 1361.1
1391860 1361.6
1391870 1362.2
1391880 1362.6
1391890 1362.6
1391900 1363.0
1391910 1363.9
1391920 1363.9
1391930 1364.8
1391940 1365.5
1391950 1365.5
1391960 1366.3
1391970 1367.1
1391980 1367.1
1391990 1367.9
1392000 1368.7
1392010 1368.7
1392020 1369.6
1392030 1370.5
1392040 1370.5
1392050 1371.1
1392060 1371.9
1392070 1371.9
1392080 1373.0
1392090 1374.1
1392100 1375.4
1392110 1375.4
1392120 1377.5
1392130 1378.6
1392140 1378.6
1392150 1379.8
1392160 1381.1
1392170 1381.1
1392180 1381.4
1392190 1382.4
1392200 1382.4
1392210 1383.4
1392220 1384.0
1392230 1384.0
1392240 1384.6
1392250 1385.2
1392260 1385.2
1392270 1385.9
1392280 1386.0
1392290 1386.3
1392300 1386.3
1392310 1386.2
1392320 1386.2
1392330 1386.2
1392340 1386.4
1392350 1386.9
1392360 1386.9
1392370 1388.1
1392380 1389.4
1392390 1389.4
1392400 1390.4
1392410 1391.0
1392420 1391.0
1392430 1390.6
1392440 1388.1
1392450 1388.1
1392460 1383.6
1392470 1378.0
1392480 1378.0
1392490 1372.1
1392500 1366.1
1392510 1359.8
1392520 1359.8
1392530 1352.8
1392540 1347.4
1392550 1347.4
1392560 1337.5
1392570 1331.9
1392580 1331.9
1392590 1326.7
1392600 1321.2
1392610 1321.2
1392620 1315.4
1392630 1309.7
1392640 1309.7
1392650 1302.8
1392660 1297.4
1392670 1297.4
1392680 1292.9
1392690 1287.9
1392700 1282.4
1392710 1282.4
1392720 1277.0
1392730 1272.6
1392740 1272.6
1392750 1268.8
1392760 1263.8
1392770 1263.8
1392780 1258.2
1392790 1254.1
1392800 1254.1
1392810 1251.7
1392820 1249.5
1392830 1249.5
1392840 1246.3
1392850 1241.6
1392860 1241.6
1392870 1237.0
1392880 1233.9
1392890 1233.9
1392900 1229.9
1392910 1225.6
1392920 1221.1
1392930 1221.1
1392940 1215.0
1392950 1208.4
1392960 1208.4
1392970 1200.5
1392980 1191.1
1392990 1191.1
1393000 1181.6
1393010 1171.2
1393020 1171.2
1393030 1161.8
1393040 1153.7
1393050 1153.7
1393060 1145.7
1393070 1137.7
1393080 1137.7
1393090 1129.7
1393100 1122.6
1393110 1119.5
1393120 1119.5
1393130 1118.0
1393140 1118.2
1393150 1118.2
1393160 1119.0
1393170 1120.0
1393180 1120.0
1393190 1121.2
1393200 1121.2
1393210 1121.2
1393220 1119.8
1393230 1119.4
1393240 1119.4
1393250 1122.0
1393260 1127.3
1393270 1127.3
1393280 1133.5
1393290 1140.1
1393300 1140.1
1393310 1146.0
1393320 1150.9
1393330 1156.0
1393340 1156.0
1393350 1160.6
1393360 1164.9
1393370 1164.9
1393380 1169.2
1393390 1174.2
1393400 1174.2
1393410 1180.1
1393420 1186.9
1393430 1186.9
1393440 1194.5
1393450 1202.3
1393460 1202.3
1393470 1208.8
1393480 1212.7
1393490 1212.7
1393500 1216.3
1393510 1221.6
1393520 1227.9
1393530 1227.9
1393540 1234.3
1393550 1240.8
1393560 1240.8
1393570 1247.2
1393580 1257.0
1393590 1257.0
1393600 1269.1
1393610 1274.9
1393620 1274.9
1393630 1279.3
1393640 1282.3
1393650 1282.3
1393660 1283.7
1393670 1284.7
1393680 1284.7
1393690 1286.7
1393700 1290.6
1393710 1290.6
1393720 1295.6
1393730 1300.5
1393740 1305.8
1393750 1305.8
1393760 1311.9
1393770 1317.3
1393780 1317.3
1393790 1321.0
1393800 1324.9
1393810 1324.9
1393820 1329.8
1393830 1335.0
1393840 1335.0
1393850 1339.7
1393860 1342.6
1393870 1342.6
1393880 1342.1
1393890 1340.1
1393900 1340.1
1393910 1336.9
1393920 1335.4
1393930 1334.9
1393940 1333.4
1393950 1333.0
1393960 1332.5
1393970 1332.5
1393980 1334.4
1393990 1337.8
1394000 1337.8
1394010 1336.0
1394020 1331.4
1394030 1331.4
1394040 1327.4
1394050 1322.9
1394060 1322.9
1394070 1316.2
1394080 1308.3
1394090 1308.3
1394100 1301.5
1394110 1294.9
1394120 1294.9
1394130 1287.7
1394140 1280.7
1394150 1274.3
1394160 1274.3
1394170 1269.6
1394180 1265.8
1394190 1265.8
1394200 1260.2
1394210 1253.8
1394220 1253.8
1394230 1246.5
1394240 1238.8
1394250 1238.8
1394260 1231.0
1394270 1224.5
1394280 1224.5
1394290 1218.7
1394300 1213.1
1394310 1213.1
1394320 1207.8
1394330 1202.5
1394340 1197.2
1394350 1197.2
1394360 1191.3
1394370 1182.2
1394380 1182.2
1394390 1173.7
1394400 1165.5
1394410 1165.5
1394420 1157.5
1394430 1149.8
1394440 1149.8
1394450 1142.3
1394460 1134.6
1394470 1134.6
1394480 1126.7
1394490 1119.1
1394500 1119.1
1394510 1111.8
1394520 1105.7
1394530 1105.7
1394540 1100.0
1394550 1092.3
1394560 1083.2
1394570 1083.2
1394580 1075.9
1394590 1065.1
1394600 1065.1
1394610 1053.3
1394620 1044.5
1394630 1044.5
1394640 1037.3
1394650 1030.7
1394660 1030.7
1394670 1024.4
1394680 1017.7
1394690 1017.7
1394700 1011.2
1394710 1005.2
1394720 1005.2
1394730 999.1
1394740 993.4
1394750 988.3
1394760 988.3
1394770 983.2
1394780 978.7
1394790 978.7
1394800 973.5
1394810 968.6
1394820 968.6
1394830 963.7
1394840 959.8
1394850 959.8
1394860 956.3
1394870 951.2
1394880 951.2
1394890 945.3
1394900 940.7
1394910 940.7
1394920 938.4
1394930 936.2
1394940 936.2
1394950 936.6
1394960 939.1
1394970 941.5
1394980 941.5
1394990 940.6
1395000 939.0
1395010 939.0
1395020 939.0
1395030 939.0
1395040 939.0
1395050 939.0
1395060 938.8
1395070 938.8
1395080 938.7
1395090 938.8
1395100 938.8
1395110 938.4
1395120 938.8
1395130 938.8
1395140 938.8
1395150 939.6
1395160 940.8
1395170 940.8
1395180 941.3
1395190 941.7
1395200 941.7
1395210 942.4
1395220 943.2
1395230 943.2
1395240 944.2
1395250 945.1
1395260 945.1
1395270 945.9
1395280 946.6
1395290 946.6
1395300 947.4
1395310 948.4
1395320 948.4
1395330 949.7
1395340 950.9
1395350 951.0
1395360 951.9
1395370 952.8
1395380 953.7
1395390 953.7
1395400 954.6
1395410 955.3
1395420 955.3
1395430 956.1
1395440 957.1
1395450 957.1
1395460 958.2
1395470 959.4
1395480 959.4
1395490 960.5
1395500 961.4
1395510 961.4
1395520 962.3
1395530 962.8
1395540 962.8
1395550 963.6
1395560 965.4
1395570 967.5
1395580 967.5
1395590 967.9
1395600 968.7
1395610 968.7
1395620 969.7
1395630 970.3
1395640 970.3
1395650 971.4
1395660 972.1
1395670 972.1
1395680 972.9
1395690 974.1
1395700 974.1
1395710 975.3
1395720 975.9
1395730 975.9
1395740 977.0
1395750 979.1
1395760 979.1
1395770 979.7
1395780 979.9
1395790 980.7
1395800 980.7
1395810 981.7
1395820 983.4
1395830 983.4
1395840 984.7
1395850 985.7
1395860 985.7
1395870 986.7
1395880 987.7
1395890 987.7
1395900 988.0
1395910 989.5
1395920 989.5
1395930 990.5
1395940 990.4
1395950 990.4
1395960 991.4
1395970 992.3
1395980 992.7
1395990 992.7
1396000 993.4
1396010 994.4
1396020 994.4
1396030 995.0
1396040 994.8
1396050 994.8
1396060 995.9
1396070 996.9
1396080 996.9
1396090 996.8
1396100 997.2
1396110 997.2
1396120 997.2
1396130 997.2
1396140 997.2
1396150 997.4
1396160 997.8
1396170 997.8
1396180 998.6
1396190 999.5
1396200 1000.4
1396210 1000.4
1396220 1001.3
1396230 1002.2
1396240 1002.2
1396250 1003.4
1396260 1004.2
1396270 1004.2
1396280 1005.0
1396290 1006.1
1396300 1006.1
1396310 1007.2
1396320 1008.2
1396330 1008.2
1396340 1009.0
1396350 1009.9
1396360 1009.9
1396370 1010.6
1396380 1010.9
1396390 1010.8
1396400 1010.8
1396410 1008.8
1396420 1005.9
1396430 1005.9
1396440 1005.5
1396450 1008.4
1396460 1008.4
1396470 1012.1
1396480 1016.8
1396490 1016.8
1396500 1020.6
1396510 1021.9
1396520 1021.9
1396530 1022.6
1396540 1023.7
1396550 1023.7
1396560 1025.8
1396570 1029.8
1396580 1029.8
1396590 1034.9
1396600 1040.4
1396610 1045.5
1396620 1045.5
1396630 1048.2
1396640 1051.5
1396650 1051.5
1396660 1056.7
1396670 1061.5
1396680 1061.5
1396690 1065.3
1396700 1066.3
1396710 1066.3
1396720 1065.4
1396730 1066.2
1396740 1066.2
1396750 1064.4
1396760 1064.2
1396770 1075.3
1396780 1077.5
1396790 1079.2
1396800 1081.7
1396810 1081.7
1396820 1087.4
1396830 1089.6
1396840 1089.6
1396850 1094.8
1396860 1099.7
1396870 1099.7
1396880 1104.8
1396890 1110.4
1396900 1110.4
1396910 1117.9
1396920 1119.2
1396930 1119.2
1396940 1113.9
1396950 1109.7
1396960 1109.7
1396970 1108.9
1396980 1114.5
1396990 1114.5
1397000 1118.7
1397010 1110.8
1397020 1108.9
1397030 1108.9
1397040 1114.1
1397050 1119.3
1397060 1119.3
1397070 1122.7
1397080 1130.0
1397090 1130.0
1397100 1139.1
1397110 1139.7
1397120 1139.7
1397130 1142.1
1397140 1146.7
1397150 1146.7
1397160 1149.9
1397170 1149.5
1397180 1149.5
1397190 1153.9
1397200 1154.3
1397210 1151.5
1397220 1151.5
1397230 1149.2
1397240 1145.8
1397250 1145.8
1397260 1142.8
1397270 1146.5
1397280 1146.5
1397290 1152.0
1397300 1158.8
1397310 1158.8
1397320 1167.3
1397330 1176.4
1397340 1176.4
1397350 1177.5
1397360 1172.5
1397370 1172.5
1397380 1172.8
1397390 1169.8
1397400 1169.8
1397410 1166.6
1397420 1163.5
1397430 1162.0
1397440 1162.0
1397450 1168.3
1397460 1173.1
1397470 1173.1
1397480 1173.0
1397490 1163.4
1397500 1163.4
1397510 1153.7
1397520 1148.7
1397530 1148.7
1397540 1147.2
1397550 1151.9
1397560 1151.9
1397570 1155.2
1397580 1161.9
1397590 1161.9
1397600 1169.4
1397610 1173.1
1397620 1175.0
1397630 1175.0
1397640 1178.1
1397650 1183.4
1397660 1183.4
1397670 1189.2
1397680 1193.8
1397690 1193.8
1397700 1201.0
1397710 1209.8
1397720 1209.8
1397730 1217.5
1397740 1226.1
1397750 1226.1
1397760 1237.9
1397770 1249.1
1397780 1249.1
1397790 1260.6
1397800 1270.4
1397810 1270.4
1397820 1278.3
1397830 1284.5
1397840 1292.3
1397850 1292.3
1397860 1299.6
1397870 1306.7
1397880 1306.7
1397890 1312.6
1397900 1316.0
1397910 1316.0
1397920 1319.3
1397930 1324.2
1397940 1324.2
1397950 1327.8
1397960 1331.5
1397970 1331.5
1397980 1335.2
1397990 1338.0
1398000 1338.0
1398010 1341.0
1398020 1343.8
1398030 1346.7
1398040 1346.7
1398050 1349.6
1398060 1352.1
1398070 1352.1
1398080 1354.8
1398090 1357.5
1398100 1357.5
1398110 1360.0
1398120 1362.7
1398130 1362.7
1398140 1364.3
1398150 1366.1
1398160 1366.1
1398170 1368.3
1398180 1370.8
1398190 1370.8
1398200 1373.6
1398210 1376.6
1398220 1376.6
1398230 1384.3
1398240 1386.8
1398250 1389.5
1398260 1389.5
1398270 1392.4
1398280 1395.0
1398290 1395.0
1398300 1397.3
1398310 1399.7
1398320 1399.7
1398330 1400.9
1398340 1401.5
1398350 1401.5
1398360 1401.0
1398370 1405.3
1398380 1405.3
1398390 1408.4
1398400 1410.4
1398410 1410.4
1398420 1409.5
1398430 1405.8
1398440 1402.2
1398450 1402.2
1398460 1401.4
1398470 1401.3
1398480 1401.3
1398490 1404.2
1398500 1411.6
1398510 1411.6
1398520 1419.8
1398530 1423.9
1398540 1423.9
1398550 1421.7
1398560 1423.5
1398570 1423.5
1398580 1427.2
1398590 1429.4
1398600 1429.4
1398610 1432.2
1398620 1437.5
1398630 1437.5
1398640 1442.9
1398650 1447.0
1398660 1449.8
1398670 1449.8
1398680 1452.0
1398690 1453.4
1398700 1453.4
1398710 1454.6
1398720 1455.9
1398730 1455.9
1398740 1457.2
1398750 1458.7
1398760 1458.7
1398770 1460.3
1398780 1462.1
1398790 1462.1
1398800 1464.0
1398810 1466.0
1398820 1466.0
1398830 1468.0
1398840 1470.1
1398850 1472.3
1398860 1472.3
1398870 1474.7
1398880 1477.3
1398890 1477.3
1398900 1481.1
1398910 1486.2
1398920 1486.2
1398930 1487.4
1398940 1487.7
1398950 1487.7
1398960 1488.2
1398970 1486.2
1398980 1486.2
1398990 1482.0
1399000 1477.4
1399010 1477.4
1399020 1473.5
1399030 1468.8
1399040 1468.8
1399050 1464.4
1399060 1462.4
1399070 1460.8
1399080 1460.8
1399090 1457.9
1399100 1452.8
1399110 1452.8
1399120 1451.0
1399130 1450.0
1399140 1450.0
1399150 1448.8
1399160 1445.9
1399170 1445.9
1399180 1442.8
1399190 1442.3
1399200 1442.3
1399210 1446.6
1399220 1454.3
1399230 1454.3
1399240 1463.1
1399250 1470.3
1399260 1475.9
1399270 1475.9
1399280 1480.2
1399290 1482.2
1399300 1482.2
1399310 1486.0
1399320 1492.0
1399330 1492.0
1399340 1498.8
1399350 1505.7
1399360 1505.7
1399370 1512.0
1399380 1517.3
1399390 1517.3
1399400 1522.1
1399410 1528.7
1399420 1528.7
1399430 1536.3
1399440 1542.8
1399450 1542.8
1399460 1546.3
1399470 1550.1
1399480 1553.7
1399490 1553.7
1399500 1557.1
1399510 1559.6
1399520 1559.6
1399530 1560.0
1399540 1560.3
1399550 1560.3
1399560 1560.3
1399570 1560.0
1399580 1560.0
1399590 1559.9
1399600 1561.9
1399610 1561.9
1399620 1565.0
1399630 1568.2
1399640 1568.2
1399650 1572.1
1399660 1575.5
1399670 1577.1
1399680 1577.1
1399690 1574.2
1399700 1570.8
1399710 1579.0
1399720 1578.8
1399730 1578.1
1399740 1578.1
1399750 1580.0
1399760 1579.9
1399770 1579.9
1399780 1577.0
1399790 1577.5
1399800 1577.5
1399810 1576.1
1399820 1579.2
1399830 1579.2
1399840 1580.3
1399850 1582.1
1399860 1582.1
1399870 1586.7
1399880 1590.2
1399890 1595.5
1399900 1595.5
1399910 1600.7
1399920 1604.0
1399930 1604.0
1399940 1608.7
1399950 1616.6
1399960 1616.6
1399970 1624.5
1399980 1630.2
1399990 1630.2
1380000 1867.4
1380010 1862.7
1380020 1857.9
1380030 1857.9
1380040 1853.2
1380050 1849.0
1380060 1849.0
1380070 1844.4
1380080 1839.2
1380090 1839.2
1380100 1834.4
1380110 1829.6
1380120 1829.6
1380130 1825.0
1380140 1820.8
1380150 1820.8
1380160 1814.1
1380170 1806.6
1380180 1806.6
1380190 1802.4
1380200 1798.4
1380210 1793.8
1380220 1793.8
1380230 1788.0
1380240 1782.9
1380250 1782.9
1380260 1779.6
1380270 1776.0
1380280 1776.0
1380290 1771.9
1380300 1768.3
1380310 1768.3
1380320 1764.8
1380330 1761.6
1380340 1761.6
1380350 1758.7
1380360 1754.5
1380370 1754.5
1380380 1749.4
1380390 1744.6
1380400 1740.3
1380410 1740.3
1380420 1736.1
1380430 1731.9
1380440 1731.9
1380450 1728.2
1380460 1724.0
1380470 1724.0
1380480 1719.5
1380490 1715.6
1380500 1715.6
1380510 1711.4
1380520 1705.7
1380530 1705.7
1380540 1699.8
1380550 1694.9
1380560 1694.9
1380570 1689.9
1380580 1684.5
1380590 1684.5
1380600 1678.8
1380610 1672.8
1380620 1667.8
1380630 1667.8
1380640 1664.1
1380650 1661.1
1380660 1661.1
1380670 1657.6
1380680 1653.3
1380690 1653.3
1380700 1647.9
1380710 1642.3
1380720 1642.3
1380730 1637.0
1380740 1632.1
1380750 1632.1
1380760 1626.6
1380770 1620.6
1380780 1620.6
1380790 1612.2
1380800 1600.7
1380810 1589.9
1380820 1589.9
1380830 1579.4
1380840 1569.4
1380850 1569.4
1380860 1556.7
1380870 1543.6
1380880 1543.6
1380890 1532.9
1380900 1522.2
1380910 1519.5
1380920 1511.5
1380930 1512.0
1380940 1512.0
1380950 1516.4
1380960 1521.5
1380970 1521.5
1380980 1523.0
1380990 1524.6
1381000 1524.6
1381010 1531.4
1381020 1539.1
1381030 1545.9
1381040 1545.9
1381050 1550.5
1381060 1552.0
1381070 1552.0
1381080 1552.1
1381090 1552.0
1381100 1552.0
1381110 1552.4
1381120 1552.3
1381130 1552.3
1381140 1551.8
1381150 1551.7
1381160 1551.7
1381170 1552.4
1381180 1551.8
1381190 1551.8
1381200 1549.9
1381210 1548.6
1381220 1547.8
1381230 1547.8
1381240 1545.9
1381250 1542.7
1381260 1542.7
1381270 1539.7
1381280 1536.2
1381290 1536.2
1381300 1532.2
1381310 1528.6
1381320 1528.6
1381330 1523.5
1381340 1518.8
1381350 1518.8
1381360 1513.8
1381370 1508.6
1381380 1508.6
1381390 1503.2
1381400 1498.6
1381410 1498.6
1381420 1493.5
1381430 1486.3
1381440 1478.1
1381450 1478.1
1381460 1470.2
1381470 1464.0
1381480 1464.0
1381490 1458.3
1381500 1452.5
1381510 1452.5
1381520 1446.7
1381530 1439.4
1381540 1439.4
1381550 1431.1
1381560 1423.1
1381570 1423.1
1381580 1416.1
1381590 1410.6
1381600 1410.6
1381610 1405.8
1381620 1401.7
1381630 1398.3
1381640 1398.3
1381650 1394.8
1381660 1390.3
1381670 1390.3
1381680 1385.5
1381690 1381.2
1381700 1381.2
1381710 1377.1
1381720 1373.4
1381730 1373.4
1381740 1369.8
1381750 1366.3
1381760 1366.3
1381770 1361.5
1381780 1356.7
1381790 1356.7
1381800 1352.6
1381810 1348.0
1381820 1348.0
1381830 1342.9
1381840 1339.2
1381850 1335.2
1381860 1335.2
1381870 1330.7
1381880 1326.5
1381890 1326.5
1381900 1321.3
1381910 1315.3
1381920 1315.3
1381930 1309.8
1381940 1304.9
1381950 1304.9
1381960 1299.7
1381970 1295.3
1381980 1295.3
1381990 1291.2
1382000 1287.2
1382010 1287.2
1382020 1282.8
1382030 1277.9
1382040 1272.3
1382050 1272.3
1382060 1267.0
1382070 1262.0
1382080 1262.0
1382090 1256.7
1382100 1252.0
1382110 1252.0
1382120 1246.8
1382130 1241.9
1382140 1239.9
1382150 1237.2
1382160 1234.6
1382170 1234.6
1382180 1232.5
1382190 1231.2
1382200 1231.2
1382210 1229.6
1382220 1227.5
1382230 1227.5
1382240 1225.4
1382250 1223.8
1382260 1222.1
1382270 1222.1
1382280 1220.6
1382290 1217.9
1382300 1217.9
1382310 1215.3
1382320 1213.2
1382330 1213.2
1382340 1211.2
1382350 1208.5
1382360 1208.5
1382370 1206.0
1382380 1203.9
1382390 1203.9
1382400 1201.7
1382410 1199.4
1382420 1199.4
1382430 1187.0
1382440 1160.9
1382450 1139.9
1382460 1139.9
1382470 1125.2
1382480 1123.3
1382490 1123.3
1382500 1132.1
1382510 1158.2
1382520 1158.2
1382530 1179.9
1382540 1194.4
1382550 1194.4
1382560 1196.3
1382570 1196.3
1382580 1196.3
1382590 1196.7
1382600 1197.4
1382610 1197.4
1382620 1198.4
1382630 1199.2
1382640 1199.2
1382650 1200.0
1382660 1202.1
1382670 1205.7
1382680 1205.7
1382690 1209.3
1382700 1212.2
1382710 1212.2
1382720 1214.6
1382730 1216.5
1382740 1216.5
1382750 1217.5
1382760 1217.6
1382770 1217.6
1382780 1217.0
1382790 1216.4
1382800 1216.4
1382810 1215.7
1382820 1215.3
1382830 1215.3
1382840 1214.3
1382850 1213.3
1382860 1212.9
1382870 1212.9
1382880 1213.0
1382890 1213.0
1382900 1213.0
1382910 1213.0
1382920 1213.0
1382930 1213.0
1382940 1213.1
1382950 1213.0
1382960 1213.0
1382970 1212.7
1382980 1212.7
1382990 1212.7
1383000 1212.5
1383010 1212.5
1383020 1212.5
1383030 1212.9
1383040 1213.4
1383050 1213.4
1383060 1214.3
1383070 1213.9
1383080 1213.6
1383090 1213.6
1383100 1213.8
1383110 1214.1
1383120 1214.1
1383130 1213.4
1383140 1212.8
1383150 1212.8
1383160 1213.2
1383170 1213.8
1383180 1213.8
1383190 1214.0
1383200 1214.1
1383210 1214.1
1383220 1214.6
1383230 1215.1
1383240 1215.1
1383250 1215.5
1383260 1215.6
1383270 1215.4
1383280 1215.4
1383290 1215.6
1383300 1215.7
1383310 1215.7
1383320 1215.9
1383330 1216.2
1383340 1216.2
1383350 1216.7
1383360 1217.5
1383370 1217.5
1383380 1214.5
1383390 1215.7
1383400 1215.7
1383410 1217.4
1383420 1219.1
1383430 1219.1
1383440 1220.4
1383450 1221.5
1383460 1221.5
1383470 1222.2
1383480 1222.7
1383490 1223.0
1383500 1223.0
1383510 1223.3
1383520 1223.5
1383530 1223.5
1383540 1223.5
1383550 1223.2
1383560 1223.2
1383570 1223.0
1383580 1222.8
1383590 1222.8
1383600 1222.8
1383610 1223.3
1383620 1223.3
1383630 1224.2
1383640 1224.7
1383650 1224.7
1383660 1224.8
1383670 1224.9
1383680 1224.6
1383690 1224.6
1383700 1224.3
1383710 1224.1
1383720 1224.1
1383730 1223.9
1383740 1223.9
1383750 1223.9
1383760 1223.8
1383770 1223.7
1383780 1223.7
1383790 1223.7
1383800 1223.6
1383810 1223.6
1383820 1223.5
1383830 1223.6
1383840 1223.6
1383850 1223.5
1383860 1223.5
1383870 1223.5
1383880 1223.3
1383890 1223.3
1383900 1223.4
1383910 1223.4
1383920 1223.2
1383930 1222.3
1383940 1222.3
1383950 1221.8
1383960 1221.4
1383970 1221.4
1383980 1221.2
1383990 1220.9
1384000 1220.9
1384010 1220.6
1384020 1220.3
1384030 1220.3
1384040 1220.0
1384050 1219.7
1384060 1219.7
1384070 1219.3
1384080 1218.9
1384090 1218.3
1384100 1218.3
1384110 1217.8
1384120 1217.6
1384130 1217.6
1384140 1217.3
1384150 1217.1
1384160 1217.1
1384170 1216.8
1384180 1216.5
1384190 1216.5
1384200 1216.4
1384210 1216.3
1384220 1216.3
1384230 1216.1
1384240 1215.2
1384250 1215.2
1384260 1214.8
1384270 1214.6
1384280 1214.6
1384290 1214.4
1384300 1214.1
1384310 1213.6
1384320 1213.6
1384330 1212.4
1384340 1212.3
1384350 1212.3
1384360 1212.2
1384370 1211.6
1384380 1211.6
1384390 1211.0
1384400 1210.9
1384410 1210.9
1384420 1211.2
1384430 1212.2
1384440 1212.2
1384450 1213.2
1384460 1214.0
1384470 1214.0
1384480 1214.9
1384490 1215.5
1384500 1216.0
1384510 1216.0
1384520 1216.3
1384530 1217.0
1384540 1217.0
1384550 1217.7
1384560 1218.1
1384570 1218.1
1384580 1218.3
1384590 1218.0
1384600 1218.0
1384610 1218.1
1384620 1218.4
1384630 1218.4
1384640 1218.3
1384650 1219.4
1384660 1219.4
1384670 1221.0
1384680 1222.6
1384690 1222.6
1384700 1224.6
1384710 1225.1
1384720 1223.9
1384730 1223.9
1384740 1223.4
1384750 1222.4
1384760 1222.4
1384770 1221.2
1384780 1220.6
1384790 1220.6
1384800 1220.5
1384810 1220.7
1384820 1220.7
1384830 1220.7
1384840 1220.4
1384850 1220.4
1384860 1220.7
1384870 1221.4
1384880 1221.4
1384890 1222.3
1384900 1222.6
1384910 1222.5
1384920 1222.5
1384930 1220.7
1384940 1219.0
1384950 1219.0
1384960 1203.1
1384970 1187.7
1384980 1187.7
1384990 1190.0
1385000 1206.3
1385010 1206.3
1385020 1211.3
1385030 1210.9
1385040 1210.9
1385050 1210.9
1385060 1211.2
1385070 1211.2
1385080 1212.3
1385090 1213.7
1385100 1213.7
1385110 1214.5
1385120 1214.6
1385130 1213.5
1385140 1213.5
1385150 1212.5
1385160 1212.7
1385170 1212.7
1385180 1212.5
1385190 1212.3
1385200 1212.3
1385210 1212.7
1385220 1213.8
1385230 1213.8
1385240 1214.5
1385250 1214.3
1385260 1214.3
1385270 1214.6
1385280 1215.0
1385290 1215.0
1385300 1215.5
1385310 1216.4
1385320 1216.9
1385330 1216.9
1385340 1216.7
1385350 1216.7
1385360 1216.7
1385370 1217.0
1385380 1217.2
1385390 1217.2
1385400 1217.3
1385410 1217.6
1385420 1217.6
1385430 1218.1
1385440 1218.6
1385450 1218.6
1385460 1219.0
1385470 1219.2
1385480 1219.2
1385490 1216.6
1385500 1214.5
1385510 1214.5
1385520 1215.1
1385530 1216.3
1385540 1217.5
1385550 1217.5
1385560 1218.3
1385570 1218.3
1385580 1218.3
1385590 1218.4
1385600 1218.3
1385610 1218.3
1385620 1218.4
1385630 1218.8
1385640 1218.8
1385650 1219.6
1385660 1220.4
1385670 1220.4
1385680 1221.1
1385690 1222.0
1385700 1222.0
1385710 1222.2
1385720 1222.1
1385730 1222.2
1385740 1222.2
1385750 1222.3
1385760 1222.3
1385770 1222.3
1385780 1222.3
1385790 1222.6
1385800 1222.6
1385810 1222.5
1385820 1222.3
1385830 1222.3
1385840 1224.3
1385850 1225.5
1385860 1225.5
1385870 1225.7
1385880 1225.6
1385890 1225.6
1385900 1225.7
1385910 1226.5
1385920 1222.7
1385930 1223.9
1385940 1224.6
1385950 1225.2
1385960 1225.2
1385970 1226.1
1385980 1226.7
1385990 1226.7
1386000 1228.4
1386010 1229.4
1386020 1229.4
1386030 1229.2
1386040 1228.3
1386050 1228.3
1386060 1227.1
1386070 1226.9
1386080 1226.9
1386090 1226.9
1386100 1226.9
1386110 1226.9
1386120 1227.3
1386130 1227.9
1386140 1228.2
1386150 1228.2
1386160 1227.9
1386170 1227.4
1386180 1227.4
1386190 1227.6
1386200 1227.7
1386210 1227.7
1386220 1227.7
1386230 1227.6
1386240 1227.6
1386250 1226.8
1386260 1225.8
1386270 1225.8
1386280 1224.7
1386290 1223.0
1386300 1223.0
1386310 1220.2
1386320 1217.3
1386330 1217.3
1386340 1215.4
1386350 1213.7
1386360 1212.1
1386370 1212.1
1386380 1211.1
1386390 1210.8
1386400 1210.8
1386410 1210.2
1386420 1209.1
1386430 1209.1
1386440 1208.0
1386450 1207.0
1386460 1207.0
1386470 1205.6
1386480 1204.5
1386490 1204.5
1386500 1203.2
1386510 1202.8
1386520 1202.8
1386530 1202.3
1386540 1201.4
1386550 1200.8
1386560 1200.8
1386570 1200.0
1386580 1198.9
1386590 1198.9
1386600 1195.8
1386610 1192.3
1386620 1192.3
1386630 1193.6
1386640 1193.4
1386650 1193.4
1386660 1191.7
1386670 1190.8
1386680 1190.8
1386690 1190.4
1386700 1189.5
1386710 1189.5
1386720 1188.0
1386730 1187.3
1386740 1187.3
1386750 1187.2
1386760 1186.9
1386770 1186.1
1386780 1186.1
1386790 1185.0
1386800 1184.4
1386810 1184.4
1386820 1183.9
1386830 1183.7
1386840 1183.7
1386850 1183.7
1386860 1183.6
1386870 1183.6
1386880 1183.3
1386890 1183.0
1386900 1183.0
1386910 1183.0
1386920 1183.3
1386930 1183.3
1386940 1183.5
1386950 1184.5
1386960 1185.2
1386970 1185.2
1386980 1186.2
1386990 1186.3
1387000 1186.3
1387010 1187.5
1387020 1188.6
1387030 1188.6
1387040 1189.7
1387050 1190.1
1387060 1190.1
1387070 1190.9
1387080 1191.9
1387090 1191.9
1387100 1192.6
1387110 1192.6
1387120 1192.6
1387130 1193.6
1387140 1195.7
1387150 1195.7
1387160 1196.4
1387170 1197.3
1387180 1197.6
1387190 1197.6
1387200 1198.1
1387210 1197.4
1387220 1197.4
1387230 1198.2
1387240 1199.3
1387250 1199.3
1387260 1200.0
1387270 1200.4
1387280 1200.4
1387290 1201.0
1387300 1201.7
1387310 1201.7
1387320 1202.5
1387330 1204.5
1387340 1204.5
1387350 1205.9
1387360 1206.3
1387370 1207.2
1387380 1207.2
1387390 1207.8
1387400 1208.5
1387410 1208.5
1387420 1209.4
1387430 1210.0
1387440 1210.0
1387450 1210.3
1387460 1210.6
1387470 1210.6
1387480 1211.2
1387490 1212.2
1387500 1212.2
1387510 1213.2
1387520 1214.2
1387530 1214.2
1387540 1215.7
1387550 1217.1
1387560 1217.1
1387570 1217.6
1387580 1218.2
1387590 1218.6
1387600 1218.6
1387610 1219.3
1387620 1220.4
1387630 1220.4
1387640 1221.5
1387650 1222.4
1387660 1222.4
1387670 1222.3
1387680 1220.7
1387690 1220.7
1387700 1218.7
1387710 1218.2
1387720 1218.2
1387730 1220.1
1387740 1222.2
1387750 1222.2
1387760 1223.6
1387770 1224.0
1387780 1224.2
1387790 1224.2
1387800 1224.3
1387810 1224.4
1387820 1224.4
1387830 1221.4
1387840 1215.4
1387850 1215.4
1387860 1220.0
1387870 1223.6
1387880 1223.6
1387890 1223.8
1387900 1223.9
1387910 1223.9
1387920 1224.1
1387930 1224.1
1387940 1224.1
1387950 1224.2
1387960 1224.2
1387970 1224.2
1387980 1224.1
1387990 1224.0
1388000 1223.9
1388010 1223.9
1388020 1223.8
1388030 1223.1
1388040 1223.1
1388050 1220.3
1388060 1219.4
1388070 1219.4
1388080 1219.0
1388090 1219.0
1388100 1219.0
1388110 1218.8
1388120 1218.0
1388130 1218.0
1388140 1217.1
1388150 1216.0
1388160 1216.0
1388170 1214.6
1388180 1214.4
1388190 1213.9
1388200 1213.9
1388210 1212.6
1388220 1211.0
1388230 1211.0
1388240 1209.4
1388250 1208.2
1388260 1208.2
1388270 1207.5
1388280 1207.3
1388290 1207.3
1388300 1207.0
1388310 1206.6
1388320 1206.6
1388330 1205.6
1388340 1204.4
1388350 1204.4
1388360 1203.5
1388370 1204.0
1388380 1204.0
1388390 1204.0
1388400 1202.5
1388410 1200.9
1388420 1200.9
1388430 1199.6
1388440 1199.0
1388450 1199.0
1388460 1198.2
1388470 1196.4
1388480 1196.4
1388490 1195.5
1388500 1194.7
1388510 1194.7
1388520 1192.4
1388530 1192.0
1388540 1192.0
1388550 1191.5
1388560 1189.9
1388570 1189.9
1388580 1189.1
1388590 1188.3
1388600 1187.6
1388610 1187.6
1388620 1187.4
1388630 1186.8
1388640 1186.8
1388650 1186.1
1388660 1185.5
1388670 1185.5
1388680 1184.7
1388690 1183.9
1388700 1183.9
1388710 1183.6
1388720 1183.6
1388730 1183.6
1388740 1184.4
1388750 1187.6
1388760 1187.6
1388770 1190.8
1388780 1193.0
1388790 1193.0
1388800 1194.6
1388810 1196.5
1388820 1198.5
1388830 1198.5
1388840 1199.9
1388850 1201.2
1388860 1201.2
1388870 1202.2
1388880 1203.6
1388890 1203.6
1388900 1205.1
1388910 1206.0
1388920 1206.0
1388930 1205.2
1388940 1202.3
1388950 1202.3
1388960 1198.3
1388970 1191.9
1388980 1191.9
1388990 1184.9
1389000 1182.3
1389010 1183.1
1389020 1183.1
1389030 1189.8
1389040 1198.0
1389050 1198.0
1389060 1204.6
1389070 1210.7
1389080 1210.7
1389090 1217.1
1389100 1218.4
1389110 1218.4
1389120 1216.8
1389130 1216.1
1389140 1216.1
1389150 1215.9
1389160 1216.2
1389170 1216.2
1389180 1216.5
1389190 1217.3
1389200 1217.3
1389210 1218.7
1389220 1220.5
1389230 1222.0
1389240 1222.0
1389250 1223.2
1389260 1222.7
1389270 1222.7
1389280 1218.3
1389290 1213.0
1389300 1213.0
1389310 1208.5
1389320 1206.4
1389330 1206.4
1389340 1208.7
1389350 1215.3
1389360 1215.3
1389370 1222.6
1389380 1228.2
1389390 1228.2
1389400 1225.4
1389410 1218.9
1389420 1212.8
1389430 1212.8
1389440 1207.0
1389450 1200.1
1389460 1200.1
1389470 1192.6
1389480 1184.3
1389490 1184.3
1389500 1175.5
1389510 1168.2
1389520 1168.2
1389530 1163.9
1389540 1162.3
1389550 1162.3
1389560 1161.3
1389570 1159.9
1389580 1159.9
1389590 1155.4
1389600 1151.3
1389610 1151.3
1389620 1151.0
1389630 1150.4
1389640 1151.6
1389650 1151.6
1389660 1154.1
1389670 1158.3
1389680 1158.3
1389690 1161.4
1389700 1163.9
1389710 1163.9
1389720 1168.7
1389730 1171.5
1389740 1171.5
1389750 1175.7
1389760 1181.7
1389770 1181.7
1389780 1189.7
1389790 1199.4
1389800 1199.4
1389810 1209.1
1389820 1218.1
1389830 1226.8
1389840 1226.8
1389850 1234.9
1389860 1245.0
1389870 1245.0
1389880 1254.1
1389890 1259.7
1389900 1259.7
1389910 1260.9
1389920 1262.3
1389930 1262.3
1389940 1264.5
1389950 1266.7
1389960 1266.7
1389970 1268.6
1389980 1269.0
1389990 1269.0
1390000 1267.4
1390010 1266.8
1390020 1266.8
1390030 1269.2
1390040 1275.1
1390050 1278.9
1390060 1278.9
1390070 1280.6
1390080 1281.7
1390090 1281.7
1390100 1282.7
1390110 1284.1
1390120 1284.1
1390130 1286.2
1390140 1288.4
1390150 1288.4
1390160 1289.7
1390170 1291.0
1390180 1291.0
1390190 1290.5
1390200 1288.6
1390210 1288.6
1390220 1287.3
1390230 1286.6
1390240 1286.1
1390250 1286.1
1390260 1285.7
1390270 1285.3
1390280 1285.3
1390290 1284.5
1390300 1284.1
1390310 1284.1
1390320 1283.9
1390330 1284.3
1390340 1284.3
1390350 1285.2
1390360 1285.2
1390370 1285.2
1390380 1285.1
1390390 1285.1
1390400 1285.1
1390410 1285.0
1390420 1285.0
1390430 1285.0
1390440 1285.1
1390450 1285.4
1390460 1286.4
1390470 1286.4
1390480 1288.4
1390490 1290.4
1390500 1290.4
1390510 1291.7
1390520 1292.9
1390530 1292.9
1390540 1294.6
1390550 1296.6
1390560 1296.6
1390570 1298.3
1390580 1299.5
1390590 1299.5
1390600 1301.1
1390610 1303.0
1390620 1303.0
1390630 1304.4
1390640 1305.4
1390650 1305.9
1390660 1305.9
1390670 1306.1
1390680 1306.4
1390690 1306.4
1390700 1306.6
1390710 1307.7
1390720 1307.7
1390730 1308.6
1390740 1309.4
1390750 1309.4
1390760 1310.1
1390770 1310.8
1390780 1310.8
1390790 1311.1
1390800 1311.5
1390810 1311.5
1390820 1312.2
1390830 1313.0
1390840 1313.0
1390850 1313.3
1390860 1313.3
1390870 1313.3
1390880 1313.3
1390890 1313.5
1390900 1313.7
1390910 1313.7
1390920 1314.2
1390930 1314.7
1390940 1314.7
1390950 1315.2
1390960 1315.6
1390970 1315.6
1390980 1316.2
1390990 1316.9
1391000 1316.9
1391010 1318.2
1391020 1321.0
1391030 1321.0
1391040 1323.8
1391050 1325.9
1391060 1327.3
1391070 1327.3
1391080 1328.3
1391090 1329.1
1391100 1329.1
1391110 1330.3
1391120 1331.7
1391130 1331.7
1391140 1333.1
1391150 1334.8
1391160 1334.8
1391170 1336.4
1391180 1337.6
1391190 1333.4
1391200 1334.3
1391210 1335.2
1391220 1335.2
1391230 1336.7
1391240 1338.0
1391250 1338.0
1391260 1339.2
1391270 1341.5
1391280 1344.0
1391290 1344.0
1391300 1345.4
1391310 1345.5
1391320 1345.5
1391330 1346.0
1391340 1346.6
1391350 1346.6
1391360 1346.7
1391370 1346.5
1391380 1346.5
1391390 1347.5
1391400 1349.0
1391410 1349.0
1391420 1350.6
1391430 1352.1
1391440 1352.1
1391450 1354.4
1391460 1357.2
1391470 1359.9
1391480 1359.9
1391490 1359.8
1391500 1359.7
1391510 1359.7
1391520 1360.6
1391530 1362.1
1391540 1362.1
1391550 1361.8
1391560 1357.9
1391570 1357.9
1391580 1356.8
1391590 1357.7
1391600 1357.7
1391610 1360.0
1391620 1362.5
1391630 1362.5
1391640 1363.1
1391650 1362.6
1391660 1362.6
1391670 1362.3
1391680 1361.7
1391690 1361.6
1391700 1361.6
1391710 1362.2
1391720 1362.5
1391730 1362.5
1391740 1362.5
1391750 1362.4
1391760 1362.4
1391770 1362.0
1391780 1361.3
1391790 1361.3
1391800 1360.9
1391810 1360.9
1391820 1360.9
1391830 1360.9
1391840 1361.1
1391850 1361.1
1391860 1361.6
1391870 1362.2
1391880 1362.6
1391890 1362.6
1391900 1363.0
1391910 1363.9
1391920 1363.9
1391930 1364.8
1391940 1365.5
1391950 1365.5
1391960 1366.3
1391970 1367.1
1391980 1367.1
1391990 1367.9
1392000 1368.7
1392010 1368.7
1392020 1369.6
1392030 1370.5
1392040 1370.5
1392050 1371.1
1392060 1371.9
1392070 1371.9
1392080 1373.0
1392090 1374.1
1392100 1375.4
1392110 1375.4
1392120 1377.5
1392130 1378.6
1392140 1378.6
1392150 1379.8
1392160 1381.1
1392170 1381.1
1392180 1381.4
1392190 1382.4
1392200 1382.4
1392210 1383.4
1392220 1384.0
1392230 1384.0
1392240 1384.6
1392250 1385.2
1392260 1385.2
1392270 1385.9
1392280 1386.0
1392290 1386.3
1392300 1386.3
1392310 1386.2
1392320 1386.2
1392330 1386.2
1392340 1386.4
1392350 1386.9
1392360 1386.9
1392370 1388.1
1392380 1389.4
1392390 1389.4
1392400 1390.4
1392410 1391.0
1392420 1391.0
1392430 1390.6
1392440 1388.1
1392450 1388.1
1392460 1383.6
1392470 1378.0
1392480 1378.0
1392490 1372.1
1392500 1366.1
1392510 1359.8
1392520 1359.8
1392530 1352.8
1392540 1347.4
1392550 1347.4
1392560 1337.5
1392570 1331.9
1392580 1331.9
1392590 1326.7
1392600 1321.2
1392610 1321.2
1392620 1315.4
1392630 1309.7
1392640 1309.7
1392650 1302.8
1392660 1297.4
1392670 1297.4
1392680 1292.9
1392690 1287.9
1392700 1282.4
1392710 1282.4
1392720 1277.0
1392730 1272.6
1392740 1272.6
1392750 1268.8
1392760 1263.8
1392770 1263.8
1392780 1258.2
1392790 1254.1
1392800 1254.1
1392810 1251.7
1392820 1249.5
1392830 1249.5
1392840 1246.3
1392850 1241.6
1392860 1241.6
1392870 1237.0
1392880 1233.9
1392890 1233.9
1392900 1229.9
1392910 1225.6
1392920 1221.1
1392930 1221.1
1392940 1215.0
1392950 1208.4
1392960 1208.4
1392970 1200.5
1392980 1191.1
1392990 1191.1
1393000 1181.6
1393010 1171.2
1393020 1171.2
1393030 1161.8
1393040 1153.7
1393050 1153.7
1393060 1145.7
1393070 1137.7
1393080 1137.7
1393090 1129.7
1393100 1122.6
1393110 1119.5
1393120 1119.5
1393130 1118.0
1393140 1118.2
1393150 1118.2
1393160 1119.0
1393170 1120.0
1393180 1120.0
1393190 1121.2
1393200 1121.2
1393210 1121.2
1393220 1119.8
1393230 1119.4
1393240 1119.4
1393250 1122.0
1393260 1127.3
1393270 1127.3
1393280 1133.5
1393290 1140.1
1393300 1140.1
1393310 1146.0
1393320 1150.9
1393330 1156.0
1393340 1156.0
1393350 1160.6
1393360 1164.9
1393370 1164.9
1393380 1169.2
1393390 1174.2
1393400 1174.2
1393410 1180.1
1393420 1186.9
1393430 1186.9
1393440 1194.5
1393450 1202.3
1393460 1202.3
1393470 1208.8
1393480 1212.7
1393490 1212.7
1393500 1216.3
1393510 1221.6
1393520 1227.9
1393530 1227.9
1393540 1234.3
1393550 1240.8
1393560 1240.8
1393570 1247.2
1393580 1257.0
1393590 1257.0
1393600 1269.1
1393610 1274.9
1393620 1274.9
1393630 1279.3
1393640 1282.3
1393650 1282.3
1393660 1283.7
1393670 1284.7
1393680 1284.7
1393690 1286.7
1393700 1290.6
1393710 1290.6
1393720 1295.6
1393730 1300.5
1393740 1305.8
1393750 1305.8
1393760 1311.9
1393770 1317.3
1393780 1317.3
1393790 1321.0
1393800 1324.9
1393810 1324.9
1393820 1329.8
1393830 1335.0
1393840 1335.0
1393850 1339.7
1393860 1342.6
1393870 1342.6
1393880 1342.1
1393890 1340.1
1393900 1340.1
1393910 1336.9
1393920 1335.4
1393930 1334.9
1393940 1333.4
1393950 1333.0
1393960 1332.5
1393970 1332.5
1393980 1334.4
1393990 1337.8
1394000 1337.8
1394010 1336.0
1394020 1331.4
1394030 1331.4
1394040 1327.4
1394050 1322.9
1394060 1322.9
1394070 1316.2
1394080 1308.3
1394090 1308.3
1394100 1301.5
1394110 1294.9
1394120 1294.9
1394130 1287.7
1394140 1280.7
1394150 1274.3
1394160 1274.3
1394170 1269.6
1394180 1265.8
1394190 1265.8
1394200 1260.2
1394210 1253.8
1394220 1253.8
1394230 1246.5
1394240 1238.8
1394250 1238.8
1394260 1231.0
1394270 1224.5
1394280 1224.5
1394290 1218.7
1394300 1213.1
1394310 1213.1
1394320 1207.8
1394330 1202.5
1394340 1197.2
1394350 1197.2
1394360 1191.3
1394370 1182.2
1394380 1182.2
1394390 1173.7
1394400 1165.5
1394410 1165.5
1394420 1157.5
1394430 1149.8
1394440 1149.8
1394450 1142.3
1394460 1134.6
1394470 1134.6
1394480 1126.7
1394490 1119.1
1394500 1119.1
1394510 1111.8
1394520 1105.7
1394530 1105.7
1394540 1100.0
1394550 1092.3
1394560 1083.2
1394570 1083.2
1394580 1075.9
1394590 1065.1
1394600 1065.1
1394610 1053.3
1394620 1044.5
1394630 1044.5
1394640 1037.3
1394650 1030.7
1394660 1030.7
1394670 1024.4
1394680 1017.7
1394690 1017.7
1394700 1011.2
1394710 1005.2
1394720 1005.2
1394730 999.1
1394740 993.4
1394750 988.3
1394760 988.3
1394770 983.2
1394780 978.7
1394790 978.7
1394800 973.5
1394810 968.6
1394820 968.6
1394830 963.7
1394840 959.8
1394850 959.8
1394860 956.3
1394870 951.2
1394880 951.2
1394890 945.3
1394900 940.7
1394910 940.7
1394920 938.4
1394930 936.2
1394940 936.2
1394950 936.6
1394960 939.1
1394970 941.5
1394980 941.5
1394990 940.6
1395000 939.0
1395010 939.0
1395020 939.0
1395030 939.0
1395040 939.0
1395050 939.0
1395060 938.8
1395070 938.8
1395080 938.7
1395090 938.8
1395100 938.8
1395110 938.4
1395120 938.8
1395130 938.8
1395140 938.8
1395150 939.6
1395160 940.8
1395170 940.8
1395180 941.3
1395190 941.7
1395200 941.7
1395210 942.4
1395220 943.2
1395230 943.2
1395240 944.2
1395250 945.1
1395260 945.1
1395270 945.9
1395280 946.6
1395290 946.6
1395300 947.4
1395310 948.4
1395320 948.4
1395330 949.7
1395340 950.9
1395350 951.0
1395360 951.9
1395370 952.8
1395380 953.7
1395390 953.7
1395400 954.6
1395410 955.3
1395420 955.3
1395430 956.1
1395440 957.1
1395450 957.1
1395460 958.2
1395470 959.4
1395480 959.4
1395490 960.5
1395500 961.4
1395510 961.4
1395520 962.3
1395530 962.8
1395540 962.8
1395550 963.6
1395560 965.4
1395570 967.5
1395580 967.5
1395590 967.9
1395600 968.7
1395610 968.7
1395620 969.7
1395630 970.3
1395640 970.3
1395650 971.4
1395660 972.1
1395670 972.1
1395680 972.9
1395690 974.1
1395700 974.1
1395710 975.3
1395720 975.9
1395730 975.9
1395740 977.0
1395750 979.1
1395760 979.1
1395770 979.7
1395780 979.9
1395790 980.7
1395800 980.7
1395810 981.7
1395820 983.4
1395830 983.4
1395840 984.7
1395850 985.7
1395860 985.7
1395870 986.7
1395880 987.7
1395890 987.7
1395900 988.0
1395910 989.5
1395920 989.5
1395930 990.5
1395940 990.4
1395950 990.4
1395960 991.4
1395970 992.3
1395980 992.7
1395990 992.7
1396000 993.4
1396010 994.4
1396020 994.4
1396030 995.0
1396040 994.8
1396050 994.8
1396060 995.9
1396070 996.9
1396080 996.9
1396090 996.8
1396100 997.2
1396110 997.2
1396120 997.2
1396130 997.2
1396140 997.2
1396150 997.4
1396160 997.8
1396170 997.8
1396180 998.6
1396190 999.5
1396200 1000.4
1396210 1000.4
1396220 1001.3
1396230 1002.2
1396240 1002.2
1396250 1003.4
1396260 1004.2
1396270 1004.2
1396280 1005.0
1396290 1006.1
1396300 1006.1
1396310 1007.2
1396320 1008.2
1396330 1008.2
1396340 1009.0
1396350 1009.9
1396360 1009.9
1396370 1010.6
1396380 1010.9
1396390 1010.8
1396400 1010.8
1396410 1008.8
1396420 1005.9
1396430 1005.9
1396440 1005.5
1396450 1008.4
1396460 1008.4
1396470 1012.1
1396480 1016.8
1396490 1016.8
1396500 1020.6
1396510 1021.9
1396520 1021.9
1396530 1022.6
1396540 1023.7
1396550 1023.7
1396560 1025.8
1396570 1029.8
1396580 1029.8
1396590 1034.9
1396600 1040.4
1396610 1045.5
1396620 1045.5
1396630 1048.2
1396640 1051.5
1396650 1051.5
1396660 1056.7
1396670 1061.5
1396680 1061.5
1396690 1065.3
1396700 1066.3
1396710 1066.3
1396720 1065.4
1396730 1066.2
1396740 1066.2
1396750 1064.4
1396760 1064.2
1396770 1075.3
1396780 1077.5
1396790 1079.2
1396800 1081.7
1396810 1081.7
1396820 1087.4
1396830 1089.6
1396840 1089.6
1396850 1094.8
1396860 1099.7
1396870 1099.7
1396880 1104.8
1396890 1110.4
1396900 1110.4
1396910 1117.9
1396920 1119.2
1396930 1119.2
1396940 1113.9
1396950 1109.7
1396960 1109.7
1396970 1108.9
1396980 1114.5
1396990 1114.5
1397000 1118.7
1397010 1110.8
1397020 1108.9
1397030 1108.9
1397040 1114.1
1397050 1119.3
1397060 1119.3
1397070 1122.7
1397080 1130.0
1397090 1130.0
1397100 1139.1
1397110 1139.7
1397120 1139.7
1397130 1142.1
1397140 1146.7
1397150 1146.7
1397160 1149.9
1397170 1149.5
1397180 1149.5
1397190 1153.9
1397200 1154.3
1397210 1151.5
1397220 1151.5
1397230 1149.2
1397240 1145.8
1397250 1145.8
1397260 1142.8
1397270 1146.5
1397280 1146.5
1397290 1152.0
1397300 1158.8
1397310 1158.8
1397320 1167.3
1397330 1176.4
1397340 1176.4
1397350 1177.5
1397360 1172.5
1397370 1172.5
1397380 1172.8
1397390 1169.8
1397400 1169.8
1397410 1166.6
1397420 1163.5
1397430 1162.0
1397440 1162.0
1397450 1168.3
1397460 1173.1
1397470 1173.1
1397480 1173.0
1397490 1163.4
1397500 1163.4
1397510 1153.7
1397520 1148.7
1397530 1148.7
1397540 1147.2
1397550 1151.9
1397560 1151.9
1397570 1155.2
1397580 1161.9
1397590 1161.9
1397600 1169.4
1397610 1173.1
1397620 1175.0
1397630 1175.0
1397640 1178.1
1397650 1183.4
1397660 1183.4
1397670 1189.2
1397680 1193.8
1397690 1193.8
1397700 1201.0
1397710 1209.8
1397720 1209.8
1397730 1217.5
1397740 1226.1
1397750 1226.1
1397760 1237.9
1397770 1249.1
1397780 1249.1
1397790 1260.6
1397800 1270.4
1397810 1270.4
1397820 1278.3
1397830 1284.5
1397840 1292.3
1397850 1292.3
1397860 1299.6
1397870 1306.7
1397880 1306.7
1397890 1312.6
1397900 1316.0
1397910 1316.0
1397920 1319.3
1397930 1324.2
1397940 1324.2
1397950 1327.8
1397960 1331.5
1397970 1331.5
1397980 1335.2
1397990 1338.0
1398000 1338.0
1398010 1341.0
1398020 1343.8
1398030 1346.7
1398040 1346.7
1398050 1349.6
1398060 1352.1
1398070 1352.1
1398080 1354.8
1398090 1357.5
1398100 1357.5
1398110 1360.0
1398120 1362.7
1398130 1362.7
1398140 1364.3
1398150 1366.1
1398160 1366.1
1398170 1368.3
1398180 1370.8
1398190 1370.8
1398200 1373.6
1398210 1376.6
1398220 1376.6
1398230 1384.3
1398240 1386.8
1398250 1389.5
1398260 1389.5
1398270 1392.4
1398280 1395.0
1398290 1395.0
1398300 1397.3
1398310 1399.7
1398320 1399.7
1398330 1400.9
1398340 1401.5
1398350 1401.5
1398360 1401.0
1398370 1405.3
1398380 1405.3
1398390 1408.4
1398400 1410.4
1398410 1410.4
1398420 1409.5
1398430 1405.8
1398440 1402.2
1398450 1402.2
1398460 1401.4
1398470 1401.3
1398480 1401.3
1398490 1404.2
1398500 1411.6
1398510 1411.6
1398520 1419.8
1398530 1423.9
1398540 1423.9
1398550 1421.7
1398560 1423.5
1398570 1423.5
1398580 1427.2
1398590 1429.4
1398600 1429.4
1398610 1432.2
1398620 1437.5
1398630 1437.5
1398640 1442.9
1398650 1447.0
1398660 1449.8
1398670 1449.8
1398680 1452.0
1398690 1453.4
1398700 1453.4
1398710 1454.6
1398720 1455.9
1398730 1455.9
1398740 1457.2
1398750 1458.7
1398760 1458.7
1398770 1460.3
1398780 1462.1
1398790 1462.1
1398800 1464.0
1398810 1466.0
1398820 1466.0
1398830 1468.0
1398840 1470.1
1398850 1472.3
1398860 1472.3
1398870 1474.7
1398880 1477.3
1398890 1477.3
1398900 1481.1
1398910 1486.2
1398920 1486.2
1398930 1487.4
1398940 1487.7
1398950 1487.7
1398960 1488.2
1398970 1486.2
1398980 1486.2
1398990 1482.0
1399000 1477.4
1399010 1477.4
1399020 1473.5
1399030 1468.8
1399040 1468.8
1399050 1464.4
1399060 1462.4
1399070 1460.8
1399080 1460.8
1399090 1457.9
1399100 1452.8
1399110 1452.8
1399120 1451.0
1399130 1450.0
1399140 1450.0
1399150 1448.8
1399160 1445.9
1399170 1445.9
1399180 1442.8
1399190 1442.3
1399200 1442.3
1399210 1446.6
1399220 1454.3
1399230 1454.3
1399240 1463.1
1399250 1470.3
1399260 1475.9
1399270 1475.9
1399280 1480.2
1399290 1482.2
1399300 1482.2
1399310 1486.0
1399320 1492.0
1399330 1492.0
1399340 1498.8
1399350 1505.7
1399360 1505.7
1399370 1512.0
1399380 1517.3
1399390 1517.3
1399400 1522.1
1399410 1528.7
1399420 1528.7
1399430 1536.3
1399440 1542.8
1399450 1542.8
1399460 1546.3
1399470 1550.1
1399480 1553.7
1399490 1553.7
1399500 1557.1
1399510 1559.6
1399520 1559.6
1399530 1560.0
1399540 1560.3
1399550 1560.3
1399560 1560.3
1399570 1560.0
1399580 1560.0
1399590 1559.9
1399600 1561.9
1399610 1561.9
1399620 1565.0
1399630 1568.2
1399640 1568.2
1399650 1572.1
1399660 1575.5
1399670 1577.1
1399680 1577.1
1399690 1574.2
1399700 1570.8
1399710 1579.0
1399720 1578.8
1399730 1578.1
1399740 1578.1
1399750 1580.0
1399760 1579.9
1399770 1579.9
1399780 1577.0
1399790 1577.5
1399800 1577.5
1399810 1576.1
1399820 1579.2
1399830 1579.2
1399840 1580.3
1399850 1582.1
1399860 1582.1
1399870 1586.7
1399880 1590.2
1399890 1595.5
1399900 1595.5
1399910 1600.7
1399920 1604.0
1399930 1604.0
1399940 1608.7
1399950 1616.6
1399960 1616.6
1399970 1624.5
1399980 1630.2
1399990 1630.2
