1380000 1362.0
1380010 1362.9
1380020 1362.9
1380030 1364.4
1380040 1365.8
1380050 1367.5
1380060 1367.5
1380070 1369.2
1380080 1369.3
1380090 1369.3
1380100 1369.5
1380110 1370.3
1380120 1370.3
1380130 1370.9
1380140 1371.9
1380150 1371.9
1380160 1373.5
1380170 1375.5
1380180 1375.5
1380190 1376.0
1380200 1373.3
1380210 1373.3
1380220 1369.9
1380230 1369.3
1380240 1369.3
1380250 1371.1
1380260 1374.0
1380270 1376.1
1380280 1376.1
1380290 1377.8
1380300 1378.9
1380310 1378.9
1380320 1379.3
1380330 1379.3
1380340 1379.3
1380350 1379.8
1380360 1380.8
1380370 1380.8
1380380 1382.5
1380390 1383.8
1380400 1383.8
1380410 1382.5
1380420 1380.8
1380430 1380.8
1380440 1380.8
1380450 1382.4
1380460 1382.4
1380470 1383.0
1380480 1382.6
1380490 1382.1
1380500 1382.1
1380510 1382.2
1380520 1382.8
1380530 1382.8
1380540 1384.1
1380550 1386.0
1380560 1386.0
1380570 1387.4
1380580 1385.8
1380590 1385.8
1380600 1383.4
1380610 1384.6
1380620 1384.6
1380630 1383.5
1380640 1381.9
1380650 1381.9
1380660 1380.7
1380670 1379.6
1380680 1378.8
1380690 1378.8
1380700 1379.3
1380710 1381.1
1380720 1381.1
1380730 1384.3
1380740 1388.8
1380750 1388.8
1380760 1395.2
1380770 1401.3
1380780 1401.3
1380790 1405.8
1380800 1408.8
1380810 1408.8
1380820 1411.6
1380830 1414.1
1380840 1414.1
1380850 1416.7
1380860 1419.6
1380870 1419.6
1380880 1422.4
1380890 1424.9
1380900 1427.3
1380910 1427.3
1380920 1428.2
1380930 1426.4
1380940 1426.4
1380950 1422.4
1380960 1416.5
1380970 1416.5
1380980 1410.0
1380990 1403.2
1381000 1403.2
1381010 1400.2
1381020 1401.4
1381030 1401.4
1381040 1403.8
1381050 1404.2
1381060 1404.2
1381070 1400.8
1381080 1397.0
1381090 1397.3
1381100 1397.3
1381110 1403.7
1381120 1414.3
1381130 1414.3
1381140 1424.7
1381150 1431.1
1381160 1431.1
1381170 1436.0
1381180 1438.9
1381190 1438.9
1381200 1440.3
1381210 1435.3
1381220 1435.3
1381230 1433.2
1381240 1431.2
1381250 1431.2
1381260 1438.3
1381270 1442.8
1381280 1442.8
1381290 1445.0
1381300 1447.4
1381310 1449.9
1381320 1449.9
1381330 1452.7
1381340 1455.9
1381350 1455.9
1381360 1459.9
1381370 1462.9
1381380 1462.9
1381390 1466.4
1381400 1471.0
1381410 1471.0
1381420 1475.8
1381430 1478.8
1381440 1478.8
1381450 1478.4
1381460 1476.8
1381470 1476.8
1381480 1475.1
1381490 1473.5
1381500 1472.1
1381510 1472.1
1381520 1471.3
1381530 1470.8
1381540 1470.8
1381550 1470.8
1381560 1473.8
1381570 1473.8
1381580 1479.0
1381590 1484.1
1381600 1484.1
1381610 1485.1
1381620 1482.8
1381630 1482.8
1381640 1480.0
1381650 1478.1
1381660 1478.1
1381670 1478.1
1381680 1478.2
1381690 1478.2
1381700 1477.5
1381710 1477.2
1381720 1478.5
1381730 1478.5
1381740 1480.3
1381750 1484.0
1381760 1484.0
1381770 1486.4
1381780 1486.3
1381790 1486.3
1381800 1486.7
1381810 1488.6
1381820 1488.6
1381830 1490.6
1381840 1492.2
1381850 1492.2
1381860 1495.8
1381870 1499.8
1381880 1499.8
1381890 1503.4
1381900 1505.9
1381910 1505.9
1381920 1510.7
1381930 1516.7
1381940 1520.5
1381950 1520.5
1381960 1521.5
1381970 1522.2
1381980 1522.2
1381990 1523.8
1382000 1525.8
1382010 1525.8
1382020 1527.4
1382030 1529.8
1382040 1529.8
1382050 1532.3
1382060 1535.1
1382070 1535.1
1382080 1536.8
1382090 1538.8
1382100 1538.8
1382110 1541.1
1382120 1543.3
1382130 1546.0
1382140 1546.0
1382150 1547.7
1382160 1549.0
1382170 1549.0
1382180 1552.2
1382190 1557.5
1382200 1557.5
1382210 1563.3
1382220 1568.2
1382230 1568.2
1382240 1573.7
1382250 1580.3
1382260 1580.3
1382270 1588.4
1382280 1598.7
1382290 1598.7
1382300 1609.0
1382310 1619.3
1382320 1619.3
1382330 1631.2
1382340 1641.8
1382350 1652.2
1382360 1652.2
1382370 1661.7
1382380 1669.1
1382390 1669.1
1382400 1675.1
1382410 1680.5
1382420 1680.5
1382430 1685.6
1382440 1684.6
1382450 1684.6
1382460 1694.2
1382470 1703.0
1382480 1703.0
1382490 1710.7
1382500 1717.4
1382510 1717.4
1382520 1723.6
1382530 1730.3
1382540 1736.2
1382550 1736.2
1382560 1741.3
1382570 1746.5
1382580 1746.5
1382590 1751.9
1382600 1755.4
1382610 1755.4
1382620 1760.5
1382630 1766.2
1382640 1766.2
1382650 1770.2
1382660 1774.7
1382670 1774.7
1382680 1780.4
1382690 1785.0
1382700 1785.0
1382710 1789.0
1382720 1791.6
1382730 1791.6
1382740 1794.8
1382750 1799.6
1382760 1804.0
1382770 1804.0
1382780 1808.2
1382790 1811.9
1382800 1811.9
1382810 1815.2
1382820 1818.0
1382830 1818.0
1382840 1821.3
1382850 1825.0
1382860 1825.0
1382870 1828.4
1382880 1831.2
1382890 1831.2
1382900 1834.0
1382910 1836.2
1382920 1836.2
1382930 1838.4
1382940 1840.3
1382950 1841.5
1382960 1841.5
1382970 1841.7
1382980 1840.7
1382990 1840.7
1383000 1839.0
1383010 1837.3
1383020 1837.3
1383030 1835.2
1383040 1830.2
1383050 1830.2
1383060 1822.2
1383070 1814.8
1383080 1814.8
1383090 1808.5
1383100 1802.9
1383110 1802.9
1383120 1797.6
1383130 1792.4
1383140 1792.4
1383150 1787.4
1383160 1782.6
1383170 1778.1
1383180 1778.1
1383190 1774.1
1383200 1770.2
1383210 1770.2
1383220 1766.4
1383230 1762.5
1383240 1762.5
1383250 1758.2
1383260 1752.9
1383270 1752.9
1383280 1746.1
1383290 1739.9
1383300 1739.9
1383310 1733.7
1383320 1727.8
1383330 1727.8
1383340 1721.7
1383350 1715.5
1383360 1715.5
1383370 1709.4
1383380 1703.4
1383390 1696.9
1383400 1696.9
1383410 1689.1
1383420 1680.1
1383430 1680.1
1383440 1676.4
1383450 1676.5
1383460 1676.5
1383470 1678.0
1383480 1677.4
1383490 1677.4
1383500 1680.0
1383510 1684.1
1383520 1684.1
1383530 1686.9
1383540 1689.2
1383550 1689.2
1383560 1693.2
1383570 1697.8
1383580 1700.3
1383590 1700.3
1383600 1696.6
1383610 1690.8
1383620 1690.8
1383630 1685.8
1383640 1681.1
1383650 1681.1
1383660 1676.1
1383670 1671.4
1383680 1671.4
1383690 1664.2
1383700 1659.3
1383710 1659.3
1383720 1654.1
1383730 1650.5
1383740 1650.5
1383750 1648.1
1383760 1645.8
1383770 1645.8
1383780 1641.6
1383790 1637.3
1383800 1635.1
1383810 1635.1
1383820 1633.6
1383830 1631.9
1383840 1631.9
1383850 1629.9
1383860 1624.8
1383870 1624.8
1383880 1618.0
1383890 1614.0
1383900 1614.0
1383910 1621.7
1383920 1635.5
1383930 1635.5
1383940 1645.7
1383950 1653.5
1383960 1653.5
1383970 1660.2
1383980 1667.1
1383990 1673.1
1384000 1673.1
1384010 1678.7
1384020 1683.9
1384030 1683.9
1384040 1688.8
1384050 1693.4
1384060 1693.4
1384070 1697.6
1384080 1702.8
1384090 1702.8
1384100 1707.2
1384110 1711.7
1384120 1711.7
1384130 1716.2
1384140 1721.6
1384150 1721.6
1384160 1726.9
1384170 1732.5
1384180 1732.5
1384190 1738.5
1384200 1745.5
1384210 1753.3
1384220 1753.3
1384230 1758.3
1384240 1759.7
1384250 1759.7
1384260 1761.0
1384270 1760.7
1384280 1760.7
1384290 1759.0
1384300 1758.1
1384310 1758.1
1384320 1759.5
1384330 1763.1
1384340 1763.1
1384350 1766.6
1384360 1770.0
1384370 1770.0
1384380 1775.5
1384390 1782.1
1384400 1788.0
1384410 1788.0
1384420 1793.5
1384430 1798.4
1384440 1798.4
1384450 1802.9
1384460 1807.2
1384470 1807.2
1384480 1812.2
1384490 1818.6
1384500 1818.6
1384510 1826.2
1384520 1833.6
1384530 1833.6
1384540 1839.7
1384550 1844.3
1384560 1844.3
1384570 1847.4
1384580 1849.6
1384590 1849.6
1384600 1852.9
1384610 1857.1
1384620 1860.5
1384630 1860.5
1384640 1864.1
1384650 1866.4
1384660 1866.4
1384670 1866.6
1384680 1866.2
1384690 1866.2
1384700 1866.2
1384710 1866.1
1384720 1866.1
1384730 1866.0
1384740 1866.3
1384750 1866.3
1384760 1866.9
1384770 1867.4
1384780 1867.4
1384790 1868.0
1384800 1869.0
1384810 1869.0
1384820 1869.6
1384830 1869.5
1384840 1868.8
1384850 1868.8
1384860 1867.9
1384870 1867.0
1384880 1867.0
1384890 1865.9
1384900 1865.4
1384910 1865.4
1384920 1864.6
1384930 1861.9
1384940 1861.9
1384950 1854.1
1384960 1851.6
1384970 1851.6
1384980 1848.4
1384990 1843.8
1385000 1843.8
1385010 1839.4
1385020 1836.3
1385030 1834.7
1385040 1834.7
1385050 1834.8
1385060 1833.9
1385070 1833.9
1385080 1830.8
1385090 1826.2
1385100 1826.2
1385110 1821.3
1385120 1817.1
1385130 1817.1
1385140 1813.8
1385150 1811.3
1385160 1811.3
1385170 1810.0
1385180 1808.7
1385190 1808.7
1385200 1806.8
1385210 1804.8
1385220 1804.8
1385230 1804.3
1385240 1802.2
1385250 1794.3
1385260 1794.3
1385270 1785.6
1385280 1778.1
1385290 1778.1
1385300 1769.8
1385310 1760.6
1385320 1760.6
1385330 1752.6
1385340 1746.3
1385350 1746.3
1385360 1740.5
1385370 1734.3
1385380 1734.3
1385390 1729.1
1385400 1724.5
1385410 1724.5
1385420 1719.8
1385430 1717.2
1385440 1715.6
1385450 1715.6
1385460 1711.9
1385470 1708.0
1385480 1708.0
1385490 1703.9
1385500 1699.6
1385510 1699.6
1385520 1694.8
1385530 1689.9
1385540 1689.9
1385550 1685.2
1385560 1682.1
1385570 1682.1
1385580 1678.9
1385590 1676.8
1385600 1676.8
1385610 1675.5
1385620 1672.9
1385630 1672.9
1385640 1669.1
1385650 1665.2
1385660 1660.7
1385670 1660.7
1385680 1657.0
1385690 1655.2
1385700 1655.2
1385710 1656.1
1385720 1657.9
1385730 1657.9
1385740 1656.3
1385750 1661.6
1385760 1661.6
1385770 1671.5
1385780 1673.8
1385790 1673.8
1385800 1672.0
1385810 1670.4
1385820 1670.4
1385830 1675.2
1385840 1690.0
1385850 1690.0
1385860 1697.9
1385870 1700.6
1385880 1703.3
1385890 1703.3
1385900 1703.4
1385910 1702.0
1385920 1702.0
1385930 1700.5
1385940 1700.3
1385950 1700.3
1385960 1701.3
1385970 1705.6
1385980 1705.6
1385990 1713.3
1386000 1722.3
1386010 1722.3
1386020 1731.4
1386030 1738.2
1386040 1738.2
1386050 1737.2
1386060 1733.0
1386070 1729.2
1386080 1729.2
1386090 1724.5
1386100 1721.3
1386110 1721.3
1386120 1724.3
1386130 1717.1
1386140 1717.1
1386150 1704.3
1386160 1696.5
1386170 1696.5
1386180 1689.8
1386190 1670.9
1386200 1670.9
1386210 1659.4
1386220 1660.4
1386230 1646.5
1386240 1642.7
1386250 1635.1
1386260 1635.1
1386270 1625.7
1386280 1624.2
1386290 1629.4
1386300 1629.4
1386310 1618.9
1386320 1604.6
1386330 1604.6
1386340 1591.6
1386350 1576.6
1386360 1576.6
1386370 1557.1
1386380 1547.7
1386390 1547.7
1386400 1542.4
1386410 1541.0
1386420 1541.0
1386430 1548.1
1386440 1556.2
1386450 1556.2
1386460 1563.0
1386470 1568.7
1386480 1574.7
1386490 1574.7
1386500 1582.5
1386510 1590.9
1386520 1590.9
1386530 1598.9
1386540 1606.6
1386550 1606.6
1386560 1615.2
1386570 1625.6
1386580 1625.6
1386590 1636.1
1386600 1645.3
1386610 1645.3
1386620 1652.8
1386630 1657.6
1386640 1657.6
1386650 1661.6
1386660 1667.3
1386670 1667.3
1386680 1674.4
1386690 1681.8
1386700 1689.7
1386710 1689.7
1386720 1697.3
1386730 1704.7
1386740 1704.7
1386750 1716.2
1386760 1744.4
1386770 1744.4
1386780 1755.2
1386790 1757.6
1386800 1757.6
1386810 1766.0
1386820 1779.8
1386830 1779.8
1386840 1794.9
1386850 1814.1
1386860 1814.1
1386870 1823.4
1386880 1817.1
1386890 1817.3
1386900 1817.3
1386910 1829.1
1386920 1834.0
1386930 1834.0
1386940 1836.2
1386950 1839.5
1386960 1839.5
1386970 1842.8
1386980 1847.8
1386990 1847.8
1387000 1852.5
1387010 1858.0
1387020 1858.0
1387030 1871.1
1387040 1888.1
1387050 1888.1
1387060 1893.0
1387070 1892.7
1387080 1892.7
1387090 1893.1
1387100 1892.3
1387110 1891.8
1387120 1891.8
1387130 1889.0
1387140 1888.2
1387150 1888.2
1387160 1888.6
1387170 1890.0
1387180 1890.0
1387190 1892.0
1387200 1896.6
1387210 1896.6
1387220 1903.6
1387230 1909.5
1387240 1909.5
1387250 1912.1
1387260 1914.7
1387270 1914.7
1387280 1919.5
1387290 1922.5
1387300 1922.5
1387310 1923.0
1387320 1919.9
1387330 1911.9
1387340 1911.9
1387350 1899.4
1387360 1882.8
1387370 1882.8
1387380 1868.9
1387390 1860.2
1387400 1860.2
1387410 1853.2
1387420 1847.3
1387430 1847.3
1387440 1841.4
1387450 1836.0
1387460 1836.0
1387470 1833.5
1387480 1829.8
1387490 1829.8
1387500 1824.0
1387510 1818.8
1387520 1814.1
1387530 1807.9
1387540 1801.4
1387550 1795.7
1387560 1795.7
1387570 1791.1
1387580 1785.0
1387590 1785.0
1387600 1782.9
1387610 1783.8
1387620 1783.8
1387630 1783.8
1387640 1780.2
1387650 1780.2
1387660 1775.1
1387670 1770.9
1387680 1770.9
1387690 1765.4
1387700 1757.1
1387710 1757.1
1387720 1751.2
1387730 1748.1
1387740 1740.5
1387750 1740.5
1387760 1726.9
1387770 1714.8
1387780 1714.8
1387790 1708.5
1387800 1702.6
1387810 1702.6
1387820 1697.2
1387830 1692.3
1387840 1692.3
1387850 1688.4
1387860 1682.7
1387870 1682.7
1387880 1677.3
1387890 1671.3
1387900 1671.3
1387910 1666.3
1387920 1664.0
1387930 1664.2
1387940 1664.2
1387950 1665.6
1387960 1665.1
1387970 1665.1
1387980 1662.9
1387990 1657.1
1388000 1657.1
1388010 1650.8
1388020 1642.9
1388030 1642.9
1388040 1636.5
1388050 1632.1
1388060 1632.1
1388070 1627.7
1388080 1623.2
1388090 1623.2
1388100 1618.2
1388110 1613.6
1388120 1613.6
1388130 1610.7
1388140 1609.7
1388150 1608.5
1388160 1608.5
1388170 1606.9
1388180 1602.5
1388190 1602.5
1388200 1595.4
1388210 1589.6
1388220 1589.6
1388230 1588.5
1388240 1595.1
1388250 1595.1
1388260 1604.6
1388270 1617.0
1388280 1617.0
1388290 1632.9
1388300 1655.2
1388310 1655.2
1388320 1677.9
1388330 1689.9
1388340 1695.5
1388350 1695.5
1388360 1700.2
1388370 1704.3
1388380 1704.3
1388390 1713.8
1388400 1719.8
1388410 1719.8
1388420 1724.6
1388430 1729.2
1388440 1729.2
1388450 1735.1
1388460 1742.1
1388470 1742.1
1388480 1748.2
1388490 1751.9
1388500 1751.9
1388510 1755.5
1388520 1761.3
1388530 1761.3
1388540 1768.4
1388550 1776.1
1388560 1784.2
1388570 1784.2
1388580 1793.2
1388590 1813.8
1388600 1813.8
1388610 1829.8
1388620 1837.0
1388630 1837.0
1388640 1841.3
1388650 1847.1
1388660 1847.1
1388670 1853.5
1388680 1858.9
1388690 1858.9
1388700 1863.2
1388710 1862.7
1388720 1862.7
1388730 1856.2
1388740 1849.6
1388750 1849.6
1388760 1841.4
1388770 1835.3
1388780 1829.0
1388790 1829.0
1388800 1820.2
1388810 1813.9
1388820 1813.9
1388830 1808.7
1388840 1796.0
1388850 1796.0
1388860 1790.5
1388870 1785.3
1388880 1785.3
1388890 1780.3
1388900 1774.9
1388910 1774.9
1388920 1769.8
1388930 1762.7
1388940 1762.7
1388950 1748.1
1388960 1735.0
1388970 1726.1
1388980 1726.1
1388990 1717.3
1389000 1708.2
1389010 1708.2
1389020 1699.2
1389030 1690.8
1389040 1690.8
1389050 1685.6
1389060 1685.8
1389070 1685.8
1389080 1684.9
1389090 1684.4
1389100 1684.4
1389110 1683.7
1389120 1681.3
1389130 1681.3
1389140 1678.0
1389150 1674.9
1389160 1674.9
1389170 1672.7
1389180 1671.3
1389190 1670.3
1389200 1670.3
1389210 1670.8
1389220 1671.0
1389230 1671.0
1389240 1668.7
1389250 1663.1
1389260 1663.1
1389270 1657.7
1389280 1658.2
1389290 1658.2
1389300 1658.6
1389310 1654.6
1389320 1654.6
1389330 1645.5
1389340 1635.6
1389350 1635.6
1389360 1629.0
1389370 1623.2
1389380 1615.9
1389390 1615.9
1389400 1609.0
1389410 1601.6
1389420 1601.6
1389430 1594.9
1389440 1587.8
1389450 1587.8
1389460 1581.3
1389470 1577.7
1389480 1577.7
1389490 1575.1
1389500 1575.1
1389510 1575.1
1389520 1571.6
1389530 1562.9
1389540 1562.9
1389550 1555.3
1389560 1551.5
1389570 1551.5
1389580 1549.3
1389590 1546.6
1389600 1542.0
1389610 1542.0
1389620 1535.6
1389630 1534.0
1389640 1534.0
1389650 1529.5
1389660 1518.9
1389670 1518.9
1389680 1508.5
1389690 1501.6
1389700 1501.6
1389710 1497.7
1389720 1492.9
1389730 1492.9
1389740 1489.0
1389750 1484.1
1389760 1484.1
1389770 1486.1
1389780 1490.0
1389790 1496.7
1389800 1496.7
1389810 1502.7
1389820 1507.8
1389830 1507.8
1389840 1513.3
1389850 1519.6
1389860 1519.6
1389870 1527.5
1389880 1535.3
1389890 1535.3
1389900 1541.8
1389910 1547.5
1389920 1547.5
1389930 1552.3
1389940 1558.3
1389950 1558.3
1389960 1566.1
1389970 1577.7
1389980 1577.7
1389990 1592.0
1390000 1599.2
1390010 1603.0
1390020 1603.0
1390030 1607.3
1390040 1612.9
1390050 1612.9
1390060 1621.1
1390070 1630.7
1390080 1630.7
1390090 1634.4
1390100 1633.5
1390110 1633.5
1390120 1633.9
1390130 1636.1
1390140 1636.1
1390150 1632.0
1390160 1622.0
1390170 1618.4
1390180 1609.3
1390190 1597.8
1390200 1597.8
1390210 1588.6
1390220 1581.2
1390230 1574.2
1390240 1574.2
1390250 1568.2
1390260 1567.2
1390270 1567.2
1390280 1566.9
1390290 1565.1
1390300 1565.1
1390310 1570.1
1390320 1576.6
1390330 1576.6
1390340 1583.6
1390350 1588.1
1390360 1588.1
1390370 1591.2
1390380 1595.8
1390390 1595.8
1390400 1601.4
1390410 1607.8
1390420 1614.5
1390430 1614.5
1390440 1620.8
1390450 1626.9
1390460 1626.9
1390470 1631.9
1390480 1636.7
1390490 1636.7
1390500 1641.0
1390510 1645.7
1390520 1645.7
1390530 1650.8
1390540 1655.6
1390550 1655.6
1390560 1660.5
1390570 1665.7
1390580 1665.7
1390590 1670.6
1390600 1676.8
1390610 1676.8
1390620 1683.4
1390630 1689.3
1390640 1695.3
1390650 1695.3
1390660 1702.1
1390670 1709.2
1390680 1709.2
1390690 1716.5
1390700 1725.0
1390710 1725.0
1390720 1733.4
1390730 1741.5
1390740 1741.5
1390750 1750.1
1390760 1757.4
1390770 1757.4
1390780 1763.9
1390790 1770.7
1390800 1770.7
1390810 1777.0
1390820 1783.5
1390830 1792.3
1390840 1792.3
1390850 1806.6
1390860 1820.8
1390870 1820.8
1390880 1837.3
1390890 1858.4
1390900 1858.4
1390910 1882.7
1390920 1905.5
1390930 1905.5
1390940 1915.7
1390950 1916.4
1390960 1916.4
1390970 1915.9
1390980 1916.9
1390990 1916.9
1391000 1918.4
1391010 1919.4
1391020 1919.4
1391030 1920.3
1391040 1920.9
1391050 1921.3
1391060 1921.3
1391070 1921.0
1391080 1921.4
1391090 1921.4
1391100 1922.5
1391110 1922.7
1391120 1922.7
1391130 1921.6
1391140 1921.2
1391150 1921.2
1391160 1921.6
1391170 1921.6
1391180 1921.6
1391190 1921.3
1391200 1921.1
1391210 1921.1
1391220 1921.0
1391230 1920.5
1391240 1920.5
1391250 1919.6
1391260 1918.9
1391270 1918.3
1391280 1918.3
1391290 1917.5
1391300 1916.9
1391310 1916.9
1391320 1916.8
1391330 1916.7
1391340 1916.7
1391350 1917.1
1391360 1917.4
1391370 1917.4
1391380 1917.8
1391390 1918.0
1391400 1918.0
1391410 1917.9
1391420 1917.6
1391430 1917.6
1391440 1917.0
1391450 1916.2
1391460 1914.1
1391470 1914.1
1391480 1910.8
1391490 1908.8
1391500 1908.8
1391510 1907.6
1391520 1905.0
1391530 1905.0
1391540 1903.1
1391550 1902.1
1391560 1902.1
1391570 1901.8
1391580 1900.7
1391590 1900.7
1391600 1898.4
1391610 1894.6
1391620 1894.6
1391630 1891.6
1391640 1889.6
1391650 1889.6
1391660 1887.0
1391670 1884.4
1391680 1881.8
1391690 1881.8
1391700 1881.9
1391710 1882.1
1391720 1882.1
1391730 1881.4
1391740 1880.3
1391750 1880.3
1391760 1879.8
1391770 1879.2
1391780 1879.2
1391790 1877.6
1391800 1874.8
1391810 1874.8
1391820 1872.2
1391830 1868.6
1391840 1868.6
1391850 1862.9
1391860 1856.6
1391870 1850.1
1391880 1850.1
1391890 1843.9
1391900 1838.3
1391910 1838.3
1391920 1832.9
1391930 1826.8
1391940 1826.8
1391950 1820.7
1391960 1813.6
1391970 1813.6
1391980 1806.2
1391990 1799.6
1392000 1799.6
1392010 1793.7
1392020 1787.9
1392030 1787.9
1392040 1782.4
1392050 1776.9
1392060 1776.9
1392070 1771.2
1392080 1766.0
1392090 1760.7
1392100 1760.7
1392110 1754.6
1392120 1748.0
1392130 1748.0
1392140 1741.1
1392150 1734.1
1392160 1734.1
1392170 1726.8
1392180 1719.6
1392190 1719.6
1392200 1712.2
1392210 1704.6
1392220 1704.6
1392230 1698.0
1392240 1691.8
1392250 1691.8
1392260 1686.8
1392270 1681.7
1392280 1677.1
1392290 1677.1
1392300 1673.8
1392310 1672.6
1392320 1672.6
1392330 1672.6
1392340 1672.2
1392350 1672.2
1392360 1671.9
1392370 1672.3
1392380 1672.3
1392390 1670.5
1392400 1667.2
1392410 1667.2
1392420 1663.8
1392430 1660.4
1392440 1660.4
1392450 1657.2
1392460 1654.4
1392470 1654.4
1392480 1653.1
1392490 1650.9
1392500 1649.4
1392510 1649.4
1392520 1650.2
1392530 1651.1
1392540 1651.1
1392550 1649.5
1392560 1646.5
1392570 1646.5
1392580 1642.6
1392590 1639.1
1392600 1639.1
1392610 1636.1
1392620 1634.0
1392630 1634.0
1392640 1632.3
1392650 1630.3
1392660 1630.3
1392670 1626.4
1392680 1621.4
1392690 1621.4
1392700 1617.0
1392710 1614.2
1392720 1612.2
1392730 1612.2
1392740 1609.7
1392750 1605.8
1392760 1605.8
1392770 1604.0
1392780 1602.9
1392790 1602.9
1392800 1601.1
1392810 1600.0
1392820 1600.0
1392830 1599.5
1392840 1598.5
1392850 1598.5
1392860 1597.9
1392870 1595.9
1392880 1595.9
1392890 1594.1
1392900 1589.6
1392910 1584.0
1392920 1584.0
1392930 1577.9
1392940 1573.2
1392950 1573.2
1392960 1568.7
1392970 1563.5
1392980 1563.5
1392990 1559.1
1393000 1555.7
1393010 1555.7
1393020 1553.2
1393030 1550.4
1393040 1550.4
1393050 1547.1
1393060 1542.5
1393070 1542.5
1393080 1537.2
1393090 1530.6
1393100 1530.6
1393110 1521.8
1393120 1512.4
1393130 1503.7
1393140 1503.7
1393150 1495.8
1393160 1489.2
1393170 1489.2
1393180 1484.1
1393190 1480.2
1393200 1480.2
1393210 1475.9
1393220 1469.7
1393230 1469.7
1393240 1462.9
1393250 1457.5
1393260 1457.5
1393270 1451.8
1393280 1445.6
1393290 1445.6
1393300 1440.2
1393310 1433.4
1393320 1426.2
1393330 1426.2
1393340 1420.5
1393350 1416.5
1393360 1416.5
1393370 1412.4
1393380 1409.0
1393390 1409.0
1393400 1404.2
1393410 1399.3
1393420 1399.3
1393430 1394.7
1393440 1389.2
1393450 1389.2
1393460 1383.2
1393470 1378.1
1393480 1378.1
1393490 1373.4
1393500 1369.0
1393510 1369.0
1393520 1364.9
1393530 1361.3
1393540 1357.5
1393550 1357.5
1393560 1354.6
1393570 1351.5
1393580 1351.5
1393590 1346.3
1393600 1340.2
1393610 1340.2
1393620 1335.2
1393630 1331.6
1393640 1331.6
1393650 1329.0
1393660 1327.4
1393670 1327.4
1393680 1324.3
1393690 1318.8
1393700 1318.8
1393710 1312.6
1393720 1306.4
1393730 1300.3
1393740 1300.3
1393750 1293.5
1393760 1286.0
1393770 1286.0
1393780 1279.6
1393790 1274.0
1393800 1274.0
1393810 1269.5
1393820 1264.9
1393830 1264.9
1393840 1259.7
1393850 1254.9
1393860 1254.9
1393870 1247.7
1393880 1239.8
1393890 1239.8
1393900 1229.1
1393910 1218.3
1393920 1218.3
1393930 1208.1
1393940 1198.5
1393950 1190.2
1393960 1190.2
1393970 1181.9
1393980 1174.4
1393990 1174.4
1394000 1168.5
1394010 1162.1
1394020 1162.1
1394030 1155.2
1394040 1148.6
1394050 1148.6
1394060 1144.5
1394070 1141.4
1394080 1141.4
1394090 1138.5
1394100 1132.9
1394110 1132.9
1394120 1125.5
1394130 1118.3
1394140 1118.3
1394150 1112.1
1394160 1104.8
1394170 1095.6
1394180 1095.6
1394190 1083.1
1394200 1072.6
1394210 1072.6
1394220 1064.0
1394230 1056.9
1394240 1056.9
1394250 1051.3
1394260 1045.7
1394270 1045.7
1394280 1038.2
1394290 1032.3
1394300 1032.3
1394310 1026.6
1394320 1021.1
1394330 1021.1
1394340 1016.4
1394350 1012.6
1394360 1009.5
1394370 1009.5
1394380 1006.7
1394390 1004.9
1394400 1004.9
1394410 1003.5
1394420 1001.7
1394430 1001.7
1394440 999.8
1394450 997.6
1394460 997.6
1394470 995.2
1394480 993.5
1394490 993.5
1394500 992.2
1394510 990.7
1394520 990.7
1394530 988.7
1394540 987.0
1394550 987.0
1394560 985.4
1394570 984.8
1394580 985.0
1394590 985.0
1394600 984.8
1394610 982.9
1394620 982.9
1394630 981.6
1394640 980.8
1394650 980.8
1394660 980.1
1394670 979.4
1394680 979.4
1394690 978.9
1394700 978.1
1394710 978.1
1394720 976.9
1394730 975.6
1394740 975.6
1394750 974.9
1394760 974.5
1394770 974.3
1394780 974.3
1394790 974.4
1394800 974.6
1394810 974.6
1394820 975.1
1394830 975.7
1394840 975.7
1394850 974.6
1394860 961.6
1394870 961.6
1394880 945.5
1394890 943.4
1394900 943.4
1394910 942.4
1394920 942.6
1394930 942.6
1394940 941.7
1394950 941.3
1394960 941.3
1394970 941.8
1394980 944.2
1394990 944.8
1395000 944.8
1395010 950.9
1395020 959.8
1395030 959.8
1395040 961.0
1395050 960.8
1395060 960.8
1395070 969.9
1395080 978.3
1395090 978.3
1395100 982.1
1395110 984.7
1395120 984.7
1395130 987.0
1395140 989.0
1395150 989.0
1395160 990.7
1395170 992.4
1395180 994.6
1395190 994.6
1395200 997.7
1395210 1001.0
1395220 1001.0
1395230 1003.5
1395240 1006.5
1395250 1006.5
1395260 1009.9
1395270 1014.6
1395280 1014.6
1395290 1019.9
1395300 1024.1
1395310 1024.1
1395320 1028.1
1395330 1032.2
1395340 1032.2
1395350 1037.2
1395360 1040.9
1395370 1040.9
1395380 1045.3
1395390 1047.9
1395400 1051.1
1395410 1051.1
1395420 1054.4
1395430 1058.3
1395440 1058.3
1395450 1062.6
1395460 1068.2
1395470 1068.2
1395480 1073.8
1395490 1079.7
1395500 1079.7
1395510 1085.6
1395520 1091.6
1395530 1091.6
1395540 1096.8
1395550 1098.2
1395560 1098.2
1395570 1102.2
1395580 1110.1
1395590 1110.1
1395600 1116.3
1395610 1121.6
1395620 1123.1
1395630 1123.1
1395640 1127.1
1395650 1138.2
1395660 1138.2
1395670 1143.7
1395680 1149.2
1395690 1143.8
1395700 1148.0
1395710 1152.7
1395720 1152.7
1395730 1159.4
1395740 1167.4
1395750 1167.4
1395760 1175.6
1395770 1184.0
1395780 1184.0
1395790 1192.0
1395800 1200.0
1395810 1207.9
1395820 1207.9
1395830 1214.5
1395840 1218.9
1395850 1218.9
1395860 1221.1
1395870 1223.7
1395880 1223.7
1395890 1227.3
1395900 1231.6
1395910 1231.6
1395920 1235.2
1395930 1238.8
1395940 1238.8
1395950 1243.9
1395960 1248.3
1395970 1248.3
1395980 1251.6
1395990 1257.4
1396000 1257.4
1396010 1263.2
1396020 1269.2
1396030 1275.8
1396040 1275.8
1396050 1282.3
1396060 1288.9
1396070 1288.9
1396080 1296.3
1396090 1304.1
1396100 1304.1
1396110 1310.9
1396120 1317.1
1396130 1317.1
1396140 1323.0
1396150 1327.6
1396160 1327.6
1396170 1333.8
1396180 1341.4
1396190 1341.4
1396200 1349.7
1396210 1358.4
1396220 1366.5
1396230 1366.5
1396240 1374.2
1396250 1382.7
1396260 1382.7
1396270 1390.8
1396280 1398.5
1396290 1398.5
1396300 1406.2
1396310 1413.1
1396320 1413.1
1396330 1419.8
1396340 1427.3
1396350 1427.3
1396360 1433.6
1396370 1438.5
1396380 1438.5
1396390 1443.0
1396400 1447.6
1396410 1447.6
1396420 1452.2
1396430 1456.8
1396440 1462.2
1396450 1462.2
1396460 1469.0
1396470 1476.5
1396480 1476.5
1396490 1484.9
1396500 1493.0
1396510 1493.0
1396520 1500.7
1396530 1508.2
1396540 1508.2
1396550 1514.9
1396560 1519.2
1396570 1519.2
1396580 1521.9
1396590 1523.8
1396600 1523.8
1396610 1526.1
1396620 1528.8
1396630 1533.0
1396640 1533.0
1396650 1539.7
1396660 1547.1
1396670 1547.1
1396680 1555.0
1396690 1562.6
1396700 1562.6
1396710 1570.6
1396720 1578.7
1396730 1578.7
1396740 1586.9
1396750 1595.2
1396760 1595.2
1396770 1603.8
1396780 1612.3
1396790 1612.3
1396800 1621.1
1396810 1629.2
1396820 1629.2
1396830 1636.2
1396840 1643.2
1396850 1651.1
1396860 1651.1
1396870 1659.4
1396880 1667.7
1396890 1667.7
1396900 1672.0
1396910 1672.7
1396920 1672.7
1396930 1675.7
1396940 1681.0
1396950 1681.0
1396960 1686.0
1396970 1689.3
1396980 1689.3
1396990 1692.7
1397000 1697.0
1397010 1697.0
1397020 1702.8
1397030 1709.3
1397040 1709.3
1397050 1716.2
1397060 1723.2
1397070 1730.7
1397080 1730.7
1397090 1738.0
1397100 1744.3
1397110 1744.3
1397120 1750.6
1397130 1752.6
1397140 1752.6
1397150 1759.5
1397160 1766.1
1397170 1766.1
1397180 1772.2
1397190 1775.1
1397200 1775.1
1397210 1773.1
1397220 1773.6
1397230 1773.6
1397240 1775.4
1397250 1775.5
1397260 1775.5
1397270 1775.5
1397280 1775.5
1397290 1775.2
1397300 1775.2
1397310 1775.9
1397320 1777.2
1397330 1777.2
1397340 1778.1
1397350 1778.4
1397360 1778.4
1397370 1779.2
1397380 1780.5
1397390 1780.5
1397400 1782.3
1397410 1784.6
1397420 1784.6
1397430 1786.4
1397440 1786.9
1397450 1786.9
1397460 1787.4
1397470 1787.9
1397480 1788.2
1397490 1788.2
1397500 1788.0
1397510 1787.3
1397520 1787.3
1397530 1786.3
1397540 1785.3
1397550 1785.3
1397560 1784.5
1397570 1783.4
1397580 1783.4
1397590 1780.0
1397600 1774.9
1397610 1774.9
1397620 1770.0
1397630 1766.1
1397640 1766.1
1397650 1762.9
1397660 1759.1
1397670 1753.6
1397680 1753.6
1397690 1746.2
1397700 1739.3
1397710 1739.3
1397720 1733.2
1397730 1727.4
1397740 1727.4
1397750 1720.8
1397760 1714.2
1397770 1714.2
1397780 1707.7
1397790 1702.9
1397800 1702.9
1397810 1699.1
1397820 1695.9
1397830 1695.9
1397840 1694.8
1397850 1691.9
1397860 1691.9
1397870 1689.0
1397880 1688.6
1397890 1691.8
1397900 1691.8
1397910 1695.8
1397920 1698.7
1397930 1698.7
1397940 1699.9
1397950 1699.6
1397960 1699.6
1397970 1699.0
1397980 1697.7
1397990 1697.7
1398000 1695.5
1398010 1692.5
1398020 1692.5
1398030 1688.5
1398040 1683.0
1398050 1683.0
1398060 1677.7
1398070 1675.5
1398080 1675.3
1398090 1675.3
1398100 1674.7
1398110 1675.1
1398120 1675.1
1398130 1677.9
1398140 1681.0
1398150 1681.0
1398160 1681.9
1398170 1682.5
1398180 1682.5
1398190 1682.7
1398200 1685.4
1398210 1685.4
1398220 1692.1
1398230 1700.7
1398240 1700.7
1398250 1710.1
1398260 1716.1
1398270 1716.1
1398280 1720.6
1398290 1725.8
1398300 1731.3
1398310 1731.3
1398320 1735.5
1398330 1739.8
1398340 1739.8
1398350 1743.0
1398360 1744.3
1398370 1744.3
1398380 1747.2
1398390 1751.8
1398400 1751.8
1398410 1754.9
1398420 1758.5
1398430 1758.5
1398440 1762.2
1398450 1764.1
1398460 1764.1
1398470 1766.6
1398480 1770.3
1398490 1770.3
1398500 1772.9
1398510 1773.8
1398520 1773.2
1398530 1773.2
1398540 1774.0
1398550 1776.0
1398560 1776.0
1398570 1777.5
1398580 1777.4
1398590 1770.1
1398600 1771.9
1398610 1777.0
1398620 1777.0
1398630 1783.3
1398640 1790.0
1398650 1790.0
1398660 1796.6
1398670 1803.1
1398680 1803.1
1398690 1809.4
1398700 1816.1
1398710 1823.3
1398720 1823.3
1398730 1828.8
1398740 1828.8
1398750 1828.8
1398760 1828.3
1398770 1829.6
1398780 1829.6
1398790 1832.6
1398800 1837.0
1398810 1837.0
1398820 1841.3
1398830 1844.4
1398840 1844.4
1398850 1846.4
1398860 1847.5
1398870 1847.5
1398880 1847.6
1398890 1846.4
1398900 1846.4
1398910 1843.9
1398920 1841.7
1398930 1839.1
1398940 1839.1
1398950 1836.5
1398960 1833.8
1398970 1833.8
1398980 1832.8
1398990 1831.3
1399000 1831.3
1399010 1829.8
1399020 1829.4
1399030 1829.4
1399040 1829.2
1399050 1824.0
1399060 1824.0
1399070 1816.2
1399080 1808.9
1399090 1808.9
1399100 1800.9
1399110 1793.4
1399120 1786.7
1399130 1786.7
1399140 1780.3
1399150 1775.6
1399160 1775.6
1399170 1768.2
1399180 1756.5
1399190 1756.5
1399200 1747.8
1399210 1738.8
1399220 1738.8
1399230 1729.1
1399240 1721.0
1399250 1721.0
1399260 1713.5
1399270 1705.7
1399280 1705.7
1399290 1698.3
1399300 1691.1
1399310 1691.1
1399320 1684.2
1399330 1678.2
1399340 1672.2
1399350 1672.2
1399360 1665.9
1399370 1658.6
1399380 1658.6
1399390 1651.4
1399400 1644.5
1399410 1644.5
1399420 1638.1
1399430 1632.4
1399440 1632.4
1399450 1627.0
1399460 1622.8
1399470 1622.8
1399480 1619.4
1399490 1615.9
1399500 1615.9
1399510 1613.2
1399520 1609.2
1399530 1603.4
1399540 1603.4
1399550 1599.8
1399560 1592.4
1399570 1592.4
1399580 1583.5
1399590 1576.1
1399600 1576.1
1399610 1569.9
1399620 1566.1
1399630 1566.1
1399640 1562.7
1399650 1557.4
1399660 1557.4
1399670 1548.2
1399680 1537.6
1399690 1537.6
1399700 1526.5
1399710 1515.8
1399720 1515.8
1399730 1511.3
1399740 1506.1
1399750 1503.4
1399760 1503.4
1399770 1505.4
1399780 1510.0
1399790 1510.0
1399800 1512.2
1399810 1517.6
1399820 1517.6
1399830 1527.2
1399840 1537.7
1399850 1537.7
1399860 1549.0
1399870 1560.2
1399880 1560.2
1399890 1571.6
1399900 1582.4
1399910 1582.4
1399920 1592.6
1399930 1605.0
1399940 1605.0
1399950 1618.2
1399960 1630.5
1399970 1640.3
1399980 1640.3
1399990 1644.5
1380000 1362.0
1380010 1362.9
1380020 1362.9
1380030 1364.4
1380040 1365.8
1380050 1367.5
1380060 1367.5
1380070 1369.2
1380080 1369.3
1380090 1369.3
1380100 1369.5
1380110 1370.3
1380120 1370.3
1380130 1370.9
1380140 1371.9
1380150 1371.9
1380160 1373.5
1380170 1375.5
1380180 1375.5
1380190 1376.0
1380200 1373.3
1380210 1373.3
1380220 1369.9
1380230 1369.3
1380240 1369.3
1380250 1371.1
1380260 1374.0
1380270 1376.1
1380280 1376.1
1380290 1377.8
1380300 1378.9
1380310 1378.9
1380320 1379.3
1380330 1379.3
1380340 1379.3
1380350 1379.8
1380360 1380.8
1380370 1380.8
1380380 1382.5
1380390 1383.8
1380400 1383.8
1380410 1382.5
1380420 1380.8
1380430 1380.8
1380440 1380.8
1380450 1382.4
1380460 1382.4
1380470 1383.0
1380480 1382.6
1380490 1382.1
1380500 1382.1
1380510 1382.2
1380520 1382.8
1380530 1382.8
1380540 1384.1
1380550 1386.0
1380560 1386.0
1380570 1387.4
1380580 1385.8
1380590 1385.8
1380600 1383.4
1380610 1384.6
1380620 1384.6
1380630 1383.5
1380640 1381.9
1380650 1381.9
1380660 1380.7
1380670 1379.6
1380680 1378.8
1380690 1378.8
1380700 1379.3
1380710 1381.1
1380720 1381.1
1380730 1384.3
1380740 1388.8
1380750 1388.8
1380760 1395.2
1380770 1401.3
1380780 1401.3
1380790 1405.8
1380800 1408.8
1380810 1408.8
1380820 1411.6
1380830 1414.1
1380840 1414.1
1380850 1416.7
1380860 1419.6
1380870 1419.6
1380880 1422.4
1380890 1424.9
1380900 1427.3
1380910 1427.3
1380920 1428.2
1380930 1426.4
1380940 1426.4
1380950 1422.4
1380960 1416.5
1380970 1416.5
1380980 1410.0
1380990 1403.2
1381000 1403.2
1381010 1400.2
1381020 1401.4
1381030 1401.4
1381040 1403.8
1381050 1404.2
1381060 1404.2
1381070 1400.8
1381080 1397.0
1381090 1397.3
1381100 1397.3
1381110 1403.7
1381120 1414.3
1381130 1414.3
1381140 1424.7
1381150 1431.1
1381160 1431.1
1381170 1436.0
1381180 1438.9
1381190 1438.9
1381200 1440.3
1381210 1435.3
1381220 1435.3
1381230 1433.2
1381240 1431.2
1381250 1431.2
1381260 1438.3
1381270 1442.8
1381280 1442.8
1381290 1445.0
1381300 1447.4
1381310 1449.9
1381320 1449.9
1381330 1452.7
1381340 1455.9
1381350 1455.9
1381360 1459.9
1381370 1462.9
1381380 1462.9
1381390 1466.4
1381400 1471.0
1381410 1471.0
1381420 1475.8
1381430 1478.8
1381440 1478.8
1381450 1478.4
1381460 1476.8
1381470 1476.8
1381480 1475.1
1381490 1473.5
1381500 1472.1
1381510 1472.1
1381520 1471.3
1381530 1470.8
1381540 1470.8
1381550 1470.8
1381560 1473.8
1381570 1473.8
1381580 1479.0
1381590 1484.1
1381600 1484.1
1381610 1485.1
1381620 1482.8
1381630 1482.8
1381640 1480.0
1381650 1478.1
1381660 1478.1
1381670 1478.1
1381680 1478.2
1381690 1478.2
1381700 1477.5
1381710 1477.2
1381720 1478.5
1381730 1478.5
1381740 1480.3
1381750 1484.0
1381760 1484.0
1381770 1486.4
1381780 1486.3
1381790 1486.3
1381800 1486.7
1381810 1488.6
1381820 1488.6
1381830 1490.6
1381840 1492.2
1381850 1492.2
1381860 1495.8
1381870 1499.8
1381880 1499.8
1381890 1503.4
1381900 1505.9
1381910 1505.9
1381920 1510.7
1381930 1516.7
1381940 1520.5
1381950 1520.5
1381960 1521.5
1381970 1522.2
1381980 1522.2
1381990 1523.8
1382000 1525.8
1382010 1525.8
1382020 1527.4
1382030 1529.8
1382040 1529.8
1382050 1532.3
1382060 1535.1
1382070 1535.1
1382080 1536.8
1382090 1538.8
1382100 1538.8
1382110 1541.1
1382120 1543.3
1382130 1546.0
1382140 1546.0
1382150 1547.7
1382160 1549.0
1382170 1549.0
1382180 1552.2
1382190 1557.5
1382200 1557.5
1382210 1563.3
1382220 1568.2
1382230 1568.2
1382240 1573.7
1382250 1580.3
1382260 1580.3
1382270 1588.4
1382280 1598.7
1382290 1598.7
1382300 1609.0
1382310 1619.3
1382320 1619.3
1382330 1631.2
1382340 1641.8
1382350 1652.2
1382360 1652.2
1382370 1661.7
1382380 1669.1
1382390 1669.1
1382400 1675.1
1382410 1680.5
1382420 1680.5
1382430 1685.6
1382440 1684.6
1382450 1684.6
1382460 1694.2
1382470 1703.0
1382480 1703.0
1382490 1710.7
1382500 1717.4
1382510 1717.4
1382520 1723.6
1382530 1730.3
1382540 1736.2
1382550 1736.2
1382560 1741.3
1382570 1746.5
1382580 1746.5
1382590 1751.9
1382600 1755.4
1382610 1755.4
1382620 1760.5
1382630 1766.2
1382640 1766.2
1382650 1770.2
1382660 1774.7
1382670 1774.7
1382680 1780.4
1382690 1785.0
1382700 1785.0
1382710 1789.0
1382720 1791.6
1382730 1791.6
1382740 1794.8
1382750 1799.6
1382760 1804.0
1382770 1804.0
1382780 1808.2
1382790 1811.9
1382800 1811.9
1382810 1815.2
1382820 1818.0
1382830 1818.0
1382840 1821.3
1382850 1825.0
1382860 1825.0
1382870 1828.4
1382880 1831.2
1382890 1831.2
1382900 1834.0
1382910 1836.2
1382920 1836.2
1382930 1838.4
1382940 1840.3
1382950 1841.5
1382960 1841.5
1382970 1841.7
1382980 1840.7
1382990 1840.7
1383000 1839.0
1383010 1837.3
1383020 1837.3
1383030 1835.2
1383040 1830.2
1383050 1830.2
1383060 1822.2
1383070 1814.8
1383080 1814.8
1383090 1808.5
1383100 1802.9
1383110 1802.9
1383120 1797.6
1383130 1792.4
1383140 1792.4
1383150 1787.4
1383160 1782.6
1383170 1778.1
1383180 1778.1
1383190 1774.1
1383200 1770.2
1383210 1770.2
1383220 1766.4
1383230 1762.5
1383240 1762.5
1383250 1758.2
1383260 1752.9
1383270 1752.9
1383280 1746.1
1383290 1739.9
1383300 1739.9
1383310 1733.7
1383320 1727.8
1383330 1727.8
1383340 1721.7
1383350 1715.5
1383360 1715.5
1383370 1709.4
1383380 1703.4
1383390 1696.9
1383400 1696.9
1383410 1689.1
1383420 1680.1
1383430 1680.1
1383440 1676.4
1383450 1676.5
1383460 1676.5
1383470 1678.0
1383480 1677.4
1383490 1677.4
1383500 1680.0
1383510 1684.1
1383520 1684.1
1383530 1686.9
1383540 1689.2
1383550 1689.2
1383560 1693.2
1383570 1697.8
1383580 1700.3
1383590 1700.3
1383600 1696.6
1383610 1690.8
1383620 1690.8
1383630 1685.8
1383640 1681.1
1383650 1681.1
1383660 1676.1
1383670 1671.4
1383680 1671.4
1383690 1664.2
1383700 1659.3
1383710 1659.3
1383720 1654.1
1383730 1650.5
1383740 1650.5
1383750 1648.1
1383760 1645.8
1383770 1645.8
1383780 1641.6
1383790 1637.3
1383800 1635.1
1383810 1635.1
1383820 1633.6
1383830 1631.9
1383840 1631.9
1383850 1629.9
1383860 1624.8
1383870 1624.8
1383880 1618.0
1383890 1614.0
1383900 1614.0
1383910 1621.7
1383920 1635.5
1383930 1635.5
1383940 1645.7
1383950 1653.5
1383960 1653.5
1383970 1660.2
1383980 1667.1
1383990 1673.1
1384000 1673.1
1384010 1678.7
1384020 1683.9
1384030 1683.9
1384040 1688.8
1384050 1693.4
1384060 1693.4
1384070 1697.6
1384080 1702.8
1384090 1702.8
1384100 1707.2
1384110 1711.7
1384120 1711.7
1384130 1716.2
1384140 1721.6
1384150 1721.6
1384160 1726.9
1384170 1732.5
1384180 1732.5
1384190 1738.5
1384200 1745.5
1384210 1753.3
1384220 1753.3
1384230 1758.3
1384240 1759.7
1384250 1759.7
1384260 1761.0
1384270 1760.7
1384280 1760.7
1384290 1759.0
1384300 1758.1
1384310 1758.1
1384320 1759.5
1384330 1763.1
1384340 1763.1
1384350 1766.6
1384360 1770.0
1384370 1770.0
1384380 1775.5
1384390 1782.1
1384400 1788.0
1384410 1788.0
1384420 1793.5
1384430 1798.4
1384440 1798.4
1384450 1802.9
1384460 1807.2
1384470 1807.2
1384480 1812.2
1384490 1818.6
1384500 1818.6
1384510 1826.2
1384520 1833.6
1384530 1833.6
1384540 1839.7
1384550 1844.3
1384560 1844.3
1384570 1847.4
1384580 1849.6
1384590 1849.6
1384600 1852.9
1384610 1857.1
1384620 1860.5
1384630 1860.5
1384640 1864.1
1384650 1866.4
1384660 1866.4
1384670 1866.6
1384680 1866.2
1384690 1866.2
1384700 1866.2
1384710 1866.1
1384720 1866.1
1384730 1866.0
1384740 1866.3
1384750 1866.3
1384760 1866.9
1384770 1867.4
1384780 1867.4
1384790 1868.0
1384800 1869.0
1384810 1869.0
1384820 1869.6
1384830 1869.5
1384840 1868.8
1384850 1868.8
1384860 1867.9
1384870 1867.0
1384880 1867.0
1384890 1865.9
1384900 1865.4
1384910 1865.4
1384920 1864.6
1384930 1861.9
1384940 1861.9
1384950 1854.1
1384960 1851.6
1384970 1851.6
1384980 1848.4
1384990 1843.8
1385000 1843.8
1385010 1839.4
1385020 1836.3
1385030 1834.7
1385040 1834.7
1385050 1834.8
1385060 1833.9
1385070 1833.9
1385080 1830.8
1385090 1826.2
1385100 1826.2
1385110 1821.3
1385120 1817.1
1385130 1817.1
1385140 1813.8
1385150 1811.3
1385160 1811.3
1385170 1810.0
1385180 1808.7
1385190 1808.7
1385200 1806.8
1385210 1804.8
1385220 1804.8
1385230 1804.3
1385240 1802.2
1385250 1794.3
1385260 1794.3
1385270 1785.6
1385280 1778.1
1385290 1778.1
1385300 1769.8
1385310 1760.6
1385320 1760.6
1385330 1752.6
1385340 1746.3
1385350 1746.3
1385360 1740.5
1385370 1734.3
1385380 1734.3
1385390 1729.1
1385400 1724.5
1385410 1724.5
1385420 1719.8
1385430 1717.2
1385440 1715.6
1385450 1715.6
1385460 1711.9
1385470 1708.0
1385480 1708.0
1385490 1703.9
1385500 1699.6
1385510 1699.6
1385520 1694.8
1385530 1689.9
1385540 1689.9
1385550 1685.2
1385560 1682.1
1385570 1682.1
1385580 1678.9
1385590 1676.8
1385600 1676.8
1385610 1675.5
1385620 1672.9
1385630 1672.9
1385640 1669.1
1385650 1665.2
1385660 1660.7
1385670 1660.7
1385680 1657.0
1385690 1655.2
1385700 1655.2
1385710 1656.1
1385720 1657.9
1385730 1657.9
1385740 1656.3
1385750 1661.6
1385760 1661.6
1385770 1671.5
1385780 1673.8
1385790 1673.8
1385800 1672.0
1385810 1670.4
1385820 1670.4
1385830 1675.2
1385840 1690.0
1385850 1690.0
1385860 1697.9
1385870 1700.6
1385880 1703.3
1385890 1703.3
1385900 1703.4
1385910 1702.0
1385920 1702.0
1385930 1700.5
1385940 1700.3
1385950 1700.3
1385960 1701.3
1385970 1705.6
1385980 1705.6
1385990 1713.3
1386000 1722.3
1386010 1722.3
1386020 1731.4
1386030 1738.2
1386040 1738.2
1386050 1737.2
1386060 1733.0
1386070 1729.2
1386080 1729.2
1386090 1724.5
1386100 1721.3
1386110 1721.3
1386120 1724.3
1386130 1717.1
1386140 1717.1
1386150 1704.3
1386160 1696.5
1386170 1696.5
1386180 1689.8
1386190 1670.9
1386200 1670.9
1386210 1659.4
1386220 1660.4
1386230 1646.5
1386240 1642.7
1386250 1635.1
1386260 1635.1
1386270 1625.7
1386280 1624.2
1386290 1629.4
1386300 1629.4
1386310 1618.9
1386320 1604.6
1386330 1604.6
1386340 1591.6
1386350 1576.6
1386360 1576.6
1386370 1557.1
1386380 1547.7
1386390 1547.7
1386400 1542.4
1386410 1541.0
1386420 1541.0
1386430 1548.1
1386440 1556.2
1386450 1556.2
1386460 1563.0
1386470 1568.7
1386480 1574.7
1386490 1574.7
1386500 1582.5
1386510 1590.9
1386520 1590.9
1386530 1598.9
1386540 1606.6
1386550 1606.6
1386560 1615.2
1386570 1625.6
1386580 1625.6
1386590 1636.1
1386600 1645.3
1386610 1645.3
1386620 1652.8
1386630 1657.6
1386640 1657.6
1386650 1661.6
1386660 1667.3
1386670 1667.3
1386680 1674.4
1386690 1681.8
1386700 1689.7
1386710 1689.7
1386720 1697.3
1386730 1704.7
1386740 1704.7
1386750 1716.2
1386760 1744.4
1386770 1744.4
1386780 1755.2
1386790 1757.6
1386800 1757.6
1386810 1766.0
1386820 1779.8
1386830 1779.8
1386840 1794.9
1386850 1814.1
1386860 1814.1
1386870 1823.4
1386880 1817.1
1386890 1817.3
1386900 1817.3
1386910 1829.1
1386920 1834.0
1386930 1834.0
1386940 1836.2
1386950 1839.5
1386960 1839.5
1386970 1842.8
1386980 1847.8
1386990 1847.8
1387000 1852.5
1387010 1858.0
1387020 1858.0
1387030 1871.1
1387040 1888.1
1387050 1888.1
1387060 1893.0
1387070 1892.7
1387080 1892.7
1387090 1893.1
1387100 1892.3
1387110 1891.8
1387120 1891.8
1387130 1889.0
1387140 1888.2
1387150 1888.2
1387160 1888.6
1387170 1890.0
1387180 1890.0
1387190 1892.0
1387200 1896.6
1387210 1896.6
1387220 1903.6
1387230 1909.5
1387240 1909.5
1387250 1912.1
1387260 1914.7
1387270 1914.7
1387280 1919.5
1387290 1922.5
1387300 1922.5
1387310 1923.0
1387320 1919.9
1387330 1911.9
1387340 1911.9
1387350 1899.4
1387360 1882.8
1387370 1882.8
1387380 1868.9
1387390 1860.2
1387400 1860.2
1387410 1853.2
1387420 1847.3
1387430 1847.3
1387440 1841.4
1387450 1836.0
1387460 1836.0
1387470 1833.5
1387480 1829.8
1387490 1829.8
1387500 1824.0
1387510 1818.8
1387520 1814.1
1387530 1807.9
1387540 1801.4
1387550 1795.7
1387560 1795.7
1387570 1791.1
1387580 1785.0
1387590 1785.0
1387600 1782.9
1387610 1783.8
1387620 1783.8
1387630 1783.8
1387640 1780.2
1387650 1780.2
1387660 1775.1
1387670 1770.9
1387680 1770.9
1387690 1765.4
1387700 1757.1
1387710 1757.1
1387720 1751.2
1387730 1748.1
1387740 1740.5
1387750 1740.5
1387760 1726.9
1387770 1714.8
1387780 1714.8
1387790 1708.5
1387800 1702.6
1387810 1702.6
1387820 1697.2
1387830 1692.3
1387840 1692.3
1387850 1688.4
1387860 1682.7
1387870 1682.7
1387880 1677.3
1387890 1671.3
1387900 1671.3
1387910 1666.3
1387920 1664.0
1387930 1664.2
1387940 1664.2
1387950 1665.6
1387960 1665.1
1387970 1665.1
1387980 1662.9
1387990 1657.1
1388000 1657.1
1388010 1650.8
1388020 1642.9
1388030 1642.9
1388040 1636.5
1388050 1632.1
1388060 1632.1
1388070 1627.7
1388080 1623.2
1388090 1623.2
1388100 1618.2
1388110 1613.6
1388120 1613.6
1388130 1610.7
1388140 1609.7
1388150 1608.5
1388160 1608.5
1388170 1606.9
1388180 1602.5
1388190 1602.5
1388200 1595.4
1388210 1589.6
1388220 1589.6
1388230 1588.5
1388240 1595.1
1388250 1595.1
1388260 1604.6
1388270 1617.0
1388280 1617.0
1388290 1632.9
1388300 1655.2
1388310 1655.2
1388320 1677.9
1388330 1689.9
1388340 1695.5
1388350 1695.5
1388360 1700.2
1388370 1704.3
1388380 1704.3
1388390 1713.8
1388400 1719.8
1388410 1719.8
1388420 1724.6
1388430 1729.2
1388440 1729.2
1388450 1735.1
1388460 1742.1
1388470 1742.1
1388480 1748.2
1388490 1751.9
1388500 1751.9
1388510 1755.5
1388520 1761.3
1388530 1761.3
1388540 1768.4
1388550 1776.1
1388560 1784.2
1388570 1784.2
1388580 1793.2
1388590 1813.8
1388600 1813.8
1388610 1829.8
1388620 1837.0
1388630 1837.0
1388640 1841.3
1388650 1847.1
1388660 1847.1
1388670 1853.5
1388680 1858.9
1388690 1858.9
1388700 1863.2
1388710 1862.7
1388720 1862.7
1388730 1856.2
1388740 1849.6
1388750 1849.6
1388760 1841.4
1388770 1835.3
1388780 1829.0
1388790 1829.0
1388800 1820.2
1388810 1813.9
1388820 1813.9
1388830 1808.7
1388840 1796.0
1388850 1796.0
1388860 1790.5
1388870 1785.3
1388880 1785.3
1388890 1780.3
1388900 1774.9
1388910 1774.9
1388920 1769.8
1388930 1762.7
1388940 1762.7
1388950 1748.1
1388960 1735.0
1388970 1726.1
1388980 1726.1
1388990 1717.3
1389000 1708.2
1389010 1708.2
1389020 1699.2
1389030 1690.8
1389040 1690.8
1389050 1685.6
1389060 1685.8
1389070 1685.8
1389080 1684.9
1389090 1684.4
1389100 1684.4
1389110 1683.7
1389120 1681.3
1389130 1681.3
1389140 1678.0
1389150 1674.9
1389160 1674.9
1389170 1672.7
1389180 1671.3
1389190 1670.3
1389200 1670.3
1389210 1670.8
1389220 1671.0
1389230 1671.0
1389240 1668.7
1389250 1663.1
1389260 1663.1
1389270 1657.7
1389280 1658.2
1389290 1658.2
1389300 1658.6
1389310 1654.6
1389320 1654.6
1389330 1645.5
1389340 1635.6
1389350 1635.6
1389360 1629.0
1389370 1623.2
1389380 1615.9
1389390 1615.9
1389400 1609.0
1389410 1601.6
1389420 1601.6
1389430 1594.9
1389440 1587.8
1389450 1587.8
1389460 1581.3
1389470 1577.7
1389480 1577.7
1389490 1575.1
1389500 1575.1
1389510 1575.1
1389520 1571.6
1389530 1562.9
1389540 1562.9
1389550 1555.3
1389560 1551.5
1389570 1551.5
1389580 1549.3
1389590 1546.6
1389600 1542.0
1389610 1542.0
1389620 1535.6
1389630 1534.0
1389640 1534.0
1389650 1529.5
1389660 1518.9
1389670 1518.9
1389680 1508.5
1389690 1501.6
1389700 1501.6
1389710 1497.7
1389720 1492.9
1389730 1492.9
1389740 1489.0
1389750 1484.1
1389760 1484.1
1389770 1486.1
1389780 1490.0
1389790 1496.7
1389800 1496.7
1389810 1502.7
1389820 1507.8
1389830 1507.8
1389840 1513.3
1389850 1519.6
1389860 1519.6
1389870 1527.5
1389880 1535.3
1389890 1535.3
1389900 1541.8
1389910 1547.5
1389920 1547.5
1389930 1552.3
1389940 1558.3
1389950 1558.3
1389960 1566.1
1389970 1577.7
1389980 1577.7
1389990 1592.0
1390000 1599.2
1390010 1603.0
1390020 1603.0
1390030 1607.3
1390040 1612.9
1390050 1612.9
1390060 1621.1
1390070 1630.7
1390080 1630.7
1390090 1634.4
1390100 1633.5
1390110 1633.5
1390120 1633.9
1390130 1636.1
1390140 1636.1
1390150 1632.0
1390160 1622.0
1390170 1618.4
1390180 1609.3
1390190 1597.8
1390200 1597.8
1390210 1588.6
1390220 1581.2
1390230 1574.2
1390240 1574.2
1390250 1568.2
1390260 1567.2
1390270 1567.2
1390280 1566.9
1390290 1565.1
1390300 1565.1
1390310 1570.1
1390320 1576.6
1390330 1576.6
1390340 1583.6
1390350 1588.1
1390360 1588.1
1390370 1591.2
1390380 1595.8
1390390 1595.8
1390400 1601.4
1390410 1607.8
1390420 1614.5
1390430 1614.5
1390440 1620.8
1390450 1626.9
1390460 1626.9
1390470 1631.9
1390480 1636.7
1390490 1636.7
1390500 1641.0
1390510 1645.7
1390520 1645.7
1390530 1650.8
1390540 1655.6
1390550 1655.6
1390560 1660.5
1390570 1665.7
1390580 1665.7
1390590 1670.6
1390600 1676.8
1390610 1676.8
1390620 1683.4
1390630 1689.3
1390640 1695.3
1390650 1695.3
1390660 1702.1
1390670 1709.2
1390680 1709.2
1390690 1716.5
1390700 1725.0
1390710 1725.0
1390720 1733.4
1390730 1741.5
1390740 1741.5
1390750 1750.1
1390760 1757.4
1390770 1757.4
1390780 1763.9
1390790 1770.7
1390800 1770.7
1390810 1777.0
1390820 1783.5
1390830 1792.3
1390840 1792.3
1390850 1806.6
1390860 1820.8
1390870 1820.8
1390880 1837.3
1390890 1858.4
1390900 1858.4
1390910 1882.7
1390920 1905.5
1390930 1905.5
1390940 1915.7
1390950 1916.4
1390960 1916.4
1390970 1915.9
1390980 1916.9
1390990 1916.9
1391000 1918.4
1391010 1919.4
1391020 1919.4
1391030 1920.3
1391040 1920.9
1391050 1921.3
1391060 1921.3
1391070 1921.0
1391080 1921.4
1391090 1921.4
1391100 1922.5
1391110 1922.7
1391120 1922.7
1391130 1921.6
1391140 1921.2
1391150 1921.2
1391160 1921.6
1391170 1921.6
1391180 1921.6
1391190 1921.3
1391200 1921.1
1391210 1921.1
1391220 1921.0
1391230 1920.5
1391240 1920.5
1391250 1919.6
1391260 1918.9
1391270 1918.3
1391280 1918.3
1391290 1917.5
1391300 1916.9
1391310 1916.9
1391320 1916.8
1391330 1916.7
1391340 1916.7
1391350 1917.1
1391360 1917.4
1391370 1917.4
1391380 1917.8
1391390 1918.0
1391400 1918.0
1391410 1917.9
1391420 1917.6
1391430 1917.6
1391440 1917.0
1391450 1916.2
1391460 1914.1
1391470 1914.1
1391480 1910.8
1391490 1908.8
1391500 1908.8
1391510 1907.6
1391520 1905.0
1391530 1905.0
1391540 1903.1
1391550 1902.1
1391560 1902.1
1391570 1901.8
1391580 1900.7
1391590 1900.7
1391600 1898.4
1391610 1894.6
1391620 1894.6
1391630 1891.6
1391640 1889.6
1391650 1889.6
1391660 1887.0
1391670 1884.4
1391680 1881.8
1391690 1881.8
1391700 1881.9
1391710 1882.1
1391720 1882.1
1391730 1881.4
1391740 1880.3
1391750 1880.3
1391760 1879.8
1391770 1879.2
1391780 1879.2
1391790 1877.6
1391800 1874.8
1391810 1874.8
1391820 1872.2
1391830 1868.6
1391840 1868.6
1391850 1862.9
1391860 1856.6
1391870 1850.1
1391880 1850.1
1391890 1843.9
1391900 1838.3
1391910 1838.3
1391920 1832.9
1391930 1826.8
1391940 1826.8
1391950 1820.7
1391960 1813.6
1391970 1813.6
1391980 1806.2
1391990 1799.6
1392000 1799.6
1392010 1793.7
1392020 1787.9
1392030 1787.9
1392040 1782.4
1392050 1776.9
1392060 1776.9
1392070 1771.2
1392080 1766.0
1392090 1760.7
1392100 1760.7
1392110 1754.6
1392120 1748.0
1392130 1748.0
1392140 1741.1
1392150 1734.1
1392160 1734.1
1392170 1726.8
1392180 1719.6
1392190 1719.6
1392200 1712.2
1392210 1704.6
1392220 1704.6
1392230 1698.0
1392240 1691.8
1392250 1691.8
1392260 1686.8
1392270 1681.7
1392280 1677.1
1392290 1677.1
1392300 1673.8
1392310 1672.6
1392320 1672.6
1392330 1672.6
1392340 1672.2
1392350 1672.2
1392360 1671.9
1392370 1672.3
1392380 1672.3
1392390 1670.5
1392400 1667.2
1392410 1667.2
1392420 1663.8
1392430 1660.4
1392440 1660.4
1392450 1657.2
1392460 1654.4
1392470 1654.4
1392480 1653.1
1392490 1650.9
1392500 1649.4
1392510 1649.4
1392520 1650.2
1392530 1651.1
1392540 1651.1
1392550 1649.5
1392560 1646.5
1392570 1646.5
1392580 1642.6
1392590 1639.1
1392600 1639.1
1392610 1636.1
1392620 1634.0
1392630 1634.0
1392640 1632.3
1392650 1630.3
1392660 1630.3
1392670 1626.4
1392680 1621.4
1392690 1621.4
1392700 1617.0
1392710 1614.2
1392720 1612.2
1392730 1612.2
1392740 1609.7
1392750 1605.8
1392760 1605.8
1392770 1604.0
1392780 1602.9
1392790 1602.9
1392800 1601.1
1392810 1600.0
1392820 1600.0
1392830 1599.5
1392840 1598.5
1392850 1598.5
1392860 1597.9
1392870 1595.9
1392880 1595.9
1392890 1594.1
1392900 1589.6
1392910 1584.0
1392920 1584.0
1392930 1577.9
1392940 1573.2
1392950 1573.2
1392960 1568.7
1392970 1563.5
1392980 1563.5
1392990 1559.1
1393000 1555.7
1393010 1555.7
1393020 1553.2
1393030 1550.4
1393040 1550.4
1393050 1547.1
1393060 1542.5
1393070 1542.5
1393080 1537.2
1393090 1530.6
1393100 1530.6
1393110 1521.8
1393120 1512.4
1393130 1503.7
1393140 1503.7
1393150 1495.8
1393160 1489.2
1393170 1489.2
1393180 1484.1
1393190 1480.2
1393200 1480.2
1393210 1475.9
1393220 1469.7
1393230 1469.7
1393240 1462.9
1393250 1457.5
1393260 1457.5
1393270 1451.8
1393280 1445.6
1393290 1445.6
1393300 1440.2
1393310 1433.4
1393320 1426.2
1393330 1426.2
1393340 1420.5
1393350 1416.5
1393360 1416.5
1393370 1412.4
1393380 1409.0
1393390 1409.0
1393400 1404.2
1393410 1399.3
1393420 1399.3
1393430 1394.7
1393440 1389.2
1393450 1389.2
1393460 1383.2
1393470 1378.1
1393480 1378.1
1393490 1373.4
1393500 1369.0
1393510 1369.0
1393520 1364.9
1393530 1361.3
1393540 1357.5
1393550 1357.5
1393560 1354.6
1393570 1351.5
1393580 1351.5
1393590 1346.3
1393600 1340.2
1393610 1340.2
1393620 1335.2
1393630 1331.6
1393640 1331.6
1393650 1329.0
1393660 1327.4
1393670 1327.4
1393680 1324.3
1393690 1318.8
1393700 1318.8
1393710 1312.6
1393720 1306.4
1393730 1300.3
1393740 1300.3
1393750 1293.5
1393760 1286.0
1393770 1286.0
1393780 1279.6
1393790 1274.0
1393800 1274.0
1393810 1269.5
1393820 1264.9
1393830 1264.9
1393840 1259.7
1393850 1254.9
1393860 1254.9
1393870 1247.7
1393880 1239.8
1393890 1239.8
1393900 1229.1
1393910 1218.3
1393920 1218.3
1393930 1208.1
1393940 1198.5
1393950 1190.2
1393960 1190.2
1393970 1181.9
1393980 1174.4
1393990 1174.4
1394000 1168.5
1394010 1162.1
1394020 1162.1
1394030 1155.2
1394040 1148.6
1394050 1148.6
1394060 1144.5
1394070 1141.4
1394080 1141.4
1394090 1138.5
1394100 1132.9
1394110 1132.9
1394120 1125.5
1394130 1118.3
1394140 1118.3
1394150 1112.1
1394160 1104.8
1394170 1095.6
1394180 1095.6
1394190 1083.1
1394200 1072.6
1394210 1072.6
1394220 1064.0
1394230 1056.9
1394240 1056.9
1394250 1051.3
1394260 1045.7
1394270 1045.7
1394280 1038.2
1394290 1032.3
1394300 1032.3
1394310 1026.6
1394320 1021.1
1394330 1021.1
1394340 1016.4
1394350 1012.6
1394360 1009.5
1394370 1009.5
1394380 1006.7
1394390 1004.9
1394400 1004.9
1394410 1003.5
1394420 1001.7
1394430 1001.7
1394440 999.8
1394450 997.6
1394460 997.6
1394470 995.2
1394480 993.5
1394490 993.5
1394500 992.2
1394510 990.7
1394520 990.7
1394530 988.7
1394540 987.0
1394550 987.0
1394560 985.4
1394570 984.8
1394580 985.0
1394590 985.0
1394600 984.8
1394610 982.9
1394620 982.9
1394630 981.6
1394640 980.8
1394650 980.8
1394660 980.1
1394670 979.4
1394680 979.4
1394690 978.9
1394700 978.1
1394710 978.1
1394720 976.9
1394730 975.6
1394740 975.6
1394750 974.9
1394760 974.5
1394770 974.3
1394780 974.3
1394790 974.4
1394800 974.6
1394810 974.6
1394820 975.1
1394830 975.7
1394840 975.7
1394850 974.6
1394860 961.6
1394870 961.6
1394880 945.5
1394890 943.4
1394900 943.4
1394910 942.4
1394920 942.6
1394930 942.6
1394940 941.7
1394950 941.3
1394960 941.3
1394970 941.8
1394980 944.2
1394990 944.8
1395000 944.8
1395010 950.9
1395020 959.8
1395030 959.8
1395040 961.0
1395050 960.8
1395060 960.8
1395070 969.9
1395080 978.3
1395090 978.3
1395100 982.1
1395110 984.7
1395120 984.7
1395130 987.0
1395140 989.0
1395150 989.0
1395160 990.7
1395170 992.4
1395180 994.6
1395190 994.6
1395200 997.7
1395210 1001.0
1395220 1001.0
1395230 1003.5
1395240 1006.5
1395250 1006.5
1395260 1009.9
1395270 1014.6
1395280 1014.6
1395290 1019.9
1395300 1024.1
1395310 1024.1
1395320 1028.1
1395330 1032.2
1395340 1032.2
1395350 1037.2
1395360 1040.9
1395370 1040.9
1395380 1045.3
1395390 1047.9
1395400 1051.1
1395410 1051.1
1395420 1054.4
1395430 1058.3
1395440 1058.3
1395450 1062.6
1395460 1068.2
1395470 1068.2
1395480 1073.8
1395490 1079.7
1395500 1079.7
1395510 1085.6
1395520 1091.6
1395530 1091.6
1395540 1096.8
1395550 1098.2
1395560 1098.2
1395570 1102.2
1395580 1110.1
1395590 1110.1
1395600 1116.3
1395610 1121.6
1395620 1123.1
1395630 1123.1
1395640 1127.1
1395650 1138.2
1395660 1138.2
1395670 1143.7
1395680 1149.2
1395690 1143.8
1395700 1148.0
1395710 1152.7
1395720 1152.7
1395730 1159.4
1395740 1167.4
1395750 1167.4
1395760 1175.6
1395770 1184.0
1395780 1184.0
1395790 1192.0
1395800 1200.0
1395810 1207.9
1395820 1207.9
1395830 1214.5
1395840 1218.9
1395850 1218.9
1395860 1221.1
1395870 1223.7
1395880 1223.7
1395890 1227.3
1395900 1231.6
1395910 1231.6
1395920 1235.2
1395930 1238.8
1395940 1238.8
1395950 1243.9
1395960 1248.3
1395970 1248.3
1395980 1251.6
1395990 1257.4
1396000 1257.4
1396010 1263.2
1396020 1269.2
1396030 1275.8
1396040 1275.8
1396050 1282.3
1396060 1288.9
1396070 1288.9
1396080 1296.3
1396090 1304.1
1396100 1304.1
1396110 1310.9
1396120 1317.1
1396130 1317.1
1396140 1323.0
1396150 1327.6
1396160 1327.6
1396170 1333.8
1396180 1341.4
1396190 1341.4
1396200 1349.7
1396210 1358.4
1396220 1366.5
1396230 1366.5
1396240 1374.2
1396250 1382.7
1396260 1382.7
1396270 1390.8
1396280 1398.5
1396290 1398.5
1396300 1406.2
1396310 1413.1
1396320 1413.1
1396330 1419.8
1396340 1427.3
1396350 1427.3
1396360 1433.6
1396370 1438.5
1396380 1438.5
1396390 1443.0
1396400 1447.6
1396410 1447.6
1396420 1452.2
1396430 1456.8
1396440 1462.2
1396450 1462.2
1396460 1469.0
1396470 1476.5
1396480 1476.5
1396490 1484.9
1396500 1493.0
1396510 1493.0
1396520 1500.7
1396530 1508.2
1396540 1508.2
1396550 1514.9
1396560 1519.2
1396570 1519.2
1396580 1521.9
1396590 1523.8
1396600 1523.8
1396610 1526.1
1396620 1528.8
1396630 1533.0
1396640 1533.0
1396650 1539.7
1396660 1547.1
1396670 1547.1
1396680 1555.0
1396690 1562.6
1396700 1562.6
1396710 1570.6
1396720 1578.7
1396730 1578.7
1396740 1586.9
1396750 1595.2
1396760 1595.2
1396770 1603.8
1396780 1612.3
1396790 1612.3
1396800 1621.1
1396810 1629.2
1396820 1629.2
1396830 1636.2
1396840 1643.2
1396850 1651.1
1396860 1651.1
1396870 1659.4
1396880 1667.7
1396890 1667.7
1396900 1672.0
1396910 1672.7
1396920 1672.7
1396930 1675.7
1396940 1681.0
1396950 1681.0
1396960 1686.0
1396970 1689.3
1396980 1689.3
1396990 1692.7
1397000 1697.0
1397010 1697.0
1397020 1702.8
1397030 1709.3
1397040 1709.3
1397050 1716.2
1397060 1723.2
1397070 1730.7
1397080 1730.7
1397090 1738.0
1397100 1744.3
1397110 1744.3
1397120 1750.6
1397130 1752.6
1397140 1752.6
1397150 1759.5
1397160 1766.1
1397170 1766.1
1397180 1772.2
1397190 1775.1
1397200 1775.1
1397210 1773.1
1397220 1773.6
1397230 1773.6
1397240 1775.4
1397250 1775.5
1397260 1775.5
1397270 1775.5
1397280 1775.5
1397290 1775.2
1397300 1775.2
1397310 1775.9
1397320 1777.2
1397330 1777.2
1397340 1778.1
1397350 1778.4
1397360 1778.4
1397370 1779.2
1397380 1780.5
1397390 1780.5
1397400 1782.3
1397410 1784.6
1397420 1784.6
1397430 1786.4
1397440 1786.9
1397450 1786.9
1397460 1787.4
1397470 1787.9
1397480 1788.2
1397490 1788.2
1397500 1788.0
1397510 1787.3
1397520 1787.3
1397530 1786.3
1397540 1785.3
1397550 1785.3
1397560 1784.5
1397570 1783.4
1397580 1783.4
1397590 1780.0
1397600 1774.9
1397610 1774.9
1397620 1770.0
1397630 1766.1
1397640 1766.1
1397650 1762.9
1397660 1759.1
1397670 1753.6
1397680 1753.6
1397690 1746.2
1397700 1739.3
1397710 1739.3
1397720 1733.2
1397730 1727.4
1397740 1727.4
1397750 1720.8
1397760 1714.2
1397770 1714.2
1397780 1707.7
1397790 1702.9
1397800 1702.9
1397810 1699.1
1397820 1695.9
1397830 1695.9
1397840 1694.8
1397850 1691.9
1397860 1691.9
1397870 1689.0
1397880 1688.6
1397890 1691.8
1397900 1691.8
1397910 1695.8
1397920 1698.7
1397930 1698.7
1397940 1699.9
1397950 1699.6
1397960 1699.6
1397970 1699.0
1397980 1697.7
1397990 1697.7
1398000 1695.5
1398010 1692.5
1398020 1692.5
1398030 1688.5
1398040 1683.0
1398050 1683.0
1398060 1677.7
1398070 1675.5
1398080 1675.3
1398090 1675.3
1398100 1674.7
1398110 1675.1
1398120 1675.1
1398130 1677.9
1398140 1681.0
1398150 1681.0
1398160 1681.9
1398170 1682.5
1398180 1682.5
1398190 1682.7
1398200 1685.4
1398210 1685.4
1398220 1692.1
1398230 1700.7
1398240 1700.7
1398250 1710.1
1398260 1716.1
1398270 1716.1
1398280 1720.6
1398290 1725.8
1398300 1731.3
1398310 1731.3
1398320 1735.5
1398330 1739.8
1398340 1739.8
1398350 1743.0
1398360 1744.3
1398370 1744.3
1398380 1747.2
1398390 1751.8
1398400 1751.8
1398410 1754.9
1398420 1758.5
1398430 1758.5
1398440 1762.2
1398450 1764.1
1398460 1764.1
1398470 1766.6
1398480 1770.3
1398490 1770.3
1398500 1772.9
1398510 1773.8
1398520 1773.2
1398530 1773.2
1398540 1774.0
1398550 1776.0
1398560 1776.0
1398570 1777.5
1398580 1777.4
1398590 1770.1
1398600 1771.9
1398610 1777.0
1398620 1777.0
1398630 1783.3
1398640 1790.0
1398650 1790.0
1398660 1796.6
1398670 1803.1
1398680 1803.1
1398690 1809.4
1398700 1816.1
1398710 1823.3
1398720 1823.3
1398730 1828.8
1398740 1828.8
1398750 1828.8
1398760 1828.3
1398770 1829.6
1398780 1829.6
1398790 1832.6
1398800 1837.0
1398810 1837.0
1398820 1841.3
1398830 1844.4
1398840 1844.4
1398850 1846.4
1398860 1847.5
1398870 1847.5
1398880 1847.6
1398890 1846.4
1398900 1846.4
1398910 1843.9
1398920 1841.7
1398930 1839.1
1398940 1839.1
1398950 1836.5
1398960 1833.8
1398970 1833.8
1398980 1832.8
1398990 1831.3
1399000 1831.3
1399010 1829.8
1399020 1829.4
1399030 1829.4
1399040 1829.2
1399050 1824.0
1399060 1824.0
1399070 1816.2
1399080 1808.9
1399090 1808.9
1399100 1800.9
1399110 1793.4
1399120 1786.7
1399130 1786.7
1399140 1780.3
1399150 1775.6
1399160 1775.6
1399170 1768.2
1399180 1756.5
1399190 1756.5
1399200 1747.8
1399210 1738.8
1399220 1738.8
1399230 1729.1
1399240 1721.0
1399250 1721.0
1399260 1713.5
1399270 1705.7
1399280 1705.7
1399290 1698.3
1399300 1691.1
1399310 1691.1
1399320 1684.2
1399330 1678.2
1399340 1672.2
1399350 1672.2
1399360 1665.9
1399370 1658.6
1399380 1658.6
1399390 1651.4
1399400 1644.5
1399410 1644.5
1399420 1638.1
1399430 1632.4
1399440 1632.4
1399450 1627.0
1399460 1622.8
1399470 1622.8
1399480 1619.4
1399490 1615.9
1399500 1615.9
1399510 1613.2
1399520 1609.2
1399530 1603.4
1399540 1603.4
1399550 1599.8
1399560 1592.4
1399570 1592.4
1399580 1583.5
1399590 1576.1
1399600 1576.1
1399610 1569.9
1399620 1566.1
1399630 1566.1
1399640 1562.7
1399650 1557.4
1399660 1557.4
1399670 1548.2
1399680 1537.6
1399690 1537.6
1399700 1526.5
1399710 1515.8
1399720 1515.8
1399730 1511.3
1399740 1506.1
1399750 1503.4
1399760 1503.4
1399770 1505.4
1399780 1510.0
1399790 1510.0
1399800 1512.2
1399810 1517.6
1399820 1517.6
1399830 1527.2
1399840 1537.7
1399850 1537.7
1399860 1549.0
1399870 1560.2
1399880 1560.2
1399890 1571.6
1399900 1582.4
1399910 1582.4
1399920 1592.6
1399930 1605.0
1399940 1605.0
1399950 1618.2
1399960 1630.5
1399970 1640.3
1399980 1640.3
1399990 1644.5
1380000 1362.0
1380010 1362.9
1380020 1362.9
1380030 1364.4
1380040 1365.8
1380050 1367.5
1380060 1367.5
1380070 1369.2
1380080 1369.3
1380090 1369.3
1380100 1369.5
1380110 1370.3
1380120 1370.3
1380130 1370.9
1380140 1371.9
1380150 1371.9
1380160 1373.5
1380170 1375.5
1380180 1375.5
1380190 1376.0
1380200 1373.3
1380210 1373.3
1380220 1369.9
1380230 1369.3
1380240 1369.3
1380250 1371.1
1380260 1374.0
1380270 1376.1
1380280 1376.1
1380290 1377.8
1380300 1378.9
1380310 1378.9
1380320 1379.3
1380330 1379.3
1380340 1379.3
1380350 1379.8
1380360 1380.8
1380370 1380.8
1380380 1382.5
1380390 1383.8
1380400 1383.8
1380410 1382.5
1380420 1380.8
1380430 1380.8
1380440 1380.8
1380450 1382.4
1380460 1382.4
1380470 1383.0
1380480 1382.6
1380490 1382.1
1380500 1382.1
1380510 1382.2
1380520 1382.8
1380530 1382.8
1380540 1384.1
1380550 1386.0
1380560 1386.0
1380570 1387.4
1380580 1385.8
1380590 1385.8
1380600 1383.4
1380610 1384.6
1380620 1384.6
1380630 1383.5
1380640 1381.9
1380650 1381.9
1380660 1380.7
1380670 1379.6
1380680 1378.8
1380690 1378.8
1380700 1379.3
1380710 1381.1
1380720 1381.1
1380730 1384.3
1380740 1388.8
1380750 1388.8
1380760 1395.2
1380770 1401.3
1380780 1401.3
1380790 1405.8
1380800 1408.8
1380810 1408.8
1380820 1411.6
1380830 1414.1
1380840 1414.1
1380850 1416.7
1380860 1419.6
1380870 1419.6
1380880 1422.4
1380890 1424.9
1380900 1427.3
1380910 1427.3
1380920 1428.2
1380930 1426.4
1380940 1426.4
1380950 1422.4
1380960 1416.5
1380970 1416.5
1380980 1410.0
1380990 1403.2
1381000 1403.2
1381010 1400.2
1381020 1401.4
1381030 1401.4
1381040 1403.8
1381050 1404.2
1381060 1404.2
1381070 1400.8
1381080 1397.0
1381090 1397.3
1381100 1397.3
1381110 1403.7
1381120 1414.3
1381130 1414.3
1381140 1424.7
1381150 1431.1
1381160 1431.1
1381170 1436.0
1381180 1438.9
1381190 1438.9
1381200 1440.3
1381210 1435.3
1381220 1435.3
1381230 1433.2
1381240 1431.2
1381250 1431.2
1381260 1438.3
1381270 1442.8
1381280 1442.8
1381290 1445.0
1381300 1447.4
1381310 1449.9
1381320 1449.9
1381330 1452.7
1381340 1455.9
1381350 1455.9
1381360 1459.9
1381370 1462.9
1381380 1462.9
1381390 1466.4
1381400 1471.0
1381410 1471.0
1381420 1475.8
1381430 1478.8
1381440 1478.8
1381450 1478.4
1381460 1476.8
1381470 1476.8
1381480 1475.1
1381490 1473.5
1381500 1472.1
1381510 1472.1
1381520 1471.3
1381530 1470.8
1381540 1470.8
1381550 1470.8
1381560 1473.8
1381570 1473.8
1381580 1479.0
1381590 1484.1
1381600 1484.1
1381610 1485.1
1381620 1482.8
1381630 1482.8
1381640 1480.0
1381650 1478.1
1381660 1478.1
1381670 1478.1
1381680 1478.2
1381690 1478.2
1381700 1477.5
1381710 1477.2
1381720 1478.5
1381730 1478.5
1381740 1480.3
1381750 1484.0
1381760 1484.0
1381770 1486.4
1381780 1486.3
1381790 1486.3
1381800 1486.7
1381810 1488.6
1381820 1488.6
1381830 1490.6
1381840 1492.2
1381850 1492.2
1381860 1495.8
1381870 1499.8
1381880 1499.8
1381890 1503.4
1381900 1505.9
1381910 1505.9
1381920 1510.7
1381930 1516.7
1381940 1520.5
1381950 1520.5
1381960 1521.5
1381970 1522.2
1381980 1522.2
1381990 1523.8
1382000 1525.8
1382010 1525.8
1382020 1527.4
1382030 1529.8
1382040 1529.8
1382050 1532.3
1382060 1535.1
1382070 1535.1
1382080 1536.8
1382090 1538.8
1382100 1538.8
1382110 1541.1
1382120 1543.3
1382130 1546.0
1382140 1546.0
1382150 1547.7
1382160 1549.0
1382170 1549.0
1382180 1552.2
1382190 1557.5
1382200 1557.5
1382210 1563.3
1382220 1568.2
1382230 1568.2
1382240 1573.7
1382250 1580.3
1382260 1580.3
1382270 1588.4
1382280 1598.7
1382290 1598.7
1382300 1609.0
1382310 1619.3
1382320 1619.3
1382330 1631.2
1382340 1641.8
1382350 1652.2
1382360 1652.2
1382370 1661.7
1382380 1669.1
1382390 1669.1
1382400 1675.1
1382410 1680.5
1382420 1680.5
1382430 1685.6
1382440 1684.6
1382450 1684.6
1382460 1694.2
1382470 1703.0
1382480 1703.0
1382490 1710.7
1382500 1717.4
1382510 1717.4
1382520 1723.6
1382530 1730.3
1382540 1736.2
1382550 1736.2
1382560 1741.3
1382570 1746.5
1382580 1746.5
1382590 1751.9
1382600 1755.4
1382610 1755.4
1382620 1760.5
1382630 1766.2
1382640 1766.2
1382650 1770.2
1382660 1774.7
1382670 1774.7
1382680 1780.4
1382690 1785.0
1382700 1785.0
1382710 1789.0
1382720 1791.6
1382730 1791.6
1382740 1794.8
1382750 1799.6
1382760 1804.0
1382770 1804.0
1382780 1808.2
1382790 1811.9
1382800 1811.9
1382810 1815.2
1382820 1818.0
1382830 1818.0
1382840 1821.3
1382850 1825.0
1382860 1825.0
1382870 1828.4
1382880 1831.2
1382890 1831.2
1382900 1834.0
1382910 1836.2
1382920 1836.2
1382930 1838.4
1382940 1840.3
1382950 1841.5
1382960 1841.5
1382970 1841.7
1382980 1840.7
1382990 1840.7
1383000 1839.0
1383010 1837.3
1383020 1837.3
1383030 1835.2
1383040 1830.2
1383050 1830.2
1383060 1822.2
1383070 1814.8
1383080 1814.8
1383090 1808.5
1383100 1802.9
1383110 1802.9
1383120 1797.6
1383130 1792.4
1383140 1792.4
1383150 1787.4
1383160 1782.6
1383170 1778.1
1383180 1778.1
1383190 1774.1
1383200 1770.2
1383210 1770.2
1383220 1766.4
1383230 1762.5
1383240 1762.5
1383250 1758.2
1383260 1752.9
1383270 1752.9
1383280 1746.1
1383290 1739.9
1383300 1739.9
1383310 1733.7
1383320 1727.8
1383330 1727.8
1383340 1721.7
1383350 1715.5
1383360 1715.5
1383370 1709.4
1383380 1703.4
1383390 1696.9
1383400 1696.9
1383410 1689.1
1383420 1680.1
1383430 1680.1
1383440 1676.4
1383450 1676.5
1383460 1676.5
1383470 1678.0
1383480 1677.4
1383490 1677.4
1383500 1680.0
1383510 1684.1
1383520 1684.1
1383530 1686.9
1383540 1689.2
1383550 1689.2
1383560 1693.2
1383570 1697.8
1383580 1700.3
1383590 1700.3
1383600 1696.6
1383610 1690.8
1383620 1690.8
1383630 1685.8
1383640 1681.1
1383650 1681.1
1383660 1676.1
1383670 1671.4
1383680 1671.4
1383690 1664.2
1383700 1659.3
1383710 1659.3
1383720 1654.1
1383730 1650.5
1383740 1650.5
1383750 1648.1
1383760 1645.8
1383770 1645.8
1383780 1641.6
1383790 1637.3
1383800 1635.1
1383810 1635.1
1383820 1633.6
1383830 1631.9
1383840 1631.9
1383850 1629.9
1383860 1624.8
1383870 1624.8
1383880 1618.0
1383890 1614.0
1383900 1614.0
1383910 1621.7
1383920 1635.5
1383930 1635.5
1383940 1645.7
1383950 1653.5
1383960 1653.5
1383970 1660.2
1383980 1667.1
1383990 1673.1
1384000 1673.1
1384010 1678.7
1384020 1683.9
1384030 1683.9
1384040 1688.8
1384050 1693.4
1384060 1693.4
1384070 1697.6
1384080 1702.8
1384090 1702.8
1384100 1707.2
1384110 1711.7
1384120 1711.7
1384130 1716.2
1384140 1721.6
1384150 1721.6
1384160 1726.9
1384170 1732.5
1384180 1732.5
1384190 1738.5
1384200 1745.5
1384210 1753.3
1384220 1753.3
1384230 1758.3
1384240 1759.7
1384250 1759.7
1384260 1761.0
1384270 1760.7
1384280 1760.7
1384290 1759.0
1384300 1758.1
1384310 1758.1
1384320 1759.5
1384330 1763.1
1384340 1763.1
1384350 1766.6
1384360 1770.0
1384370 1770.0
1384380 1775.5
1384390 1782.1
1384400 1788.0
1384410 1788.0
1384420 1793.5
1384430 1798.4
1384440 1798.4
1384450 1802.9
1384460 1807.2
1384470 1807.2
1384480 1812.2
1384490 1818.6
1384500 1818.6
1384510 1826.2
1384520 1833.6
1384530 1833.6
1384540 1839.7
1384550 1844.3
1384560 1844.3
1384570 1847.4
1384580 1849.6
1384590 1849.6
1384600 1852.9
1384610 1857.1
1384620 1860.5
1384630 1860.5
1384640 1864.1
1384650 1866.4
1384660 1866.4
1384670 1866.6
1384680 1866.2
1384690 1866.2
1384700 1866.2
1384710 1866.1
1384720 1866.1
1384730 1866.0
1384740 1866.3
1384750 1866.3
1384760 1866.9
1384770 1867.4
1384780 1867.4
1384790 1868.0
1384800 1869.0
1384810 1869.0
1384820 1869.6
1384830 1869.5
1384840 1868.8
1384850 1868.8
1384860 1867.9
1384870 1867.0
1384880 1867.0
1384890 1865.9
1384900 1865.4
1384910 1865.4
1384920 1864.6
1384930 1861.9
1384940 1861.9
1384950 1854.1
1384960 1851.6
1384970 1851.6
1384980 1848.4
1384990 1843.8
1385000 1843.8
1385010 1839.4
1385020 1836.3
1385030 1834.7
1385040 1834.7
1385050 1834.8
1385060 1833.9
1385070 1833.9
1385080 1830.8
1385090 1826.2
1385100 1826.2
1385110 1821.3
1385120 1817.1
1385130 1817.1
1385140 1813.8
1385150 1811.3
1385160 1811.3
1385170 1810.0
1385180 1808.7
1385190 1808.7
1385200 1806.8
1385210 1804.8
1385220 1804.8
1385230 1804.3
1385240 1802.2
1385250 1794.3
1385260 1794.3
1385270 1785.6
1385280 1778.1
1385290 1778.1
1385300 1769.8
1385310 1760.6
1385320 1760.6
1385330 1752.6
1385340 1746.3
1385350 1746.3
1385360 1740.5
1385370 1734.3
1385380 1734.3
1385390 1729.1
1385400 1724.5
1385410 1724.5
1385420 1719.8
1385430 1717.2
1385440 1715.6
1385450 1715.6
1385460 1711.9
1385470 1708.0
1385480 1708.0
1385490 1703.9
1385500 1699.6
1385510 1699.6
1385520 1694.8
1385530 1689.9
1385540 1689.9
1385550 1685.2
1385560 1682.1
1385570 1682.1
1385580 1678.9
1385590 1676.8
1385600 1676.8
1385610 1675.5
1385620 1672.9
1385630 1672.9
1385640 1669.1
1385650 1665.2
1385660 1660.7
1385670 1660.7
1385680 1657.0
1385690 1655.2
1385700 1655.2
1385710 1656.1
1385720 1657.9
1385730 1657.9
1385740 1656.3
1385750 1661.6
1385760 1661.6
1385770 1671.5
1385780 1673.8
1385790 1673.8
1385800 1672.0
1385810 1670.4
1385820 1670.4
1385830 1675.2
1385840 1690.0
1385850 1690.0
1385860 1697.9
1385870 1700.6
1385880 1703.3
1385890 1703.3
1385900 1703.4
1385910 1702.0
1385920 1702.0
1385930 1700.5
1385940 1700.3
1385950 1700.3
1385960 1701.3
1385970 1705.6
1385980 1705.6
1385990 1713.3
1386000 1722.3
1386010 1722.3
1386020 1731.4
1386030 1738.2
1386040 1738.2
1386050 1737.2
1386060 1733.0
1386070 1729.2
1386080 1729.2
1386090 1724.5
1386100 1721.3
1386110 1721.3
1386120 1724.3
1386130 1717.1
1386140 1717.1
1386150 1704.3
1386160 1696.5
1386170 1696.5
1386180 1689.8
1386190 1670.9
1386200 1670.9
1386210 1659.4
1386220 1660.4
1386230 1646.5
1386240 1642.7
1386250 1635.1
1386260 1635.1
1386270 1625.7
1386280 1624.2
1386290 1629.4
1386300 1629.4
1386310 1618.9
1386320 1604.6
1386330 1604.6
1386340 1591.6
1386350 1576.6
1386360 1576.6
1386370 1557.1
1386380 1547.7
1386390 1547.7
1386400 1542.4
1386410 1541.0
1386420 1541.0
1386430 1548.1
1386440 1556.2
1386450 1556.2
1386460 1563.0
1386470 1568.7
1386480 1574.7
1386490 1574.7
1386500 1582.5
1386510 1590.9
1386520 1590.9
1386530 1598.9
1386540 1606.6
1386550 1606.6
1386560 1615.2
1386570 1625.6
1386580 1625.6
1386590 1636.1
1386600 1645.3
1386610 1645.3
1386620 1652.8
1386630 1657.6
1386640 1657.6
1386650 1661.6
1386660 1667.3
1386670 1667.3
1386680 1674.4
1386690 1681.8
1386700 1689.7
1386710 1689.7
1386720 1697.3
1386730 1704.7
1386740 1704.7
1386750 1716.2
1386760 1744.4
1386770 1744.4
1386780 1755.2
1386790 1757.6
1386800 1757.6
1386810 1766.0
1386820 1779.8
1386830 1779.8
1386840 1794.9
1386850 1814.1
1386860 1814.1
1386870 1823.4
1386880 1817.1
1386890 1817.3
1386900 1817.3
1386910 1829.1
1386920 1834.0
1386930 1834.0
1386940 1836.2
1386950 1839.5
1386960 1839.5
1386970 1842.8
1386980 1847.8
1386990 1847.8
1387000 1852.5
1387010 1858.0
1387020 1858.0
1387030 1871.1
1387040 1888.1
1387050 1888.1
1387060 1893.0
1387070 1892.7
1387080 1892.7
1387090 1893.1
1387100 1892.3
1387110 1891.8
1387120 1891.8
1387130 1889.0
1387140 1888.2
1387150 1888.2
1387160 1888.6
1387170 1890.0
1387180 1890.0
1387190 1892.0
1387200 1896.6
1387210 1896.6
1387220 1903.6
1387230 1909.5
1387240 1909.5
1387250 1912.1
1387260 1914.7
1387270 1914.7
1387280 1919.5
1387290 1922.5
1387300 1922.5
1387310 1923.0
1387320 1919.9
1387330 1911.9
1387340 1911.9
1387350 1899.4
1387360 1882.8
1387370 1882.8
1387380 1868.9
1387390 1860.2
1387400 1860.2
1387410 1853.2
1387420 1847.3
1387430 1847.3
1387440 1841.4
1387450 1836.0
1387460 1836.0
1387470 1833.5
1387480 1829.8
1387490 1829.8
1387500 1824.0
1387510 1818.8
1387520 1814.1
1387530 1807.9
1387540 1801.4
1387550 1795.7
1387560 1795.7
1387570 1791.1
1387580 1785.0
1387590 1785.0
1387600 1782.9
1387610 1783.8
1387620 1783.8
1387630 1783.8
1387640 1780.2
1387650 1780.2
1387660 1775.1
1387670 1770.9
1387680 1770.9
1387690 1765.4
1387700 1757.1
1387710 1757.1
1387720 1751.2
1387730 1748.1
1387740 1740.5
1387750 1740.5
1387760 1726.9
1387770 1714.8
1387780 1714.8
1387790 1708.5
1387800 1702.6
1387810 1702.6
1387820 1697.2
1387830 1692.3
1387840 1692.3
1387850 1688.4
1387860 1682.7
1387870 1682.7
1387880 1677.3
1387890 1671.3
1387900 1671.3
1387910 1666.3
1387920 1664.0
1387930 1664.2
1387940 1664.2
1387950 1665.6
1387960 1665.1
1387970 1665.1
1387980 1662.9
1387990 1657.1
1388000 1657.1
1388010 1650.8
1388020 1642.9
1388030 1642.9
1388040 1636.5
1388050 1632.1
1388060 1632.1
1388070 1627.7
1388080 1623.2
1388090 1623.2
1388100 1618.2
1388110 1613.6
1388120 1613.6
1388130 1610.7
1388140 1609.7
1388150 1608.5
1388160 1608.5
1388170 1606.9
1388180 1602.5
1388190 1602.5
1388200 1595.4
1388210 1589.6
1388220 1589.6
1388230 1588.5
1388240 1595.1
1388250 1595.1
1388260 1604.6
1388270 1617.0
1388280 1617.0
1388290 1632.9
1388300 1655.2
1388310 1655.2
1388320 1677.9
1388330 1689.9
1388340 1695.5
1388350 1695.5
1388360 1700.2
1388370 1704.3
1388380 1704.3
1388390 1713.8
1388400 1719.8
1388410 1719.8
1388420 1724.6
1388430 1729.2
1388440 1729.2
1388450 1735.1
1388460 1742.1
1388470 1742.1
1388480 1748.2
1388490 1751.9
1388500 1751.9
1388510 1755.5
1388520 1761.3
1388530 1761.3
1388540 1768.4
1388550 1776.1
1388560 1784.2
1388570 1784.2
1388580 1793.2
1388590 1813.8
1388600 1813.8
1388610 1829.8
1388620 1837.0
1388630 1837.0
1388640 1841.3
1388650 1847.1
1388660 1847.1
1388670 1853.5
1388680 1858.9
1388690 1858.9
1388700 1863.2
1388710 1862.7
1388720 1862.7
1388730 1856.2
1388740 1849.6
1388750 1849.6
1388760 1841.4
1388770 1835.3
1388780 1829.0
1388790 1829.0
1388800 1820.2
1388810 1813.9
1388820 1813.9
1388830 1808.7
1388840 1796.0
1388850 1796.0
1388860 1790.5
1388870 1785.3
1388880 1785.3
1388890 1780.3
1388900 1774.9
1388910 1774.9
1388920 1769.8
1388930 1762.7
1388940 1762.7
1388950 1748.1
1388960 1735.0
1388970 1726.1
1388980 1726.1
1388990 1717.3
1389000 1708.2
1389010 1708.2
1389020 1699.2
1389030 1690.8
1389040 1690.8
1389050 1685.6
1389060 1685.8
1389070 1685.8
1389080 1684.9
1389090 1684.4
1389100 1684.4
1389110 1683.7
1389120 1681.3
1389130 1681.3
1389140 1678.0
1389150 1674.9
1389160 1674.9
1389170 1672.7
1389180 1671.3
1389190 1670.3
1389200 1670.3
1389210 1670.8
1389220 1671.0
1389230 1671.0
1389240 1668.7
1389250 1663.1
1389260 1663.1
1389270 1657.7
1389280 1658.2
1389290 1658.2
1389300 1658.6
1389310 1654.6
1389320 1654.6
1389330 1645.5
1389340 1635.6
1389350 1635.6
1389360 1629.0
1389370 1623.2
1389380 1615.9
1389390 1615.9
1389400 1609.0
1389410 1601.6
1389420 1601.6
1389430 1594.9
1389440 1587.8
1389450 1587.8
1389460 1581.3
1389470 1577.7
1389480 1577.7
1389490 1575.1
1389500 1575.1
1389510 1575.1
1389520 1571.6
1389530 1562.9
1389540 1562.9
1389550 1555.3
1389560 1551.5
1389570 1551.5
1389580 1549.3
1389590 1546.6
1389600 1542.0
1389610 1542.0
1389620 1535.6
1389630 1534.0
1389640 1534.0
1389650 1529.5
1389660 1518.9
1389670 1518.9
1389680 1508.5
1389690 1501.6
1389700 1501.6
1389710 1497.7
1389720 1492.9
1389730 1492.9
1389740 1489.0
1389750 1484.1
1389760 1484.1
1389770 1486.1
1389780 1490.0
1389790 1496.7
1389800 1496.7
1389810 1502.7
1389820 1507.8
1389830 1507.8
1389840 1513.3
1389850 1519.6
1389860 1519.6
1389870 1527.5
1389880 1535.3
1389890 1535.3
1389900 1541.8
1389910 1547.5
1389920 1547.5
1389930 1552.3
1389940 1558.3
1389950 1558.3
1389960 1566.1
1389970 1577.7
1389980 1577.7
1389990 1592.0
1390000 1599.2
1390010 1603.0
1390020 1603.0
1390030 1607.3
1390040 1612.9
1390050 1612.9
1390060 1621.1
1390070 1630.7
1390080 1630.7
1390090 1634.4
1390100 1633.5
1390110 1633.5
1390120 1633.9
1390130 1636.1
1390140 1636.1
1390150 1632.0
1390160 1622.0
1390170 1618.4
1390180 1609.3
1390190 1597.8
1390200 1597.8
1390210 1588.6
1390220 1581.2
1390230 1574.2
1390240 1574.2
1390250 1568.2
1390260 1567.2
1390270 1567.2
1390280 1566.9
1390290 1565.1
1390300 1565.1
1390310 1570.1
1390320 1576.6
1390330 1576.6
1390340 1583.6
1390350 1588.1
1390360 1588.1
1390370 1591.2
1390380 1595.8
1390390 1595.8
1390400 1601.4
1390410 1607.8
1390420 1614.5
1390430 1614.5
1390440 1620.8
1390450 1626.9
1390460 1626.9
1390470 1631.9
1390480 1636.7
1390490 1636.7
1390500 1641.0
1390510 1645.7
1390520 1645.7
1390530 1650.8
1390540 1655.6
1390550 1655.6
1390560 1660.5
1390570 1665.7
1390580 1665.7
1390590 1670.6
1390600 1676.8
1390610 1676.8
1390620 1683.4
1390630 1689.3
1390640 1695.3
1390650 1695.3
1390660 1702.1
1390670 1709.2
1390680 1709.2
1390690 1716.5
1390700 1725.0
1390710 1725.0
1390720 1733.4
1390730 1741.5
1390740 1741.5
1390750 1750.1
1390760 1757.4
1390770 1757.4
1390780 1763.9
1390790 1770.7
1390800 1770.7
1390810 1777.0
1390820 1783.5
1390830 1792.3
1390840 1792.3
1390850 1806.6
1390860 1820.8
1390870 1820.8
1390880 1837.3
1390890 1858.4
1390900 1858.4
1390910 1882.7
1390920 1905.5
1390930 1905.5
1390940 1915.7
1390950 1916.4
1390960 1916.4
1390970 1915.9
1390980 1916.9
1390990 1916.9
1391000 1918.4
1391010 1919.4
1391020 1919.4
1391030 1920.3
1391040 1920.9
1391050 1921.3
1391060 1921.3
1391070 1921.0
1391080 1921.4
1391090 1921.4
1391100 1922.5
1391110 1922.7
1391120 1922.7
1391130 1921.6
1391140 1921.2
1391150 1921.2
1391160 1921.6
1391170 1921.6
1391180 1921.6
1391190 1921.3
1391200 1921.1
1391210 1921.1
1391220 1921.0
1391230 1920.5
1391240 1920.5
1391250 1919.6
1391260 1918.9
1391270 1918.3
1391280 1918.3
1391290 1917.5
1391300 1916.9
1391310 1916.9
1391320 1916.8
1391330 1916.7
1391340 1916.7
1391350 1917.1
1391360 1917.4
1391370 1917.4
1391380 1917.8
1391390 1918.0
1391400 1918.0
1391410 1917.9
1391420 1917.6
1391430 1917.6
1391440 1917.0
1391450 1916.2
1391460 1914.1
1391470 1914.1
1391480 1910.8
1391490 1908.8
1391500 1908.8
1391510 1907.6
1391520 1905.0
1391530 1905.0
1391540 1903.1
1391550 1902.1
1391560 1902.1
1391570 1901.8
1391580 1900.7
1391590 1900.7
1391600 1898.4
1391610 1894.6
1391620 1894.6
1391630 1891.6
1391640 1889.6
1391650 1889.6
1391660 1887.0
1391670 1884.4
1391680 1881.8
1391690 1881.8
1391700 1881.9
1391710 1882.1
1391720 1882.1
1391730 1881.4
1391740 1880.3
1391750 1880.3
1391760 1879.8
1391770 1879.2
1391780 1879.2
1391790 1877.6
1391800 1874.8
1391810 1874.8
1391820 1872.2
1391830 1868.6
1391840 1868.6
1391850 1862.9
1391860 1856.6
1391870 1850.1
1391880 1850.1
1391890 1843.9
1391900 1838.3
1391910 1838.3
1391920 1832.9
1391930 1826.8
1391940 1826.8
1391950 1820.7
1391960 1813.6
1391970 1813.6
1391980 1806.2
1391990 1799.6
1392000 1799.6
1392010 1793.7
1392020 1787.9
1392030 1787.9
1392040 1782.4
1392050 1776.9
1392060 1776.9
1392070 1771.2
1392080 1766.0
1392090 1760.7
1392100 1760.7
1392110 1754.6
1392120 1748.0
1392130 1748.0
1392140 1741.1
1392150 1734.1
1392160 1734.1
1392170 1726.8
1392180 1719.6
1392190 1719.6
1392200 1712.2
1392210 1704.6
1392220 1704.6
1392230 1698.0
1392240 1691.8
1392250 1691.8
1392260 1686.8
1392270 1681.7
1392280 1677.1
1392290 1677.1
1392300 1673.8
1392310 1672.6
1392320 1672.6
1392330 1672.6
1392340 1672.2
1392350 1672.2
1392360 1671.9
1392370 1672.3
1392380 1672.3
1392390 1670.5
1392400 1667.2
1392410 1667.2
1392420 1663.8
1392430 1660.4
1392440 1660.4
1392450 1657.2
1392460 1654.4
1392470 1654.4
1392480 1653.1
1392490 1650.9
1392500 1649.4
1392510 1649.4
1392520 1650.2
1392530 1651.1
1392540 1651.1
1392550 1649.5
1392560 1646.5
1392570 1646.5
1392580 1642.6
1392590 1639.1
1392600 1639.1
1392610 1636.1
1392620 1634.0
1392630 1634.0
1392640 1632.3
1392650 1630.3
1392660 1630.3
1392670 1626.4
1392680 1621.4
1392690 1621.4
1392700 1617.0
1392710 1614.2
1392720 1612.2
1392730 1612.2
1392740 1609.7
1392750 1605.8
1392760 1605.8
1392770 1604.0
1392780 1602.9
1392790 1602.9
1392800 1601.1
1392810 1600.0
1392820 1600.0
1392830 1599.5
1392840 1598.5
1392850 1598.5
1392860 1597.9
1392870 1595.9
1392880 1595.9
1392890 1594.1
1392900 1589.6
1392910 1584.0
1392920 1584.0
1392930 1577.9
1392940 1573.2
1392950 1573.2
1392960 1568.7
1392970 1563.5
1392980 1563.5
1392990 1559.1
1393000 1555.7
1393010 1555.7
1393020 1553.2
1393030 1550.4
1393040 1550.4
1393050 1547.1
1393060 1542.5
1393070 1542.5
1393080 1537.2
1393090 1530.6
1393100 1530.6
1393110 1521.8
1393120 1512.4
1393130 1503.7
1393140 1503.7
1393150 1495.8
1393160 1489.2
1393170 1489.2
1393180 1484.1
1393190 1480.2
1393200 1480.2
1393210 1475.9
1393220 1469.7
1393230 1469.7
1393240 1462.9
1393250 1457.5
1393260 1457.5
1393270 1451.8
1393280 1445.6
1393290 1445.6
1393300 1440.2
1393310 1433.4
1393320 1426.2
1393330 1426.2
1393340 1420.5
1393350 1416.5
1393360 1416.5
1393370 1412.4
1393380 1409.0
1393390 1409.0
1393400 1404.2
1393410 1399.3
1393420 1399.3
1393430 1394.7
1393440 1389.2
1393450 1389.2
1393460 1383.2
1393470 1378.1
1393480 1378.1
1393490 1373.4
1393500 1369.0
1393510 1369.0
1393520 1364.9
1393530 1361.3
1393540 1357.5
1393550 1357.5
1393560 1354.6
1393570 1351.5
1393580 1351.5
1393590 1346.3
1393600 1340.2
1393610 1340.2
1393620 1335.2
1393630 1331.6
1393640 1331.6
1393650 1329.0
1393660 1327.4
1393670 1327.4
1393680 1324.3
1393690 1318.8
1393700 1318.8
1393710 1312.6
1393720 1306.4
1393730 1300.3
1393740 1300.3
1393750 1293.5
1393760 1286.0
1393770 1286.0
1393780 1279.6
1393790 1274.0
1393800 1274.0
1393810 1269.5
1393820 1264.9
1393830 1264.9
1393840 1259.7
1393850 1254.9
1393860 1254.9
1393870 1247.7
1393880 1239.8
1393890 1239.8
1393900 1229.1
1393910 1218.3
1393920 1218.3
1393930 1208.1
1393940 1198.5
1393950 1190.2
1393960 1190.2
1393970 1181.9
1393980 1174.4
1393990 1174.4
1394000 1168.5
1394010 1162.1
1394020 1162.1
1394030 1155.2
1394040 1148.6
1394050 1148.6
1394060 1144.5
1394070 1141.4
1394080 1141.4
1394090 1138.5
1394100 1132.9
1394110 1132.9
1394120 1125.5
1394130 1118.3
1394140 1118.3
1394150 1112.1
1394160 1104.8
1394170 1095.6
1394180 1095.6
1394190 1083.1
1394200 1072.6
1394210 1072.6
1394220 1064.0
1394230 1056.9
1394240 1056.9
1394250 1051.3
1394260 1045.7
1394270 1045.7
1394280 1038.2
1394290 1032.3
1394300 1032.3
1394310 1026.6
1394320 1021.1
1394330 1021.1
1394340 1016.4
1394350 1012.6
1394360 1009.5
1394370 1009.5
1394380 1006.7
1394390 1004.9
1394400 1004.9
1394410 1003.5
1394420 1001.7
1394430 1001.7
1394440 999.8
1394450 997.6
1394460 997.6
1394470 995.2
1394480 993.5
1394490 993.5
1394500 992.2
1394510 990.7
1394520 990.7
1394530 988.7
1394540 987.0
1394550 987.0
1394560 985.4
1394570 984.8
1394580 985.0
1394590 985.0
1394600 984.8
1394610 982.9
1394620 982.9
1394630 981.6
1394640 980.8
1394650 980.8
1394660 980.1
1394670 979.4
1394680 979.4
1394690 978.9
1394700 978.1
1394710 978.1
1394720 976.9
1394730 975.6
1394740 975.6
1394750 974.9
1394760 974.5
1394770 974.3
1394780 974.3
1394790 974.4
1394800 974.6
1394810 974.6
1394820 975.1
1394830 975.7
1394840 975.7
1394850 974.6
1394860 961.6
1394870 961.6
1394880 945.5
1394890 943.4
1394900 943.4
1394910 942.4
1394920 942.6
1394930 942.6
1394940 941.7
1394950 941.3
1394960 941.3
1394970 941.8
1394980 944.2
1394990 944.8
1395000 944.8
1395010 950.9
1395020 959.8
1395030 959.8
1395040 961.0
1395050 960.8
1395060 960.8
1395070 969.9
1395080 978.3
1395090 978.3
1395100 982.1
1395110 984.7
1395120 984.7
1395130 987.0
1395140 989.0
1395150 989.0
1395160 990.7
1395170 992.4
1395180 994.6
1395190 994.6
1395200 997.7
1395210 1001.0
1395220 1001.0
1395230 1003.5
1395240 1006.5
1395250 1006.5
1395260 1009.9
1395270 1014.6
1395280 1014.6
1395290 1019.9
1395300 1024.1
1395310 1024.1
1395320 1028.1
1395330 1032.2
1395340 1032.2
1395350 1037.2
1395360 1040.9
1395370 1040.9
1395380 1045.3
1395390 1047.9
1395400 1051.1
1395410 1051.1
1395420 1054.4
1395430 1058.3
1395440 1058.3
1395450 1062.6
1395460 1068.2
1395470 1068.2
1395480 1073.8
1395490 1079.7
1395500 1079.7
1395510 1085.6
1395520 1091.6
1395530 1091.6
1395540 1096.8
1395550 1098.2
1395560 1098.2
1395570 1102.2
1395580 1110.1
1395590 1110.1
1395600 1116.3
1395610 1121.6
1395620 1123.1
1395630 1123.1
1395640 1127.1
1395650 1138.2
1395660 1138.2
1395670 1143.7
1395680 1149.2
1395690 1143.8
1395700 1148.0
1395710 1152.7
1395720 1152.7
1395730 1159.4
1395740 1167.4
1395750 1167.4
1395760 1175.6
1395770 1184.0
1395780 1184.0
1395790 1192.0
1395800 1200.0
1395810 1207.9
1395820 1207.9
1395830 1214.5
1395840 1218.9
1395850 1218.9
1395860 1221.1
1395870 1223.7
1395880 1223.7
1395890 1227.3
1395900 1231.6
1395910 1231.6
1395920 1235.2
1395930 1238.8
1395940 1238.8
1395950 1243.9
1395960 1248.3
1395970 1248.3
1395980 1251.6
1395990 1257.4
1396000 1257.4
1396010 1263.2
1396020 1269.2
1396030 1275.8
1396040 1275.8
1396050 1282.3
1396060 1288.9
1396070 1288.9
1396080 1296.3
1396090 1304.1
1396100 1304.1
1396110 1310.9
1396120 1317.1
1396130 1317.1
1396140 1323.0
1396150 1327.6
1396160 1327.6
1396170 1333.8
1396180 1341.4
1396190 1341.4
1396200 1349.7
1396210 1358.4
1396220 1366.5
1396230 1366.5
1396240 1374.2
1396250 1382.7
1396260 1382.7
1396270 1390.8
1396280 1398.5
1396290 1398.5
1396300 1406.2
1396310 1413.1
1396320 1413.1
1396330 1419.8
1396340 1427.3
1396350 1427.3
1396360 1433.6
1396370 1438.5
1396380 1438.5
1396390 1443.0
1396400 1447.6
1396410 1447.6
1396420 1452.2
1396430 1456.8
1396440 1462.2
1396450 1462.2
1396460 1469.0
1396470 1476.5
1396480 1476.5
1396490 1484.9
1396500 1493.0
1396510 1493.0
1396520 1500.7
1396530 1508.2
1396540 1508.2
1396550 1514.9
1396560 1519.2
1396570 1519.2
1396580 1521.9
1396590 1523.8
1396600 1523.8
1396610 1526.1
1396620 1528.8
1396630 1533.0
1396640 1533.0
1396650 1539.7
1396660 1547.1
1396670 1547.1
1396680 1555.0
1396690 1562.6
1396700 1562.6
1396710 1570.6
1396720 1578.7
1396730 1578.7
1396740 1586.9
1396750 1595.2
1396760 1595.2
1396770 1603.8
1396780 1612.3
1396790 1612.3
1396800 1621.1
1396810 1629.2
1396820 1629.2
1396830 1636.2
1396840 1643.2
1396850 1651.1
1396860 1651.1
1396870 1659.4
1396880 1667.7
1396890 1667.7
1396900 1672.0
1396910 1672.7
1396920 1672.7
1396930 1675.7
1396940 1681.0
1396950 1681.0
1396960 1686.0
1396970 1689.3
1396980 1689.3
1396990 1692.7
1397000 1697.0
1397010 1697.0
1397020 1702.8
1397030 1709.3
1397040 1709.3
1397050 1716.2
1397060 1723.2
1397070 1730.7
1397080 1730.7
1397090 1738.0
1397100 1744.3
1397110 1744.3
1397120 1750.6
1397130 1752.6
1397140 1752.6
1397150 1759.5
1397160 1766.1
1397170 1766.1
1397180 1772.2
1397190 1775.1
1397200 1775.1
1397210 1773.1
1397220 1773.6
1397230 1773.6
1397240 1775.4
1397250 1775.5
1397260 1775.5
1397270 1775.5
1397280 1775.5
1397290 1775.2
1397300 1775.2
1397310 1775.9
1397320 1777.2
1397330 1777.2
1397340 1778.1
1397350 1778.4
1397360 1778.4
1397370 1779.2
1397380 1780.5
1397390 1780.5
1397400 1782.3
1397410 1784.6
1397420 1784.6
1397430 1786.4
1397440 1786.9
1397450 1786.9
1397460 1787.4
1397470 1787.9
1397480 1788.2
1397490 1788.2
1397500 1788.0
1397510 1787.3
1397520 1787.3
1397530 1786.3
1397540 1785.3
1397550 1785.3
1397560 1784.5
1397570 1783.4
1397580 1783.4
1397590 1780.0
1397600 1774.9
1397610 1774.9
1397620 1770.0
1397630 1766.1
1397640 1766.1
1397650 1762.9
1397660 1759.1
1397670 1753.6
1397680 1753.6
1397690 1746.2
1397700 1739.3
1397710 1739.3
1397720 1733.2
1397730 1727.4
1397740 1727.4
1397750 1720.8
1397760 1714.2
1397770 1714.2
1397780 1707.7
1397790 1702.9
1397800 1702.9
1397810 1699.1
1397820 1695.9
1397830 1695.9
1397840 1694.8
1397850 1691.9
1397860 1691.9
1397870 1689.0
1397880 1688.6
1397890 1691.8
1397900 1691.8
1397910 1695.8
1397920 1698.7
1397930 1698.7
1397940 1699.9
1397950 1699.6
1397960 1699.6
1397970 1699.0
1397980 1697.7
1397990 1697.7
1398000 1695.5
1398010 1692.5
1398020 1692.5
1398030 1688.5
1398040 1683.0
1398050 1683.0
1398060 1677.7
1398070 1675.5
1398080 1675.3
1398090 1675.3
1398100 1674.7
1398110 1675.1
1398120 1675.1
1398130 1677.9
1398140 1681.0
1398150 1681.0
1398160 1681.9
1398170 1682.5
1398180 1682.5
1398190 1682.7
1398200 1685.4
1398210 1685.4
1398220 1692.1
1398230 1700.7
1398240 1700.7
1398250 1710.1
1398260 1716.1
1398270 1716.1
1398280 1720.6
1398290 1725.8
1398300 1731.3
1398310 1731.3
1398320 1735.5
1398330 1739.8
1398340 1739.8
1398350 1743.0
1398360 1744.3
1398370 1744.3
1398380 1747.2
1398390 1751.8
1398400 1751.8
1398410 1754.9
1398420 1758.5
1398430 1758.5
1398440 1762.2
1398450 1764.1
1398460 1764.1
1398470 1766.6
1398480 1770.3
1398490 1770.3
1398500 1772.9
1398510 1773.8
1398520 1773.2
1398530 1773.2
1398540 1774.0
1398550 1776.0
1398560 1776.0
1398570 1777.5
1398580 1777.4
1398590 1770.1
1398600 1771.9
1398610 1777.0
1398620 1777.0
1398630 1783.3
1398640 1790.0
1398650 1790.0
1398660 1796.6
1398670 1803.1
1398680 1803.1
1398690 1809.4
1398700 1816.1
1398710 1823.3
1398720 1823.3
1398730 1828.8
1398740 1828.8
1398750 1828.8
1398760 1828.3
1398770 1829.6
1398780 1829.6
1398790 1832.6
1398800 1837.0
1398810 1837.0
1398820 1841.3
1398830 1844.4
1398840 1844.4
1398850 1846.4
1398860 1847.5
1398870 1847.5
1398880 1847.6
1398890 1846.4
1398900 1846.4
1398910 1843.9
1398920 1841.7
1398930 1839.1
1398940 1839.1
1398950 1836.5
1398960 1833.8
1398970 1833.8
1398980 1832.8
1398990 1831.3
1399000 1831.3
1399010 1829.8
1399020 1829.4
1399030 1829.4
1399040 1829.2
1399050 1824.0
1399060 1824.0
1399070 1816.2
1399080 1808.9
1399090 1808.9
1399100 1800.9
1399110 1793.4
1399120 1786.7
1399130 1786.7
1399140 1780.3
1399150 1775.6
1399160 1775.6
1399170 1768.2
1399180 1756.5
1399190 1756.5
1399200 1747.8
1399210 1738.8
1399220 1738.8
1399230 1729.1
1399240 1721.0
1399250 1721.0
1399260 1713.5
1399270 1705.7
1399280 1705.7
1399290 1698.3
1399300 1691.1
1399310 1691.1
1399320 1684.2
1399330 1678.2
1399340 1672.2
1399350 1672.2
1399360 1665.9
1399370 1658.6
1399380 1658.6
1399390 1651.4
1399400 1644.5
1399410 1644.5
1399420 1638.1
1399430 1632.4
1399440 1632.4
1399450 1627.0
1399460 1622.8
1399470 1622.8
1399480 1619.4
1399490 1615.9
1399500 1615.9
1399510 1613.2
1399520 1609.2
1399530 1603.4
1399540 1603.4
1399550 1599.8
1399560 1592.4
1399570 1592.4
1399580 1583.5
1399590 1576.1
1399600 1576.1
1399610 1569.9
1399620 1566.1
1399630 1566.1
1399640 1562.7
1399650 1557.4
1399660 1557.4
1399670 1548.2
1399680 1537.6
1399690 1537.6
1399700 1526.5
1399710 1515.8
1399720 1515.8
1399730 1511.3
1399740 1506.1
1399750 1503.4
1399760 1503.4
1399770 1505.4
1399780 1510.0
1399790 1510.0
1399800 1512.2
1399810 1517.6
1399820 1517.6
1399830 1527.2
1399840 1537.7
1399850 1537.7
1399860 1549.0
1399870 1560.2
1399880 1560.2
1399890 1571.6
1399900 1582.4
1399910 1582.4
1399920 1592.6
1399930 1605.0
1399940 1605.0
1399950 1618.2
1399960 1630.5
1399970 1640.3
1399980 1640.3
1399990 1644.5
