1380000 2093.9
1380010 2093.9
1380020 2095.4
1380030 2097.1
1380040 2098.7
1380050 2098.7
1380060 2099.9
1380070 2101.0
1380080 2101.0
1380090 2101.9
1380100 2102.2
1380110 2102.2
1380120 2102.6
1380130 2102.9
1380140 2102.9
1380150 2105.4
1380160 2104.4
1380170 2104.4
1380180 2100.8
1380190 2102.4
1380200 2102.4
1380210 2104.2
1380220 2105.3
1380230 2105.3
1380240 2108.7
1380250 2110.7
1380260 2111.2
1380270 2111.2
1380280 2112.3
1380290 2113.6
1380300 2113.6
1380310 2114.3
1380320 2114.9
1380330 2114.9
1380340 2115.6
1380350 2116.5
1380360 2116.5
1380370 2116.7
1380380 2116.6
1380390 2116.6
1380400 2116.5
1380410 2116.0
1380420 2116.0
1380430 2115.2
1380440 2115.2
1380450 2115.2
1380460 2115.7
1380470 2117.3
1380480 2120.0
1380490 2120.0
1380500 2121.2
1380510 2122.1
1380520 2122.1
1380530 2124.7
1380540 2128.3
1380550 2128.3
1380560 2132.0
1380570 2135.7
1380580 2135.7
1380590 2138.1
1380600 2138.9
1380610 2138.9
1380620 2139.7
1380630 2141.2
1380640 2141.2
1380650 2142.2
1380660 2142.7
1380670 2142.1
1380680 2142.1
1380690 2139.3
1380700 2133.4
1380710 2133.4
1380720 2126.9
1380730 2121.6
1380740 2121.6
1380750 2116.1
1380760 2108.2
1380770 2108.2
1380780 2100.9
1380790 2099.5
1380800 2099.5
1380810 2104.0
1380820 2104.1
1380830 2104.1
1380840 2098.4
1380850 2092.3
1380860 2092.3
1380870 2091.3
1380880 2096.3
1380890 2102.6
1380900 2102.6
1380910 2108.3
1380920 2112.7
1380930 2112.7
1380940 2113.8
1380950 2113.2
1380960 2113.2
1380970 2112.7
1380980 2112.1
1380990 2112.1
1381000 2105.2
1381010 2103.2
1381020 2103.2
1381030 2100.6
1381040 2095.6
1381050 2095.6
1381060 2091.0
1381070 2086.9
1381080 2086.9
1381090 2083.0
1381100 2090.2
1381110 2101.7
1381120 2101.7
1381130 2108.8
1381140 2112.4
1381150 2112.4
1381160 2118.9
1381170 2126.0
1381180 2126.0
1381190 2132.8
1381200 2139.1
1381210 2139.1
1381220 2146.6
1381230 2153.1
1381240 2153.1
1381250 2158.8
1381260 2165.1
1381270 2165.1
1381280 2172.0
1381290 2179.9
1381300 2187.6
1381310 2187.6
1381320 2194.5
1381330 2199.6
1381340 2199.6
1381350 2203.8
1381360 2211.1
1381370 2211.1
1381380 2217.9
1381390 2222.7
1381400 2222.7
1381410 2225.9
1381420 2234.8
1381430 2234.8
1381440 2243.1
1381450 2245.3
1381460 2245.3
1381470 2246.8
1381480 2248.0
1381490 2248.0
1381500 2249.1
1381510 2255.4
1381520 2264.4
1381530 2264.4
1381540 2273.7
1381550 2278.3
1381560 2278.3
1381570 2281.8
1381580 2283.9
1381590 2283.9
1381600 2286.4
1381610 2291.1
1381620 2291.1
1381630 2299.2
1381640 2305.7
1381650 2305.7
1381660 2310.4
1381670 2313.7
1381680 2313.7
1381690 2315.2
1381700 2317.9
1381710 2317.9
1381720 2322.3
1381730 2327.7
1381740 2333.3
1381750 2333.3
1381760 2339.0
1381770 2344.5
1381780 2344.5
1381790 2349.0
1381800 2353.5
1381810 2353.5
1381820 2358.2
1381830 2363.3
1381840 2363.3
1381850 2369.9
1381860 2376.5
1381870 2376.5
1381880 2382.4
1381890 2387.2
1381900 2387.2
1381910 2391.2
1381920 2395.0
1381930 2399.3
1381940 2399.3
1381950 2402.7
1381960 2405.8
1381970 2405.8
1381980 2408.0
1381990 2405.9
1382000 2405.9
1382010 2403.8
1382020 2400.6
1382030 2400.6
1382040 2397.4
1382050 2394.3
1382060 2394.3
1382070 2392.1
1382080 2393.8
1382090 2393.8
1382100 2397.9
1382110 2397.3
1382120 2397.3
1382130 2393.2
1382140 2387.6
1382150 2380.5
1382160 2380.5
1382170 2372.3
1382180 2363.0
1382190 2363.0
1382200 2353.4
1382210 2344.5
1382220 2344.5
1382230 2334.7
1382240 2325.8
1382250 2325.8
1382260 2317.5
1382270 2309.6
1382280 2309.6
1382290 2301.9
1382300 2294.2
1382310 2294.2
1382320 2285.9
1382330 2276.9
1382340 2276.9
1382350 2266.8
1382360 2256.6
1382370 2247.1
1382380 2247.1
1382390 2238.9
1382400 2230.6
1382410 2230.6
1382420 2224.3
1382430 2217.0
1382440 2217.0
1382450 2206.4
1382460 2193.1
1382470 2193.1
1382480 2186.2
1382490 2181.4
1382500 2181.4
1382510 2176.9
1382520 2172.2
1382530 2172.2
1382540 2167.4
1382550 2163.1
1382560 2159.1
1382570 2159.1
1382580 2155.5
1382590 2151.4
1382600 2151.4
1382610 2148.2
1382620 2145.6
1382630 2145.6
1382640 2142.8
1382650 2138.8
1382660 2138.8
1382670 2139.4
1382680 2141.2
1382690 2141.2
1382700 2138.8
1382710 2137.0
1382720 2137.0
1382730 2137.6
1382740 2138.6
1382750 2138.6
1382760 2139.5
1382770 2140.4
1382780 2142.0
1382790 2142.0
1382800 2143.6
1382810 2145.6
1382820 2145.6
1382830 2147.5
1382840 2150.6
1382850 2150.6
1382860 2154.2
1382870 2157.2
1382880 2157.2
1382890 2159.4
1382900 2158.2
1382910 2158.2
1382920 2158.9
1382930 2160.8
1382940 2160.8
1382950 2164.5
1382960 2169.7
1382970 2169.7
1382980 2174.8
1382990 2179.4
1383000 2182.8
1383010 2182.8
1383020 2185.9
1383030 2190.1
1383040 2190.1
1383050 2195.3
1383060 2200.6
1383070 2200.6
1383080 2205.6
1383090 2211.1
1383100 2211.1
1383110 2220.3
1383120 2228.6
1383130 2228.6
1383140 2234.7
1383150 2238.1
1383160 2238.1
1383170 2243.9
1383180 2251.8
1383190 2258.7
1383200 2258.7
1383210 2265.2
1383220 2271.9
1383230 2271.9
1383240 2278.4
1383250 2285.9
1383260 2285.9
1383270 2293.5
1383280 2298.5
1383290 2298.5
1383300 2302.5
1383310 2308.3
1383320 2308.3
1383330 2315.1
1383340 2322.0
1383350 2322.0
1383360 2329.3
1383370 2337.7
1383380 2337.7
1383390 2346.5
1383400 2355.6
1383410 2364.4
1383420 2364.4
1383430 2373.3
1383440 2382.9
1383450 2382.9
1383460 2399.6
1383470 2418.1
1383480 2418.1
1383490 2422.8
1383500 2422.9
1383510 2422.9
1383520 2414.6
1383530 2403.2
1383540 2403.2
1383550 2393.3
1383560 2384.6
1383570 2384.6
1383580 2373.6
1383590 2363.6
1383600 2355.0
1383610 2355.0
1383620 2347.7
1383630 2340.6
1383640 2340.6
1383650 2334.1
1383660 2327.9
1383670 2327.9
1383680 2321.2
1383690 2314.8
1383700 2314.8
1383710 2308.5
1383720 2303.1
1383730 2303.1
1383740 2297.2
1383750 2292.7
1383760 2292.7
1383770 2289.3
1383780 2287.1
1383790 2287.1
1383800 2284.9
1383810 2281.8
1383820 2278.4
1383830 2278.4
1383840 2274.7
1383850 2269.7
1383860 2269.7
1383870 2265.3
1383880 2261.0
1383890 2261.0
1383900 2256.6
1383910 2252.4
1383920 2252.4
1383930 2247.3
1383940 2241.7
1383950 2241.7
1383960 2239.0
1383970 2237.2
1383980 2237.2
1383990 2233.5
1384000 2228.3
1384010 2228.3
1384020 2222.6
1384030 2217.0
1384040 2213.7
1384050 2213.7
1384060 2208.1
1384070 2205.8
1384080 2205.8
1384090 2202.2
1384100 2195.2
1384110 2195.2
1384120 2187.6
1384130 2179.9
1384140 2179.9
1384150 2171.8
1384160 2161.5
1384170 2161.5
1384180 2150.6
1384190 2141.7
1384200 2141.7
1384210 2135.4
1384220 2131.3
1384230 2126.8
1384240 2126.8
1384250 2121.0
1384260 2115.2
1384270 2115.2
1384280 2109.9
1384290 2104.3
1384300 2104.3
1384310 2098.8
1384320 2093.5
1384330 2093.5
1384340 2088.5
1384350 2085.7
1384360 2085.7
1384370 2083.8
1384380 2081.5
1384390 2081.5
1384400 2080.2
1384410 2081.4
1384420 2081.4
1384430 2081.0
1384440 2080.2
1384450 2080.2
1384460 2080.2
1384470 2081.6
1384480 2084.0
1384490 2084.0
1384500 2085.8
1384510 2087.4
1384520 2087.4
1384530 2092.1
1384540 2099.3
1384550 2099.3
1384560 2105.4
1384570 2108.6
1384580 2108.6
1384590 2114.4
1384600 2121.5
1384610 2121.5
1384620 2127.1
1384630 2135.1
1384640 2135.1
1384650 2142.6
1384660 2150.0
1384670 2156.3
1384680 2156.3
1384690 2161.2
1384700 2165.6
1384710 2165.6
1384720 2170.6
1384730 2173.8
1384740 2173.8
1384750 2181.3
1384760 2190.1
1384770 2190.1
1384780 2199.8
1384790 2207.4
1384800 2207.4
1384810 2214.6
1384820 2221.1
1384830 2221.1
1384840 2226.7
1384850 2231.8
1384860 2236.3
1384870 2236.3
1384880 2240.1
1384890 2243.0
1384900 2243.0
1384910 2245.3
1384920 2249.0
1384930 2249.0
1384940 2255.2
1384950 2265.5
1384960 2265.5
1384970 2277.0
1384980 2290.6
1384990 2290.6
1385000 2302.5
1385010 2317.9
1385020 2317.9
1385030 2328.0
1385040 2338.4
1385050 2338.4
1385060 2348.7
1385070 2358.6
1385080 2368.7
1385090 2368.7
1385100 2379.7
1385110 2388.5
1385120 2388.5
1385130 2396.3
1385140 2404.1
1385150 2404.1
1385160 2411.8
1385170 2419.7
1385180 2419.7
1385190 2427.2
1385200 2434.3
1385210 2434.3
1385220 2442.1
1385230 2450.5
1385240 2450.5
1385250 2458.6
1385260 2466.2
1385270 2466.2
1385280 2473.2
1385290 2479.6
1385300 2486.5
1385310 2486.5
1385320 2493.4
1385330 2499.9
1385340 2499.9
1385350 2506.2
1385360 2512.0
1385370 2512.0
1385380 2517.0
1385390 2522.2
1385400 2522.2
1385410 2525.5
1385420 2528.8
1385430 2528.8
1385440 2532.4
1385450 2536.3
1385460 2536.3
1385470 2540.5
1385480 2544.5
1385490 2548.5
1385500 2548.5
1385510 2551.5
1385520 2555.8
1385530 2555.8
1385540 2559.1
1385550 2561.0
1385560 2561.0
1385570 2561.2
1385580 2561.5
1385590 2561.5
1385600 2560.1
1385610 2557.9
1385620 2557.9
1385630 2556.0
1385640 2555.6
1385650 2555.6
1385660 2555.1
1385670 2553.2
1385680 2553.2
1385690 2551.6
1385700 2549.2
1385710 2547.4
1385720 2547.4
1385730 2544.1
1385740 2539.8
1385750 2539.8
1385760 2535.4
1385770 2529.0
1385780 2529.0
1385790 2525.8
1385800 2524.2
1385810 2524.2
1385820 2522.2
1385830 2521.2
1385840 2521.2
1385850 2520.4
1385860 2519.5
1385870 2519.5
1385880 2518.3
1385890 2516.9
1385900 2516.9
1385910 2515.6
1385920 2516.7
1385930 2516.5
1385940 2516.5
1385950 2516.2
1385960 2516.8
1385970 2516.8
1385980 2510.2
1385990 2499.5
1386000 2499.5
1386010 2480.7
1386020 2475.8
1386030 2475.8
1386040 2457.3
1386050 2439.3
1386060 2439.3
1386070 2432.0
1386080 2432.3
1386090 2432.3
1386100 2429.6
1386110 2416.8
1386120 2396.9
1386130 2396.9
1386140 2373.5
1386150 2351.2
1386160 2351.2
1386170 2324.0
1386180 2304.4
1386190 2304.4
1386200 2299.3
1386210 2296.4
1386220 2296.4
1386230 2292.9
1386240 2288.2
1386250 2288.2
1386260 2283.9
1386270 2279.1
1386280 2279.1
1386290 2274.0
1386300 2268.2
1386310 2268.2
1386320 2263.3
1386330 2258.1
1386340 2252.8
1386350 2252.8
1386360 2247.6
1386370 2242.6
1386380 2242.6
1386390 2238.3
1386400 2234.8
1386410 2234.8
1386420 2231.2
1386430 2228.6
1386440 2228.6
1386450 2226.5
1386460 2225.5
1386470 2225.5
1386480 2225.5
1386490 2226.4
1386500 2226.4
1386510 2227.3
1386520 2227.2
1386530 2227.2
1386540 2226.3
1386550 2225.2
1386560 2223.1
1386570 2223.1
1386580 2221.9
1386590 2223.9
1386600 2223.9
1386610 2226.5
1386620 2228.8
1386630 2228.8
1386640 2230.8
1386650 2234.8
1386660 2234.8
1386670 2238.9
1386680 2244.4
1386690 2244.4
1386700 2249.5
1386710 2254.2
1386720 2254.2
1386730 2254.5
1386740 2252.2
1386750 2248.0
1386760 2248.0
1386770 2234.6
1386780 2227.7
1386790 2227.7
1386800 2231.3
1386810 2230.0
1386820 2230.0
1386830 2229.3
1386840 2235.7
1386850 2235.7
1386860 2244.8
1386870 2251.0
1386880 2251.0
1386890 2250.9
1386900 2253.3
1386910 2253.3
1386920 2257.9
1386930 2262.8
1386940 2262.8
1386950 2266.1
1386960 2275.4
1386970 2284.8
1386980 2284.8
1386990 2294.7
1387000 2302.3
1387010 2302.3
1387020 2307.2
1387030 2312.7
1387040 2312.7
1387050 2318.6
1387060 2324.7
1387070 2324.7
1387080 2332.5
1387090 2341.3
1387100 2341.3
1387110 2352.6
1387120 2368.5
1387130 2368.5
1387140 2383.9
1387150 2399.2
1387160 2407.5
1387170 2407.5
1387180 2411.2
1387190 2410.1
1387200 2410.1
1387210 2409.9
1387220 2410.4
1387230 2410.4
1387240 2410.5
1387250 2411.8
1387260 2411.8
1387270 2415.0
1387280 2421.5
1387290 2421.5
1387300 2431.2
1387310 2486.0
1387320 2486.0
1387330 2498.0
1387340 2501.9
1387350 2501.9
1387360 2506.4
1387370 2510.6
1387380 2514.6
1387390 2514.6
1387400 2518.5
1387410 2522.6
1387420 2522.6
1387430 2526.2
1387440 2530.1
1387450 2530.1
1387460 2534.0
1387470 2538.0
1387480 2538.0
1387490 2541.5
1387500 2544.9
1387510 2544.9
1387520 2549.5
1387530 2553.9
1387540 2553.9
1387550 2556.4
1387560 2555.7
1387570 2555.7
1387580 2553.8
1387590 2552.0
1387600 2548.3
1387610 2548.3
1387620 2542.8
1387630 2537.0
1387640 2537.0
1387650 2530.7
1387660 2524.7
1387670 2524.7
1387680 2520.2
1387690 2516.3
1387700 2516.3
1387710 2512.5
1387720 2509.4
1387730 2509.4
1387740 2506.5
1387750 2503.9
1387760 2503.9
1387770 2498.9
1387780 2490.5
1387790 2480.2
1387800 2480.2
1387810 2463.5
1387820 2450.5
1387830 2450.5
1387840 2444.5
1387850 2440.6
1387860 2440.6
1387870 2437.3
1387880 2435.4
1387890 2435.4
1387900 2436.0
1387910 2435.8
1387920 2435.8
1387930 2434.8
1387940 2430.4
1387950 2430.4
1387960 2424.7
1387970 2420.1
1387980 2420.1
1387990 2416.7
1388000 2415.8
1388010 2415.5
1388020 2415.5
1388030 2412.8
1388040 2413.0
1388050 2413.0
1388060 2415.0
1388070 2412.9
1388080 2412.9
1388090 2407.8
1388100 2408.7
1388110 2408.7
1388120 2411.5
1388130 2408.0
1388140 2408.0
1388150 2403.5
1388160 2399.1
1388170 2399.1
1388180 2395.2
1388190 2390.9
1388200 2390.9
1388210 2391.6
1388220 2398.3
1388230 2405.5
1388240 2405.5
1388250 2410.1
1388260 2411.5
1388270 2411.5
1388280 2413.9
1388290 2418.0
1388300 2418.0
1388310 2425.6
1388320 2434.4
1388330 2434.4
1388340 2436.9
1388350 2437.6
1388360 2437.6
1388370 2440.7
1388380 2445.0
1388390 2445.0
1388400 2450.8
1388410 2460.6
1388420 2471.2
1388430 2471.2
1388440 2480.9
1388450 2490.2
1388460 2490.2
1388470 2499.0
1388480 2508.5
1388490 2508.5
1388500 2520.0
1388510 2534.8
1388520 2534.8
1388530 2548.8
1388540 2557.4
1388550 2557.4
1388560 2565.1
1388570 2570.7
1388580 2570.7
1388590 2574.2
1388600 2580.3
1388610 2580.3
1388620 2579.3
1388630 2585.9
1388640 2591.0
1388650 2591.0
1388660 2594.9
1388670 2595.3
1388680 2595.3
1388690 2591.2
1388700 2592.6
1388710 2592.6
1388720 2596.1
1388730 2598.1
1388740 2598.1
1388750 2599.5
1388760 2601.2
1388770 2601.2
1388780 2602.7
1388790 2600.6
1388800 2600.6
1388810 2594.9
1388820 2586.1
1388830 2586.1
1388840 2573.4
1388850 2558.5
1388860 2544.1
1388870 2544.1
1388880 2533.7
1388890 2528.1
1388900 2528.1
1388910 2522.3
1388920 2518.8
1388930 2518.8
1388940 2516.2
1388950 2512.3
1388960 2512.3
1388970 2509.4
1388980 2506.6
1388990 2506.6
1389000 2503.7
1389010 2499.5
1389020 2499.5
1389030 2492.6
1389040 2487.0
1389050 2483.8
1389060 2483.8
1389070 2481.9
1389080 2480.7
1389090 2480.7
1389100 2483.1
1389110 2482.7
1389120 2482.7
1389130 2481.4
1389140 2479.1
1389150 2479.1
1389160 2474.6
1389170 2468.7
1389180 2468.7
1389190 2469.5
1389200 2476.3
1389210 2476.3
1389220 2480.6
1389230 2481.2
1389240 2481.2
1389250 2481.5
1389260 2485.0
1389270 2489.4
1389280 2489.4
1389290 2492.0
1389300 2494.9
1389310 2494.9
1389320 2499.1
1389330 2505.2
1389340 2505.2
1389350 2510.2
1389360 2512.7
1389370 2512.7
1389380 2513.1
1389390 2511.6
1389400 2511.6
1389410 2509.3
1389420 2506.2
1389430 2506.2
1389440 2492.4
1389450 2482.7
1389460 2482.7
1389470 2479.0
1389480 2474.1
1389490 2468.6
1389500 2468.6
1389510 2464.9
1389520 2463.8
1389530 2463.8
1389540 2460.9
1389550 2451.0
1389560 2451.0
1389570 2446.0
1389580 2448.5
1389590 2448.5
1389600 2453.4
1389610 2461.3
1389620 2461.3
1389630 2467.5
1389640 2470.6
1389650 2470.6
1389660 2469.9
1389670 2469.9
1389680 2468.0
1389690 2468.0
1389700 2467.4
1389710 2465.6
1389720 2465.6
1389730 2456.9
1389740 2450.9
1389750 2450.9
1389760 2442.4
1389770 2439.4
1389780 2439.4
1389790 2436.8
1389800 2435.5
1389810 2435.5
1389820 2439.7
1389830 2452.7
1389840 2452.7
1389850 2463.8
1389860 2470.7
1389870 2470.7
1389880 2478.4
1389890 2479.5
1389900 2479.4
1389910 2479.4
1389920 2479.8
1389930 2480.1
1389940 2480.1
1389950 2468.9
1389960 2471.5
1389970 2471.5
1389980 2475.2
1389990 2479.1
1390000 2479.1
1390010 2483.1
1390020 2487.6
1390030 2487.6
1390040 2486.7
1390050 2486.8
1390060 2486.8
1390070 2491.3
1390080 2499.1
1390090 2499.1
1390100 2503.7
1390110 2503.0
1390120 2505.1
1390130 2505.1
1390140 2506.6
1390150 2510.9
1390160 2510.9
1390170 2513.1
1390180 2511.7
1390190 2511.7
1390200 2509.4
1390210 2509.5
1390220 2509.5
1390230 2508.8
1390240 2509.0
1390250 2509.0
1390260 2509.9
1390270 2510.6
1390280 2510.6
1390290 2512.0
1390300 2512.5
1390310 2516.9
1390320 2516.9
1390330 2524.7
1390340 2530.3
1390350 2530.3
1390360 2535.8
1390370 2540.4
1390380 2540.4
1390390 2546.5
1390400 2552.1
1390410 2552.1
1390420 2558.4
1390430 2566.8
1390440 2566.8
1390450 2577.7
1390460 2591.4
1390470 2591.4
1390480 2606.6
1390490 2621.1
1390500 2621.1
1390510 2626.7
1390520 2625.6
1390530 2624.7
1390540 2624.7
1390550 2623.5
1390560 2622.2
1390570 2622.2
1390580 2620.9
1390590 2620.5
1390600 2620.5
1390610 2621.2
1390620 2622.0
1390630 2622.0
1390640 2622.2
1390650 2623.2
1390660 2623.2
1390670 2623.3
1390680 2623.6
1390690 2623.6
1390700 2623.0
1390710 2619.1
1390720 2617.6
1390730 2617.6
1390740 2616.6
1390750 2611.6
1390760 2611.6
1390770 2600.1
1390780 2596.1
1390790 2596.1
1390800 2587.5
1390810 2583.6
1390820 2583.6
1390830 2586.6
1390840 2590.6
1390850 2590.6
1390860 2594.1
1390870 2595.2
1390880 2595.2
1390890 2598.0
1390900 2585.5
1390910 2585.5
1390920 2568.3
1390930 2548.5
1390940 2532.8
1390950 2532.8
1390960 2521.5
1390970 2510.7
1390980 2510.7
1390990 2498.8
1391000 2485.7
1391010 2485.7
1391020 2476.0
1391030 2468.3
1391040 2468.3
1391050 2460.9
1391060 2453.8
1391070 2453.8
1391080 2446.0
1391090 2438.1
1391100 2438.1
1391110 2430.4
1391120 2423.3
1391130 2423.3
1391140 2416.2
1391150 2409.1
1391160 2402.5
1391170 2402.5
1391180 2394.8
1391190 2387.0
1391200 2387.0
1391210 2390.5
1391220 2386.9
1391230 2386.9
1391240 2386.7
1391250 2385.5
1391260 2385.5
1391270 2379.8
1391280 2374.1
1391290 2374.1
1391300 2392.1
1391310 2398.7
1391320 2398.7
1391330 2413.6
1391340 2401.3
1391350 2381.9
1391360 2381.9
1391370 2365.3
1391380 2355.5
1391390 2355.5
1391400 2349.9
1391410 2340.5
1391420 2340.5
1391430 2330.4
1391440 2319.7
1391450 2319.7
1391460 2315.5
1391470 2315.9
1391480 2315.9
1391490 2312.2
1391500 2301.7
1391510 2301.7
1391520 2291.3
1391530 2281.5
1391540 2281.5
1391550 2270.3
1391560 2258.1
1391570 2248.4
1391580 2248.4
1391590 2237.9
1391600 2226.4
1391610 2226.4
1391620 2215.0
1391630 2202.6
1391640 2202.6
1391650 2190.3
1391660 2178.6
1391670 2178.6
1391680 2166.3
1391690 2155.3
1391700 2155.3
1391710 2146.0
1391720 2135.1
1391730 2135.1
1391740 2124.2
1391750 2112.4
1391760 2112.4
1391770 2098.3
1391780 2088.4
1391790 2080.7
1391800 2080.7
1391810 2073.9
1391820 2067.1
1391830 2067.1
1391840 2059.7
1391850 2053.1
1391860 2053.1
1391870 2045.3
1391880 2034.0
1391890 2034.0
1391900 2024.6
1391910 2015.0
1391920 2015.0
1391930 2005.0
1391940 1994.2
1391950 1994.2
1391960 1983.8
1391970 1972.4
1391980 1960.0
1391990 1960.0
1392000 1945.7
1392010 1936.8
1392020 1936.8
1392030 1933.7
1392040 1929.1
1392050 1929.1
1392060 1922.9
1392070 1906.7
1392080 1906.7
1392090 1899.6
1392100 1901.9
1392110 1901.9
1392120 1899.7
1392130 1890.2
1392140 1890.2
1392150 1878.0
1392160 1858.5
1392170 1858.5
1392180 1834.5
1392190 1817.7
1392200 1806.1
1392210 1806.1
1392220 1797.4
1392230 1788.2
1392240 1788.2
1392250 1777.7
1392260 1766.2
1392270 1766.2
1392280 1750.8
1392290 1739.8
1392300 1739.8
1392310 1729.5
1392320 1713.5
1392330 1713.5
1392340 1696.9
1392350 1682.6
1392360 1682.6
1392370 1669.6
1392380 1665.7
1392390 1665.7
1392400 1663.1
1392410 1657.0
1392420 1645.9
1392430 1645.9
1392440 1628.5
1392450 1614.1
1392460 1614.1
1392470 1605.3
1392480 1597.5
1392490 1597.5
1392500 1586.5
1392510 1570.9
1392520 1570.9
1392530 1561.2
1392540 1551.7
1392550 1551.7
1392560 1537.4
1392570 1524.1
1392580 1524.1
1392590 1510.5
1392600 1497.6
1392610 1486.8
1392620 1486.8
1392630 1473.6
1392640 1461.6
1392650 1461.6
1392660 1452.7
1392670 1444.8
1392680 1444.8
1392690 1437.9
1392700 1429.4
1392710 1429.4
1392720 1415.6
1392730 1403.8
1392740 1403.8
1392750 1394.6
1392760 1386.0
1392770 1386.0
1392780 1378.8
1392790 1372.7
1392800 1372.7
1392810 1364.9
1392820 1354.7
1392830 1346.3
1392840 1346.3
1392850 1336.8
1392860 1323.4
1392870 1323.4
1392880 1313.8
1392890 1305.4
1392900 1305.4
1392910 1298.1
1392920 1289.9
1392930 1289.9
1392940 1281.1
1392950 1275.2
1392960 1275.2
1392970 1267.0
1392980 1256.2
1392990 1256.2
1393000 1246.9
1393010 1240.6
1393020 1240.6
1393030 1236.0
1393040 1229.0
1393050 1221.4
1393060 1221.4
1393070 1215.0
1393080 1210.7
1393090 1210.7
1393100 1207.9
1393110 1204.0
1393120 1204.0
1393130 1199.3
1393140 1194.3
1393150 1194.3
1393160 1189.5
1393170 1184.7
1393180 1184.7
1393190 1179.7
1393200 1174.7
1393210 1174.7
1393220 1169.7
1393230 1165.1
1393240 1161.1
1393250 1161.1
1393260 1157.1
1393270 1152.9
1393280 1152.9
1393290 1148.2
1393300 1144.1
1393310 1144.1
1393320 1140.3
1393330 1136.7
1393340 1136.7
1393350 1132.4
1393360 1127.6
1393370 1127.6
1393380 1122.9
1393390 1118.6
1393400 1118.6
1393410 1114.0
1393420 1108.6
1393430 1108.6
1393440 1103.3
1393450 1100.1
1393460 1094.8
1393470 1094.8
1393480 1082.8
1393490 1073.6
1393500 1073.6
1393510 1072.8
1393520 1077.6
1393530 1077.6
1393540 1086.3
1393550 1091.4
1393560 1091.4
1393570 1095.8
1393580 1099.3
1393590 1099.3
1393600 1103.5
1393610 1108.2
1393620 1108.2
1393630 1114.1
1393640 1120.6
1393650 1120.6
1393660 1128.0
1393670 1136.7
1393680 1143.4
1393690 1143.4
1393700 1145.5
1393710 1157.9
1393720 1157.9
1393730 1172.7
1393740 1186.5
1393750 1186.5
1393760 1194.7
1393770 1205.2
1393780 1205.2
1393790 1219.2
1393800 1225.8
1393810 1225.8
1393820 1230.9
1393830 1247.1
1393840 1247.1
1393850 1266.3
1393860 1283.5
1393870 1296.8
1393880 1296.8
1393890 1305.6
1393900 1311.9
1393910 1311.9
1393920 1317.0
1393930 1322.0
1393940 1322.0
1393950 1327.1
1393960 1332.8
1393970 1332.8
1393980 1338.3
1393990 1343.7
1394000 1343.7
1394010 1350.4
1394020 1360.2
1394030 1360.2
1394040 1373.9
1394050 1381.0
1394060 1381.0
1394070 1391.9
1394080 1397.3
1394090 1404.1
1394100 1404.1
1394110 1408.7
1394120 1411.9
1394130 1411.9
1394140 1414.3
1394150 1416.8
1394160 1416.8
1394170 1417.0
1394180 1417.7
1394190 1417.7
1394200 1419.2
1394210 1420.8
1394220 1420.8
1394230 1421.8
1394240 1422.2
1394250 1422.2
1394260 1420.9
1394270 1418.7
1394280 1416.0
1394290 1416.0
1394300 1412.8
1394310 1410.8
1394320 1410.8
1394330 1410.5
1394340 1409.9
1394350 1409.9
1394360 1408.8
1394370 1407.8
1394380 1407.8
1394390 1407.5
1394400 1407.9
1394410 1407.9
1394420 1408.6
1394430 1409.5
1394440 1409.5
1394450 1410.4
1394460 1411.1
1394470 1411.1
1394480 1411.4
1394490 1412.4
1394500 1415.9
1394510 1415.9
1394520 1421.1
1394530 1427.5
1394540 1427.5
1394550 1434.3
1394560 1441.6
1394570 1441.6
1394580 1448.0
1394590 1454.1
1394600 1454.1
1394610 1460.8
1394620 1467.3
1394630 1467.3
1394640 1474.0
1394650 1481.4
1394660 1481.4
1394670 1490.3
1394680 1498.1
1394690 1498.1
1394700 1502.3
1394710 1504.8
1394720 1513.0
1394730 1513.0
1394740 1529.1
1394750 1546.5
1394760 1546.5
1394770 1559.7
1394780 1568.1
1394790 1568.1
1394800 1575.3
1394810 1582.6
1394820 1582.6
1394830 1590.3
1394840 1596.9
1394850 1596.9
1394860 1603.7
1394870 1609.6
1394880 1609.6
1394890 1612.9
1394900 1616.0
1394910 1625.5
1394920 1625.5
1394930 1633.4
1394940 1639.0
1394950 1639.0
1394960 1641.6
1394970 1643.6
1394980 1643.6
1394990 1647.5
1395000 1648.2
1395010 1648.2
1395020 1651.5
1395030 1655.5
1395040 1655.5
1395050 1657.9
1395060 1660.4
1395070 1660.4
1395080 1662.8
1395090 1665.1
1395100 1665.1
1395110 1668.3
1395120 1672.3
1395130 1676.4
1395140 1676.4
1395150 1681.9
1395160 1687.4
1395170 1687.4
1395180 1689.7
1395190 1693.6
1395200 1693.6
1395210 1699.8
1395220 1705.4
1395230 1705.4
1395240 1709.3
1395250 1709.1
1395260 1709.1
1395270 1706.2
1395280 1704.3
1395290 1704.3
1395300 1705.1
1395310 1708.4
1395320 1708.4
1395330 1711.2
1395340 1712.6
1395350 1716.5
1395360 1716.5
1395370 1722.5
1395380 1724.5
1395390 1724.5
1395400 1723.7
1395410 1726.0
1395420 1726.0
1395430 1730.4
1395440 1733.3
1395450 1733.3
1395460 1729.4
1395470 1732.7
1395480 1732.7
1395490 1735.6
1395500 1738.3
1395510 1738.3
1395520 1740.3
1395530 1743.8
1395540 1747.7
1395550 1747.7
1395560 1752.8
1395570 1758.0
1395580 1758.0
1395590 1763.0
1395600 1767.2
1395610 1767.2
1395620 1770.9
1395630 1775.3
1395640 1775.3
1395650 1779.8
1395660 1783.4
1395670 1783.4
1395680 1786.2
1395690 1789.5
1395700 1789.5
1395710 1792.0
1395720 1794.6
1395730 1794.6
1395740 1797.8
1395750 1801.5
1395760 1804.6
1395770 1804.6
1395780 1806.2
1395790 1807.1
1395800 1807.1
1395810 1807.6
1395820 1807.3
1395830 1807.3
1395840 1806.1
1395850 1805.2
1395860 1805.2
1395870 1805.1
1395880 1805.3
1395890 1805.3
1395900 1806.1
1395910 1807.3
1395920 1807.3
1395930 1808.8
1395940 1809.8
1395950 1809.8
1395960 1810.4
1395970 1811.4
1395980 1812.2
1395990 1812.2
1396000 1810.7
1396010 1808.5
1396020 1808.5
1396030 1808.3
1396040 1808.0
1396050 1808.0
1396060 1807.3
1396070 1807.7
1396080 1807.7
1396090 1807.9
1396100 1807.7
1396110 1807.7
1396120 1807.2
1396130 1807.3
1396140 1807.3
1396150 1807.0
1396160 1805.6
1396170 1806.8
1396180 1806.8
1396190 1806.3
1396200 1804.5
1396210 1804.5
1396220 1801.9
1396230 1800.3
1396240 1800.3
1396250 1803.6
1396260 1807.2
1396270 1807.2
1396280 1811.1
1396290 1814.6
1396300 1814.6
1396310 1818.3
1396320 1820.5
1396330 1820.5
1396340 1820.9
1396350 1818.6
1396360 1818.6
1396370 1817.0
1396380 1818.7
1396390 1821.1
1396400 1821.1
1396410 1823.5
1396420 1824.8
1396430 1824.8
1396440 1827.1
1396450 1828.5
1396460 1828.5
1396470 1830.9
1396480 1834.5
1396490 1834.5
1396500 1838.7
1396510 1843.3
1396520 1843.3
1396530 1847.3
1396540 1851.1
1396550 1851.1
1396560 1854.8
1396570 1860.1
1396580 1860.1
1396590 1866.8
1396600 1873.0
1396610 1878.6
1396620 1878.6
1396630 1884.5
1396640 1889.6
1396650 1889.6
1396660 1893.3
1396670 1898.5
1396680 1898.5
1396690 1905.6
1396700 1913.6
1396710 1913.6
1396720 1918.8
1396730 1919.7
1396740 1919.7
1396750 1920.3
1396760 1920.9
1396770 1920.9
1396780 1921.0
1396790 1921.9
1396800 1923.5
1396810 1923.5
1396820 1921.8
1396830 1918.1
1396840 1918.1
1396850 1914.6
1396860 1911.4
1396870 1911.4
1396880 1906.3
1396890 1904.1
1396900 1904.1
1396910 1903.8
1396920 1903.8
1396930 1903.8
1396940 1903.8
1396950 1904.0
1396960 1904.0
1396970 1904.4
1396980 1905.0
1396990 1905.0
1397000 1905.8
1397010 1906.5
1397020 1907.6
1397030 1907.6
1397040 1909.8
1397050 1910.6
1397060 1910.6
1397070 1910.3
1397080 1913.4
1397090 1913.4
1397100 1916.8
1397110 1919.2
1397120 1919.2
1397130 1920.4
1397140 1920.7
1397150 1920.7
1397160 1920.1
1397170 1920.6
1397180 1920.6
1397190 1921.5
1397200 1923.1
1397210 1924.7
1397220 1924.7
1397230 1927.3
1397240 1929.5
1397250 1929.5
1397260 1931.8
1397270 1935.6
1397280 1935.6
1397290 1938.7
1397300 1941.4
1397310 1941.4
1397320 1944.7
1397330 1948.5
1397340 1948.5
1397350 1952.9
1397360 1957.0
1397370 1957.0
1397380 1961.3
1397390 1964.8
1397400 1964.8
1397410 1968.0
1397420 1973.6
1397430 1980.5
1397440 1980.5
1397450 1988.9
1397460 1997.9
1397470 1997.9
1397480 2006.4
1397490 2013.6
1397500 2013.6
1397510 2019.3
1397520 2023.9
1397530 2023.9
1397540 2029.1
1397550 2035.5
1397560 2035.5
1397570 2036.4
1397580 2040.0
1397590 2040.0
1397600 2046.6
1397610 2052.7
1397620 2052.7
1397630 2057.9
1397640 2062.0
1397650 2066.6
1397660 2066.6
1397670 2071.5
1397680 2076.6
1397690 2076.6
1397700 2081.6
1397710 2086.9
1397720 2086.9
1397730 2092.4
1397740 2098.1
1397750 2098.1
1397760 2103.7
1397770 2108.9
1397780 2108.9
1397790 2112.9
1397800 2117.1
1397810 2117.1
1397820 2121.5
1397830 2126.3
1397840 2132.0
1397850 2132.0
1397860 2137.8
1397870 2143.3
1397880 2143.3
1397890 2148.6
1397900 2154.2
1397910 2154.2
1397920 2159.5
1397930 2164.8
1397940 2164.8
1397950 2169.6
1397960 2174.0
1397970 2174.0
1397980 2178.7
1397990 2183.5
1398000 2183.5
1398010 2188.3
1398020 2192.9
1398030 2192.9
1398040 2197.5
1398050 2202.5
1398060 2207.8
1398070 2207.8
1398080 2212.8
1398090 2217.3
1398100 2217.3
1398110 2221.9
1398120 2226.9
1398130 2226.9
1398140 2232.0
1398150 2237.4
1398160 2237.4
1398170 2243.4
1398180 2249.9
1398190 2249.9
1398200 2256.4
1398210 2262.7
1398220 2262.7
1398230 2269.1
1398240 2275.6
1398250 2275.6
1398260 2282.1
1398270 2289.1
1398280 2296.6
1398290 2296.6
1398300 2304.3
1398310 2311.4
1398320 2311.4
1398330 2318.3
1398340 2325.6
1398350 2327.5
1398360 2334.7
1398370 2342.3
1398380 2342.3
1398390 2349.9
1398400 2357.7
1398410 2357.7
1398420 2365.4
1398430 2371.9
1398440 2371.9
1398450 2377.8
1398460 2382.8
1398470 2388.5
1398480 2388.5
1398490 2395.4
1398500 2402.5
1398510 2402.5
1398520 2409.8
1398530 2416.9
1398540 2416.9
1398550 2418.8
1398560 2416.3
1398570 2416.3
1398580 2413.4
1398590 2410.3
1398600 2410.3
1398610 2406.8
1398620 2403.0
1398630 2403.0
1398640 2399.7
1398650 2397.1
1398660 2397.1
1398670 2394.1
1398680 2391.9
1398690 2390.1
1398700 2390.1
1398710 2388.3
1398720 2386.6
1398730 2386.6
1398740 2385.6
1398750 2385.0
1398760 2385.0
1398770 2384.6
1398780 2383.4
1398790 2383.4
1398800 2378.4
1398810 2371.6
1398820 2371.6
1398830 2368.5
1398840 2364.7
1398850 2364.7
1398860 2359.7
1398870 2355.5
1398880 2355.5
1398890 2350.9
1398900 2349.7
1398910 2377.8
1398920 2377.8
1398930 2376.9
1398940 2372.7
1398950 2372.7
1398960 2373.3
1398970 2368.2
1398980 2368.2
1398990 2368.1
1399000 2367.3
1399010 2367.3
1399020 2363.8
1399030 2350.3
1399040 2350.3
1399050 2338.5
1399060 2329.2
1399070 2329.2
1399080 2323.0
1399090 2314.9
1399100 2306.7
1399110 2306.7
1399120 2301.0
1399130 2292.1
1399140 2292.1
1399150 2286.8
1399160 2278.9
1399170 2278.9
1399180 2270.4
1399190 2269.7
1399200 2269.7
1399210 2264.2
1399220 2257.4
1399230 2257.4
1399240 2251.4
1399250 2245.1
1399260 2245.1
1399270 2239.3
1399280 2237.3
1399290 2237.3
1399300 2232.0
1399310 2215.3
1399320 2206.6
1399330 2206.6
1399340 2201.7
1399350 2197.7
1399360 2197.7
1399370 2195.6
1399380 2192.6
1399390 2192.6
1399400 2190.5
1399410 2186.4
1399420 2186.4
1399430 2183.9
1399440 2182.3
1399450 2182.3
1399460 2182.8
1399470 2183.3
1399480 2183.3
1399490 2179.9
1399500 2173.9
1399510 2172.8
1399520 2172.8
1399530 2174.3
1399540 2168.9
1399550 2168.9
1399560 2170.5
1399570 2176.3
1399580 2176.3
1399590 2172.8
1399600 2172.5
1399610 2172.5
1399620 2171.8
1399630 2170.4
1399640 2170.4
1399650 2171.0
1399660 2168.0
1399670 2168.0
1399680 2166.1
1399690 2166.8
1399700 2166.8
1399710 2163.8
1399720 2160.4
1399730 2156.3
1399740 2156.3
1399750 2155.9
1399760 2160.2
1399770 2160.2
1399780 2170.0
1399790 2173.7
1399800 2173.7
1399810 2172.0
1399820 2174.8
1399830 2162.4
1399840 2166.7
1399850 2169.2
1399860 2169.2
1399870 2168.8
1399880 2167.4
1399890 2167.4
1399900 2166.6
1399910 2168.2
1399920 2168.2
1399930 2172.3
1399940 2176.7
1399950 2180.8
1399960 2180.8
1399970 2178.1
1399980 2178.0
1399990 2178.0
1380000 2093.9
1380010 2093.9
1380020 2095.4
1380030 2097.1
1380040 2098.7
1380050 2098.7
1380060 2099.9
1380070 2101.0
1380080 2101.0
1380090 2101.9
1380100 2102.2
1380110 2102.2
1380120 2102.6
1380130 2102.9
1380140 2102.9
1380150 2105.4
1380160 2104.4
1380170 2104.4
1380180 2100.8
1380190 2102.4
1380200 2102.4
1380210 2104.2
1380220 2105.3
1380230 2105.3
1380240 2108.7
1380250 2110.7
1380260 2111.2
1380270 2111.2
1380280 2112.3
1380290 2113.6
1380300 2113.6
1380310 2114.3
1380320 2114.9
1380330 2114.9
1380340 2115.6
1380350 2116.5
1380360 2116.5
1380370 2116.7
1380380 2116.6
1380390 2116.6
1380400 2116.5
1380410 2116.0
1380420 2116.0
1380430 2115.2
1380440 2115.2
1380450 2115.2
1380460 2115.7
1380470 2117.3
1380480 2120.0
1380490 2120.0
1380500 2121.2
1380510 2122.1
1380520 2122.1
1380530 2124.7
1380540 2128.3
1380550 2128.3
1380560 2132.0
1380570 2135.7
1380580 2135.7
1380590 2138.1
1380600 2138.9
1380610 2138.9
1380620 2139.7
1380630 2141.2
1380640 2141.2
1380650 2142.2
1380660 2142.7
1380670 2142.1
1380680 2142.1
1380690 2139.3
1380700 2133.4
1380710 2133.4
1380720 2126.9
1380730 2121.6
1380740 2121.6
1380750 2116.1
1380760 2108.2
1380770 2108.2
1380780 2100.9
1380790 2099.5
1380800 2099.5
1380810 2104.0
1380820 2104.1
1380830 2104.1
1380840 2098.4
1380850 2092.3
1380860 2092.3
1380870 2091.3
1380880 2096.3
1380890 2102.6
1380900 2102.6
1380910 2108.3
1380920 2112.7
1380930 2112.7
1380940 2113.8
1380950 2113.2
1380960 2113.2
1380970 2112.7
1380980 2112.1
1380990 2112.1
1381000 2105.2
1381010 2103.2
1381020 2103.2
1381030 2100.6
1381040 2095.6
1381050 2095.6
1381060 2091.0
1381070 2086.9
1381080 2086.9
1381090 2083.0
1381100 2090.2
1381110 2101.7
1381120 2101.7
1381130 2108.8
1381140 2112.4
1381150 2112.4
1381160 2118.9
1381170 2126.0
1381180 2126.0
1381190 2132.8
1381200 2139.1
1381210 2139.1
1381220 2146.6
1381230 2153.1
1381240 2153.1
1381250 2158.8
1381260 2165.1
1381270 2165.1
1381280 2172.0
1381290 2179.9
1381300 2187.6
1381310 2187.6
1381320 2194.5
1381330 2199.6
1381340 2199.6
1381350 2203.8
1381360 2211.1
1381370 2211.1
1381380 2217.9
1381390 2222.7
1381400 2222.7
1381410 2225.9
1381420 2234.8
1381430 2234.8
1381440 2243.1
1381450 2245.3
1381460 2245.3
1381470 2246.8
1381480 2248.0
1381490 2248.0
1381500 2249.1
1381510 2255.4
1381520 2264.4
1381530 2264.4
1381540 2273.7
1381550 2278.3
1381560 2278.3
1381570 2281.8
1381580 2283.9
1381590 2283.9
1381600 2286.4
1381610 2291.1
1381620 2291.1
1381630 2299.2
1381640 2305.7
1381650 2305.7
1381660 2310.4
1381670 2313.7
1381680 2313.7
1381690 2315.2
1381700 2317.9
1381710 2317.9
1381720 2322.3
1381730 2327.7
1381740 2333.3
1381750 2333.3
1381760 2339.0
1381770 2344.5
1381780 2344.5
1381790 2349.0
1381800 2353.5
1381810 2353.5
1381820 2358.2
1381830 2363.3
1381840 2363.3
1381850 2369.9
1381860 2376.5
1381870 2376.5
1381880 2382.4
1381890 2387.2
1381900 2387.2
1381910 2391.2
1381920 2395.0
1381930 2399.3
1381940 2399.3
1381950 2402.7
1381960 2405.8
1381970 2405.8
1381980 2408.0
1381990 2405.9
1382000 2405.9
1382010 2403.8
1382020 2400.6
1382030 2400.6
1382040 2397.4
1382050 2394.3
1382060 2394.3
1382070 2392.1
1382080 2393.8
1382090 2393.8
1382100 2397.9
1382110 2397.3
1382120 2397.3
1382130 2393.2
1382140 2387.6
1382150 2380.5
1382160 2380.5
1382170 2372.3
1382180 2363.0
1382190 2363.0
1382200 2353.4
1382210 2344.5
1382220 2344.5
1382230 2334.7
1382240 2325.8
1382250 2325.8
1382260 2317.5
1382270 2309.6
1382280 2309.6
1382290 2301.9
1382300 2294.2
1382310 2294.2
1382320 2285.9
1382330 2276.9
1382340 2276.9
1382350 2266.8
1382360 2256.6
1382370 2247.1
1382380 2247.1
1382390 2238.9
1382400 2230.6
1382410 2230.6
1382420 2224.3
1382430 2217.0
1382440 2217.0
1382450 2206.4
1382460 2193.1
1382470 2193.1
1382480 2186.2
1382490 2181.4
1382500 2181.4
1382510 2176.9
1382520 2172.2
1382530 2172.2
1382540 2167.4
1382550 2163.1
1382560 2159.1
1382570 2159.1
1382580 2155.5
1382590 2151.4
1382600 2151.4
1382610 2148.2
1382620 2145.6
1382630 2145.6
1382640 2142.8
1382650 2138.8
1382660 2138.8
1382670 2139.4
1382680 2141.2
1382690 2141.2
1382700 2138.8
1382710 2137.0
1382720 2137.0
1382730 2137.6
1382740 2138.6
1382750 2138.6
1382760 2139.5
1382770 2140.4
1382780 2142.0
1382790 2142.0
1382800 2143.6
1382810 2145.6
1382820 2145.6
1382830 2147.5
1382840 2150.6
1382850 2150.6
1382860 2154.2
1382870 2157.2
1382880 2157.2
1382890 2159.4
1382900 2158.2
1382910 2158.2
1382920 2158.9
1382930 2160.8
1382940 2160.8
1382950 2164.5
1382960 2169.7
1382970 2169.7
1382980 2174.8
1382990 2179.4
1383000 2182.8
1383010 2182.8
1383020 2185.9
1383030 2190.1
1383040 2190.1
1383050 2195.3
1383060 2200.6
1383070 2200.6
1383080 2205.6
1383090 2211.1
1383100 2211.1
1383110 2220.3
1383120 2228.6
1383130 2228.6
1383140 2234.7
1383150 2238.1
1383160 2238.1
1383170 2243.9
1383180 2251.8
1383190 2258.7
1383200 2258.7
1383210 2265.2
1383220 2271.9
1383230 2271.9
1383240 2278.4
1383250 2285.9
1383260 2285.9
1383270 2293.5
1383280 2298.5
1383290 2298.5
1383300 2302.5
1383310 2308.3
1383320 2308.3
1383330 2315.1
1383340 2322.0
1383350 2322.0
1383360 2329.3
1383370 2337.7
1383380 2337.7
1383390 2346.5
1383400 2355.6
1383410 2364.4
1383420 2364.4
1383430 2373.3
1383440 2382.9
1383450 2382.9
1383460 2399.6
1383470 2418.1
1383480 2418.1
1383490 2422.8
1383500 2422.9
1383510 2422.9
1383520 2414.6
1383530 2403.2
1383540 2403.2
1383550 2393.3
1383560 2384.6
1383570 2384.6
1383580 2373.6
1383590 2363.6
1383600 2355.0
1383610 2355.0
1383620 2347.7
1383630 2340.6
1383640 2340.6
1383650 2334.1
1383660 2327.9
1383670 2327.9
1383680 2321.2
1383690 2314.8
1383700 2314.8
1383710 2308.5
1383720 2303.1
1383730 2303.1
1383740 2297.2
1383750 2292.7
1383760 2292.7
1383770 2289.3
1383780 2287.1
1383790 2287.1
1383800 2284.9
1383810 2281.8
1383820 2278.4
1383830 2278.4
1383840 2274.7
1383850 2269.7
1383860 2269.7
1383870 2265.3
1383880 2261.0
1383890 2261.0
1383900 2256.6
1383910 2252.4
1383920 2252.4
1383930 2247.3
1383940 2241.7
1383950 2241.7
1383960 2239.0
1383970 2237.2
1383980 2237.2
1383990 2233.5
1384000 2228.3
1384010 2228.3
1384020 2222.6
1384030 2217.0
1384040 2213.7
1384050 2213.7
1384060 2208.1
1384070 2205.8
1384080 2205.8
1384090 2202.2
1384100 2195.2
1384110 2195.2
1384120 2187.6
1384130 2179.9
1384140 2179.9
1384150 2171.8
1384160 2161.5
1384170 2161.5
1384180 2150.6
1384190 2141.7
1384200 2141.7
1384210 2135.4
1384220 2131.3
1384230 2126.8
1384240 2126.8
1384250 2121.0
1384260 2115.2
1384270 2115.2
1384280 2109.9
1384290 2104.3
1384300 2104.3
1384310 2098.8
1384320 2093.5
1384330 2093.5
1384340 2088.5
1384350 2085.7
1384360 2085.7
1384370 2083.8
1384380 2081.5
1384390 2081.5
1384400 2080.2
1384410 2081.4
1384420 2081.4
1384430 2081.0
1384440 2080.2
1384450 2080.2
1384460 2080.2
1384470 2081.6
1384480 2084.0
1384490 2084.0
1384500 2085.8
1384510 2087.4
1384520 2087.4
1384530 2092.1
1384540 2099.3
1384550 2099.3
1384560 2105.4
1384570 2108.6
1384580 2108.6
1384590 2114.4
1384600 2121.5
1384610 2121.5
1384620 2127.1
1384630 2135.1
1384640 2135.1
1384650 2142.6
1384660 2150.0
1384670 2156.3
1384680 2156.3
1384690 2161.2
1384700 2165.6
1384710 2165.6
1384720 2170.6
1384730 2173.8
1384740 2173.8
1384750 2181.3
1384760 2190.1
1384770 2190.1
1384780 2199.8
1384790 2207.4
1384800 2207.4
1384810 2214.6
1384820 2221.1
1384830 2221.1
1384840 2226.7
1384850 2231.8
1384860 2236.3
1384870 2236.3
1384880 2240.1
1384890 2243.0
1384900 2243.0
1384910 2245.3
1384920 2249.0
1384930 2249.0
1384940 2255.2
1384950 2265.5
1384960 2265.5
1384970 2277.0
1384980 2290.6
1384990 2290.6
1385000 2302.5
1385010 2317.9
1385020 2317.9
1385030 2328.0
1385040 2338.4
1385050 2338.4
1385060 2348.7
1385070 2358.6
1385080 2368.7
1385090 2368.7
1385100 2379.7
1385110 2388.5
1385120 2388.5
1385130 2396.3
1385140 2404.1
1385150 2404.1
1385160 2411.8
1385170 2419.7
1385180 2419.7
1385190 2427.2
1385200 2434.3
1385210 2434.3
1385220 2442.1
1385230 2450.5
1385240 2450.5
1385250 2458.6
1385260 2466.2
1385270 2466.2
1385280 2473.2
1385290 2479.6
1385300 2486.5
1385310 2486.5
1385320 2493.4
1385330 2499.9
1385340 2499.9
1385350 2506.2
1385360 2512.0
1385370 2512.0
1385380 2517.0
1385390 2522.2
1385400 2522.2
1385410 2525.5
1385420 2528.8
1385430 2528.8
1385440 2532.4
1385450 2536.3
1385460 2536.3
1385470 2540.5
1385480 2544.5
1385490 2548.5
1385500 2548.5
1385510 2551.5
1385520 2555.8
1385530 2555.8
1385540 2559.1
1385550 2561.0
1385560 2561.0
1385570 2561.2
1385580 2561.5
1385590 2561.5
1385600 2560.1
1385610 2557.9
1385620 2557.9
1385630 2556.0
1385640 2555.6
1385650 2555.6
1385660 2555.1
1385670 2553.2
1385680 2553.2
1385690 2551.6
1385700 2549.2
1385710 2547.4
1385720 2547.4
1385730 2544.1
1385740 2539.8
1385750 2539.8
1385760 2535.4
1385770 2529.0
1385780 2529.0
1385790 2525.8
1385800 2524.2
1385810 2524.2
1385820 2522.2
1385830 2521.2
1385840 2521.2
1385850 2520.4
1385860 2519.5
1385870 2519.5
1385880 2518.3
1385890 2516.9
1385900 2516.9
1385910 2515.6
1385920 2516.7
1385930 2516.5
1385940 2516.5
1385950 2516.2
1385960 2516.8
1385970 2516.8
1385980 2510.2
1385990 2499.5
1386000 2499.5
1386010 2480.7
1386020 2475.8
1386030 2475.8
1386040 2457.3
1386050 2439.3
1386060 2439.3
1386070 2432.0
1386080 2432.3
1386090 2432.3
1386100 2429.6
1386110 2416.8
1386120 2396.9
1386130 2396.9
1386140 2373.5
1386150 2351.2
1386160 2351.2
1386170 2324.0
1386180 2304.4
1386190 2304.4
1386200 2299.3
1386210 2296.4
1386220 2296.4
1386230 2292.9
1386240 2288.2
1386250 2288.2
1386260 2283.9
1386270 2279.1
1386280 2279.1
1386290 2274.0
1386300 2268.2
1386310 2268.2
1386320 2263.3
1386330 2258.1
1386340 2252.8
1386350 2252.8
1386360 2247.6
1386370 2242.6
1386380 2242.6
1386390 2238.3
1386400 2234.8
1386410 2234.8
1386420 2231.2
1386430 2228.6
1386440 2228.6
1386450 2226.5
1386460 2225.5
1386470 2225.5
1386480 2225.5
1386490 2226.4
1386500 2226.4
1386510 2227.3
1386520 2227.2
1386530 2227.2
1386540 2226.3
1386550 2225.2
1386560 2223.1
1386570 2223.1
1386580 2221.9
1386590 2223.9
1386600 2223.9
1386610 2226.5
1386620 2228.8
1386630 2228.8
1386640 2230.8
1386650 2234.8
1386660 2234.8
1386670 2238.9
1386680 2244.4
1386690 2244.4
1386700 2249.5
1386710 2254.2
1386720 2254.2
1386730 2254.5
1386740 2252.2
1386750 2248.0
1386760 2248.0
1386770 2234.6
1386780 2227.7
1386790 2227.7
1386800 2231.3
1386810 2230.0
1386820 2230.0
1386830 2229.3
1386840 2235.7
1386850 2235.7
1386860 2244.8
1386870 2251.0
1386880 2251.0
1386890 2250.9
1386900 2253.3
1386910 2253.3
1386920 2257.9
1386930 2262.8
1386940 2262.8
1386950 2266.1
1386960 2275.4
1386970 2284.8
1386980 2284.8
1386990 2294.7
1387000 2302.3
1387010 2302.3
1387020 2307.2
1387030 2312.7
1387040 2312.7
1387050 2318.6
1387060 2324.7
1387070 2324.7
1387080 2332.5
1387090 2341.3
1387100 2341.3
1387110 2352.6
1387120 2368.5
1387130 2368.5
1387140 2383.9
1387150 2399.2
1387160 2407.5
1387170 2407.5
1387180 2411.2
1387190 2410.1
1387200 2410.1
1387210 2409.9
1387220 2410.4
1387230 2410.4
1387240 2410.5
1387250 2411.8
1387260 2411.8
1387270 2415.0
1387280 2421.5
1387290 2421.5
1387300 2431.2
1387310 2486.0
1387320 2486.0
1387330 2498.0
1387340 2501.9
1387350 2501.9
1387360 2506.4
1387370 2510.6
1387380 2514.6
1387390 2514.6
1387400 2518.5
1387410 2522.6
1387420 2522.6
1387430 2526.2
1387440 2530.1
1387450 2530.1
1387460 2534.0
1387470 2538.0
1387480 2538.0
1387490 2541.5
1387500 2544.9
1387510 2544.9
1387520 2549.5
1387530 2553.9
1387540 2553.9
1387550 2556.4
1387560 2555.7
1387570 2555.7
1387580 2553.8
1387590 2552.0
1387600 2548.3
1387610 2548.3
1387620 2542.8
1387630 2537.0
1387640 2537.0
1387650 2530.7
1387660 2524.7
1387670 2524.7
1387680 2520.2
1387690 2516.3
1387700 2516.3
1387710 2512.5
1387720 2509.4
1387730 2509.4
1387740 2506.5
1387750 2503.9
1387760 2503.9
1387770 2498.9
1387780 2490.5
1387790 2480.2
1387800 2480.2
1387810 2463.5
1387820 2450.5
1387830 2450.5
1387840 2444.5
1387850 2440.6
1387860 2440.6
1387870 2437.3
1387880 2435.4
1387890 2435.4
1387900 2436.0
1387910 2435.8
1387920 2435.8
1387930 2434.8
1387940 2430.4
1387950 2430.4
1387960 2424.7
1387970 2420.1
1387980 2420.1
1387990 2416.7
1388000 2415.8
1388010 2415.5
1388020 2415.5
1388030 2412.8
1388040 2413.0
1388050 2413.0
1388060 2415.0
1388070 2412.9
1388080 2412.9
1388090 2407.8
1388100 2408.7
1388110 2408.7
1388120 2411.5
1388130 2408.0
1388140 2408.0
1388150 2403.5
1388160 2399.1
1388170 2399.1
1388180 2395.2
1388190 2390.9
1388200 2390.9
1388210 2391.6
1388220 2398.3
1388230 2405.5
1388240 2405.5
1388250 2410.1
1388260 2411.5
1388270 2411.5
1388280 2413.9
1388290 2418.0
1388300 2418.0
1388310 2425.6
1388320 2434.4
1388330 2434.4
1388340 2436.9
1388350 2437.6
1388360 2437.6
1388370 2440.7
1388380 2445.0
1388390 2445.0
1388400 2450.8
1388410 2460.6
1388420 2471.2
1388430 2471.2
1388440 2480.9
1388450 2490.2
1388460 2490.2
1388470 2499.0
1388480 2508.5
1388490 2508.5
1388500 2520.0
1388510 2534.8
1388520 2534.8
1388530 2548.8
1388540 2557.4
1388550 2557.4
1388560 2565.1
1388570 2570.7
1388580 2570.7
1388590 2574.2
1388600 2580.3
1388610 2580.3
1388620 2579.3
1388630 2585.9
1388640 2591.0
1388650 2591.0
1388660 2594.9
1388670 2595.3
1388680 2595.3
1388690 2591.2
1388700 2592.6
1388710 2592.6
1388720 2596.1
1388730 2598.1
1388740 2598.1
1388750 2599.5
1388760 2601.2
1388770 2601.2
1388780 2602.7
1388790 2600.6
1388800 2600.6
1388810 2594.9
1388820 2586.1
1388830 2586.1
1388840 2573.4
1388850 2558.5
1388860 2544.1
1388870 2544.1
1388880 2533.7
1388890 2528.1
1388900 2528.1
1388910 2522.3
1388920 2518.8
1388930 2518.8
1388940 2516.2
1388950 2512.3
1388960 2512.3
1388970 2509.4
1388980 2506.6
1388990 2506.6
1389000 2503.7
1389010 2499.5
1389020 2499.5
1389030 2492.6
1389040 2487.0
1389050 2483.8
1389060 2483.8
1389070 2481.9
1389080 2480.7
1389090 2480.7
1389100 2483.1
1389110 2482.7
1389120 2482.7
1389130 2481.4
1389140 2479.1
1389150 2479.1
1389160 2474.6
1389170 2468.7
1389180 2468.7
1389190 2469.5
1389200 2476.3
1389210 2476.3
1389220 2480.6
1389230 2481.2
1389240 2481.2
1389250 2481.5
1389260 2485.0
1389270 2489.4
1389280 2489.4
1389290 2492.0
1389300 2494.9
1389310 2494.9
1389320 2499.1
1389330 2505.2
1389340 2505.2
1389350 2510.2
1389360 2512.7
1389370 2512.7
1389380 2513.1
1389390 2511.6
1389400 2511.6
1389410 2509.3
1389420 2506.2
1389430 2506.2
1389440 2492.4
1389450 2482.7
1389460 2482.7
1389470 2479.0
1389480 2474.1
1389490 2468.6
1389500 2468.6
1389510 2464.9
1389520 2463.8
1389530 2463.8
1389540 2460.9
1389550 2451.0
1389560 2451.0
1389570 2446.0
1389580 2448.5
1389590 2448.5
1389600 2453.4
1389610 2461.3
1389620 2461.3
1389630 2467.5
1389640 2470.6
1389650 2470.6
1389660 2469.9
1389670 2469.9
1389680 2468.0
1389690 2468.0
1389700 2467.4
1389710 2465.6
1389720 2465.6
1389730 2456.9
1389740 2450.9
1389750 2450.9
1389760 2442.4
1389770 2439.4
1389780 2439.4
1389790 2436.8
1389800 2435.5
1389810 2435.5
1389820 2439.7
1389830 2452.7
1389840 2452.7
1389850 2463.8
1389860 2470.7
1389870 2470.7
1389880 2478.4
1389890 2479.5
1389900 2479.4
1389910 2479.4
1389920 2479.8
1389930 2480.1
1389940 2480.1
1389950 2468.9
1389960 2471.5
1389970 2471.5
1389980 2475.2
1389990 2479.1
1390000 2479.1
1390010 2483.1
1390020 2487.6
1390030 2487.6
1390040 2486.7
1390050 2486.8
1390060 2486.8
1390070 2491.3
1390080 2499.1
1390090 2499.1
1390100 2503.7
1390110 2503.0
1390120 2505.1
1390130 2505.1
1390140 2506.6
1390150 2510.9
1390160 2510.9
1390170 2513.1
1390180 2511.7
1390190 2511.7
1390200 2509.4
1390210 2509.5
1390220 2509.5
1390230 2508.8
1390240 2509.0
1390250 2509.0
1390260 2509.9
1390270 2510.6
1390280 2510.6
1390290 2512.0
1390300 2512.5
1390310 2516.9
1390320 2516.9
1390330 2524.7
1390340 2530.3
1390350 2530.3
1390360 2535.8
1390370 2540.4
1390380 2540.4
1390390 2546.5
1390400 2552.1
1390410 2552.1
1390420 2558.4
1390430 2566.8
1390440 2566.8
1390450 2577.7
1390460 2591.4
1390470 2591.4
1390480 2606.6
1390490 2621.1
1390500 2621.1
1390510 2626.7
1390520 2625.6
1390530 2624.7
1390540 2624.7
1390550 2623.5
1390560 2622.2
1390570 2622.2
1390580 2620.9
1390590 2620.5
1390600 2620.5
1390610 2621.2
1390620 2622.0
1390630 2622.0
1390640 2622.2
1390650 2623.2
1390660 2623.2
1390670 2623.3
1390680 2623.6
1390690 2623.6
1390700 2623.0
1390710 2619.1
1390720 2617.6
1390730 2617.6
1390740 2616.6
1390750 2611.6
1390760 2611.6
1390770 2600.1
1390780 2596.1
1390790 2596.1
1390800 2587.5
1390810 2583.6
1390820 2583.6
1390830 2586.6
1390840 2590.6
1390850 2590.6
1390860 2594.1
1390870 2595.2
1390880 2595.2
1390890 2598.0
1390900 2585.5
1390910 2585.5
1390920 2568.3
1390930 2548.5
1390940 2532.8
1390950 2532.8
1390960 2521.5
1390970 2510.7
1390980 2510.7
1390990 2498.8
1391000 2485.7
1391010 2485.7
1391020 2476.0
1391030 2468.3
1391040 2468.3
1391050 2460.9
1391060 2453.8
1391070 2453.8
1391080 2446.0
1391090 2438.1
1391100 2438.1
1391110 2430.4
1391120 2423.3
1391130 2423.3
1391140 2416.2
1391150 2409.1
1391160 2402.5
1391170 2402.5
1391180 2394.8
1391190 2387.0
1391200 2387.0
1391210 2390.5
1391220 2386.9
1391230 2386.9
1391240 2386.7
1391250 2385.5
1391260 2385.5
1391270 2379.8
1391280 2374.1
1391290 2374.1
1391300 2392.1
1391310 2398.7
1391320 2398.7
1391330 2413.6
1391340 2401.3
1391350 2381.9
1391360 2381.9
1391370 2365.3
1391380 2355.5
1391390 2355.5
1391400 2349.9
1391410 2340.5
1391420 2340.5
1391430 2330.4
1391440 2319.7
1391450 2319.7
1391460 2315.5
1391470 2315.9
1391480 2315.9
1391490 2312.2
1391500 2301.7
1391510 2301.7
1391520 2291.3
1391530 2281.5
1391540 2281.5
1391550 2270.3
1391560 2258.1
1391570 2248.4
1391580 2248.4
1391590 2237.9
1391600 2226.4
1391610 2226.4
1391620 2215.0
1391630 2202.6
1391640 2202.6
1391650 2190.3
1391660 2178.6
1391670 2178.6
1391680 2166.3
1391690 2155.3
1391700 2155.3
1391710 2146.0
1391720 2135.1
1391730 2135.1
1391740 2124.2
1391750 2112.4
1391760 2112.4
1391770 2098.3
1391780 2088.4
1391790 2080.7
1391800 2080.7
1391810 2073.9
1391820 2067.1
1391830 2067.1
1391840 2059.7
1391850 2053.1
1391860 2053.1
1391870 2045.3
1391880 2034.0
1391890 2034.0
1391900 2024.6
1391910 2015.0
1391920 2015.0
1391930 2005.0
1391940 1994.2
1391950 1994.2
1391960 1983.8
1391970 1972.4
1391980 1960.0
1391990 1960.0
1392000 1945.7
1392010 1936.8
1392020 1936.8
1392030 1933.7
1392040 1929.1
1392050 1929.1
1392060 1922.9
1392070 1906.7
1392080 1906.7
1392090 1899.6
1392100 1901.9
1392110 1901.9
1392120 1899.7
1392130 1890.2
1392140 1890.2
1392150 1878.0
1392160 1858.5
1392170 1858.5
1392180 1834.5
1392190 1817.7
1392200 1806.1
1392210 1806.1
1392220 1797.4
1392230 1788.2
1392240 1788.2
1392250 1777.7
1392260 1766.2
1392270 1766.2
1392280 1750.8
1392290 1739.8
1392300 1739.8
1392310 1729.5
1392320 1713.5
1392330 1713.5
1392340 1696.9
1392350 1682.6
1392360 1682.6
1392370 1669.6
1392380 1665.7
1392390 1665.7
1392400 1663.1
1392410 1657.0
1392420 1645.9
1392430 1645.9
1392440 1628.5
1392450 1614.1
1392460 1614.1
1392470 1605.3
1392480 1597.5
1392490 1597.5
1392500 1586.5
1392510 1570.9
1392520 1570.9
1392530 1561.2
1392540 1551.7
1392550 1551.7
1392560 1537.4
1392570 1524.1
1392580 1524.1
1392590 1510.5
1392600 1497.6
1392610 1486.8
1392620 1486.8
1392630 1473.6
1392640 1461.6
1392650 1461.6
1392660 1452.7
1392670 1444.8
1392680 1444.8
1392690 1437.9
1392700 1429.4
1392710 1429.4
1392720 1415.6
1392730 1403.8
1392740 1403.8
1392750 1394.6
1392760 1386.0
1392770 1386.0
1392780 1378.8
1392790 1372.7
1392800 1372.7
1392810 1364.9
1392820 1354.7
1392830 1346.3
1392840 1346.3
1392850 1336.8
1392860 1323.4
1392870 1323.4
1392880 1313.8
1392890 1305.4
1392900 1305.4
1392910 1298.1
1392920 1289.9
1392930 1289.9
1392940 1281.1
1392950 1275.2
1392960 1275.2
1392970 1267.0
1392980 1256.2
1392990 1256.2
1393000 1246.9
1393010 1240.6
1393020 1240.6
1393030 1236.0
1393040 1229.0
1393050 1221.4
1393060 1221.4
1393070 1215.0
1393080 1210.7
1393090 1210.7
1393100 1207.9
1393110 1204.0
1393120 1204.0
1393130 1199.3
1393140 1194.3
1393150 1194.3
1393160 1189.5
1393170 1184.7
1393180 1184.7
1393190 1179.7
1393200 1174.7
1393210 1174.7
1393220 1169.7
1393230 1165.1
1393240 1161.1
1393250 1161.1
1393260 1157.1
1393270 1152.9
1393280 1152.9
1393290 1148.2
1393300 1144.1
1393310 1144.1
1393320 1140.3
1393330 1136.7
1393340 1136.7
1393350 1132.4
1393360 1127.6
1393370 1127.6
1393380 1122.9
1393390 1118.6
1393400 1118.6
1393410 1114.0
1393420 1108.6
1393430 1108.6
1393440 1103.3
1393450 1100.1
1393460 1094.8
1393470 1094.8
1393480 1082.8
1393490 1073.6
1393500 1073.6
1393510 1072.8
1393520 1077.6
1393530 1077.6
1393540 1086.3
1393550 1091.4
1393560 1091.4
1393570 1095.8
1393580 1099.3
1393590 1099.3
1393600 1103.5
1393610 1108.2
1393620 1108.2
1393630 1114.1
1393640 1120.6
1393650 1120.6
1393660 1128.0
1393670 1136.7
1393680 1143.4
1393690 1143.4
1393700 1145.5
1393710 1157.9
1393720 1157.9
1393730 1172.7
1393740 1186.5
1393750 1186.5
1393760 1194.7
1393770 1205.2
1393780 1205.2
1393790 1219.2
1393800 1225.8
1393810 1225.8
1393820 1230.9
1393830 1247.1
1393840 1247.1
1393850 1266.3
1393860 1283.5
1393870 1296.8
1393880 1296.8
1393890 1305.6
1393900 1311.9
1393910 1311.9
1393920 1317.0
1393930 1322.0
1393940 1322.0
1393950 1327.1
1393960 1332.8
1393970 1332.8
1393980 1338.3
1393990 1343.7
1394000 1343.7
1394010 1350.4
1394020 1360.2
1394030 1360.2
1394040 1373.9
1394050 1381.0
1394060 1381.0
1394070 1391.9
1394080 1397.3
1394090 1404.1
1394100 1404.1
1394110 1408.7
1394120 1411.9
1394130 1411.9
1394140 1414.3
1394150 1416.8
1394160 1416.8
1394170 1417.0
1394180 1417.7
1394190 1417.7
1394200 1419.2
1394210 1420.8
1394220 1420.8
1394230 1421.8
1394240 1422.2
1394250 1422.2
1394260 1420.9
1394270 1418.7
1394280 1416.0
1394290 1416.0
1394300 1412.8
1394310 1410.8
1394320 1410.8
1394330 1410.5
1394340 1409.9
1394350 1409.9
1394360 1408.8
1394370 1407.8
1394380 1407.8
1394390 1407.5
1394400 1407.9
1394410 1407.9
1394420 1408.6
1394430 1409.5
1394440 1409.5
1394450 1410.4
1394460 1411.1
1394470 1411.1
1394480 1411.4
1394490 1412.4
1394500 1415.9
1394510 1415.9
1394520 1421.1
1394530 1427.5
1394540 1427.5
1394550 1434.3
1394560 1441.6
1394570 1441.6
1394580 1448.0
1394590 1454.1
1394600 1454.1
1394610 1460.8
1394620 1467.3
1394630 1467.3
1394640 1474.0
1394650 1481.4
1394660 1481.4
1394670 1490.3
1394680 1498.1
1394690 1498.1
1394700 1502.3
1394710 1504.8
1394720 1513.0
1394730 1513.0
1394740 1529.1
1394750 1546.5
1394760 1546.5
1394770 1559.7
1394780 1568.1
1394790 1568.1
1394800 1575.3
1394810 1582.6
1394820 1582.6
1394830 1590.3
1394840 1596.9
1394850 1596.9
1394860 1603.7
1394870 1609.6
1394880 1609.6
1394890 1612.9
1394900 1616.0
1394910 1625.5
1394920 1625.5
1394930 1633.4
1394940 1639.0
1394950 1639.0
1394960 1641.6
1394970 1643.6
1394980 1643.6
1394990 1647.5
1395000 1648.2
1395010 1648.2
1395020 1651.5
1395030 1655.5
1395040 1655.5
1395050 1657.9
1395060 1660.4
1395070 1660.4
1395080 1662.8
1395090 1665.1
1395100 1665.1
1395110 1668.3
1395120 1672.3
1395130 1676.4
1395140 1676.4
1395150 1681.9
1395160 1687.4
1395170 1687.4
1395180 1689.7
1395190 1693.6
1395200 1693.6
1395210 1699.8
1395220 1705.4
1395230 1705.4
1395240 1709.3
1395250 1709.1
1395260 1709.1
1395270 1706.2
1395280 1704.3
1395290 1704.3
1395300 1705.1
1395310 1708.4
1395320 1708.4
1395330 1711.2
1395340 1712.6
1395350 1716.5
1395360 1716.5
1395370 1722.5
1395380 1724.5
1395390 1724.5
1395400 1723.7
1395410 1726.0
1395420 1726.0
1395430 1730.4
1395440 1733.3
1395450 1733.3
1395460 1729.4
1395470 1732.7
1395480 1732.7
1395490 1735.6
1395500 1738.3
1395510 1738.3
1395520 1740.3
1395530 1743.8
1395540 1747.7
1395550 1747.7
1395560 1752.8
1395570 1758.0
1395580 1758.0
1395590 1763.0
1395600 1767.2
1395610 1767.2
1395620 1770.9
1395630 1775.3
1395640 1775.3
1395650 1779.8
1395660 1783.4
1395670 1783.4
1395680 1786.2
1395690 1789.5
1395700 1789.5
1395710 1792.0
1395720 1794.6
1395730 1794.6
1395740 1797.8
1395750 1801.5
1395760 1804.6
1395770 1804.6
1395780 1806.2
1395790 1807.1
1395800 1807.1
1395810 1807.6
1395820 1807.3
1395830 1807.3
1395840 1806.1
1395850 1805.2
1395860 1805.2
1395870 1805.1
1395880 1805.3
1395890 1805.3
1395900 1806.1
1395910 1807.3
1395920 1807.3
1395930 1808.8
1395940 1809.8
1395950 1809.8
1395960 1810.4
1395970 1811.4
1395980 1812.2
1395990 1812.2
1396000 1810.7
1396010 1808.5
1396020 1808.5
1396030 1808.3
1396040 1808.0
1396050 1808.0
1396060 1807.3
1396070 1807.7
1396080 1807.7
1396090 1807.9
1396100 1807.7
1396110 1807.7
1396120 1807.2
1396130 1807.3
1396140 1807.3
1396150 1807.0
1396160 1805.6
1396170 1806.8
1396180 1806.8
1396190 1806.3
1396200 1804.5
1396210 1804.5
1396220 1801.9
1396230 1800.3
1396240 1800.3
1396250 1803.6
1396260 1807.2
1396270 1807.2
1396280 1811.1
1396290 1814.6
1396300 1814.6
1396310 1818.3
1396320 1820.5
1396330 1820.5
1396340 1820.9
1396350 1818.6
1396360 1818.6
1396370 1817.0
1396380 1818.7
1396390 1821.1
1396400 1821.1
1396410 1823.5
1396420 1824.8
1396430 1824.8
1396440 1827.1
1396450 1828.5
1396460 1828.5
1396470 1830.9
1396480 1834.5
1396490 1834.5
1396500 1838.7
1396510 1843.3
1396520 1843.3
1396530 1847.3
1396540 1851.1
1396550 1851.1
1396560 1854.8
1396570 1860.1
1396580 1860.1
1396590 1866.8
1396600 1873.0
1396610 1878.6
1396620 1878.6
1396630 1884.5
1396640 1889.6
1396650 1889.6
1396660 1893.3
1396670 1898.5
1396680 1898.5
1396690 1905.6
1396700 1913.6
1396710 1913.6
1396720 1918.8
1396730 1919.7
1396740 1919.7
1396750 1920.3
1396760 1920.9
1396770 1920.9
1396780 1921.0
1396790 1921.9
1396800 1923.5
1396810 1923.5
1396820 1921.8
1396830 1918.1
1396840 1918.1
1396850 1914.6
1396860 1911.4
1396870 1911.4
1396880 1906.3
1396890 1904.1
1396900 1904.1
1396910 1903.8
1396920 1903.8
1396930 1903.8
1396940 1903.8
1396950 1904.0
1396960 1904.0
1396970 1904.4
1396980 1905.0
1396990 1905.0
1397000 1905.8
1397010 1906.5
1397020 1907.6
1397030 1907.6
1397040 1909.8
1397050 1910.6
1397060 1910.6
1397070 1910.3
1397080 1913.4
1397090 1913.4
1397100 1916.8
1397110 1919.2
1397120 1919.2
1397130 1920.4
1397140 1920.7
1397150 1920.7
1397160 1920.1
1397170 1920.6
1397180 1920.6
1397190 1921.5
1397200 1923.1
1397210 1924.7
1397220 1924.7
1397230 1927.3
1397240 1929.5
1397250 1929.5
1397260 1931.8
1397270 1935.6
1397280 1935.6
1397290 1938.7
1397300 1941.4
1397310 1941.4
1397320 1944.7
1397330 1948.5
1397340 1948.5
1397350 1952.9
1397360 1957.0
1397370 1957.0
1397380 1961.3
1397390 1964.8
1397400 1964.8
1397410 1968.0
1397420 1973.6
1397430 1980.5
1397440 1980.5
1397450 1988.9
1397460 1997.9
1397470 1997.9
1397480 2006.4
1397490 2013.6
1397500 2013.6
1397510 2019.3
1397520 2023.9
1397530 2023.9
1397540 2029.1
1397550 2035.5
1397560 2035.5
1397570 2036.4
1397580 2040.0
1397590 2040.0
1397600 2046.6
1397610 2052.7
1397620 2052.7
1397630 2057.9
1397640 2062.0
1397650 2066.6
1397660 2066.6
1397670 2071.5
1397680 2076.6
1397690 2076.6
1397700 2081.6
1397710 2086.9
1397720 2086.9
1397730 2092.4
1397740 2098.1
1397750 2098.1
1397760 2103.7
1397770 2108.9
1397780 2108.9
1397790 2112.9
1397800 2117.1
1397810 2117.1
1397820 2121.5
1397830 2126.3
1397840 2132.0
1397850 2132.0
1397860 2137.8
1397870 2143.3
1397880 2143.3
1397890 2148.6
1397900 2154.2
1397910 2154.2
1397920 2159.5
1397930 2164.8
1397940 2164.8
1397950 2169.6
1397960 2174.0
1397970 2174.0
1397980 2178.7
1397990 2183.5
1398000 2183.5
1398010 2188.3
1398020 2192.9
1398030 2192.9
1398040 2197.5
1398050 2202.5
1398060 2207.8
1398070 2207.8
1398080 2212.8
1398090 2217.3
1398100 2217.3
1398110 2221.9
1398120 2226.9
1398130 2226.9
1398140 2232.0
1398150 2237.4
1398160 2237.4
1398170 2243.4
1398180 2249.9
1398190 2249.9
1398200 2256.4
1398210 2262.7
1398220 2262.7
1398230 2269.1
1398240 2275.6
1398250 2275.6
1398260 2282.1
1398270 2289.1
1398280 2296.6
1398290 2296.6
1398300 2304.3
1398310 2311.4
1398320 2311.4
1398330 2318.3
1398340 2325.6
1398350 2327.5
1398360 2334.7
1398370 2342.3
1398380 2342.3
1398390 2349.9
1398400 2357.7
1398410 2357.7
1398420 2365.4
1398430 2371.9
1398440 2371.9
1398450 2377.8
1398460 2382.8
1398470 2388.5
1398480 2388.5
1398490 2395.4
1398500 2402.5
1398510 2402.5
1398520 2409.8
1398530 2416.9
1398540 2416.9
1398550 2418.8
1398560 2416.3
1398570 2416.3
1398580 2413.4
1398590 2410.3
1398600 2410.3
1398610 2406.8
1398620 2403.0
1398630 2403.0
1398640 2399.7
1398650 2397.1
1398660 2397.1
1398670 2394.1
1398680 2391.9
1398690 2390.1
1398700 2390.1
1398710 2388.3
1398720 2386.6
1398730 2386.6
1398740 2385.6
1398750 2385.0
1398760 2385.0
1398770 2384.6
1398780 2383.4
1398790 2383.4
1398800 2378.4
1398810 2371.6
1398820 2371.6
1398830 2368.5
1398840 2364.7
1398850 2364.7
1398860 2359.7
1398870 2355.5
1398880 2355.5
1398890 2350.9
1398900 2349.7
1398910 2377.8
1398920 2377.8
1398930 2376.9
1398940 2372.7
1398950 2372.7
1398960 2373.3
1398970 2368.2
1398980 2368.2
1398990 2368.1
1399000 2367.3
1399010 2367.3
1399020 2363.8
1399030 2350.3
1399040 2350.3
1399050 2338.5
1399060 2329.2
1399070 2329.2
1399080 2323.0
1399090 2314.9
1399100 2306.7
1399110 2306.7
1399120 2301.0
1399130 2292.1
1399140 2292.1
1399150 2286.8
1399160 2278.9
1399170 2278.9
1399180 2270.4
1399190 2269.7
1399200 2269.7
1399210 2264.2
1399220 2257.4
1399230 2257.4
1399240 2251.4
1399250 2245.1
1399260 2245.1
1399270 2239.3
1399280 2237.3
1399290 2237.3
1399300 2232.0
1399310 2215.3
1399320 2206.6
1399330 2206.6
1399340 2201.7
1399350 2197.7
1399360 2197.7
1399370 2195.6
1399380 2192.6
1399390 2192.6
1399400 2190.5
1399410 2186.4
1399420 2186.4
1399430 2183.9
1399440 2182.3
1399450 2182.3
1399460 2182.8
1399470 2183.3
1399480 2183.3
1399490 2179.9
1399500 2173.9
1399510 2172.8
1399520 2172.8
1399530 2174.3
1399540 2168.9
1399550 2168.9
1399560 2170.5
1399570 2176.3
1399580 2176.3
1399590 2172.8
1399600 2172.5
1399610 2172.5
1399620 2171.8
1399630 2170.4
1399640 2170.4
1399650 2171.0
1399660 2168.0
1399670 2168.0
1399680 2166.1
1399690 2166.8
1399700 2166.8
1399710 2163.8
1399720 2160.4
1399730 2156.3
1399740 2156.3
1399750 2155.9
1399760 2160.2
1399770 2160.2
1399780 2170.0
1399790 2173.7
1399800 2173.7
1399810 2172.0
1399820 2174.8
1399830 2162.4
1399840 2166.7
1399850 2169.2
1399860 2169.2
1399870 2168.8
1399880 2167.4
1399890 2167.4
1399900 2166.6
1399910 2168.2
1399920 2168.2
1399930 2172.3
1399940 2176.7
1399950 2180.8
1399960 2180.8
1399970 2178.1
1399980 2178.0
1399990 2178.0
1380000 2093.9
1380010 2093.9
1380020 2095.4
1380030 2097.1
1380040 2098.7
1380050 2098.7
1380060 2099.9
1380070 2101.0
1380080 2101.0
1380090 2101.9
1380100 2102.2
1380110 2102.2
1380120 2102.6
1380130 2102.9
1380140 2102.9
1380150 2105.4
1380160 2104.4
1380170 2104.4
1380180 2100.8
1380190 2102.4
1380200 2102.4
1380210 2104.2
1380220 2105.3
1380230 2105.3
1380240 2108.7
1380250 2110.7
1380260 2111.2
1380270 2111.2
1380280 2112.3
1380290 2113.6
1380300 2113.6
1380310 2114.3
1380320 2114.9
1380330 2114.9
1380340 2115.6
1380350 2116.5
1380360 2116.5
1380370 2116.7
1380380 2116.6
1380390 2116.6
1380400 2116.5
1380410 2116.0
1380420 2116.0
1380430 2115.2
1380440 2115.2
1380450 2115.2
1380460 2115.7
1380470 2117.3
1380480 2120.0
1380490 2120.0
1380500 2121.2
1380510 2122.1
1380520 2122.1
1380530 2124.7
1380540 2128.3
1380550 2128.3
1380560 2132.0
1380570 2135.7
1380580 2135.7
1380590 2138.1
1380600 2138.9
1380610 2138.9
1380620 2139.7
1380630 2141.2
1380640 2141.2
1380650 2142.2
1380660 2142.7
1380670 2142.1
1380680 2142.1
1380690 2139.3
1380700 2133.4
1380710 2133.4
1380720 2126.9
1380730 2121.6
1380740 2121.6
1380750 2116.1
1380760 2108.2
1380770 2108.2
1380780 2100.9
1380790 2099.5
1380800 2099.5
1380810 2104.0
1380820 2104.1
1380830 2104.1
1380840 2098.4
1380850 2092.3
1380860 2092.3
1380870 2091.3
1380880 2096.3
1380890 2102.6
1380900 2102.6
1380910 2108.3
1380920 2112.7
1380930 2112.7
1380940 2113.8
1380950 2113.2
1380960 2113.2
1380970 2112.7
1380980 2112.1
1380990 2112.1
1381000 2105.2
1381010 2103.2
1381020 2103.2
1381030 2100.6
1381040 2095.6
1381050 2095.6
1381060 2091.0
1381070 2086.9
1381080 2086.9
1381090 2083.0
1381100 2090.2
1381110 2101.7
1381120 2101.7
1381130 2108.8
1381140 2112.4
1381150 2112.4
1381160 2118.9
1381170 2126.0
1381180 2126.0
1381190 2132.8
1381200 2139.1
1381210 2139.1
1381220 2146.6
1381230 2153.1
1381240 2153.1
1381250 2158.8
1381260 2165.1
1381270 2165.1
1381280 2172.0
1381290 2179.9
1381300 2187.6
1381310 2187.6
1381320 2194.5
1381330 2199.6
1381340 2199.6
1381350 2203.8
1381360 2211.1
1381370 2211.1
1381380 2217.9
1381390 2222.7
1381400 2222.7
1381410 2225.9
1381420 2234.8
1381430 2234.8
1381440 2243.1
1381450 2245.3
1381460 2245.3
1381470 2246.8
1381480 2248.0
1381490 2248.0
1381500 2249.1
1381510 2255.4
1381520 2264.4
1381530 2264.4
1381540 2273.7
1381550 2278.3
1381560 2278.3
1381570 2281.8
1381580 2283.9
1381590 2283.9
1381600 2286.4
1381610 2291.1
1381620 2291.1
1381630 2299.2
1381640 2305.7
1381650 2305.7
1381660 2310.4
1381670 2313.7
1381680 2313.7
1381690 2315.2
1381700 2317.9
1381710 2317.9
1381720 2322.3
1381730 2327.7
1381740 2333.3
1381750 2333.3
1381760 2339.0
1381770 2344.5
1381780 2344.5
1381790 2349.0
1381800 2353.5
1381810 2353.5
1381820 2358.2
1381830 2363.3
1381840 2363.3
1381850 2369.9
1381860 2376.5
1381870 2376.5
1381880 2382.4
1381890 2387.2
1381900 2387.2
1381910 2391.2
1381920 2395.0
1381930 2399.3
1381940 2399.3
1381950 2402.7
1381960 2405.8
1381970 2405.8
1381980 2408.0
1381990 2405.9
1382000 2405.9
1382010 2403.8
1382020 2400.6
1382030 2400.6
1382040 2397.4
1382050 2394.3
1382060 2394.3
1382070 2392.1
1382080 2393.8
1382090 2393.8
1382100 2397.9
1382110 2397.3
1382120 2397.3
1382130 2393.2
1382140 2387.6
1382150 2380.5
1382160 2380.5
1382170 2372.3
1382180 2363.0
1382190 2363.0
1382200 2353.4
1382210 2344.5
1382220 2344.5
1382230 2334.7
1382240 2325.8
1382250 2325.8
1382260 2317.5
1382270 2309.6
1382280 2309.6
1382290 2301.9
1382300 2294.2
1382310 2294.2
1382320 2285.9
1382330 2276.9
1382340 2276.9
1382350 2266.8
1382360 2256.6
1382370 2247.1
1382380 2247.1
1382390 2238.9
1382400 2230.6
1382410 2230.6
1382420 2224.3
1382430 2217.0
1382440 2217.0
1382450 2206.4
1382460 2193.1
1382470 2193.1
1382480 2186.2
1382490 2181.4
1382500 2181.4
1382510 2176.9
1382520 2172.2
1382530 2172.2
1382540 2167.4
1382550 2163.1
1382560 2159.1
1382570 2159.1
1382580 2155.5
1382590 2151.4
1382600 2151.4
1382610 2148.2
1382620 2145.6
1382630 2145.6
1382640 2142.8
1382650 2138.8
1382660 2138.8
1382670 2139.4
1382680 2141.2
1382690 2141.2
1382700 2138.8
1382710 2137.0
1382720 2137.0
1382730 2137.6
1382740 2138.6
1382750 2138.6
1382760 2139.5
1382770 2140.4
1382780 2142.0
1382790 2142.0
1382800 2143.6
1382810 2145.6
1382820 2145.6
1382830 2147.5
1382840 2150.6
1382850 2150.6
1382860 2154.2
1382870 2157.2
1382880 2157.2
1382890 2159.4
1382900 2158.2
1382910 2158.2
1382920 2158.9
1382930 2160.8
1382940 2160.8
1382950 2164.5
1382960 2169.7
1382970 2169.7
1382980 2174.8
1382990 2179.4
1383000 2182.8
1383010 2182.8
1383020 2185.9
1383030 2190.1
1383040 2190.1
1383050 2195.3
1383060 2200.6
1383070 2200.6
1383080 2205.6
1383090 2211.1
1383100 2211.1
1383110 2220.3
1383120 2228.6
1383130 2228.6
1383140 2234.7
1383150 2238.1
1383160 2238.1
1383170 2243.9
1383180 2251.8
1383190 2258.7
1383200 2258.7
1383210 2265.2
1383220 2271.9
1383230 2271.9
1383240 2278.4
1383250 2285.9
1383260 2285.9
1383270 2293.5
1383280 2298.5
1383290 2298.5
1383300 2302.5
1383310 2308.3
1383320 2308.3
1383330 2315.1
1383340 2322.0
1383350 2322.0
1383360 2329.3
1383370 2337.7
1383380 2337.7
1383390 2346.5
1383400 2355.6
1383410 2364.4
1383420 2364.4
1383430 2373.3
1383440 2382.9
1383450 2382.9
1383460 2399.6
1383470 2418.1
1383480 2418.1
1383490 2422.8
1383500 2422.9
1383510 2422.9
1383520 2414.6
1383530 2403.2
1383540 2403.2
1383550 2393.3
1383560 2384.6
1383570 2384.6
1383580 2373.6
1383590 2363.6
1383600 2355.0
1383610 2355.0
1383620 2347.7
1383630 2340.6
1383640 2340.6
1383650 2334.1
1383660 2327.9
1383670 2327.9
1383680 2321.2
1383690 2314.8
1383700 2314.8
1383710 2308.5
1383720 2303.1
1383730 2303.1
1383740 2297.2
1383750 2292.7
1383760 2292.7
1383770 2289.3
1383780 2287.1
1383790 2287.1
1383800 2284.9
1383810 2281.8
1383820 2278.4
1383830 2278.4
1383840 2274.7
1383850 2269.7
1383860 2269.7
1383870 2265.3
1383880 2261.0
1383890 2261.0
1383900 2256.6
1383910 2252.4
1383920 2252.4
1383930 2247.3
1383940 2241.7
1383950 2241.7
1383960 2239.0
1383970 2237.2
1383980 2237.2
1383990 2233.5
1384000 2228.3
1384010 2228.3
1384020 2222.6
1384030 2217.0
1384040 2213.7
1384050 2213.7
1384060 2208.1
1384070 2205.8
1384080 2205.8
1384090 2202.2
1384100 2195.2
1384110 2195.2
1384120 2187.6
1384130 2179.9
1384140 2179.9
1384150 2171.8
1384160 2161.5
1384170 2161.5
1384180 2150.6
1384190 2141.7
1384200 2141.7
1384210 2135.4
1384220 2131.3
1384230 2126.8
1384240 2126.8
1384250 2121.0
1384260 2115.2
1384270 2115.2
1384280 2109.9
1384290 2104.3
1384300 2104.3
1384310 2098.8
1384320 2093.5
1384330 2093.5
1384340 2088.5
1384350 2085.7
1384360 2085.7
1384370 2083.8
1384380 2081.5
1384390 2081.5
1384400 2080.2
1384410 2081.4
1384420 2081.4
1384430 2081.0
1384440 2080.2
1384450 2080.2
1384460 2080.2
1384470 2081.6
1384480 2084.0
1384490 2084.0
1384500 2085.8
1384510 2087.4
1384520 2087.4
1384530 2092.1
1384540 2099.3
1384550 2099.3
1384560 2105.4
1384570 2108.6
1384580 2108.6
1384590 2114.4
1384600 2121.5
1384610 2121.5
1384620 2127.1
1384630 2135.1
1384640 2135.1
1384650 2142.6
1384660 2150.0
1384670 2156.3
1384680 2156.3
1384690 2161.2
1384700 2165.6
1384710 2165.6
1384720 2170.6
1384730 2173.8
1384740 2173.8
1384750 2181.3
1384760 2190.1
1384770 2190.1
1384780 2199.8
1384790 2207.4
1384800 2207.4
1384810 2214.6
1384820 2221.1
1384830 2221.1
1384840 2226.7
1384850 2231.8
1384860 2236.3
1384870 2236.3
1384880 2240.1
1384890 2243.0
1384900 2243.0
1384910 2245.3
1384920 2249.0
1384930 2249.0
1384940 2255.2
1384950 2265.5
1384960 2265.5
1384970 2277.0
1384980 2290.6
1384990 2290.6
1385000 2302.5
1385010 2317.9
1385020 2317.9
1385030 2328.0
1385040 2338.4
1385050 2338.4
1385060 2348.7
1385070 2358.6
1385080 2368.7
1385090 2368.7
1385100 2379.7
1385110 2388.5
1385120 2388.5
1385130 2396.3
1385140 2404.1
1385150 2404.1
1385160 2411.8
1385170 2419.7
1385180 2419.7
1385190 2427.2
1385200 2434.3
1385210 2434.3
1385220 2442.1
1385230 2450.5
1385240 2450.5
1385250 2458.6
1385260 2466.2
1385270 2466.2
1385280 2473.2
1385290 2479.6
1385300 2486.5
1385310 2486.5
1385320 2493.4
1385330 2499.9
1385340 2499.9
1385350 2506.2
1385360 2512.0
1385370 2512.0
1385380 2517.0
1385390 2522.2
1385400 2522.2
1385410 2525.5
1385420 2528.8
1385430 2528.8
1385440 2532.4
1385450 2536.3
1385460 2536.3
1385470 2540.5
1385480 2544.5
1385490 2548.5
1385500 2548.5
1385510 2551.5
1385520 2555.8
1385530 2555.8
1385540 2559.1
1385550 2561.0
1385560 2561.0
1385570 2561.2
1385580 2561.5
1385590 2561.5
1385600 2560.1
1385610 2557.9
1385620 2557.9
1385630 2556.0
1385640 2555.6
1385650 2555.6
1385660 2555.1
1385670 2553.2
1385680 2553.2
1385690 2551.6
1385700 2549.2
1385710 2547.4
1385720 2547.4
1385730 2544.1
1385740 2539.8
1385750 2539.8
1385760 2535.4
1385770 2529.0
1385780 2529.0
1385790 2525.8
1385800 2524.2
1385810 2524.2
1385820 2522.2
1385830 2521.2
1385840 2521.2
1385850 2520.4
1385860 2519.5
1385870 2519.5
1385880 2518.3
1385890 2516.9
1385900 2516.9
1385910 2515.6
1385920 2516.7
1385930 2516.5
1385940 2516.5
1385950 2516.2
1385960 2516.8
1385970 2516.8
1385980 2510.2
1385990 2499.5
1386000 2499.5
1386010 2480.7
1386020 2475.8
1386030 2475.8
1386040 2457.3
1386050 2439.3
1386060 2439.3
1386070 2432.0
1386080 2432.3
1386090 2432.3
1386100 2429.6
1386110 2416.8
1386120 2396.9
1386130 2396.9
1386140 2373.5
1386150 2351.2
1386160 2351.2
1386170 2324.0
1386180 2304.4
1386190 2304.4
1386200 2299.3
1386210 2296.4
1386220 2296.4
1386230 2292.9
1386240 2288.2
1386250 2288.2
1386260 2283.9
1386270 2279.1
1386280 2279.1
1386290 2274.0
1386300 2268.2
1386310 2268.2
1386320 2263.3
1386330 2258.1
1386340 2252.8
1386350 2252.8
1386360 2247.6
1386370 2242.6
1386380 2242.6
1386390 2238.3
1386400 2234.8
1386410 2234.8
1386420 2231.2
1386430 2228.6
1386440 2228.6
1386450 2226.5
1386460 2225.5
1386470 2225.5
1386480 2225.5
1386490 2226.4
1386500 2226.4
1386510 2227.3
1386520 2227.2
1386530 2227.2
1386540 2226.3
1386550 2225.2
1386560 2223.1
1386570 2223.1
1386580 2221.9
1386590 2223.9
1386600 2223.9
1386610 2226.5
1386620 2228.8
1386630 2228.8
1386640 2230.8
1386650 2234.8
1386660 2234.8
1386670 2238.9
1386680 2244.4
1386690 2244.4
1386700 2249.5
1386710 2254.2
1386720 2254.2
1386730 2254.5
1386740 2252.2
1386750 2248.0
1386760 2248.0
1386770 2234.6
1386780 2227.7
1386790 2227.7
1386800 2231.3
1386810 2230.0
1386820 2230.0
1386830 2229.3
1386840 2235.7
1386850 2235.7
1386860 2244.8
1386870 2251.0
1386880 2251.0
1386890 2250.9
1386900 2253.3
1386910 2253.3
1386920 2257.9
1386930 2262.8
1386940 2262.8
1386950 2266.1
1386960 2275.4
1386970 2284.8
1386980 2284.8
1386990 2294.7
1387000 2302.3
1387010 2302.3
1387020 2307.2
1387030 2312.7
1387040 2312.7
1387050 2318.6
1387060 2324.7
1387070 2324.7
1387080 2332.5
1387090 2341.3
1387100 2341.3
1387110 2352.6
1387120 2368.5
1387130 2368.5
1387140 2383.9
1387150 2399.2
1387160 2407.5
1387170 2407.5
1387180 2411.2
1387190 2410.1
1387200 2410.1
1387210 2409.9
1387220 2410.4
1387230 2410.4
1387240 2410.5
1387250 2411.8
1387260 2411.8
1387270 2415.0
1387280 2421.5
1387290 2421.5
1387300 2431.2
1387310 2486.0
1387320 2486.0
1387330 2498.0
1387340 2501.9
1387350 2501.9
1387360 2506.4
1387370 2510.6
1387380 2514.6
1387390 2514.6
1387400 2518.5
1387410 2522.6
1387420 2522.6
1387430 2526.2
1387440 2530.1
1387450 2530.1
1387460 2534.0
1387470 2538.0
1387480 2538.0
1387490 2541.5
1387500 2544.9
1387510 2544.9
1387520 2549.5
1387530 2553.9
1387540 2553.9
1387550 2556.4
1387560 2555.7
1387570 2555.7
1387580 2553.8
1387590 2552.0
1387600 2548.3
1387610 2548.3
1387620 2542.8
1387630 2537.0
1387640 2537.0
1387650 2530.7
1387660 2524.7
1387670 2524.7
1387680 2520.2
1387690 2516.3
1387700 2516.3
1387710 2512.5
1387720 2509.4
1387730 2509.4
1387740 2506.5
1387750 2503.9
1387760 2503.9
1387770 2498.9
1387780 2490.5
1387790 2480.2
1387800 2480.2
1387810 2463.5
1387820 2450.5
1387830 2450.5
1387840 2444.5
1387850 2440.6
1387860 2440.6
1387870 2437.3
1387880 2435.4
1387890 2435.4
1387900 2436.0
1387910 2435.8
1387920 2435.8
1387930 2434.8
1387940 2430.4
1387950 2430.4
1387960 2424.7
1387970 2420.1
1387980 2420.1
1387990 2416.7
1388000 2415.8
1388010 2415.5
1388020 2415.5
1388030 2412.8
1388040 2413.0
1388050 2413.0
1388060 2415.0
1388070 2412.9
1388080 2412.9
1388090 2407.8
1388100 2408.7
1388110 2408.7
1388120 2411.5
1388130 2408.0
1388140 2408.0
1388150 2403.5
1388160 2399.1
1388170 2399.1
1388180 2395.2
1388190 2390.9
1388200 2390.9
1388210 2391.6
1388220 2398.3
1388230 2405.5
1388240 2405.5
1388250 2410.1
1388260 2411.5
1388270 2411.5
1388280 2413.9
1388290 2418.0
1388300 2418.0
1388310 2425.6
1388320 2434.4
1388330 2434.4
1388340 2436.9
1388350 2437.6
1388360 2437.6
1388370 2440.7
1388380 2445.0
1388390 2445.0
1388400 2450.8
1388410 2460.6
1388420 2471.2
1388430 2471.2
1388440 2480.9
1388450 2490.2
1388460 2490.2
1388470 2499.0
1388480 2508.5
1388490 2508.5
1388500 2520.0
1388510 2534.8
1388520 2534.8
1388530 2548.8
1388540 2557.4
1388550 2557.4
1388560 2565.1
1388570 2570.7
1388580 2570.7
1388590 2574.2
1388600 2580.3
1388610 2580.3
1388620 2579.3
1388630 2585.9
1388640 2591.0
1388650 2591.0
1388660 2594.9
1388670 2595.3
1388680 2595.3
1388690 2591.2
1388700 2592.6
1388710 2592.6
1388720 2596.1
1388730 2598.1
1388740 2598.1
1388750 2599.5
1388760 2601.2
1388770 2601.2
1388780 2602.7
1388790 2600.6
1388800 2600.6
1388810 2594.9
1388820 2586.1
1388830 2586.1
1388840 2573.4
1388850 2558.5
1388860 2544.1
1388870 2544.1
1388880 2533.7
1388890 2528.1
1388900 2528.1
1388910 2522.3
1388920 2518.8
1388930 2518.8
1388940 2516.2
1388950 2512.3
1388960 2512.3
1388970 2509.4
1388980 2506.6
1388990 2506.6
1389000 2503.7
1389010 2499.5
1389020 2499.5
1389030 2492.6
1389040 2487.0
1389050 2483.8
1389060 2483.8
1389070 2481.9
1389080 2480.7
1389090 2480.7
1389100 2483.1
1389110 2482.7
1389120 2482.7
1389130 2481.4
1389140 2479.1
1389150 2479.1
1389160 2474.6
1389170 2468.7
1389180 2468.7
1389190 2469.5
1389200 2476.3
1389210 2476.3
1389220 2480.6
1389230 2481.2
1389240 2481.2
1389250 2481.5
1389260 2485.0
1389270 2489.4
1389280 2489.4
1389290 2492.0
1389300 2494.9
1389310 2494.9
1389320 2499.1
1389330 2505.2
1389340 2505.2
1389350 2510.2
1389360 2512.7
1389370 2512.7
1389380 2513.1
1389390 2511.6
1389400 2511.6
1389410 2509.3
1389420 2506.2
1389430 2506.2
1389440 2492.4
1389450 2482.7
1389460 2482.7
1389470 2479.0
1389480 2474.1
1389490 2468.6
1389500 2468.6
1389510 2464.9
1389520 2463.8
1389530 2463.8
1389540 2460.9
1389550 2451.0
1389560 2451.0
1389570 2446.0
1389580 2448.5
1389590 2448.5
1389600 2453.4
1389610 2461.3
1389620 2461.3
1389630 2467.5
1389640 2470.6
1389650 2470.6
1389660 2469.9
1389670 2469.9
1389680 2468.0
1389690 2468.0
1389700 2467.4
1389710 2465.6
1389720 2465.6
1389730 2456.9
1389740 2450.9
1389750 2450.9
1389760 2442.4
1389770 2439.4
1389780 2439.4
1389790 2436.8
1389800 2435.5
1389810 2435.5
1389820 2439.7
1389830 2452.7
1389840 2452.7
1389850 2463.8
1389860 2470.7
1389870 2470.7
1389880 2478.4
1389890 2479.5
1389900 2479.4
1389910 2479.4
1389920 2479.8
1389930 2480.1
1389940 2480.1
1389950 2468.9
1389960 2471.5
1389970 2471.5
1389980 2475.2
1389990 2479.1
1390000 2479.1
1390010 2483.1
1390020 2487.6
1390030 2487.6
1390040 2486.7
1390050 2486.8
1390060 2486.8
1390070 2491.3
1390080 2499.1
1390090 2499.1
1390100 2503.7
1390110 2503.0
1390120 2505.1
1390130 2505.1
1390140 2506.6
1390150 2510.9
1390160 2510.9
1390170 2513.1
1390180 2511.7
1390190 2511.7
1390200 2509.4
1390210 2509.5
1390220 2509.5
1390230 2508.8
1390240 2509.0
1390250 2509.0
1390260 2509.9
1390270 2510.6
1390280 2510.6
1390290 2512.0
1390300 2512.5
1390310 2516.9
1390320 2516.9
1390330 2524.7
1390340 2530.3
1390350 2530.3
1390360 2535.8
1390370 2540.4
1390380 2540.4
1390390 2546.5
1390400 2552.1
1390410 2552.1
1390420 2558.4
1390430 2566.8
1390440 2566.8
1390450 2577.7
1390460 2591.4
1390470 2591.4
1390480 2606.6
1390490 2621.1
1390500 2621.1
1390510 2626.7
1390520 2625.6
1390530 2624.7
1390540 2624.7
1390550 2623.5
1390560 2622.2
1390570 2622.2
1390580 2620.9
1390590 2620.5
1390600 2620.5
1390610 2621.2
1390620 2622.0
1390630 2622.0
1390640 2622.2
1390650 2623.2
1390660 2623.2
1390670 2623.3
1390680 2623.6
1390690 2623.6
1390700 2623.0
1390710 2619.1
1390720 2617.6
1390730 2617.6
1390740 2616.6
1390750 2611.6
1390760 2611.6
1390770 2600.1
1390780 2596.1
1390790 2596.1
1390800 2587.5
1390810 2583.6
1390820 2583.6
1390830 2586.6
1390840 2590.6
1390850 2590.6
1390860 2594.1
1390870 2595.2
1390880 2595.2
1390890 2598.0
1390900 2585.5
1390910 2585.5
1390920 2568.3
1390930 2548.5
1390940 2532.8
1390950 2532.8
1390960 2521.5
1390970 2510.7
1390980 2510.7
1390990 2498.8
1391000 2485.7
1391010 2485.7
1391020 2476.0
1391030 2468.3
1391040 2468.3
1391050 2460.9
1391060 2453.8
1391070 2453.8
1391080 2446.0
1391090 2438.1
1391100 2438.1
1391110 2430.4
1391120 2423.3
1391130 2423.3
1391140 2416.2
1391150 2409.1
1391160 2402.5
1391170 2402.5
1391180 2394.8
1391190 2387.0
1391200 2387.0
1391210 2390.5
1391220 2386.9
1391230 2386.9
1391240 2386.7
1391250 2385.5
1391260 2385.5
1391270 2379.8
1391280 2374.1
1391290 2374.1
1391300 2392.1
1391310 2398.7
1391320 2398.7
1391330 2413.6
1391340 2401.3
1391350 2381.9
1391360 2381.9
1391370 2365.3
1391380 2355.5
1391390 2355.5
1391400 2349.9
1391410 2340.5
1391420 2340.5
1391430 2330.4
1391440 2319.7
1391450 2319.7
1391460 2315.5
1391470 2315.9
1391480 2315.9
1391490 2312.2
1391500 2301.7
1391510 2301.7
1391520 2291.3
1391530 2281.5
1391540 2281.5
1391550 2270.3
1391560 2258.1
1391570 2248.4
1391580 2248.4
1391590 2237.9
1391600 2226.4
1391610 2226.4
1391620 2215.0
1391630 2202.6
1391640 2202.6
1391650 2190.3
1391660 2178.6
1391670 2178.6
1391680 2166.3
1391690 2155.3
1391700 2155.3
1391710 2146.0
1391720 2135.1
1391730 2135.1
1391740 2124.2
1391750 2112.4
1391760 2112.4
1391770 2098.3
1391780 2088.4
1391790 2080.7
1391800 2080.7
1391810 2073.9
1391820 2067.1
1391830 2067.1
1391840 2059.7
1391850 2053.1
1391860 2053.1
1391870 2045.3
1391880 2034.0
1391890 2034.0
1391900 2024.6
1391910 2015.0
1391920 2015.0
1391930 2005.0
1391940 1994.2
1391950 1994.2
1391960 1983.8
1391970 1972.4
1391980 1960.0
1391990 1960.0
1392000 1945.7
1392010 1936.8
1392020 1936.8
1392030 1933.7
1392040 1929.1
1392050 1929.1
1392060 1922.9
1392070 1906.7
1392080 1906.7
1392090 1899.6
1392100 1901.9
1392110 1901.9
1392120 1899.7
1392130 1890.2
1392140 1890.2
1392150 1878.0
1392160 1858.5
1392170 1858.5
1392180 1834.5
1392190 1817.7
1392200 1806.1
1392210 1806.1
1392220 1797.4
1392230 1788.2
1392240 1788.2
1392250 1777.7
1392260 1766.2
1392270 1766.2
1392280 1750.8
1392290 1739.8
1392300 1739.8
1392310 1729.5
1392320 1713.5
1392330 1713.5
1392340 1696.9
1392350 1682.6
1392360 1682.6
1392370 1669.6
1392380 1665.7
1392390 1665.7
1392400 1663.1
1392410 1657.0
1392420 1645.9
1392430 1645.9
1392440 1628.5
1392450 1614.1
1392460 1614.1
1392470 1605.3
1392480 1597.5
1392490 1597.5
1392500 1586.5
1392510 1570.9
1392520 1570.9
1392530 1561.2
1392540 1551.7
1392550 1551.7
1392560 1537.4
1392570 1524.1
1392580 1524.1
1392590 1510.5
1392600 1497.6
1392610 1486.8
1392620 1486.8
1392630 1473.6
1392640 1461.6
1392650 1461.6
1392660 1452.7
1392670 1444.8
1392680 1444.8
1392690 1437.9
1392700 1429.4
1392710 1429.4
1392720 1415.6
1392730 1403.8
1392740 1403.8
1392750 1394.6
1392760 1386.0
1392770 1386.0
1392780 1378.8
1392790 1372.7
1392800 1372.7
1392810 1364.9
1392820 1354.7
1392830 1346.3
1392840 1346.3
1392850 1336.8
1392860 1323.4
1392870 1323.4
1392880 1313.8
1392890 1305.4
1392900 1305.4
1392910 1298.1
1392920 1289.9
1392930 1289.9
1392940 1281.1
1392950 1275.2
1392960 1275.2
1392970 1267.0
1392980 1256.2
1392990 1256.2
1393000 1246.9
1393010 1240.6
1393020 1240.6
1393030 1236.0
1393040 1229.0
1393050 1221.4
1393060 1221.4
1393070 1215.0
1393080 1210.7
1393090 1210.7
1393100 1207.9
1393110 1204.0
1393120 1204.0
1393130 1199.3
1393140 1194.3
1393150 1194.3
1393160 1189.5
1393170 1184.7
1393180 1184.7
1393190 1179.7
1393200 1174.7
1393210 1174.7
1393220 1169.7
1393230 1165.1
1393240 1161.1
1393250 1161.1
1393260 1157.1
1393270 1152.9
1393280 1152.9
1393290 1148.2
1393300 1144.1
1393310 1144.1
1393320 1140.3
1393330 1136.7
1393340 1136.7
1393350 1132.4
1393360 1127.6
1393370 1127.6
1393380 1122.9
1393390 1118.6
1393400 1118.6
1393410 1114.0
1393420 1108.6
1393430 1108.6
1393440 1103.3
1393450 1100.1
1393460 1094.8
1393470 1094.8
1393480 1082.8
1393490 1073.6
1393500 1073.6
1393510 1072.8
1393520 1077.6
1393530 1077.6
1393540 1086.3
1393550 1091.4
1393560 1091.4
1393570 1095.8
1393580 1099.3
1393590 1099.3
1393600 1103.5
1393610 1108.2
1393620 1108.2
1393630 1114.1
1393640 1120.6
1393650 1120.6
1393660 1128.0
1393670 1136.7
1393680 1143.4
1393690 1143.4
1393700 1145.5
1393710 1157.9
1393720 1157.9
1393730 1172.7
1393740 1186.5
1393750 1186.5
1393760 1194.7
1393770 1205.2
1393780 1205.2
1393790 1219.2
1393800 1225.8
1393810 1225.8
1393820 1230.9
1393830 1247.1
1393840 1247.1
1393850 1266.3
1393860 1283.5
1393870 1296.8
1393880 1296.8
1393890 1305.6
1393900 1311.9
1393910 1311.9
1393920 1317.0
1393930 1322.0
1393940 1322.0
1393950 1327.1
1393960 1332.8
1393970 1332.8
1393980 1338.3
1393990 1343.7
1394000 1343.7
1394010 1350.4
1394020 1360.2
1394030 1360.2
1394040 1373.9
1394050 1381.0
1394060 1381.0
1394070 1391.9
1394080 1397.3
1394090 1404.1
1394100 1404.1
1394110 1408.7
1394120 1411.9
1394130 1411.9
1394140 1414.3
1394150 1416.8
1394160 1416.8
1394170 1417.0
1394180 1417.7
1394190 1417.7
1394200 1419.2
1394210 1420.8
1394220 1420.8
1394230 1421.8
1394240 1422.2
1394250 1422.2
1394260 1420.9
1394270 1418.7
1394280 1416.0
1394290 1416.0
1394300 1412.8
1394310 1410.8
1394320 1410.8
1394330 1410.5
1394340 1409.9
1394350 1409.9
1394360 1408.8
1394370 1407.8
1394380 1407.8
1394390 1407.5
1394400 1407.9
1394410 1407.9
1394420 1408.6
1394430 1409.5
1394440 1409.5
1394450 1410.4
1394460 1411.1
1394470 1411.1
1394480 1411.4
1394490 1412.4
1394500 1415.9
1394510 1415.9
1394520 1421.1
1394530 1427.5
1394540 1427.5
1394550 1434.3
1394560 1441.6
1394570 1441.6
1394580 1448.0
1394590 1454.1
1394600 1454.1
1394610 1460.8
1394620 1467.3
1394630 1467.3
1394640 1474.0
1394650 1481.4
1394660 1481.4
1394670 1490.3
1394680 1498.1
1394690 1498.1
1394700 1502.3
1394710 1504.8
1394720 1513.0
1394730 1513.0
1394740 1529.1
1394750 1546.5
1394760 1546.5
1394770 1559.7
1394780 1568.1
1394790 1568.1
1394800 1575.3
1394810 1582.6
1394820 1582.6
1394830 1590.3
1394840 1596.9
1394850 1596.9
1394860 1603.7
1394870 1609.6
1394880 1609.6
1394890 1612.9
1394900 1616.0
1394910 1625.5
1394920 1625.5
1394930 1633.4
1394940 1639.0
1394950 1639.0
1394960 1641.6
1394970 1643.6
1394980 1643.6
1394990 1647.5
1395000 1648.2
1395010 1648.2
1395020 1651.5
1395030 1655.5
1395040 1655.5
1395050 1657.9
1395060 1660.4
1395070 1660.4
1395080 1662.8
1395090 1665.1
1395100 1665.1
1395110 1668.3
1395120 1672.3
1395130 1676.4
1395140 1676.4
1395150 1681.9
1395160 1687.4
1395170 1687.4
1395180 1689.7
1395190 1693.6
1395200 1693.6
1395210 1699.8
1395220 1705.4
1395230 1705.4
1395240 1709.3
1395250 1709.1
1395260 1709.1
1395270 1706.2
1395280 1704.3
1395290 1704.3
1395300 1705.1
1395310 1708.4
1395320 1708.4
1395330 1711.2
1395340 1712.6
1395350 1716.5
1395360 1716.5
1395370 1722.5
1395380 1724.5
1395390 1724.5
1395400 1723.7
1395410 1726.0
1395420 1726.0
1395430 1730.4
1395440 1733.3
1395450 1733.3
1395460 1729.4
1395470 1732.7
1395480 1732.7
1395490 1735.6
1395500 1738.3
1395510 1738.3
1395520 1740.3
1395530 1743.8
1395540 1747.7
1395550 1747.7
1395560 1752.8
1395570 1758.0
1395580 1758.0
1395590 1763.0
1395600 1767.2
1395610 1767.2
1395620 1770.9
1395630 1775.3
1395640 1775.3
1395650 1779.8
1395660 1783.4
1395670 1783.4
1395680 1786.2
1395690 1789.5
1395700 1789.5
1395710 1792.0
1395720 1794.6
1395730 1794.6
1395740 1797.8
1395750 1801.5
1395760 1804.6
1395770 1804.6
1395780 1806.2
1395790 1807.1
1395800 1807.1
1395810 1807.6
1395820 1807.3
1395830 1807.3
1395840 1806.1
1395850 1805.2
1395860 1805.2
1395870 1805.1
1395880 1805.3
1395890 1805.3
1395900 1806.1
1395910 1807.3
1395920 1807.3
1395930 1808.8
1395940 1809.8
1395950 1809.8
1395960 1810.4
1395970 1811.4
1395980 1812.2
1395990 1812.2
1396000 1810.7
1396010 1808.5
1396020 1808.5
1396030 1808.3
1396040 1808.0
1396050 1808.0
1396060 1807.3
1396070 1807.7
1396080 1807.7
1396090 1807.9
1396100 1807.7
1396110 1807.7
1396120 1807.2
1396130 1807.3
1396140 1807.3
1396150 1807.0
1396160 1805.6
1396170 1806.8
1396180 1806.8
1396190 1806.3
1396200 1804.5
1396210 1804.5
1396220 1801.9
1396230 1800.3
1396240 1800.3
1396250 1803.6
1396260 1807.2
1396270 1807.2
1396280 1811.1
1396290 1814.6
1396300 1814.6
1396310 1818.3
1396320 1820.5
1396330 1820.5
1396340 1820.9
1396350 1818.6
1396360 1818.6
1396370 1817.0
1396380 1818.7
1396390 1821.1
1396400 1821.1
1396410 1823.5
1396420 1824.8
1396430 1824.8
1396440 1827.1
1396450 1828.5
1396460 1828.5
1396470 1830.9
1396480 1834.5
1396490 1834.5
1396500 1838.7
1396510 1843.3
1396520 1843.3
1396530 1847.3
1396540 1851.1
1396550 1851.1
1396560 1854.8
1396570 1860.1
1396580 1860.1
1396590 1866.8
1396600 1873.0
1396610 1878.6
1396620 1878.6
1396630 1884.5
1396640 1889.6
1396650 1889.6
1396660 1893.3
1396670 1898.5
1396680 1898.5
1396690 1905.6
1396700 1913.6
1396710 1913.6
1396720 1918.8
1396730 1919.7
1396740 1919.7
1396750 1920.3
1396760 1920.9
1396770 1920.9
1396780 1921.0
1396790 1921.9
1396800 1923.5
1396810 1923.5
1396820 1921.8
1396830 1918.1
1396840 1918.1
1396850 1914.6
1396860 1911.4
1396870 1911.4
1396880 1906.3
1396890 1904.1
1396900 1904.1
1396910 1903.8
1396920 1903.8
1396930 1903.8
1396940 1903.8
1396950 1904.0
1396960 1904.0
1396970 1904.4
1396980 1905.0
1396990 1905.0
1397000 1905.8
1397010 1906.5
1397020 1907.6
1397030 1907.6
1397040 1909.8
1397050 1910.6
1397060 1910.6
1397070 1910.3
1397080 1913.4
1397090 1913.4
1397100 1916.8
1397110 1919.2
1397120 1919.2
1397130 1920.4
1397140 1920.7
1397150 1920.7
1397160 1920.1
1397170 1920.6
1397180 1920.6
1397190 1921.5
1397200 1923.1
1397210 1924.7
1397220 1924.7
1397230 1927.3
1397240 1929.5
1397250 1929.5
1397260 1931.8
1397270 1935.6
1397280 1935.6
1397290 1938.7
1397300 1941.4
1397310 1941.4
1397320 1944.7
1397330 1948.5
1397340 1948.5
1397350 1952.9
1397360 1957.0
1397370 1957.0
1397380 1961.3
1397390 1964.8
1397400 1964.8
1397410 1968.0
1397420 1973.6
1397430 1980.5
1397440 1980.5
1397450 1988.9
1397460 1997.9
1397470 1997.9
1397480 2006.4
1397490 2013.6
1397500 2013.6
1397510 2019.3
1397520 2023.9
1397530 2023.9
1397540 2029.1
1397550 2035.5
1397560 2035.5
1397570 2036.4
1397580 2040.0
1397590 2040.0
1397600 2046.6
1397610 2052.7
1397620 2052.7
1397630 2057.9
1397640 2062.0
1397650 2066.6
1397660 2066.6
1397670 2071.5
1397680 2076.6
1397690 2076.6
1397700 2081.6
1397710 2086.9
1397720 2086.9
1397730 2092.4
1397740 2098.1
1397750 2098.1
1397760 2103.7
1397770 2108.9
1397780 2108.9
1397790 2112.9
1397800 2117.1
1397810 2117.1
1397820 2121.5
1397830 2126.3
1397840 2132.0
1397850 2132.0
1397860 2137.8
1397870 2143.3
1397880 2143.3
1397890 2148.6
1397900 2154.2
1397910 2154.2
1397920 2159.5
1397930 2164.8
1397940 2164.8
1397950 2169.6
1397960 2174.0
1397970 2174.0
1397980 2178.7
1397990 2183.5
1398000 2183.5
1398010 2188.3
1398020 2192.9
1398030 2192.9
1398040 2197.5
1398050 2202.5
1398060 2207.8
1398070 2207.8
1398080 2212.8
1398090 2217.3
1398100 2217.3
1398110 2221.9
1398120 2226.9
1398130 2226.9
1398140 2232.0
1398150 2237.4
1398160 2237.4
1398170 2243.4
1398180 2249.9
1398190 2249.9
1398200 2256.4
1398210 2262.7
1398220 2262.7
1398230 2269.1
1398240 2275.6
1398250 2275.6
1398260 2282.1
1398270 2289.1
1398280 2296.6
1398290 2296.6
1398300 2304.3
1398310 2311.4
1398320 2311.4
1398330 2318.3
1398340 2325.6
1398350 2327.5
1398360 2334.7
1398370 2342.3
1398380 2342.3
1398390 2349.9
1398400 2357.7
1398410 2357.7
1398420 2365.4
1398430 2371.9
1398440 2371.9
1398450 2377.8
1398460 2382.8
1398470 2388.5
1398480 2388.5
1398490 2395.4
1398500 2402.5
1398510 2402.5
1398520 2409.8
1398530 2416.9
1398540 2416.9
1398550 2418.8
1398560 2416.3
1398570 2416.3
1398580 2413.4
1398590 2410.3
1398600 2410.3
1398610 2406.8
1398620 2403.0
1398630 2403.0
1398640 2399.7
1398650 2397.1
1398660 2397.1
1398670 2394.1
1398680 2391.9
1398690 2390.1
1398700 2390.1
1398710 2388.3
1398720 2386.6
1398730 2386.6
1398740 2385.6
1398750 2385.0
1398760 2385.0
1398770 2384.6
1398780 2383.4
1398790 2383.4
1398800 2378.4
1398810 2371.6
1398820 2371.6
1398830 2368.5
1398840 2364.7
1398850 2364.7
1398860 2359.7
1398870 2355.5
1398880 2355.5
1398890 2350.9
1398900 2349.7
1398910 2377.8
1398920 2377.8
1398930 2376.9
1398940 2372.7
1398950 2372.7
1398960 2373.3
1398970 2368.2
1398980 2368.2
1398990 2368.1
1399000 2367.3
1399010 2367.3
1399020 2363.8
1399030 2350.3
1399040 2350.3
1399050 2338.5
1399060 2329.2
1399070 2329.2
1399080 2323.0
1399090 2314.9
1399100 2306.7
1399110 2306.7
1399120 2301.0
1399130 2292.1
1399140 2292.1
1399150 2286.8
1399160 2278.9
1399170 2278.9
1399180 2270.4
1399190 2269.7
1399200 2269.7
1399210 2264.2
1399220 2257.4
1399230 2257.4
1399240 2251.4
1399250 2245.1
1399260 2245.1
1399270 2239.3
1399280 2237.3
1399290 2237.3
1399300 2232.0
1399310 2215.3
1399320 2206.6
1399330 2206.6
1399340 2201.7
1399350 2197.7
1399360 2197.7
1399370 2195.6
1399380 2192.6
1399390 2192.6
1399400 2190.5
1399410 2186.4
1399420 2186.4
1399430 2183.9
1399440 2182.3
1399450 2182.3
1399460 2182.8
1399470 2183.3
1399480 2183.3
1399490 2179.9
1399500 2173.9
1399510 2172.8
1399520 2172.8
1399530 2174.3
1399540 2168.9
1399550 2168.9
1399560 2170.5
1399570 2176.3
1399580 2176.3
1399590 2172.8
1399600 2172.5
1399610 2172.5
1399620 2171.8
1399630 2170.4
1399640 2170.4
1399650 2171.0
1399660 2168.0
1399670 2168.0
1399680 2166.1
1399690 2166.8
1399700 2166.8
1399710 2163.8
1399720 2160.4
1399730 2156.3
1399740 2156.3
1399750 2155.9
1399760 2160.2
1399770 2160.2
1399780 2170.0
1399790 2173.7
1399800 2173.7
1399810 2172.0
1399820 2174.8
1399830 2162.4
1399840 2166.7
1399850 2169.2
1399860 2169.2
1399870 2168.8
1399880 2167.4
1399890 2167.4
1399900 2166.6
1399910 2168.2
1399920 2168.2
1399930 2172.3
1399940 2176.7
1399950 2180.8
1399960 2180.8
1399970 2178.1
1399980 2178.0
1399990 2178.0
