1380000 2991.7
1380010 3000.5
1380020 3009.5
1380030 3009.5
1380040 3019.3
1380050 3028.6
1380060 3028.6
1380070 3040.9
1380080 3052.5
1380090 3052.5
1380100 3055.9
1380110 3041.2
1380120 3019.3
1380130 3019.3
1380140 2999.6
1380150 2976.8
1380160 2976.8
1380170 2954.6
1380180 2929.2
1380190 2929.2
1380200 2908.9
1380210 2901.1
1380220 2901.1
1380230 2906.2
1380240 2914.1
1380250 2914.1
1380260 2927.9
1380270 2938.8
1380280 2938.8
1380290 2940.6
1380300 2937.7
1380310 2937.7
1380320 2932.4
1380330 2926.1
1380340 2918.1
1380350 2918.1
1380360 2910.0
1380370 2879.9
1380380 2879.9
1380390 2859.6
1380400 2846.5
1380410 2846.5
1380420 2842.6
1380430 2839.9
1380440 2839.9
1380450 2837.9
1380460 2837.5
1380470 2837.5
1380480 2837.9
1380490 2838.6
1380500 2838.6
1380510 2840.2
1380520 2843.4
1380530 2843.4
1380540 2846.1
1380550 2852.8
1380560 2862.3
1380570 2862.3
1380580 2869.5
1380590 2874.2
1380600 2874.2
1380610 2882.9
1380620 2892.2
1380630 2892.2
1380640 2900.2
1380650 2897.3
1380660 2897.3
1380670 2891.4
1380680 2879.9
1380690 2879.9
1380700 2864.8
1380710 2839.9
1380720 2839.9
1380730 2833.9
1380740 2836.5
1380750 2851.8
1380760 2851.8
1380770 2874.2
1380780 2885.4
1380790 2885.4
1380800 2886.2
1380810 2894.4
1380820 2894.4
1380830 2907.3
1380840 2926.9
1380850 2926.9
1380860 2942.1
1380870 2950.3
1380880 2950.3
1380890 2944.0
1380900 2933.7
1380910 2933.7
1380920 2925.7
1380930 2912.5
1380940 2912.5
1380950 2895.4
1380960 2879.8
1380970 2861.4
1380980 2861.4
1380990 2844.6
1381000 2830.6
1381010 2830.6
1381020 2818.1
1381030 2809.0
1381040 2809.0
1381050 2800.5
1381060 2789.7
1381070 2789.7
1381080 2781.7
1381090 2774.6
1381100 2774.6
1381110 2767.7
1381120 2761.4
1381130 2761.4
1381140 2755.6
1381150 2750.3
1381160 2750.3
1381170 2745.8
1381180 2741.4
1381190 2737.3
1381200 2737.3
1381210 2733.0
1381220 2729.3
1381230 2729.3
1381240 2727.7
1381250 2726.3
1381260 2726.3
1381270 2722.9
1381280 2717.7
1381290 2717.7
1381300 2714.2
1381310 2715.6
1381320 2715.6
1381330 2712.4
1381340 2712.4
1381350 2712.4
1381360 2711.1
1381370 2706.8
1381380 2706.0
1381390 2706.0
1381400 2710.0
1381410 2714.1
1381420 2714.1
1381430 2719.4
1381440 2726.0
1381450 2726.0
1381460 2730.2
1381470 2735.6
1381480 2735.6
1381490 2738.6
1381500 2742.2
1381510 2742.2
1381520 2740.8
1381530 2736.5
1381540 2736.5
1381550 2733.6
1381560 2734.0
1381570 2734.0
1381580 2735.3
1381590 2738.3
1381600 2739.2
1381610 2739.2
1381620 2739.1
1381630 2739.7
1381640 2739.7
1381650 2740.7
1381660 2739.3
1381670 2739.3
1381680 2737.0
1381690 2736.4
1381700 2736.4
1381710 2732.7
1381720 2729.3
1381730 2729.3
1381740 2726.3
1381750 2723.6
1381760 2723.6
1381770 2719.0
1381780 2711.2
1381790 2711.2
1381800 2704.9
1381810 2700.5
1381820 2696.2
1381830 2696.2
1381840 2692.0
1381850 2687.3
1381860 2687.3
1381870 2686.5
1381880 2687.9
1381890 2687.9
1381900 2685.0
1381910 2681.0
1381920 2681.0
1381930 2678.2
1381940 2673.4
1381950 2673.4
1381960 2667.2
1381970 2661.3
1381980 2661.3
1381990 2659.1
1382000 2660.1
1382010 2664.1
1382020 2664.1
1382030 2666.0
1382040 2661.3
1382050 2661.3
1382060 2647.8
1382070 2615.2
1382080 2615.2
1382090 2605.2
1382100 2598.7
1382110 2598.7
1382120 2593.4
1382130 2587.8
1382140 2587.8
1382150 2582.2
1382160 2577.5
1382170 2577.5
1382180 2574.3
1382190 2573.3
1382200 2573.3
1382210 2572.4
1382220 2571.7
1382230 2570.1
1382240 2570.1
1382250 2568.8
1382260 2568.0
1382270 2568.0
1382280 2566.7
1382290 2566.1
1382300 2566.1
1382310 2565.7
1382320 2565.5
1382330 2565.5
1382340 2565.5
1382350 2565.7
1382360 2565.7
1382370 2566.9
1382380 2568.8
1382390 2568.8
1382400 2571.7
1382410 2573.5
1382420 2573.5
1382430 2576.2
1382440 2581.5
1382450 2587.5
1382460 2587.5
1382470 2592.7
1382480 2596.7
1382490 2596.7
1382500 2601.6
1382510 2607.7
1382520 2607.7
1382530 2617.5
1382540 2624.7
1382550 2624.7
1382560 2630.3
1382570 2631.0
1382580 2631.0
1382590 2648.3
1382600 2668.8
1382610 2668.8
1382620 2679.8
1382630 2685.0
1382640 2685.0
1382650 2691.3
1382660 2700.7
1382670 2701.5
1382680 2701.5
1382690 2697.1
1382700 2689.3
1382710 2689.3
1382720 2680.2
1382730 2671.3
1382740 2671.3
1382750 2664.3
1382760 2660.1
1382770 2660.1
1382780 2658.2
1382790 2657.4
1382800 2657.4
1382810 2658.7
1382820 2663.6
1382830 2663.6
1382840 2670.5
1382850 2676.7
1382860 2685.8
1382870 2685.8
1382880 2701.5
1382890 2705.5
1382900 2705.5
1382910 2704.1
1382920 2703.6
1382930 2703.6
1382940 2705.5
1382950 2706.8
1382960 2706.8
1382970 2706.5
1382980 2705.3
1382990 2705.3
1383000 2703.1
1383010 2702.4
1383020 2702.4
1383030 2700.9
1383040 2697.3
1383050 2697.3
1383060 2693.4
1383070 2693.5
1383080 2696.8
1383090 2696.8
1383100 2698.6
1383110 2700.2
1383120 2700.2
1383130 2703.4
1383140 2709.6
1383150 2709.6
1383160 2716.7
1383170 2720.2
1383180 2720.2
1383190 2727.1
1383200 2734.8
1383210 2734.8
1383220 2742.1
1383230 2744.3
1383240 2744.3
1383250 2746.8
1383260 2752.8
1383270 2752.8
1383280 2759.2
1383290 2767.2
1383300 2778.9
1383310 2778.9
1383320 2783.9
1383330 2786.5
1383340 2786.5
1383350 2790.2
1383360 2791.7
1383370 2791.7
1383380 2790.8
1383390 2790.8
1383400 2790.8
1383410 2789.6
1383420 2786.4
1383430 2786.4
1383440 2781.7
1383450 2776.4
1383460 2776.4
1383470 2773.0
1383480 2770.9
1383490 2770.9
1383500 2768.6
1383510 2764.4
1383520 2759.3
1383530 2759.3
1383540 2756.1
1383550 2754.7
1383560 2754.7
1383570 2752.9
1383580 2749.8
1383590 2749.8
1383600 2746.7
1383610 2744.6
1383620 2744.6
1383630 2742.2
1383640 2739.6
1383650 2739.6
1383660 2738.7
1383670 2737.5
1383680 2737.5
1383690 2736.4
1383700 2736.3
1383710 2737.1
1383720 2737.1
1383730 2737.1
1383740 2736.9
1383750 2736.9
1383760 2737.6
1383770 2739.8
1383780 2739.8
1383790 2742.5
1383800 2745.5
1383810 2745.5
1383820 2744.8
1383830 2748.5
1383840 2748.5
1383850 2752.0
1383860 2756.3
1383870 2756.3
1383880 2760.8
1383890 2764.5
1383900 2764.5
1383910 2768.0
1383920 2773.9
1383930 2792.0
1383940 2792.0
1383950 2803.4
1383960 2803.2
1383970 2803.2
1383980 2789.2
1383990 2773.8
1384000 2773.8
1384010 2759.6
1384020 2752.8
1384030 2752.8
1384040 2747.4
1384050 2741.9
1384060 2741.9
1384070 2736.6
1384080 2732.0
1384090 2732.0
1384100 2727.7
1384110 2723.1
1384120 2723.1
1384130 2719.1
1384140 2715.6
1384150 2712.6
1384160 2712.6
1384170 2709.1
1384180 2704.0
1384190 2704.0
1384200 2699.5
1384210 2697.6
1384220 2697.6
1384230 2695.7
1384240 2693.0
1384250 2693.0
1384260 2690.7
1384270 2687.9
1384280 2687.9
1384290 2685.8
1384300 2683.4
1384310 2683.4
1384320 2681.6
1384330 2680.1
1384340 2678.7
1384350 2678.7
1384360 2676.6
1384370 2674.3
1384380 2674.3
1384390 2672.4
1384400 2669.0
1384410 2669.0
1384420 2667.1
1384430 2665.1
1384440 2665.1
1384450 2663.4
1384460 2661.4
1384470 2661.4
1384480 2659.6
1384490 2658.4
1384500 2658.4
1384510 2656.5
1384520 2654.8
1384530 2654.8
1384540 2654.3
1384550 2654.0
1384560 2653.8
1384570 2653.8
1384580 2653.6
1384590 2653.6
1384600 2653.6
1384610 2653.8
1384620 2654.4
1384630 2654.4
1384640 2655.7
1384650 2657.9
1384660 2657.9
1384670 2661.4
1384680 2664.8
1384690 2664.8
1384700 2668.4
1384710 2672.0
1384720 2672.0
1384730 2676.3
1384740 2681.3
1384750 2681.3
1384760 2687.1
1384770 2693.1
1384780 2699.3
1384790 2699.3
1384800 2705.9
1384810 2712.8
1384820 2712.8
1384830 2720.0
1384840 2727.4
1384850 2727.4
1384860 2734.4
1384870 2741.0
1384880 2741.0
1384890 2748.6
1384900 2759.7
1384910 2759.7
1384920 2769.8
1384930 2779.2
1384940 2779.2
1384950 2788.5
1384960 2796.5
1384970 2805.5
1384980 2805.5
1384990 2813.3
1385000 2824.1
1385010 2824.1
1385020 2838.0
1385030 2852.2
1385040 2852.2
1385050 2871.5
1385060 2880.9
1385070 2880.9
1385080 2861.4
1385090 2823.7
1385100 2823.7
1385110 2805.0
1385120 2795.7
1385130 2795.7
1385140 2790.4
1385150 2785.6
1385160 2785.6
1385170 2781.7
1385180 2778.5
1385190 2775.5
1385200 2775.5
1385210 2772.9
1385220 2771.3
1385230 2771.3
1385240 2771.1
1385250 2771.5
1385260 2771.5
1385270 2772.3
1385280 2773.9
1385290 2773.9
1385300 2775.8
1385310 2777.7
1385320 2777.7
1385330 2782.8
1385340 2794.7
1385350 2794.7
1385360 2805.3
1385370 2822.0
1385380 2822.0
1385390 2838.2
1385400 2850.3
1385410 2850.6
1385420 2850.6
1385430 2846.1
1385440 2853.4
1385450 2853.4
1385460 2878.2
1385470 2891.2
1385480 2891.2
1385490 2910.3
1385500 2925.9
1385510 2925.9
1385520 2937.1
1385530 2944.9
1385540 2944.9
1385550 2944.5
1385560 2930.3
1385570 2930.3
1385580 2916.8
1385590 2906.0
1385600 2906.0
1385610 2902.5
1385620 2898.7
1385630 2898.6
1385640 2898.6
1385650 2908.7
1385660 2916.6
1385670 2916.6
1385680 2911.9
1385690 2904.4
1385700 2904.4
1385710 2898.2
1385720 2895.9
1385730 2895.9
1385740 2893.7
1385750 2887.8
1385760 2887.8
1385770 2886.0
1385780 2882.5
1385790 2882.5
1385800 2874.4
1385810 2863.6
1385820 2861.3
1385830 2861.3
1385840 2863.1
1385850 2860.9
1385860 2860.9
1385870 2852.5
1385880 2845.0
1385890 2845.0
1385900 2837.2
1385910 2831.7
1385920 2831.7
1385930 2835.1
1385940 2834.3
1385950 2834.3
1385960 2837.9
1385970 2839.9
1385980 2839.9
1385990 2837.1
1386000 2837.4
1386010 2837.4
1386020 2834.9
1386030 2830.2
1386040 2825.9
1386050 2825.9
1386060 2821.4
1386070 2817.8
1386080 2817.8
1386090 2814.7
1386100 2810.2
1386110 2810.2
1386120 2805.9
1386130 2799.9
1386140 2799.9
1386150 2797.9
1386160 2798.9
1386170 2798.9
1386180 2795.1
1386190 2791.0
1386200 2791.0
1386210 2786.5
1386220 2782.3
1386230 2782.3
1386240 2778.3
1386250 2771.1
1386260 2767.9
1386270 2767.9
1386280 2765.0
1386290 2753.1
1386300 2753.1
1386310 2745.1
1386320 2748.8
1386330 2748.8
1386340 2754.1
1386350 2758.8
1386360 2758.8
1386370 2769.3
1386380 2765.1
1386390 2765.1
1386400 2770.2
1386410 2769.5
1386420 2769.5
1386430 2765.5
1386440 2762.3
1386450 2761.5
1386460 2761.5
1386470 2758.3
1386480 2760.2
1386490 2760.2
1386500 2759.6
1386510 2754.6
1386520 2754.6
1386530 2751.4
1386540 2748.4
1386550 2748.4
1386560 2744.2
1386570 2745.3
1386580 2745.3
1386590 2746.6
1386600 2750.1
1386610 2750.1
1386620 2760.2
1386630 2770.2
1386640 2770.2
1386650 2780.3
1386660 2787.7
1386670 2791.2
1386680 2791.2
1386690 2795.7
1386700 2796.8
1386710 2796.8
1386720 2800.5
1386730 2814.5
1386740 2814.5
1386750 2811.6
1386760 2811.0
1386770 2811.0
1386780 2817.0
1386790 2821.3
1386800 2821.3
1386810 2815.8
1386820 2816.5
1386830 2816.5
1386840 2838.2
1386850 2840.5
1386860 2840.5
1386870 2840.5
1386880 2841.4
1386890 2841.4
1386900 2841.4
1386910 2841.8
1386920 2841.4
1386930 2841.4
1386940 2841.7
1386950 2842.6
1386960 2842.6
1386970 2840.6
1386980 2840.1
1386990 2840.1
1387000 2844.6
1387010 2849.3
1387020 2849.3
1387030 2855.0
1387040 2860.1
1387050 2860.1
1387060 2863.7
1387070 2870.2
1387080 2870.2
1387090 2871.7
1387100 2859.5
1387110 2847.9
1387120 2847.9
1387130 2847.9
1387140 2849.2
1387150 2849.2
1387160 2863.8
1387170 2877.2
1387180 2877.2
1387190 2884.7
1387200 2882.9
1387210 2882.9
1387220 2887.0
1387230 2895.6
1387240 2895.6
1387250 2896.5
1387260 2898.0
1387270 2898.0
1387280 2900.4
1387290 2903.2
1387300 2905.2
1387310 2905.2
1387320 2916.1
1387330 2929.3
1387340 2929.3
1387350 2939.2
1387360 2945.3
1387370 2945.3
1387380 2950.6
1387390 2957.1
1387400 2957.1
1387410 2965.5
1387420 2973.3
1387430 2973.3
1387440 2979.9
1387450 2985.9
1387460 2985.9
1387470 2990.2
1387480 2993.3
1387490 2993.3
1387500 2994.1
1387510 2988.8
1387520 2984.2
1387530 2984.2
1387540 2979.4
1387550 2972.7
1387560 2972.7
1387570 2965.7
1387580 2958.7
1387590 2958.7
1387600 2952.4
1387610 2947.2
1387620 2947.2
1387630 2942.5
1387640 2937.4
1387650 2937.4
1387660 2932.1
1387670 2923.9
1387680 2923.9
1387690 2917.7
1387700 2912.3
1387710 2912.3
1387720 2907.2
1387730 2902.9
1387740 2900.5
1387750 2900.5
1387760 2898.2
1387770 2894.7
1387780 2894.7
1387790 2891.3
1387800 2889.2
1387810 2889.2
1387820 2885.4
1387830 2881.9
1387840 2881.9
1387850 2879.5
1387860 2877.4
1387870 2877.4
1387880 2876.2
1387890 2874.8
1387900 2874.8
1387910 2872.2
1387920 2870.2
1387930 2867.5
1387940 2867.5
1387950 2865.7
1387960 2865.5
1387970 2865.5
1387980 2859.0
1387990 2838.0
1388000 2838.0
1388010 2826.3
1388020 2820.5
1388030 2820.5
1388040 2817.4
1388050 2817.9
1388060 2817.9
1388070 2823.7
1388080 2829.4
1388090 2829.4
1388100 2836.5
1388110 2842.9
1388120 2842.9
1388130 2842.0
1388140 2839.5
1388150 2835.0
1388160 2835.0
1388170 2827.7
1388180 2804.8
1388190 2804.8
1388200 2785.8
1388210 2773.5
1388220 2773.5
1388230 2764.2
1388240 2750.0
1388250 2750.0
1388260 2734.8
1388270 2729.2
1388280 2729.2
1388290 2722.9
1388300 2713.6
1388310 2713.6
1388320 2708.8
1388330 2706.5
1388340 2706.5
1388350 2698.9
1388360 2687.5
1388370 2679.5
1388380 2679.5
1388390 2670.3
1388400 2666.2
1388410 2666.2
1388420 2663.5
1388430 2651.5
1388440 2651.5
1388450 2638.1
1388460 2626.9
1388470 2626.9
1388480 2621.8
1388490 2620.6
1388500 2620.6
1388510 2623.7
1388520 2627.3
1388530 2627.3
1388540 2621.6
1388550 2611.1
1388560 2611.1
1388570 2605.1
1388580 2597.4
1388590 2590.4
1388600 2590.4
1388610 2587.9
1388620 2586.5
1388630 2586.5
1388640 2583.1
1388650 2573.0
1388660 2573.0
1388670 2562.6
1388680 2554.2
1388690 2554.2
1388700 2550.2
1388710 2550.0
1388720 2550.0
1388730 2552.1
1388740 2555.7
1388750 2555.7
1388760 2555.4
1388770 2551.7
1388780 2540.9
1388790 2540.9
1388800 2528.5
1388810 2539.0
1388820 2539.0
1388830 2543.4
1388840 2525.3
1388850 2525.3
1388860 2510.1
1388870 2490.5
1388880 2490.5
1388890 2476.8
1388900 2483.4
1388910 2483.4
1388920 2490.1
1388930 2479.4
1388940 2479.4
1388950 2479.1
1388960 2483.2
1388970 2483.2
1388980 2495.8
1388990 2492.0
1389000 2485.8
1389010 2485.8
1389020 2470.2
1389030 2439.3
1389040 2439.3
1389050 2416.9
1389060 2405.2
1389070 2405.2
1389080 2406.0
1389090 2426.8
1389100 2426.8
1389110 2425.2
1389120 2405.5
1389130 2405.5
1389140 2390.3
1389150 2374.1
1389160 2374.1
1389170 2367.6
1389180 2349.2
1389190 2349.2
1389200 2331.7
1389210 2319.9
1389220 2305.8
1389230 2305.8
1389240 2292.7
1389250 2285.4
1389260 2285.4
1389270 2279.0
1389280 2272.7
1389290 2272.7
1389300 2266.0
1389310 2259.9
1389320 2259.9
1389330 2254.0
1389340 2247.4
1389350 2247.4
1389360 2240.3
1389370 2233.4
1389380 2233.4
1389390 2226.6
1389400 2219.4
1389410 2212.9
1389420 2212.9
1389430 2208.6
1389440 2205.4
1389450 2205.4
1389460 2200.0
1389470 2195.6
1389480 2195.6
1389490 2192.6
1389500 2191.3
1389510 2191.3
1389520 2189.9
1389530 2186.9
1389540 2186.9
1389550 2183.0
1389560 2179.0
1389570 2179.0
1389580 2175.0
1389590 2172.2
1389600 2172.2
1389610 2168.7
1389620 2164.2
1389630 2157.9
1389640 2157.9
1389650 2151.8
1389660 2145.3
1389670 2145.3
1389680 2137.4
1389690 2131.1
1389700 2131.1
1389710 2127.0
1389720 2123.1
1389730 2123.1
1389740 2117.5
1389750 2111.0
1389760 2111.0
1389770 2104.0
1389780 2098.6
1389790 2098.6
1389800 2095.6
1389810 2093.8
1389820 2093.8
1389830 2087.7
1389840 2080.3
1389850 2076.5
1389860 2076.5
1389870 2065.8
1389880 2056.8
1389890 2056.8
1389900 2049.5
1389910 2042.5
1389920 2042.5
1389930 2035.3
1389940 2027.4
1389950 2027.4
1389960 2018.0
1389970 2008.1
1389980 2008.1
1389990 1998.1
1390000 1989.5
1390010 1989.5
1390020 1984.5
1390030 1975.4
1390040 1975.4
1390050 1950.1
1390060 1949.1
1390070 1950.3
1390080 1950.3
1390090 1944.5
1390100 1942.1
1390110 1942.1
1390120 1946.5
1390130 1940.6
1390140 1940.6
1390150 1933.1
1390160 1933.2
1390170 1933.2
1390180 1939.9
1390190 1945.2
1390200 1945.2
1390210 1941.0
1390220 1928.8
1390230 1928.8
1390240 1923.1
1390250 1922.7
1390260 1932.0
1390270 1932.0
1390280 1945.8
1390290 1945.7
1390300 1945.7
1390310 1940.4
1390320 1944.5
1390330 1944.5
1390340 1938.6
1390350 1931.7
1390360 1931.7
1390370 1934.3
1390380 1940.7
1390390 1940.7
1390400 1947.9
1390410 1952.2
1390420 1952.2
1390430 1941.4
1390440 1928.5
1390450 1928.5
1390460 1927.4
1390470 1933.7
1390480 1937.6
1390490 1937.6
1390500 1932.9
1390510 1930.4
1390520 1930.4
1390530 1938.3
1390540 1943.0
1390550 1943.0
1390560 1936.6
1390570 1944.5
1390580 1944.5
1390590 1959.8
1390600 1969.1
1390610 1969.1
1390620 1976.8
1390630 1985.4
1390640 1985.4
1390650 1988.3
1390660 1975.5
1390670 1975.5
1390680 1968.4
1390690 1974.9
1390700 1974.3
1390710 1974.3
1390720 1965.4
1390730 1959.3
1390740 1959.3
1390750 1956.4
1390760 1944.9
1390770 1944.9
1390780 1932.5
1390790 1920.4
1390800 1920.4
1390810 1913.9
1390820 1906.8
1390830 1906.8
1390840 1894.0
1390850 1893.3
1390860 1893.3
1390870 1893.7
1390880 1881.9
1390890 1880.5
1390900 1880.5
1390910 1887.5
1390920 1889.1
1390930 1889.1
1390940 1889.1
1390950 1887.4
1390960 1887.4
1390970 1884.1
1390980 1878.7
1390990 1878.7
1391000 1873.1
1391010 1860.4
1391020 1860.4
1391030 1849.2
1391040 1843.2
1391050 1843.2
1391060 1836.6
1391070 1829.1
1391080 1829.1
1391090 1822.3
1391100 1816.2
1391110 1810.1
1391120 1810.1
1391130 1803.3
1391140 1794.6
1391150 1794.6
1391160 1776.8
1391170 1758.4
1391180 1758.4
1391190 1743.2
1391200 1730.2
1391210 1730.2
1391220 1719.0
1391230 1714.2
1391240 1714.2
1391250 1707.1
1391260 1705.3
1391270 1705.3
1391280 1693.8
1391290 1684.9
1391300 1684.9
1391310 1678.3
1391320 1671.8
1391330 1666.9
1391340 1666.9
1391350 1656.9
1391360 1646.4
1391370 1646.4
1391380 1636.8
1391390 1635.3
1391400 1635.3
1391410 1632.4
1391420 1635.2
1391430 1635.2
1391440 1637.4
1391450 1638.8
1391460 1638.8
1391470 1643.8
1391480 1644.0
1391490 1644.0
1391500 1639.4
1391510 1634.9
1391520 1634.9
1391530 1627.0
1391540 1617.4
1391550 1609.4
1391560 1609.4
1391570 1602.7
1391580 1596.5
1391590 1596.5
1391600 1590.9
1391610 1580.3
1391620 1580.3
1391630 1564.2
1391640 1555.1
1391650 1555.1
1391660 1551.6
1391670 1567.6
1391680 1567.6
1391690 1565.2
1391700 1561.7
1391710 1561.7
1391720 1557.3
1391730 1554.5
1391740 1552.7
1391750 1552.7
1391760 1552.0
1391770 1554.4
1391780 1554.4
1391790 1558.8
1391800 1560.5
1391810 1560.5
1391820 1563.0
1391830 1568.2
1391840 1568.2
1391850 1578.4
1391860 1591.4
1391870 1591.4
1391880 1602.6
1391890 1608.8
1391900 1608.8
1391910 1608.8
1391920 1606.1
1391930 1606.1
1391940 1600.1
1391950 1598.7
1391960 1601.5
1391970 1601.5
1391980 1601.1
1391990 1599.4
1392000 1599.4
1392010 1597.1
1392020 1595.3
1392030 1595.3
1392040 1598.7
1392050 1594.0
1392060 1594.0
1392070 1591.8
1392080 1588.9
1392090 1588.9
1392100 1583.4
1392110 1579.7
1392120 1579.7
1392130 1578.3
1392140 1580.8
1392150 1580.8
1392160 1584.8
1392170 1587.9
1392180 1589.0
1392190 1589.0
1392200 1588.9
1392210 1588.5
1392220 1588.5
1392230 1587.2
1392240 1585.7
1392250 1585.7
1392260 1584.2
1392270 1582.6
1392280 1582.6
1392290 1581.1
1392300 1580.1
1392310 1580.1
1392320 1578.3
1392330 1575.6
1392340 1575.6
1392350 1573.2
1392360 1570.8
1392370 1567.3
1392380 1567.3
1392390 1562.5
1392400 1557.7
1392410 1557.7
1392420 1552.4
1392430 1546.1
1392440 1546.1
1392450 1539.0
1392460 1531.6
1392470 1531.6
1392480 1524.1
1392490 1516.9
1392500 1516.9
1392510 1509.7
1392520 1501.7
1392530 1501.7
1392540 1487.4
1392550 1473.5
1392560 1473.5
1392570 1462.5
1392580 1447.4
1392590 1431.5
1392600 1431.5
1392610 1412.9
1392620 1398.3
1392630 1398.3
1392640 1388.0
1392650 1373.7
1392660 1373.7
1392670 1357.4
1392680 1347.7
1392690 1347.7
1392700 1327.9
1392710 1311.6
1392720 1311.6
1392730 1289.5
1392740 1261.2
1392750 1261.2
1392760 1250.5
1392770 1242.7
1392780 1242.7
1392790 1234.9
1392800 1227.5
1392810 1219.9
1392820 1219.9
1392830 1212.4
1392840 1204.4
1392850 1204.4
1392860 1196.9
1392870 1188.4
1392880 1188.4
1392890 1179.8
1392900 1173.1
1392910 1173.1
1392920 1168.0
1392930 1161.8
1392940 1161.8
1392950 1157.6
1392960 1152.6
1392970 1152.6
1392980 1145.0
1392990 1136.5
1393000 1136.5
1393010 1127.8
1393020 1121.2
1393030 1115.7
1393040 1115.7
1393050 1114.0
1393060 1116.1
1393070 1116.1
1393080 1119.2
1393090 1120.2
1393100 1120.2
1393110 1121.5
1393120 1123.0
1393130 1123.0
1393140 1124.1
1393150 1125.1
1393160 1125.1
1393170 1126.2
1393180 1129.6
1393190 1129.6
1393200 1134.8
1393210 1137.5
1393220 1138.2
1393230 1138.2
1393240 1138.6
1393250 1138.9
1393260 1138.9
1393270 1139.1
1393280 1140.1
1393290 1140.1
1393300 1141.7
1393310 1142.6
1393320 1142.6
1393330 1144.5
1393340 1147.6
1393350 1147.6
1393360 1152.5
1393370 1153.4
1393380 1153.4
1393390 1155.9
1393400 1161.6
1393410 1161.6
1393420 1168.0
1393430 1173.1
1393440 1179.0
1393450 1179.0
1393460 1183.8
1393470 1188.7
1393480 1188.7
1393490 1195.1
1393500 1202.2
1393510 1202.2
1393520 1209.8
1393530 1222.2
1393540 1222.2
1393550 1236.8
1393560 1246.5
1393570 1246.5
1393580 1252.4
1393590 1262.5
1393600 1262.5
1393610 1270.6
1393620 1278.4
1393630 1278.4
1393640 1295.1
1393650 1306.5
1393660 1312.5
1393670 1312.5
1393680 1320.5
1393690 1326.4
1393700 1326.4
1393710 1330.8
1393720 1337.0
1393730 1337.0
1393740 1344.0
1393750 1350.5
1393760 1350.5
1393770 1355.8
1393780 1360.9
1393790 1360.9
1393800 1363.8
1393810 1366.0
1393820 1366.0
1393830 1368.0
1393840 1367.3
1393850 1367.6
1393860 1367.6
1393870 1366.3
1393880 1358.0
1393890 1358.0
1393900 1349.1
1393910 1344.0
1393920 1344.0
1393930 1342.5
1393940 1343.7
1393950 1343.7
1393960 1344.2
1393970 1344.4
1393980 1344.4
1393990 1344.4
1394000 1344.9
1394010 1344.9
1394020 1346.2
1394030 1348.0
1394040 1348.0
1394050 1349.6
1394060 1353.0
1394070 1357.7
1394080 1357.7
1394090 1363.2
1394100 1369.3
1394110 1369.3
1394120 1375.1
1394130 1380.2
1394140 1380.2
1394150 1385.1
1394160 1390.7
1394170 1390.7
1394180 1396.6
1394190 1402.5
1394200 1402.5
1394210 1409.0
1394220 1415.7
1394230 1415.7
1394240 1422.7
1394250 1430.2
1394260 1430.2
1394270 1437.7
1394280 1445.3
1394290 1453.3
1394300 1453.3
1394310 1461.1
1394320 1468.6
1394330 1468.6
1394340 1476.9
1394350 1488.7
1394360 1488.7
1394370 1500.3
1394380 1510.8
1394390 1510.8
1394400 1522.1
1394410 1532.5
1394420 1532.5
1394430 1542.8
1394440 1557.7
1394450 1557.7
1394460 1568.9
1394470 1579.5
1394480 1579.5
1394490 1594.6
1394500 1609.4
1394510 1621.2
1394520 1621.2
1394530 1630.7
1394540 1640.1
1394550 1640.1
1394560 1650.6
1394570 1660.5
1394580 1660.5
1394590 1668.1
1394600 1673.8
1394610 1673.8
1394620 1678.2
1394630 1681.2
1394640 1681.2
1394650 1684.7
1394660 1687.8
1394670 1687.8
1394680 1689.4
1394690 1692.6
1394700 1697.2
1394710 1697.2
1394720 1704.3
1394730 1709.3
1394740 1709.3
1394750 1715.0
1394760 1721.4
1394770 1721.4
1394780 1729.2
1394790 1738.2
1394800 1738.2
1394810 1749.9
1394820 1762.6
1394830 1762.6
1394840 1770.7
1394850 1776.3
1394860 1776.3
1394870 1781.8
1394880 1788.1
1394890 1788.1
1394900 1794.4
1394910 1800.0
1394920 1805.8
1394930 1805.8
1394940 1812.5
1394950 1819.3
1394960 1819.3
1394970 1825.6
1394980 1831.2
1394990 1831.2
1395000 1835.8
1395010 1840.2
1395020 1840.2
1395030 1845.9
1395040 1851.5
1395050 1851.5
1395060 1856.3
1395070 1861.6
1395080 1861.6
1395090 1868.0
1395100 1874.7
1395110 1874.7
1395120 1880.9
1395130 1886.5
1395140 1892.5
1395150 1892.5
1395160 1897.8
1395170 1901.5
1395180 1901.5
1395190 1905.4
1395200 1910.1
1395210 1910.1
1395220 1914.9
1395230 1918.0
1395240 1918.0
1395250 1920.9
1395260 1924.1
1395270 1924.1
1395280 1927.5
1395290 1930.8
1395300 1930.8
1395310 1934.2
1395320 1938.3
1395330 1942.2
1395340 1942.2
1395350 1946.1
1395360 1951.2
1395370 1951.2
1395380 1955.3
1395390 1958.1
1395400 1958.1
1395410 1961.1
1395420 1963.8
1395430 1963.8
1395440 1967.2
1395450 1970.9
1395460 1970.9
1395470 1975.3
1395480 1980.0
1395490 1980.0
1395500 1984.5
1395510 1989.6
1395520 1989.6
1395530 1994.9
1395540 2000.5
1395550 2005.9
1395560 2005.9
1395570 2009.9
1395580 2014.1
1395590 2014.1
1395600 2020.3
1395610 2025.4
1395620 2025.4
1395630 2029.4
1395640 2033.3
1395650 2033.3
1395660 2036.7
1395670 2040.9
1395680 2040.9
1395690 2045.1
1395700 2048.5
1395710 2048.5
1395720 2051.2
1395730 2055.4
1395740 2055.4
1395750 2060.0
1395760 2063.7
1395770 2068.1
1395780 2068.1
1395790 2071.6
1395800 2076.1
1395810 2076.1
1395820 2081.1
1395830 2084.9
1395840 2084.9
1395850 2089.9
1395860 2095.9
1395870 2095.9
1395880 2102.9
1395890 2109.0
1395900 2109.0
1395910 2114.8
1395920 2122.3
1395930 2122.3
1395940 2129.4
1395950 2132.9
1395960 2132.9
1395970 2135.0
1395980 2138.2
1395990 2143.7
1396000 2143.7
1396010 2148.7
1396020 2153.9
1396030 2153.9
1396040 2158.5
1396050 2163.3
1396060 2163.3
1396070 2168.1
1396080 2172.0
1396090 2172.0
1396100 2175.4
1396110 2179.1
1396120 2179.1
1396130 2183.3
1396140 2187.2
1396150 2187.2
1396160 2191.7
1396170 2195.9
1396180 2200.5
1396190 2200.5
1396200 2206.0
1396210 2212.7
1396220 2212.7
1396230 2220.3
1396240 2226.1
1396250 2226.1
1396260 2230.9
1396270 2236.1
1396280 2236.1
1396290 2240.7
1396300 2245.2
1396310 2245.2
1396320 2250.2
1396330 2255.8
1396340 2255.8
1396350 2262.2
1396360 2269.8
1396370 2269.8
1396380 2278.0
1396390 2285.1
1396400 2291.3
1396410 2291.3
1396420 2298.1
1396430 2305.3
1396440 2305.3
1396450 2312.1
1396460 2318.9
1396470 2318.9
1396480 2325.7
1396490 2332.3
1396500 2332.3
1396510 2339.0
1396520 2346.0
1396530 2346.0
1396540 2352.9
1396550 2359.5
1396560 2359.5
1396570 2365.1
1396580 2371.3
1396590 2371.3
1396600 2377.5
1396610 2384.2
1396620 2391.0
1396630 2391.0
1396640 2397.9
1396650 2404.6
1396660 2404.6
1396670 2411.2
1396680 2418.3
1396690 2418.3
1396700 2425.2
1396710 2432.4
1396720 2432.4
1396730 2439.7
1396740 2446.9
1396750 2446.9
1396760 2453.2
1396770 2459.5
1396780 2459.5
1396790 2466.2
1396800 2472.5
1396810 2478.6
1396820 2478.6
1396830 2484.4
1396840 2490.8
1396850 2490.8
1396860 2496.5
1396870 2501.9
1396880 2501.9
1396890 2506.9
1396900 2511.7
1396910 2511.7
1396920 2516.5
1396930 2521.6
1396940 2521.6
1396950 2526.4
1396960 2530.8
1396970 2530.8
1396980 2534.5
1396990 2537.3
1397000 2537.3
1397010 2536.2
1397020 2532.3
1397030 2528.1
1397040 2528.1
1397050 2523.1
1397060 2515.9
1397070 2515.9
1397080 2495.3
1397090 2465.0
1397100 2465.0
1397110 2438.5
1397120 2423.0
1397130 2423.0
1397140 2406.1
1397150 2395.8
1397160 2395.8
1397170 2389.0
1397180 2386.8
1397190 2386.8
1397200 2387.6
1397210 2387.5
1397220 2387.5
1397230 2387.4
1397240 2386.1
1397250 2384.7
1397260 2384.7
1397270 2380.8
1397280 2373.6
1397290 2368.4
1397300 2363.9
1397310 2356.2
1397320 2356.2
1397330 2348.3
1397340 2341.6
1397350 2341.6
1397360 2334.6
1397370 2326.8
1397380 2326.8
1397390 2319.7
1397400 2312.5
1397410 2312.5
1397420 2304.6
1397430 2296.1
1397440 2287.9
1397450 2287.9
1397460 2279.9
1397470 2273.6
1397480 2273.6
1397490 2266.4
1397500 2256.8
1397510 2256.8
1397520 2247.1
1397530 2239.1
1397540 2239.1
1397550 2230.6
1397560 2220.8
1397570 2220.8
1397580 2212.0
1397590 2204.1
1397600 2204.1
1397610 2194.5
1397620 2182.5
1397630 2182.5
1397640 2172.2
1397650 2165.8
1397660 2162.4
1397670 2162.4
1397680 2154.6
1397690 2142.7
1397700 2142.7
1397710 2130.2
1397720 2124.4
1397730 2124.4
1397740 2119.5
1397750 2115.3
1397760 2115.3
1397770 2110.7
1397780 2105.3
1397790 2105.3
1397800 2100.5
1397810 2097.1
1397820 2097.1
1397830 2090.3
1397840 2085.7
1397850 2085.7
1397860 2083.8
1397870 2080.6
1397880 2076.3
1397890 2076.3
1397900 2071.8
1397910 2068.0
1397920 2068.0
1397930 2066.3
1397940 2066.2
1397950 2066.2
1397960 2063.4
1397970 2059.8
1397980 2059.8
1397990 2056.9
1398000 2056.3
1398010 2056.3
1398020 2053.5
1398030 2050.2
1398040 2050.2
1398050 2047.3
1398060 2044.9
1398070 2044.9
1398080 2043.2
1398090 2041.9
1398100 2040.0
1398110 2040.0
1398120 2038.0
1398130 2036.6
1398140 2036.6
1398150 2035.4
1398160 2033.9
1398170 2033.9
1398180 2031.9
1398190 2030.7
1398200 2030.7
1398210 2030.0
1398220 2029.3
1398230 2029.3
1398240 2028.4
1398250 2027.0
1398260 2027.0
1398270 2025.4
1398280 2024.9
1398290 2024.0
1398300 2024.0
1398310 2022.3
1398320 2020.0
1398330 2020.0
1398340 2018.6
1398350 2016.7
1398360 2016.7
1398370 2014.6
1398380 2013.5
1398390 2013.5
1398400 2013.1
1398410 2014.9
1398420 2014.9
1398430 2017.4
1398440 2015.3
1398450 2015.3
1398460 2015.6
1398470 2016.6
1398480 2016.6
1398490 2018.2
1398500 2020.0
1398510 2023.0
1398520 2023.0
1398530 2026.7
1398540 2031.4
1398550 2031.4
1398560 2036.5
1398570 2052.2
1398580 2052.2
1398590 2064.9
1398600 2073.6
1398610 2073.6
1398620 2080.3
1398630 2085.0
1398640 2085.0
1398650 2090.7
1398660 2095.3
1398670 2095.3
1398680 2099.0
1398690 2099.3
1398700 2099.3
1398710 2098.0
1398720 2096.7
1398730 2096.4
1398740 2096.4
1398750 2098.1
1398760 2097.4
1398770 2097.4
1398780 2099.3
1398790 2102.3
1398800 2102.3
1398810 2105.1
1398820 2106.9
1398830 2106.9
1398840 2109.4
1398850 2113.2
1398860 2113.2
1398870 2116.8
1398880 2122.1
1398890 2122.1
1398900 2127.9
1398910 2132.6
1398920 2138.9
1398930 2138.9
1398940 2145.9
1398950 2152.0
1398960 2152.0
1398970 2157.2
1398980 2163.5
1398990 2163.5
1399000 2170.8
1399010 2178.0
1399020 2178.0
1399030 2187.1
1399040 2197.2
1399050 2197.2
1399060 2205.4
1399070 2211.0
1399080 2211.0
1399090 2213.9
1399100 2216.2
1399110 2216.2
1399120 2218.7
1399130 2220.5
1399140 2222.8
1399150 2222.8
1399160 2225.2
1399170 2228.2
1399180 2228.2
1399190 2231.5
1399200 2234.9
1399210 2234.9
1399220 2239.1
1399230 2245.1
1399240 2245.1
1399250 2252.9
1399260 2260.7
1399270 2260.7
1399280 2268.4
1399290 2277.3
1399300 2277.3
1399310 2289.3
1399320 2303.2
1399330 2303.2
1399340 2311.4
1399350 2318.6
1399360 2323.5
1399370 2323.5
1399380 2329.7
1399390 2335.7
1399400 2335.7
1399410 2338.7
1399420 2341.6
1399430 2341.6
1399440 2343.4
1399450 2345.6
1399460 2345.6
1399470 2351.0
1399480 2355.8
1399490 2355.8
1399500 2361.1
1399510 2365.6
1399520 2365.6
1399530 2369.8
1399540 2373.0
1399550 2375.5
1399560 2375.5
1399570 2378.3
1399580 2381.0
1399590 2381.0
1399600 2383.3
1399610 2385.8
1399620 2385.8
1399630 2388.5
1399640 2391.0
1399650 2391.0
1399660 2394.0
1399670 2397.1
1399680 2397.1
1399690 2400.1
1399700 2403.1
1399710 2403.1
1399720 2406.1
1399730 2409.1
1399740 2409.1
1399750 2412.4
1399760 2415.8
1399770 2419.3
1399780 2419.3
1399790 2423.1
1399800 2426.8
1399810 2426.8
1399820 2430.1
1399830 2433.5
1399840 2433.5
1399850 2437.0
1399860 2440.9
1399870 2440.9
1399880 2447.3
1399890 2453.9
1399900 2453.9
1399910 2458.8
1399920 2462.6
1399930 2462.6
1399940 2464.8
1399950 2467.9
1399960 2467.9
1399970 2471.5
1399980 2475.4
1399990 2480.3
1380000 2991.7
1380010 3000.5
1380020 3009.5
1380030 3009.5
1380040 3019.3
1380050 3028.6
1380060 3028.6
1380070 3040.9
1380080 3052.5
1380090 3052.5
1380100 3055.9
1380110 3041.2
1380120 3019.3
1380130 3019.3
1380140 2999.6
1380150 2976.8
1380160 2976.8
1380170 2954.6
1380180 2929.2
1380190 2929.2
1380200 2908.9
1380210 2901.1
1380220 2901.1
1380230 2906.2
1380240 2914.1
1380250 2914.1
1380260 2927.9
1380270 2938.8
1380280 2938.8
1380290 2940.6
1380300 2937.7
1380310 2937.7
1380320 2932.4
1380330 2926.1
1380340 2918.1
1380350 2918.1
1380360 2910.0
1380370 2879.9
1380380 2879.9
1380390 2859.6
1380400 2846.5
1380410 2846.5
1380420 2842.6
1380430 2839.9
1380440 2839.9
1380450 2837.9
1380460 2837.5
1380470 2837.5
1380480 2837.9
1380490 2838.6
1380500 2838.6
1380510 2840.2
1380520 2843.4
1380530 2843.4
1380540 2846.1
1380550 2852.8
1380560 2862.3
1380570 2862.3
1380580 2869.5
1380590 2874.2
1380600 2874.2
1380610 2882.9
1380620 2892.2
1380630 2892.2
1380640 2900.2
1380650 2897.3
1380660 2897.3
1380670 2891.4
1380680 2879.9
1380690 2879.9
1380700 2864.8
1380710 2839.9
1380720 2839.9
1380730 2833.9
1380740 2836.5
1380750 2851.8
1380760 2851.8
1380770 2874.2
1380780 2885.4
1380790 2885.4
1380800 2886.2
1380810 2894.4
1380820 2894.4
1380830 2907.3
1380840 2926.9
1380850 2926.9
1380860 2942.1
1380870 2950.3
1380880 2950.3
1380890 2944.0
1380900 2933.7
1380910 2933.7
1380920 2925.7
1380930 2912.5
1380940 2912.5
1380950 2895.4
1380960 2879.8
1380970 2861.4
1380980 2861.4
1380990 2844.6
1381000 2830.6
1381010 2830.6
1381020 2818.1
1381030 2809.0
1381040 2809.0
1381050 2800.5
1381060 2789.7
1381070 2789.7
1381080 2781.7
1381090 2774.6
1381100 2774.6
1381110 2767.7
1381120 2761.4
1381130 2761.4
1381140 2755.6
1381150 2750.3
1381160 2750.3
1381170 2745.8
1381180 2741.4
1381190 2737.3
1381200 2737.3
1381210 2733.0
1381220 2729.3
1381230 2729.3
1381240 2727.7
1381250 2726.3
1381260 2726.3
1381270 2722.9
1381280 2717.7
1381290 2717.7
1381300 2714.2
1381310 2715.6
1381320 2715.6
1381330 2712.4
1381340 2712.4
1381350 2712.4
1381360 2711.1
1381370 2706.8
1381380 2706.0
1381390 2706.0
1381400 2710.0
1381410 2714.1
1381420 2714.1
1381430 2719.4
1381440 2726.0
1381450 2726.0
1381460 2730.2
1381470 2735.6
1381480 2735.6
1381490 2738.6
1381500 2742.2
1381510 2742.2
1381520 2740.8
1381530 2736.5
1381540 2736.5
1381550 2733.6
1381560 2734.0
1381570 2734.0
1381580 2735.3
1381590 2738.3
1381600 2739.2
1381610 2739.2
1381620 2739.1
1381630 2739.7
1381640 2739.7
1381650 2740.7
1381660 2739.3
1381670 2739.3
1381680 2737.0
1381690 2736.4
1381700 2736.4
1381710 2732.7
1381720 2729.3
1381730 2729.3
1381740 2726.3
1381750 2723.6
1381760 2723.6
1381770 2719.0
1381780 2711.2
1381790 2711.2
1381800 2704.9
1381810 2700.5
1381820 2696.2
1381830 2696.2
1381840 2692.0
1381850 2687.3
1381860 2687.3
1381870 2686.5
1381880 2687.9
1381890 2687.9
1381900 2685.0
1381910 2681.0
1381920 2681.0
1381930 2678.2
1381940 2673.4
1381950 2673.4
1381960 2667.2
1381970 2661.3
1381980 2661.3
1381990 2659.1
1382000 2660.1
1382010 2664.1
1382020 2664.1
1382030 2666.0
1382040 2661.3
1382050 2661.3
1382060 2647.8
1382070 2615.2
1382080 2615.2
1382090 2605.2
1382100 2598.7
1382110 2598.7
1382120 2593.4
1382130 2587.8
1382140 2587.8
1382150 2582.2
1382160 2577.5
1382170 2577.5
1382180 2574.3
1382190 2573.3
1382200 2573.3
1382210 2572.4
1382220 2571.7
1382230 2570.1
1382240 2570.1
1382250 2568.8
1382260 2568.0
1382270 2568.0
1382280 2566.7
1382290 2566.1
1382300 2566.1
1382310 2565.7
1382320 2565.5
1382330 2565.5
1382340 2565.5
1382350 2565.7
1382360 2565.7
1382370 2566.9
1382380 2568.8
1382390 2568.8
1382400 2571.7
1382410 2573.5
1382420 2573.5
1382430 2576.2
1382440 2581.5
1382450 2587.5
1382460 2587.5
1382470 2592.7
1382480 2596.7
1382490 2596.7
1382500 2601.6
1382510 2607.7
1382520 2607.7
1382530 2617.5
1382540 2624.7
1382550 2624.7
1382560 2630.3
1382570 2631.0
1382580 2631.0
1382590 2648.3
1382600 2668.8
1382610 2668.8
1382620 2679.8
1382630 2685.0
1382640 2685.0
1382650 2691.3
1382660 2700.7
1382670 2701.5
1382680 2701.5
1382690 2697.1
1382700 2689.3
1382710 2689.3
1382720 2680.2
1382730 2671.3
1382740 2671.3
1382750 2664.3
1382760 2660.1
1382770 2660.1
1382780 2658.2
1382790 2657.4
1382800 2657.4
1382810 2658.7
1382820 2663.6
1382830 2663.6
1382840 2670.5
1382850 2676.7
1382860 2685.8
1382870 2685.8
1382880 2701.5
1382890 2705.5
1382900 2705.5
1382910 2704.1
1382920 2703.6
1382930 2703.6
1382940 2705.5
1382950 2706.8
1382960 2706.8
1382970 2706.5
1382980 2705.3
1382990 2705.3
1383000 2703.1
1383010 2702.4
1383020 2702.4
1383030 2700.9
1383040 2697.3
1383050 2697.3
1383060 2693.4
1383070 2693.5
1383080 2696.8
1383090 2696.8
1383100 2698.6
1383110 2700.2
1383120 2700.2
1383130 2703.4
1383140 2709.6
1383150 2709.6
1383160 2716.7
1383170 2720.2
1383180 2720.2
1383190 2727.1
1383200 2734.8
1383210 2734.8
1383220 2742.1
1383230 2744.3
1383240 2744.3
1383250 2746.8
1383260 2752.8
1383270 2752.8
1383280 2759.2
1383290 2767.2
1383300 2778.9
1383310 2778.9
1383320 2783.9
1383330 2786.5
1383340 2786.5
1383350 2790.2
1383360 2791.7
1383370 2791.7
1383380 2790.8
1383390 2790.8
1383400 2790.8
1383410 2789.6
1383420 2786.4
1383430 2786.4
1383440 2781.7
1383450 2776.4
1383460 2776.4
1383470 2773.0
1383480 2770.9
1383490 2770.9
1383500 2768.6
1383510 2764.4
1383520 2759.3
1383530 2759.3
1383540 2756.1
1383550 2754.7
1383560 2754.7
1383570 2752.9
1383580 2749.8
1383590 2749.8
1383600 2746.7
1383610 2744.6
1383620 2744.6
1383630 2742.2
1383640 2739.6
1383650 2739.6
1383660 2738.7
1383670 2737.5
1383680 2737.5
1383690 2736.4
1383700 2736.3
1383710 2737.1
1383720 2737.1
1383730 2737.1
1383740 2736.9
1383750 2736.9
1383760 2737.6
1383770 2739.8
1383780 2739.8
1383790 2742.5
1383800 2745.5
1383810 2745.5
1383820 2744.8
1383830 2748.5
1383840 2748.5
1383850 2752.0
1383860 2756.3
1383870 2756.3
1383880 2760.8
1383890 2764.5
1383900 2764.5
1383910 2768.0
1383920 2773.9
1383930 2792.0
1383940 2792.0
1383950 2803.4
1383960 2803.2
1383970 2803.2
1383980 2789.2
1383990 2773.8
1384000 2773.8
1384010 2759.6
1384020 2752.8
1384030 2752.8
1384040 2747.4
1384050 2741.9
1384060 2741.9
1384070 2736.6
1384080 2732.0
1384090 2732.0
1384100 2727.7
1384110 2723.1
1384120 2723.1
1384130 2719.1
1384140 2715.6
1384150 2712.6
1384160 2712.6
1384170 2709.1
1384180 2704.0
1384190 2704.0
1384200 2699.5
1384210 2697.6
1384220 2697.6
1384230 2695.7
1384240 2693.0
1384250 2693.0
1384260 2690.7
1384270 2687.9
1384280 2687.9
1384290 2685.8
1384300 2683.4
1384310 2683.4
1384320 2681.6
1384330 2680.1
1384340 2678.7
1384350 2678.7
1384360 2676.6
1384370 2674.3
1384380 2674.3
1384390 2672.4
1384400 2669.0
1384410 2669.0
1384420 2667.1
1384430 2665.1
1384440 2665.1
1384450 2663.4
1384460 2661.4
1384470 2661.4
1384480 2659.6
1384490 2658.4
1384500 2658.4
1384510 2656.5
1384520 2654.8
1384530 2654.8
1384540 2654.3
1384550 2654.0
1384560 2653.8
1384570 2653.8
1384580 2653.6
1384590 2653.6
1384600 2653.6
1384610 2653.8
1384620 2654.4
1384630 2654.4
1384640 2655.7
1384650 2657.9
1384660 2657.9
1384670 2661.4
1384680 2664.8
1384690 2664.8
1384700 2668.4
1384710 2672.0
1384720 2672.0
1384730 2676.3
1384740 2681.3
1384750 2681.3
1384760 2687.1
1384770 2693.1
1384780 2699.3
1384790 2699.3
1384800 2705.9
1384810 2712.8
1384820 2712.8
1384830 2720.0
1384840 2727.4
1384850 2727.4
1384860 2734.4
1384870 2741.0
1384880 2741.0
1384890 2748.6
1384900 2759.7
1384910 2759.7
1384920 2769.8
1384930 2779.2
1384940 2779.2
1384950 2788.5
1384960 2796.5
1384970 2805.5
1384980 2805.5
1384990 2813.3
1385000 2824.1
1385010 2824.1
1385020 2838.0
1385030 2852.2
1385040 2852.2
1385050 2871.5
1385060 2880.9
1385070 2880.9
1385080 2861.4
1385090 2823.7
1385100 2823.7
1385110 2805.0
1385120 2795.7
1385130 2795.7
1385140 2790.4
1385150 2785.6
1385160 2785.6
1385170 2781.7
1385180 2778.5
1385190 2775.5
1385200 2775.5
1385210 2772.9
1385220 2771.3
1385230 2771.3
1385240 2771.1
1385250 2771.5
1385260 2771.5
1385270 2772.3
1385280 2773.9
1385290 2773.9
1385300 2775.8
1385310 2777.7
1385320 2777.7
1385330 2782.8
1385340 2794.7
1385350 2794.7
1385360 2805.3
1385370 2822.0
1385380 2822.0
1385390 2838.2
1385400 2850.3
1385410 2850.6
1385420 2850.6
1385430 2846.1
1385440 2853.4
1385450 2853.4
1385460 2878.2
1385470 2891.2
1385480 2891.2
1385490 2910.3
1385500 2925.9
1385510 2925.9
1385520 2937.1
1385530 2944.9
1385540 2944.9
1385550 2944.5
1385560 2930.3
1385570 2930.3
1385580 2916.8
1385590 2906.0
1385600 2906.0
1385610 2902.5
1385620 2898.7
1385630 2898.6
1385640 2898.6
1385650 2908.7
1385660 2916.6
1385670 2916.6
1385680 2911.9
1385690 2904.4
1385700 2904.4
1385710 2898.2
1385720 2895.9
1385730 2895.9
1385740 2893.7
1385750 2887.8
1385760 2887.8
1385770 2886.0
1385780 2882.5
1385790 2882.5
1385800 2874.4
1385810 2863.6
1385820 2861.3
1385830 2861.3
1385840 2863.1
1385850 2860.9
1385860 2860.9
1385870 2852.5
1385880 2845.0
1385890 2845.0
1385900 2837.2
1385910 2831.7
1385920 2831.7
1385930 2835.1
1385940 2834.3
1385950 2834.3
1385960 2837.9
1385970 2839.9
1385980 2839.9
1385990 2837.1
1386000 2837.4
1386010 2837.4
1386020 2834.9
1386030 2830.2
1386040 2825.9
1386050 2825.9
1386060 2821.4
1386070 2817.8
1386080 2817.8
1386090 2814.7
1386100 2810.2
1386110 2810.2
1386120 2805.9
1386130 2799.9
1386140 2799.9
1386150 2797.9
1386160 2798.9
1386170 2798.9
1386180 2795.1
1386190 2791.0
1386200 2791.0
1386210 2786.5
1386220 2782.3
1386230 2782.3
1386240 2778.3
1386250 2771.1
1386260 2767.9
1386270 2767.9
1386280 2765.0
1386290 2753.1
1386300 2753.1
1386310 2745.1
1386320 2748.8
1386330 2748.8
1386340 2754.1
1386350 2758.8
1386360 2758.8
1386370 2769.3
1386380 2765.1
1386390 2765.1
1386400 2770.2
1386410 2769.5
1386420 2769.5
1386430 2765.5
1386440 2762.3
1386450 2761.5
1386460 2761.5
1386470 2758.3
1386480 2760.2
1386490 2760.2
1386500 2759.6
1386510 2754.6
1386520 2754.6
1386530 2751.4
1386540 2748.4
1386550 2748.4
1386560 2744.2
1386570 2745.3
1386580 2745.3
1386590 2746.6
1386600 2750.1
1386610 2750.1
1386620 2760.2
1386630 2770.2
1386640 2770.2
1386650 2780.3
1386660 2787.7
1386670 2791.2
1386680 2791.2
1386690 2795.7
1386700 2796.8
1386710 2796.8
1386720 2800.5
1386730 2814.5
1386740 2814.5
1386750 2811.6
1386760 2811.0
1386770 2811.0
1386780 2817.0
1386790 2821.3
1386800 2821.3
1386810 2815.8
1386820 2816.5
1386830 2816.5
1386840 2838.2
1386850 2840.5
1386860 2840.5
1386870 2840.5
1386880 2841.4
1386890 2841.4
1386900 2841.4
1386910 2841.8
1386920 2841.4
1386930 2841.4
1386940 2841.7
1386950 2842.6
1386960 2842.6
1386970 2840.6
1386980 2840.1
1386990 2840.1
1387000 2844.6
1387010 2849.3
1387020 2849.3
1387030 2855.0
1387040 2860.1
1387050 2860.1
1387060 2863.7
1387070 2870.2
1387080 2870.2
1387090 2871.7
1387100 2859.5
1387110 2847.9
1387120 2847.9
1387130 2847.9
1387140 2849.2
1387150 2849.2
1387160 2863.8
1387170 2877.2
1387180 2877.2
1387190 2884.7
1387200 2882.9
1387210 2882.9
1387220 2887.0
1387230 2895.6
1387240 2895.6
1387250 2896.5
1387260 2898.0
1387270 2898.0
1387280 2900.4
1387290 2903.2
1387300 2905.2
1387310 2905.2
1387320 2916.1
1387330 2929.3
1387340 2929.3
1387350 2939.2
1387360 2945.3
1387370 2945.3
1387380 2950.6
1387390 2957.1
1387400 2957.1
1387410 2965.5
1387420 2973.3
1387430 2973.3
1387440 2979.9
1387450 2985.9
1387460 2985.9
1387470 2990.2
1387480 2993.3
1387490 2993.3
1387500 2994.1
1387510 2988.8
1387520 2984.2
1387530 2984.2
1387540 2979.4
1387550 2972.7
1387560 2972.7
1387570 2965.7
1387580 2958.7
1387590 2958.7
1387600 2952.4
1387610 2947.2
1387620 2947.2
1387630 2942.5
1387640 2937.4
1387650 2937.4
1387660 2932.1
1387670 2923.9
1387680 2923.9
1387690 2917.7
1387700 2912.3
1387710 2912.3
1387720 2907.2
1387730 2902.9
1387740 2900.5
1387750 2900.5
1387760 2898.2
1387770 2894.7
1387780 2894.7
1387790 2891.3
1387800 2889.2
1387810 2889.2
1387820 2885.4
1387830 2881.9
1387840 2881.9
1387850 2879.5
1387860 2877.4
1387870 2877.4
1387880 2876.2
1387890 2874.8
1387900 2874.8
1387910 2872.2
1387920 2870.2
1387930 2867.5
1387940 2867.5
1387950 2865.7
1387960 2865.5
1387970 2865.5
1387980 2859.0
1387990 2838.0
1388000 2838.0
1388010 2826.3
1388020 2820.5
1388030 2820.5
1388040 2817.4
1388050 2817.9
1388060 2817.9
1388070 2823.7
1388080 2829.4
1388090 2829.4
1388100 2836.5
1388110 2842.9
1388120 2842.9
1388130 2842.0
1388140 2839.5
1388150 2835.0
1388160 2835.0
1388170 2827.7
1388180 2804.8
1388190 2804.8
1388200 2785.8
1388210 2773.5
1388220 2773.5
1388230 2764.2
1388240 2750.0
1388250 2750.0
1388260 2734.8
1388270 2729.2
1388280 2729.2
1388290 2722.9
1388300 2713.6
1388310 2713.6
1388320 2708.8
1388330 2706.5
1388340 2706.5
1388350 2698.9
1388360 2687.5
1388370 2679.5
1388380 2679.5
1388390 2670.3
1388400 2666.2
1388410 2666.2
1388420 2663.5
1388430 2651.5
1388440 2651.5
1388450 2638.1
1388460 2626.9
1388470 2626.9
1388480 2621.8
1388490 2620.6
1388500 2620.6
1388510 2623.7
1388520 2627.3
1388530 2627.3
1388540 2621.6
1388550 2611.1
1388560 2611.1
1388570 2605.1
1388580 2597.4
1388590 2590.4
1388600 2590.4
1388610 2587.9
1388620 2586.5
1388630 2586.5
1388640 2583.1
1388650 2573.0
1388660 2573.0
1388670 2562.6
1388680 2554.2
1388690 2554.2
1388700 2550.2
1388710 2550.0
1388720 2550.0
1388730 2552.1
1388740 2555.7
1388750 2555.7
1388760 2555.4
1388770 2551.7
1388780 2540.9
1388790 2540.9
1388800 2528.5
1388810 2539.0
1388820 2539.0
1388830 2543.4
1388840 2525.3
1388850 2525.3
1388860 2510.1
1388870 2490.5
1388880 2490.5
1388890 2476.8
1388900 2483.4
1388910 2483.4
1388920 2490.1
1388930 2479.4
1388940 2479.4
1388950 2479.1
1388960 2483.2
1388970 2483.2
1388980 2495.8
1388990 2492.0
1389000 2485.8
1389010 2485.8
1389020 2470.2
1389030 2439.3
1389040 2439.3
1389050 2416.9
1389060 2405.2
1389070 2405.2
1389080 2406.0
1389090 2426.8
1389100 2426.8
1389110 2425.2
1389120 2405.5
1389130 2405.5
1389140 2390.3
1389150 2374.1
1389160 2374.1
1389170 2367.6
1389180 2349.2
1389190 2349.2
1389200 2331.7
1389210 2319.9
1389220 2305.8
1389230 2305.8
1389240 2292.7
1389250 2285.4
1389260 2285.4
1389270 2279.0
1389280 2272.7
1389290 2272.7
1389300 2266.0
1389310 2259.9
1389320 2259.9
1389330 2254.0
1389340 2247.4
1389350 2247.4
1389360 2240.3
1389370 2233.4
1389380 2233.4
1389390 2226.6
1389400 2219.4
1389410 2212.9
1389420 2212.9
1389430 2208.6
1389440 2205.4
1389450 2205.4
1389460 2200.0
1389470 2195.6
1389480 2195.6
1389490 2192.6
1389500 2191.3
1389510 2191.3
1389520 2189.9
1389530 2186.9
1389540 2186.9
1389550 2183.0
1389560 2179.0
1389570 2179.0
1389580 2175.0
1389590 2172.2
1389600 2172.2
1389610 2168.7
1389620 2164.2
1389630 2157.9
1389640 2157.9
1389650 2151.8
1389660 2145.3
1389670 2145.3
1389680 2137.4
1389690 2131.1
1389700 2131.1
1389710 2127.0
1389720 2123.1
1389730 2123.1
1389740 2117.5
1389750 2111.0
1389760 2111.0
1389770 2104.0
1389780 2098.6
1389790 2098.6
1389800 2095.6
1389810 2093.8
1389820 2093.8
1389830 2087.7
1389840 2080.3
1389850 2076.5
1389860 2076.5
1389870 2065.8
1389880 2056.8
1389890 2056.8
1389900 2049.5
1389910 2042.5
1389920 2042.5
1389930 2035.3
1389940 2027.4
1389950 2027.4
1389960 2018.0
1389970 2008.1
1389980 2008.1
1389990 1998.1
1390000 1989.5
1390010 1989.5
1390020 1984.5
1390030 1975.4
1390040 1975.4
1390050 1950.1
1390060 1949.1
1390070 1950.3
1390080 1950.3
1390090 1944.5
1390100 1942.1
1390110 1942.1
1390120 1946.5
1390130 1940.6
1390140 1940.6
1390150 1933.1
1390160 1933.2
1390170 1933.2
1390180 1939.9
1390190 1945.2
1390200 1945.2
1390210 1941.0
1390220 1928.8
1390230 1928.8
1390240 1923.1
1390250 1922.7
1390260 1932.0
1390270 1932.0
1390280 1945.8
1390290 1945.7
1390300 1945.7
1390310 1940.4
1390320 1944.5
1390330 1944.5
1390340 1938.6
1390350 1931.7
1390360 1931.7
1390370 1934.3
1390380 1940.7
1390390 1940.7
1390400 1947.9
1390410 1952.2
1390420 1952.2
1390430 1941.4
1390440 1928.5
1390450 1928.5
1390460 1927.4
1390470 1933.7
1390480 1937.6
1390490 1937.6
1390500 1932.9
1390510 1930.4
1390520 1930.4
1390530 1938.3
1390540 1943.0
1390550 1943.0
1390560 1936.6
1390570 1944.5
1390580 1944.5
1390590 1959.8
1390600 1969.1
1390610 1969.1
1390620 1976.8
1390630 1985.4
1390640 1985.4
1390650 1988.3
1390660 1975.5
1390670 1975.5
1390680 1968.4
1390690 1974.9
1390700 1974.3
1390710 1974.3
1390720 1965.4
1390730 1959.3
1390740 1959.3
1390750 1956.4
1390760 1944.9
1390770 1944.9
1390780 1932.5
1390790 1920.4
1390800 1920.4
1390810 1913.9
1390820 1906.8
1390830 1906.8
1390840 1894.0
1390850 1893.3
1390860 1893.3
1390870 1893.7
1390880 1881.9
1390890 1880.5
1390900 1880.5
1390910 1887.5
1390920 1889.1
1390930 1889.1
1390940 1889.1
1390950 1887.4
1390960 1887.4
1390970 1884.1
1390980 1878.7
1390990 1878.7
1391000 1873.1
1391010 1860.4
1391020 1860.4
1391030 1849.2
1391040 1843.2
1391050 1843.2
1391060 1836.6
1391070 1829.1
1391080 1829.1
1391090 1822.3
1391100 1816.2
1391110 1810.1
1391120 1810.1
1391130 1803.3
1391140 1794.6
1391150 1794.6
1391160 1776.8
1391170 1758.4
1391180 1758.4
1391190 1743.2
1391200 1730.2
1391210 1730.2
1391220 1719.0
1391230 1714.2
1391240 1714.2
1391250 1707.1
1391260 1705.3
1391270 1705.3
1391280 1693.8
1391290 1684.9
1391300 1684.9
1391310 1678.3
1391320 1671.8
1391330 1666.9
1391340 1666.9
1391350 1656.9
1391360 1646.4
1391370 1646.4
1391380 1636.8
1391390 1635.3
1391400 1635.3
1391410 1632.4
1391420 1635.2
1391430 1635.2
1391440 1637.4
1391450 1638.8
1391460 1638.8
1391470 1643.8
1391480 1644.0
1391490 1644.0
1391500 1639.4
1391510 1634.9
1391520 1634.9
1391530 1627.0
1391540 1617.4
1391550 1609.4
1391560 1609.4
1391570 1602.7
1391580 1596.5
1391590 1596.5
1391600 1590.9
1391610 1580.3
1391620 1580.3
1391630 1564.2
1391640 1555.1
1391650 1555.1
1391660 1551.6
1391670 1567.6
1391680 1567.6
1391690 1565.2
1391700 1561.7
1391710 1561.7
1391720 1557.3
1391730 1554.5
1391740 1552.7
1391750 1552.7
1391760 1552.0
1391770 1554.4
1391780 1554.4
1391790 1558.8
1391800 1560.5
1391810 1560.5
1391820 1563.0
1391830 1568.2
1391840 1568.2
1391850 1578.4
1391860 1591.4
1391870 1591.4
1391880 1602.6
1391890 1608.8
1391900 1608.8
1391910 1608.8
1391920 1606.1
1391930 1606.1
1391940 1600.1
1391950 1598.7
1391960 1601.5
1391970 1601.5
1391980 1601.1
1391990 1599.4
1392000 1599.4
1392010 1597.1
1392020 1595.3
1392030 1595.3
1392040 1598.7
1392050 1594.0
1392060 1594.0
1392070 1591.8
1392080 1588.9
1392090 1588.9
1392100 1583.4
1392110 1579.7
1392120 1579.7
1392130 1578.3
1392140 1580.8
1392150 1580.8
1392160 1584.8
1392170 1587.9
1392180 1589.0
1392190 1589.0
1392200 1588.9
1392210 1588.5
1392220 1588.5
1392230 1587.2
1392240 1585.7
1392250 1585.7
1392260 1584.2
1392270 1582.6
1392280 1582.6
1392290 1581.1
1392300 1580.1
1392310 1580.1
1392320 1578.3
1392330 1575.6
1392340 1575.6
1392350 1573.2
1392360 1570.8
1392370 1567.3
1392380 1567.3
1392390 1562.5
1392400 1557.7
1392410 1557.7
1392420 1552.4
1392430 1546.1
1392440 1546.1
1392450 1539.0
1392460 1531.6
1392470 1531.6
1392480 1524.1
1392490 1516.9
1392500 1516.9
1392510 1509.7
1392520 1501.7
1392530 1501.7
1392540 1487.4
1392550 1473.5
1392560 1473.5
1392570 1462.5
1392580 1447.4
1392590 1431.5
1392600 1431.5
1392610 1412.9
1392620 1398.3
1392630 1398.3
1392640 1388.0
1392650 1373.7
1392660 1373.7
1392670 1357.4
1392680 1347.7
1392690 1347.7
1392700 1327.9
1392710 1311.6
1392720 1311.6
1392730 1289.5
1392740 1261.2
1392750 1261.2
1392760 1250.5
1392770 1242.7
1392780 1242.7
1392790 1234.9
1392800 1227.5
1392810 1219.9
1392820 1219.9
1392830 1212.4
1392840 1204.4
1392850 1204.4
1392860 1196.9
1392870 1188.4
1392880 1188.4
1392890 1179.8
1392900 1173.1
1392910 1173.1
1392920 1168.0
1392930 1161.8
1392940 1161.8
1392950 1157.6
1392960 1152.6
1392970 1152.6
1392980 1145.0
1392990 1136.5
1393000 1136.5
1393010 1127.8
1393020 1121.2
1393030 1115.7
1393040 1115.7
1393050 1114.0
1393060 1116.1
1393070 1116.1
1393080 1119.2
1393090 1120.2
1393100 1120.2
1393110 1121.5
1393120 1123.0
1393130 1123.0
1393140 1124.1
1393150 1125.1
1393160 1125.1
1393170 1126.2
1393180 1129.6
1393190 1129.6
1393200 1134.8
1393210 1137.5
1393220 1138.2
1393230 1138.2
1393240 1138.6
1393250 1138.9
1393260 1138.9
1393270 1139.1
1393280 1140.1
1393290 1140.1
1393300 1141.7
1393310 1142.6
1393320 1142.6
1393330 1144.5
1393340 1147.6
1393350 1147.6
1393360 1152.5
1393370 1153.4
1393380 1153.4
1393390 1155.9
1393400 1161.6
1393410 1161.6
1393420 1168.0
1393430 1173.1
1393440 1179.0
1393450 1179.0
1393460 1183.8
1393470 1188.7
1393480 1188.7
1393490 1195.1
1393500 1202.2
1393510 1202.2
1393520 1209.8
1393530 1222.2
1393540 1222.2
1393550 1236.8
1393560 1246.5
1393570 1246.5
1393580 1252.4
1393590 1262.5
1393600 1262.5
1393610 1270.6
1393620 1278.4
1393630 1278.4
1393640 1295.1
1393650 1306.5
1393660 1312.5
1393670 1312.5
1393680 1320.5
1393690 1326.4
1393700 1326.4
1393710 1330.8
1393720 1337.0
1393730 1337.0
1393740 1344.0
1393750 1350.5
1393760 1350.5
1393770 1355.8
1393780 1360.9
1393790 1360.9
1393800 1363.8
1393810 1366.0
1393820 1366.0
1393830 1368.0
1393840 1367.3
1393850 1367.6
1393860 1367.6
1393870 1366.3
1393880 1358.0
1393890 1358.0
1393900 1349.1
1393910 1344.0
1393920 1344.0
1393930 1342.5
1393940 1343.7
1393950 1343.7
1393960 1344.2
1393970 1344.4
1393980 1344.4
1393990 1344.4
1394000 1344.9
1394010 1344.9
1394020 1346.2
1394030 1348.0
1394040 1348.0
1394050 1349.6
1394060 1353.0
1394070 1357.7
1394080 1357.7
1394090 1363.2
1394100 1369.3
1394110 1369.3
1394120 1375.1
1394130 1380.2
1394140 1380.2
1394150 1385.1
1394160 1390.7
1394170 1390.7
1394180 1396.6
1394190 1402.5
1394200 1402.5
1394210 1409.0
1394220 1415.7
1394230 1415.7
1394240 1422.7
1394250 1430.2
1394260 1430.2
1394270 1437.7
1394280 1445.3
1394290 1453.3
1394300 1453.3
1394310 1461.1
1394320 1468.6
1394330 1468.6
1394340 1476.9
1394350 1488.7
1394360 1488.7
1394370 1500.3
1394380 1510.8
1394390 1510.8
1394400 1522.1
1394410 1532.5
1394420 1532.5
1394430 1542.8
1394440 1557.7
1394450 1557.7
1394460 1568.9
1394470 1579.5
1394480 1579.5
1394490 1594.6
1394500 1609.4
1394510 1621.2
1394520 1621.2
1394530 1630.7
1394540 1640.1
1394550 1640.1
1394560 1650.6
1394570 1660.5
1394580 1660.5
1394590 1668.1
1394600 1673.8
1394610 1673.8
1394620 1678.2
1394630 1681.2
1394640 1681.2
1394650 1684.7
1394660 1687.8
1394670 1687.8
1394680 1689.4
1394690 1692.6
1394700 1697.2
1394710 1697.2
1394720 1704.3
1394730 1709.3
1394740 1709.3
1394750 1715.0
1394760 1721.4
1394770 1721.4
1394780 1729.2
1394790 1738.2
1394800 1738.2
1394810 1749.9
1394820 1762.6
1394830 1762.6
1394840 1770.7
1394850 1776.3
1394860 1776.3
1394870 1781.8
1394880 1788.1
1394890 1788.1
1394900 1794.4
1394910 1800.0
1394920 1805.8
1394930 1805.8
1394940 1812.5
1394950 1819.3
1394960 1819.3
1394970 1825.6
1394980 1831.2
1394990 1831.2
1395000 1835.8
1395010 1840.2
1395020 1840.2
1395030 1845.9
1395040 1851.5
1395050 1851.5
1395060 1856.3
1395070 1861.6
1395080 1861.6
1395090 1868.0
1395100 1874.7
1395110 1874.7
1395120 1880.9
1395130 1886.5
1395140 1892.5
1395150 1892.5
1395160 1897.8
1395170 1901.5
1395180 1901.5
1395190 1905.4
1395200 1910.1
1395210 1910.1
1395220 1914.9
1395230 1918.0
1395240 1918.0
1395250 1920.9
1395260 1924.1
1395270 1924.1
1395280 1927.5
1395290 1930.8
1395300 1930.8
1395310 1934.2
1395320 1938.3
1395330 1942.2
1395340 1942.2
1395350 1946.1
1395360 1951.2
1395370 1951.2
1395380 1955.3
1395390 1958.1
1395400 1958.1
1395410 1961.1
1395420 1963.8
1395430 1963.8
1395440 1967.2
1395450 1970.9
1395460 1970.9
1395470 1975.3
1395480 1980.0
1395490 1980.0
1395500 1984.5
1395510 1989.6
1395520 1989.6
1395530 1994.9
1395540 2000.5
1395550 2005.9
1395560 2005.9
1395570 2009.9
1395580 2014.1
1395590 2014.1
1395600 2020.3
1395610 2025.4
1395620 2025.4
1395630 2029.4
1395640 2033.3
1395650 2033.3
1395660 2036.7
1395670 2040.9
1395680 2040.9
1395690 2045.1
1395700 2048.5
1395710 2048.5
1395720 2051.2
1395730 2055.4
1395740 2055.4
1395750 2060.0
1395760 2063.7
1395770 2068.1
1395780 2068.1
1395790 2071.6
1395800 2076.1
1395810 2076.1
1395820 2081.1
1395830 2084.9
1395840 2084.9
1395850 2089.9
1395860 2095.9
1395870 2095.9
1395880 2102.9
1395890 2109.0
1395900 2109.0
1395910 2114.8
1395920 2122.3
1395930 2122.3
1395940 2129.4
1395950 2132.9
1395960 2132.9
1395970 2135.0
1395980 2138.2
1395990 2143.7
1396000 2143.7
1396010 2148.7
1396020 2153.9
1396030 2153.9
1396040 2158.5
1396050 2163.3
1396060 2163.3
1396070 2168.1
1396080 2172.0
1396090 2172.0
1396100 2175.4
1396110 2179.1
1396120 2179.1
1396130 2183.3
1396140 2187.2
1396150 2187.2
1396160 2191.7
1396170 2195.9
1396180 2200.5
1396190 2200.5
1396200 2206.0
1396210 2212.7
1396220 2212.7
1396230 2220.3
1396240 2226.1
1396250 2226.1
1396260 2230.9
1396270 2236.1
1396280 2236.1
1396290 2240.7
1396300 2245.2
1396310 2245.2
1396320 2250.2
1396330 2255.8
1396340 2255.8
1396350 2262.2
1396360 2269.8
1396370 2269.8
1396380 2278.0
1396390 2285.1
1396400 2291.3
1396410 2291.3
1396420 2298.1
1396430 2305.3
1396440 2305.3
1396450 2312.1
1396460 2318.9
1396470 2318.9
1396480 2325.7
1396490 2332.3
1396500 2332.3
1396510 2339.0
1396520 2346.0
1396530 2346.0
1396540 2352.9
1396550 2359.5
1396560 2359.5
1396570 2365.1
1396580 2371.3
1396590 2371.3
1396600 2377.5
1396610 2384.2
1396620 2391.0
1396630 2391.0
1396640 2397.9
1396650 2404.6
1396660 2404.6
1396670 2411.2
1396680 2418.3
1396690 2418.3
1396700 2425.2
1396710 2432.4
1396720 2432.4
1396730 2439.7
1396740 2446.9
1396750 2446.9
1396760 2453.2
1396770 2459.5
1396780 2459.5
1396790 2466.2
1396800 2472.5
1396810 2478.6
1396820 2478.6
1396830 2484.4
1396840 2490.8
1396850 2490.8
1396860 2496.5
1396870 2501.9
1396880 2501.9
1396890 2506.9
1396900 2511.7
1396910 2511.7
1396920 2516.5
1396930 2521.6
1396940 2521.6
1396950 2526.4
1396960 2530.8
1396970 2530.8
1396980 2534.5
1396990 2537.3
1397000 2537.3
1397010 2536.2
1397020 2532.3
1397030 2528.1
1397040 2528.1
1397050 2523.1
1397060 2515.9
1397070 2515.9
1397080 2495.3
1397090 2465.0
1397100 2465.0
1397110 2438.5
1397120 2423.0
1397130 2423.0
1397140 2406.1
1397150 2395.8
1397160 2395.8
1397170 2389.0
1397180 2386.8
1397190 2386.8
1397200 2387.6
1397210 2387.5
1397220 2387.5
1397230 2387.4
1397240 2386.1
1397250 2384.7
1397260 2384.7
1397270 2380.8
1397280 2373.6
1397290 2368.4
1397300 2363.9
1397310 2356.2
1397320 2356.2
1397330 2348.3
1397340 2341.6
1397350 2341.6
1397360 2334.6
1397370 2326.8
1397380 2326.8
1397390 2319.7
1397400 2312.5
1397410 2312.5
1397420 2304.6
1397430 2296.1
1397440 2287.9
1397450 2287.9
1397460 2279.9
1397470 2273.6
1397480 2273.6
1397490 2266.4
1397500 2256.8
1397510 2256.8
1397520 2247.1
1397530 2239.1
1397540 2239.1
1397550 2230.6
1397560 2220.8
1397570 2220.8
1397580 2212.0
1397590 2204.1
1397600 2204.1
1397610 2194.5
1397620 2182.5
1397630 2182.5
1397640 2172.2
1397650 2165.8
1397660 2162.4
1397670 2162.4
1397680 2154.6
1397690 2142.7
1397700 2142.7
1397710 2130.2
1397720 2124.4
1397730 2124.4
1397740 2119.5
1397750 2115.3
1397760 2115.3
1397770 2110.7
1397780 2105.3
1397790 2105.3
1397800 2100.5
1397810 2097.1
1397820 2097.1
1397830 2090.3
1397840 2085.7
1397850 2085.7
1397860 2083.8
1397870 2080.6
1397880 2076.3
1397890 2076.3
1397900 2071.8
1397910 2068.0
1397920 2068.0
1397930 2066.3
1397940 2066.2
1397950 2066.2
1397960 2063.4
1397970 2059.8
1397980 2059.8
1397990 2056.9
1398000 2056.3
1398010 2056.3
1398020 2053.5
1398030 2050.2
1398040 2050.2
1398050 2047.3
1398060 2044.9
1398070 2044.9
1398080 2043.2
1398090 2041.9
1398100 2040.0
1398110 2040.0
1398120 2038.0
1398130 2036.6
1398140 2036.6
1398150 2035.4
1398160 2033.9
1398170 2033.9
1398180 2031.9
1398190 2030.7
1398200 2030.7
1398210 2030.0
1398220 2029.3
1398230 2029.3
1398240 2028.4
1398250 2027.0
1398260 2027.0
1398270 2025.4
1398280 2024.9
1398290 2024.0
1398300 2024.0
1398310 2022.3
1398320 2020.0
1398330 2020.0
1398340 2018.6
1398350 2016.7
1398360 2016.7
1398370 2014.6
1398380 2013.5
1398390 2013.5
1398400 2013.1
1398410 2014.9
1398420 2014.9
1398430 2017.4
1398440 2015.3
1398450 2015.3
1398460 2015.6
1398470 2016.6
1398480 2016.6
1398490 2018.2
1398500 2020.0
1398510 2023.0
1398520 2023.0
1398530 2026.7
1398540 2031.4
1398550 2031.4
1398560 2036.5
1398570 2052.2
1398580 2052.2
1398590 2064.9
1398600 2073.6
1398610 2073.6
1398620 2080.3
1398630 2085.0
1398640 2085.0
1398650 2090.7
1398660 2095.3
1398670 2095.3
1398680 2099.0
1398690 2099.3
1398700 2099.3
1398710 2098.0
1398720 2096.7
1398730 2096.4
1398740 2096.4
1398750 2098.1
1398760 2097.4
1398770 2097.4
1398780 2099.3
1398790 2102.3
1398800 2102.3
1398810 2105.1
1398820 2106.9
1398830 2106.9
1398840 2109.4
1398850 2113.2
1398860 2113.2
1398870 2116.8
1398880 2122.1
1398890 2122.1
1398900 2127.9
1398910 2132.6
1398920 2138.9
1398930 2138.9
1398940 2145.9
1398950 2152.0
1398960 2152.0
1398970 2157.2
1398980 2163.5
1398990 2163.5
1399000 2170.8
1399010 2178.0
1399020 2178.0
1399030 2187.1
1399040 2197.2
1399050 2197.2
1399060 2205.4
1399070 2211.0
1399080 2211.0
1399090 2213.9
1399100 2216.2
1399110 2216.2
1399120 2218.7
1399130 2220.5
1399140 2222.8
1399150 2222.8
1399160 2225.2
1399170 2228.2
1399180 2228.2
1399190 2231.5
1399200 2234.9
1399210 2234.9
1399220 2239.1
1399230 2245.1
1399240 2245.1
1399250 2252.9
1399260 2260.7
1399270 2260.7
1399280 2268.4
1399290 2277.3
1399300 2277.3
1399310 2289.3
1399320 2303.2
1399330 2303.2
1399340 2311.4
1399350 2318.6
1399360 2323.5
1399370 2323.5
1399380 2329.7
1399390 2335.7
1399400 2335.7
1399410 2338.7
1399420 2341.6
1399430 2341.6
1399440 2343.4
1399450 2345.6
1399460 2345.6
1399470 2351.0
1399480 2355.8
1399490 2355.8
1399500 2361.1
1399510 2365.6
1399520 2365.6
1399530 2369.8
1399540 2373.0
1399550 2375.5
1399560 2375.5
1399570 2378.3
1399580 2381.0
1399590 2381.0
1399600 2383.3
1399610 2385.8
1399620 2385.8
1399630 2388.5
1399640 2391.0
1399650 2391.0
1399660 2394.0
1399670 2397.1
1399680 2397.1
1399690 2400.1
1399700 2403.1
1399710 2403.1
1399720 2406.1
1399730 2409.1
1399740 2409.1
1399750 2412.4
1399760 2415.8
1399770 2419.3
1399780 2419.3
1399790 2423.1
1399800 2426.8
1399810 2426.8
1399820 2430.1
1399830 2433.5
1399840 2433.5
1399850 2437.0
1399860 2440.9
1399870 2440.9
1399880 2447.3
1399890 2453.9
1399900 2453.9
1399910 2458.8
1399920 2462.6
1399930 2462.6
1399940 2464.8
1399950 2467.9
1399960 2467.9
1399970 2471.5
1399980 2475.4
1399990 2480.3
1380000 2991.7
1380010 3000.5
1380020 3009.5
1380030 3009.5
1380040 3019.3
1380050 3028.6
1380060 3028.6
1380070 3040.9
1380080 3052.5
1380090 3052.5
1380100 3055.9
1380110 3041.2
1380120 3019.3
1380130 3019.3
1380140 2999.6
1380150 2976.8
1380160 2976.8
1380170 2954.6
1380180 2929.2
1380190 2929.2
1380200 2908.9
1380210 2901.1
1380220 2901.1
1380230 2906.2
1380240 2914.1
1380250 2914.1
1380260 2927.9
1380270 2938.8
1380280 2938.8
1380290 2940.6
1380300 2937.7
1380310 2937.7
1380320 2932.4
1380330 2926.1
1380340 2918.1
1380350 2918.1
1380360 2910.0
1380370 2879.9
1380380 2879.9
1380390 2859.6
1380400 2846.5
1380410 2846.5
1380420 2842.6
1380430 2839.9
1380440 2839.9
1380450 2837.9
1380460 2837.5
1380470 2837.5
1380480 2837.9
1380490 2838.6
1380500 2838.6
1380510 2840.2
1380520 2843.4
1380530 2843.4
1380540 2846.1
1380550 2852.8
1380560 2862.3
1380570 2862.3
1380580 2869.5
1380590 2874.2
1380600 2874.2
1380610 2882.9
1380620 2892.2
1380630 2892.2
1380640 2900.2
1380650 2897.3
1380660 2897.3
1380670 2891.4
1380680 2879.9
1380690 2879.9
1380700 2864.8
1380710 2839.9
1380720 2839.9
1380730 2833.9
1380740 2836.5
1380750 2851.8
1380760 2851.8
1380770 2874.2
1380780 2885.4
1380790 2885.4
1380800 2886.2
1380810 2894.4
1380820 2894.4
1380830 2907.3
1380840 2926.9
1380850 2926.9
1380860 2942.1
1380870 2950.3
1380880 2950.3
1380890 2944.0
1380900 2933.7
1380910 2933.7
1380920 2925.7
1380930 2912.5
1380940 2912.5
1380950 2895.4
1380960 2879.8
1380970 2861.4
1380980 2861.4
1380990 2844.6
1381000 2830.6
1381010 2830.6
1381020 2818.1
1381030 2809.0
1381040 2809.0
1381050 2800.5
1381060 2789.7
1381070 2789.7
1381080 2781.7
1381090 2774.6
1381100 2774.6
1381110 2767.7
1381120 2761.4
1381130 2761.4
1381140 2755.6
1381150 2750.3
1381160 2750.3
1381170 2745.8
1381180 2741.4
1381190 2737.3
1381200 2737.3
1381210 2733.0
1381220 2729.3
1381230 2729.3
1381240 2727.7
1381250 2726.3
1381260 2726.3
1381270 2722.9
1381280 2717.7
1381290 2717.7
1381300 2714.2
1381310 2715.6
1381320 2715.6
1381330 2712.4
1381340 2712.4
1381350 2712.4
1381360 2711.1
1381370 2706.8
1381380 2706.0
1381390 2706.0
1381400 2710.0
1381410 2714.1
1381420 2714.1
1381430 2719.4
1381440 2726.0
1381450 2726.0
1381460 2730.2
1381470 2735.6
1381480 2735.6
1381490 2738.6
1381500 2742.2
1381510 2742.2
1381520 2740.8
1381530 2736.5
1381540 2736.5
1381550 2733.6
1381560 2734.0
1381570 2734.0
1381580 2735.3
1381590 2738.3
1381600 2739.2
1381610 2739.2
1381620 2739.1
1381630 2739.7
1381640 2739.7
1381650 2740.7
1381660 2739.3
1381670 2739.3
1381680 2737.0
1381690 2736.4
1381700 2736.4
1381710 2732.7
1381720 2729.3
1381730 2729.3
1381740 2726.3
1381750 2723.6
1381760 2723.6
1381770 2719.0
1381780 2711.2
1381790 2711.2
1381800 2704.9
1381810 2700.5
1381820 2696.2
1381830 2696.2
1381840 2692.0
1381850 2687.3
1381860 2687.3
1381870 2686.5
1381880 2687.9
1381890 2687.9
1381900 2685.0
1381910 2681.0
1381920 2681.0
1381930 2678.2
1381940 2673.4
1381950 2673.4
1381960 2667.2
1381970 2661.3
1381980 2661.3
1381990 2659.1
1382000 2660.1
1382010 2664.1
1382020 2664.1
1382030 2666.0
1382040 2661.3
1382050 2661.3
1382060 2647.8
1382070 2615.2
1382080 2615.2
1382090 2605.2
1382100 2598.7
1382110 2598.7
1382120 2593.4
1382130 2587.8
1382140 2587.8
1382150 2582.2
1382160 2577.5
1382170 2577.5
1382180 2574.3
1382190 2573.3
1382200 2573.3
1382210 2572.4
1382220 2571.7
1382230 2570.1
1382240 2570.1
1382250 2568.8
1382260 2568.0
1382270 2568.0
1382280 2566.7
1382290 2566.1
1382300 2566.1
1382310 2565.7
1382320 2565.5
1382330 2565.5
1382340 2565.5
1382350 2565.7
1382360 2565.7
1382370 2566.9
1382380 2568.8
1382390 2568.8
1382400 2571.7
1382410 2573.5
1382420 2573.5
1382430 2576.2
1382440 2581.5
1382450 2587.5
1382460 2587.5
1382470 2592.7
1382480 2596.7
1382490 2596.7
1382500 2601.6
1382510 2607.7
1382520 2607.7
1382530 2617.5
1382540 2624.7
1382550 2624.7
1382560 2630.3
1382570 2631.0
1382580 2631.0
1382590 2648.3
1382600 2668.8
1382610 2668.8
1382620 2679.8
1382630 2685.0
1382640 2685.0
1382650 2691.3
1382660 2700.7
1382670 2701.5
1382680 2701.5
1382690 2697.1
1382700 2689.3
1382710 2689.3
1382720 2680.2
1382730 2671.3
1382740 2671.3
1382750 2664.3
1382760 2660.1
1382770 2660.1
1382780 2658.2
1382790 2657.4
1382800 2657.4
1382810 2658.7
1382820 2663.6
1382830 2663.6
1382840 2670.5
1382850 2676.7
1382860 2685.8
1382870 2685.8
1382880 2701.5
1382890 2705.5
1382900 2705.5
1382910 2704.1
1382920 2703.6
1382930 2703.6
1382940 2705.5
1382950 2706.8
1382960 2706.8
1382970 2706.5
1382980 2705.3
1382990 2705.3
1383000 2703.1
1383010 2702.4
1383020 2702.4
1383030 2700.9
1383040 2697.3
1383050 2697.3
1383060 2693.4
1383070 2693.5
1383080 2696.8
1383090 2696.8
1383100 2698.6
1383110 2700.2
1383120 2700.2
1383130 2703.4
1383140 2709.6
1383150 2709.6
1383160 2716.7
1383170 2720.2
1383180 2720.2
1383190 2727.1
1383200 2734.8
1383210 2734.8
1383220 2742.1
1383230 2744.3
1383240 2744.3
1383250 2746.8
1383260 2752.8
1383270 2752.8
1383280 2759.2
1383290 2767.2
1383300 2778.9
1383310 2778.9
1383320 2783.9
1383330 2786.5
1383340 2786.5
1383350 2790.2
1383360 2791.7
1383370 2791.7
1383380 2790.8
1383390 2790.8
1383400 2790.8
1383410 2789.6
1383420 2786.4
1383430 2786.4
1383440 2781.7
1383450 2776.4
1383460 2776.4
1383470 2773.0
1383480 2770.9
1383490 2770.9
1383500 2768.6
1383510 2764.4
1383520 2759.3
1383530 2759.3
1383540 2756.1
1383550 2754.7
1383560 2754.7
1383570 2752.9
1383580 2749.8
1383590 2749.8
1383600 2746.7
1383610 2744.6
1383620 2744.6
1383630 2742.2
1383640 2739.6
1383650 2739.6
1383660 2738.7
1383670 2737.5
1383680 2737.5
1383690 2736.4
1383700 2736.3
1383710 2737.1
1383720 2737.1
1383730 2737.1
1383740 2736.9
1383750 2736.9
1383760 2737.6
1383770 2739.8
1383780 2739.8
1383790 2742.5
1383800 2745.5
1383810 2745.5
1383820 2744.8
1383830 2748.5
1383840 2748.5
1383850 2752.0
1383860 2756.3
1383870 2756.3
1383880 2760.8
1383890 2764.5
1383900 2764.5
1383910 2768.0
1383920 2773.9
1383930 2792.0
1383940 2792.0
1383950 2803.4
1383960 2803.2
1383970 2803.2
1383980 2789.2
1383990 2773.8
1384000 2773.8
1384010 2759.6
1384020 2752.8
1384030 2752.8
1384040 2747.4
1384050 2741.9
1384060 2741.9
1384070 2736.6
1384080 2732.0
1384090 2732.0
1384100 2727.7
1384110 2723.1
1384120 2723.1
1384130 2719.1
1384140 2715.6
1384150 2712.6
1384160 2712.6
1384170 2709.1
1384180 2704.0
1384190 2704.0
1384200 2699.5
1384210 2697.6
1384220 2697.6
1384230 2695.7
1384240 2693.0
1384250 2693.0
1384260 2690.7
1384270 2687.9
1384280 2687.9
1384290 2685.8
1384300 2683.4
1384310 2683.4
1384320 2681.6
1384330 2680.1
1384340 2678.7
1384350 2678.7
1384360 2676.6
1384370 2674.3
1384380 2674.3
1384390 2672.4
1384400 2669.0
1384410 2669.0
1384420 2667.1
1384430 2665.1
1384440 2665.1
1384450 2663.4
1384460 2661.4
1384470 2661.4
1384480 2659.6
1384490 2658.4
1384500 2658.4
1384510 2656.5
1384520 2654.8
1384530 2654.8
1384540 2654.3
1384550 2654.0
1384560 2653.8
1384570 2653.8
1384580 2653.6
1384590 2653.6
1384600 2653.6
1384610 2653.8
1384620 2654.4
1384630 2654.4
1384640 2655.7
1384650 2657.9
1384660 2657.9
1384670 2661.4
1384680 2664.8
1384690 2664.8
1384700 2668.4
1384710 2672.0
1384720 2672.0
1384730 2676.3
1384740 2681.3
1384750 2681.3
1384760 2687.1
1384770 2693.1
1384780 2699.3
1384790 2699.3
1384800 2705.9
1384810 2712.8
1384820 2712.8
1384830 2720.0
1384840 2727.4
1384850 2727.4
1384860 2734.4
1384870 2741.0
1384880 2741.0
1384890 2748.6
1384900 2759.7
1384910 2759.7
1384920 2769.8
1384930 2779.2
1384940 2779.2
1384950 2788.5
1384960 2796.5
1384970 2805.5
1384980 2805.5
1384990 2813.3
1385000 2824.1
1385010 2824.1
1385020 2838.0
1385030 2852.2
1385040 2852.2
1385050 2871.5
1385060 2880.9
1385070 2880.9
1385080 2861.4
1385090 2823.7
1385100 2823.7
1385110 2805.0
1385120 2795.7
1385130 2795.7
1385140 2790.4
1385150 2785.6
1385160 2785.6
1385170 2781.7
1385180 2778.5
1385190 2775.5
1385200 2775.5
1385210 2772.9
1385220 2771.3
1385230 2771.3
1385240 2771.1
1385250 2771.5
1385260 2771.5
1385270 2772.3
1385280 2773.9
1385290 2773.9
1385300 2775.8
1385310 2777.7
1385320 2777.7
1385330 2782.8
1385340 2794.7
1385350 2794.7
1385360 2805.3
1385370 2822.0
1385380 2822.0
1385390 2838.2
1385400 2850.3
1385410 2850.6
1385420 2850.6
1385430 2846.1
1385440 2853.4
1385450 2853.4
1385460 2878.2
1385470 2891.2
1385480 2891.2
1385490 2910.3
1385500 2925.9
1385510 2925.9
1385520 2937.1
1385530 2944.9
1385540 2944.9
1385550 2944.5
1385560 2930.3
1385570 2930.3
1385580 2916.8
1385590 2906.0
1385600 2906.0
1385610 2902.5
1385620 2898.7
1385630 2898.6
1385640 2898.6
1385650 2908.7
1385660 2916.6
1385670 2916.6
1385680 2911.9
1385690 2904.4
1385700 2904.4
1385710 2898.2
1385720 2895.9
1385730 2895.9
1385740 2893.7
1385750 2887.8
1385760 2887.8
1385770 2886.0
1385780 2882.5
1385790 2882.5
1385800 2874.4
1385810 2863.6
1385820 2861.3
1385830 2861.3
1385840 2863.1
1385850 2860.9
1385860 2860.9
1385870 2852.5
1385880 2845.0
1385890 2845.0
1385900 2837.2
1385910 2831.7
1385920 2831.7
1385930 2835.1
1385940 2834.3
1385950 2834.3
1385960 2837.9
1385970 2839.9
1385980 2839.9
1385990 2837.1
1386000 2837.4
1386010 2837.4
1386020 2834.9
1386030 2830.2
1386040 2825.9
1386050 2825.9
1386060 2821.4
1386070 2817.8
1386080 2817.8
1386090 2814.7
1386100 2810.2
1386110 2810.2
1386120 2805.9
1386130 2799.9
1386140 2799.9
1386150 2797.9
1386160 2798.9
1386170 2798.9
1386180 2795.1
1386190 2791.0
1386200 2791.0
1386210 2786.5
1386220 2782.3
1386230 2782.3
1386240 2778.3
1386250 2771.1
1386260 2767.9
1386270 2767.9
1386280 2765.0
1386290 2753.1
1386300 2753.1
1386310 2745.1
1386320 2748.8
1386330 2748.8
1386340 2754.1
1386350 2758.8
1386360 2758.8
1386370 2769.3
1386380 2765.1
1386390 2765.1
1386400 2770.2
1386410 2769.5
1386420 2769.5
1386430 2765.5
1386440 2762.3
1386450 2761.5
1386460 2761.5
1386470 2758.3
1386480 2760.2
1386490 2760.2
1386500 2759.6
1386510 2754.6
1386520 2754.6
1386530 2751.4
1386540 2748.4
1386550 2748.4
1386560 2744.2
1386570 2745.3
1386580 2745.3
1386590 2746.6
1386600 2750.1
1386610 2750.1
1386620 2760.2
1386630 2770.2
1386640 2770.2
1386650 2780.3
1386660 2787.7
1386670 2791.2
1386680 2791.2
1386690 2795.7
1386700 2796.8
1386710 2796.8
1386720 2800.5
1386730 2814.5
1386740 2814.5
1386750 2811.6
1386760 2811.0
1386770 2811.0
1386780 2817.0
1386790 2821.3
1386800 2821.3
1386810 2815.8
1386820 2816.5
1386830 2816.5
1386840 2838.2
1386850 2840.5
1386860 2840.5
1386870 2840.5
1386880 2841.4
1386890 2841.4
1386900 2841.4
1386910 2841.8
1386920 2841.4
1386930 2841.4
1386940 2841.7
1386950 2842.6
1386960 2842.6
1386970 2840.6
1386980 2840.1
1386990 2840.1
1387000 2844.6
1387010 2849.3
1387020 2849.3
1387030 2855.0
1387040 2860.1
1387050 2860.1
1387060 2863.7
1387070 2870.2
1387080 2870.2
1387090 2871.7
1387100 2859.5
1387110 2847.9
1387120 2847.9
1387130 2847.9
1387140 2849.2
1387150 2849.2
1387160 2863.8
1387170 2877.2
1387180 2877.2
1387190 2884.7
1387200 2882.9
1387210 2882.9
1387220 2887.0
1387230 2895.6
1387240 2895.6
1387250 2896.5
1387260 2898.0
1387270 2898.0
1387280 2900.4
1387290 2903.2
1387300 2905.2
1387310 2905.2
1387320 2916.1
1387330 2929.3
1387340 2929.3
1387350 2939.2
1387360 2945.3
1387370 2945.3
1387380 2950.6
1387390 2957.1
1387400 2957.1
1387410 2965.5
1387420 2973.3
1387430 2973.3
1387440 2979.9
1387450 2985.9
1387460 2985.9
1387470 2990.2
1387480 2993.3
1387490 2993.3
1387500 2994.1
1387510 2988.8
1387520 2984.2
1387530 2984.2
1387540 2979.4
1387550 2972.7
1387560 2972.7
1387570 2965.7
1387580 2958.7
1387590 2958.7
1387600 2952.4
1387610 2947.2
1387620 2947.2
1387630 2942.5
1387640 2937.4
1387650 2937.4
1387660 2932.1
1387670 2923.9
1387680 2923.9
1387690 2917.7
1387700 2912.3
1387710 2912.3
1387720 2907.2
1387730 2902.9
1387740 2900.5
1387750 2900.5
1387760 2898.2
1387770 2894.7
1387780 2894.7
1387790 2891.3
1387800 2889.2
1387810 2889.2
1387820 2885.4
1387830 2881.9
1387840 2881.9
1387850 2879.5
1387860 2877.4
1387870 2877.4
1387880 2876.2
1387890 2874.8
1387900 2874.8
1387910 2872.2
1387920 2870.2
1387930 2867.5
1387940 2867.5
1387950 2865.7
1387960 2865.5
1387970 2865.5
1387980 2859.0
1387990 2838.0
1388000 2838.0
1388010 2826.3
1388020 2820.5
1388030 2820.5
1388040 2817.4
1388050 2817.9
1388060 2817.9
1388070 2823.7
1388080 2829.4
1388090 2829.4
1388100 2836.5
1388110 2842.9
1388120 2842.9
1388130 2842.0
1388140 2839.5
1388150 2835.0
1388160 2835.0
1388170 2827.7
1388180 2804.8
1388190 2804.8
1388200 2785.8
1388210 2773.5
1388220 2773.5
1388230 2764.2
1388240 2750.0
1388250 2750.0
1388260 2734.8
1388270 2729.2
1388280 2729.2
1388290 2722.9
1388300 2713.6
1388310 2713.6
1388320 2708.8
1388330 2706.5
1388340 2706.5
1388350 2698.9
1388360 2687.5
1388370 2679.5
1388380 2679.5
1388390 2670.3
1388400 2666.2
1388410 2666.2
1388420 2663.5
1388430 2651.5
1388440 2651.5
1388450 2638.1
1388460 2626.9
1388470 2626.9
1388480 2621.8
1388490 2620.6
1388500 2620.6
1388510 2623.7
1388520 2627.3
1388530 2627.3
1388540 2621.6
1388550 2611.1
1388560 2611.1
1388570 2605.1
1388580 2597.4
1388590 2590.4
1388600 2590.4
1388610 2587.9
1388620 2586.5
1388630 2586.5
1388640 2583.1
1388650 2573.0
1388660 2573.0
1388670 2562.6
1388680 2554.2
1388690 2554.2
1388700 2550.2
1388710 2550.0
1388720 2550.0
1388730 2552.1
1388740 2555.7
1388750 2555.7
1388760 2555.4
1388770 2551.7
1388780 2540.9
1388790 2540.9
1388800 2528.5
1388810 2539.0
1388820 2539.0
1388830 2543.4
1388840 2525.3
1388850 2525.3
1388860 2510.1
1388870 2490.5
1388880 2490.5
1388890 2476.8
1388900 2483.4
1388910 2483.4
1388920 2490.1
1388930 2479.4
1388940 2479.4
1388950 2479.1
1388960 2483.2
1388970 2483.2
1388980 2495.8
1388990 2492.0
1389000 2485.8
1389010 2485.8
1389020 2470.2
1389030 2439.3
1389040 2439.3
1389050 2416.9
1389060 2405.2
1389070 2405.2
1389080 2406.0
1389090 2426.8
1389100 2426.8
1389110 2425.2
1389120 2405.5
1389130 2405.5
1389140 2390.3
1389150 2374.1
1389160 2374.1
1389170 2367.6
1389180 2349.2
1389190 2349.2
1389200 2331.7
1389210 2319.9
1389220 2305.8
1389230 2305.8
1389240 2292.7
1389250 2285.4
1389260 2285.4
1389270 2279.0
1389280 2272.7
1389290 2272.7
1389300 2266.0
1389310 2259.9
1389320 2259.9
1389330 2254.0
1389340 2247.4
1389350 2247.4
1389360 2240.3
1389370 2233.4
1389380 2233.4
1389390 2226.6
1389400 2219.4
1389410 2212.9
1389420 2212.9
1389430 2208.6
1389440 2205.4
1389450 2205.4
1389460 2200.0
1389470 2195.6
1389480 2195.6
1389490 2192.6
1389500 2191.3
1389510 2191.3
1389520 2189.9
1389530 2186.9
1389540 2186.9
1389550 2183.0
1389560 2179.0
1389570 2179.0
1389580 2175.0
1389590 2172.2
1389600 2172.2
1389610 2168.7
1389620 2164.2
1389630 2157.9
1389640 2157.9
1389650 2151.8
1389660 2145.3
1389670 2145.3
1389680 2137.4
1389690 2131.1
1389700 2131.1
1389710 2127.0
1389720 2123.1
1389730 2123.1
1389740 2117.5
1389750 2111.0
1389760 2111.0
1389770 2104.0
1389780 2098.6
1389790 2098.6
1389800 2095.6
1389810 2093.8
1389820 2093.8
1389830 2087.7
1389840 2080.3
1389850 2076.5
1389860 2076.5
1389870 2065.8
1389880 2056.8
1389890 2056.8
1389900 2049.5
1389910 2042.5
1389920 2042.5
1389930 2035.3
1389940 2027.4
1389950 2027.4
1389960 2018.0
1389970 2008.1
1389980 2008.1
1389990 1998.1
1390000 1989.5
1390010 1989.5
1390020 1984.5
1390030 1975.4
1390040 1975.4
1390050 1950.1
1390060 1949.1
1390070 1950.3
1390080 1950.3
1390090 1944.5
1390100 1942.1
1390110 1942.1
1390120 1946.5
1390130 1940.6
1390140 1940.6
1390150 1933.1
1390160 1933.2
1390170 1933.2
1390180 1939.9
1390190 1945.2
1390200 1945.2
1390210 1941.0
1390220 1928.8
1390230 1928.8
1390240 1923.1
1390250 1922.7
1390260 1932.0
1390270 1932.0
1390280 1945.8
1390290 1945.7
1390300 1945.7
1390310 1940.4
1390320 1944.5
1390330 1944.5
1390340 1938.6
1390350 1931.7
1390360 1931.7
1390370 1934.3
1390380 1940.7
1390390 1940.7
1390400 1947.9
1390410 1952.2
1390420 1952.2
1390430 1941.4
1390440 1928.5
1390450 1928.5
1390460 1927.4
1390470 1933.7
1390480 1937.6
1390490 1937.6
1390500 1932.9
1390510 1930.4
1390520 1930.4
1390530 1938.3
1390540 1943.0
1390550 1943.0
1390560 1936.6
1390570 1944.5
1390580 1944.5
1390590 1959.8
1390600 1969.1
1390610 1969.1
1390620 1976.8
1390630 1985.4
1390640 1985.4
1390650 1988.3
1390660 1975.5
1390670 1975.5
1390680 1968.4
1390690 1974.9
1390700 1974.3
1390710 1974.3
1390720 1965.4
1390730 1959.3
1390740 1959.3
1390750 1956.4
1390760 1944.9
1390770 1944.9
1390780 1932.5
1390790 1920.4
1390800 1920.4
1390810 1913.9
1390820 1906.8
1390830 1906.8
1390840 1894.0
1390850 1893.3
1390860 1893.3
1390870 1893.7
1390880 1881.9
1390890 1880.5
1390900 1880.5
1390910 1887.5
1390920 1889.1
1390930 1889.1
1390940 1889.1
1390950 1887.4
1390960 1887.4
1390970 1884.1
1390980 1878.7
1390990 1878.7
1391000 1873.1
1391010 1860.4
1391020 1860.4
1391030 1849.2
1391040 1843.2
1391050 1843.2
1391060 1836.6
1391070 1829.1
1391080 1829.1
1391090 1822.3
1391100 1816.2
1391110 1810.1
1391120 1810.1
1391130 1803.3
1391140 1794.6
1391150 1794.6
1391160 1776.8
1391170 1758.4
1391180 1758.4
1391190 1743.2
1391200 1730.2
1391210 1730.2
1391220 1719.0
1391230 1714.2
1391240 1714.2
1391250 1707.1
1391260 1705.3
1391270 1705.3
1391280 1693.8
1391290 1684.9
1391300 1684.9
1391310 1678.3
1391320 1671.8
1391330 1666.9
1391340 1666.9
1391350 1656.9
1391360 1646.4
1391370 1646.4
1391380 1636.8
1391390 1635.3
1391400 1635.3
1391410 1632.4
1391420 1635.2
1391430 1635.2
1391440 1637.4
1391450 1638.8
1391460 1638.8
1391470 1643.8
1391480 1644.0
1391490 1644.0
1391500 1639.4
1391510 1634.9
1391520 1634.9
1391530 1627.0
1391540 1617.4
1391550 1609.4
1391560 1609.4
1391570 1602.7
1391580 1596.5
1391590 1596.5
1391600 1590.9
1391610 1580.3
1391620 1580.3
1391630 1564.2
1391640 1555.1
1391650 1555.1
1391660 1551.6
1391670 1567.6
1391680 1567.6
1391690 1565.2
1391700 1561.7
1391710 1561.7
1391720 1557.3
1391730 1554.5
1391740 1552.7
1391750 1552.7
1391760 1552.0
1391770 1554.4
1391780 1554.4
1391790 1558.8
1391800 1560.5
1391810 1560.5
1391820 1563.0
1391830 1568.2
1391840 1568.2
1391850 1578.4
1391860 1591.4
1391870 1591.4
1391880 1602.6
1391890 1608.8
1391900 1608.8
1391910 1608.8
1391920 1606.1
1391930 1606.1
1391940 1600.1
1391950 1598.7
1391960 1601.5
1391970 1601.5
1391980 1601.1
1391990 1599.4
1392000 1599.4
1392010 1597.1
1392020 1595.3
1392030 1595.3
1392040 1598.7
1392050 1594.0
1392060 1594.0
1392070 1591.8
1392080 1588.9
1392090 1588.9
1392100 1583.4
1392110 1579.7
1392120 1579.7
1392130 1578.3
1392140 1580.8
1392150 1580.8
1392160 1584.8
1392170 1587.9
1392180 1589.0
1392190 1589.0
1392200 1588.9
1392210 1588.5
1392220 1588.5
1392230 1587.2
1392240 1585.7
1392250 1585.7
1392260 1584.2
1392270 1582.6
1392280 1582.6
1392290 1581.1
1392300 1580.1
1392310 1580.1
1392320 1578.3
1392330 1575.6
1392340 1575.6
1392350 1573.2
1392360 1570.8
1392370 1567.3
1392380 1567.3
1392390 1562.5
1392400 1557.7
1392410 1557.7
1392420 1552.4
1392430 1546.1
1392440 1546.1
1392450 1539.0
1392460 1531.6
1392470 1531.6
1392480 1524.1
1392490 1516.9
1392500 1516.9
1392510 1509.7
1392520 1501.7
1392530 1501.7
1392540 1487.4
1392550 1473.5
1392560 1473.5
1392570 1462.5
1392580 1447.4
1392590 1431.5
1392600 1431.5
1392610 1412.9
1392620 1398.3
1392630 1398.3
1392640 1388.0
1392650 1373.7
1392660 1373.7
1392670 1357.4
1392680 1347.7
1392690 1347.7
1392700 1327.9
1392710 1311.6
1392720 1311.6
1392730 1289.5
1392740 1261.2
1392750 1261.2
1392760 1250.5
1392770 1242.7
1392780 1242.7
1392790 1234.9
1392800 1227.5
1392810 1219.9
1392820 1219.9
1392830 1212.4
1392840 1204.4
1392850 1204.4
1392860 1196.9
1392870 1188.4
1392880 1188.4
1392890 1179.8
1392900 1173.1
1392910 1173.1
1392920 1168.0
1392930 1161.8
1392940 1161.8
1392950 1157.6
1392960 1152.6
1392970 1152.6
1392980 1145.0
1392990 1136.5
1393000 1136.5
1393010 1127.8
1393020 1121.2
1393030 1115.7
1393040 1115.7
1393050 1114.0
1393060 1116.1
1393070 1116.1
1393080 1119.2
1393090 1120.2
1393100 1120.2
1393110 1121.5
1393120 1123.0
1393130 1123.0
1393140 1124.1
1393150 1125.1
1393160 1125.1
1393170 1126.2
1393180 1129.6
1393190 1129.6
1393200 1134.8
1393210 1137.5
1393220 1138.2
1393230 1138.2
1393240 1138.6
1393250 1138.9
1393260 1138.9
1393270 1139.1
1393280 1140.1
1393290 1140.1
1393300 1141.7
1393310 1142.6
1393320 1142.6
1393330 1144.5
1393340 1147.6
1393350 1147.6
1393360 1152.5
1393370 1153.4
1393380 1153.4
1393390 1155.9
1393400 1161.6
1393410 1161.6
1393420 1168.0
1393430 1173.1
1393440 1179.0
1393450 1179.0
1393460 1183.8
1393470 1188.7
1393480 1188.7
1393490 1195.1
1393500 1202.2
1393510 1202.2
1393520 1209.8
1393530 1222.2
1393540 1222.2
1393550 1236.8
1393560 1246.5
1393570 1246.5
1393580 1252.4
1393590 1262.5
1393600 1262.5
1393610 1270.6
1393620 1278.4
1393630 1278.4
1393640 1295.1
1393650 1306.5
1393660 1312.5
1393670 1312.5
1393680 1320.5
1393690 1326.4
1393700 1326.4
1393710 1330.8
1393720 1337.0
1393730 1337.0
1393740 1344.0
1393750 1350.5
1393760 1350.5
1393770 1355.8
1393780 1360.9
1393790 1360.9
1393800 1363.8
1393810 1366.0
1393820 1366.0
1393830 1368.0
1393840 1367.3
1393850 1367.6
1393860 1367.6
1393870 1366.3
1393880 1358.0
1393890 1358.0
1393900 1349.1
1393910 1344.0
1393920 1344.0
1393930 1342.5
1393940 1343.7
1393950 1343.7
1393960 1344.2
1393970 1344.4
1393980 1344.4
1393990 1344.4
1394000 1344.9
1394010 1344.9
1394020 1346.2
1394030 1348.0
1394040 1348.0
1394050 1349.6
1394060 1353.0
1394070 1357.7
1394080 1357.7
1394090 1363.2
1394100 1369.3
1394110 1369.3
1394120 1375.1
1394130 1380.2
1394140 1380.2
1394150 1385.1
1394160 1390.7
1394170 1390.7
1394180 1396.6
1394190 1402.5
1394200 1402.5
1394210 1409.0
1394220 1415.7
1394230 1415.7
1394240 1422.7
1394250 1430.2
1394260 1430.2
1394270 1437.7
1394280 1445.3
1394290 1453.3
1394300 1453.3
1394310 1461.1
1394320 1468.6
1394330 1468.6
1394340 1476.9
1394350 1488.7
1394360 1488.7
1394370 1500.3
1394380 1510.8
1394390 1510.8
1394400 1522.1
1394410 1532.5
1394420 1532.5
1394430 1542.8
1394440 1557.7
1394450 1557.7
1394460 1568.9
1394470 1579.5
1394480 1579.5
1394490 1594.6
1394500 1609.4
1394510 1621.2
1394520 1621.2
1394530 1630.7
1394540 1640.1
1394550 1640.1
1394560 1650.6
1394570 1660.5
1394580 1660.5
1394590 1668.1
1394600 1673.8
1394610 1673.8
1394620 1678.2
1394630 1681.2
1394640 1681.2
1394650 1684.7
1394660 1687.8
1394670 1687.8
1394680 1689.4
1394690 1692.6
1394700 1697.2
1394710 1697.2
1394720 1704.3
1394730 1709.3
1394740 1709.3
1394750 1715.0
1394760 1721.4
1394770 1721.4
1394780 1729.2
1394790 1738.2
1394800 1738.2
1394810 1749.9
1394820 1762.6
1394830 1762.6
1394840 1770.7
1394850 1776.3
1394860 1776.3
1394870 1781.8
1394880 1788.1
1394890 1788.1
1394900 1794.4
1394910 1800.0
1394920 1805.8
1394930 1805.8
1394940 1812.5
1394950 1819.3
1394960 1819.3
1394970 1825.6
1394980 1831.2
1394990 1831.2
1395000 1835.8
1395010 1840.2
1395020 1840.2
1395030 1845.9
1395040 1851.5
1395050 1851.5
1395060 1856.3
1395070 1861.6
1395080 1861.6
1395090 1868.0
1395100 1874.7
1395110 1874.7
1395120 1880.9
1395130 1886.5
1395140 1892.5
1395150 1892.5
1395160 1897.8
1395170 1901.5
1395180 1901.5
1395190 1905.4
1395200 1910.1
1395210 1910.1
1395220 1914.9
1395230 1918.0
1395240 1918.0
1395250 1920.9
1395260 1924.1
1395270 1924.1
1395280 1927.5
1395290 1930.8
1395300 1930.8
1395310 1934.2
1395320 1938.3
1395330 1942.2
1395340 1942.2
1395350 1946.1
1395360 1951.2
1395370 1951.2
1395380 1955.3
1395390 1958.1
1395400 1958.1
1395410 1961.1
1395420 1963.8
1395430 1963.8
1395440 1967.2
1395450 1970.9
1395460 1970.9
1395470 1975.3
1395480 1980.0
1395490 1980.0
1395500 1984.5
1395510 1989.6
1395520 1989.6
1395530 1994.9
1395540 2000.5
1395550 2005.9
1395560 2005.9
1395570 2009.9
1395580 2014.1
1395590 2014.1
1395600 2020.3
1395610 2025.4
1395620 2025.4
1395630 2029.4
1395640 2033.3
1395650 2033.3
1395660 2036.7
1395670 2040.9
1395680 2040.9
1395690 2045.1
1395700 2048.5
1395710 2048.5
1395720 2051.2
1395730 2055.4
1395740 2055.4
1395750 2060.0
1395760 2063.7
1395770 2068.1
1395780 2068.1
1395790 2071.6
1395800 2076.1
1395810 2076.1
1395820 2081.1
1395830 2084.9
1395840 2084.9
1395850 2089.9
1395860 2095.9
1395870 2095.9
1395880 2102.9
1395890 2109.0
1395900 2109.0
1395910 2114.8
1395920 2122.3
1395930 2122.3
1395940 2129.4
1395950 2132.9
1395960 2132.9
1395970 2135.0
1395980 2138.2
1395990 2143.7
1396000 2143.7
1396010 2148.7
1396020 2153.9
1396030 2153.9
1396040 2158.5
1396050 2163.3
1396060 2163.3
1396070 2168.1
1396080 2172.0
1396090 2172.0
1396100 2175.4
1396110 2179.1
1396120 2179.1
1396130 2183.3
1396140 2187.2
1396150 2187.2
1396160 2191.7
1396170 2195.9
1396180 2200.5
1396190 2200.5
1396200 2206.0
1396210 2212.7
1396220 2212.7
1396230 2220.3
1396240 2226.1
1396250 2226.1
1396260 2230.9
1396270 2236.1
1396280 2236.1
1396290 2240.7
1396300 2245.2
1396310 2245.2
1396320 2250.2
1396330 2255.8
1396340 2255.8
1396350 2262.2
1396360 2269.8
1396370 2269.8
1396380 2278.0
1396390 2285.1
1396400 2291.3
1396410 2291.3
1396420 2298.1
1396430 2305.3
1396440 2305.3
1396450 2312.1
1396460 2318.9
1396470 2318.9
1396480 2325.7
1396490 2332.3
1396500 2332.3
1396510 2339.0
1396520 2346.0
1396530 2346.0
1396540 2352.9
1396550 2359.5
1396560 2359.5
1396570 2365.1
1396580 2371.3
1396590 2371.3
1396600 2377.5
1396610 2384.2
1396620 2391.0
1396630 2391.0
1396640 2397.9
1396650 2404.6
1396660 2404.6
1396670 2411.2
1396680 2418.3
1396690 2418.3
1396700 2425.2
1396710 2432.4
1396720 2432.4
1396730 2439.7
1396740 2446.9
1396750 2446.9
1396760 2453.2
1396770 2459.5
1396780 2459.5
1396790 2466.2
1396800 2472.5
1396810 2478.6
1396820 2478.6
1396830 2484.4
1396840 2490.8
1396850 2490.8
1396860 2496.5
1396870 2501.9
1396880 2501.9
1396890 2506.9
1396900 2511.7
1396910 2511.7
1396920 2516.5
1396930 2521.6
1396940 2521.6
1396950 2526.4
1396960 2530.8
1396970 2530.8
1396980 2534.5
1396990 2537.3
1397000 2537.3
1397010 2536.2
1397020 2532.3
1397030 2528.1
1397040 2528.1
1397050 2523.1
1397060 2515.9
1397070 2515.9
1397080 2495.3
1397090 2465.0
1397100 2465.0
1397110 2438.5
1397120 2423.0
1397130 2423.0
1397140 2406.1
1397150 2395.8
1397160 2395.8
1397170 2389.0
1397180 2386.8
1397190 2386.8
1397200 2387.6
1397210 2387.5
1397220 2387.5
1397230 2387.4
1397240 2386.1
1397250 2384.7
1397260 2384.7
1397270 2380.8
1397280 2373.6
1397290 2368.4
1397300 2363.9
1397310 2356.2
1397320 2356.2
1397330 2348.3
1397340 2341.6
1397350 2341.6
1397360 2334.6
1397370 2326.8
1397380 2326.8
1397390 2319.7
1397400 2312.5
1397410 2312.5
1397420 2304.6
1397430 2296.1
1397440 2287.9
1397450 2287.9
1397460 2279.9
1397470 2273.6
1397480 2273.6
1397490 2266.4
1397500 2256.8
1397510 2256.8
1397520 2247.1
1397530 2239.1
1397540 2239.1
1397550 2230.6
1397560 2220.8
1397570 2220.8
1397580 2212.0
1397590 2204.1
1397600 2204.1
1397610 2194.5
1397620 2182.5
1397630 2182.5
1397640 2172.2
1397650 2165.8
1397660 2162.4
1397670 2162.4
1397680 2154.6
1397690 2142.7
1397700 2142.7
1397710 2130.2
1397720 2124.4
1397730 2124.4
1397740 2119.5
1397750 2115.3
1397760 2115.3
1397770 2110.7
1397780 2105.3
1397790 2105.3
1397800 2100.5
1397810 2097.1
1397820 2097.1
1397830 2090.3
1397840 2085.7
1397850 2085.7
1397860 2083.8
1397870 2080.6
1397880 2076.3
1397890 2076.3
1397900 2071.8
1397910 2068.0
1397920 2068.0
1397930 2066.3
1397940 2066.2
1397950 2066.2
1397960 2063.4
1397970 2059.8
1397980 2059.8
1397990 2056.9
1398000 2056.3
1398010 2056.3
1398020 2053.5
1398030 2050.2
1398040 2050.2
1398050 2047.3
1398060 2044.9
1398070 2044.9
1398080 2043.2
1398090 2041.9
1398100 2040.0
1398110 2040.0
1398120 2038.0
1398130 2036.6
1398140 2036.6
1398150 2035.4
1398160 2033.9
1398170 2033.9
1398180 2031.9
1398190 2030.7
1398200 2030.7
1398210 2030.0
1398220 2029.3
1398230 2029.3
1398240 2028.4
1398250 2027.0
1398260 2027.0
1398270 2025.4
1398280 2024.9
1398290 2024.0
1398300 2024.0
1398310 2022.3
1398320 2020.0
1398330 2020.0
1398340 2018.6
1398350 2016.7
1398360 2016.7
1398370 2014.6
1398380 2013.5
1398390 2013.5
1398400 2013.1
1398410 2014.9
1398420 2014.9
1398430 2017.4
1398440 2015.3
1398450 2015.3
1398460 2015.6
1398470 2016.6
1398480 2016.6
1398490 2018.2
1398500 2020.0
1398510 2023.0
1398520 2023.0
1398530 2026.7
1398540 2031.4
1398550 2031.4
1398560 2036.5
1398570 2052.2
1398580 2052.2
1398590 2064.9
1398600 2073.6
1398610 2073.6
1398620 2080.3
1398630 2085.0
1398640 2085.0
1398650 2090.7
1398660 2095.3
1398670 2095.3
1398680 2099.0
1398690 2099.3
1398700 2099.3
1398710 2098.0
1398720 2096.7
1398730 2096.4
1398740 2096.4
1398750 2098.1
1398760 2097.4
1398770 2097.4
1398780 2099.3
1398790 2102.3
1398800 2102.3
1398810 2105.1
1398820 2106.9
1398830 2106.9
1398840 2109.4
1398850 2113.2
1398860 2113.2
1398870 2116.8
1398880 2122.1
1398890 2122.1
1398900 2127.9
1398910 2132.6
1398920 2138.9
1398930 2138.9
1398940 2145.9
1398950 2152.0
1398960 2152.0
1398970 2157.2
1398980 2163.5
1398990 2163.5
1399000 2170.8
1399010 2178.0
1399020 2178.0
1399030 2187.1
1399040 2197.2
1399050 2197.2
1399060 2205.4
1399070 2211.0
1399080 2211.0
1399090 2213.9
1399100 2216.2
1399110 2216.2
1399120 2218.7
1399130 2220.5
1399140 2222.8
1399150 2222.8
1399160 2225.2
1399170 2228.2
1399180 2228.2
1399190 2231.5
1399200 2234.9
1399210 2234.9
1399220 2239.1
1399230 2245.1
1399240 2245.1
1399250 2252.9
1399260 2260.7
1399270 2260.7
1399280 2268.4
1399290 2277.3
1399300 2277.3
1399310 2289.3
1399320 2303.2
1399330 2303.2
1399340 2311.4
1399350 2318.6
1399360 2323.5
1399370 2323.5
1399380 2329.7
1399390 2335.7
1399400 2335.7
1399410 2338.7
1399420 2341.6
1399430 2341.6
1399440 2343.4
1399450 2345.6
1399460 2345.6
1399470 2351.0
1399480 2355.8
1399490 2355.8
1399500 2361.1
1399510 2365.6
1399520 2365.6
1399530 2369.8
1399540 2373.0
1399550 2375.5
1399560 2375.5
1399570 2378.3
1399580 2381.0
1399590 2381.0
1399600 2383.3
1399610 2385.8
1399620 2385.8
1399630 2388.5
1399640 2391.0
1399650 2391.0
1399660 2394.0
1399670 2397.1
1399680 2397.1
1399690 2400.1
1399700 2403.1
1399710 2403.1
1399720 2406.1
1399730 2409.1
1399740 2409.1
1399750 2412.4
1399760 2415.8
1399770 2419.3
1399780 2419.3
1399790 2423.1
1399800 2426.8
1399810 2426.8
1399820 2430.1
1399830 2433.5
1399840 2433.5
1399850 2437.0
1399860 2440.9
1399870 2440.9
1399880 2447.3
1399890 2453.9
1399900 2453.9
1399910 2458.8
1399920 2462.6
1399930 2462.6
1399940 2464.8
1399950 2467.9
1399960 2467.9
1399970 2471.5
1399980 2475.4
1399990 2480.3
