1380000 2976.8
1380010 2976.1
1380020 2976.1
1380030 2975.3
1380040 2966.4
1380050 2956.0
1380060 2956.0
1380070 2935.4
1380080 2922.8
1380090 2922.8
1380100 2896.0
1380110 2887.9
1380120 2887.9
1380130 2881.6
1380140 2874.6
1380150 2874.6
1380160 2864.6
1380170 2845.7
1380180 2845.7
1380190 2820.5
1380200 2804.8
1380210 2804.8
1380220 2784.4
1380230 2762.2
1380240 2755.0
1380250 2755.0
1380260 2753.5
1380270 2757.4
1380280 2757.4
1380290 2764.4
1380300 2771.1
1380310 2771.1
1380320 2764.0
1380330 2751.4
1380340 2751.4
1380350 2747.1
1380360 2744.1
1380370 2744.1
1380380 2738.8
1380390 2731.0
1380400 2731.0
1380410 2720.9
1380420 2715.2
1380430 2715.2
1380440 2710.9
1380450 2708.8
1380460 2708.9
1380470 2708.9
1380480 2708.3
1380490 2708.7
1380500 2708.7
1380510 2707.6
1380520 2705.4
1380530 2705.4
1380540 2703.5
1380550 2700.9
1380560 2700.9
1380570 2699.1
1380580 2696.2
1380590 2696.2
1380600 2692.6
1380610 2689.5
1380620 2689.5
1380630 2688.4
1380640 2688.3
1380650 2688.3
1380660 2688.3
1380670 2688.0
1380680 2687.3
1380690 2687.3
1380700 2686.2
1380710 2689.0
1380720 2689.0
1380730 2691.7
1380740 2702.3
1380750 2702.3
1380760 2715.7
1380770 2728.7
1380780 2728.7
1380790 2740.1
1380800 2750.5
1380810 2750.5
1380820 2763.5
1380830 2782.4
1380840 2782.4
1380850 2797.2
1380860 2795.6
1380870 2795.6
1380880 2790.6
1380890 2797.7
1380900 2809.7
1380910 2809.7
1380920 2814.7
1380930 2805.5
1380940 2805.5
1380950 2796.9
1380960 2786.0
1380970 2786.0
1380980 2782.5
1380990 2791.0
1381000 2791.0
1381010 2801.6
1381020 2803.4
1381030 2803.4
1381040 2796.0
1381050 2796.7
1381060 2796.7
1381070 2801.5
1381080 2785.0
1381090 2763.4
1381100 2763.4
1381110 2754.9
1381120 2753.9
1381130 2753.9
1381140 2743.0
1381150 2707.6
1381160 2707.6
1381170 2682.5
1381180 2675.5
1381190 2675.5
1381200 2672.4
1381210 2669.4
1381220 2669.4
1381230 2666.0
1381240 2662.3
1381250 2662.3
1381260 2659.5
1381270 2658.4
1381280 2658.4
1381290 2658.7
1381300 2659.6
1381310 2660.3
1381320 2658.4
1381330 2657.9
1381340 2658.1
1381350 2658.1
1381360 2659.4
1381370 2662.1
1381380 2662.1
1381390 2665.1
1381400 2665.9
1381410 2665.9
1381420 2664.1
1381430 2663.5
1381440 2663.5
1381450 2663.0
1381460 2662.6
1381470 2662.6
1381480 2663.2
1381490 2663.9
1381500 2663.9
1381510 2665.7
1381520 2667.5
1381530 2670.4
1381540 2670.4
1381550 2673.6
1381560 2678.5
1381570 2678.5
1381580 2683.2
1381590 2683.9
1381600 2683.9
1381610 2681.6
1381620 2678.9
1381630 2678.9
1381640 2676.1
1381650 2674.8
1381660 2674.8
1381670 2673.2
1381680 2670.9
1381690 2670.9
1381700 2669.9
1381710 2671.4
1381720 2675.1
1381730 2675.1
1381740 2679.9
1381750 2685.4
1381760 2685.4
1381770 2690.4
1381780 2694.8
1381790 2694.8
1381800 2696.7
1381810 2690.6
1381820 2690.6
1381830 2677.7
1381840 2667.1
1381850 2667.1
1381860 2659.6
1381870 2645.8
1381880 2645.8
1381890 2631.4
1381900 2624.1
1381910 2624.1
1381920 2618.8
1381930 2614.9
1381940 2612.3
1381950 2612.3
1381960 2607.2
1381970 2602.3
1381980 2602.3
1381990 2599.4
1382000 2597.0
1382010 2597.0
1382020 2594.7
1382030 2591.5
1382040 2591.5
1382050 2585.7
1382060 2579.4
1382070 2579.4
1382080 2575.6
1382090 2571.4
1382100 2571.4
1382110 2565.1
1382120 2557.6
1382130 2557.6
1382140 2552.0
1382150 2547.6
1382160 2543.1
1382170 2543.1
1382180 2539.4
1382190 2536.4
1382200 2536.4
1382210 2534.7
1382220 2533.5
1382230 2533.5
1382240 2532.5
1382250 2531.4
1382260 2531.4
1382270 2531.2
1382280 2531.0
1382290 2531.0
1382300 2530.4
1382310 2529.8
1382320 2529.8
1382330 2530.1
1382340 2529.0
1382350 2528.0
1382360 2528.0
1382370 2528.2
1382380 2529.0
1382390 2529.0
1382400 2530.1
1382410 2531.2
1382420 2531.2
1382430 2533.4
1382440 2538.0
1382450 2538.0
1382460 2542.3
1382470 2545.6
1382480 2545.6
1382490 2549.3
1382500 2552.1
1382510 2552.1
1382520 2552.9
1382530 2554.2
1382540 2554.2
1382550 2557.9
1382560 2556.5
1382570 2559.3
1382580 2559.3
1382590 2563.2
1382600 2567.5
1382610 2567.5
1382620 2572.3
1382630 2577.7
1382640 2577.7
1382650 2583.0
1382660 2585.7
1382670 2585.7
1382680 2586.4
1382690 2587.1
1382700 2587.1
1382710 2589.4
1382720 2590.3
1382730 2590.3
1382740 2589.6
1382750 2590.1
1382760 2590.1
1382770 2594.2
1382780 2600.9
1382790 2606.9
1382800 2606.9
1382810 2609.8
1382820 2608.6
1382830 2608.6
1382840 2608.3
1382850 2611.2
1382860 2611.2
1382870 2614.9
1382880 2618.7
1382890 2618.7
1382900 2621.4
1382910 2624.2
1382920 2624.2
1382930 2627.4
1382940 2630.7
1382950 2630.7
1382960 2632.9
1382970 2634.4
1382980 2634.4
1382990 2636.8
1383000 2640.3
1383010 2644.9
1383020 2644.9
1383030 2650.3
1383040 2656.3
1383050 2656.3
1383060 2664.2
1383070 2673.4
1383080 2673.4
1383090 2686.4
1383100 2695.3
1383110 2695.3
1383120 2699.9
1383130 2702.2
1383140 2702.2
1383150 2702.0
1383160 2698.9
1383170 2698.9
1383180 2694.9
1383190 2692.5
1383200 2692.1
1383210 2692.1
1383220 2691.0
1383230 2690.4
1383240 2690.4
1383250 2692.2
1383260 2695.2
1383270 2695.2
1383280 2699.9
1383290 2703.9
1383300 2703.9
1383310 2708.0
1383320 2713.9
1383330 2713.9
1383340 2725.2
1383350 2734.4
1383360 2734.4
1383370 2739.3
1383380 2744.2
1383390 2744.2
1383400 2748.2
1383410 2751.4
1383420 2753.4
1383430 2753.4
1383440 2752.9
1383450 2753.6
1383460 2753.6
1383470 2754.6
1383480 2751.9
1383490 2751.9
1383500 2741.9
1383510 2729.7
1383520 2729.7
1383530 2719.3
1383540 2708.6
1383550 2708.6
1383560 2702.3
1383570 2696.6
1383580 2696.6
1383590 2690.9
1383600 2685.9
1383610 2685.9
1383620 2681.4
1383630 2677.6
1383640 2676.0
1383650 2676.0
1383660 2675.3
1383670 2676.1
1383680 2676.1
1383690 2678.1
1383700 2680.0
1383710 2680.0
1383720 2681.9
1383730 2683.2
1383740 2683.2
1383750 2685.4
1383760 2688.7
1383770 2688.7
1383780 2692.2
1383790 2696.8
1383800 2696.8
1383810 2698.0
1383820 2699.1
1383830 2700.6
1383840 2700.6
1383850 2702.8
1383860 2704.9
1383870 2704.9
1383880 2706.1
1383890 2706.6
1383900 2706.6
1383910 2708.4
1383920 2711.5
1383930 2711.5
1383940 2716.2
1383950 2721.4
1383960 2721.4
1383970 2727.5
1383980 2733.9
1383990 2733.9
1384000 2741.2
1384010 2756.8
1384020 2756.8
1384030 2773.1
1384040 2755.3
1384050 2734.8
1384060 2734.8
1384070 2720.4
1384080 2708.4
1384090 2708.4
1384100 2700.0
1384110 2695.3
1384120 2695.3
1384130 2691.5
1384140 2688.1
1384150 2688.1
1384160 2684.1
1384170 2680.1
1384180 2680.1
1384190 2678.5
1384200 2678.0
1384210 2678.0
1384220 2677.5
1384230 2677.7
1384240 2677.7
1384250 2678.5
1384260 2680.3
1384270 2681.8
1384280 2681.8
1384290 2682.1
1384300 2682.0
1384310 2682.0
1384320 2682.9
1384330 2683.3
1384340 2683.3
1384350 2682.5
1384360 2680.6
1384370 2680.6
1384380 2678.1
1384390 2675.4
1384400 2675.4
1384410 2670.8
1384420 2665.3
1384430 2665.3
1384440 2661.9
1384450 2658.0
1384460 2658.0
1384470 2655.8
1384480 2655.4
1384490 2654.5
1384500 2654.5
1384510 2653.3
1384520 2652.9
1384530 2652.9
1384540 2652.3
1384550 2652.0
1384560 2652.0
1384570 2652.0
1384580 2652.2
1384590 2652.2
1384600 2652.4
1384610 2652.3
1384620 2652.3
1384630 2650.9
1384640 2650.3
1384650 2650.3
1384660 2651.2
1384670 2652.1
1384680 2650.2
1384690 2650.2
1384700 2649.2
1384710 2649.9
1384720 2649.9
1384730 2651.8
1384740 2654.4
1384750 2654.4
1384760 2658.1
1384770 2661.4
1384780 2661.4
1384790 2664.6
1384800 2668.4
1384810 2668.4
1384820 2672.6
1384830 2677.3
1384840 2677.3
1384850 2680.9
1384860 2688.1
1384870 2688.1
1384880 2700.8
1384890 2712.0
1384900 2737.8
1384910 2737.8
1384920 2768.7
1384930 2769.9
1384940 2769.9
1384950 2748.1
1384960 2745.4
1384970 2745.4
1384980 2759.5
1384990 2774.6
1385000 2774.6
1385010 2790.1
1385020 2803.7
1385030 2803.7
1385040 2816.7
1385050 2818.4
1385060 2818.4
1385070 2788.8
1385080 2777.8
1385090 2777.8
1385100 2765.0
1385110 2749.9
1385120 2735.5
1385130 2735.5
1385140 2729.7
1385150 2727.5
1385160 2727.5
1385170 2725.0
1385180 2723.1
1385190 2723.1
1385200 2724.2
1385210 2726.5
1385220 2726.5
1385230 2727.5
1385240 2727.5
1385250 2727.5
1385260 2726.7
1385270 2726.7
1385280 2726.7
1385290 2726.7
1385300 2724.9
1385310 2720.6
1385320 2720.6
1385330 2721.2
1385340 2719.6
1385350 2719.6
1385360 2719.1
1385370 2719.3
1385380 2719.3
1385390 2720.4
1385400 2722.8
1385410 2722.8
1385420 2726.1
1385430 2729.2
1385440 2729.2
1385450 2732.7
1385460 2737.1
1385470 2737.1
1385480 2742.7
1385490 2748.4
1385500 2748.4
1385510 2753.8
1385520 2758.6
1385530 2762.9
1385540 2762.9
1385550 2767.9
1385560 2773.3
1385570 2773.3
1385580 2780.9
1385590 2789.9
1385600 2789.9
1385610 2793.2
1385620 2794.5
1385630 2794.5
1385640 2796.6
1385650 2797.4
1385660 2797.4
1385670 2800.1
1385680 2804.1
1385690 2804.1
1385700 2806.9
1385710 2808.0
1385720 2808.0
1385730 2808.2
1385740 2808.8
1385750 2809.2
1385760 2809.2
1385770 2810.9
1385780 2815.1
1385790 2815.1
1385800 2822.3
1385810 2830.2
1385820 2830.2
1385830 2839.4
1385840 2842.9
1385850 2842.9
1385860 2850.3
1385870 2864.7
1385880 2864.7
1385890 2885.3
1385900 2904.2
1385910 2904.2
1385920 2924.3
1385930 2944.6
1385940 2962.0
1385950 2962.0
1385960 2982.4
1385970 3001.0
1385980 3001.0
1385990 3019.2
1386000 3023.8
1386010 3023.8
1386020 3021.7
1386030 3019.2
1386040 3019.2
1386050 3016.7
1386060 3008.7
1386070 3008.7
1386080 3001.1
1386090 3006.5
1386100 3006.5
1386110 3010.1
1386120 3007.9
1386130 3007.9
1386140 3004.0
1386150 3003.1
1386160 3001.8
1386170 3001.8
1386180 2993.8
1386190 2985.0
1386200 2985.0
1386210 2971.5
1386220 2956.7
1386230 2956.7
1386240 2946.4
1386250 2937.3
1386260 2937.3
1386270 2932.7
1386280 2926.3
1386290 2926.3
1386300 2907.3
1386310 2883.6
1386320 2883.6
1386330 2850.9
1386340 2826.1
1386350 2826.1
1386360 2797.2
1386370 2773.6
1386380 2761.4
1386390 2761.4
1386400 2753.2
1386410 2745.5
1386420 2745.5
1386430 2736.8
1386440 2729.4
1386450 2729.4
1386460 2722.9
1386470 2717.7
1386480 2717.7
1386490 2713.5
1386500 2710.6
1386510 2710.6
1386520 2707.6
1386530 2704.3
1386540 2704.3
1386550 2702.2
1386560 2700.5
1386570 2700.5
1386580 2699.0
1386590 2697.1
1386600 2693.6
1386610 2693.6
1386620 2689.5
1386630 2689.1
1386640 2689.1
1386650 2690.9
1386660 2693.4
1386670 2693.4
1386680 2694.1
1386690 2695.2
1386700 2695.2
1386710 2695.7
1386720 2695.4
1386730 2695.4
1386740 2693.6
1386750 2691.5
1386760 2691.5
1386770 2688.6
1386780 2685.9
1386790 2684.3
1386800 2684.3
1386810 2683.4
1386820 2681.5
1386830 2681.5
1386840 2679.2
1386850 2677.5
1386860 2677.5
1386870 2676.5
1386880 2676.9
1386890 2676.9
1386900 2678.7
1386910 2682.4
1386920 2682.4
1386930 2687.3
1386940 2691.6
1386950 2691.6
1386960 2692.7
1386970 2694.3
1386980 2694.3
1386990 2699.5
1387000 2706.9
1387010 2710.4
1387020 2710.4
1387030 2711.4
1387040 2716.5
1387050 2716.5
1387060 2726.2
1387070 2726.7
1387080 2726.7
1387090 2723.2
1387100 2721.9
1387110 2721.9
1387120 2723.3
1387130 2725.0
1387140 2725.0
1387150 2727.2
1387160 2730.0
1387170 2730.0
1387180 2733.8
1387190 2738.2
1387200 2738.2
1387210 2743.6
1387220 2749.6
1387230 2755.6
1387240 2755.6
1387250 2761.5
1387260 2766.8
1387270 2766.8
1387280 2771.5
1387290 2776.6
1387300 2776.6
1387310 2781.7
1387320 2786.6
1387330 2786.6
1387340 2798.4
1387350 2824.2
1387360 2824.2
1387370 2847.5
1387380 2860.5
1387390 2860.5
1387400 2871.5
1387410 2883.8
1387420 2898.6
1387430 2898.6
1387440 2910.2
1387450 2919.6
1387460 2919.6
1387470 2928.0
1387480 2937.4
1387490 2937.4
1387500 2946.1
1387510 2953.1
1387520 2953.1
1387530 2959.4
1387540 2966.1
1387550 2966.1
1387560 2974.4
1387570 2985.6
1387580 2985.6
1387590 2994.1
1387600 2999.9
1387610 2999.9
1387620 3002.7
1387630 3000.3
1387640 2992.7
1387650 2992.7
1387660 2991.8
1387670 2980.7
1387680 2980.7
1387690 2973.3
1387700 2969.4
1387710 2969.4
1387720 2964.4
1387730 2960.4
1387740 2960.4
1387750 2957.3
1387760 2954.3
1387770 2954.3
1387780 2951.4
1387790 2950.3
1387800 2950.3
1387810 2949.2
1387820 2942.9
1387830 2942.9
1387840 2931.6
1387850 2914.6
1387860 2904.1
1387870 2904.1
1387880 2897.2
1387890 2890.1
1387900 2890.1
1387910 2882.9
1387920 2876.8
1387930 2876.8
1387940 2871.0
1387950 2865.5
1387960 2865.5
1387970 2860.2
1387980 2854.3
1387990 2854.3
1388000 2849.2
1388010 2843.7
1388020 2843.7
1388030 2838.7
1388040 2834.7
1388050 2829.4
1388060 2829.4
1388070 2822.3
1388080 2816.6
1388090 2816.6
1388100 2811.0
1388110 2806.4
1388120 2806.4
1388130 2802.2
1388140 2796.4
1388150 2796.4
1388160 2791.3
1388170 2786.8
1388180 2786.8
1388190 2782.4
1388200 2779.0
1388210 2779.0
1388220 2775.7
1388230 2772.6
1388240 2772.6
1388250 2769.3
1388260 2766.0
1388270 2762.9
1388280 2762.9
1388290 2759.9
1388300 2756.2
1388310 2756.2
1388320 2753.0
1388330 2749.5
1388340 2749.5
1388350 2744.6
1388360 2739.4
1388370 2739.4
1388380 2734.0
1388390 2728.6
1388400 2728.6
1388410 2725.1
1388420 2721.8
1388430 2721.8
1388440 2718.7
1388450 2715.9
1388460 2715.9
1388470 2714.2
1388480 2712.1
1388490 2709.1
1388500 2709.1
1388510 2706.7
1388520 2703.5
1388530 2703.5
1388540 2700.6
1388550 2698.1
1388560 2698.1
1388570 2694.2
1388580 2690.3
1388590 2690.3
1388600 2685.9
1388610 2682.3
1388620 2682.3
1388630 2677.8
1388640 2673.6
1388650 2673.6
1388660 2668.0
1388670 2664.1
1388680 2664.1
1388690 2660.2
1388700 2656.0
1388710 2652.9
1388720 2652.9
1388730 2648.7
1388740 2644.1
1388750 2644.1
1388760 2637.6
1388770 2629.6
1388780 2629.6
1388790 2620.4
1388800 2609.5
1388810 2609.5
1388820 2598.1
1388830 2590.7
1388840 2590.7
1388850 2583.8
1388860 2578.0
1388870 2578.0
1388880 2571.9
1388890 2565.5
1388900 2560.2
1388910 2560.2
1388920 2554.7
1388930 2548.8
1388940 2548.8
1388950 2542.1
1388960 2536.3
1388970 2541.6
1388980 2536.1
1388990 2531.3
1389000 2531.3
1389010 2526.5
1389020 2520.7
1389030 2520.7
1389040 2512.0
1389050 2500.2
1389060 2500.2
1389070 2484.2
1389080 2476.3
1389090 2476.3
1389100 2470.8
1389110 2463.5
1389120 2452.7
1389130 2452.7
1389140 2443.6
1389150 2434.1
1389160 2434.1
1389170 2426.4
1389180 2418.2
1389190 2418.2
1389200 2409.8
1389210 2408.3
1389220 2408.3
1389230 2403.7
1389240 2394.4
1389250 2394.4
1389260 2386.8
1389270 2379.2
1389280 2379.2
1389290 2371.5
1389300 2364.1
1389310 2364.1
1389320 2352.7
1389330 2341.7
1389340 2329.9
1389350 2329.9
1389360 2313.3
1389370 2301.4
1389380 2301.4
1389390 2294.8
1389400 2297.1
1389410 2297.1
1389420 2301.0
1389430 2302.9
1389440 2302.9
1389450 2308.4
1389460 2300.2
1389470 2300.2
1389480 2289.4
1389490 2285.1
1389500 2285.1
1389510 2285.3
1389520 2286.5
1389530 2283.2
1389540 2283.2
1389550 2273.4
1389560 2263.1
1389570 2263.1
1389580 2255.7
1389590 2255.3
1389600 2255.3
1389610 2260.5
1389620 2259.6
1389630 2259.6
1389640 2258.0
1389650 2252.2
1389660 2252.2
1389670 2238.7
1389680 2226.8
1389690 2226.8
1389700 2217.0
1389710 2205.5
1389720 2205.5
1389730 2196.4
1389740 2181.5
1389750 2172.1
1389760 2172.1
1389770 2166.5
1389780 2163.0
1389790 2163.0
1389800 2157.8
1389810 2155.6
1389820 2155.6
1389830 2148.4
1389840 2137.4
1389850 2137.4
1389860 2133.0
1389870 2133.4
1389880 2133.4
1389890 2126.8
1389900 2121.5
1389910 2121.5
1389920 2119.5
1389930 2116.5
1389940 2116.5
1389950 2116.0
1389960 2115.6
1389970 2116.0
1389980 2116.0
1389990 2119.7
1390000 2123.9
1390010 2123.9
1390020 2126.6
1390030 2127.7
1390040 2127.7
1390050 2128.9
1390060 2124.3
1390070 2124.3
1390080 2117.4
1390090 2113.3
1390100 2113.3
1390110 2108.8
1390120 2106.4
1390130 2106.4
1390140 2106.6
1390150 2103.9
1390160 2096.9
1390170 2096.9
1390180 2093.2
1390190 2092.9
1390200 2092.9
1390210 2096.4
1390220 2093.2
1390230 2093.2
1390240 2085.7
1390250 2083.6
1390260 2083.6
1390270 2088.0
1390280 2095.1
1390290 2095.1
1390300 2103.9
1390310 2117.4
1390320 2117.4
1390330 2117.4
1390340 2121.5
1390350 2121.5
1390360 2125.5
1390370 2126.4
1390380 2119.7
1390390 2119.7
1390400 2117.4
1390410 2116.6
1390420 2116.6
1390430 2117.5
1390440 2117.6
1390450 2117.6
1390460 2121.9
1390470 2129.3
1390480 2129.3
1390490 2129.9
1390500 2132.9
1390510 2132.9
1390520 2137.3
1390530 2138.3
1390540 2138.3
1390550 2138.8
1390560 2139.8
1390570 2139.8
1390580 2138.6
1390590 2137.0
1390600 2133.3
1390610 2133.3
1390620 2129.6
1390630 2125.5
1390640 2125.5
1390650 2121.2
1390660 2117.6
1390670 2117.6
1390680 2110.6
1390690 2104.4
1390700 2104.4
1390710 2099.0
1390720 2094.4
1390730 2094.4
1390740 2090.1
1390750 2089.5
1390760 2089.5
1390770 2085.1
1390780 2077.1
1390790 2077.1
1390800 2071.4
1390810 2070.8
1390820 2074.9
1390830 2074.9
1390840 2077.0
1390850 2072.6
1390860 2072.6
1390870 2064.5
1390880 2055.9
1390890 2055.9
1390900 2048.0
1390910 2040.5
1390920 2040.5
1390930 2033.1
1390940 2025.4
1390950 2025.4
1390960 2017.2
1390970 2008.9
1390980 2008.9
1390990 2000.4
1391000 1991.2
1391010 1983.8
1391020 1983.8
1391030 1977.0
1391040 1970.3
1391050 1970.3
1391060 1964.4
1391070 1958.9
1391080 1958.9
1391090 1953.4
1391100 1947.8
1391110 1947.8
1391120 1942.1
1391130 1935.5
1391140 1935.5
1391150 1930.2
1391160 1926.2
1391170 1926.2
1391180 1921.3
1391190 1914.0
1391200 1914.0
1391210 1907.3
1391220 1896.8
1391230 1885.8
1391240 1885.8
1391250 1876.1
1391260 1867.6
1391270 1867.6
1391280 1852.0
1391290 1836.7
1391300 1836.7
1391310 1827.2
1391320 1818.5
1391330 1818.5
1391340 1810.8
1391350 1805.4
1391360 1805.4
1391370 1799.7
1391380 1793.8
1391390 1793.8
1391400 1788.0
1391410 1780.8
1391420 1780.8
1391430 1773.9
1391440 1776.2
1391450 1781.6
1391460 1781.6
1391470 1788.0
1391480 1794.1
1391490 1794.1
1391500 1797.2
1391510 1793.9
1391520 1793.9
1391530 1789.5
1391540 1776.5
1391550 1776.5
1391560 1768.5
1391570 1767.5
1391580 1767.5
1391590 1765.2
1391600 1755.2
1391610 1755.2
1391620 1742.4
1391630 1745.4
1391640 1744.6
1391650 1744.6
1391660 1761.2
1391670 1763.5
1391680 1763.5
1391690 1759.6
1391700 1761.8
1391710 1761.8
1391720 1770.5
1391730 1772.5
1391740 1772.5
1391750 1773.5
1391760 1770.2
1391770 1770.2
1391780 1760.1
1391790 1759.5
1391800 1759.5
1391810 1769.9
1391820 1766.5
1391830 1766.5
1391840 1762.5
1391850 1761.1
1391860 1758.2
1391870 1758.2
1391880 1756.0
1391890 1755.0
1391900 1755.0
1391910 1755.1
1391920 1751.9
1391930 1751.9
1391940 1743.7
1391950 1741.8
1391960 1741.8
1391970 1739.8
1391980 1737.8
1391990 1737.8
1392000 1738.5
1392010 1735.2
1392020 1735.2
1392030 1729.3
1392040 1729.6
1392050 1729.6
1392060 1729.1
1392070 1728.9
1392080 1728.9
1392090 1728.9
1392100 1726.5
1392110 1721.8
1392120 1721.8
1392130 1718.4
1392140 1718.7
1392150 1718.7
1392160 1717.6
1392170 1713.8
1392180 1713.8
1392190 1709.7
1392200 1706.3
1392210 1706.3
1392220 1700.2
1392230 1692.6
1392240 1692.6
1392250 1686.0
1392260 1679.4
1392270 1679.4
1392280 1673.3
1392290 1665.5
1392300 1654.1
1392310 1654.1
1392320 1643.8
1392330 1634.5
1392340 1634.5
1392350 1625.6
1392360 1616.6
1392370 1616.6
1392380 1606.9
1392390 1598.5
1392400 1598.5
1392410 1588.1
1392420 1577.4
1392430 1577.4
1392440 1563.3
1392450 1552.0
1392460 1552.0
1392470 1542.1
1392480 1532.1
1392490 1522.9
1392500 1522.9
1392510 1515.1
1392520 1507.8
1392530 1507.8
1392540 1501.4
1392550 1494.8
1392560 1494.8
1392570 1485.7
1392580 1472.3
1392590 1472.3
1392600 1458.6
1392610 1443.3
1392620 1443.3
1392630 1421.1
1392640 1407.8
1392650 1407.8
1392660 1395.2
1392670 1384.9
1392680 1384.9
1392690 1374.4
1392700 1357.7
1392710 1342.3
1392720 1342.3
1392730 1329.4
1392740 1321.0
1392750 1321.0
1392760 1313.1
1392770 1304.8
1392780 1304.8
1392790 1294.2
1392800 1281.7
1392810 1281.7
1392820 1271.4
1392830 1262.3
1392840 1262.3
1392850 1252.7
1392860 1240.4
1392870 1240.4
1392880 1225.9
1392890 1209.9
1392900 1209.9
1392910 1199.1
1392920 1190.7
1392930 1182.2
1392940 1182.2
1392950 1173.7
1392960 1165.2
1392970 1165.2
1392980 1157.1
1392990 1149.4
1393000 1149.4
1393010 1142.1
1393020 1135.7
1393030 1135.6
1393040 1129.5
1393050 1121.0
1393060 1121.0
1393070 1113.0
1393080 1110.8
1393090 1110.8
1393100 1110.8
1393110 1111.4
1393120 1112.3
1393130 1112.3
1393140 1116.6
1393150 1122.3
1393160 1122.3
1393170 1124.1
1393180 1124.5
1393190 1124.5
1393200 1125.9
1393210 1128.2
1393220 1128.2
1393230 1130.7
1393240 1132.0
1393250 1132.0
1393260 1132.7
1393270 1133.8
1393280 1133.8
1393290 1134.7
1393300 1135.4
1393310 1135.4
1393320 1136.3
1393330 1138.0
1393340 1139.8
1393350 1139.8
1393360 1141.7
1393370 1143.8
1393380 1143.8
1393390 1147.5
1393400 1150.2
1393410 1150.2
1393420 1151.0
1393430 1151.3
1393440 1151.3
1393450 1151.3
1393460 1151.5
1393470 1151.5
1393480 1154.8
1393490 1161.3
1393500 1161.3
1393510 1168.6
1393520 1176.7
1393530 1176.7
1393540 1184.4
1393550 1194.3
1393560 1208.0
1393570 1208.0
1393580 1216.1
1393590 1227.3
1393600 1227.3
1393610 1241.3
1393620 1252.9
1393630 1252.9
1393640 1264.6
1393650 1275.8
1393660 1275.8
1393670 1281.7
1393680 1288.1
1393690 1288.1
1393700 1294.3
1393710 1301.3
1393720 1301.3
1393730 1305.1
1393740 1309.4
1393750 1309.4
1393760 1315.2
1393770 1319.5
1393780 1322.3
1393790 1322.3
1393800 1327.7
1393810 1333.0
1393820 1333.0
1393830 1337.3
1393840 1342.1
1393850 1342.1
1393860 1346.5
1393870 1351.7
1393880 1351.7
1393890 1354.1
1393900 1352.8
1393910 1352.8
1393920 1349.0
1393930 1340.1
1393940 1340.1
1393950 1329.0
1393960 1321.5
1393970 1325.6
1393980 1325.6
1393990 1328.9
1394000 1332.3
1394010 1332.3
1394020 1335.5
1394030 1338.9
1394040 1338.9
1394050 1342.4
1394060 1345.4
1394070 1345.4
1394080 1348.2
1394090 1350.8
1394100 1350.8
1394110 1353.1
1394120 1357.8
1394130 1357.8
1394140 1366.4
1394150 1376.1
1394160 1376.1
1394170 1387.0
1394180 1397.1
1394190 1402.9
1394200 1402.9
1394210 1409.3
1394220 1417.4
1394230 1417.4
1394240 1423.4
1394250 1431.6
1394260 1431.6
1394270 1440.6
1394280 1450.8
1394290 1450.8
1394300 1460.1
1394310 1465.9
1394320 1465.9
1394330 1477.5
1394340 1489.4
1394350 1489.4
1394360 1498.4
1394370 1508.9
1394380 1508.9
1394390 1519.7
1394400 1528.1
1394410 1531.7
1394420 1531.7
1394430 1536.0
1394440 1541.2
1394450 1541.2
1394460 1546.6
1394470 1552.6
1394480 1552.6
1394490 1558.2
1394500 1563.6
1394510 1563.6
1394520 1569.5
1394530 1576.4
1394540 1576.4
1394550 1583.2
1394560 1589.6
1394570 1589.6
1394580 1595.5
1394590 1602.4
1394600 1609.9
1394610 1609.9
1394620 1617.4
1394630 1631.4
1394640 1631.4
1394650 1645.5
1394660 1653.8
1394670 1653.8
1394680 1662.3
1394690 1669.7
1394700 1669.7
1394710 1675.9
1394720 1682.4
1394730 1682.4
1394740 1690.1
1394750 1697.2
1394760 1697.2
1394770 1703.7
1394780 1711.1
1394790 1711.1
1394800 1718.8
1394810 1727.0
1394820 1735.7
1394830 1735.7
1394840 1746.0
1394850 1756.3
1394860 1756.3
1394870 1765.8
1394880 1777.2
1394890 1777.2
1394900 1794.6
1394910 1808.9
1394920 1808.9
1394930 1816.6
1394940 1823.2
1394950 1823.2
1394960 1831.8
1394970 1841.1
1394980 1841.1
1394990 1848.4
1395000 1857.2
1395010 1857.2
1395020 1866.8
1395030 1875.6
1395040 1883.2
1395050 1883.2
1395060 1889.1
1395070 1895.3
1395080 1895.3
1395090 1900.6
1395100 1906.3
1395110 1906.3
1395120 1911.7
1395130 1916.1
1395140 1916.1
1395150 1919.4
1395160 1922.4
1395170 1922.4
1395180 1926.3
1395190 1931.4
1395200 1931.4
1395210 1937.1
1395220 1941.1
1395230 1945.0
1395240 1945.0
1395250 1948.3
1395260 1950.6
1395270 1950.6
1395280 1952.7
1395290 1954.8
1395300 1954.8
1395310 1957.2
1395320 1959.1
1395330 1959.1
1395340 1961.4
1395350 1964.6
1395360 1964.6
1395370 1968.7
1395380 1972.8
1395390 1972.8
1395400 1977.6
1395410 1982.8
1395420 1982.8
1395430 1986.9
1395440 1991.8
1395450 1994.9
1395460 1994.9
1395470 1997.7
1395480 2001.3
1395490 2001.3
1395500 2004.4
1395510 2007.7
1395520 2007.7
1395530 2011.4
1395540 2014.5
1395550 2014.5
1395560 2017.6
1395570 2021.1
1395580 2021.1
1395590 2023.8
1395600 2026.6
1395610 2026.6
1395620 2029.1
1395630 2031.7
1395640 2031.7
1395650 2034.6
1395660 2037.2
1395670 2038.2
1395680 2038.2
1395690 2039.5
1395700 2041.5
1395710 2041.5
1395720 2043.4
1395730 2046.6
1395740 2046.6
1395750 2051.4
1395760 2055.8
1395770 2055.8
1395780 2060.2
1395790 2064.6
1395800 2064.6
1395810 2069.2
1395820 2073.9
1395830 2073.9
1395840 2081.3
1395850 2087.2
1395860 2087.2
1395870 2091.4
1395880 2095.4
1395890 2100.6
1395900 2100.6
1395910 2104.7
1395920 2108.7
1395930 2108.7
1395940 2113.7
1395950 2117.7
1395960 2117.7
1395970 2122.0
1395980 2125.6
1395990 2125.6
1396000 2128.7
1396010 2131.5
1396020 2131.5
1396030 2134.1
1396040 2136.7
1396050 2136.7
1396060 2140.2
1396070 2143.8
1396080 2146.7
1396090 2146.7
1396100 2149.4
1396110 2153.1
1396120 2153.1
1396130 2157.0
1396140 2161.0
1396150 2161.0
1396160 2165.5
1396170 2170.7
1396180 2170.7
1396190 2176.2
1396200 2182.0
1396210 2182.0
1396220 2188.0
1396230 2193.5
1396240 2193.5
1396250 2199.1
1396260 2205.3
1396270 2205.3
1396280 2211.8
1396290 2218.3
1396300 2225.2
1396310 2225.2
1396320 2232.2
1396330 2239.5
1396340 2239.5
1396350 2247.3
1396360 2254.9
1396370 2254.9
1396380 2261.1
1396390 2268.4
1396400 2268.4
1396410 2275.8
1396420 2282.9
1396430 2282.9
1396440 2289.5
1396450 2294.9
1396460 2294.9
1396470 2300.4
1396480 2306.9
1396490 2306.9
1396500 2312.8
1396510 2318.4
1396520 2324.7
1396530 2324.7
1396540 2330.9
1396550 2336.3
1396560 2336.3
1396570 2341.6
1396580 2347.1
1396590 2347.1
1396600 2353.0
1396610 2359.2
1396620 2359.2
1396630 2367.8
1396640 2377.9
1396650 2377.9
1396660 2384.9
1396670 2390.9
1396680 2390.9
1396690 2397.0
1396700 2402.7
1396710 2408.2
1396720 2408.2
1396730 2414.5
1396740 2422.0
1396750 2422.0
1396760 2428.3
1396770 2433.0
1396780 2433.0
1396790 2438.7
1396800 2445.7
1396810 2445.7
1396820 2451.6
1396830 2456.5
1396840 2456.5
1396850 2461.6
1396860 2467.6
1396870 2467.6
1396880 2471.8
1396890 2474.9
1396900 2474.9
1396910 2477.7
1396920 2480.1
1396930 2480.4
1396940 2480.4
1396950 2476.2
1396960 2461.0
1396970 2461.0
1396980 2433.0
1396990 2415.9
1397000 2415.9
1397010 2407.2
1397020 2402.8
1397030 2402.8
1397040 2399.6
1397050 2396.9
1397060 2396.9
1397070 2395.0
1397080 2391.0
1397090 2391.0
1397100 2378.0
1397110 2364.4
1397120 2364.4
1397130 2360.8
1397140 2359.9
1397150 2356.8
1397160 2356.8
1397170 2353.2
1397180 2350.2
1397190 2350.2
1397200 2349.4
1397210 2347.8
1397220 2347.8
1397230 2346.1
1397240 2343.7
1397250 2343.7
1397260 2337.1
1397270 2328.1
1397280 2323.0
1397290 2315.2
1397300 2306.8
1397310 2306.8
1397320 2293.6
1397330 2280.9
1397340 2269.8
1397350 2269.8
1397360 2257.6
1397370 2247.5
1397380 2247.5
1397390 2243.1
1397400 2238.9
1397410 2238.9
1397420 2228.5
1397430 2218.5
1397440 2218.5
1397450 2211.4
1397460 2204.6
1397470 2204.6
1397480 2198.0
1397490 2191.3
1397500 2191.3
1397510 2184.2
1397520 2179.3
1397530 2179.3
1397540 2176.0
1397550 2172.2
1397560 2164.4
1397570 2164.4
1397580 2156.1
1397590 2147.5
1397600 2147.5
1397610 2137.6
1397620 2128.6
1397630 2128.6
1397640 2121.1
1397650 2114.7
1397660 2114.7
1397670 2105.3
1397680 2094.3
1397690 2094.3
1397700 2084.0
1397710 2077.2
1397720 2077.2
1397730 2072.5
1397740 2068.5
1397750 2068.5
1397760 2065.4
1397770 2062.4
1397780 2057.5
1397790 2057.5
1397800 2052.4
1397810 2047.2
1397820 2047.2
1397830 2041.8
1397840 2036.4
1397850 2036.4
1397860 2030.9
1397870 2026.3
1397880 2026.3
1397890 2021.9
1397900 2018.5
1397910 2018.5
1397920 2015.3
1397930 2012.1
1397940 2012.1
1397950 2010.5
1397960 2009.1
1397970 2007.2
1397980 2007.2
1397990 2005.4
1398000 2003.2
1398010 2003.2
1398020 2001.8
1398030 2000.1
1398040 2000.1
1398050 1997.8
1398060 1996.5
1398070 1996.5
1398080 1994.3
1398090 1992.1
1398100 1992.1
1398110 1993.0
1398120 1990.4
1398130 1990.4
1398140 1986.9
1398150 1986.5
1398160 1986.5
1398170 1987.2
1398180 1987.9
1398190 1989.3
1398200 1989.3
1398210 1991.7
1398220 1994.3
1398230 1994.3
1398240 1996.6
1398250 1998.5
1398260 1998.5
1398270 1999.7
1398280 2000.9
1398290 2000.9
1398300 2002.2
1398310 2003.3
1398320 2003.3
1398330 2004.1
1398340 2006.6
1398350 2006.6
1398360 2009.4
1398370 2013.2
1398380 2013.2
1398390 2017.9
1398400 2023.3
1398410 2028.5
1398420 2028.5
1398430 2034.5
1398440 2041.5
1398450 2041.5
1398460 2047.8
1398470 2053.3
1398480 2053.3
1398490 2059.0
1398500 2065.0
1398510 2065.0
1398520 2071.6
1398530 2077.7
1398540 2077.7
1398550 2083.1
1398560 2087.8
1398570 2087.8
1398580 2092.3
1398590 2098.6
1398600 2098.6
1398610 2105.1
1398620 2112.8
1398630 2120.3
1398640 2120.3
1398650 2128.6
1398660 2132.5
1398670 2132.5
1398680 2137.9
1398690 2147.1
1398700 2147.1
1398710 2155.0
1398720 2163.9
1398730 2163.9
1398740 2185.5
1398750 2190.4
1398760 2190.4
1398770 2193.2
1398780 2197.2
1398790 2197.2
1398800 2201.1
1398810 2203.9
1398820 2208.1
1398830 2208.1
1398840 2211.7
1398850 2214.8
1398860 2214.8
1398870 2218.0
1398880 2222.1
1398890 2222.1
1398900 2226.3
1398910 2229.8
1398920 2229.8
1398930 2233.8
1398940 2238.8
1398950 2238.8
1398960 2244.2
1398970 2249.3
1398980 2249.3
1398990 2254.2
1399000 2258.9
1399010 2258.9
1399020 2263.3
1399030 2268.7
1399040 2274.0
1399050 2274.0
1399060 2278.7
1399070 2283.9
1399080 2283.9
1399090 2289.1
1399100 2293.6
1399110 2293.6
1399120 2298.5
1399130 2303.1
1399140 2303.1
1399150 2307.0
1399160 2310.2
1399170 2310.2
1399180 2313.3
1399190 2317.2
1399200 2317.2
1399210 2322.0
1399220 2326.9
1399230 2326.9
1399240 2331.3
1399250 2336.4
1399260 2341.3
1399270 2341.3
1399280 2343.9
1399290 2346.4
1399300 2346.4
1399310 2350.7
1399320 2356.9
1399330 2356.9
1399340 2361.8
1399350 2365.1
1399360 2365.1
1399370 2367.8
1399380 2370.8
1399390 2370.8
1399400 2375.7
1399410 2382.1
1399420 2382.1
1399430 2387.2
1399440 2391.7
1399450 2398.2
1399460 2398.2
1399470 2403.9
1399480 2408.0
1399490 2408.0
1399500 2412.7
1399510 2417.2
1399520 2417.2
1399530 2422.0
1399540 2426.8
1399550 2426.8
1399560 2432.0
1399570 2437.1
1399580 2437.1
1399590 2440.6
1399600 2442.4
1399610 2442.4
1399620 2446.1
1399630 2455.9
1399640 2455.9
1399650 2464.4
1399660 2475.3
1399670 2486.0
1399680 2486.0
1399690 2494.4
1399700 2501.0
1399710 2501.0
1399720 2508.9
1399730 2517.2
1399740 2517.2
1399750 2526.8
1399760 2526.5
1399770 2526.5
1399780 2540.4
1399790 2555.4
1399800 2555.4
1399810 2561.5
1399820 2565.4
1399830 2565.4
1399840 2569.8
1399850 2576.9
1399860 2576.9
1399870 2587.1
1399880 2597.7
1399890 2605.0
1399900 2605.0
1399910 2611.0
1399920 2618.2
1399930 2618.2
1399940 2625.2
1399950 2627.5
1399960 2627.5
1399970 2628.5
1399980 2627.3
1399990 2627.3
1380000 2976.8
1380010 2976.1
1380020 2976.1
1380030 2975.3
1380040 2966.4
1380050 2956.0
1380060 2956.0
1380070 2935.4
1380080 2922.8
1380090 2922.8
1380100 2896.0
1380110 2887.9
1380120 2887.9
1380130 2881.6
1380140 2874.6
1380150 2874.6
1380160 2864.6
1380170 2845.7
1380180 2845.7
1380190 2820.5
1380200 2804.8
1380210 2804.8
1380220 2784.4
1380230 2762.2
1380240 2755.0
1380250 2755.0
1380260 2753.5
1380270 2757.4
1380280 2757.4
1380290 2764.4
1380300 2771.1
1380310 2771.1
1380320 2764.0
1380330 2751.4
1380340 2751.4
1380350 2747.1
1380360 2744.1
1380370 2744.1
1380380 2738.8
1380390 2731.0
1380400 2731.0
1380410 2720.9
1380420 2715.2
1380430 2715.2
1380440 2710.9
1380450 2708.8
1380460 2708.9
1380470 2708.9
1380480 2708.3
1380490 2708.7
1380500 2708.7
1380510 2707.6
1380520 2705.4
1380530 2705.4
1380540 2703.5
1380550 2700.9
1380560 2700.9
1380570 2699.1
1380580 2696.2
1380590 2696.2
1380600 2692.6
1380610 2689.5
1380620 2689.5
1380630 2688.4
1380640 2688.3
1380650 2688.3
1380660 2688.3
1380670 2688.0
1380680 2687.3
1380690 2687.3
1380700 2686.2
1380710 2689.0
1380720 2689.0
1380730 2691.7
1380740 2702.3
1380750 2702.3
1380760 2715.7
1380770 2728.7
1380780 2728.7
1380790 2740.1
1380800 2750.5
1380810 2750.5
1380820 2763.5
1380830 2782.4
1380840 2782.4
1380850 2797.2
1380860 2795.6
1380870 2795.6
1380880 2790.6
1380890 2797.7
1380900 2809.7
1380910 2809.7
1380920 2814.7
1380930 2805.5
1380940 2805.5
1380950 2796.9
1380960 2786.0
1380970 2786.0
1380980 2782.5
1380990 2791.0
1381000 2791.0
1381010 2801.6
1381020 2803.4
1381030 2803.4
1381040 2796.0
1381050 2796.7
1381060 2796.7
1381070 2801.5
1381080 2785.0
1381090 2763.4
1381100 2763.4
1381110 2754.9
1381120 2753.9
1381130 2753.9
1381140 2743.0
1381150 2707.6
1381160 2707.6
1381170 2682.5
1381180 2675.5
1381190 2675.5
1381200 2672.4
1381210 2669.4
1381220 2669.4
1381230 2666.0
1381240 2662.3
1381250 2662.3
1381260 2659.5
1381270 2658.4
1381280 2658.4
1381290 2658.7
1381300 2659.6
1381310 2660.3
1381320 2658.4
1381330 2657.9
1381340 2658.1
1381350 2658.1
1381360 2659.4
1381370 2662.1
1381380 2662.1
1381390 2665.1
1381400 2665.9
1381410 2665.9
1381420 2664.1
1381430 2663.5
1381440 2663.5
1381450 2663.0
1381460 2662.6
1381470 2662.6
1381480 2663.2
1381490 2663.9
1381500 2663.9
1381510 2665.7
1381520 2667.5
1381530 2670.4
1381540 2670.4
1381550 2673.6
1381560 2678.5
1381570 2678.5
1381580 2683.2
1381590 2683.9
1381600 2683.9
1381610 2681.6
1381620 2678.9
1381630 2678.9
1381640 2676.1
1381650 2674.8
1381660 2674.8
1381670 2673.2
1381680 2670.9
1381690 2670.9
1381700 2669.9
1381710 2671.4
1381720 2675.1
1381730 2675.1
1381740 2679.9
1381750 2685.4
1381760 2685.4
1381770 2690.4
1381780 2694.8
1381790 2694.8
1381800 2696.7
1381810 2690.6
1381820 2690.6
1381830 2677.7
1381840 2667.1
1381850 2667.1
1381860 2659.6
1381870 2645.8
1381880 2645.8
1381890 2631.4
1381900 2624.1
1381910 2624.1
1381920 2618.8
1381930 2614.9
1381940 2612.3
1381950 2612.3
1381960 2607.2
1381970 2602.3
1381980 2602.3
1381990 2599.4
1382000 2597.0
1382010 2597.0
1382020 2594.7
1382030 2591.5
1382040 2591.5
1382050 2585.7
1382060 2579.4
1382070 2579.4
1382080 2575.6
1382090 2571.4
1382100 2571.4
1382110 2565.1
1382120 2557.6
1382130 2557.6
1382140 2552.0
1382150 2547.6
1382160 2543.1
1382170 2543.1
1382180 2539.4
1382190 2536.4
1382200 2536.4
1382210 2534.7
1382220 2533.5
1382230 2533.5
1382240 2532.5
1382250 2531.4
1382260 2531.4
1382270 2531.2
1382280 2531.0
1382290 2531.0
1382300 2530.4
1382310 2529.8
1382320 2529.8
1382330 2530.1
1382340 2529.0
1382350 2528.0
1382360 2528.0
1382370 2528.2
1382380 2529.0
1382390 2529.0
1382400 2530.1
1382410 2531.2
1382420 2531.2
1382430 2533.4
1382440 2538.0
1382450 2538.0
1382460 2542.3
1382470 2545.6
1382480 2545.6
1382490 2549.3
1382500 2552.1
1382510 2552.1
1382520 2552.9
1382530 2554.2
1382540 2554.2
1382550 2557.9
1382560 2556.5
1382570 2559.3
1382580 2559.3
1382590 2563.2
1382600 2567.5
1382610 2567.5
1382620 2572.3
1382630 2577.7
1382640 2577.7
1382650 2583.0
1382660 2585.7
1382670 2585.7
1382680 2586.4
1382690 2587.1
1382700 2587.1
1382710 2589.4
1382720 2590.3
1382730 2590.3
1382740 2589.6
1382750 2590.1
1382760 2590.1
1382770 2594.2
1382780 2600.9
1382790 2606.9
1382800 2606.9
1382810 2609.8
1382820 2608.6
1382830 2608.6
1382840 2608.3
1382850 2611.2
1382860 2611.2
1382870 2614.9
1382880 2618.7
1382890 2618.7
1382900 2621.4
1382910 2624.2
1382920 2624.2
1382930 2627.4
1382940 2630.7
1382950 2630.7
1382960 2632.9
1382970 2634.4
1382980 2634.4
1382990 2636.8
1383000 2640.3
1383010 2644.9
1383020 2644.9
1383030 2650.3
1383040 2656.3
1383050 2656.3
1383060 2664.2
1383070 2673.4
1383080 2673.4
1383090 2686.4
1383100 2695.3
1383110 2695.3
1383120 2699.9
1383130 2702.2
1383140 2702.2
1383150 2702.0
1383160 2698.9
1383170 2698.9
1383180 2694.9
1383190 2692.5
1383200 2692.1
1383210 2692.1
1383220 2691.0
1383230 2690.4
1383240 2690.4
1383250 2692.2
1383260 2695.2
1383270 2695.2
1383280 2699.9
1383290 2703.9
1383300 2703.9
1383310 2708.0
1383320 2713.9
1383330 2713.9
1383340 2725.2
1383350 2734.4
1383360 2734.4
1383370 2739.3
1383380 2744.2
1383390 2744.2
1383400 2748.2
1383410 2751.4
1383420 2753.4
1383430 2753.4
1383440 2752.9
1383450 2753.6
1383460 2753.6
1383470 2754.6
1383480 2751.9
1383490 2751.9
1383500 2741.9
1383510 2729.7
1383520 2729.7
1383530 2719.3
1383540 2708.6
1383550 2708.6
1383560 2702.3
1383570 2696.6
1383580 2696.6
1383590 2690.9
1383600 2685.9
1383610 2685.9
1383620 2681.4
1383630 2677.6
1383640 2676.0
1383650 2676.0
1383660 2675.3
1383670 2676.1
1383680 2676.1
1383690 2678.1
1383700 2680.0
1383710 2680.0
1383720 2681.9
1383730 2683.2
1383740 2683.2
1383750 2685.4
1383760 2688.7
1383770 2688.7
1383780 2692.2
1383790 2696.8
1383800 2696.8
1383810 2698.0
1383820 2699.1
1383830 2700.6
1383840 2700.6
1383850 2702.8
1383860 2704.9
1383870 2704.9
1383880 2706.1
1383890 2706.6
1383900 2706.6
1383910 2708.4
1383920 2711.5
1383930 2711.5
1383940 2716.2
1383950 2721.4
1383960 2721.4
1383970 2727.5
1383980 2733.9
1383990 2733.9
1384000 2741.2
1384010 2756.8
1384020 2756.8
1384030 2773.1
1384040 2755.3
1384050 2734.8
1384060 2734.8
1384070 2720.4
1384080 2708.4
1384090 2708.4
1384100 2700.0
1384110 2695.3
1384120 2695.3
1384130 2691.5
1384140 2688.1
1384150 2688.1
1384160 2684.1
1384170 2680.1
1384180 2680.1
1384190 2678.5
1384200 2678.0
1384210 2678.0
1384220 2677.5
1384230 2677.7
1384240 2677.7
1384250 2678.5
1384260 2680.3
1384270 2681.8
1384280 2681.8
1384290 2682.1
1384300 2682.0
1384310 2682.0
1384320 2682.9
1384330 2683.3
1384340 2683.3
1384350 2682.5
1384360 2680.6
1384370 2680.6
1384380 2678.1
1384390 2675.4
1384400 2675.4
1384410 2670.8
1384420 2665.3
1384430 2665.3
1384440 2661.9
1384450 2658.0
1384460 2658.0
1384470 2655.8
1384480 2655.4
1384490 2654.5
1384500 2654.5
1384510 2653.3
1384520 2652.9
1384530 2652.9
1384540 2652.3
1384550 2652.0
1384560 2652.0
1384570 2652.0
1384580 2652.2
1384590 2652.2
1384600 2652.4
1384610 2652.3
1384620 2652.3
1384630 2650.9
1384640 2650.3
1384650 2650.3
1384660 2651.2
1384670 2652.1
1384680 2650.2
1384690 2650.2
1384700 2649.2
1384710 2649.9
1384720 2649.9
1384730 2651.8
1384740 2654.4
1384750 2654.4
1384760 2658.1
1384770 2661.4
1384780 2661.4
1384790 2664.6
1384800 2668.4
1384810 2668.4
1384820 2672.6
1384830 2677.3
1384840 2677.3
1384850 2680.9
1384860 2688.1
1384870 2688.1
1384880 2700.8
1384890 2712.0
1384900 2737.8
1384910 2737.8
1384920 2768.7
1384930 2769.9
1384940 2769.9
1384950 2748.1
1384960 2745.4
1384970 2745.4
1384980 2759.5
1384990 2774.6
1385000 2774.6
1385010 2790.1
1385020 2803.7
1385030 2803.7
1385040 2816.7
1385050 2818.4
1385060 2818.4
1385070 2788.8
1385080 2777.8
1385090 2777.8
1385100 2765.0
1385110 2749.9
1385120 2735.5
1385130 2735.5
1385140 2729.7
1385150 2727.5
1385160 2727.5
1385170 2725.0
1385180 2723.1
1385190 2723.1
1385200 2724.2
1385210 2726.5
1385220 2726.5
1385230 2727.5
1385240 2727.5
1385250 2727.5
1385260 2726.7
1385270 2726.7
1385280 2726.7
1385290 2726.7
1385300 2724.9
1385310 2720.6
1385320 2720.6
1385330 2721.2
1385340 2719.6
1385350 2719.6
1385360 2719.1
1385370 2719.3
1385380 2719.3
1385390 2720.4
1385400 2722.8
1385410 2722.8
1385420 2726.1
1385430 2729.2
1385440 2729.2
1385450 2732.7
1385460 2737.1
1385470 2737.1
1385480 2742.7
1385490 2748.4
1385500 2748.4
1385510 2753.8
1385520 2758.6
1385530 2762.9
1385540 2762.9
1385550 2767.9
1385560 2773.3
1385570 2773.3
1385580 2780.9
1385590 2789.9
1385600 2789.9
1385610 2793.2
1385620 2794.5
1385630 2794.5
1385640 2796.6
1385650 2797.4
1385660 2797.4
1385670 2800.1
1385680 2804.1
1385690 2804.1
1385700 2806.9
1385710 2808.0
1385720 2808.0
1385730 2808.2
1385740 2808.8
1385750 2809.2
1385760 2809.2
1385770 2810.9
1385780 2815.1
1385790 2815.1
1385800 2822.3
1385810 2830.2
1385820 2830.2
1385830 2839.4
1385840 2842.9
1385850 2842.9
1385860 2850.3
1385870 2864.7
1385880 2864.7
1385890 2885.3
1385900 2904.2
1385910 2904.2
1385920 2924.3
1385930 2944.6
1385940 2962.0
1385950 2962.0
1385960 2982.4
1385970 3001.0
1385980 3001.0
1385990 3019.2
1386000 3023.8
1386010 3023.8
1386020 3021.7
1386030 3019.2
1386040 3019.2
1386050 3016.7
1386060 3008.7
1386070 3008.7
1386080 3001.1
1386090 3006.5
1386100 3006.5
1386110 3010.1
1386120 3007.9
1386130 3007.9
1386140 3004.0
1386150 3003.1
1386160 3001.8
1386170 3001.8
1386180 2993.8
1386190 2985.0
1386200 2985.0
1386210 2971.5
1386220 2956.7
1386230 2956.7
1386240 2946.4
1386250 2937.3
1386260 2937.3
1386270 2932.7
1386280 2926.3
1386290 2926.3
1386300 2907.3
1386310 2883.6
1386320 2883.6
1386330 2850.9
1386340 2826.1
1386350 2826.1
1386360 2797.2
1386370 2773.6
1386380 2761.4
1386390 2761.4
1386400 2753.2
1386410 2745.5
1386420 2745.5
1386430 2736.8
1386440 2729.4
1386450 2729.4
1386460 2722.9
1386470 2717.7
1386480 2717.7
1386490 2713.5
1386500 2710.6
1386510 2710.6
1386520 2707.6
1386530 2704.3
1386540 2704.3
1386550 2702.2
1386560 2700.5
1386570 2700.5
1386580 2699.0
1386590 2697.1
1386600 2693.6
1386610 2693.6
1386620 2689.5
1386630 2689.1
1386640 2689.1
1386650 2690.9
1386660 2693.4
1386670 2693.4
1386680 2694.1
1386690 2695.2
1386700 2695.2
1386710 2695.7
1386720 2695.4
1386730 2695.4
1386740 2693.6
1386750 2691.5
1386760 2691.5
1386770 2688.6
1386780 2685.9
1386790 2684.3
1386800 2684.3
1386810 2683.4
1386820 2681.5
1386830 2681.5
1386840 2679.2
1386850 2677.5
1386860 2677.5
1386870 2676.5
1386880 2676.9
1386890 2676.9
1386900 2678.7
1386910 2682.4
1386920 2682.4
1386930 2687.3
1386940 2691.6
1386950 2691.6
1386960 2692.7
1386970 2694.3
1386980 2694.3
1386990 2699.5
1387000 2706.9
1387010 2710.4
1387020 2710.4
1387030 2711.4
1387040 2716.5
1387050 2716.5
1387060 2726.2
1387070 2726.7
1387080 2726.7
1387090 2723.2
1387100 2721.9
1387110 2721.9
1387120 2723.3
1387130 2725.0
1387140 2725.0
1387150 2727.2
1387160 2730.0
1387170 2730.0
1387180 2733.8
1387190 2738.2
1387200 2738.2
1387210 2743.6
1387220 2749.6
1387230 2755.6
1387240 2755.6
1387250 2761.5
1387260 2766.8
1387270 2766.8
1387280 2771.5
1387290 2776.6
1387300 2776.6
1387310 2781.7
1387320 2786.6
1387330 2786.6
1387340 2798.4
1387350 2824.2
1387360 2824.2
1387370 2847.5
1387380 2860.5
1387390 2860.5
1387400 2871.5
1387410 2883.8
1387420 2898.6
1387430 2898.6
1387440 2910.2
1387450 2919.6
1387460 2919.6
1387470 2928.0
1387480 2937.4
1387490 2937.4
1387500 2946.1
1387510 2953.1
1387520 2953.1
1387530 2959.4
1387540 2966.1
1387550 2966.1
1387560 2974.4
1387570 2985.6
1387580 2985.6
1387590 2994.1
1387600 2999.9
1387610 2999.9
1387620 3002.7
1387630 3000.3
1387640 2992.7
1387650 2992.7
1387660 2991.8
1387670 2980.7
1387680 2980.7
1387690 2973.3
1387700 2969.4
1387710 2969.4
1387720 2964.4
1387730 2960.4
1387740 2960.4
1387750 2957.3
1387760 2954.3
1387770 2954.3
1387780 2951.4
1387790 2950.3
1387800 2950.3
1387810 2949.2
1387820 2942.9
1387830 2942.9
1387840 2931.6
1387850 2914.6
1387860 2904.1
1387870 2904.1
1387880 2897.2
1387890 2890.1
1387900 2890.1
1387910 2882.9
1387920 2876.8
1387930 2876.8
1387940 2871.0
1387950 2865.5
1387960 2865.5
1387970 2860.2
1387980 2854.3
1387990 2854.3
1388000 2849.2
1388010 2843.7
1388020 2843.7
1388030 2838.7
1388040 2834.7
1388050 2829.4
1388060 2829.4
1388070 2822.3
1388080 2816.6
1388090 2816.6
1388100 2811.0
1388110 2806.4
1388120 2806.4
1388130 2802.2
1388140 2796.4
1388150 2796.4
1388160 2791.3
1388170 2786.8
1388180 2786.8
1388190 2782.4
1388200 2779.0
1388210 2779.0
1388220 2775.7
1388230 2772.6
1388240 2772.6
1388250 2769.3
1388260 2766.0
1388270 2762.9
1388280 2762.9
1388290 2759.9
1388300 2756.2
1388310 2756.2
1388320 2753.0
1388330 2749.5
1388340 2749.5
1388350 2744.6
1388360 2739.4
1388370 2739.4
1388380 2734.0
1388390 2728.6
1388400 2728.6
1388410 2725.1
1388420 2721.8
1388430 2721.8
1388440 2718.7
1388450 2715.9
1388460 2715.9
1388470 2714.2
1388480 2712.1
1388490 2709.1
1388500 2709.1
1388510 2706.7
1388520 2703.5
1388530 2703.5
1388540 2700.6
1388550 2698.1
1388560 2698.1
1388570 2694.2
1388580 2690.3
1388590 2690.3
1388600 2685.9
1388610 2682.3
1388620 2682.3
1388630 2677.8
1388640 2673.6
1388650 2673.6
1388660 2668.0
1388670 2664.1
1388680 2664.1
1388690 2660.2
1388700 2656.0
1388710 2652.9
1388720 2652.9
1388730 2648.7
1388740 2644.1
1388750 2644.1
1388760 2637.6
1388770 2629.6
1388780 2629.6
1388790 2620.4
1388800 2609.5
1388810 2609.5
1388820 2598.1
1388830 2590.7
1388840 2590.7
1388850 2583.8
1388860 2578.0
1388870 2578.0
1388880 2571.9
1388890 2565.5
1388900 2560.2
1388910 2560.2
1388920 2554.7
1388930 2548.8
1388940 2548.8
1388950 2542.1
1388960 2536.3
1388970 2541.6
1388980 2536.1
1388990 2531.3
1389000 2531.3
1389010 2526.5
1389020 2520.7
1389030 2520.7
1389040 2512.0
1389050 2500.2
1389060 2500.2
1389070 2484.2
1389080 2476.3
1389090 2476.3
1389100 2470.8
1389110 2463.5
1389120 2452.7
1389130 2452.7
1389140 2443.6
1389150 2434.1
1389160 2434.1
1389170 2426.4
1389180 2418.2
1389190 2418.2
1389200 2409.8
1389210 2408.3
1389220 2408.3
1389230 2403.7
1389240 2394.4
1389250 2394.4
1389260 2386.8
1389270 2379.2
1389280 2379.2
1389290 2371.5
1389300 2364.1
1389310 2364.1
1389320 2352.7
1389330 2341.7
1389340 2329.9
1389350 2329.9
1389360 2313.3
1389370 2301.4
1389380 2301.4
1389390 2294.8
1389400 2297.1
1389410 2297.1
1389420 2301.0
1389430 2302.9
1389440 2302.9
1389450 2308.4
1389460 2300.2
1389470 2300.2
1389480 2289.4
1389490 2285.1
1389500 2285.1
1389510 2285.3
1389520 2286.5
1389530 2283.2
1389540 2283.2
1389550 2273.4
1389560 2263.1
1389570 2263.1
1389580 2255.7
1389590 2255.3
1389600 2255.3
1389610 2260.5
1389620 2259.6
1389630 2259.6
1389640 2258.0
1389650 2252.2
1389660 2252.2
1389670 2238.7
1389680 2226.8
1389690 2226.8
1389700 2217.0
1389710 2205.5
1389720 2205.5
1389730 2196.4
1389740 2181.5
1389750 2172.1
1389760 2172.1
1389770 2166.5
1389780 2163.0
1389790 2163.0
1389800 2157.8
1389810 2155.6
1389820 2155.6
1389830 2148.4
1389840 2137.4
1389850 2137.4
1389860 2133.0
1389870 2133.4
1389880 2133.4
1389890 2126.8
1389900 2121.5
1389910 2121.5
1389920 2119.5
1389930 2116.5
1389940 2116.5
1389950 2116.0
1389960 2115.6
1389970 2116.0
1389980 2116.0
1389990 2119.7
1390000 2123.9
1390010 2123.9
1390020 2126.6
1390030 2127.7
1390040 2127.7
1390050 2128.9
1390060 2124.3
1390070 2124.3
1390080 2117.4
1390090 2113.3
1390100 2113.3
1390110 2108.8
1390120 2106.4
1390130 2106.4
1390140 2106.6
1390150 2103.9
1390160 2096.9
1390170 2096.9
1390180 2093.2
1390190 2092.9
1390200 2092.9
1390210 2096.4
1390220 2093.2
1390230 2093.2
1390240 2085.7
1390250 2083.6
1390260 2083.6
1390270 2088.0
1390280 2095.1
1390290 2095.1
1390300 2103.9
1390310 2117.4
1390320 2117.4
1390330 2117.4
1390340 2121.5
1390350 2121.5
1390360 2125.5
1390370 2126.4
1390380 2119.7
1390390 2119.7
1390400 2117.4
1390410 2116.6
1390420 2116.6
1390430 2117.5
1390440 2117.6
1390450 2117.6
1390460 2121.9
1390470 2129.3
1390480 2129.3
1390490 2129.9
1390500 2132.9
1390510 2132.9
1390520 2137.3
1390530 2138.3
1390540 2138.3
1390550 2138.8
1390560 2139.8
1390570 2139.8
1390580 2138.6
1390590 2137.0
1390600 2133.3
1390610 2133.3
1390620 2129.6
1390630 2125.5
1390640 2125.5
1390650 2121.2
1390660 2117.6
1390670 2117.6
1390680 2110.6
1390690 2104.4
1390700 2104.4
1390710 2099.0
1390720 2094.4
1390730 2094.4
1390740 2090.1
1390750 2089.5
1390760 2089.5
1390770 2085.1
1390780 2077.1
1390790 2077.1
1390800 2071.4
1390810 2070.8
1390820 2074.9
1390830 2074.9
1390840 2077.0
1390850 2072.6
1390860 2072.6
1390870 2064.5
1390880 2055.9
1390890 2055.9
1390900 2048.0
1390910 2040.5
1390920 2040.5
1390930 2033.1
1390940 2025.4
1390950 2025.4
1390960 2017.2
1390970 2008.9
1390980 2008.9
1390990 2000.4
1391000 1991.2
1391010 1983.8
1391020 1983.8
1391030 1977.0
1391040 1970.3
1391050 1970.3
1391060 1964.4
1391070 1958.9
1391080 1958.9
1391090 1953.4
1391100 1947.8
1391110 1947.8
1391120 1942.1
1391130 1935.5
1391140 1935.5
1391150 1930.2
1391160 1926.2
1391170 1926.2
1391180 1921.3
1391190 1914.0
1391200 1914.0
1391210 1907.3
1391220 1896.8
1391230 1885.8
1391240 1885.8
1391250 1876.1
1391260 1867.6
1391270 1867.6
1391280 1852.0
1391290 1836.7
1391300 1836.7
1391310 1827.2
1391320 1818.5
1391330 1818.5
1391340 1810.8
1391350 1805.4
1391360 1805.4
1391370 1799.7
1391380 1793.8
1391390 1793.8
1391400 1788.0
1391410 1780.8
1391420 1780.8
1391430 1773.9
1391440 1776.2
1391450 1781.6
1391460 1781.6
1391470 1788.0
1391480 1794.1
1391490 1794.1
1391500 1797.2
1391510 1793.9
1391520 1793.9
1391530 1789.5
1391540 1776.5
1391550 1776.5
1391560 1768.5
1391570 1767.5
1391580 1767.5
1391590 1765.2
1391600 1755.2
1391610 1755.2
1391620 1742.4
1391630 1745.4
1391640 1744.6
1391650 1744.6
1391660 1761.2
1391670 1763.5
1391680 1763.5
1391690 1759.6
1391700 1761.8
1391710 1761.8
1391720 1770.5
1391730 1772.5
1391740 1772.5
1391750 1773.5
1391760 1770.2
1391770 1770.2
1391780 1760.1
1391790 1759.5
1391800 1759.5
1391810 1769.9
1391820 1766.5
1391830 1766.5
1391840 1762.5
1391850 1761.1
1391860 1758.2
1391870 1758.2
1391880 1756.0
1391890 1755.0
1391900 1755.0
1391910 1755.1
1391920 1751.9
1391930 1751.9
1391940 1743.7
1391950 1741.8
1391960 1741.8
1391970 1739.8
1391980 1737.8
1391990 1737.8
1392000 1738.5
1392010 1735.2
1392020 1735.2
1392030 1729.3
1392040 1729.6
1392050 1729.6
1392060 1729.1
1392070 1728.9
1392080 1728.9
1392090 1728.9
1392100 1726.5
1392110 1721.8
1392120 1721.8
1392130 1718.4
1392140 1718.7
1392150 1718.7
1392160 1717.6
1392170 1713.8
1392180 1713.8
1392190 1709.7
1392200 1706.3
1392210 1706.3
1392220 1700.2
1392230 1692.6
1392240 1692.6
1392250 1686.0
1392260 1679.4
1392270 1679.4
1392280 1673.3
1392290 1665.5
1392300 1654.1
1392310 1654.1
1392320 1643.8
1392330 1634.5
1392340 1634.5
1392350 1625.6
1392360 1616.6
1392370 1616.6
1392380 1606.9
1392390 1598.5
1392400 1598.5
1392410 1588.1
1392420 1577.4
1392430 1577.4
1392440 1563.3
1392450 1552.0
1392460 1552.0
1392470 1542.1
1392480 1532.1
1392490 1522.9
1392500 1522.9
1392510 1515.1
1392520 1507.8
1392530 1507.8
1392540 1501.4
1392550 1494.8
1392560 1494.8
1392570 1485.7
1392580 1472.3
1392590 1472.3
1392600 1458.6
1392610 1443.3
1392620 1443.3
1392630 1421.1
1392640 1407.8
1392650 1407.8
1392660 1395.2
1392670 1384.9
1392680 1384.9
1392690 1374.4
1392700 1357.7
1392710 1342.3
1392720 1342.3
1392730 1329.4
1392740 1321.0
1392750 1321.0
1392760 1313.1
1392770 1304.8
1392780 1304.8
1392790 1294.2
1392800 1281.7
1392810 1281.7
1392820 1271.4
1392830 1262.3
1392840 1262.3
1392850 1252.7
1392860 1240.4
1392870 1240.4
1392880 1225.9
1392890 1209.9
1392900 1209.9
1392910 1199.1
1392920 1190.7
1392930 1182.2
1392940 1182.2
1392950 1173.7
1392960 1165.2
1392970 1165.2
1392980 1157.1
1392990 1149.4
1393000 1149.4
1393010 1142.1
1393020 1135.7
1393030 1135.6
1393040 1129.5
1393050 1121.0
1393060 1121.0
1393070 1113.0
1393080 1110.8
1393090 1110.8
1393100 1110.8
1393110 1111.4
1393120 1112.3
1393130 1112.3
1393140 1116.6
1393150 1122.3
1393160 1122.3
1393170 1124.1
1393180 1124.5
1393190 1124.5
1393200 1125.9
1393210 1128.2
1393220 1128.2
1393230 1130.7
1393240 1132.0
1393250 1132.0
1393260 1132.7
1393270 1133.8
1393280 1133.8
1393290 1134.7
1393300 1135.4
1393310 1135.4
1393320 1136.3
1393330 1138.0
1393340 1139.8
1393350 1139.8
1393360 1141.7
1393370 1143.8
1393380 1143.8
1393390 1147.5
1393400 1150.2
1393410 1150.2
1393420 1151.0
1393430 1151.3
1393440 1151.3
1393450 1151.3
1393460 1151.5
1393470 1151.5
1393480 1154.8
1393490 1161.3
1393500 1161.3
1393510 1168.6
1393520 1176.7
1393530 1176.7
1393540 1184.4
1393550 1194.3
1393560 1208.0
1393570 1208.0
1393580 1216.1
1393590 1227.3
1393600 1227.3
1393610 1241.3
1393620 1252.9
1393630 1252.9
1393640 1264.6
1393650 1275.8
1393660 1275.8
1393670 1281.7
1393680 1288.1
1393690 1288.1
1393700 1294.3
1393710 1301.3
1393720 1301.3
1393730 1305.1
1393740 1309.4
1393750 1309.4
1393760 1315.2
1393770 1319.5
1393780 1322.3
1393790 1322.3
1393800 1327.7
1393810 1333.0
1393820 1333.0
1393830 1337.3
1393840 1342.1
1393850 1342.1
1393860 1346.5
1393870 1351.7
1393880 1351.7
1393890 1354.1
1393900 1352.8
1393910 1352.8
1393920 1349.0
1393930 1340.1
1393940 1340.1
1393950 1329.0
1393960 1321.5
1393970 1325.6
1393980 1325.6
1393990 1328.9
1394000 1332.3
1394010 1332.3
1394020 1335.5
1394030 1338.9
1394040 1338.9
1394050 1342.4
1394060 1345.4
1394070 1345.4
1394080 1348.2
1394090 1350.8
1394100 1350.8
1394110 1353.1
1394120 1357.8
1394130 1357.8
1394140 1366.4
1394150 1376.1
1394160 1376.1
1394170 1387.0
1394180 1397.1
1394190 1402.9
1394200 1402.9
1394210 1409.3
1394220 1417.4
1394230 1417.4
1394240 1423.4
1394250 1431.6
1394260 1431.6
1394270 1440.6
1394280 1450.8
1394290 1450.8
1394300 1460.1
1394310 1465.9
1394320 1465.9
1394330 1477.5
1394340 1489.4
1394350 1489.4
1394360 1498.4
1394370 1508.9
1394380 1508.9
1394390 1519.7
1394400 1528.1
1394410 1531.7
1394420 1531.7
1394430 1536.0
1394440 1541.2
1394450 1541.2
1394460 1546.6
1394470 1552.6
1394480 1552.6
1394490 1558.2
1394500 1563.6
1394510 1563.6
1394520 1569.5
1394530 1576.4
1394540 1576.4
1394550 1583.2
1394560 1589.6
1394570 1589.6
1394580 1595.5
1394590 1602.4
1394600 1609.9
1394610 1609.9
1394620 1617.4
1394630 1631.4
1394640 1631.4
1394650 1645.5
1394660 1653.8
1394670 1653.8
1394680 1662.3
1394690 1669.7
1394700 1669.7
1394710 1675.9
1394720 1682.4
1394730 1682.4
1394740 1690.1
1394750 1697.2
1394760 1697.2
1394770 1703.7
1394780 1711.1
1394790 1711.1
1394800 1718.8
1394810 1727.0
1394820 1735.7
1394830 1735.7
1394840 1746.0
1394850 1756.3
1394860 1756.3
1394870 1765.8
1394880 1777.2
1394890 1777.2
1394900 1794.6
1394910 1808.9
1394920 1808.9
1394930 1816.6
1394940 1823.2
1394950 1823.2
1394960 1831.8
1394970 1841.1
1394980 1841.1
1394990 1848.4
1395000 1857.2
1395010 1857.2
1395020 1866.8
1395030 1875.6
1395040 1883.2
1395050 1883.2
1395060 1889.1
1395070 1895.3
1395080 1895.3
1395090 1900.6
1395100 1906.3
1395110 1906.3
1395120 1911.7
1395130 1916.1
1395140 1916.1
1395150 1919.4
1395160 1922.4
1395170 1922.4
1395180 1926.3
1395190 1931.4
1395200 1931.4
1395210 1937.1
1395220 1941.1
1395230 1945.0
1395240 1945.0
1395250 1948.3
1395260 1950.6
1395270 1950.6
1395280 1952.7
1395290 1954.8
1395300 1954.8
1395310 1957.2
1395320 1959.1
1395330 1959.1
1395340 1961.4
1395350 1964.6
1395360 1964.6
1395370 1968.7
1395380 1972.8
1395390 1972.8
1395400 1977.6
1395410 1982.8
1395420 1982.8
1395430 1986.9
1395440 1991.8
1395450 1994.9
1395460 1994.9
1395470 1997.7
1395480 2001.3
1395490 2001.3
1395500 2004.4
1395510 2007.7
1395520 2007.7
1395530 2011.4
1395540 2014.5
1395550 2014.5
1395560 2017.6
1395570 2021.1
1395580 2021.1
1395590 2023.8
1395600 2026.6
1395610 2026.6
1395620 2029.1
1395630 2031.7
1395640 2031.7
1395650 2034.6
1395660 2037.2
1395670 2038.2
1395680 2038.2
1395690 2039.5
1395700 2041.5
1395710 2041.5
1395720 2043.4
1395730 2046.6
1395740 2046.6
1395750 2051.4
1395760 2055.8
1395770 2055.8
1395780 2060.2
1395790 2064.6
1395800 2064.6
1395810 2069.2
1395820 2073.9
1395830 2073.9
1395840 2081.3
1395850 2087.2
1395860 2087.2
1395870 2091.4
1395880 2095.4
1395890 2100.6
1395900 2100.6
1395910 2104.7
1395920 2108.7
1395930 2108.7
1395940 2113.7
1395950 2117.7
1395960 2117.7
1395970 2122.0
1395980 2125.6
1395990 2125.6
1396000 2128.7
1396010 2131.5
1396020 2131.5
1396030 2134.1
1396040 2136.7
1396050 2136.7
1396060 2140.2
1396070 2143.8
1396080 2146.7
1396090 2146.7
1396100 2149.4
1396110 2153.1
1396120 2153.1
1396130 2157.0
1396140 2161.0
1396150 2161.0
1396160 2165.5
1396170 2170.7
1396180 2170.7
1396190 2176.2
1396200 2182.0
1396210 2182.0
1396220 2188.0
1396230 2193.5
1396240 2193.5
1396250 2199.1
1396260 2205.3
1396270 2205.3
1396280 2211.8
1396290 2218.3
1396300 2225.2
1396310 2225.2
1396320 2232.2
1396330 2239.5
1396340 2239.5
1396350 2247.3
1396360 2254.9
1396370 2254.9
1396380 2261.1
1396390 2268.4
1396400 2268.4
1396410 2275.8
1396420 2282.9
1396430 2282.9
1396440 2289.5
1396450 2294.9
1396460 2294.9
1396470 2300.4
1396480 2306.9
1396490 2306.9
1396500 2312.8
1396510 2318.4
1396520 2324.7
1396530 2324.7
1396540 2330.9
1396550 2336.3
1396560 2336.3
1396570 2341.6
1396580 2347.1
1396590 2347.1
1396600 2353.0
1396610 2359.2
1396620 2359.2
1396630 2367.8
1396640 2377.9
1396650 2377.9
1396660 2384.9
1396670 2390.9
1396680 2390.9
1396690 2397.0
1396700 2402.7
1396710 2408.2
1396720 2408.2
1396730 2414.5
1396740 2422.0
1396750 2422.0
1396760 2428.3
1396770 2433.0
1396780 2433.0
1396790 2438.7
1396800 2445.7
1396810 2445.7
1396820 2451.6
1396830 2456.5
1396840 2456.5
1396850 2461.6
1396860 2467.6
1396870 2467.6
1396880 2471.8
1396890 2474.9
1396900 2474.9
1396910 2477.7
1396920 2480.1
1396930 2480.4
1396940 2480.4
1396950 2476.2
1396960 2461.0
1396970 2461.0
1396980 2433.0
1396990 2415.9
1397000 2415.9
1397010 2407.2
1397020 2402.8
1397030 2402.8
1397040 2399.6
1397050 2396.9
1397060 2396.9
1397070 2395.0
1397080 2391.0
1397090 2391.0
1397100 2378.0
1397110 2364.4
1397120 2364.4
1397130 2360.8
1397140 2359.9
1397150 2356.8
1397160 2356.8
1397170 2353.2
1397180 2350.2
1397190 2350.2
1397200 2349.4
1397210 2347.8
1397220 2347.8
1397230 2346.1
1397240 2343.7
1397250 2343.7
1397260 2337.1
1397270 2328.1
1397280 2323.0
1397290 2315.2
1397300 2306.8
1397310 2306.8
1397320 2293.6
1397330 2280.9
1397340 2269.8
1397350 2269.8
1397360 2257.6
1397370 2247.5
1397380 2247.5
1397390 2243.1
1397400 2238.9
1397410 2238.9
1397420 2228.5
1397430 2218.5
1397440 2218.5
1397450 2211.4
1397460 2204.6
1397470 2204.6
1397480 2198.0
1397490 2191.3
1397500 2191.3
1397510 2184.2
1397520 2179.3
1397530 2179.3
1397540 2176.0
1397550 2172.2
1397560 2164.4
1397570 2164.4
1397580 2156.1
1397590 2147.5
1397600 2147.5
1397610 2137.6
1397620 2128.6
1397630 2128.6
1397640 2121.1
1397650 2114.7
1397660 2114.7
1397670 2105.3
1397680 2094.3
1397690 2094.3
1397700 2084.0
1397710 2077.2
1397720 2077.2
1397730 2072.5
1397740 2068.5
1397750 2068.5
1397760 2065.4
1397770 2062.4
1397780 2057.5
1397790 2057.5
1397800 2052.4
1397810 2047.2
1397820 2047.2
1397830 2041.8
1397840 2036.4
1397850 2036.4
1397860 2030.9
1397870 2026.3
1397880 2026.3
1397890 2021.9
1397900 2018.5
1397910 2018.5
1397920 2015.3
1397930 2012.1
1397940 2012.1
1397950 2010.5
1397960 2009.1
1397970 2007.2
1397980 2007.2
1397990 2005.4
1398000 2003.2
1398010 2003.2
1398020 2001.8
1398030 2000.1
1398040 2000.1
1398050 1997.8
1398060 1996.5
1398070 1996.5
1398080 1994.3
1398090 1992.1
1398100 1992.1
1398110 1993.0
1398120 1990.4
1398130 1990.4
1398140 1986.9
1398150 1986.5
1398160 1986.5
1398170 1987.2
1398180 1987.9
1398190 1989.3
1398200 1989.3
1398210 1991.7
1398220 1994.3
1398230 1994.3
1398240 1996.6
1398250 1998.5
1398260 1998.5
1398270 1999.7
1398280 2000.9
1398290 2000.9
1398300 2002.2
1398310 2003.3
1398320 2003.3
1398330 2004.1
1398340 2006.6
1398350 2006.6
1398360 2009.4
1398370 2013.2
1398380 2013.2
1398390 2017.9
1398400 2023.3
1398410 2028.5
1398420 2028.5
1398430 2034.5
1398440 2041.5
1398450 2041.5
1398460 2047.8
1398470 2053.3
1398480 2053.3
1398490 2059.0
1398500 2065.0
1398510 2065.0
1398520 2071.6
1398530 2077.7
1398540 2077.7
1398550 2083.1
1398560 2087.8
1398570 2087.8
1398580 2092.3
1398590 2098.6
1398600 2098.6
1398610 2105.1
1398620 2112.8
1398630 2120.3
1398640 2120.3
1398650 2128.6
1398660 2132.5
1398670 2132.5
1398680 2137.9
1398690 2147.1
1398700 2147.1
1398710 2155.0
1398720 2163.9
1398730 2163.9
1398740 2185.5
1398750 2190.4
1398760 2190.4
1398770 2193.2
1398780 2197.2
1398790 2197.2
1398800 2201.1
1398810 2203.9
1398820 2208.1
1398830 2208.1
1398840 2211.7
1398850 2214.8
1398860 2214.8
1398870 2218.0
1398880 2222.1
1398890 2222.1
1398900 2226.3
1398910 2229.8
1398920 2229.8
1398930 2233.8
1398940 2238.8
1398950 2238.8
1398960 2244.2
1398970 2249.3
1398980 2249.3
1398990 2254.2
1399000 2258.9
1399010 2258.9
1399020 2263.3
1399030 2268.7
1399040 2274.0
1399050 2274.0
1399060 2278.7
1399070 2283.9
1399080 2283.9
1399090 2289.1
1399100 2293.6
1399110 2293.6
1399120 2298.5
1399130 2303.1
1399140 2303.1
1399150 2307.0
1399160 2310.2
1399170 2310.2
1399180 2313.3
1399190 2317.2
1399200 2317.2
1399210 2322.0
1399220 2326.9
1399230 2326.9
1399240 2331.3
1399250 2336.4
1399260 2341.3
1399270 2341.3
1399280 2343.9
1399290 2346.4
1399300 2346.4
1399310 2350.7
1399320 2356.9
1399330 2356.9
1399340 2361.8
1399350 2365.1
1399360 2365.1
1399370 2367.8
1399380 2370.8
1399390 2370.8
1399400 2375.7
1399410 2382.1
1399420 2382.1
1399430 2387.2
1399440 2391.7
1399450 2398.2
1399460 2398.2
1399470 2403.9
1399480 2408.0
1399490 2408.0
1399500 2412.7
1399510 2417.2
1399520 2417.2
1399530 2422.0
1399540 2426.8
1399550 2426.8
1399560 2432.0
1399570 2437.1
1399580 2437.1
1399590 2440.6
1399600 2442.4
1399610 2442.4
1399620 2446.1
1399630 2455.9
1399640 2455.9
1399650 2464.4
1399660 2475.3
1399670 2486.0
1399680 2486.0
1399690 2494.4
1399700 2501.0
1399710 2501.0
1399720 2508.9
1399730 2517.2
1399740 2517.2
1399750 2526.8
1399760 2526.5
1399770 2526.5
1399780 2540.4
1399790 2555.4
1399800 2555.4
1399810 2561.5
1399820 2565.4
1399830 2565.4
1399840 2569.8
1399850 2576.9
1399860 2576.9
1399870 2587.1
1399880 2597.7
1399890 2605.0
1399900 2605.0
1399910 2611.0
1399920 2618.2
1399930 2618.2
1399940 2625.2
1399950 2627.5
1399960 2627.5
1399970 2628.5
1399980 2627.3
1399990 2627.3
1380000 2976.8
1380010 2976.1
1380020 2976.1
1380030 2975.3
1380040 2966.4
1380050 2956.0
1380060 2956.0
1380070 2935.4
1380080 2922.8
1380090 2922.8
1380100 2896.0
1380110 2887.9
1380120 2887.9
1380130 2881.6
1380140 2874.6
1380150 2874.6
1380160 2864.6
1380170 2845.7
1380180 2845.7
1380190 2820.5
1380200 2804.8
1380210 2804.8
1380220 2784.4
1380230 2762.2
1380240 2755.0
1380250 2755.0
1380260 2753.5
1380270 2757.4
1380280 2757.4
1380290 2764.4
1380300 2771.1
1380310 2771.1
1380320 2764.0
1380330 2751.4
1380340 2751.4
1380350 2747.1
1380360 2744.1
1380370 2744.1
1380380 2738.8
1380390 2731.0
1380400 2731.0
1380410 2720.9
1380420 2715.2
1380430 2715.2
1380440 2710.9
1380450 2708.8
1380460 2708.9
1380470 2708.9
1380480 2708.3
1380490 2708.7
1380500 2708.7
1380510 2707.6
1380520 2705.4
1380530 2705.4
1380540 2703.5
1380550 2700.9
1380560 2700.9
1380570 2699.1
1380580 2696.2
1380590 2696.2
1380600 2692.6
1380610 2689.5
1380620 2689.5
1380630 2688.4
1380640 2688.3
1380650 2688.3
1380660 2688.3
1380670 2688.0
1380680 2687.3
1380690 2687.3
1380700 2686.2
1380710 2689.0
1380720 2689.0
1380730 2691.7
1380740 2702.3
1380750 2702.3
1380760 2715.7
1380770 2728.7
1380780 2728.7
1380790 2740.1
1380800 2750.5
1380810 2750.5
1380820 2763.5
1380830 2782.4
1380840 2782.4
1380850 2797.2
1380860 2795.6
1380870 2795.6
1380880 2790.6
1380890 2797.7
1380900 2809.7
1380910 2809.7
1380920 2814.7
1380930 2805.5
1380940 2805.5
1380950 2796.9
1380960 2786.0
1380970 2786.0
1380980 2782.5
1380990 2791.0
1381000 2791.0
1381010 2801.6
1381020 2803.4
1381030 2803.4
1381040 2796.0
1381050 2796.7
1381060 2796.7
1381070 2801.5
1381080 2785.0
1381090 2763.4
1381100 2763.4
1381110 2754.9
1381120 2753.9
1381130 2753.9
1381140 2743.0
1381150 2707.6
1381160 2707.6
1381170 2682.5
1381180 2675.5
1381190 2675.5
1381200 2672.4
1381210 2669.4
1381220 2669.4
1381230 2666.0
1381240 2662.3
1381250 2662.3
1381260 2659.5
1381270 2658.4
1381280 2658.4
1381290 2658.7
1381300 2659.6
1381310 2660.3
1381320 2658.4
1381330 2657.9
1381340 2658.1
1381350 2658.1
1381360 2659.4
1381370 2662.1
1381380 2662.1
1381390 2665.1
1381400 2665.9
1381410 2665.9
1381420 2664.1
1381430 2663.5
1381440 2663.5
1381450 2663.0
1381460 2662.6
1381470 2662.6
1381480 2663.2
1381490 2663.9
1381500 2663.9
1381510 2665.7
1381520 2667.5
1381530 2670.4
1381540 2670.4
1381550 2673.6
1381560 2678.5
1381570 2678.5
1381580 2683.2
1381590 2683.9
1381600 2683.9
1381610 2681.6
1381620 2678.9
1381630 2678.9
1381640 2676.1
1381650 2674.8
1381660 2674.8
1381670 2673.2
1381680 2670.9
1381690 2670.9
1381700 2669.9
1381710 2671.4
1381720 2675.1
1381730 2675.1
1381740 2679.9
1381750 2685.4
1381760 2685.4
1381770 2690.4
1381780 2694.8
1381790 2694.8
1381800 2696.7
1381810 2690.6
1381820 2690.6
1381830 2677.7
1381840 2667.1
1381850 2667.1
1381860 2659.6
1381870 2645.8
1381880 2645.8
1381890 2631.4
1381900 2624.1
1381910 2624.1
1381920 2618.8
1381930 2614.9
1381940 2612.3
1381950 2612.3
1381960 2607.2
1381970 2602.3
1381980 2602.3
1381990 2599.4
1382000 2597.0
1382010 2597.0
1382020 2594.7
1382030 2591.5
1382040 2591.5
1382050 2585.7
1382060 2579.4
1382070 2579.4
1382080 2575.6
1382090 2571.4
1382100 2571.4
1382110 2565.1
1382120 2557.6
1382130 2557.6
1382140 2552.0
1382150 2547.6
1382160 2543.1
1382170 2543.1
1382180 2539.4
1382190 2536.4
1382200 2536.4
1382210 2534.7
1382220 2533.5
1382230 2533.5
1382240 2532.5
1382250 2531.4
1382260 2531.4
1382270 2531.2
1382280 2531.0
1382290 2531.0
1382300 2530.4
1382310 2529.8
1382320 2529.8
1382330 2530.1
1382340 2529.0
1382350 2528.0
1382360 2528.0
1382370 2528.2
1382380 2529.0
1382390 2529.0
1382400 2530.1
1382410 2531.2
1382420 2531.2
1382430 2533.4
1382440 2538.0
1382450 2538.0
1382460 2542.3
1382470 2545.6
1382480 2545.6
1382490 2549.3
1382500 2552.1
1382510 2552.1
1382520 2552.9
1382530 2554.2
1382540 2554.2
1382550 2557.9
1382560 2556.5
1382570 2559.3
1382580 2559.3
1382590 2563.2
1382600 2567.5
1382610 2567.5
1382620 2572.3
1382630 2577.7
1382640 2577.7
1382650 2583.0
1382660 2585.7
1382670 2585.7
1382680 2586.4
1382690 2587.1
1382700 2587.1
1382710 2589.4
1382720 2590.3
1382730 2590.3
1382740 2589.6
1382750 2590.1
1382760 2590.1
1382770 2594.2
1382780 2600.9
1382790 2606.9
1382800 2606.9
1382810 2609.8
1382820 2608.6
1382830 2608.6
1382840 2608.3
1382850 2611.2
1382860 2611.2
1382870 2614.9
1382880 2618.7
1382890 2618.7
1382900 2621.4
1382910 2624.2
1382920 2624.2
1382930 2627.4
1382940 2630.7
1382950 2630.7
1382960 2632.9
1382970 2634.4
1382980 2634.4
1382990 2636.8
1383000 2640.3
1383010 2644.9
1383020 2644.9
1383030 2650.3
1383040 2656.3
1383050 2656.3
1383060 2664.2
1383070 2673.4
1383080 2673.4
1383090 2686.4
1383100 2695.3
1383110 2695.3
1383120 2699.9
1383130 2702.2
1383140 2702.2
1383150 2702.0
1383160 2698.9
1383170 2698.9
1383180 2694.9
1383190 2692.5
1383200 2692.1
1383210 2692.1
1383220 2691.0
1383230 2690.4
1383240 2690.4
1383250 2692.2
1383260 2695.2
1383270 2695.2
1383280 2699.9
1383290 2703.9
1383300 2703.9
1383310 2708.0
1383320 2713.9
1383330 2713.9
1383340 2725.2
1383350 2734.4
1383360 2734.4
1383370 2739.3
1383380 2744.2
1383390 2744.2
1383400 2748.2
1383410 2751.4
1383420 2753.4
1383430 2753.4
1383440 2752.9
1383450 2753.6
1383460 2753.6
1383470 2754.6
1383480 2751.9
1383490 2751.9
1383500 2741.9
1383510 2729.7
1383520 2729.7
1383530 2719.3
1383540 2708.6
1383550 2708.6
1383560 2702.3
1383570 2696.6
1383580 2696.6
1383590 2690.9
1383600 2685.9
1383610 2685.9
1383620 2681.4
1383630 2677.6
1383640 2676.0
1383650 2676.0
1383660 2675.3
1383670 2676.1
1383680 2676.1
1383690 2678.1
1383700 2680.0
1383710 2680.0
1383720 2681.9
1383730 2683.2
1383740 2683.2
1383750 2685.4
1383760 2688.7
1383770 2688.7
1383780 2692.2
1383790 2696.8
1383800 2696.8
1383810 2698.0
1383820 2699.1
1383830 2700.6
1383840 2700.6
1383850 2702.8
1383860 2704.9
1383870 2704.9
1383880 2706.1
1383890 2706.6
1383900 2706.6
1383910 2708.4
1383920 2711.5
1383930 2711.5
1383940 2716.2
1383950 2721.4
1383960 2721.4
1383970 2727.5
1383980 2733.9
1383990 2733.9
1384000 2741.2
1384010 2756.8
1384020 2756.8
1384030 2773.1
1384040 2755.3
1384050 2734.8
1384060 2734.8
1384070 2720.4
1384080 2708.4
1384090 2708.4
1384100 2700.0
1384110 2695.3
1384120 2695.3
1384130 2691.5
1384140 2688.1
1384150 2688.1
1384160 2684.1
1384170 2680.1
1384180 2680.1
1384190 2678.5
1384200 2678.0
1384210 2678.0
1384220 2677.5
1384230 2677.7
1384240 2677.7
1384250 2678.5
1384260 2680.3
1384270 2681.8
1384280 2681.8
1384290 2682.1
1384300 2682.0
1384310 2682.0
1384320 2682.9
1384330 2683.3
1384340 2683.3
1384350 2682.5
1384360 2680.6
1384370 2680.6
1384380 2678.1
1384390 2675.4
1384400 2675.4
1384410 2670.8
1384420 2665.3
1384430 2665.3
1384440 2661.9
1384450 2658.0
1384460 2658.0
1384470 2655.8
1384480 2655.4
1384490 2654.5
1384500 2654.5
1384510 2653.3
1384520 2652.9
1384530 2652.9
1384540 2652.3
1384550 2652.0
1384560 2652.0
1384570 2652.0
1384580 2652.2
1384590 2652.2
1384600 2652.4
1384610 2652.3
1384620 2652.3
1384630 2650.9
1384640 2650.3
1384650 2650.3
1384660 2651.2
1384670 2652.1
1384680 2650.2
1384690 2650.2
1384700 2649.2
1384710 2649.9
1384720 2649.9
1384730 2651.8
1384740 2654.4
1384750 2654.4
1384760 2658.1
1384770 2661.4
1384780 2661.4
1384790 2664.6
1384800 2668.4
1384810 2668.4
1384820 2672.6
1384830 2677.3
1384840 2677.3
1384850 2680.9
1384860 2688.1
1384870 2688.1
1384880 2700.8
1384890 2712.0
1384900 2737.8
1384910 2737.8
1384920 2768.7
1384930 2769.9
1384940 2769.9
1384950 2748.1
1384960 2745.4
1384970 2745.4
1384980 2759.5
1384990 2774.6
1385000 2774.6
1385010 2790.1
1385020 2803.7
1385030 2803.7
1385040 2816.7
1385050 2818.4
1385060 2818.4
1385070 2788.8
1385080 2777.8
1385090 2777.8
1385100 2765.0
1385110 2749.9
1385120 2735.5
1385130 2735.5
1385140 2729.7
1385150 2727.5
1385160 2727.5
1385170 2725.0
1385180 2723.1
1385190 2723.1
1385200 2724.2
1385210 2726.5
1385220 2726.5
1385230 2727.5
1385240 2727.5
1385250 2727.5
1385260 2726.7
1385270 2726.7
1385280 2726.7
1385290 2726.7
1385300 2724.9
1385310 2720.6
1385320 2720.6
1385330 2721.2
1385340 2719.6
1385350 2719.6
1385360 2719.1
1385370 2719.3
1385380 2719.3
1385390 2720.4
1385400 2722.8
1385410 2722.8
1385420 2726.1
1385430 2729.2
1385440 2729.2
1385450 2732.7
1385460 2737.1
1385470 2737.1
1385480 2742.7
1385490 2748.4
1385500 2748.4
1385510 2753.8
1385520 2758.6
1385530 2762.9
1385540 2762.9
1385550 2767.9
1385560 2773.3
1385570 2773.3
1385580 2780.9
1385590 2789.9
1385600 2789.9
1385610 2793.2
1385620 2794.5
1385630 2794.5
1385640 2796.6
1385650 2797.4
1385660 2797.4
1385670 2800.1
1385680 2804.1
1385690 2804.1
1385700 2806.9
1385710 2808.0
1385720 2808.0
1385730 2808.2
1385740 2808.8
1385750 2809.2
1385760 2809.2
1385770 2810.9
1385780 2815.1
1385790 2815.1
1385800 2822.3
1385810 2830.2
1385820 2830.2
1385830 2839.4
1385840 2842.9
1385850 2842.9
1385860 2850.3
1385870 2864.7
1385880 2864.7
1385890 2885.3
1385900 2904.2
1385910 2904.2
1385920 2924.3
1385930 2944.6
1385940 2962.0
1385950 2962.0
1385960 2982.4
1385970 3001.0
1385980 3001.0
1385990 3019.2
1386000 3023.8
1386010 3023.8
1386020 3021.7
1386030 3019.2
1386040 3019.2
1386050 3016.7
1386060 3008.7
1386070 3008.7
1386080 3001.1
1386090 3006.5
1386100 3006.5
1386110 3010.1
1386120 3007.9
1386130 3007.9
1386140 3004.0
1386150 3003.1
1386160 3001.8
1386170 3001.8
1386180 2993.8
1386190 2985.0
1386200 2985.0
1386210 2971.5
1386220 2956.7
1386230 2956.7
1386240 2946.4
1386250 2937.3
1386260 2937.3
1386270 2932.7
1386280 2926.3
1386290 2926.3
1386300 2907.3
1386310 2883.6
1386320 2883.6
1386330 2850.9
1386340 2826.1
1386350 2826.1
1386360 2797.2
1386370 2773.6
1386380 2761.4
1386390 2761.4
1386400 2753.2
1386410 2745.5
1386420 2745.5
1386430 2736.8
1386440 2729.4
1386450 2729.4
1386460 2722.9
1386470 2717.7
1386480 2717.7
1386490 2713.5
1386500 2710.6
1386510 2710.6
1386520 2707.6
1386530 2704.3
1386540 2704.3
1386550 2702.2
1386560 2700.5
1386570 2700.5
1386580 2699.0
1386590 2697.1
1386600 2693.6
1386610 2693.6
1386620 2689.5
1386630 2689.1
1386640 2689.1
1386650 2690.9
1386660 2693.4
1386670 2693.4
1386680 2694.1
1386690 2695.2
1386700 2695.2
1386710 2695.7
1386720 2695.4
1386730 2695.4
1386740 2693.6
1386750 2691.5
1386760 2691.5
1386770 2688.6
1386780 2685.9
1386790 2684.3
1386800 2684.3
1386810 2683.4
1386820 2681.5
1386830 2681.5
1386840 2679.2
1386850 2677.5
1386860 2677.5
1386870 2676.5
1386880 2676.9
1386890 2676.9
1386900 2678.7
1386910 2682.4
1386920 2682.4
1386930 2687.3
1386940 2691.6
1386950 2691.6
1386960 2692.7
1386970 2694.3
1386980 2694.3
1386990 2699.5
1387000 2706.9
1387010 2710.4
1387020 2710.4
1387030 2711.4
1387040 2716.5
1387050 2716.5
1387060 2726.2
1387070 2726.7
1387080 2726.7
1387090 2723.2
1387100 2721.9
1387110 2721.9
1387120 2723.3
1387130 2725.0
1387140 2725.0
1387150 2727.2
1387160 2730.0
1387170 2730.0
1387180 2733.8
1387190 2738.2
1387200 2738.2
1387210 2743.6
1387220 2749.6
1387230 2755.6
1387240 2755.6
1387250 2761.5
1387260 2766.8
1387270 2766.8
1387280 2771.5
1387290 2776.6
1387300 2776.6
1387310 2781.7
1387320 2786.6
1387330 2786.6
1387340 2798.4
1387350 2824.2
1387360 2824.2
1387370 2847.5
1387380 2860.5
1387390 2860.5
1387400 2871.5
1387410 2883.8
1387420 2898.6
1387430 2898.6
1387440 2910.2
1387450 2919.6
1387460 2919.6
1387470 2928.0
1387480 2937.4
1387490 2937.4
1387500 2946.1
1387510 2953.1
1387520 2953.1
1387530 2959.4
1387540 2966.1
1387550 2966.1
1387560 2974.4
1387570 2985.6
1387580 2985.6
1387590 2994.1
1387600 2999.9
1387610 2999.9
1387620 3002.7
1387630 3000.3
1387640 2992.7
1387650 2992.7
1387660 2991.8
1387670 2980.7
1387680 2980.7
1387690 2973.3
1387700 2969.4
1387710 2969.4
1387720 2964.4
1387730 2960.4
1387740 2960.4
1387750 2957.3
1387760 2954.3
1387770 2954.3
1387780 2951.4
1387790 2950.3
1387800 2950.3
1387810 2949.2
1387820 2942.9
1387830 2942.9
1387840 2931.6
1387850 2914.6
1387860 2904.1
1387870 2904.1
1387880 2897.2
1387890 2890.1
1387900 2890.1
1387910 2882.9
1387920 2876.8
1387930 2876.8
1387940 2871.0
1387950 2865.5
1387960 2865.5
1387970 2860.2
1387980 2854.3
1387990 2854.3
1388000 2849.2
1388010 2843.7
1388020 2843.7
1388030 2838.7
1388040 2834.7
1388050 2829.4
1388060 2829.4
1388070 2822.3
1388080 2816.6
1388090 2816.6
1388100 2811.0
1388110 2806.4
1388120 2806.4
1388130 2802.2
1388140 2796.4
1388150 2796.4
1388160 2791.3
1388170 2786.8
1388180 2786.8
1388190 2782.4
1388200 2779.0
1388210 2779.0
1388220 2775.7
1388230 2772.6
1388240 2772.6
1388250 2769.3
1388260 2766.0
1388270 2762.9
1388280 2762.9
1388290 2759.9
1388300 2756.2
1388310 2756.2
1388320 2753.0
1388330 2749.5
1388340 2749.5
1388350 2744.6
1388360 2739.4
1388370 2739.4
1388380 2734.0
1388390 2728.6
1388400 2728.6
1388410 2725.1
1388420 2721.8
1388430 2721.8
1388440 2718.7
1388450 2715.9
1388460 2715.9
1388470 2714.2
1388480 2712.1
1388490 2709.1
1388500 2709.1
1388510 2706.7
1388520 2703.5
1388530 2703.5
1388540 2700.6
1388550 2698.1
1388560 2698.1
1388570 2694.2
1388580 2690.3
1388590 2690.3
1388600 2685.9
1388610 2682.3
1388620 2682.3
1388630 2677.8
1388640 2673.6
1388650 2673.6
1388660 2668.0
1388670 2664.1
1388680 2664.1
1388690 2660.2
1388700 2656.0
1388710 2652.9
1388720 2652.9
1388730 2648.7
1388740 2644.1
1388750 2644.1
1388760 2637.6
1388770 2629.6
1388780 2629.6
1388790 2620.4
1388800 2609.5
1388810 2609.5
1388820 2598.1
1388830 2590.7
1388840 2590.7
1388850 2583.8
1388860 2578.0
1388870 2578.0
1388880 2571.9
1388890 2565.5
1388900 2560.2
1388910 2560.2
1388920 2554.7
1388930 2548.8
1388940 2548.8
1388950 2542.1
1388960 2536.3
1388970 2541.6
1388980 2536.1
1388990 2531.3
1389000 2531.3
1389010 2526.5
1389020 2520.7
1389030 2520.7
1389040 2512.0
1389050 2500.2
1389060 2500.2
1389070 2484.2
1389080 2476.3
1389090 2476.3
1389100 2470.8
1389110 2463.5
1389120 2452.7
1389130 2452.7
1389140 2443.6
1389150 2434.1
1389160 2434.1
1389170 2426.4
1389180 2418.2
1389190 2418.2
1389200 2409.8
1389210 2408.3
1389220 2408.3
1389230 2403.7
1389240 2394.4
1389250 2394.4
1389260 2386.8
1389270 2379.2
1389280 2379.2
1389290 2371.5
1389300 2364.1
1389310 2364.1
1389320 2352.7
1389330 2341.7
1389340 2329.9
1389350 2329.9
1389360 2313.3
1389370 2301.4
1389380 2301.4
1389390 2294.8
1389400 2297.1
1389410 2297.1
1389420 2301.0
1389430 2302.9
1389440 2302.9
1389450 2308.4
1389460 2300.2
1389470 2300.2
1389480 2289.4
1389490 2285.1
1389500 2285.1
1389510 2285.3
1389520 2286.5
1389530 2283.2
1389540 2283.2
1389550 2273.4
1389560 2263.1
1389570 2263.1
1389580 2255.7
1389590 2255.3
1389600 2255.3
1389610 2260.5
1389620 2259.6
1389630 2259.6
1389640 2258.0
1389650 2252.2
1389660 2252.2
1389670 2238.7
1389680 2226.8
1389690 2226.8
1389700 2217.0
1389710 2205.5
1389720 2205.5
1389730 2196.4
1389740 2181.5
1389750 2172.1
1389760 2172.1
1389770 2166.5
1389780 2163.0
1389790 2163.0
1389800 2157.8
1389810 2155.6
1389820 2155.6
1389830 2148.4
1389840 2137.4
1389850 2137.4
1389860 2133.0
1389870 2133.4
1389880 2133.4
1389890 2126.8
1389900 2121.5
1389910 2121.5
1389920 2119.5
1389930 2116.5
1389940 2116.5
1389950 2116.0
1389960 2115.6
1389970 2116.0
1389980 2116.0
1389990 2119.7
1390000 2123.9
1390010 2123.9
1390020 2126.6
1390030 2127.7
1390040 2127.7
1390050 2128.9
1390060 2124.3
1390070 2124.3
1390080 2117.4
1390090 2113.3
1390100 2113.3
1390110 2108.8
1390120 2106.4
1390130 2106.4
1390140 2106.6
1390150 2103.9
1390160 2096.9
1390170 2096.9
1390180 2093.2
1390190 2092.9
1390200 2092.9
1390210 2096.4
1390220 2093.2
1390230 2093.2
1390240 2085.7
1390250 2083.6
1390260 2083.6
1390270 2088.0
1390280 2095.1
1390290 2095.1
1390300 2103.9
1390310 2117.4
1390320 2117.4
1390330 2117.4
1390340 2121.5
1390350 2121.5
1390360 2125.5
1390370 2126.4
1390380 2119.7
1390390 2119.7
1390400 2117.4
1390410 2116.6
1390420 2116.6
1390430 2117.5
1390440 2117.6
1390450 2117.6
1390460 2121.9
1390470 2129.3
1390480 2129.3
1390490 2129.9
1390500 2132.9
1390510 2132.9
1390520 2137.3
1390530 2138.3
1390540 2138.3
1390550 2138.8
1390560 2139.8
1390570 2139.8
1390580 2138.6
1390590 2137.0
1390600 2133.3
1390610 2133.3
1390620 2129.6
1390630 2125.5
1390640 2125.5
1390650 2121.2
1390660 2117.6
1390670 2117.6
1390680 2110.6
1390690 2104.4
1390700 2104.4
1390710 2099.0
1390720 2094.4
1390730 2094.4
1390740 2090.1
1390750 2089.5
1390760 2089.5
1390770 2085.1
1390780 2077.1
1390790 2077.1
1390800 2071.4
1390810 2070.8
1390820 2074.9
1390830 2074.9
1390840 2077.0
1390850 2072.6
1390860 2072.6
1390870 2064.5
1390880 2055.9
1390890 2055.9
1390900 2048.0
1390910 2040.5
1390920 2040.5
1390930 2033.1
1390940 2025.4
1390950 2025.4
1390960 2017.2
1390970 2008.9
1390980 2008.9
1390990 2000.4
1391000 1991.2
1391010 1983.8
1391020 1983.8
1391030 1977.0
1391040 1970.3
1391050 1970.3
1391060 1964.4
1391070 1958.9
1391080 1958.9
1391090 1953.4
1391100 1947.8
1391110 1947.8
1391120 1942.1
1391130 1935.5
1391140 1935.5
1391150 1930.2
1391160 1926.2
1391170 1926.2
1391180 1921.3
1391190 1914.0
1391200 1914.0
1391210 1907.3
1391220 1896.8
1391230 1885.8
1391240 1885.8
1391250 1876.1
1391260 1867.6
1391270 1867.6
1391280 1852.0
1391290 1836.7
1391300 1836.7
1391310 1827.2
1391320 1818.5
1391330 1818.5
1391340 1810.8
1391350 1805.4
1391360 1805.4
1391370 1799.7
1391380 1793.8
1391390 1793.8
1391400 1788.0
1391410 1780.8
1391420 1780.8
1391430 1773.9
1391440 1776.2
1391450 1781.6
1391460 1781.6
1391470 1788.0
1391480 1794.1
1391490 1794.1
1391500 1797.2
1391510 1793.9
1391520 1793.9
1391530 1789.5
1391540 1776.5
1391550 1776.5
1391560 1768.5
1391570 1767.5
1391580 1767.5
1391590 1765.2
1391600 1755.2
1391610 1755.2
1391620 1742.4
1391630 1745.4
1391640 1744.6
1391650 1744.6
1391660 1761.2
1391670 1763.5
1391680 1763.5
1391690 1759.6
1391700 1761.8
1391710 1761.8
1391720 1770.5
1391730 1772.5
1391740 1772.5
1391750 1773.5
1391760 1770.2
1391770 1770.2
1391780 1760.1
1391790 1759.5
1391800 1759.5
1391810 1769.9
1391820 1766.5
1391830 1766.5
1391840 1762.5
1391850 1761.1
1391860 1758.2
1391870 1758.2
1391880 1756.0
1391890 1755.0
1391900 1755.0
1391910 1755.1
1391920 1751.9
1391930 1751.9
1391940 1743.7
1391950 1741.8
1391960 1741.8
1391970 1739.8
1391980 1737.8
1391990 1737.8
1392000 1738.5
1392010 1735.2
1392020 1735.2
1392030 1729.3
1392040 1729.6
1392050 1729.6
1392060 1729.1
1392070 1728.9
1392080 1728.9
1392090 1728.9
1392100 1726.5
1392110 1721.8
1392120 1721.8
1392130 1718.4
1392140 1718.7
1392150 1718.7
1392160 1717.6
1392170 1713.8
1392180 1713.8
1392190 1709.7
1392200 1706.3
1392210 1706.3
1392220 1700.2
1392230 1692.6
1392240 1692.6
1392250 1686.0
1392260 1679.4
1392270 1679.4
1392280 1673.3
1392290 1665.5
1392300 1654.1
1392310 1654.1
1392320 1643.8
1392330 1634.5
1392340 1634.5
1392350 1625.6
1392360 1616.6
1392370 1616.6
1392380 1606.9
1392390 1598.5
1392400 1598.5
1392410 1588.1
1392420 1577.4
1392430 1577.4
1392440 1563.3
1392450 1552.0
1392460 1552.0
1392470 1542.1
1392480 1532.1
1392490 1522.9
1392500 1522.9
1392510 1515.1
1392520 1507.8
1392530 1507.8
1392540 1501.4
1392550 1494.8
1392560 1494.8
1392570 1485.7
1392580 1472.3
1392590 1472.3
1392600 1458.6
1392610 1443.3
1392620 1443.3
1392630 1421.1
1392640 1407.8
1392650 1407.8
1392660 1395.2
1392670 1384.9
1392680 1384.9
1392690 1374.4
1392700 1357.7
1392710 1342.3
1392720 1342.3
1392730 1329.4
1392740 1321.0
1392750 1321.0
1392760 1313.1
1392770 1304.8
1392780 1304.8
1392790 1294.2
1392800 1281.7
1392810 1281.7
1392820 1271.4
1392830 1262.3
1392840 1262.3
1392850 1252.7
1392860 1240.4
1392870 1240.4
1392880 1225.9
1392890 1209.9
1392900 1209.9
1392910 1199.1
1392920 1190.7
1392930 1182.2
1392940 1182.2
1392950 1173.7
1392960 1165.2
1392970 1165.2
1392980 1157.1
1392990 1149.4
1393000 1149.4
1393010 1142.1
1393020 1135.7
1393030 1135.6
1393040 1129.5
1393050 1121.0
1393060 1121.0
1393070 1113.0
1393080 1110.8
1393090 1110.8
1393100 1110.8
1393110 1111.4
1393120 1112.3
1393130 1112.3
1393140 1116.6
1393150 1122.3
1393160 1122.3
1393170 1124.1
1393180 1124.5
1393190 1124.5
1393200 1125.9
1393210 1128.2
1393220 1128.2
1393230 1130.7
1393240 1132.0
1393250 1132.0
1393260 1132.7
1393270 1133.8
1393280 1133.8
1393290 1134.7
1393300 1135.4
1393310 1135.4
1393320 1136.3
1393330 1138.0
1393340 1139.8
1393350 1139.8
1393360 1141.7
1393370 1143.8
1393380 1143.8
1393390 1147.5
1393400 1150.2
1393410 1150.2
1393420 1151.0
1393430 1151.3
1393440 1151.3
1393450 1151.3
1393460 1151.5
1393470 1151.5
1393480 1154.8
1393490 1161.3
1393500 1161.3
1393510 1168.6
1393520 1176.7
1393530 1176.7
1393540 1184.4
1393550 1194.3
1393560 1208.0
1393570 1208.0
1393580 1216.1
1393590 1227.3
1393600 1227.3
1393610 1241.3
1393620 1252.9
1393630 1252.9
1393640 1264.6
1393650 1275.8
1393660 1275.8
1393670 1281.7
1393680 1288.1
1393690 1288.1
1393700 1294.3
1393710 1301.3
1393720 1301.3
1393730 1305.1
1393740 1309.4
1393750 1309.4
1393760 1315.2
1393770 1319.5
1393780 1322.3
1393790 1322.3
1393800 1327.7
1393810 1333.0
1393820 1333.0
1393830 1337.3
1393840 1342.1
1393850 1342.1
1393860 1346.5
1393870 1351.7
1393880 1351.7
1393890 1354.1
1393900 1352.8
1393910 1352.8
1393920 1349.0
1393930 1340.1
1393940 1340.1
1393950 1329.0
1393960 1321.5
1393970 1325.6
1393980 1325.6
1393990 1328.9
1394000 1332.3
1394010 1332.3
1394020 1335.5
1394030 1338.9
1394040 1338.9
1394050 1342.4
1394060 1345.4
1394070 1345.4
1394080 1348.2
1394090 1350.8
1394100 1350.8
1394110 1353.1
1394120 1357.8
1394130 1357.8
1394140 1366.4
1394150 1376.1
1394160 1376.1
1394170 1387.0
1394180 1397.1
1394190 1402.9
1394200 1402.9
1394210 1409.3
1394220 1417.4
1394230 1417.4
1394240 1423.4
1394250 1431.6
1394260 1431.6
1394270 1440.6
1394280 1450.8
1394290 1450.8
1394300 1460.1
1394310 1465.9
1394320 1465.9
1394330 1477.5
1394340 1489.4
1394350 1489.4
1394360 1498.4
1394370 1508.9
1394380 1508.9
1394390 1519.7
1394400 1528.1
1394410 1531.7
1394420 1531.7
1394430 1536.0
1394440 1541.2
1394450 1541.2
1394460 1546.6
1394470 1552.6
1394480 1552.6
1394490 1558.2
1394500 1563.6
1394510 1563.6
1394520 1569.5
1394530 1576.4
1394540 1576.4
1394550 1583.2
1394560 1589.6
1394570 1589.6
1394580 1595.5
1394590 1602.4
1394600 1609.9
1394610 1609.9
1394620 1617.4
1394630 1631.4
1394640 1631.4
1394650 1645.5
1394660 1653.8
1394670 1653.8
1394680 1662.3
1394690 1669.7
1394700 1669.7
1394710 1675.9
1394720 1682.4
1394730 1682.4
1394740 1690.1
1394750 1697.2
1394760 1697.2
1394770 1703.7
1394780 1711.1
1394790 1711.1
1394800 1718.8
1394810 1727.0
1394820 1735.7
1394830 1735.7
1394840 1746.0
1394850 1756.3
1394860 1756.3
1394870 1765.8
1394880 1777.2
1394890 1777.2
1394900 1794.6
1394910 1808.9
1394920 1808.9
1394930 1816.6
1394940 1823.2
1394950 1823.2
1394960 1831.8
1394970 1841.1
1394980 1841.1
1394990 1848.4
1395000 1857.2
1395010 1857.2
1395020 1866.8
1395030 1875.6
1395040 1883.2
1395050 1883.2
1395060 1889.1
1395070 1895.3
1395080 1895.3
1395090 1900.6
1395100 1906.3
1395110 1906.3
1395120 1911.7
1395130 1916.1
1395140 1916.1
1395150 1919.4
1395160 1922.4
1395170 1922.4
1395180 1926.3
1395190 1931.4
1395200 1931.4
1395210 1937.1
1395220 1941.1
1395230 1945.0
1395240 1945.0
1395250 1948.3
1395260 1950.6
1395270 1950.6
1395280 1952.7
1395290 1954.8
1395300 1954.8
1395310 1957.2
1395320 1959.1
1395330 1959.1
1395340 1961.4
1395350 1964.6
1395360 1964.6
1395370 1968.7
1395380 1972.8
1395390 1972.8
1395400 1977.6
1395410 1982.8
1395420 1982.8
1395430 1986.9
1395440 1991.8
1395450 1994.9
1395460 1994.9
1395470 1997.7
1395480 2001.3
1395490 2001.3
1395500 2004.4
1395510 2007.7
1395520 2007.7
1395530 2011.4
1395540 2014.5
1395550 2014.5
1395560 2017.6
1395570 2021.1
1395580 2021.1
1395590 2023.8
1395600 2026.6
1395610 2026.6
1395620 2029.1
1395630 2031.7
1395640 2031.7
1395650 2034.6
1395660 2037.2
1395670 2038.2
1395680 2038.2
1395690 2039.5
1395700 2041.5
1395710 2041.5
1395720 2043.4
1395730 2046.6
1395740 2046.6
1395750 2051.4
1395760 2055.8
1395770 2055.8
1395780 2060.2
1395790 2064.6
1395800 2064.6
1395810 2069.2
1395820 2073.9
1395830 2073.9
1395840 2081.3
1395850 2087.2
1395860 2087.2
1395870 2091.4
1395880 2095.4
1395890 2100.6
1395900 2100.6
1395910 2104.7
1395920 2108.7
1395930 2108.7
1395940 2113.7
1395950 2117.7
1395960 2117.7
1395970 2122.0
1395980 2125.6
1395990 2125.6
1396000 2128.7
1396010 2131.5
1396020 2131.5
1396030 2134.1
1396040 2136.7
1396050 2136.7
1396060 2140.2
1396070 2143.8
1396080 2146.7
1396090 2146.7
1396100 2149.4
1396110 2153.1
1396120 2153.1
1396130 2157.0
1396140 2161.0
1396150 2161.0
1396160 2165.5
1396170 2170.7
1396180 2170.7
1396190 2176.2
1396200 2182.0
1396210 2182.0
1396220 2188.0
1396230 2193.5
1396240 2193.5
1396250 2199.1
1396260 2205.3
1396270 2205.3
1396280 2211.8
1396290 2218.3
1396300 2225.2
1396310 2225.2
1396320 2232.2
1396330 2239.5
1396340 2239.5
1396350 2247.3
1396360 2254.9
1396370 2254.9
1396380 2261.1
1396390 2268.4
1396400 2268.4
1396410 2275.8
1396420 2282.9
1396430 2282.9
1396440 2289.5
1396450 2294.9
1396460 2294.9
1396470 2300.4
1396480 2306.9
1396490 2306.9
1396500 2312.8
1396510 2318.4
1396520 2324.7
1396530 2324.7
1396540 2330.9
1396550 2336.3
1396560 2336.3
1396570 2341.6
1396580 2347.1
1396590 2347.1
1396600 2353.0
1396610 2359.2
1396620 2359.2
1396630 2367.8
1396640 2377.9
1396650 2377.9
1396660 2384.9
1396670 2390.9
1396680 2390.9
1396690 2397.0
1396700 2402.7
1396710 2408.2
1396720 2408.2
1396730 2414.5
1396740 2422.0
1396750 2422.0
1396760 2428.3
1396770 2433.0
1396780 2433.0
1396790 2438.7
1396800 2445.7
1396810 2445.7
1396820 2451.6
1396830 2456.5
1396840 2456.5
1396850 2461.6
1396860 2467.6
1396870 2467.6
1396880 2471.8
1396890 2474.9
1396900 2474.9
1396910 2477.7
1396920 2480.1
1396930 2480.4
1396940 2480.4
1396950 2476.2
1396960 2461.0
1396970 2461.0
1396980 2433.0
1396990 2415.9
1397000 2415.9
1397010 2407.2
1397020 2402.8
1397030 2402.8
1397040 2399.6
1397050 2396.9
1397060 2396.9
1397070 2395.0
1397080 2391.0
1397090 2391.0
1397100 2378.0
1397110 2364.4
1397120 2364.4
1397130 2360.8
1397140 2359.9
1397150 2356.8
1397160 2356.8
1397170 2353.2
1397180 2350.2
1397190 2350.2
1397200 2349.4
1397210 2347.8
1397220 2347.8
1397230 2346.1
1397240 2343.7
1397250 2343.7
1397260 2337.1
1397270 2328.1
1397280 2323.0
1397290 2315.2
1397300 2306.8
1397310 2306.8
1397320 2293.6
1397330 2280.9
1397340 2269.8
1397350 2269.8
1397360 2257.6
1397370 2247.5
1397380 2247.5
1397390 2243.1
1397400 2238.9
1397410 2238.9
1397420 2228.5
1397430 2218.5
1397440 2218.5
1397450 2211.4
1397460 2204.6
1397470 2204.6
1397480 2198.0
1397490 2191.3
1397500 2191.3
1397510 2184.2
1397520 2179.3
1397530 2179.3
1397540 2176.0
1397550 2172.2
1397560 2164.4
1397570 2164.4
1397580 2156.1
1397590 2147.5
1397600 2147.5
1397610 2137.6
1397620 2128.6
1397630 2128.6
1397640 2121.1
1397650 2114.7
1397660 2114.7
1397670 2105.3
1397680 2094.3
1397690 2094.3
1397700 2084.0
1397710 2077.2
1397720 2077.2
1397730 2072.5
1397740 2068.5
1397750 2068.5
1397760 2065.4
1397770 2062.4
1397780 2057.5
1397790 2057.5
1397800 2052.4
1397810 2047.2
1397820 2047.2
1397830 2041.8
1397840 2036.4
1397850 2036.4
1397860 2030.9
1397870 2026.3
1397880 2026.3
1397890 2021.9
1397900 2018.5
1397910 2018.5
1397920 2015.3
1397930 2012.1
1397940 2012.1
1397950 2010.5
1397960 2009.1
1397970 2007.2
1397980 2007.2
1397990 2005.4
1398000 2003.2
1398010 2003.2
1398020 2001.8
1398030 2000.1
1398040 2000.1
1398050 1997.8
1398060 1996.5
1398070 1996.5
1398080 1994.3
1398090 1992.1
1398100 1992.1
1398110 1993.0
1398120 1990.4
1398130 1990.4
1398140 1986.9
1398150 1986.5
1398160 1986.5
1398170 1987.2
1398180 1987.9
1398190 1989.3
1398200 1989.3
1398210 1991.7
1398220 1994.3
1398230 1994.3
1398240 1996.6
1398250 1998.5
1398260 1998.5
1398270 1999.7
1398280 2000.9
1398290 2000.9
1398300 2002.2
1398310 2003.3
1398320 2003.3
1398330 2004.1
1398340 2006.6
1398350 2006.6
1398360 2009.4
1398370 2013.2
1398380 2013.2
1398390 2017.9
1398400 2023.3
1398410 2028.5
1398420 2028.5
1398430 2034.5
1398440 2041.5
1398450 2041.5
1398460 2047.8
1398470 2053.3
1398480 2053.3
1398490 2059.0
1398500 2065.0
1398510 2065.0
1398520 2071.6
1398530 2077.7
1398540 2077.7
1398550 2083.1
1398560 2087.8
1398570 2087.8
1398580 2092.3
1398590 2098.6
1398600 2098.6
1398610 2105.1
1398620 2112.8
1398630 2120.3
1398640 2120.3
1398650 2128.6
1398660 2132.5
1398670 2132.5
1398680 2137.9
1398690 2147.1
1398700 2147.1
1398710 2155.0
1398720 2163.9
1398730 2163.9
1398740 2185.5
1398750 2190.4
1398760 2190.4
1398770 2193.2
1398780 2197.2
1398790 2197.2
1398800 2201.1
1398810 2203.9
1398820 2208.1
1398830 2208.1
1398840 2211.7
1398850 2214.8
1398860 2214.8
1398870 2218.0
1398880 2222.1
1398890 2222.1
1398900 2226.3
1398910 2229.8
1398920 2229.8
1398930 2233.8
1398940 2238.8
1398950 2238.8
1398960 2244.2
1398970 2249.3
1398980 2249.3
1398990 2254.2
1399000 2258.9
1399010 2258.9
1399020 2263.3
1399030 2268.7
1399040 2274.0
1399050 2274.0
1399060 2278.7
1399070 2283.9
1399080 2283.9
1399090 2289.1
1399100 2293.6
1399110 2293.6
1399120 2298.5
1399130 2303.1
1399140 2303.1
1399150 2307.0
1399160 2310.2
1399170 2310.2
1399180 2313.3
1399190 2317.2
1399200 2317.2
1399210 2322.0
1399220 2326.9
1399230 2326.9
1399240 2331.3
1399250 2336.4
1399260 2341.3
1399270 2341.3
1399280 2343.9
1399290 2346.4
1399300 2346.4
1399310 2350.7
1399320 2356.9
1399330 2356.9
1399340 2361.8
1399350 2365.1
1399360 2365.1
1399370 2367.8
1399380 2370.8
1399390 2370.8
1399400 2375.7
1399410 2382.1
1399420 2382.1
1399430 2387.2
1399440 2391.7
1399450 2398.2
1399460 2398.2
1399470 2403.9
1399480 2408.0
1399490 2408.0
1399500 2412.7
1399510 2417.2
1399520 2417.2
1399530 2422.0
1399540 2426.8
1399550 2426.8
1399560 2432.0
1399570 2437.1
1399580 2437.1
1399590 2440.6
1399600 2442.4
1399610 2442.4
1399620 2446.1
1399630 2455.9
1399640 2455.9
1399650 2464.4
1399660 2475.3
1399670 2486.0
1399680 2486.0
1399690 2494.4
1399700 2501.0
1399710 2501.0
1399720 2508.9
1399730 2517.2
1399740 2517.2
1399750 2526.8
1399760 2526.5
1399770 2526.5
1399780 2540.4
1399790 2555.4
1399800 2555.4
1399810 2561.5
1399820 2565.4
1399830 2565.4
1399840 2569.8
1399850 2576.9
1399860 2576.9
1399870 2587.1
1399880 2597.7
1399890 2605.0
1399900 2605.0
1399910 2611.0
1399920 2618.2
1399930 2618.2
1399940 2625.2
1399950 2627.5
1399960 2627.5
1399970 2628.5
1399980 2627.3
1399990 2627.3
