1380000 2990.0
1380010 2990.0
1380020 2994.8
1380030 2999.0
1380040 2999.0
1380050 3004.4
1380060 3010.8
1380070 3010.8
1380080 3016.3
1380090 3022.8
1380100 3029.2
1380110 3029.2
1380120 3035.2
1380130 3044.6
1380140 3044.6
1380150 3053.3
1380160 3056.4
1380170 3056.4
1380180 3064.3
1380190 3079.4
1380200 3079.4
1380210 3091.1
1380220 3104.4
1380230 3104.4
1380240 3117.0
1380250 3122.4
1380260 3122.4
1380270 3126.6
1380280 3131.3
1380290 3131.3
1380300 3135.7
1380310 3140.8
1380320 3148.0
1380330 3148.0
1380340 3154.4
1380350 3159.8
1380360 3159.8
1380370 3165.2
1380380 3156.9
1380390 3156.9
1380400 3146.0
1380410 3133.4
1380420 3133.4
1380430 3122.0
1380440 3111.7
1380450 3111.7
1380460 3103.5
1380470 3098.9
1380480 3098.9
1380490 3096.0
1380500 3090.5
1380510 3090.5
1380520 3084.3
1380530 3079.4
1380540 3076.3
1380550 3076.3
1380560 3075.3
1380570 3075.8
1380580 3075.8
1380590 3076.5
1380600 3076.8
1380610 3076.8
1380620 3077.2
1380630 3078.7
1380640 3078.7
1380650 3081.4
1380660 3084.9
1380670 3084.9
1380680 3088.7
1380690 3095.1
1380700 3095.1
1380710 3127.2
1380720 3148.6
1380730 3148.6
1380740 3154.3
1380750 3161.0
1380760 3169.4
1380770 3169.4
1380780 3175.5
1380790 3181.9
1380800 3181.9
1380810 3198.1
1380820 3214.7
1380830 3214.7
1380840 3219.1
1380850 3223.1
1380860 3223.1
1380870 3233.2
1380880 3245.1
1380890 3245.1
1380900 3251.7
1380910 3254.1
1380920 3254.1
1380930 3257.9
1380940 3260.8
1380950 3260.8
1380960 3261.9
1380970 3261.8
1380980 3260.9
1380990 3260.9
1381000 3256.6
1381010 3248.7
1381020 3248.7
1381030 3228.6
1381040 3206.3
1381050 3206.3
1381060 3185.9
1381070 3170.7
1381080 3170.7
1381090 3157.0
1381100 3136.8
1381110 3136.8
1381120 3115.1
1381130 3098.0
1381140 3098.0
1381150 3084.0
1381160 3073.7
1381170 3065.5
1381180 3065.5
1381190 3058.2
1381200 3050.3
1381210 3050.3
1381220 3029.4
1381230 3017.7
1381240 3017.7
1381250 3007.7
1381260 3002.6
1381270 3002.6
1381280 2999.4
1381290 2996.6
1381300 2996.6
1381310 2994.5
1381320 2992.1
1381330 2992.1
1381340 2989.6
1381350 2987.5
1381360 2987.5
1381370 2985.9
1381380 2984.7
1381390 2982.7
1381400 2982.7
1381410 2981.2
1381420 2980.2
1381430 2980.2
1381440 2979.8
1381450 2980.8
1381460 2980.8
1381470 2983.3
1381480 2988.7
1381490 2988.7
1381500 2994.8
1381510 3002.1
1381520 3002.1
1381530 3014.8
1381540 3022.4
1381550 3022.4
1381560 3029.6
1381570 3037.9
1381580 3037.9
1381590 3029.2
1381600 3015.3
1381610 2995.1
1381620 2995.1
1381630 2979.8
1381640 2967.6
1381650 2967.6
1381660 2955.6
1381670 2933.1
1381680 2933.1
1381690 2902.5
1381700 2887.0
1381710 2887.0
1381720 2880.0
1381730 2873.4
1381740 2873.4
1381750 2866.8
1381760 2861.3
1381770 2861.3
1381780 2856.9
1381790 2853.1
1381800 2853.1
1381810 2850.5
1381820 2847.8
1381830 2844.3
1381840 2844.3
1381850 2840.6
1381860 2838.0
1381870 2838.0
1381880 2837.0
1381890 2836.6
1381900 2836.6
1381910 2836.4
1381920 2836.3
1381930 2836.3
1381940 2836.7
1381950 2837.6
1381960 2837.6
1381970 2838.2
1381980 2838.7
1381990 2838.7
1382000 2837.4
1382010 2835.0
1382020 2835.0
1382030 2831.4
1382040 2825.3
1382050 2818.6
1382060 2818.6
1382070 2811.6
1382080 2803.3
1382090 2803.3
1382100 2794.7
1382110 2787.5
1382120 2787.5
1382130 2781.0
1382140 2775.1
1382150 2775.1
1382160 2769.9
1382170 2765.2
1382180 2765.2
1382190 2761.7
1382200 2758.8
1382210 2758.8
1382220 2756.4
1382230 2754.4
1382240 2754.4
1382250 2752.3
1382260 2750.7
1382270 2749.4
1382280 2749.4
1382290 2747.5
1382300 2745.2
1382310 2745.2
1382320 2743.2
1382330 2741.5
1382340 2741.5
1382350 2740.1
1382360 2738.0
1382370 2738.0
1382380 2735.2
1382390 2733.1
1382400 2733.1
1382410 2731.7
1382420 2729.8
1382430 2729.8
1382440 2727.1
1382450 2724.7
1382460 2723.6
1382470 2723.6
1382480 2723.3
1382490 2721.7
1382500 2721.7
1382510 2720.0
1382520 2718.2
1382530 2718.2
1382540 2716.1
1382550 2715.4
1382560 2715.4
1382570 2715.6
1382580 2715.6
1382590 2715.6
1382600 2715.3
1382610 2714.3
1382620 2714.3
1382630 2713.2
1382640 2712.6
1382650 2712.6
1382660 2712.3
1382670 2712.0
1382680 2711.3
1382690 2711.3
1382700 2710.4
1382710 2709.6
1382720 2709.6
1382730 2708.8
1382740 2708.3
1382750 2708.3
1382760 2707.8
1382770 2707.5
1382780 2707.5
1382790 2707.3
1382800 2707.1
1382810 2707.1
1382820 2707.0
1382830 2707.0
1382840 2706.1
1382850 2705.2
1382860 2703.9
1382870 2703.9
1382880 2702.1
1382890 2699.8
1382900 2697.3
1382910 2697.3
1382920 2694.5
1382930 2691.8
1382940 2691.8
1382950 2689.4
1382960 2687.7
1382970 2687.7
1382980 2686.8
1382990 2686.1
1383000 2686.1
1383010 2685.4
1383020 2684.7
1383030 2684.7
1383040 2684.1
1383050 2683.5
1383060 2683.5
1383070 2682.7
1383080 2682.0
1383090 2682.0
1383100 2681.1
1383110 2680.3
1383120 2679.5
1383130 2679.5
1383140 2678.7
1383150 2678.1
1383160 2678.1
1383170 2677.5
1383180 2676.6
1383190 2676.6
1383200 2675.3
1383210 2673.9
1383220 2673.9
1383230 2672.3
1383240 2670.5
1383250 2670.5
1383260 2668.6
1383270 2667.1
1383280 2667.1
1383290 2665.6
1383300 2663.7
1383310 2663.7
1383320 2659.4
1383330 2653.9
1383340 2647.7
1383350 2647.7
1383360 2642.3
1383370 2638.9
1383380 2638.9
1383390 2636.1
1383400 2633.1
1383410 2633.1
1383420 2629.6
1383430 2625.0
1383440 2625.0
1383450 2619.9
1383460 2614.9
1383470 2614.9
1383480 2609.9
1383490 2605.2
1383500 2605.2
1383510 2600.9
1383520 2596.7
1383530 2592.3
1383540 2592.3
1383550 2588.0
1383560 2583.8
1383570 2583.8
1383580 2579.8
1383590 2575.6
1383600 2575.6
1383610 2571.2
1383620 2566.8
1383630 2566.8
1383640 2562.7
1383650 2558.4
1383660 2558.4
1383670 2554.6
1383680 2551.1
1383690 2551.1
1383700 2547.5
1383710 2544.7
1383720 2544.7
1383730 2543.7
1383740 2544.7
1383750 2545.4
1383760 2545.4
1383770 2546.5
1383780 2547.3
1383790 2547.3
1383800 2547.8
1383810 2548.3
1383820 2548.3
1383830 2548.5
1383840 2548.7
1383850 2548.7
1383860 2550.5
1383870 2554.7
1383880 2554.7
1383890 2559.2
1383900 2562.7
1383910 2562.7
1383920 2566.0
1383930 2568.6
1383940 2568.6
1383950 2570.4
1383960 2569.0
1383970 2565.1
1383980 2565.1
1383990 2563.2
1384000 2562.6
1384010 2562.6
1384020 2563.3
1384030 2565.1
1384040 2565.1
1384050 2567.1
1384060 2569.8
1384070 2569.8
1384080 2572.2
1384090 2570.8
1384100 2570.8
1384110 2573.4
1384120 2576.3
1384130 2576.3
1384140 2580.9
1384150 2585.6
1384160 2585.6
1384170 2590.5
1384180 2595.2
1384190 2599.6
1384200 2599.6
1384210 2605.1
1384220 2610.4
1384230 2610.4
1384240 2615.8
1384250 2621.6
1384260 2621.6
1384270 2627.4
1384280 2633.5
1384290 2633.5
1384300 2640.7
1384310 2648.6
1384320 2648.6
1384330 2656.9
1384340 2665.3
1384350 2665.3
1384360 2674.4
1384370 2684.1
1384380 2684.1
1384390 2693.1
1384400 2698.6
1384410 2693.5
1384420 2693.5
1384430 2683.3
1384440 2665.6
1384450 2665.6
1384460 2653.7
1384470 2645.1
1384480 2645.1
1384490 2638.1
1384500 2633.2
1384510 2633.2
1384520 2629.0
1384530 2623.0
1384540 2623.0
1384550 2616.6
1384560 2611.8
1384570 2611.8
1384580 2607.3
1384590 2602.1
1384600 2596.9
1384610 2596.9
1384620 2591.1
1384630 2585.6
1384640 2585.6
1384650 2577.7
1384660 2567.8
1384670 2567.8
1384680 2561.7
1384690 2557.3
1384700 2557.3
1384710 2553.0
1384720 2548.6
1384730 2548.6
1384740 2543.8
1384750 2538.8
1384760 2538.8
1384770 2533.6
1384780 2527.7
1384790 2527.7
1384800 2522.0
1384810 2516.9
1384820 2511.8
1384830 2511.8
1384840 2506.6
1384850 2501.4
1384860 2501.4
1384870 2495.9
1384880 2490.3
1384890 2490.3
1384900 2484.6
1384910 2478.8
1384920 2478.8
1384930 2472.8
1384940 2466.5
1384950 2466.5
1384960 2459.8
1384970 2454.1
1384980 2454.1
1384990 2448.3
1385000 2442.1
1385010 2442.1
1385020 2435.6
1385030 2428.9
1385040 2422.5
1385050 2422.5
1385060 2416.5
1385070 2410.5
1385080 2410.5
1385090 2404.6
1385100 2398.8
1385110 2398.8
1385120 2393.0
1385130 2387.2
1385140 2387.2
1385150 2381.6
1385160 2376.7
1385170 2376.7
1385180 2371.9
1385190 2367.6
1385200 2367.6
1385210 2363.8
1385220 2359.9
1385230 2359.9
1385240 2355.8
1385250 2351.8
1385260 2347.7
1385270 2347.7
1385280 2343.2
1385290 2338.7
1385300 2338.7
1385310 2335.1
1385320 2329.8
1385330 2329.8
1385340 2322.6
1385350 2315.8
1385360 2320.5
1385370 2312.8
1385380 2305.2
1385390 2305.2
1385400 2298.0
1385410 2292.1
1385420 2292.1
1385430 2286.7
1385440 2281.2
1385450 2281.2
1385460 2276.5
1385470 2271.3
1385480 2265.0
1385490 2265.0
1385500 2258.8
1385510 2252.5
1385520 2252.5
1385530 2247.0
1385540 2241.3
1385550 2241.3
1385560 2236.1
1385570 2231.9
1385580 2231.9
1385590 2225.2
1385600 2217.1
1385610 2217.1
1385620 2208.9
1385630 2200.0
1385640 2200.0
1385650 2191.8
1385660 2185.7
1385670 2185.7
1385680 2180.4
1385690 2177.1
1385700 2174.1
1385710 2174.1
1385720 2170.0
1385730 2166.4
1385740 2166.4
1385750 2165.6
1385760 2160.4
1385770 2160.4
1385780 2153.1
1385790 2142.3
1385800 2142.3
1385810 2133.1
1385820 2125.3
1385830 2125.3
1385840 2117.6
1385850 2111.1
1385860 2111.1
1385870 2106.7
1385880 2105.6
1385890 2102.8
1385900 2102.8
1385910 2096.2
1385920 2089.4
1385930 2089.4
1385940 2081.5
1385950 2072.4
1385960 2072.4
1385970 2063.9
1385980 2052.8
1385990 2052.8
1386000 2043.0
1386010 2034.3
1386020 2034.3
1386030 2026.5
1386040 2022.1
1386050 2022.1
1386060 2016.5
1386070 2007.6
1386080 2007.6
1386090 1999.8
1386100 1992.9
1386110 1986.5
1386120 1986.5
1386130 1980.9
1386140 1973.8
1386150 1973.8
1386160 1966.0
1386170 1959.9
1386180 1959.9
1386190 1956.6
1386200 1951.8
1386210 1951.8
1386220 1945.4
1386230 1938.7
1386240 1938.7
1386250 1932.2
1386260 1926.1
1386270 1926.1
1386280 1920.6
1386290 1915.8
1386300 1915.8
1386310 1911.1
1386320 1906.2
1386330 1900.7
1386340 1900.7
1386350 1894.7
1386360 1890.1
1386370 1890.1
1386380 1886.4
1386390 1882.7
1386400 1882.7
1386410 1878.9
1386420 1874.1
1386430 1874.1
1386440 1869.3
1386450 1865.2
1386460 1865.2
1386470 1859.7
1386480 1855.5
1386490 1855.5
1386500 1855.7
1386510 1858.0
1386520 1858.0
1386530 1857.6
1386540 1857.6
1386550 1857.6
1386560 1857.6
1386570 1857.2
1386580 1857.0
1386590 1857.0
1386600 1857.0
1386610 1856.8
1386620 1856.8
1386630 1856.5
1386640 1855.8
1386650 1855.1
1386660 1854.6
1386670 1853.6
1386680 1853.6
1386690 1853.3
1386700 1853.4
1386710 1853.4
1386720 1852.9
1386730 1853.1
1386740 1853.1
1386750 1852.9
1386760 1853.3
1386770 1854.1
1386780 1854.1
1386790 1854.8
1386800 1856.4
1386810 1856.4
1386820 1857.9
1386830 1860.1
1386840 1860.1
1386850 1862.0
1386860 1865.0
1386870 1865.0
1386880 1867.8
1386890 1871.8
1386900 1871.8
1386910 1875.8
1386920 1879.7
1386930 1879.7
1386940 1884.0
1386950 1889.7
1386960 1895.1
1386970 1895.1
1386980 1900.8
1386990 1906.7
1387000 1906.7
1387010 1912.2
1387020 1916.7
1387030 1916.7
1387040 1921.0
1387050 1925.7
1387060 1925.7
1387070 1930.6
1387080 1935.9
1387090 1935.9
1387100 1940.9
1387110 1946.5
1387120 1946.5
1387130 1953.0
1387140 1958.6
1387150 1958.6
1387160 1964.4
1387170 1971.2
1387180 1979.0
1387190 1979.0
1387200 1986.9
1387210 1994.6
1387220 1994.6
1387230 2001.4
1387240 2007.3
1387250 2007.3
1387260 2013.1
1387270 2018.0
1387280 2018.0
1387290 2023.4
1387300 2026.0
1387310 2026.0
1387320 2025.4
1387330 2027.0
1387340 2027.0
1387350 2031.8
1387360 2036.0
1387370 2036.0
1387380 2039.4
1387390 2043.6
1387400 2045.0
1387410 2045.0
1387420 2047.6
1387430 2052.2
1387440 2052.2
1387450 2054.1
1387460 2051.1
1387470 2051.1
1387480 2048.8
1387490 2047.4
1387500 2047.4
1387510 2047.2
1387520 2047.0
1387530 2047.0
1387540 2048.4
1387550 2052.6
1387560 2052.6
1387570 2056.8
1387580 2061.5
1387590 2061.5
1387600 2065.5
1387610 2068.0
1387620 2069.5
1387630 2069.5
1387640 2071.2
1387650 2073.5
1387660 2073.5
1387670 2075.9
1387680 2078.5
1387690 2078.5
1387700 2079.8
1387710 2080.5
1387720 2080.5
1387730 2081.6
1387740 2081.9
1387750 2081.9
1387760 2081.0
1387770 2079.6
1387780 2079.6
1387790 2077.9
1387800 2076.5
1387810 2076.5
1387820 2075.2
1387830 2074.0
1387840 2073.0
1387850 2073.0
1387860 2072.0
1387870 2071.4
1387880 2071.4
1387890 2070.9
1387900 2071.1
1387910 2071.1
1387920 2071.3
1387930 2070.6
1387940 2070.6
1387950 2068.9
1387960 2059.6
1387970 2059.6
1387980 2056.1
1387990 2054.4
1388000 2054.4
1388010 2053.1
1388020 2051.6
1388030 2050.0
1388040 2050.0
1388050 2050.0
1388060 2051.2
1388070 2051.2
1388080 2055.1
1388090 2059.7
1388100 2059.7
1388110 2063.1
1388120 2065.5
1388130 2065.5
1388140 2069.6
1388150 2072.8
1388160 2072.8
1388170 2074.2
1388180 2075.2
1388190 2075.2
1388200 2074.9
1388210 2073.8
1388220 2073.8
1388230 2075.0
1388240 2079.8
1388250 2084.7
1388260 2084.7
1388270 2087.4
1388280 2087.9
1388290 2087.9
1388300 2087.3
1388310 2086.2
1388320 2086.2
1388330 2083.6
1388340 2081.5
1388350 2081.5
1388360 2079.6
1388370 2077.9
1388380 2077.9
1388390 2076.8
1388400 2075.7
1388410 2075.7
1388420 2074.5
1388430 2072.5
1388440 2072.5
1388450 2070.5
1388460 2068.9
1388470 2068.4
1388480 2068.4
1388490 2068.5
1388500 2067.2
1388510 2067.2
1388520 2065.1
1388530 2062.9
1388540 2062.9
1388550 2061.5
1388560 2060.1
1388570 2060.1
1388580 2058.5
1388590 2056.9
1388600 2056.9
1388610 2054.4
1388620 2052.0
1388630 2052.0
1388640 2050.1
1388650 2048.8
1388660 2048.8
1388670 2047.4
1388680 2045.2
1388690 2042.4
1388700 2042.4
1388710 2039.0
1388720 2036.6
1388730 2036.6
1388740 2033.6
1388750 2028.5
1388760 2028.5
1388770 2021.3
1388780 2016.1
1388790 2016.1
1388800 2012.7
1388810 2009.8
1388820 2009.8
1388830 2006.4
1388840 2002.8
1388850 2002.8
1388860 1999.1
1388870 1995.7
1388880 1995.7
1388890 1993.2
1388900 1991.9
1388910 1991.1
1388920 1991.1
1388930 1989.9
1388940 1988.5
1388950 1988.5
1388960 1986.4
1388970 1984.6
1388980 1984.6
1388990 1983.1
1389000 1980.8
1389010 1980.8
1389020 1978.8
1389030 1976.3
1389040 1976.3
1389050 1973.8
1389060 1971.4
1389070 1971.4
1389080 1969.3
1389090 1967.1
1389100 1964.6
1389110 1964.6
1389120 1961.8
1389130 1959.0
1389140 1959.0
1389150 1956.3
1389160 1954.6
1389170 1954.6
1389180 1955.1
1389190 1955.6
1389200 1955.6
1389210 1955.7
1389220 1956.7
1389230 1956.7
1389240 1957.8
1389250 1958.5
1389260 1958.5
1389270 1959.1
1389280 1952.2
1389290 1952.2
1389300 1950.7
1389310 1947.7
1389320 1942.0
1389330 1942.0
1389340 1934.3
1389350 1924.3
1389360 1924.3
1389370 1915.3
1389380 1906.9
1389390 1906.9
1389400 1899.7
1389410 1893.3
1389420 1893.3
1389430 1887.9
1389440 1882.9
1389450 1882.9
1389460 1878.7
1389470 1874.6
1389480 1874.6
1389490 1870.2
1389500 1866.3
1389510 1866.3
1389520 1863.7
1389530 1861.5
1389540 1859.6
1389550 1859.6
1389560 1857.7
1389570 1854.2
1389580 1854.2
1389590 1850.1
1389600 1845.9
1389610 1845.9
1389620 1841.5
1389630 1837.6
1389640 1837.6
1389650 1834.3
1389660 1832.3
1389670 1832.3
1389680 1831.1
1389690 1831.1
1389700 1831.1
1389710 1831.4
1389720 1830.5
1389730 1830.5
1389740 1828.2
1389750 1821.7
1389760 1809.3
1389770 1809.3
1389780 1797.7
1389790 1788.6
1389800 1788.6
1389810 1781.9
1389820 1775.1
1389830 1775.1
1389840 1769.5
1389850 1765.6
1389860 1765.6
1389870 1760.9
1389880 1758.6
1389890 1758.6
1389900 1756.6
1389910 1753.5
1389920 1753.5
1389930 1753.1
1389940 1754.6
1389950 1754.6
1389960 1754.5
1389970 1756.4
1389980 1758.9
1389990 1758.9
1390000 1760.7
1390010 1762.8
1390020 1762.8
1390030 1764.4
1390040 1766.7
1390050 1766.7
1390060 1769.1
1390070 1771.0
1390080 1771.0
1390090 1772.9
1390100 1774.5
1390110 1774.5
1390120 1775.2
1390130 1775.5
1390140 1775.5
1390150 1775.4
1390160 1776.2
1390170 1776.2
1390180 1775.2
1390190 1774.5
1390200 1776.2
1390210 1776.2
1390220 1776.9
1390230 1777.4
1390240 1777.4
1390250 1778.0
1390260 1777.7
1390270 1777.7
1390280 1775.7
1390290 1772.5
1390300 1772.5
1390310 1768.8
1390320 1766.0
1390330 1766.0
1390340 1764.7
1390350 1763.9
1390360 1763.9
1390370 1762.4
1390380 1761.2
1390390 1761.1
1390400 1761.1
1390410 1762.3
1390420 1762.7
1390430 1762.7
1390440 1763.9
1390450 1765.9
1390460 1765.9
1390470 1767.8
1390480 1768.6
1390490 1768.6
1390500 1769.0
1390510 1771.4
1390520 1771.4
1390530 1774.9
1390540 1780.7
1390550 1780.7
1390560 1784.0
1390570 1786.7
1390580 1786.7
1390590 1788.6
1390600 1790.3
1390610 1792.1
1390620 1788.1
1390630 1789.2
1390640 1791.2
1390650 1791.2
1390660 1794.4
1390670 1797.3
1390680 1797.3
1390690 1799.2
1390700 1800.1
1390710 1800.1
1390720 1801.3
1390730 1803.2
1390740 1803.2
1390750 1804.9
1390760 1806.0
1390770 1806.0
1390780 1808.4
1390790 1811.9
1390800 1811.9
1390810 1816.4
1390820 1819.2
1390830 1820.2
1390840 1820.2
1390850 1820.7
1390860 1821.1
1390870 1821.1
1390880 1821.0
1390890 1823.7
1390900 1823.7
1390910 1828.1
1390920 1832.1
1390930 1832.1
1390940 1836.0
1390950 1841.1
1390960 1841.1
1390970 1845.7
1390980 1850.6
1390990 1850.6
1391000 1855.5
1391010 1860.5
1391020 1860.5
1391030 1869.3
1391040 1874.5
1391050 1878.8
1391060 1878.8
1391070 1882.1
1391080 1885.7
1391090 1885.7
1391100 1888.7
1391110 1891.3
1391120 1891.3
1391130 1895.5
1391140 1899.2
1391150 1899.2
1391160 1904.5
1391170 1911.0
1391180 1911.0
1391190 1918.0
1391200 1924.4
1391210 1924.4
1391220 1931.0
1391230 1937.7
1391240 1937.7
1391250 1944.0
1391260 1950.0
1391270 1954.7
1391280 1954.7
1391290 1959.5
1391300 1964.6
1391310 1964.6
1391320 1969.6
1391330 1974.8
1391340 1974.8
1391350 1979.5
1391360 1984.9
1391370 1984.9
1391380 1991.6
1391390 1999.3
1391400 1999.3
1391410 2007.1
1391420 2014.3
1391430 2014.3
1391440 2022.0
1391450 2029.7
1391460 2038.0
1391470 2038.0
1391480 2047.2
1391490 2057.0
1391500 2057.0
1391510 2066.0
1391520 2074.3
1391530 2074.3
1391540 2082.2
1391550 2089.5
1391560 2089.5
1391570 2097.0
1391580 2104.5
1391590 2104.5
1391600 2112.4
1391610 2119.9
1391620 2119.9
1391630 2126.7
1391640 2133.1
1391650 2133.1
1391660 2138.8
1391670 2144.5
1391680 2150.6
1391690 2150.6
1391700 2156.9
1391710 2163.0
1391720 2163.0
1391730 2169.3
1391740 2176.1
1391750 2176.1
1391760 2183.8
1391770 2185.0
1391780 2185.0
1391790 2182.6
1391800 2188.6
1391810 2188.6
1391820 2187.4
1391830 2173.3
1391840 2173.3
1391850 2164.6
1391860 2156.0
1391870 2156.0
1391880 2149.2
1391890 2143.0
1391900 2132.5
1391910 2132.5
1391920 2122.5
1391930 2115.0
1391940 2115.0
1391950 2106.4
1391960 2098.1
1391970 2092.2
1391980 2084.6
1391990 2078.3
1392000 2078.3
1392010 2071.6
1392020 2064.2
1392030 2064.2
1392040 2058.0
1392050 2051.6
1392060 2051.6
1392070 2045.2
1392080 2038.1
1392090 2038.1
1392100 2030.3
1392110 2022.7
1392120 2014.7
1392130 2014.7
1392140 2005.5
1392150 1998.9
1392160 1998.9
1392170 1995.5
1392180 1992.5
1392190 1992.5
1392200 1989.4
1392210 1988.7
1392220 1988.7
1392230 1990.1
1392240 1988.5
1392250 1988.5
1392260 1984.1
1392270 1981.4
1392280 1981.4
1392290 1981.2
1392300 1981.3
1392310 1981.3
1392320 1974.0
1392330 1964.8
1392340 1956.4
1392350 1956.4
1392360 1949.2
1392370 1941.8
1392380 1941.8
1392390 1934.5
1392400 1923.8
1392410 1923.8
1392420 1917.6
1392430 1910.3
1392440 1910.3
1392450 1898.4
1392460 1889.8
1392470 1889.8
1392480 1885.5
1392490 1880.8
1392500 1880.8
1392510 1870.3
1392520 1860.4
1392530 1860.4
1392540 1860.2
1392550 1855.3
1392560 1846.9
1392570 1846.9
1392580 1837.0
1392590 1829.3
1392600 1829.3
1392610 1825.6
1392620 1815.7
1392630 1815.7
1392640 1802.3
1392650 1796.6
1392660 1796.6
1392670 1793.9
1392680 1790.8
1392690 1790.8
1392700 1786.3
1392710 1784.9
1392720 1784.9
1392730 1785.5
1392740 1780.6
1392750 1770.9
1392760 1770.9
1392770 1760.4
1392780 1749.1
1392790 1749.1
1392800 1733.0
1392810 1711.1
1392820 1711.1
1392830 1696.9
1392840 1683.7
1392850 1683.7
1392860 1674.7
1392870 1666.8
1392880 1666.8
1392890 1658.6
1392900 1650.2
1392910 1650.2
1392920 1641.6
1392930 1633.2
1392940 1633.2
1392950 1624.9
1392960 1616.9
1392970 1609.5
1392980 1609.5
1392990 1602.3
1393000 1593.4
1393010 1593.4
1393020 1579.6
1393030 1568.1
1393040 1568.1
1393050 1560.0
1393060 1553.2
1393070 1553.2
1393080 1546.3
1393090 1539.4
1393100 1539.4
1393110 1532.0
1393120 1525.6
1393130 1525.6
1393140 1521.0
1393150 1519.6
1393160 1519.6
1393170 1518.5
1393180 1516.0
1393190 1511.8
1393200 1511.8
1393210 1504.5
1393220 1495.5
1393230 1495.5
1393240 1485.9
1393250 1476.7
1393260 1476.7
1393270 1468.0
1393280 1459.7
1393290 1459.7
1393300 1453.2
1393310 1448.4
1393320 1448.4
1393330 1444.0
1393340 1439.3
1393350 1434.1
1393360 1429.1
1393370 1424.3
1393380 1424.3
1393390 1419.4
1393400 1416.4
1393410 1415.2
1393420 1415.2
1393430 1413.0
1393440 1410.6
1393450 1410.6
1393460 1408.1
1393470 1404.0
1393480 1404.0
1393490 1399.7
1393500 1395.9
1393510 1395.9
1393520 1391.7
1393530 1387.3
1393540 1387.3
1393550 1383.4
1393560 1379.6
1393570 1379.6
1393580 1376.4
1393590 1373.0
1393600 1373.0
1393610 1370.0
1393620 1365.5
1393630 1360.0
1393640 1360.0
1393650 1354.7
1393660 1349.9
1393670 1349.9
1393680 1345.1
1393690 1340.2
1393700 1340.2
1393710 1336.7
1393720 1334.0
1393730 1334.0
1393740 1330.4
1393750 1326.0
1393760 1326.0
1393770 1322.0
1393780 1319.0
1393790 1319.0
1393800 1315.6
1393810 1312.2
1393820 1309.0
1393830 1309.0
1393840 1305.8
1393850 1303.2
1393860 1303.2
1393870 1300.5
1393880 1297.0
1393890 1297.0
1393900 1294.0
1393910 1290.9
1393920 1290.9
1393930 1287.8
1393940 1285.1
1393950 1285.1
1393960 1282.7
1393970 1280.6
1393980 1280.6
1393990 1278.4
1394000 1276.2
1394010 1276.2
1394020 1274.4
1394030 1272.6
1394040 1270.8
1394050 1270.8
1394060 1269.3
1394070 1268.2
1394080 1268.2
1394090 1266.9
1394100 1265.8
1394110 1265.8
1394120 1263.6
1394130 1261.1
1394140 1261.1
1394150 1259.4
1394160 1258.2
1394170 1258.2
1394180 1256.7
1394190 1254.2
1394200 1254.2
1394210 1251.6
1394220 1249.9
1394230 1249.9
1394240 1248.5
1394250 1246.6
1394260 1240.8
1394270 1240.8
1394280 1234.8
1394290 1232.8
1394300 1232.8
1394310 1231.9
1394320 1231.2
1394330 1231.2
1394340 1228.4
1394350 1224.3
1394360 1224.3
1394370 1223.0
1394380 1227.4
1394390 1227.4
1394400 1234.7
1394410 1241.3
1394420 1241.3
1394430 1248.0
1394440 1254.9
1394450 1254.9
1394460 1258.1
1394470 1264.7
1394480 1272.7
1394490 1272.7
1394500 1279.0
1394510 1284.0
1394520 1284.0
1394530 1288.1
1394540 1293.1
1394550 1293.1
1394560 1298.6
1394570 1304.3
1394580 1304.3
1394590 1310.6
1394600 1317.9
1394610 1317.9
1394620 1323.9
1394630 1329.7
1394640 1329.7
1394650 1335.3
1394660 1340.9
1394670 1340.9
1394680 1346.3
1394690 1351.6
1394700 1356.3
1394710 1356.3
1394720 1361.0
1394730 1366.2
1394740 1366.2
1394750 1373.1
1394760 1378.5
1394770 1378.5
1394780 1384.2
1394790 1389.8
1394800 1389.8
1394810 1395.4
1394820 1401.4
1394830 1401.4
1394840 1407.3
1394850 1411.1
1394860 1411.1
1394870 1411.3
1394880 1411.1
1394890 1416.2
1394900 1416.2
1394910 1424.7
1394920 1432.8
1394930 1432.8
1394940 1440.1
1394950 1446.6
1394960 1446.6
1394970 1452.7
1394980 1461.8
1394990 1461.8
1395000 1476.3
1395010 1488.7
1395020 1488.7
1395030 1495.1
1395040 1500.7
1395050 1500.7
1395060 1506.4
1395070 1513.1
1395080 1513.1
1395090 1519.9
1395100 1526.4
1395110 1532.8
1395120 1532.8
1395130 1539.3
1395140 1545.8
1395150 1545.8
1395160 1553.1
1395170 1559.8
1395180 1559.8
1395190 1566.2
1395200 1573.3
1395210 1573.3
1395220 1580.8
1395230 1588.4
1395240 1588.4
1395250 1596.0
1395260 1602.7
1395270 1602.7
1395280 1609.5
1395290 1616.5
1395300 1616.5
1395310 1623.8
1395320 1630.8
1395330 1638.1
1395340 1638.1
1395350 1645.5
1395360 1653.0
1395370 1653.0
1395380 1659.6
1395390 1665.9
1395400 1665.9
1395410 1672.5
1395420 1678.7
1395430 1678.7
1395440 1685.0
1395450 1692.4
1395460 1692.4
1395470 1700.3
1395480 1711.0
1395490 1711.0
1395500 1721.9
1395510 1732.3
1395520 1732.3
1395530 1743.2
1395540 1755.0
1395550 1765.1
1395560 1765.1
1395570 1774.2
1395580 1783.1
1395590 1783.1
1395600 1792.0
1395610 1799.6
1395620 1799.6
1395630 1807.0
1395640 1813.1
1395650 1813.1
1395660 1818.1
1395670 1823.0
1395680 1823.0
1395690 1827.0
1395700 1831.4
1395710 1831.4
1395720 1836.9
1395730 1844.3
1395740 1844.3
1395750 1852.9
1395760 1865.2
1395770 1878.0
1395780 1878.0
1395790 1888.9
1395800 1897.4
1395810 1897.4
1395820 1906.2
1395830 1915.7
1395840 1915.7
1395850 1926.9
1395860 1942.0
1395870 1942.0
1395880 1950.3
1395890 1958.6
1395900 1958.6
1395910 1966.8
1395920 1974.8
1395930 1974.8
1395940 1982.1
1395950 1989.8
1395960 1989.8
1395970 1997.1
1395980 2004.5
1395990 2012.4
1396000 2012.4
1396010 2020.3
1396020 2028.0
1396030 2028.0
1396040 2035.8
1396050 2044.2
1396060 2044.2
1396070 2052.7
1396080 2061.1
1396090 2061.1
1396100 2069.2
1396110 2077.6
1396120 2077.6
1396130 2086.2
1396140 2094.8
1396150 2094.8
1396160 2104.0
1396170 2113.0
1396180 2121.5
1396190 2121.5
1396200 2130.9
1396210 2141.3
1396220 2141.3
1396230 2151.3
1396240 2159.9
1396250 2159.9
1396260 2168.0
1396270 2175.5
1396280 2175.5
1396290 2186.9
1396300 2204.4
1396310 2204.4
1396320 2219.9
1396330 2231.3
1396340 2231.3
1396350 2240.0
1396360 2246.6
1396370 2246.6
1396380 2249.5
1396390 2251.7
1396400 2254.7
1396410 2254.7
1396420 2257.0
1396430 2260.1
1396440 2260.1
1396450 2259.8
1396460 2259.2
1396470 2259.2
1396480 2263.2
1396490 2267.7
1396500 2267.7
1396510 2266.1
1396520 2270.3
1396530 2270.3
1396540 2279.1
1396550 2287.6
1396560 2287.6
1396570 2289.1
1396580 2284.6
1396590 2284.6
1396600 2281.1
1396610 2277.6
1396620 2276.9
1396630 2276.9
1396640 2280.4
1396650 2286.8
1396660 2286.8
1396670 2294.1
1396680 2302.7
1396690 2302.7
1396700 2313.5
1396710 2323.5
1396720 2323.5
1396730 2335.4
1396740 2351.1
1396750 2351.1
1396760 2364.8
1396770 2373.1
1396780 2373.1
1396790 2371.0
1396800 2367.3
1396810 2367.3
1396820 2361.3
1396830 2356.7
1396840 2341.1
1396850 2341.1
1396860 2328.8
1396870 2322.9
1396880 2322.9
1396890 2318.3
1396900 2316.2
1396910 2316.2
1396920 2316.6
1396930 2317.3
1396940 2317.3
1396950 2318.2
1396960 2318.2
1396970 2318.2
1396980 2318.0
1396990 2319.7
1397000 2319.7
1397010 2324.7
1397020 2328.4
1397030 2328.4
1397040 2331.7
1397050 2337.3
1397060 2343.9
1397070 2343.9
1397080 2351.6
1397090 2358.4
1397100 2358.4
1397110 2365.4
1397120 2373.4
1397130 2373.4
1397140 2383.4
1397150 2395.1
1397160 2395.1
1397170 2407.0
1397180 2420.5
1397190 2420.5
1397200 2421.0
1397210 2412.9
1397220 2412.9
1397230 2407.2
1397240 2401.7
1397250 2398.9
1397260 2398.9
1397270 2400.6
1397280 2399.7
1397290 2399.7
1397300 2400.5
1397310 2401.7
1397320 2401.7
1397330 2402.6
1397340 2402.0
1397350 2402.0
1397360 2399.6
1397370 2394.7
1397380 2394.7
1397390 2394.4
1397400 2398.7
1397410 2398.7
1397420 2403.9
1397430 2408.1
1397440 2408.1
1397450 2413.5
1397460 2419.7
1397470 2427.2
1397480 2427.2
1397490 2434.3
1397500 2438.6
1397510 2438.6
1397520 2443.4
1397530 2449.0
1397540 2449.0
1397550 2453.8
1397560 2460.6
1397570 2460.6
1397580 2468.2
1397590 2473.4
1397600 2473.4
1397610 2476.9
1397620 2485.5
1397630 2485.5
1397640 2489.3
1397650 2491.9
1397660 2491.9
1397670 2493.4
1397680 2494.8
1397690 2495.7
1397700 2495.7
1397710 2495.7
1397720 2497.2
1397730 2497.2
1397740 2503.1
1397750 2509.6
1397760 2509.6
1397770 2514.0
1397780 2517.6
1397790 2517.6
1397800 2521.5
1397810 2523.7
1397820 2523.7
1397830 2526.5
1397840 2531.4
1397850 2531.4
1397860 2537.0
1397870 2541.6
1397880 2541.6
1397890 2545.1
1397900 2547.6
1397910 2549.8
1397920 2549.8
1397930 2552.6
1397940 2555.7
1397950 2555.7
1397960 2557.6
1397970 2559.4
1397980 2559.4
1397990 2562.4
1398000 2565.9
1398010 2565.9
1398020 2568.5
1398030 2570.6
1398040 2570.6
1398050 2572.1
1398060 2572.5
1398070 2572.5
1398080 2572.3
1398090 2572.2
1398100 2572.2
1398110 2571.4
1398120 2571.4
1398130 2573.4
1398140 2573.4
1398150 2578.7
1398160 2586.0
1398170 2586.0
1398180 2592.2
1398190 2595.8
1398200 2595.8
1398210 2599.2
1398220 2603.9
1398230 2603.9
1398240 2609.0
1398250 2614.6
1398260 2614.6
1398270 2620.5
1398280 2625.7
1398290 2625.7
1398300 2630.4
1398310 2635.0
1398320 2639.9
1398330 2639.9
1398340 2644.4
1398350 2649.2
1398360 2649.2
1398370 2653.7
1398380 2657.0
1398390 2657.0
1398400 2659.6
1398410 2661.4
1398420 2661.4
1398430 2663.1
1398440 2664.9
1398450 2664.9
1398460 2667.1
1398470 2670.1
1398480 2670.1
1398490 2674.2
1398500 2678.0
1398510 2678.0
1398520 2681.6
1398530 2683.9
1398540 2686.7
1398550 2686.7
1398560 2689.3
1398570 2693.6
1398580 2693.6
1398590 2698.0
1398600 2701.2
1398610 2701.2
1398620 2703.4
1398630 2704.2
1398640 2704.2
1398650 2703.0
1398660 2700.7
1398670 2700.7
1398680 2702.1
1398690 2705.9
1398700 2705.9
1398710 2709.7
1398720 2713.0
1398730 2713.0
1398740 2714.1
1398750 2714.0
1398760 2714.8
1398770 2714.8
1398780 2717.7
1398790 2720.0
1398800 2720.0
1398810 2722.1
1398820 2723.8
1398830 2723.8
1398840 2725.3
1398850 2726.1
1398860 2726.1
1398870 2726.7
1398880 2727.7
1398890 2727.7
1398900 2728.5
1398910 2729.8
1398920 2729.8
1398930 2731.9
1398940 2735.3
1398950 2735.3
1398960 2739.0
1398970 2742.0
1398980 2743.0
1398990 2743.0
1399000 2742.9
1399010 2742.9
1399020 2742.9
1399030 2743.4
1399040 2743.4
1399050 2743.4
1399060 2744.2
1399070 2746.2
1399080 2746.2
1399090 2746.7
1399100 2750.0
1399110 2750.0
1399120 2752.8
1399130 2755.4
1399140 2755.4
1399150 2757.9
1399160 2760.6
1399170 2760.6
1399180 2763.8
1399190 2767.0
1399200 2770.1
1399210 2770.1
1399220 2773.2
1399230 2775.7
1399240 2775.7
1399250 2777.9
1399260 2779.8
1399270 2779.8
1399280 2781.1
1399290 2782.2
1399300 2782.2
1399310 2784.8
1399320 2788.1
1399330 2788.1
1399340 2791.5
1399350 2794.5
1399360 2794.5
1399370 2798.0
1399380 2800.7
1399390 2803.1
1399400 2803.1
1399410 2804.9
1399420 2805.0
1399430 2805.0
1399440 2806.3
1399450 2808.0
1399460 2808.0
1399470 2809.6
1399480 2810.9
1399490 2810.9
1399500 2812.2
1399510 2813.8
1399520 2813.8
1399530 2817.2
1399540 2821.1
1399550 2821.1
1399560 2824.8
1399570 2828.0
1399580 2828.0
1399590 2831.3
1399600 2835.4
1399610 2840.3
1399620 2840.3
1399630 2845.2
1399640 2849.2
1399650 2849.2
1399660 2852.3
1399670 2857.9
1399680 2857.9
1399690 2865.5
1399700 2872.0
1399710 2872.0
1399720 2875.9
1399730 2877.4
1399740 2877.4
1399750 2878.9
1399760 2881.5
1399770 2881.5
1399780 2884.1
1399790 2887.0
1399800 2887.0
1399810 2890.1
1399820 2893.5
1399830 2897.6
1399840 2897.6
1399850 2903.8
1399860 2910.0
1399870 2910.0
1399880 2913.5
1399890 2918.8
1399900 2918.8
1399910 2924.4
1399920 2930.5
1399930 2930.5
1399940 2937.6
1399950 2944.8
1399960 2944.8
1399970 2950.3
1399980 2954.4
1399990 2954.4
1380000 2990.0
1380010 2990.0
1380020 2994.8
1380030 2999.0
1380040 2999.0
1380050 3004.4
1380060 3010.8
1380070 3010.8
1380080 3016.3
1380090 3022.8
1380100 3029.2
1380110 3029.2
1380120 3035.2
1380130 3044.6
1380140 3044.6
1380150 3053.3
1380160 3056.4
1380170 3056.4
1380180 3064.3
1380190 3079.4
1380200 3079.4
1380210 3091.1
1380220 3104.4
1380230 3104.4
1380240 3117.0
1380250 3122.4
1380260 3122.4
1380270 3126.6
1380280 3131.3
1380290 3131.3
1380300 3135.7
1380310 3140.8
1380320 3148.0
1380330 3148.0
1380340 3154.4
1380350 3159.8
1380360 3159.8
1380370 3165.2
1380380 3156.9
1380390 3156.9
1380400 3146.0
1380410 3133.4
1380420 3133.4
1380430 3122.0
1380440 3111.7
1380450 3111.7
1380460 3103.5
1380470 3098.9
1380480 3098.9
1380490 3096.0
1380500 3090.5
1380510 3090.5
1380520 3084.3
1380530 3079.4
1380540 3076.3
1380550 3076.3
1380560 3075.3
1380570 3075.8
1380580 3075.8
1380590 3076.5
1380600 3076.8
1380610 3076.8
1380620 3077.2
1380630 3078.7
1380640 3078.7
1380650 3081.4
1380660 3084.9
1380670 3084.9
1380680 3088.7
1380690 3095.1
1380700 3095.1
1380710 3127.2
1380720 3148.6
1380730 3148.6
1380740 3154.3
1380750 3161.0
1380760 3169.4
1380770 3169.4
1380780 3175.5
1380790 3181.9
1380800 3181.9
1380810 3198.1
1380820 3214.7
1380830 3214.7
1380840 3219.1
1380850 3223.1
1380860 3223.1
1380870 3233.2
1380880 3245.1
1380890 3245.1
1380900 3251.7
1380910 3254.1
1380920 3254.1
1380930 3257.9
1380940 3260.8
1380950 3260.8
1380960 3261.9
1380970 3261.8
1380980 3260.9
1380990 3260.9
1381000 3256.6
1381010 3248.7
1381020 3248.7
1381030 3228.6
1381040 3206.3
1381050 3206.3
1381060 3185.9
1381070 3170.7
1381080 3170.7
1381090 3157.0
1381100 3136.8
1381110 3136.8
1381120 3115.1
1381130 3098.0
1381140 3098.0
1381150 3084.0
1381160 3073.7
1381170 3065.5
1381180 3065.5
1381190 3058.2
1381200 3050.3
1381210 3050.3
1381220 3029.4
1381230 3017.7
1381240 3017.7
1381250 3007.7
1381260 3002.6
1381270 3002.6
1381280 2999.4
1381290 2996.6
1381300 2996.6
1381310 2994.5
1381320 2992.1
1381330 2992.1
1381340 2989.6
1381350 2987.5
1381360 2987.5
1381370 2985.9
1381380 2984.7
1381390 2982.7
1381400 2982.7
1381410 2981.2
1381420 2980.2
1381430 2980.2
1381440 2979.8
1381450 2980.8
1381460 2980.8
1381470 2983.3
1381480 2988.7
1381490 2988.7
1381500 2994.8
1381510 3002.1
1381520 3002.1
1381530 3014.8
1381540 3022.4
1381550 3022.4
1381560 3029.6
1381570 3037.9
1381580 3037.9
1381590 3029.2
1381600 3015.3
1381610 2995.1
1381620 2995.1
1381630 2979.8
1381640 2967.6
1381650 2967.6
1381660 2955.6
1381670 2933.1
1381680 2933.1
1381690 2902.5
1381700 2887.0
1381710 2887.0
1381720 2880.0
1381730 2873.4
1381740 2873.4
1381750 2866.8
1381760 2861.3
1381770 2861.3
1381780 2856.9
1381790 2853.1
1381800 2853.1
1381810 2850.5
1381820 2847.8
1381830 2844.3
1381840 2844.3
1381850 2840.6
1381860 2838.0
1381870 2838.0
1381880 2837.0
1381890 2836.6
1381900 2836.6
1381910 2836.4
1381920 2836.3
1381930 2836.3
1381940 2836.7
1381950 2837.6
1381960 2837.6
1381970 2838.2
1381980 2838.7
1381990 2838.7
1382000 2837.4
1382010 2835.0
1382020 2835.0
1382030 2831.4
1382040 2825.3
1382050 2818.6
1382060 2818.6
1382070 2811.6
1382080 2803.3
1382090 2803.3
1382100 2794.7
1382110 2787.5
1382120 2787.5
1382130 2781.0
1382140 2775.1
1382150 2775.1
1382160 2769.9
1382170 2765.2
1382180 2765.2
1382190 2761.7
1382200 2758.8
1382210 2758.8
1382220 2756.4
1382230 2754.4
1382240 2754.4
1382250 2752.3
1382260 2750.7
1382270 2749.4
1382280 2749.4
1382290 2747.5
1382300 2745.2
1382310 2745.2
1382320 2743.2
1382330 2741.5
1382340 2741.5
1382350 2740.1
1382360 2738.0
1382370 2738.0
1382380 2735.2
1382390 2733.1
1382400 2733.1
1382410 2731.7
1382420 2729.8
1382430 2729.8
1382440 2727.1
1382450 2724.7
1382460 2723.6
1382470 2723.6
1382480 2723.3
1382490 2721.7
1382500 2721.7
1382510 2720.0
1382520 2718.2
1382530 2718.2
1382540 2716.1
1382550 2715.4
1382560 2715.4
1382570 2715.6
1382580 2715.6
1382590 2715.6
1382600 2715.3
1382610 2714.3
1382620 2714.3
1382630 2713.2
1382640 2712.6
1382650 2712.6
1382660 2712.3
1382670 2712.0
1382680 2711.3
1382690 2711.3
1382700 2710.4
1382710 2709.6
1382720 2709.6
1382730 2708.8
1382740 2708.3
1382750 2708.3
1382760 2707.8
1382770 2707.5
1382780 2707.5
1382790 2707.3
1382800 2707.1
1382810 2707.1
1382820 2707.0
1382830 2707.0
1382840 2706.1
1382850 2705.2
1382860 2703.9
1382870 2703.9
1382880 2702.1
1382890 2699.8
1382900 2697.3
1382910 2697.3
1382920 2694.5
1382930 2691.8
1382940 2691.8
1382950 2689.4
1382960 2687.7
1382970 2687.7
1382980 2686.8
1382990 2686.1
1383000 2686.1
1383010 2685.4
1383020 2684.7
1383030 2684.7
1383040 2684.1
1383050 2683.5
1383060 2683.5
1383070 2682.7
1383080 2682.0
1383090 2682.0
1383100 2681.1
1383110 2680.3
1383120 2679.5
1383130 2679.5
1383140 2678.7
1383150 2678.1
1383160 2678.1
1383170 2677.5
1383180 2676.6
1383190 2676.6
1383200 2675.3
1383210 2673.9
1383220 2673.9
1383230 2672.3
1383240 2670.5
1383250 2670.5
1383260 2668.6
1383270 2667.1
1383280 2667.1
1383290 2665.6
1383300 2663.7
1383310 2663.7
1383320 2659.4
1383330 2653.9
1383340 2647.7
1383350 2647.7
1383360 2642.3
1383370 2638.9
1383380 2638.9
1383390 2636.1
1383400 2633.1
1383410 2633.1
1383420 2629.6
1383430 2625.0
1383440 2625.0
1383450 2619.9
1383460 2614.9
1383470 2614.9
1383480 2609.9
1383490 2605.2
1383500 2605.2
1383510 2600.9
1383520 2596.7
1383530 2592.3
1383540 2592.3
1383550 2588.0
1383560 2583.8
1383570 2583.8
1383580 2579.8
1383590 2575.6
1383600 2575.6
1383610 2571.2
1383620 2566.8
1383630 2566.8
1383640 2562.7
1383650 2558.4
1383660 2558.4
1383670 2554.6
1383680 2551.1
1383690 2551.1
1383700 2547.5
1383710 2544.7
1383720 2544.7
1383730 2543.7
1383740 2544.7
1383750 2545.4
1383760 2545.4
1383770 2546.5
1383780 2547.3
1383790 2547.3
1383800 2547.8
1383810 2548.3
1383820 2548.3
1383830 2548.5
1383840 2548.7
1383850 2548.7
1383860 2550.5
1383870 2554.7
1383880 2554.7
1383890 2559.2
1383900 2562.7
1383910 2562.7
1383920 2566.0
1383930 2568.6
1383940 2568.6
1383950 2570.4
1383960 2569.0
1383970 2565.1
1383980 2565.1
1383990 2563.2
1384000 2562.6
1384010 2562.6
1384020 2563.3
1384030 2565.1
1384040 2565.1
1384050 2567.1
1384060 2569.8
1384070 2569.8
1384080 2572.2
1384090 2570.8
1384100 2570.8
1384110 2573.4
1384120 2576.3
1384130 2576.3
1384140 2580.9
1384150 2585.6
1384160 2585.6
1384170 2590.5
1384180 2595.2
1384190 2599.6
1384200 2599.6
1384210 2605.1
1384220 2610.4
1384230 2610.4
1384240 2615.8
1384250 2621.6
1384260 2621.6
1384270 2627.4
1384280 2633.5
1384290 2633.5
1384300 2640.7
1384310 2648.6
1384320 2648.6
1384330 2656.9
1384340 2665.3
1384350 2665.3
1384360 2674.4
1384370 2684.1
1384380 2684.1
1384390 2693.1
1384400 2698.6
1384410 2693.5
1384420 2693.5
1384430 2683.3
1384440 2665.6
1384450 2665.6
1384460 2653.7
1384470 2645.1
1384480 2645.1
1384490 2638.1
1384500 2633.2
1384510 2633.2
1384520 2629.0
1384530 2623.0
1384540 2623.0
1384550 2616.6
1384560 2611.8
1384570 2611.8
1384580 2607.3
1384590 2602.1
1384600 2596.9
1384610 2596.9
1384620 2591.1
1384630 2585.6
1384640 2585.6
1384650 2577.7
1384660 2567.8
1384670 2567.8
1384680 2561.7
1384690 2557.3
1384700 2557.3
1384710 2553.0
1384720 2548.6
1384730 2548.6
1384740 2543.8
1384750 2538.8
1384760 2538.8
1384770 2533.6
1384780 2527.7
1384790 2527.7
1384800 2522.0
1384810 2516.9
1384820 2511.8
1384830 2511.8
1384840 2506.6
1384850 2501.4
1384860 2501.4
1384870 2495.9
1384880 2490.3
1384890 2490.3
1384900 2484.6
1384910 2478.8
1384920 2478.8
1384930 2472.8
1384940 2466.5
1384950 2466.5
1384960 2459.8
1384970 2454.1
1384980 2454.1
1384990 2448.3
1385000 2442.1
1385010 2442.1
1385020 2435.6
1385030 2428.9
1385040 2422.5
1385050 2422.5
1385060 2416.5
1385070 2410.5
1385080 2410.5
1385090 2404.6
1385100 2398.8
1385110 2398.8
1385120 2393.0
1385130 2387.2
1385140 2387.2
1385150 2381.6
1385160 2376.7
1385170 2376.7
1385180 2371.9
1385190 2367.6
1385200 2367.6
1385210 2363.8
1385220 2359.9
1385230 2359.9
1385240 2355.8
1385250 2351.8
1385260 2347.7
1385270 2347.7
1385280 2343.2
1385290 2338.7
1385300 2338.7
1385310 2335.1
1385320 2329.8
1385330 2329.8
1385340 2322.6
1385350 2315.8
1385360 2320.5
1385370 2312.8
1385380 2305.2
1385390 2305.2
1385400 2298.0
1385410 2292.1
1385420 2292.1
1385430 2286.7
1385440 2281.2
1385450 2281.2
1385460 2276.5
1385470 2271.3
1385480 2265.0
1385490 2265.0
1385500 2258.8
1385510 2252.5
1385520 2252.5
1385530 2247.0
1385540 2241.3
1385550 2241.3
1385560 2236.1
1385570 2231.9
1385580 2231.9
1385590 2225.2
1385600 2217.1
1385610 2217.1
1385620 2208.9
1385630 2200.0
1385640 2200.0
1385650 2191.8
1385660 2185.7
1385670 2185.7
1385680 2180.4
1385690 2177.1
1385700 2174.1
1385710 2174.1
1385720 2170.0
1385730 2166.4
1385740 2166.4
1385750 2165.6
1385760 2160.4
1385770 2160.4
1385780 2153.1
1385790 2142.3
1385800 2142.3
1385810 2133.1
1385820 2125.3
1385830 2125.3
1385840 2117.6
1385850 2111.1
1385860 2111.1
1385870 2106.7
1385880 2105.6
1385890 2102.8
1385900 2102.8
1385910 2096.2
1385920 2089.4
1385930 2089.4
1385940 2081.5
1385950 2072.4
1385960 2072.4
1385970 2063.9
1385980 2052.8
1385990 2052.8
1386000 2043.0
1386010 2034.3
1386020 2034.3
1386030 2026.5
1386040 2022.1
1386050 2022.1
1386060 2016.5
1386070 2007.6
1386080 2007.6
1386090 1999.8
1386100 1992.9
1386110 1986.5
1386120 1986.5
1386130 1980.9
1386140 1973.8
1386150 1973.8
1386160 1966.0
1386170 1959.9
1386180 1959.9
1386190 1956.6
1386200 1951.8
1386210 1951.8
1386220 1945.4
1386230 1938.7
1386240 1938.7
1386250 1932.2
1386260 1926.1
1386270 1926.1
1386280 1920.6
1386290 1915.8
1386300 1915.8
1386310 1911.1
1386320 1906.2
1386330 1900.7
1386340 1900.7
1386350 1894.7
1386360 1890.1
1386370 1890.1
1386380 1886.4
1386390 1882.7
1386400 1882.7
1386410 1878.9
1386420 1874.1
1386430 1874.1
1386440 1869.3
1386450 1865.2
1386460 1865.2
1386470 1859.7
1386480 1855.5
1386490 1855.5
1386500 1855.7
1386510 1858.0
1386520 1858.0
1386530 1857.6
1386540 1857.6
1386550 1857.6
1386560 1857.6
1386570 1857.2
1386580 1857.0
1386590 1857.0
1386600 1857.0
1386610 1856.8
1386620 1856.8
1386630 1856.5
1386640 1855.8
1386650 1855.1
1386660 1854.6
1386670 1853.6
1386680 1853.6
1386690 1853.3
1386700 1853.4
1386710 1853.4
1386720 1852.9
1386730 1853.1
1386740 1853.1
1386750 1852.9
1386760 1853.3
1386770 1854.1
1386780 1854.1
1386790 1854.8
1386800 1856.4
1386810 1856.4
1386820 1857.9
1386830 1860.1
1386840 1860.1
1386850 1862.0
1386860 1865.0
1386870 1865.0
1386880 1867.8
1386890 1871.8
1386900 1871.8
1386910 1875.8
1386920 1879.7
1386930 1879.7
1386940 1884.0
1386950 1889.7
1386960 1895.1
1386970 1895.1
1386980 1900.8
1386990 1906.7
1387000 1906.7
1387010 1912.2
1387020 1916.7
1387030 1916.7
1387040 1921.0
1387050 1925.7
1387060 1925.7
1387070 1930.6
1387080 1935.9
1387090 1935.9
1387100 1940.9
1387110 1946.5
1387120 1946.5
1387130 1953.0
1387140 1958.6
1387150 1958.6
1387160 1964.4
1387170 1971.2
1387180 1979.0
1387190 1979.0
1387200 1986.9
1387210 1994.6
1387220 1994.6
1387230 2001.4
1387240 2007.3
1387250 2007.3
1387260 2013.1
1387270 2018.0
1387280 2018.0
1387290 2023.4
1387300 2026.0
1387310 2026.0
1387320 2025.4
1387330 2027.0
1387340 2027.0
1387350 2031.8
1387360 2036.0
1387370 2036.0
1387380 2039.4
1387390 2043.6
1387400 2045.0
1387410 2045.0
1387420 2047.6
1387430 2052.2
1387440 2052.2
1387450 2054.1
1387460 2051.1
1387470 2051.1
1387480 2048.8
1387490 2047.4
1387500 2047.4
1387510 2047.2
1387520 2047.0
1387530 2047.0
1387540 2048.4
1387550 2052.6
1387560 2052.6
1387570 2056.8
1387580 2061.5
1387590 2061.5
1387600 2065.5
1387610 2068.0
1387620 2069.5
1387630 2069.5
1387640 2071.2
1387650 2073.5
1387660 2073.5
1387670 2075.9
1387680 2078.5
1387690 2078.5
1387700 2079.8
1387710 2080.5
1387720 2080.5
1387730 2081.6
1387740 2081.9
1387750 2081.9
1387760 2081.0
1387770 2079.6
1387780 2079.6
1387790 2077.9
1387800 2076.5
1387810 2076.5
1387820 2075.2
1387830 2074.0
1387840 2073.0
1387850 2073.0
1387860 2072.0
1387870 2071.4
1387880 2071.4
1387890 2070.9
1387900 2071.1
1387910 2071.1
1387920 2071.3
1387930 2070.6
1387940 2070.6
1387950 2068.9
1387960 2059.6
1387970 2059.6
1387980 2056.1
1387990 2054.4
1388000 2054.4
1388010 2053.1
1388020 2051.6
1388030 2050.0
1388040 2050.0
1388050 2050.0
1388060 2051.2
1388070 2051.2
1388080 2055.1
1388090 2059.7
1388100 2059.7
1388110 2063.1
1388120 2065.5
1388130 2065.5
1388140 2069.6
1388150 2072.8
1388160 2072.8
1388170 2074.2
1388180 2075.2
1388190 2075.2
1388200 2074.9
1388210 2073.8
1388220 2073.8
1388230 2075.0
1388240 2079.8
1388250 2084.7
1388260 2084.7
1388270 2087.4
1388280 2087.9
1388290 2087.9
1388300 2087.3
1388310 2086.2
1388320 2086.2
1388330 2083.6
1388340 2081.5
1388350 2081.5
1388360 2079.6
1388370 2077.9
1388380 2077.9
1388390 2076.8
1388400 2075.7
1388410 2075.7
1388420 2074.5
1388430 2072.5
1388440 2072.5
1388450 2070.5
1388460 2068.9
1388470 2068.4
1388480 2068.4
1388490 2068.5
1388500 2067.2
1388510 2067.2
1388520 2065.1
1388530 2062.9
1388540 2062.9
1388550 2061.5
1388560 2060.1
1388570 2060.1
1388580 2058.5
1388590 2056.9
1388600 2056.9
1388610 2054.4
1388620 2052.0
1388630 2052.0
1388640 2050.1
1388650 2048.8
1388660 2048.8
1388670 2047.4
1388680 2045.2
1388690 2042.4
1388700 2042.4
1388710 2039.0
1388720 2036.6
1388730 2036.6
1388740 2033.6
1388750 2028.5
1388760 2028.5
1388770 2021.3
1388780 2016.1
1388790 2016.1
1388800 2012.7
1388810 2009.8
1388820 2009.8
1388830 2006.4
1388840 2002.8
1388850 2002.8
1388860 1999.1
1388870 1995.7
1388880 1995.7
1388890 1993.2
1388900 1991.9
1388910 1991.1
1388920 1991.1
1388930 1989.9
1388940 1988.5
1388950 1988.5
1388960 1986.4
1388970 1984.6
1388980 1984.6
1388990 1983.1
1389000 1980.8
1389010 1980.8
1389020 1978.8
1389030 1976.3
1389040 1976.3
1389050 1973.8
1389060 1971.4
1389070 1971.4
1389080 1969.3
1389090 1967.1
1389100 1964.6
1389110 1964.6
1389120 1961.8
1389130 1959.0
1389140 1959.0
1389150 1956.3
1389160 1954.6
1389170 1954.6
1389180 1955.1
1389190 1955.6
1389200 1955.6
1389210 1955.7
1389220 1956.7
1389230 1956.7
1389240 1957.8
1389250 1958.5
1389260 1958.5
1389270 1959.1
1389280 1952.2
1389290 1952.2
1389300 1950.7
1389310 1947.7
1389320 1942.0
1389330 1942.0
1389340 1934.3
1389350 1924.3
1389360 1924.3
1389370 1915.3
1389380 1906.9
1389390 1906.9
1389400 1899.7
1389410 1893.3
1389420 1893.3
1389430 1887.9
1389440 1882.9
1389450 1882.9
1389460 1878.7
1389470 1874.6
1389480 1874.6
1389490 1870.2
1389500 1866.3
1389510 1866.3
1389520 1863.7
1389530 1861.5
1389540 1859.6
1389550 1859.6
1389560 1857.7
1389570 1854.2
1389580 1854.2
1389590 1850.1
1389600 1845.9
1389610 1845.9
1389620 1841.5
1389630 1837.6
1389640 1837.6
1389650 1834.3
1389660 1832.3
1389670 1832.3
1389680 1831.1
1389690 1831.1
1389700 1831.1
1389710 1831.4
1389720 1830.5
1389730 1830.5
1389740 1828.2
1389750 1821.7
1389760 1809.3
1389770 1809.3
1389780 1797.7
1389790 1788.6
1389800 1788.6
1389810 1781.9
1389820 1775.1
1389830 1775.1
1389840 1769.5
1389850 1765.6
1389860 1765.6
1389870 1760.9
1389880 1758.6
1389890 1758.6
1389900 1756.6
1389910 1753.5
1389920 1753.5
1389930 1753.1
1389940 1754.6
1389950 1754.6
1389960 1754.5
1389970 1756.4
1389980 1758.9
1389990 1758.9
1390000 1760.7
1390010 1762.8
1390020 1762.8
1390030 1764.4
1390040 1766.7
1390050 1766.7
1390060 1769.1
1390070 1771.0
1390080 1771.0
1390090 1772.9
1390100 1774.5
1390110 1774.5
1390120 1775.2
1390130 1775.5
1390140 1775.5
1390150 1775.4
1390160 1776.2
1390170 1776.2
1390180 1775.2
1390190 1774.5
1390200 1776.2
1390210 1776.2
1390220 1776.9
1390230 1777.4
1390240 1777.4
1390250 1778.0
1390260 1777.7
1390270 1777.7
1390280 1775.7
1390290 1772.5
1390300 1772.5
1390310 1768.8
1390320 1766.0
1390330 1766.0
1390340 1764.7
1390350 1763.9
1390360 1763.9
1390370 1762.4
1390380 1761.2
1390390 1761.1
1390400 1761.1
1390410 1762.3
1390420 1762.7
1390430 1762.7
1390440 1763.9
1390450 1765.9
1390460 1765.9
1390470 1767.8
1390480 1768.6
1390490 1768.6
1390500 1769.0
1390510 1771.4
1390520 1771.4
1390530 1774.9
1390540 1780.7
1390550 1780.7
1390560 1784.0
1390570 1786.7
1390580 1786.7
1390590 1788.6
1390600 1790.3
1390610 1792.1
1390620 1788.1
1390630 1789.2
1390640 1791.2
1390650 1791.2
1390660 1794.4
1390670 1797.3
1390680 1797.3
1390690 1799.2
1390700 1800.1
1390710 1800.1
1390720 1801.3
1390730 1803.2
1390740 1803.2
1390750 1804.9
1390760 1806.0
1390770 1806.0
1390780 1808.4
1390790 1811.9
1390800 1811.9
1390810 1816.4
1390820 1819.2
1390830 1820.2
1390840 1820.2
1390850 1820.7
1390860 1821.1
1390870 1821.1
1390880 1821.0
1390890 1823.7
1390900 1823.7
1390910 1828.1
1390920 1832.1
1390930 1832.1
1390940 1836.0
1390950 1841.1
1390960 1841.1
1390970 1845.7
1390980 1850.6
1390990 1850.6
1391000 1855.5
1391010 1860.5
1391020 1860.5
1391030 1869.3
1391040 1874.5
1391050 1878.8
1391060 1878.8
1391070 1882.1
1391080 1885.7
1391090 1885.7
1391100 1888.7
1391110 1891.3
1391120 1891.3
1391130 1895.5
1391140 1899.2
1391150 1899.2
1391160 1904.5
1391170 1911.0
1391180 1911.0
1391190 1918.0
1391200 1924.4
1391210 1924.4
1391220 1931.0
1391230 1937.7
1391240 1937.7
1391250 1944.0
1391260 1950.0
1391270 1954.7
1391280 1954.7
1391290 1959.5
1391300 1964.6
1391310 1964.6
1391320 1969.6
1391330 1974.8
1391340 1974.8
1391350 1979.5
1391360 1984.9
1391370 1984.9
1391380 1991.6
1391390 1999.3
1391400 1999.3
1391410 2007.1
1391420 2014.3
1391430 2014.3
1391440 2022.0
1391450 2029.7
1391460 2038.0
1391470 2038.0
1391480 2047.2
1391490 2057.0
1391500 2057.0
1391510 2066.0
1391520 2074.3
1391530 2074.3
1391540 2082.2
1391550 2089.5
1391560 2089.5
1391570 2097.0
1391580 2104.5
1391590 2104.5
1391600 2112.4
1391610 2119.9
1391620 2119.9
1391630 2126.7
1391640 2133.1
1391650 2133.1
1391660 2138.8
1391670 2144.5
1391680 2150.6
1391690 2150.6
1391700 2156.9
1391710 2163.0
1391720 2163.0
1391730 2169.3
1391740 2176.1
1391750 2176.1
1391760 2183.8
1391770 2185.0
1391780 2185.0
1391790 2182.6
1391800 2188.6
1391810 2188.6
1391820 2187.4
1391830 2173.3
1391840 2173.3
1391850 2164.6
1391860 2156.0
1391870 2156.0
1391880 2149.2
1391890 2143.0
1391900 2132.5
1391910 2132.5
1391920 2122.5
1391930 2115.0
1391940 2115.0
1391950 2106.4
1391960 2098.1
1391970 2092.2
1391980 2084.6
1391990 2078.3
1392000 2078.3
1392010 2071.6
1392020 2064.2
1392030 2064.2
1392040 2058.0
1392050 2051.6
1392060 2051.6
1392070 2045.2
1392080 2038.1
1392090 2038.1
1392100 2030.3
1392110 2022.7
1392120 2014.7
1392130 2014.7
1392140 2005.5
1392150 1998.9
1392160 1998.9
1392170 1995.5
1392180 1992.5
1392190 1992.5
1392200 1989.4
1392210 1988.7
1392220 1988.7
1392230 1990.1
1392240 1988.5
1392250 1988.5
1392260 1984.1
1392270 1981.4
1392280 1981.4
1392290 1981.2
1392300 1981.3
1392310 1981.3
1392320 1974.0
1392330 1964.8
1392340 1956.4
1392350 1956.4
1392360 1949.2
1392370 1941.8
1392380 1941.8
1392390 1934.5
1392400 1923.8
1392410 1923.8
1392420 1917.6
1392430 1910.3
1392440 1910.3
1392450 1898.4
1392460 1889.8
1392470 1889.8
1392480 1885.5
1392490 1880.8
1392500 1880.8
1392510 1870.3
1392520 1860.4
1392530 1860.4
1392540 1860.2
1392550 1855.3
1392560 1846.9
1392570 1846.9
1392580 1837.0
1392590 1829.3
1392600 1829.3
1392610 1825.6
1392620 1815.7
1392630 1815.7
1392640 1802.3
1392650 1796.6
1392660 1796.6
1392670 1793.9
1392680 1790.8
1392690 1790.8
1392700 1786.3
1392710 1784.9
1392720 1784.9
1392730 1785.5
1392740 1780.6
1392750 1770.9
1392760 1770.9
1392770 1760.4
1392780 1749.1
1392790 1749.1
1392800 1733.0
1392810 1711.1
1392820 1711.1
1392830 1696.9
1392840 1683.7
1392850 1683.7
1392860 1674.7
1392870 1666.8
1392880 1666.8
1392890 1658.6
1392900 1650.2
1392910 1650.2
1392920 1641.6
1392930 1633.2
1392940 1633.2
1392950 1624.9
1392960 1616.9
1392970 1609.5
1392980 1609.5
1392990 1602.3
1393000 1593.4
1393010 1593.4
1393020 1579.6
1393030 1568.1
1393040 1568.1
1393050 1560.0
1393060 1553.2
1393070 1553.2
1393080 1546.3
1393090 1539.4
1393100 1539.4
1393110 1532.0
1393120 1525.6
1393130 1525.6
1393140 1521.0
1393150 1519.6
1393160 1519.6
1393170 1518.5
1393180 1516.0
1393190 1511.8
1393200 1511.8
1393210 1504.5
1393220 1495.5
1393230 1495.5
1393240 1485.9
1393250 1476.7
1393260 1476.7
1393270 1468.0
1393280 1459.7
1393290 1459.7
1393300 1453.2
1393310 1448.4
1393320 1448.4
1393330 1444.0
1393340 1439.3
1393350 1434.1
1393360 1429.1
1393370 1424.3
1393380 1424.3
1393390 1419.4
1393400 1416.4
1393410 1415.2
1393420 1415.2
1393430 1413.0
1393440 1410.6
1393450 1410.6
1393460 1408.1
1393470 1404.0
1393480 1404.0
1393490 1399.7
1393500 1395.9
1393510 1395.9
1393520 1391.7
1393530 1387.3
1393540 1387.3
1393550 1383.4
1393560 1379.6
1393570 1379.6
1393580 1376.4
1393590 1373.0
1393600 1373.0
1393610 1370.0
1393620 1365.5
1393630 1360.0
1393640 1360.0
1393650 1354.7
1393660 1349.9
1393670 1349.9
1393680 1345.1
1393690 1340.2
1393700 1340.2
1393710 1336.7
1393720 1334.0
1393730 1334.0
1393740 1330.4
1393750 1326.0
1393760 1326.0
1393770 1322.0
1393780 1319.0
1393790 1319.0
1393800 1315.6
1393810 1312.2
1393820 1309.0
1393830 1309.0
1393840 1305.8
1393850 1303.2
1393860 1303.2
1393870 1300.5
1393880 1297.0
1393890 1297.0
1393900 1294.0
1393910 1290.9
1393920 1290.9
1393930 1287.8
1393940 1285.1
1393950 1285.1
1393960 1282.7
1393970 1280.6
1393980 1280.6
1393990 1278.4
1394000 1276.2
1394010 1276.2
1394020 1274.4
1394030 1272.6
1394040 1270.8
1394050 1270.8
1394060 1269.3
1394070 1268.2
1394080 1268.2
1394090 1266.9
1394100 1265.8
1394110 1265.8
1394120 1263.6
1394130 1261.1
1394140 1261.1
1394150 1259.4
1394160 1258.2
1394170 1258.2
1394180 1256.7
1394190 1254.2
1394200 1254.2
1394210 1251.6
1394220 1249.9
1394230 1249.9
1394240 1248.5
1394250 1246.6
1394260 1240.8
1394270 1240.8
1394280 1234.8
1394290 1232.8
1394300 1232.8
1394310 1231.9
1394320 1231.2
1394330 1231.2
1394340 1228.4
1394350 1224.3
1394360 1224.3
1394370 1223.0
1394380 1227.4
1394390 1227.4
1394400 1234.7
1394410 1241.3
1394420 1241.3
1394430 1248.0
1394440 1254.9
1394450 1254.9
1394460 1258.1
1394470 1264.7
1394480 1272.7
1394490 1272.7
1394500 1279.0
1394510 1284.0
1394520 1284.0
1394530 1288.1
1394540 1293.1
1394550 1293.1
1394560 1298.6
1394570 1304.3
1394580 1304.3
1394590 1310.6
1394600 1317.9
1394610 1317.9
1394620 1323.9
1394630 1329.7
1394640 1329.7
1394650 1335.3
1394660 1340.9
1394670 1340.9
1394680 1346.3
1394690 1351.6
1394700 1356.3
1394710 1356.3
1394720 1361.0
1394730 1366.2
1394740 1366.2
1394750 1373.1
1394760 1378.5
1394770 1378.5
1394780 1384.2
1394790 1389.8
1394800 1389.8
1394810 1395.4
1394820 1401.4
1394830 1401.4
1394840 1407.3
1394850 1411.1
1394860 1411.1
1394870 1411.3
1394880 1411.1
1394890 1416.2
1394900 1416.2
1394910 1424.7
1394920 1432.8
1394930 1432.8
1394940 1440.1
1394950 1446.6
1394960 1446.6
1394970 1452.7
1394980 1461.8
1394990 1461.8
1395000 1476.3
1395010 1488.7
1395020 1488.7
1395030 1495.1
1395040 1500.7
1395050 1500.7
1395060 1506.4
1395070 1513.1
1395080 1513.1
1395090 1519.9
1395100 1526.4
1395110 1532.8
1395120 1532.8
1395130 1539.3
1395140 1545.8
1395150 1545.8
1395160 1553.1
1395170 1559.8
1395180 1559.8
1395190 1566.2
1395200 1573.3
1395210 1573.3
1395220 1580.8
1395230 1588.4
1395240 1588.4
1395250 1596.0
1395260 1602.7
1395270 1602.7
1395280 1609.5
1395290 1616.5
1395300 1616.5
1395310 1623.8
1395320 1630.8
1395330 1638.1
1395340 1638.1
1395350 1645.5
1395360 1653.0
1395370 1653.0
1395380 1659.6
1395390 1665.9
1395400 1665.9
1395410 1672.5
1395420 1678.7
1395430 1678.7
1395440 1685.0
1395450 1692.4
1395460 1692.4
1395470 1700.3
1395480 1711.0
1395490 1711.0
1395500 1721.9
1395510 1732.3
1395520 1732.3
1395530 1743.2
1395540 1755.0
1395550 1765.1
1395560 1765.1
1395570 1774.2
1395580 1783.1
1395590 1783.1
1395600 1792.0
1395610 1799.6
1395620 1799.6
1395630 1807.0
1395640 1813.1
1395650 1813.1
1395660 1818.1
1395670 1823.0
1395680 1823.0
1395690 1827.0
1395700 1831.4
1395710 1831.4
1395720 1836.9
1395730 1844.3
1395740 1844.3
1395750 1852.9
1395760 1865.2
1395770 1878.0
1395780 1878.0
1395790 1888.9
1395800 1897.4
1395810 1897.4
1395820 1906.2
1395830 1915.7
1395840 1915.7
1395850 1926.9
1395860 1942.0
1395870 1942.0
1395880 1950.3
1395890 1958.6
1395900 1958.6
1395910 1966.8
1395920 1974.8
1395930 1974.8
1395940 1982.1
1395950 1989.8
1395960 1989.8
1395970 1997.1
1395980 2004.5
1395990 2012.4
1396000 2012.4
1396010 2020.3
1396020 2028.0
1396030 2028.0
1396040 2035.8
1396050 2044.2
1396060 2044.2
1396070 2052.7
1396080 2061.1
1396090 2061.1
1396100 2069.2
1396110 2077.6
1396120 2077.6
1396130 2086.2
1396140 2094.8
1396150 2094.8
1396160 2104.0
1396170 2113.0
1396180 2121.5
1396190 2121.5
1396200 2130.9
1396210 2141.3
1396220 2141.3
1396230 2151.3
1396240 2159.9
1396250 2159.9
1396260 2168.0
1396270 2175.5
1396280 2175.5
1396290 2186.9
1396300 2204.4
1396310 2204.4
1396320 2219.9
1396330 2231.3
1396340 2231.3
1396350 2240.0
1396360 2246.6
1396370 2246.6
1396380 2249.5
1396390 2251.7
1396400 2254.7
1396410 2254.7
1396420 2257.0
1396430 2260.1
1396440 2260.1
1396450 2259.8
1396460 2259.2
1396470 2259.2
1396480 2263.2
1396490 2267.7
1396500 2267.7
1396510 2266.1
1396520 2270.3
1396530 2270.3
1396540 2279.1
1396550 2287.6
1396560 2287.6
1396570 2289.1
1396580 2284.6
1396590 2284.6
1396600 2281.1
1396610 2277.6
1396620 2276.9
1396630 2276.9
1396640 2280.4
1396650 2286.8
1396660 2286.8
1396670 2294.1
1396680 2302.7
1396690 2302.7
1396700 2313.5
1396710 2323.5
1396720 2323.5
1396730 2335.4
1396740 2351.1
1396750 2351.1
1396760 2364.8
1396770 2373.1
1396780 2373.1
1396790 2371.0
1396800 2367.3
1396810 2367.3
1396820 2361.3
1396830 2356.7
1396840 2341.1
1396850 2341.1
1396860 2328.8
1396870 2322.9
1396880 2322.9
1396890 2318.3
1396900 2316.2
1396910 2316.2
1396920 2316.6
1396930 2317.3
1396940 2317.3
1396950 2318.2
1396960 2318.2
1396970 2318.2
1396980 2318.0
1396990 2319.7
1397000 2319.7
1397010 2324.7
1397020 2328.4
1397030 2328.4
1397040 2331.7
1397050 2337.3
1397060 2343.9
1397070 2343.9
1397080 2351.6
1397090 2358.4
1397100 2358.4
1397110 2365.4
1397120 2373.4
1397130 2373.4
1397140 2383.4
1397150 2395.1
1397160 2395.1
1397170 2407.0
1397180 2420.5
1397190 2420.5
1397200 2421.0
1397210 2412.9
1397220 2412.9
1397230 2407.2
1397240 2401.7
1397250 2398.9
1397260 2398.9
1397270 2400.6
1397280 2399.7
1397290 2399.7
1397300 2400.5
1397310 2401.7
1397320 2401.7
1397330 2402.6
1397340 2402.0
1397350 2402.0
1397360 2399.6
1397370 2394.7
1397380 2394.7
1397390 2394.4
1397400 2398.7
1397410 2398.7
1397420 2403.9
1397430 2408.1
1397440 2408.1
1397450 2413.5
1397460 2419.7
1397470 2427.2
1397480 2427.2
1397490 2434.3
1397500 2438.6
1397510 2438.6
1397520 2443.4
1397530 2449.0
1397540 2449.0
1397550 2453.8
1397560 2460.6
1397570 2460.6
1397580 2468.2
1397590 2473.4
1397600 2473.4
1397610 2476.9
1397620 2485.5
1397630 2485.5
1397640 2489.3
1397650 2491.9
1397660 2491.9
1397670 2493.4
1397680 2494.8
1397690 2495.7
1397700 2495.7
1397710 2495.7
1397720 2497.2
1397730 2497.2
1397740 2503.1
1397750 2509.6
1397760 2509.6
1397770 2514.0
1397780 2517.6
1397790 2517.6
1397800 2521.5
1397810 2523.7
1397820 2523.7
1397830 2526.5
1397840 2531.4
1397850 2531.4
1397860 2537.0
1397870 2541.6
1397880 2541.6
1397890 2545.1
1397900 2547.6
1397910 2549.8
1397920 2549.8
1397930 2552.6
1397940 2555.7
1397950 2555.7
1397960 2557.6
1397970 2559.4
1397980 2559.4
1397990 2562.4
1398000 2565.9
1398010 2565.9
1398020 2568.5
1398030 2570.6
1398040 2570.6
1398050 2572.1
1398060 2572.5
1398070 2572.5
1398080 2572.3
1398090 2572.2
1398100 2572.2
1398110 2571.4
1398120 2571.4
1398130 2573.4
1398140 2573.4
1398150 2578.7
1398160 2586.0
1398170 2586.0
1398180 2592.2
1398190 2595.8
1398200 2595.8
1398210 2599.2
1398220 2603.9
1398230 2603.9
1398240 2609.0
1398250 2614.6
1398260 2614.6
1398270 2620.5
1398280 2625.7
1398290 2625.7
1398300 2630.4
1398310 2635.0
1398320 2639.9
1398330 2639.9
1398340 2644.4
1398350 2649.2
1398360 2649.2
1398370 2653.7
1398380 2657.0
1398390 2657.0
1398400 2659.6
1398410 2661.4
1398420 2661.4
1398430 2663.1
1398440 2664.9
1398450 2664.9
1398460 2667.1
1398470 2670.1
1398480 2670.1
1398490 2674.2
1398500 2678.0
1398510 2678.0
1398520 2681.6
1398530 2683.9
1398540 2686.7
1398550 2686.7
1398560 2689.3
1398570 2693.6
1398580 2693.6
1398590 2698.0
1398600 2701.2
1398610 2701.2
1398620 2703.4
1398630 2704.2
1398640 2704.2
1398650 2703.0
1398660 2700.7
1398670 2700.7
1398680 2702.1
1398690 2705.9
1398700 2705.9
1398710 2709.7
1398720 2713.0
1398730 2713.0
1398740 2714.1
1398750 2714.0
1398760 2714.8
1398770 2714.8
1398780 2717.7
1398790 2720.0
1398800 2720.0
1398810 2722.1
1398820 2723.8
1398830 2723.8
1398840 2725.3
1398850 2726.1
1398860 2726.1
1398870 2726.7
1398880 2727.7
1398890 2727.7
1398900 2728.5
1398910 2729.8
1398920 2729.8
1398930 2731.9
1398940 2735.3
1398950 2735.3
1398960 2739.0
1398970 2742.0
1398980 2743.0
1398990 2743.0
1399000 2742.9
1399010 2742.9
1399020 2742.9
1399030 2743.4
1399040 2743.4
1399050 2743.4
1399060 2744.2
1399070 2746.2
1399080 2746.2
1399090 2746.7
1399100 2750.0
1399110 2750.0
1399120 2752.8
1399130 2755.4
1399140 2755.4
1399150 2757.9
1399160 2760.6
1399170 2760.6
1399180 2763.8
1399190 2767.0
1399200 2770.1
1399210 2770.1
1399220 2773.2
1399230 2775.7
1399240 2775.7
1399250 2777.9
1399260 2779.8
1399270 2779.8
1399280 2781.1
1399290 2782.2
1399300 2782.2
1399310 2784.8
1399320 2788.1
1399330 2788.1
1399340 2791.5
1399350 2794.5
1399360 2794.5
1399370 2798.0
1399380 2800.7
1399390 2803.1
1399400 2803.1
1399410 2804.9
1399420 2805.0
1399430 2805.0
1399440 2806.3
1399450 2808.0
1399460 2808.0
1399470 2809.6
1399480 2810.9
1399490 2810.9
1399500 2812.2
1399510 2813.8
1399520 2813.8
1399530 2817.2
1399540 2821.1
1399550 2821.1
1399560 2824.8
1399570 2828.0
1399580 2828.0
1399590 2831.3
1399600 2835.4
1399610 2840.3
1399620 2840.3
1399630 2845.2
1399640 2849.2
1399650 2849.2
1399660 2852.3
1399670 2857.9
1399680 2857.9
1399690 2865.5
1399700 2872.0
1399710 2872.0
1399720 2875.9
1399730 2877.4
1399740 2877.4
1399750 2878.9
1399760 2881.5
1399770 2881.5
1399780 2884.1
1399790 2887.0
1399800 2887.0
1399810 2890.1
1399820 2893.5
1399830 2897.6
1399840 2897.6
1399850 2903.8
1399860 2910.0
1399870 2910.0
1399880 2913.5
1399890 2918.8
1399900 2918.8
1399910 2924.4
1399920 2930.5
1399930 2930.5
1399940 2937.6
1399950 2944.8
1399960 2944.8
1399970 2950.3
1399980 2954.4
1399990 2954.4
1380000 2990.0
1380010 2990.0
1380020 2994.8
1380030 2999.0
1380040 2999.0
1380050 3004.4
1380060 3010.8
1380070 3010.8
1380080 3016.3
1380090 3022.8
1380100 3029.2
1380110 3029.2
1380120 3035.2
1380130 3044.6
1380140 3044.6
1380150 3053.3
1380160 3056.4
1380170 3056.4
1380180 3064.3
1380190 3079.4
1380200 3079.4
1380210 3091.1
1380220 3104.4
1380230 3104.4
1380240 3117.0
1380250 3122.4
1380260 3122.4
1380270 3126.6
1380280 3131.3
1380290 3131.3
1380300 3135.7
1380310 3140.8
1380320 3148.0
1380330 3148.0
1380340 3154.4
1380350 3159.8
1380360 3159.8
1380370 3165.2
1380380 3156.9
1380390 3156.9
1380400 3146.0
1380410 3133.4
1380420 3133.4
1380430 3122.0
1380440 3111.7
1380450 3111.7
1380460 3103.5
1380470 3098.9
1380480 3098.9
1380490 3096.0
1380500 3090.5
1380510 3090.5
1380520 3084.3
1380530 3079.4
1380540 3076.3
1380550 3076.3
1380560 3075.3
1380570 3075.8
1380580 3075.8
1380590 3076.5
1380600 3076.8
1380610 3076.8
1380620 3077.2
1380630 3078.7
1380640 3078.7
1380650 3081.4
1380660 3084.9
1380670 3084.9
1380680 3088.7
1380690 3095.1
1380700 3095.1
1380710 3127.2
1380720 3148.6
1380730 3148.6
1380740 3154.3
1380750 3161.0
1380760 3169.4
1380770 3169.4
1380780 3175.5
1380790 3181.9
1380800 3181.9
1380810 3198.1
1380820 3214.7
1380830 3214.7
1380840 3219.1
1380850 3223.1
1380860 3223.1
1380870 3233.2
1380880 3245.1
1380890 3245.1
1380900 3251.7
1380910 3254.1
1380920 3254.1
1380930 3257.9
1380940 3260.8
1380950 3260.8
1380960 3261.9
1380970 3261.8
1380980 3260.9
1380990 3260.9
1381000 3256.6
1381010 3248.7
1381020 3248.7
1381030 3228.6
1381040 3206.3
1381050 3206.3
1381060 3185.9
1381070 3170.7
1381080 3170.7
1381090 3157.0
1381100 3136.8
1381110 3136.8
1381120 3115.1
1381130 3098.0
1381140 3098.0
1381150 3084.0
1381160 3073.7
1381170 3065.5
1381180 3065.5
1381190 3058.2
1381200 3050.3
1381210 3050.3
1381220 3029.4
1381230 3017.7
1381240 3017.7
1381250 3007.7
1381260 3002.6
1381270 3002.6
1381280 2999.4
1381290 2996.6
1381300 2996.6
1381310 2994.5
1381320 2992.1
1381330 2992.1
1381340 2989.6
1381350 2987.5
1381360 2987.5
1381370 2985.9
1381380 2984.7
1381390 2982.7
1381400 2982.7
1381410 2981.2
1381420 2980.2
1381430 2980.2
1381440 2979.8
1381450 2980.8
1381460 2980.8
1381470 2983.3
1381480 2988.7
1381490 2988.7
1381500 2994.8
1381510 3002.1
1381520 3002.1
1381530 3014.8
1381540 3022.4
1381550 3022.4
1381560 3029.6
1381570 3037.9
1381580 3037.9
1381590 3029.2
1381600 3015.3
1381610 2995.1
1381620 2995.1
1381630 2979.8
1381640 2967.6
1381650 2967.6
1381660 2955.6
1381670 2933.1
1381680 2933.1
1381690 2902.5
1381700 2887.0
1381710 2887.0
1381720 2880.0
1381730 2873.4
1381740 2873.4
1381750 2866.8
1381760 2861.3
1381770 2861.3
1381780 2856.9
1381790 2853.1
1381800 2853.1
1381810 2850.5
1381820 2847.8
1381830 2844.3
1381840 2844.3
1381850 2840.6
1381860 2838.0
1381870 2838.0
1381880 2837.0
1381890 2836.6
1381900 2836.6
1381910 2836.4
1381920 2836.3
1381930 2836.3
1381940 2836.7
1381950 2837.6
1381960 2837.6
1381970 2838.2
1381980 2838.7
1381990 2838.7
1382000 2837.4
1382010 2835.0
1382020 2835.0
1382030 2831.4
1382040 2825.3
1382050 2818.6
1382060 2818.6
1382070 2811.6
1382080 2803.3
1382090 2803.3
1382100 2794.7
1382110 2787.5
1382120 2787.5
1382130 2781.0
1382140 2775.1
1382150 2775.1
1382160 2769.9
1382170 2765.2
1382180 2765.2
1382190 2761.7
1382200 2758.8
1382210 2758.8
1382220 2756.4
1382230 2754.4
1382240 2754.4
1382250 2752.3
1382260 2750.7
1382270 2749.4
1382280 2749.4
1382290 2747.5
1382300 2745.2
1382310 2745.2
1382320 2743.2
1382330 2741.5
1382340 2741.5
1382350 2740.1
1382360 2738.0
1382370 2738.0
1382380 2735.2
1382390 2733.1
1382400 2733.1
1382410 2731.7
1382420 2729.8
1382430 2729.8
1382440 2727.1
1382450 2724.7
1382460 2723.6
1382470 2723.6
1382480 2723.3
1382490 2721.7
1382500 2721.7
1382510 2720.0
1382520 2718.2
1382530 2718.2
1382540 2716.1
1382550 2715.4
1382560 2715.4
1382570 2715.6
1382580 2715.6
1382590 2715.6
1382600 2715.3
1382610 2714.3
1382620 2714.3
1382630 2713.2
1382640 2712.6
1382650 2712.6
1382660 2712.3
1382670 2712.0
1382680 2711.3
1382690 2711.3
1382700 2710.4
1382710 2709.6
1382720 2709.6
1382730 2708.8
1382740 2708.3
1382750 2708.3
1382760 2707.8
1382770 2707.5
1382780 2707.5
1382790 2707.3
1382800 2707.1
1382810 2707.1
1382820 2707.0
1382830 2707.0
1382840 2706.1
1382850 2705.2
1382860 2703.9
1382870 2703.9
1382880 2702.1
1382890 2699.8
1382900 2697.3
1382910 2697.3
1382920 2694.5
1382930 2691.8
1382940 2691.8
1382950 2689.4
1382960 2687.7
1382970 2687.7
1382980 2686.8
1382990 2686.1
1383000 2686.1
1383010 2685.4
1383020 2684.7
1383030 2684.7
1383040 2684.1
1383050 2683.5
1383060 2683.5
1383070 2682.7
1383080 2682.0
1383090 2682.0
1383100 2681.1
1383110 2680.3
1383120 2679.5
1383130 2679.5
1383140 2678.7
1383150 2678.1
1383160 2678.1
1383170 2677.5
1383180 2676.6
1383190 2676.6
1383200 2675.3
1383210 2673.9
1383220 2673.9
1383230 2672.3
1383240 2670.5
1383250 2670.5
1383260 2668.6
1383270 2667.1
1383280 2667.1
1383290 2665.6
1383300 2663.7
1383310 2663.7
1383320 2659.4
1383330 2653.9
1383340 2647.7
1383350 2647.7
1383360 2642.3
1383370 2638.9
1383380 2638.9
1383390 2636.1
1383400 2633.1
1383410 2633.1
1383420 2629.6
1383430 2625.0
1383440 2625.0
1383450 2619.9
1383460 2614.9
1383470 2614.9
1383480 2609.9
1383490 2605.2
1383500 2605.2
1383510 2600.9
1383520 2596.7
1383530 2592.3
1383540 2592.3
1383550 2588.0
1383560 2583.8
1383570 2583.8
1383580 2579.8
1383590 2575.6
1383600 2575.6
1383610 2571.2
1383620 2566.8
1383630 2566.8
1383640 2562.7
1383650 2558.4
1383660 2558.4
1383670 2554.6
1383680 2551.1
1383690 2551.1
1383700 2547.5
1383710 2544.7
1383720 2544.7
1383730 2543.7
1383740 2544.7
1383750 2545.4
1383760 2545.4
1383770 2546.5
1383780 2547.3
1383790 2547.3
1383800 2547.8
1383810 2548.3
1383820 2548.3
1383830 2548.5
1383840 2548.7
1383850 2548.7
1383860 2550.5
1383870 2554.7
1383880 2554.7
1383890 2559.2
1383900 2562.7
1383910 2562.7
1383920 2566.0
1383930 2568.6
1383940 2568.6
1383950 2570.4
1383960 2569.0
1383970 2565.1
1383980 2565.1
1383990 2563.2
1384000 2562.6
1384010 2562.6
1384020 2563.3
1384030 2565.1
1384040 2565.1
1384050 2567.1
1384060 2569.8
1384070 2569.8
1384080 2572.2
1384090 2570.8
1384100 2570.8
1384110 2573.4
1384120 2576.3
1384130 2576.3
1384140 2580.9
1384150 2585.6
1384160 2585.6
1384170 2590.5
1384180 2595.2
1384190 2599.6
1384200 2599.6
1384210 2605.1
1384220 2610.4
1384230 2610.4
1384240 2615.8
1384250 2621.6
1384260 2621.6
1384270 2627.4
1384280 2633.5
1384290 2633.5
1384300 2640.7
1384310 2648.6
1384320 2648.6
1384330 2656.9
1384340 2665.3
1384350 2665.3
1384360 2674.4
1384370 2684.1
1384380 2684.1
1384390 2693.1
1384400 2698.6
1384410 2693.5
1384420 2693.5
1384430 2683.3
1384440 2665.6
1384450 2665.6
1384460 2653.7
1384470 2645.1
1384480 2645.1
1384490 2638.1
1384500 2633.2
1384510 2633.2
1384520 2629.0
1384530 2623.0
1384540 2623.0
1384550 2616.6
1384560 2611.8
1384570 2611.8
1384580 2607.3
1384590 2602.1
1384600 2596.9
1384610 2596.9
1384620 2591.1
1384630 2585.6
1384640 2585.6
1384650 2577.7
1384660 2567.8
1384670 2567.8
1384680 2561.7
1384690 2557.3
1384700 2557.3
1384710 2553.0
1384720 2548.6
1384730 2548.6
1384740 2543.8
1384750 2538.8
1384760 2538.8
1384770 2533.6
1384780 2527.7
1384790 2527.7
1384800 2522.0
1384810 2516.9
1384820 2511.8
1384830 2511.8
1384840 2506.6
1384850 2501.4
1384860 2501.4
1384870 2495.9
1384880 2490.3
1384890 2490.3
1384900 2484.6
1384910 2478.8
1384920 2478.8
1384930 2472.8
1384940 2466.5
1384950 2466.5
1384960 2459.8
1384970 2454.1
1384980 2454.1
1384990 2448.3
1385000 2442.1
1385010 2442.1
1385020 2435.6
1385030 2428.9
1385040 2422.5
1385050 2422.5
1385060 2416.5
1385070 2410.5
1385080 2410.5
1385090 2404.6
1385100 2398.8
1385110 2398.8
1385120 2393.0
1385130 2387.2
1385140 2387.2
1385150 2381.6
1385160 2376.7
1385170 2376.7
1385180 2371.9
1385190 2367.6
1385200 2367.6
1385210 2363.8
1385220 2359.9
1385230 2359.9
1385240 2355.8
1385250 2351.8
1385260 2347.7
1385270 2347.7
1385280 2343.2
1385290 2338.7
1385300 2338.7
1385310 2335.1
1385320 2329.8
1385330 2329.8
1385340 2322.6
1385350 2315.8
1385360 2320.5
1385370 2312.8
1385380 2305.2
1385390 2305.2
1385400 2298.0
1385410 2292.1
1385420 2292.1
1385430 2286.7
1385440 2281.2
1385450 2281.2
1385460 2276.5
1385470 2271.3
1385480 2265.0
1385490 2265.0
1385500 2258.8
1385510 2252.5
1385520 2252.5
1385530 2247.0
1385540 2241.3
1385550 2241.3
1385560 2236.1
1385570 2231.9
1385580 2231.9
1385590 2225.2
1385600 2217.1
1385610 2217.1
1385620 2208.9
1385630 2200.0
1385640 2200.0
1385650 2191.8
1385660 2185.7
1385670 2185.7
1385680 2180.4
1385690 2177.1
1385700 2174.1
1385710 2174.1
1385720 2170.0
1385730 2166.4
1385740 2166.4
1385750 2165.6
1385760 2160.4
1385770 2160.4
1385780 2153.1
1385790 2142.3
1385800 2142.3
1385810 2133.1
1385820 2125.3
1385830 2125.3
1385840 2117.6
1385850 2111.1
1385860 2111.1
1385870 2106.7
1385880 2105.6
1385890 2102.8
1385900 2102.8
1385910 2096.2
1385920 2089.4
1385930 2089.4
1385940 2081.5
1385950 2072.4
1385960 2072.4
1385970 2063.9
1385980 2052.8
1385990 2052.8
1386000 2043.0
1386010 2034.3
1386020 2034.3
1386030 2026.5
1386040 2022.1
1386050 2022.1
1386060 2016.5
1386070 2007.6
1386080 2007.6
1386090 1999.8
1386100 1992.9
1386110 1986.5
1386120 1986.5
1386130 1980.9
1386140 1973.8
1386150 1973.8
1386160 1966.0
1386170 1959.9
1386180 1959.9
1386190 1956.6
1386200 1951.8
1386210 1951.8
1386220 1945.4
1386230 1938.7
1386240 1938.7
1386250 1932.2
1386260 1926.1
1386270 1926.1
1386280 1920.6
1386290 1915.8
1386300 1915.8
1386310 1911.1
1386320 1906.2
1386330 1900.7
1386340 1900.7
1386350 1894.7
1386360 1890.1
1386370 1890.1
1386380 1886.4
1386390 1882.7
1386400 1882.7
1386410 1878.9
1386420 1874.1
1386430 1874.1
1386440 1869.3
1386450 1865.2
1386460 1865.2
1386470 1859.7
1386480 1855.5
1386490 1855.5
1386500 1855.7
1386510 1858.0
1386520 1858.0
1386530 1857.6
1386540 1857.6
1386550 1857.6
1386560 1857.6
1386570 1857.2
1386580 1857.0
1386590 1857.0
1386600 1857.0
1386610 1856.8
1386620 1856.8
1386630 1856.5
1386640 1855.8
1386650 1855.1
1386660 1854.6
1386670 1853.6
1386680 1853.6
1386690 1853.3
1386700 1853.4
1386710 1853.4
1386720 1852.9
1386730 1853.1
1386740 1853.1
1386750 1852.9
1386760 1853.3
1386770 1854.1
1386780 1854.1
1386790 1854.8
1386800 1856.4
1386810 1856.4
1386820 1857.9
1386830 1860.1
1386840 1860.1
1386850 1862.0
1386860 1865.0
1386870 1865.0
1386880 1867.8
1386890 1871.8
1386900 1871.8
1386910 1875.8
1386920 1879.7
1386930 1879.7
1386940 1884.0
1386950 1889.7
1386960 1895.1
1386970 1895.1
1386980 1900.8
1386990 1906.7
1387000 1906.7
1387010 1912.2
1387020 1916.7
1387030 1916.7
1387040 1921.0
1387050 1925.7
1387060 1925.7
1387070 1930.6
1387080 1935.9
1387090 1935.9
1387100 1940.9
1387110 1946.5
1387120 1946.5
1387130 1953.0
1387140 1958.6
1387150 1958.6
1387160 1964.4
1387170 1971.2
1387180 1979.0
1387190 1979.0
1387200 1986.9
1387210 1994.6
1387220 1994.6
1387230 2001.4
1387240 2007.3
1387250 2007.3
1387260 2013.1
1387270 2018.0
1387280 2018.0
1387290 2023.4
1387300 2026.0
1387310 2026.0
1387320 2025.4
1387330 2027.0
1387340 2027.0
1387350 2031.8
1387360 2036.0
1387370 2036.0
1387380 2039.4
1387390 2043.6
1387400 2045.0
1387410 2045.0
1387420 2047.6
1387430 2052.2
1387440 2052.2
1387450 2054.1
1387460 2051.1
1387470 2051.1
1387480 2048.8
1387490 2047.4
1387500 2047.4
1387510 2047.2
1387520 2047.0
1387530 2047.0
1387540 2048.4
1387550 2052.6
1387560 2052.6
1387570 2056.8
1387580 2061.5
1387590 2061.5
1387600 2065.5
1387610 2068.0
1387620 2069.5
1387630 2069.5
1387640 2071.2
1387650 2073.5
1387660 2073.5
1387670 2075.9
1387680 2078.5
1387690 2078.5
1387700 2079.8
1387710 2080.5
1387720 2080.5
1387730 2081.6
1387740 2081.9
1387750 2081.9
1387760 2081.0
1387770 2079.6
1387780 2079.6
1387790 2077.9
1387800 2076.5
1387810 2076.5
1387820 2075.2
1387830 2074.0
1387840 2073.0
1387850 2073.0
1387860 2072.0
1387870 2071.4
1387880 2071.4
1387890 2070.9
1387900 2071.1
1387910 2071.1
1387920 2071.3
1387930 2070.6
1387940 2070.6
1387950 2068.9
1387960 2059.6
1387970 2059.6
1387980 2056.1
1387990 2054.4
1388000 2054.4
1388010 2053.1
1388020 2051.6
1388030 2050.0
1388040 2050.0
1388050 2050.0
1388060 2051.2
1388070 2051.2
1388080 2055.1
1388090 2059.7
1388100 2059.7
1388110 2063.1
1388120 2065.5
1388130 2065.5
1388140 2069.6
1388150 2072.8
1388160 2072.8
1388170 2074.2
1388180 2075.2
1388190 2075.2
1388200 2074.9
1388210 2073.8
1388220 2073.8
1388230 2075.0
1388240 2079.8
1388250 2084.7
1388260 2084.7
1388270 2087.4
1388280 2087.9
1388290 2087.9
1388300 2087.3
1388310 2086.2
1388320 2086.2
1388330 2083.6
1388340 2081.5
1388350 2081.5
1388360 2079.6
1388370 2077.9
1388380 2077.9
1388390 2076.8
1388400 2075.7
1388410 2075.7
1388420 2074.5
1388430 2072.5
1388440 2072.5
1388450 2070.5
1388460 2068.9
1388470 2068.4
1388480 2068.4
1388490 2068.5
1388500 2067.2
1388510 2067.2
1388520 2065.1
1388530 2062.9
1388540 2062.9
1388550 2061.5
1388560 2060.1
1388570 2060.1
1388580 2058.5
1388590 2056.9
1388600 2056.9
1388610 2054.4
1388620 2052.0
1388630 2052.0
1388640 2050.1
1388650 2048.8
1388660 2048.8
1388670 2047.4
1388680 2045.2
1388690 2042.4
1388700 2042.4
1388710 2039.0
1388720 2036.6
1388730 2036.6
1388740 2033.6
1388750 2028.5
1388760 2028.5
1388770 2021.3
1388780 2016.1
1388790 2016.1
1388800 2012.7
1388810 2009.8
1388820 2009.8
1388830 2006.4
1388840 2002.8
1388850 2002.8
1388860 1999.1
1388870 1995.7
1388880 1995.7
1388890 1993.2
1388900 1991.9
1388910 1991.1
1388920 1991.1
1388930 1989.9
1388940 1988.5
1388950 1988.5
1388960 1986.4
1388970 1984.6
1388980 1984.6
1388990 1983.1
1389000 1980.8
1389010 1980.8
1389020 1978.8
1389030 1976.3
1389040 1976.3
1389050 1973.8
1389060 1971.4
1389070 1971.4
1389080 1969.3
1389090 1967.1
1389100 1964.6
1389110 1964.6
1389120 1961.8
1389130 1959.0
1389140 1959.0
1389150 1956.3
1389160 1954.6
1389170 1954.6
1389180 1955.1
1389190 1955.6
1389200 1955.6
1389210 1955.7
1389220 1956.7
1389230 1956.7
1389240 1957.8
1389250 1958.5
1389260 1958.5
1389270 1959.1
1389280 1952.2
1389290 1952.2
1389300 1950.7
1389310 1947.7
1389320 1942.0
1389330 1942.0
1389340 1934.3
1389350 1924.3
1389360 1924.3
1389370 1915.3
1389380 1906.9
1389390 1906.9
1389400 1899.7
1389410 1893.3
1389420 1893.3
1389430 1887.9
1389440 1882.9
1389450 1882.9
1389460 1878.7
1389470 1874.6
1389480 1874.6
1389490 1870.2
1389500 1866.3
1389510 1866.3
1389520 1863.7
1389530 1861.5
1389540 1859.6
1389550 1859.6
1389560 1857.7
1389570 1854.2
1389580 1854.2
1389590 1850.1
1389600 1845.9
1389610 1845.9
1389620 1841.5
1389630 1837.6
1389640 1837.6
1389650 1834.3
1389660 1832.3
1389670 1832.3
1389680 1831.1
1389690 1831.1
1389700 1831.1
1389710 1831.4
1389720 1830.5
1389730 1830.5
1389740 1828.2
1389750 1821.7
1389760 1809.3
1389770 1809.3
1389780 1797.7
1389790 1788.6
1389800 1788.6
1389810 1781.9
1389820 1775.1
1389830 1775.1
1389840 1769.5
1389850 1765.6
1389860 1765.6
1389870 1760.9
1389880 1758.6
1389890 1758.6
1389900 1756.6
1389910 1753.5
1389920 1753.5
1389930 1753.1
1389940 1754.6
1389950 1754.6
1389960 1754.5
1389970 1756.4
1389980 1758.9
1389990 1758.9
1390000 1760.7
1390010 1762.8
1390020 1762.8
1390030 1764.4
1390040 1766.7
1390050 1766.7
1390060 1769.1
1390070 1771.0
1390080 1771.0
1390090 1772.9
1390100 1774.5
1390110 1774.5
1390120 1775.2
1390130 1775.5
1390140 1775.5
1390150 1775.4
1390160 1776.2
1390170 1776.2
1390180 1775.2
1390190 1774.5
1390200 1776.2
1390210 1776.2
1390220 1776.9
1390230 1777.4
1390240 1777.4
1390250 1778.0
1390260 1777.7
1390270 1777.7
1390280 1775.7
1390290 1772.5
1390300 1772.5
1390310 1768.8
1390320 1766.0
1390330 1766.0
1390340 1764.7
1390350 1763.9
1390360 1763.9
1390370 1762.4
1390380 1761.2
1390390 1761.1
1390400 1761.1
1390410 1762.3
1390420 1762.7
1390430 1762.7
1390440 1763.9
1390450 1765.9
1390460 1765.9
1390470 1767.8
1390480 1768.6
1390490 1768.6
1390500 1769.0
1390510 1771.4
1390520 1771.4
1390530 1774.9
1390540 1780.7
1390550 1780.7
1390560 1784.0
1390570 1786.7
1390580 1786.7
1390590 1788.6
1390600 1790.3
1390610 1792.1
1390620 1788.1
1390630 1789.2
1390640 1791.2
1390650 1791.2
1390660 1794.4
1390670 1797.3
1390680 1797.3
1390690 1799.2
1390700 1800.1
1390710 1800.1
1390720 1801.3
1390730 1803.2
1390740 1803.2
1390750 1804.9
1390760 1806.0
1390770 1806.0
1390780 1808.4
1390790 1811.9
1390800 1811.9
1390810 1816.4
1390820 1819.2
1390830 1820.2
1390840 1820.2
1390850 1820.7
1390860 1821.1
1390870 1821.1
1390880 1821.0
1390890 1823.7
1390900 1823.7
1390910 1828.1
1390920 1832.1
1390930 1832.1
1390940 1836.0
1390950 1841.1
1390960 1841.1
1390970 1845.7
1390980 1850.6
1390990 1850.6
1391000 1855.5
1391010 1860.5
1391020 1860.5
1391030 1869.3
1391040 1874.5
1391050 1878.8
1391060 1878.8
1391070 1882.1
1391080 1885.7
1391090 1885.7
1391100 1888.7
1391110 1891.3
1391120 1891.3
1391130 1895.5
1391140 1899.2
1391150 1899.2
1391160 1904.5
1391170 1911.0
1391180 1911.0
1391190 1918.0
1391200 1924.4
1391210 1924.4
1391220 1931.0
1391230 1937.7
1391240 1937.7
1391250 1944.0
1391260 1950.0
1391270 1954.7
1391280 1954.7
1391290 1959.5
1391300 1964.6
1391310 1964.6
1391320 1969.6
1391330 1974.8
1391340 1974.8
1391350 1979.5
1391360 1984.9
1391370 1984.9
1391380 1991.6
1391390 1999.3
1391400 1999.3
1391410 2007.1
1391420 2014.3
1391430 2014.3
1391440 2022.0
1391450 2029.7
1391460 2038.0
1391470 2038.0
1391480 2047.2
1391490 2057.0
1391500 2057.0
1391510 2066.0
1391520 2074.3
1391530 2074.3
1391540 2082.2
1391550 2089.5
1391560 2089.5
1391570 2097.0
1391580 2104.5
1391590 2104.5
1391600 2112.4
1391610 2119.9
1391620 2119.9
1391630 2126.7
1391640 2133.1
1391650 2133.1
1391660 2138.8
1391670 2144.5
1391680 2150.6
1391690 2150.6
1391700 2156.9
1391710 2163.0
1391720 2163.0
1391730 2169.3
1391740 2176.1
1391750 2176.1
1391760 2183.8
1391770 2185.0
1391780 2185.0
1391790 2182.6
1391800 2188.6
1391810 2188.6
1391820 2187.4
1391830 2173.3
1391840 2173.3
1391850 2164.6
1391860 2156.0
1391870 2156.0
1391880 2149.2
1391890 2143.0
1391900 2132.5
1391910 2132.5
1391920 2122.5
1391930 2115.0
1391940 2115.0
1391950 2106.4
1391960 2098.1
1391970 2092.2
1391980 2084.6
1391990 2078.3
1392000 2078.3
1392010 2071.6
1392020 2064.2
1392030 2064.2
1392040 2058.0
1392050 2051.6
1392060 2051.6
1392070 2045.2
1392080 2038.1
1392090 2038.1
1392100 2030.3
1392110 2022.7
1392120 2014.7
1392130 2014.7
1392140 2005.5
1392150 1998.9
1392160 1998.9
1392170 1995.5
1392180 1992.5
1392190 1992.5
1392200 1989.4
1392210 1988.7
1392220 1988.7
1392230 1990.1
1392240 1988.5
1392250 1988.5
1392260 1984.1
1392270 1981.4
1392280 1981.4
1392290 1981.2
1392300 1981.3
1392310 1981.3
1392320 1974.0
1392330 1964.8
1392340 1956.4
1392350 1956.4
1392360 1949.2
1392370 1941.8
1392380 1941.8
1392390 1934.5
1392400 1923.8
1392410 1923.8
1392420 1917.6
1392430 1910.3
1392440 1910.3
1392450 1898.4
1392460 1889.8
1392470 1889.8
1392480 1885.5
1392490 1880.8
1392500 1880.8
1392510 1870.3
1392520 1860.4
1392530 1860.4
1392540 1860.2
1392550 1855.3
1392560 1846.9
1392570 1846.9
1392580 1837.0
1392590 1829.3
1392600 1829.3
1392610 1825.6
1392620 1815.7
1392630 1815.7
1392640 1802.3
1392650 1796.6
1392660 1796.6
1392670 1793.9
1392680 1790.8
1392690 1790.8
1392700 1786.3
1392710 1784.9
1392720 1784.9
1392730 1785.5
1392740 1780.6
1392750 1770.9
1392760 1770.9
1392770 1760.4
1392780 1749.1
1392790 1749.1
1392800 1733.0
1392810 1711.1
1392820 1711.1
1392830 1696.9
1392840 1683.7
1392850 1683.7
1392860 1674.7
1392870 1666.8
1392880 1666.8
1392890 1658.6
1392900 1650.2
1392910 1650.2
1392920 1641.6
1392930 1633.2
1392940 1633.2
1392950 1624.9
1392960 1616.9
1392970 1609.5
1392980 1609.5
1392990 1602.3
1393000 1593.4
1393010 1593.4
1393020 1579.6
1393030 1568.1
1393040 1568.1
1393050 1560.0
1393060 1553.2
1393070 1553.2
1393080 1546.3
1393090 1539.4
1393100 1539.4
1393110 1532.0
1393120 1525.6
1393130 1525.6
1393140 1521.0
1393150 1519.6
1393160 1519.6
1393170 1518.5
1393180 1516.0
1393190 1511.8
1393200 1511.8
1393210 1504.5
1393220 1495.5
1393230 1495.5
1393240 1485.9
1393250 1476.7
1393260 1476.7
1393270 1468.0
1393280 1459.7
1393290 1459.7
1393300 1453.2
1393310 1448.4
1393320 1448.4
1393330 1444.0
1393340 1439.3
1393350 1434.1
1393360 1429.1
1393370 1424.3
1393380 1424.3
1393390 1419.4
1393400 1416.4
1393410 1415.2
1393420 1415.2
1393430 1413.0
1393440 1410.6
1393450 1410.6
1393460 1408.1
1393470 1404.0
1393480 1404.0
1393490 1399.7
1393500 1395.9
1393510 1395.9
1393520 1391.7
1393530 1387.3
1393540 1387.3
1393550 1383.4
1393560 1379.6
1393570 1379.6
1393580 1376.4
1393590 1373.0
1393600 1373.0
1393610 1370.0
1393620 1365.5
1393630 1360.0
1393640 1360.0
1393650 1354.7
1393660 1349.9
1393670 1349.9
1393680 1345.1
1393690 1340.2
1393700 1340.2
1393710 1336.7
1393720 1334.0
1393730 1334.0
1393740 1330.4
1393750 1326.0
1393760 1326.0
1393770 1322.0
1393780 1319.0
1393790 1319.0
1393800 1315.6
1393810 1312.2
1393820 1309.0
1393830 1309.0
1393840 1305.8
1393850 1303.2
1393860 1303.2
1393870 1300.5
1393880 1297.0
1393890 1297.0
1393900 1294.0
1393910 1290.9
1393920 1290.9
1393930 1287.8
1393940 1285.1
1393950 1285.1
1393960 1282.7
1393970 1280.6
1393980 1280.6
1393990 1278.4
1394000 1276.2
1394010 1276.2
1394020 1274.4
1394030 1272.6
1394040 1270.8
1394050 1270.8
1394060 1269.3
1394070 1268.2
1394080 1268.2
1394090 1266.9
1394100 1265.8
1394110 1265.8
1394120 1263.6
1394130 1261.1
1394140 1261.1
1394150 1259.4
1394160 1258.2
1394170 1258.2
1394180 1256.7
1394190 1254.2
1394200 1254.2
1394210 1251.6
1394220 1249.9
1394230 1249.9
1394240 1248.5
1394250 1246.6
1394260 1240.8
1394270 1240.8
1394280 1234.8
1394290 1232.8
1394300 1232.8
1394310 1231.9
1394320 1231.2
1394330 1231.2
1394340 1228.4
1394350 1224.3
1394360 1224.3
1394370 1223.0
1394380 1227.4
1394390 1227.4
1394400 1234.7
1394410 1241.3
1394420 1241.3
1394430 1248.0
1394440 1254.9
1394450 1254.9
1394460 1258.1
1394470 1264.7
1394480 1272.7
1394490 1272.7
1394500 1279.0
1394510 1284.0
1394520 1284.0
1394530 1288.1
1394540 1293.1
1394550 1293.1
1394560 1298.6
1394570 1304.3
1394580 1304.3
1394590 1310.6
1394600 1317.9
1394610 1317.9
1394620 1323.9
1394630 1329.7
1394640 1329.7
1394650 1335.3
1394660 1340.9
1394670 1340.9
1394680 1346.3
1394690 1351.6
1394700 1356.3
1394710 1356.3
1394720 1361.0
1394730 1366.2
1394740 1366.2
1394750 1373.1
1394760 1378.5
1394770 1378.5
1394780 1384.2
1394790 1389.8
1394800 1389.8
1394810 1395.4
1394820 1401.4
1394830 1401.4
1394840 1407.3
1394850 1411.1
1394860 1411.1
1394870 1411.3
1394880 1411.1
1394890 1416.2
1394900 1416.2
1394910 1424.7
1394920 1432.8
1394930 1432.8
1394940 1440.1
1394950 1446.6
1394960 1446.6
1394970 1452.7
1394980 1461.8
1394990 1461.8
1395000 1476.3
1395010 1488.7
1395020 1488.7
1395030 1495.1
1395040 1500.7
1395050 1500.7
1395060 1506.4
1395070 1513.1
1395080 1513.1
1395090 1519.9
1395100 1526.4
1395110 1532.8
1395120 1532.8
1395130 1539.3
1395140 1545.8
1395150 1545.8
1395160 1553.1
1395170 1559.8
1395180 1559.8
1395190 1566.2
1395200 1573.3
1395210 1573.3
1395220 1580.8
1395230 1588.4
1395240 1588.4
1395250 1596.0
1395260 1602.7
1395270 1602.7
1395280 1609.5
1395290 1616.5
1395300 1616.5
1395310 1623.8
1395320 1630.8
1395330 1638.1
1395340 1638.1
1395350 1645.5
1395360 1653.0
1395370 1653.0
1395380 1659.6
1395390 1665.9
1395400 1665.9
1395410 1672.5
1395420 1678.7
1395430 1678.7
1395440 1685.0
1395450 1692.4
1395460 1692.4
1395470 1700.3
1395480 1711.0
1395490 1711.0
1395500 1721.9
1395510 1732.3
1395520 1732.3
1395530 1743.2
1395540 1755.0
1395550 1765.1
1395560 1765.1
1395570 1774.2
1395580 1783.1
1395590 1783.1
1395600 1792.0
1395610 1799.6
1395620 1799.6
1395630 1807.0
1395640 1813.1
1395650 1813.1
1395660 1818.1
1395670 1823.0
1395680 1823.0
1395690 1827.0
1395700 1831.4
1395710 1831.4
1395720 1836.9
1395730 1844.3
1395740 1844.3
1395750 1852.9
1395760 1865.2
1395770 1878.0
1395780 1878.0
1395790 1888.9
1395800 1897.4
1395810 1897.4
1395820 1906.2
1395830 1915.7
1395840 1915.7
1395850 1926.9
1395860 1942.0
1395870 1942.0
1395880 1950.3
1395890 1958.6
1395900 1958.6
1395910 1966.8
1395920 1974.8
1395930 1974.8
1395940 1982.1
1395950 1989.8
1395960 1989.8
1395970 1997.1
1395980 2004.5
1395990 2012.4
1396000 2012.4
1396010 2020.3
1396020 2028.0
1396030 2028.0
1396040 2035.8
1396050 2044.2
1396060 2044.2
1396070 2052.7
1396080 2061.1
1396090 2061.1
1396100 2069.2
1396110 2077.6
1396120 2077.6
1396130 2086.2
1396140 2094.8
1396150 2094.8
1396160 2104.0
1396170 2113.0
1396180 2121.5
1396190 2121.5
1396200 2130.9
1396210 2141.3
1396220 2141.3
1396230 2151.3
1396240 2159.9
1396250 2159.9
1396260 2168.0
1396270 2175.5
1396280 2175.5
1396290 2186.9
1396300 2204.4
1396310 2204.4
1396320 2219.9
1396330 2231.3
1396340 2231.3
1396350 2240.0
1396360 2246.6
1396370 2246.6
1396380 2249.5
1396390 2251.7
1396400 2254.7
1396410 2254.7
1396420 2257.0
1396430 2260.1
1396440 2260.1
1396450 2259.8
1396460 2259.2
1396470 2259.2
1396480 2263.2
1396490 2267.7
1396500 2267.7
1396510 2266.1
1396520 2270.3
1396530 2270.3
1396540 2279.1
1396550 2287.6
1396560 2287.6
1396570 2289.1
1396580 2284.6
1396590 2284.6
1396600 2281.1
1396610 2277.6
1396620 2276.9
1396630 2276.9
1396640 2280.4
1396650 2286.8
1396660 2286.8
1396670 2294.1
1396680 2302.7
1396690 2302.7
1396700 2313.5
1396710 2323.5
1396720 2323.5
1396730 2335.4
1396740 2351.1
1396750 2351.1
1396760 2364.8
1396770 2373.1
1396780 2373.1
1396790 2371.0
1396800 2367.3
1396810 2367.3
1396820 2361.3
1396830 2356.7
1396840 2341.1
1396850 2341.1
1396860 2328.8
1396870 2322.9
1396880 2322.9
1396890 2318.3
1396900 2316.2
1396910 2316.2
1396920 2316.6
1396930 2317.3
1396940 2317.3
1396950 2318.2
1396960 2318.2
1396970 2318.2
1396980 2318.0
1396990 2319.7
1397000 2319.7
1397010 2324.7
1397020 2328.4
1397030 2328.4
1397040 2331.7
1397050 2337.3
1397060 2343.9
1397070 2343.9
1397080 2351.6
1397090 2358.4
1397100 2358.4
1397110 2365.4
1397120 2373.4
1397130 2373.4
1397140 2383.4
1397150 2395.1
1397160 2395.1
1397170 2407.0
1397180 2420.5
1397190 2420.5
1397200 2421.0
1397210 2412.9
1397220 2412.9
1397230 2407.2
1397240 2401.7
1397250 2398.9
1397260 2398.9
1397270 2400.6
1397280 2399.7
1397290 2399.7
1397300 2400.5
1397310 2401.7
1397320 2401.7
1397330 2402.6
1397340 2402.0
1397350 2402.0
1397360 2399.6
1397370 2394.7
1397380 2394.7
1397390 2394.4
1397400 2398.7
1397410 2398.7
1397420 2403.9
1397430 2408.1
1397440 2408.1
1397450 2413.5
1397460 2419.7
1397470 2427.2
1397480 2427.2
1397490 2434.3
1397500 2438.6
1397510 2438.6
1397520 2443.4
1397530 2449.0
1397540 2449.0
1397550 2453.8
1397560 2460.6
1397570 2460.6
1397580 2468.2
1397590 2473.4
1397600 2473.4
1397610 2476.9
1397620 2485.5
1397630 2485.5
1397640 2489.3
1397650 2491.9
1397660 2491.9
1397670 2493.4
1397680 2494.8
1397690 2495.7
1397700 2495.7
1397710 2495.7
1397720 2497.2
1397730 2497.2
1397740 2503.1
1397750 2509.6
1397760 2509.6
1397770 2514.0
1397780 2517.6
1397790 2517.6
1397800 2521.5
1397810 2523.7
1397820 2523.7
1397830 2526.5
1397840 2531.4
1397850 2531.4
1397860 2537.0
1397870 2541.6
1397880 2541.6
1397890 2545.1
1397900 2547.6
1397910 2549.8
1397920 2549.8
1397930 2552.6
1397940 2555.7
1397950 2555.7
1397960 2557.6
1397970 2559.4
1397980 2559.4
1397990 2562.4
1398000 2565.9
1398010 2565.9
1398020 2568.5
1398030 2570.6
1398040 2570.6
1398050 2572.1
1398060 2572.5
1398070 2572.5
1398080 2572.3
1398090 2572.2
1398100 2572.2
1398110 2571.4
1398120 2571.4
1398130 2573.4
1398140 2573.4
1398150 2578.7
1398160 2586.0
1398170 2586.0
1398180 2592.2
1398190 2595.8
1398200 2595.8
1398210 2599.2
1398220 2603.9
1398230 2603.9
1398240 2609.0
1398250 2614.6
1398260 2614.6
1398270 2620.5
1398280 2625.7
1398290 2625.7
1398300 2630.4
1398310 2635.0
1398320 2639.9
1398330 2639.9
1398340 2644.4
1398350 2649.2
1398360 2649.2
1398370 2653.7
1398380 2657.0
1398390 2657.0
1398400 2659.6
1398410 2661.4
1398420 2661.4
1398430 2663.1
1398440 2664.9
1398450 2664.9
1398460 2667.1
1398470 2670.1
1398480 2670.1
1398490 2674.2
1398500 2678.0
1398510 2678.0
1398520 2681.6
1398530 2683.9
1398540 2686.7
1398550 2686.7
1398560 2689.3
1398570 2693.6
1398580 2693.6
1398590 2698.0
1398600 2701.2
1398610 2701.2
1398620 2703.4
1398630 2704.2
1398640 2704.2
1398650 2703.0
1398660 2700.7
1398670 2700.7
1398680 2702.1
1398690 2705.9
1398700 2705.9
1398710 2709.7
1398720 2713.0
1398730 2713.0
1398740 2714.1
1398750 2714.0
1398760 2714.8
1398770 2714.8
1398780 2717.7
1398790 2720.0
1398800 2720.0
1398810 2722.1
1398820 2723.8
1398830 2723.8
1398840 2725.3
1398850 2726.1
1398860 2726.1
1398870 2726.7
1398880 2727.7
1398890 2727.7
1398900 2728.5
1398910 2729.8
1398920 2729.8
1398930 2731.9
1398940 2735.3
1398950 2735.3
1398960 2739.0
1398970 2742.0
1398980 2743.0
1398990 2743.0
1399000 2742.9
1399010 2742.9
1399020 2742.9
1399030 2743.4
1399040 2743.4
1399050 2743.4
1399060 2744.2
1399070 2746.2
1399080 2746.2
1399090 2746.7
1399100 2750.0
1399110 2750.0
1399120 2752.8
1399130 2755.4
1399140 2755.4
1399150 2757.9
1399160 2760.6
1399170 2760.6
1399180 2763.8
1399190 2767.0
1399200 2770.1
1399210 2770.1
1399220 2773.2
1399230 2775.7
1399240 2775.7
1399250 2777.9
1399260 2779.8
1399270 2779.8
1399280 2781.1
1399290 2782.2
1399300 2782.2
1399310 2784.8
1399320 2788.1
1399330 2788.1
1399340 2791.5
1399350 2794.5
1399360 2794.5
1399370 2798.0
1399380 2800.7
1399390 2803.1
1399400 2803.1
1399410 2804.9
1399420 2805.0
1399430 2805.0
1399440 2806.3
1399450 2808.0
1399460 2808.0
1399470 2809.6
1399480 2810.9
1399490 2810.9
1399500 2812.2
1399510 2813.8
1399520 2813.8
1399530 2817.2
1399540 2821.1
1399550 2821.1
1399560 2824.8
1399570 2828.0
1399580 2828.0
1399590 2831.3
1399600 2835.4
1399610 2840.3
1399620 2840.3
1399630 2845.2
1399640 2849.2
1399650 2849.2
1399660 2852.3
1399670 2857.9
1399680 2857.9
1399690 2865.5
1399700 2872.0
1399710 2872.0
1399720 2875.9
1399730 2877.4
1399740 2877.4
1399750 2878.9
1399760 2881.5
1399770 2881.5
1399780 2884.1
1399790 2887.0
1399800 2887.0
1399810 2890.1
1399820 2893.5
1399830 2897.6
1399840 2897.6
1399850 2903.8
1399860 2910.0
1399870 2910.0
1399880 2913.5
1399890 2918.8
1399900 2918.8
1399910 2924.4
1399920 2930.5
1399930 2930.5
1399940 2937.6
1399950 2944.8
1399960 2944.8
1399970 2950.3
1399980 2954.4
1399990 2954.4
