1380000 736.7
1380010 737.4
1380020 737.4
1380030 738.3
1380040 739.6
1380050 739.6
1380060 741.0
1380070 742.8
1380080 742.8
1380090 744.0
1380100 744.5
1380110 744.5
1380120 745.0
1380130 745.8
1380140 745.8
1380150 746.4
1380160 746.9
1380170 746.9
1380180 747.5
1380190 748.2
1380200 749.1
1380210 749.1
1380220 750.6
1380230 752.4
1380240 752.4
1380250 753.4
1380260 753.9
1380270 753.9
1380280 754.8
1380290 756.6
1380300 756.6
1380310 761.3
1380320 767.9
1380330 767.9
1380340 773.0
1380350 777.2
1380360 777.2
1380370 781.7
1380380 786.4
1380390 786.4
1380400 790.1
1380410 792.7
1380420 792.7
1380430 796.0
1380440 800.3
1380450 800.3
1380460 805.1
1380470 809.8
1380480 809.8
1380490 814.2
1380500 818.1
1380510 818.1
1380520 820.9
1380530 822.1
1380540 822.1
1380550 822.5
1380560 821.5
1380570 821.5
1380580 820.5
1380590 820.4
1380600 820.0
1380610 820.0
1380620 819.8
1380630 819.9
1380640 819.9
1380650 819.5
1380660 817.9
1380670 817.9
1380680 815.1
1380690 811.4
1380700 811.4
1380710 808.7
1380720 807.4
1380730 807.4
1380740 807.0
1380750 806.6
1380760 806.6
1380770 806.1
1380780 804.8
1380790 804.8
1380800 802.9
1380810 800.8
1380820 800.8
1380830 796.2
1380840 790.9
1380850 790.9
1380860 785.2
1380870 779.9
1380880 779.9
1380890 773.5
1380900 770.9
1380910 770.9
1380920 775.0
1380930 779.7
1380940 779.7
1380950 783.7
1380960 785.9
1380970 785.9
1380980 787.2
1380990 787.0
1381000 787.2
1381010 787.2
1381020 788.4
1381030 791.3
1381040 791.3
1381050 795.6
1381060 800.2
1381070 800.2
1381080 802.3
1381090 807.0
1381100 807.0
1381110 806.2
1381120 809.0
1381130 809.0
1381140 814.0
1381150 818.6
1381160 818.6
1381170 823.4
1381180 828.5
1381190 828.5
1381200 832.6
1381210 836.6
1381220 836.6
1381230 841.1
1381240 846.2
1381250 846.2
1381260 851.4
1381270 856.7
1381280 856.7
1381290 862.2
1381300 867.9
1381310 867.9
1381320 872.1
1381330 874.5
1381340 874.5
1381350 877.3
1381360 880.1
1381370 880.1
1381380 882.7
1381390 885.5
1381400 889.7
1381410 889.7
1381420 895.3
1381430 900.1
1381440 900.1
1381450 903.9
1381460 908.2
1381470 908.2
1381480 917.1
1381490 934.2
1381500 934.2
1381510 951.4
1381520 971.4
1381530 971.4
1381540 990.2
1381550 1000.7
1381560 1000.7
1381570 1009.3
1381580 1015.9
1381590 1015.9
1381600 1022.5
1381610 1029.5
1381620 1029.5
1381630 1036.5
1381640 1041.4
1381650 1041.4
1381660 1045.2
1381670 1048.2
1381680 1048.2
1381690 1049.8
1381700 1050.3
1381710 1050.3
1381720 1051.0
1381730 1051.1
1381740 1051.1
1381750 1051.7
1381760 1051.5
1381770 1051.5
1381780 1051.8
1381790 1052.8
1381800 1052.8
1381810 1053.7
1381820 1049.1
1381830 1041.3
1381840 1041.3
1381850 1035.0
1381860 1031.1
1381870 1031.1
1381880 1029.2
1381890 1026.5
1381900 1026.5
1381910 1023.3
1381920 1018.4
1381930 1018.4
1381940 1010.0
1381950 1002.4
1381960 1002.4
1381970 996.0
1381980 990.8
1381990 990.8
1382000 983.4
1382010 977.2
1382020 977.2
1382030 972.1
1382040 966.6
1382050 966.6
1382060 961.9
1382070 957.4
1382080 957.4
1382090 952.5
1382100 942.6
1382110 942.6
1382120 930.2
1382130 920.8
1382140 920.8
1382150 912.4
1382160 904.2
1382170 904.2
1382180 895.9
1382190 886.0
1382200 886.0
1382210 875.6
1382220 862.6
1382230 849.8
1382240 849.8
1382250 839.3
1382260 829.9
1382270 829.9
1382280 821.6
1382290 814.1
1382300 814.1
1382310 805.1
1382320 794.3
1382330 794.3
1382340 789.9
1382350 784.0
1382360 784.0
1382370 775.4
1382380 770.2
1382390 770.2
1382400 766.9
1382410 765.6
1382420 765.6
1382430 765.3
1382440 771.9
1382450 771.9
1382460 780.2
1382470 787.9
1382480 787.9
1382490 795.1
1382500 801.7
1382510 801.7
1382520 809.0
1382530 815.7
1382540 815.7
1382550 820.5
1382560 825.2
1382570 825.2
1382580 831.4
1382590 839.4
1382600 839.4
1382610 850.8
1382620 861.5
1382630 869.5
1382640 869.5
1382650 875.9
1382660 882.1
1382670 882.1
1382680 888.5
1382690 895.1
1382700 895.1
1382710 902.3
1382720 910.3
1382730 910.3
1382740 918.5
1382750 926.5
1382760 926.5
1382770 934.6
1382780 942.5
1382790 942.5
1382800 951.6
1382810 964.0
1382820 964.0
1382830 979.3
1382840 991.4
1382850 991.4
1382860 1008.0
1382870 1022.4
1382880 1022.4
1382890 1029.8
1382900 1037.0
1382910 1037.0
1382920 1043.8
1382930 1051.1
1382940 1051.1
1382950 1059.8
1382960 1068.6
1382970 1068.6
1382980 1079.0
1382990 1087.2
1383000 1087.2
1383010 1094.7
1383020 1102.4
1383030 1102.4
1383040 1109.6
1383050 1116.0
1383060 1122.9
1383070 1122.9
1383080 1130.6
1383090 1138.4
1383100 1138.4
1383110 1146.8
1383120 1156.3
1383130 1156.3
1383140 1163.0
1383150 1172.3
1383160 1172.3
1383170 1180.8
1383180 1189.6
1383190 1189.6
1383200 1196.6
1383210 1202.9
1383220 1202.9
1383230 1209.1
1383240 1214.8
1383250 1214.8
1383260 1220.9
1383270 1227.4
1383280 1227.4
1383290 1233.8
1383300 1240.2
1383310 1240.2
1383320 1245.6
1383330 1251.0
1383340 1251.0
1383350 1256.7
1383360 1262.5
1383370 1262.5
1383380 1267.8
1383390 1273.1
1383400 1273.1
1383410 1278.9
1383420 1284.5
1383430 1284.5
1383440 1289.7
1383450 1295.2
1383460 1301.3
1383470 1301.3
1383480 1307.4
1383490 1313.9
1383500 1313.9
1383510 1320.6
1383520 1326.6
1383530 1326.6
1383540 1333.0
1383550 1339.2
1383560 1339.2
1383570 1345.6
1383580 1351.7
1383590 1351.7
1383600 1359.6
1383610 1365.2
1383620 1365.2
1383630 1370.7
1383640 1376.6
1383650 1376.6
1383660 1383.0
1383670 1389.0
1383680 1389.0
1383690 1391.9
1383700 1394.8
1383710 1394.8
1383720 1397.6
1383730 1399.5
1383740 1399.5
1383750 1401.3
1383760 1402.8
1383770 1402.8
1383780 1404.6
1383790 1405.9
1383800 1405.9
1383810 1405.9
1383820 1406.1
1383830 1406.1
1383840 1406.3
1383850 1403.7
1383860 1402.3
1383870 1402.3
1383880 1403.5
1383890 1403.4
1383900 1403.4
1383910 1393.4
1383920 1382.2
1383930 1382.2
1383940 1373.8
1383950 1363.7
1383960 1363.7
1383970 1356.8
1383980 1349.4
1383990 1349.4
1384000 1343.2
1384010 1337.8
1384020 1337.8
1384030 1332.7
1384040 1328.3
1384050 1328.3
1384060 1324.7
1384070 1322.3
1384080 1322.3
1384090 1319.7
1384100 1316.6
1384110 1316.6
1384120 1313.3
1384130 1310.4
1384140 1310.4
1384150 1307.0
1384160 1304.4
1384170 1304.4
1384180 1302.0
1384190 1299.7
1384200 1299.7
1384210 1297.6
1384220 1294.8
1384230 1294.8
1384240 1291.7
1384250 1287.6
1384260 1281.6
1384270 1281.6
1384280 1275.3
1384290 1273.8
1384300 1273.8
1384310 1272.0
1384320 1270.3
1384330 1270.3
1384340 1268.6
1384350 1267.1
1384360 1267.1
1384370 1265.3
1384380 1263.8
1384390 1263.8
1384400 1263.9
1384410 1264.9
1384420 1264.9
1384430 1265.8
1384440 1266.3
1384450 1266.3
1384460 1271.4
1384470 1280.4
1384480 1280.4
1384490 1287.3
1384500 1291.3
1384510 1291.3
1384520 1294.6
1384530 1296.9
1384540 1296.9
1384550 1297.5
1384560 1296.5
1384570 1296.5
1384580 1295.8
1384590 1294.5
1384600 1294.5
1384610 1292.6
1384620 1291.3
1384630 1291.3
1384640 1290.4
1384650 1290.1
1384660 1290.1
1384670 1290.1
1384680 1289.1
1384690 1289.6
1384700 1289.6
1384710 1291.5
1384720 1291.4
1384730 1291.4
1384740 1291.0
1384750 1289.2
1384760 1289.2
1384770 1287.3
1384780 1287.8
1384790 1287.8
1384800 1288.1
1384810 1287.0
1384820 1287.0
1384830 1285.7
1384840 1284.2
1384850 1284.2
1384860 1282.2
1384870 1280.5
1384880 1282.0
1384890 1280.4
1384900 1278.9
1384910 1278.9
1384920 1275.2
1384930 1269.7
1384940 1269.7
1384950 1263.9
1384960 1256.1
1384970 1256.1
1384980 1247.8
1384990 1239.1
1385000 1239.1
1385010 1231.3
1385020 1224.1
1385030 1224.1
1385040 1216.4
1385050 1207.8
1385060 1207.8
1385070 1200.6
1385080 1194.0
1385090 1187.1
1385100 1187.1
1385110 1179.1
1385120 1171.5
1385130 1171.5
1385140 1163.6
1385150 1157.8
1385160 1157.8
1385170 1155.3
1385180 1152.9
1385190 1152.9
1385200 1150.0
1385210 1147.3
1385220 1147.3
1385230 1144.8
1385240 1142.4
1385250 1142.4
1385260 1140.5
1385270 1138.9
1385280 1138.9
1385290 1137.5
1385300 1137.0
1385310 1137.0
1385320 1136.9
1385330 1136.2
1385340 1136.2
1385350 1135.1
1385360 1134.5
1385370 1134.5
1385380 1134.3
1385390 1134.8
1385400 1134.8
1385410 1135.9
1385420 1136.0
1385430 1136.0
1385440 1129.6
1385450 1117.9
1385460 1117.9
1385470 1103.4
1385480 1084.0
1385490 1075.3
1385500 1075.3
1385510 1065.3
1385520 1051.2
1385530 1051.2
1385540 1040.0
1385550 1033.4
1385560 1033.4
1385570 1027.4
1385580 1024.4
1385590 1024.4
1385600 1024.7
1385610 1024.9
1385620 1024.9
1385630 1025.0
1385640 1020.8
1385650 1020.8
1385660 1013.5
1385670 1008.1
1385680 1008.1
1385690 1002.4
1385700 995.4
1385710 995.4
1385720 987.3
1385730 979.3
1385740 979.3
1385750 972.2
1385760 967.3
1385770 967.3
1385780 963.4
1385790 958.7
1385800 958.7
1385810 953.3
1385820 948.5
1385830 948.5
1385840 943.8
1385850 940.1
1385860 940.1
1385870 936.9
1385880 933.9
1385890 931.7
1385900 931.7
1385910 930.6
1385920 929.2
1385930 929.2
1385940 927.0
1385950 923.4
1385960 923.4
1385970 920.5
1385980 916.9
1385990 916.9
1386000 911.5
1386010 902.9
1386020 902.9
1386030 893.6
1386040 884.9
1386050 884.9
1386060 878.7
1386070 872.3
1386080 872.3
1386090 864.5
1386100 852.3
1386110 852.3
1386120 844.8
1386130 839.1
1386140 839.1
1386150 833.3
1386160 824.6
1386170 824.6
1386180 816.4
1386190 796.5
1386200 796.5
1386210 787.1
1386220 781.9
1386230 781.9
1386240 774.6
1386250 763.6
1386260 763.6
1386270 754.2
1386280 748.5
1386290 748.5
1386300 742.2
1386310 735.3
1386320 729.1
1386330 729.1
1386340 723.7
1386350 720.5
1386360 720.5
1386370 717.0
1386380 713.4
1386390 713.4
1386400 707.9
1386410 699.7
1386420 699.7
1386430 688.9
1386440 681.2
1386450 681.2
1386460 675.2
1386470 670.5
1386480 670.5
1386490 665.0
1386500 658.1
1386510 658.1
1386520 651.4
1386530 647.3
1386540 647.3
1386550 645.9
1386560 644.7
1386570 644.7
1386580 644.2
1386590 644.1
1386600 644.1
1386610 643.4
1386620 642.1
1386630 642.1
1386640 640.6
1386650 638.8
1386660 638.8
1386670 636.6
1386680 633.9
1386690 633.9
1386700 631.2
1386710 629.0
1386720 627.4
1386730 627.4
1386740 626.1
1386750 624.8
1386760 624.8
1386770 623.5
1386780 622.2
1386790 622.2
1386800 619.8
1386810 618.7
1386820 618.7
1386830 617.5
1386840 616.1
1386850 616.1
1386860 615.3
1386870 614.6
1386880 614.6
1386890 613.3
1386900 612.1
1386910 612.1
1386920 611.1
1386930 609.8
1386940 609.8
1386950 608.7
1386960 608.2
1386970 608.2
1386980 608.2
1386990 608.2
1387000 608.2
1387010 609.4
1387020 610.9
1387030 610.9
1387040 609.6
1387050 609.4
1387060 609.4
1387070 609.4
1387080 610.1
1387090 610.1
1387100 609.5
1387110 609.8
1387120 610.2
1387130 610.2
1387140 610.7
1387150 611.0
1387160 611.0
1387170 611.2
1387180 612.2
1387190 612.2
1387200 614.1
1387210 616.7
1387220 616.7
1387230 618.4
1387240 618.4
1387250 618.4
1387260 620.3
1387270 627.3
1387280 627.3
1387290 633.4
1387300 638.5
1387310 638.5
1387320 644.0
1387330 649.7
1387340 649.7
1387350 655.3
1387360 661.0
1387370 661.0
1387380 666.6
1387390 672.5
1387400 672.5
1387410 678.4
1387420 684.2
1387430 684.2
1387440 690.0
1387450 696.0
1387460 696.0
1387470 701.8
1387480 707.6
1387490 704.2
1387500 710.8
1387510 717.5
1387520 717.5
1387530 724.3
1387540 731.3
1387550 738.0
1387560 738.0
1387570 744.8
1387580 752.1
1387590 752.1
1387600 760.6
1387610 768.0
1387620 768.0
1387630 774.9
1387640 781.9
1387650 781.9
1387660 788.6
1387670 795.2
1387680 795.2
1387690 801.3
1387700 807.1
1387710 807.1
1387720 812.4
1387730 817.8
1387740 817.8
1387750 823.0
1387760 828.3
1387770 828.3
1387780 833.4
1387790 838.5
1387800 838.5
1387810 843.0
1387820 847.3
1387830 847.3
1387840 850.9
1387850 855.2
1387860 855.2
1387870 861.7
1387880 866.9
1387890 866.9
1387900 869.9
1387910 871.2
1387920 871.2
1387930 874.4
1387940 880.6
1387950 882.3
1387960 882.3
1387970 887.1
1387980 890.5
1387990 890.5
1388000 888.1
1388010 888.5
1388020 888.5
1388030 890.4
1388040 894.6
1388050 894.6
1388060 900.6
1388070 903.5
1388080 903.5
1388090 905.1
1388100 906.1
1388110 906.1
1388120 904.8
1388130 899.6
1388140 899.6
1388150 894.8
1388160 888.4
1388170 888.4
1388180 880.9
1388190 888.9
1388200 888.9
1388210 898.7
1388220 908.4
1388230 908.4
1388240 918.5
1388250 928.9
1388260 928.9
1388270 938.7
1388280 947.0
1388290 947.0
1388300 953.7
1388310 959.8
1388320 959.8
1388330 965.2
1388340 970.6
1388350 975.7
1388360 975.7
1388370 979.8
1388380 982.5
1388390 982.5
1388400 983.5
1388410 987.4
1388420 987.4
1388430 993.3
1388440 998.7
1388450 998.7
1388460 1001.5
1388470 1002.4
1388480 1002.4
1388490 1003.4
1388500 1005.5
1388510 1005.5
1388520 1008.2
1388530 1013.3
1388540 1013.3
1388550 1020.3
1388560 1024.8
1388570 1024.8
1388580 1027.3
1388590 1029.0
1388600 1029.0
1388610 1030.8
1388620 1032.1
1388630 1032.1
1388640 1034.3
1388650 1036.8
1388660 1036.8
1388670 1037.5
1388680 1040.3
1388690 1040.3
1388700 1044.5
1388710 1047.6
1388720 1047.6
1388730 1050.0
1388740 1051.0
1388750 1051.0
1388760 1051.8
1388770 1053.5
1388780 1055.5
1388790 1055.5
1388800 1058.7
1388810 1061.4
1388820 1060.7
1388830 1064.2
1388840 1068.8
1388850 1068.8
1388860 1074.3
1388870 1081.4
1388880 1081.4
1388890 1088.5
1388900 1099.5
1388910 1099.5
1388920 1110.0
1388930 1120.8
1388940 1120.8
1388950 1127.5
1388960 1133.5
1388970 1133.5
1388980 1140.2
1388990 1150.1
1389000 1150.1
1389010 1161.2
1389020 1169.2
1389030 1169.2
1389040 1175.5
1389050 1182.0
1389060 1182.0
1389070 1188.7
1389080 1195.7
1389090 1195.7
1389100 1203.1
1389110 1211.0
1389120 1211.0
1389130 1218.9
1389140 1227.4
1389150 1227.4
1389160 1238.0
1389170 1245.4
1389180 1251.7
1389190 1251.7
1389200 1257.9
1389210 1264.2
1389220 1264.2
1389230 1271.1
1389240 1278.4
1389250 1278.4
1389260 1285.8
1389270 1291.6
1389280 1291.6
1389290 1297.2
1389300 1304.0
1389310 1304.0
1389320 1311.3
1389330 1317.6
1389340 1317.6
1389350 1323.4
1389360 1329.2
1389370 1329.2
1389380 1335.0
1389390 1340.8
1389400 1340.8
1389410 1345.8
1389420 1350.3
1389430 1350.3
1389440 1356.0
1389450 1363.6
1389460 1363.6
1389470 1372.2
1389480 1377.9
1389490 1377.9
1389500 1384.4
1389510 1392.2
1389520 1392.2
1389530 1401.1
1389540 1406.1
1389550 1406.1
1389560 1408.3
1389570 1410.8
1389580 1413.5
1389590 1413.5
1389600 1416.3
1389610 1419.1
1389620 1419.1
1389630 1423.2
1389640 1427.5
1389650 1427.5
1389660 1430.2
1389670 1432.5
1389680 1432.5
1389690 1434.9
1389700 1440.0
1389710 1440.0
1389720 1443.1
1389730 1443.1
1389740 1443.1
1389750 1444.2
1389760 1445.0
1389770 1445.0
1389780 1443.1
1389790 1441.7
1389800 1441.7
1389810 1442.1
1389820 1443.3
1389830 1443.3
1389840 1442.1
1389850 1439.2
1389860 1439.2
1389870 1437.0
1389880 1435.4
1389890 1435.4
1389900 1433.2
1389910 1430.5
1389920 1430.5
1389930 1427.1
1389940 1424.5
1389950 1424.5
1389960 1423.0
1389970 1421.1
1389980 1420.4
1389990 1420.4
1390000 1419.7
1390010 1419.6
1390020 1419.6
1390030 1420.7
1390040 1423.0
1390050 1423.0
1390060 1426.0
1390070 1428.8
1390080 1428.8
1390090 1428.8
1390100 1428.4
1390110 1428.4
1390120 1426.7
1390130 1424.1
1390140 1424.1
1390150 1419.2
1390160 1412.0
1390170 1412.0
1390180 1412.7
1390190 1413.2
1390200 1413.2
1390210 1413.8
1390220 1415.5
1390230 1415.5
1390240 1417.3
1390250 1418.9
1390260 1418.9
1390270 1419.5
1390280 1421.1
1390290 1421.1
1390300 1424.2
1390310 1425.9
1390320 1425.9
1390330 1428.5
1390340 1430.4
1390350 1430.4
1390360 1432.8
1390370 1435.9
1390380 1435.9
1390390 1437.8
1390400 1439.2
1390410 1438.9
1390420 1438.9
1390430 1439.6
1390440 1442.9
1390450 1442.9
1390460 1446.2
1390470 1445.2
1390480 1445.2
1390490 1445.5
1390500 1445.5
1390510 1445.5
1390520 1444.1
1390530 1443.1
1390540 1443.1
1390550 1442.9
1390560 1442.9
1390570 1442.9
1390580 1441.6
1390590 1439.1
1390600 1439.1
1390610 1437.3
1390620 1434.3
1390630 1434.3
1390640 1428.8
1390650 1423.7
1390660 1423.7
1390670 1421.6
1390680 1420.8
1390690 1420.8
1390700 1420.4
1390710 1417.8
1390720 1417.8
1390730 1418.1
1390740 1419.7
1390750 1419.7
1390760 1420.8
1390770 1421.6
1390780 1421.6
1390790 1421.1
1390800 1419.5
1390810 1416.8
1390820 1416.8
1390830 1416.4
1390840 1417.1
1390850 1417.1
1390860 1413.7
1390870 1409.4
1390880 1409.4
1390890 1407.2
1390900 1401.1
1390910 1401.1
1390920 1393.3
1390930 1386.4
1390940 1386.4
1390950 1381.3
1390960 1376.7
1390970 1376.7
1390980 1373.6
1390990 1370.9
1391000 1370.9
1391010 1369.0
1391020 1369.2
1391030 1369.2
1394550 1504.7
1394560 1501.3
1394570 1501.3
1394580 1498.2
1394590 1496.3
1394600 1496.3
1394610 1496.0
1394620 1496.2
1394630 1496.2
1394640 1496.7
1394650 1497.3
1394660 1497.3
1394670 1498.1
1394680 1499.1
1394690 1499.1
1394700 1499.9
1394710 1499.5
1394720 1499.5
1394730 1500.8
1394740 1500.7
1394750 1500.7
1394760 1498.4
1394770 1496.7
1394780 1496.7
1394790 1496.7
1394800 1500.1
1394810 1500.1
1394820 1504.5
1394830 1508.8
1394840 1508.8
1394850 1511.3
1394860 1512.3
1394870 1512.3
1394880 1513.7
1394890 1515.5
1394900 1517.6
1394910 1517.6
1394920 1518.7
1394930 1518.0
1394940 1518.0
1394950 1519.3
1394960 1517.2
1394970 1517.2
1394980 1514.5
1394990 1510.8
1395000 1510.8
1395010 1508.7
1395020 1506.3
1395030 1506.3
1395040 1503.6
1395050 1501.4
1395060 1501.4
1395070 1499.4
1395080 1497.7
1395090 1497.7
1395100 1497.6
1395110 1501.5
1395120 1501.5
1395130 1503.1
1395140 1502.0
1395150 1502.0
1395160 1501.3
1395170 1500.3
1395180 1500.3
1395190 1499.5
1395200 1493.0
1395210 1493.0
1395220 1492.1
1395230 1491.9
1395240 1491.9
1395250 1489.1
1395260 1487.0
1395270 1487.0
1395280 1484.6
1395290 1482.3
1395300 1482.6
1395310 1482.6
1395320 1483.2
1395330 1485.4
1395340 1485.4
1395350 1486.4
1395360 1490.0
1395370 1490.0
1395380 1491.1
1395390 1491.9
1395400 1491.9
1395410 1492.4
1395420 1495.6
1395430 1495.6
1395440 1496.6
1395450 1492.5
1395460 1492.5
1395470 1490.3
1395480 1489.0
1395490 1489.0
1395500 1485.4
1395510 1484.8
1395520 1484.8
1395530 1484.9
1395540 1483.9
1395550 1483.9
1395560 1482.0
1395570 1480.4
1395580 1480.4
1395590 1478.1
1395600 1476.6
1395610 1476.6
1395620 1474.8
1395630 1473.7
1395640 1473.7
1395650 1472.2
1395660 1466.5
1395670 1466.5
1395680 1467.0
1395690 1468.3
1395700 1468.8
1395710 1468.8
1395720 1468.6
1395730 1468.3
1395740 1468.3
1395750 1466.4
1395760 1467.5
1395770 1467.5
1395780 1460.1
1395790 1451.7
1395800 1451.7
1395810 1439.5
1395820 1430.1
1395830 1430.1
1395840 1423.6
1395850 1418.5
1395860 1418.5
1395870 1415.4
1395880 1414.1
1395890 1414.1
1395900 1412.8
1395910 1411.4
1395920 1411.4
1395930 1408.3
1395940 1406.5
1395950 1406.5
1395960 1405.6
1395970 1404.7
1395980 1404.7
1395990 1403.1
1396000 1399.2
1396010 1399.2
1396020 1397.5
1396030 1394.2
1396040 1394.2
1396050 1391.1
1396060 1389.9
1396070 1389.9
1396080 1385.7
1396090 1382.5
1396100 1382.5
1396110 1380.4
1396120 1378.3
1396130 1375.8
1396140 1375.8
1396150 1372.5
1396160 1369.6
1396170 1369.6
1396180 1367.1
1396190 1365.5
1396200 1365.5
1396210 1363.2
1396220 1362.5
1396230 1362.5
1396240 1361.7
1396250 1359.9
1396260 1359.9
1396270 1358.9
1396280 1357.9
1396290 1357.9
1396300 1355.6
1396310 1354.0
1396320 1354.0
1396330 1354.1
1396340 1353.0
1396350 1353.0
1396360 1350.2
1396370 1350.1
1396380 1350.1
1396390 1349.7
1396400 1349.0
1396410 1349.0
1396420 1348.1
1396430 1345.7
1396440 1345.7
1396450 1339.3
1396460 1336.6
1396470 1336.6
1396480 1335.5
1396490 1334.2
1396500 1334.2
1396510 1332.5
1396520 1331.9
1396530 1331.8
1396540 1331.8
1396550 1330.8
1396560 1329.3
1396570 1329.3
1396580 1327.1
1396590 1325.8
1396600 1325.8
1396610 1323.7
1396620 1321.5
1396630 1321.5
1396640 1319.1
1396650 1316.2
1396660 1316.2
1396670 1313.8
1396680 1311.1
1396690 1311.1
1396700 1306.8
1396710 1302.2
1396720 1302.2
1396730 1297.4
1396740 1293.4
1396750 1293.4
1396760 1290.2
1396770 1288.0
1396780 1288.0
1396790 1287.2
1396800 1285.4
1396810 1285.4
1396820 1283.4
1396830 1282.1
1396840 1282.1
1396850 1281.6
1396860 1281.1
1396870 1281.1
1396880 1280.5
1396890 1279.9
1396900 1279.9
1396910 1278.9
1396920 1277.3
1396930 1275.3
1396940 1275.3
1396950 1272.9
1396960 1271.9
1396970 1271.9
1396980 1271.2
1396990 1271.0
1397000 1271.0
1397010 1270.6
1397020 1269.7
1397030 1269.7
1397040 1268.4
1397050 1267.1
1397060 1267.1
1397070 1265.7
1397080 1264.7
1397090 1264.7
1397100 1264.8
1397110 1265.8
1397120 1265.8
1397130 1268.3
1397140 1268.2
1397150 1268.2
1397160 1267.3
1397170 1266.8
1397180 1266.8
1397190 1265.4
1397200 1264.1
1397210 1264.1
1397220 1266.9
1397230 1266.2
1397240 1266.2
1397250 1265.5
1397260 1266.1
1397270 1266.1
1397280 1266.9
1397290 1266.3
1397300 1266.3
1397310 1266.4
1397320 1265.9
1397330 1266.1
1397340 1266.1
1397350 1266.6
1397360 1268.6
1397370 1268.6
1397380 1271.5
1397390 1276.0
1397400 1276.0
1397410 1282.7
1397420 1286.1
1397430 1286.1
1397440 1288.8
1397450 1289.8
1397460 1289.8
1397470 1290.2
1397480 1289.8
1397490 1289.8
1397500 1289.6
1397510 1288.2
1397520 1288.2
1397530 1285.7
1397540 1283.0
1397550 1283.0
1397560 1281.0
1397570 1280.1
1397580 1280.1
1397590 1280.5
1397600 1283.5
1397610 1283.5
1397620 1284.2
1397630 1285.7
1397640 1285.7
1397650 1284.2
1397660 1281.6
1397670 1281.6
1397680 1279.6
1397690 1279.0
1397700 1279.0
1397710 1278.0
1397720 1275.6
1397730 1275.6
1397740 1274.1
1397750 1273.9
1397760 1272.7
1397770 1272.7
1397780 1268.7
1397790 1266.8
1397800 1266.8
1397810 1267.4
1397820 1266.8
1397830 1266.8
1397840 1265.9
1397850 1263.7
1397860 1263.7
1397870 1262.8
1397880 1263.3
1397890 1263.3
1397900 1262.7
1397910 1262.2
1397920 1262.2
1397930 1262.1
1397940 1261.5
1397950 1261.5
1397960 1260.9
1397970 1260.0
1397980 1260.0
1397990 1259.1
1398000 1258.0
1398010 1258.0
1398020 1256.3
1398030 1254.4
1398040 1254.4
1398050 1252.4
1398060 1252.3
1398070 1252.3
1398080 1252.7
1398090 1252.9
1398100 1252.9
1398110 1252.7
1398120 1252.5
1398130 1252.5
1398140 1252.0
1398150 1251.3
1398160 1251.8
1398170 1251.8
1398180 1252.9
1398190 1256.5
1398200 1256.5
1398210 1261.8
1398220 1267.5
1398230 1267.5
1398240 1274.2
1398250 1281.0
1398260 1281.0
1398270 1284.4
1398280 1286.4
1398290 1286.4
1398300 1289.4
1398310 1291.1
1398320 1291.1
1398330 1289.6
1398340 1289.0
1398350 1289.0
1398360 1289.7
1398370 1290.0
1398380 1290.0
1398390 1289.2
1398400 1287.4
1398410 1287.4
1398420 1284.6
1398430 1282.7
1398440 1282.7
1398450 1280.9
1398460 1275.8
1398470 1275.8
1398480 1269.7
1398490 1261.4
1398500 1261.4
1398510 1250.9
1398520 1242.2
1398530 1242.2
1398540 1234.1
1398550 1227.0
1398560 1218.9
1398570 1218.9
1398580 1210.4
1398590 1202.5
1398600 1202.5
1398610 1194.9
1398620 1189.1
1398630 1189.1
1398640 1186.4
1398650 1185.4
1398660 1185.4
1398670 1185.3
1398680 1184.7
1398690 1184.7
1398700 1185.1
1398710 1186.8
1398720 1186.8
1398730 1188.0
1398740 1191.9
1398750 1191.9
1398760 1192.8
1398770 1191.8
1398780 1191.8
1398790 1191.3
1398800 1191.5
1398810 1191.5
1398820 1191.7
1398830 1192.7
1398840 1192.7
1398850 1194.2
1398860 1195.4
1398870 1195.4
1398880 1195.9
1398890 1195.3
1398900 1195.3
1398910 1193.9
1398920 1194.7
1398930 1194.7
1398940 1196.8
1398950 1198.8
1398960 1202.2
1398970 1202.2
1398980 1204.0
1398990 1205.5
1399000 1205.5
1399010 1208.4
1399020 1210.7
1399030 1210.7
1399040 1209.6
1399050 1207.3
1399060 1207.3
1399070 1208.8
1399080 1210.6
1399090 1210.6
1399100 1213.1
1399110 1215.0
1399120 1215.0
1399130 1216.0
1399140 1216.8
1399150 1216.8
1399160 1217.6
1399170 1218.2
1399180 1218.2
1399190 1218.7
1399200 1219.0
1399210 1219.0
1399220 1219.5
1399230 1220.0
1399240 1220.0
1399250 1220.5
1399260 1220.8
1399270 1220.8
1399280 1220.9
1399290 1221.2
1399300 1221.2
1399310 1221.4
1399320 1221.1
1399330 1221.1
1399340 1220.8
1399350 1222.9
1399360 1222.9
1399370 1227.8
1399380 1232.7
1399390 1235.9
1399400 1235.9
1399410 1239.8
1399420 1243.8
1399430 1243.8
1399750 1368.8
1399760 1368.8
1399770 1372.9
1399780 1379.3
1399790 1383.2
1399800 1383.2
1399810 1385.3
1399820 1385.4
1399830 1385.4
1399840 1384.2
1399850 1384.3
1399860 1384.3
1399870 1385.0
1399880 1385.1
1399890 1385.1
1399900 1385.1
1399910 1385.0
1399920 1385.0
1399930 1385.3
1399940 1385.2
1399950 1385.2
1399960 1384.4
1399970 1382.9
1399980 1382.9
1399990 1381.6
1380000 736.7
1380010 737.4
1380020 737.4
1380030 738.3
1380040 739.6
1380050 739.6
1380060 741.0
1380070 742.8
1380080 742.8
1380090 744.0
1380100 744.5
1380110 744.5
1380120 745.0
1380130 745.8
1380140 745.8
1380150 746.4
1380160 746.9
1380170 746.9
1380180 747.5
1380190 748.2
1380200 749.1
1380210 749.1
1380220 750.6
1380230 752.4
1380240 752.4
1380250 753.4
1380260 753.9
1380270 753.9
1380280 754.8
1380290 756.6
1380300 756.6
1380310 761.3
1380320 767.9
1380330 767.9
1380340 773.0
1380350 777.2
1380360 777.2
1380370 781.7
1380380 786.4
1380390 786.4
1380400 790.1
1380410 792.7
1380420 792.7
1380430 796.0
1380440 800.3
1380450 800.3
1380460 805.1
1380470 809.8
1380480 809.8
1380490 814.2
1380500 818.1
1380510 818.1
1380520 820.9
1380530 822.1
1380540 822.1
1380550 822.5
1380560 821.5
1380570 821.5
1380580 820.5
1380590 820.4
1380600 820.0
1380610 820.0
1380620 819.8
1380630 819.9
1380640 819.9
1380650 819.5
1380660 817.9
1380670 817.9
1380680 815.1
1380690 811.4
1380700 811.4
1380710 808.7
1380720 807.4
1380730 807.4
1380740 807.0
1380750 806.6
1380760 806.6
1380770 806.1
1380780 804.8
1380790 804.8
1380800 802.9
1380810 800.8
1380820 800.8
1380830 796.2
1380840 790.9
1380850 790.9
1380860 785.2
1380870 779.9
1380880 779.9
1380890 773.5
1380900 770.9
1380910 770.9
1380920 775.0
1380930 779.7
1380940 779.7
1380950 783.7
1380960 785.9
1380970 785.9
1380980 787.2
1380990 787.0
1381000 787.2
1381010 787.2
1381020 788.4
1381030 791.3
1381040 791.3
1381050 795.6
1381060 800.2
1381070 800.2
1381080 802.3
1381090 807.0
1381100 807.0
1381110 806.2
1381120 809.0
1381130 809.0
1381140 814.0
1381150 818.6
1381160 818.6
1381170 823.4
1381180 828.5
1381190 828.5
1381200 832.6
1381210 836.6
1381220 836.6
1381230 841.1
1381240 846.2
1381250 846.2
1381260 851.4
1381270 856.7
1381280 856.7
1381290 862.2
1381300 867.9
1381310 867.9
1381320 872.1
1381330 874.5
1381340 874.5
1381350 877.3
1381360 880.1
1381370 880.1
1381380 882.7
1381390 885.5
1381400 889.7
1381410 889.7
1381420 895.3
1381430 900.1
1381440 900.1
1381450 903.9
1381460 908.2
1381470 908.2
1381480 917.1
1381490 934.2
1381500 934.2
1381510 951.4
1381520 971.4
1381530 971.4
1381540 990.2
1381550 1000.7
1381560 1000.7
1381570 1009.3
1381580 1015.9
1381590 1015.9
1381600 1022.5
1381610 1029.5
1381620 1029.5
1381630 1036.5
1381640 1041.4
1381650 1041.4
1381660 1045.2
1381670 1048.2
1381680 1048.2
1381690 1049.8
1381700 1050.3
1381710 1050.3
1381720 1051.0
1381730 1051.1
1381740 1051.1
1381750 1051.7
1381760 1051.5
1381770 1051.5
1381780 1051.8
1381790 1052.8
1381800 1052.8
1381810 1053.7
1381820 1049.1
1381830 1041.3
1381840 1041.3
1381850 1035.0
1381860 1031.1
1381870 1031.1
1381880 1029.2
1381890 1026.5
1381900 1026.5
1381910 1023.3
1381920 1018.4
1381930 1018.4
1381940 1010.0
1381950 1002.4
1381960 1002.4
1381970 996.0
1381980 990.8
1381990 990.8
1382000 983.4
1382010 977.2
1382020 977.2
1382030 972.1
1382040 966.6
1382050 966.6
1382060 961.9
1382070 957.4
1382080 957.4
1382090 952.5
1382100 942.6
1382110 942.6
1382120 930.2
1382130 920.8
1382140 920.8
1382150 912.4
1382160 904.2
1382170 904.2
1382180 895.9
1382190 886.0
1382200 886.0
1382210 875.6
1382220 862.6
1382230 849.8
1382240 849.8
1382250 839.3
1382260 829.9
1382270 829.9
1382280 821.6
1382290 814.1
1382300 814.1
1382310 805.1
1382320 794.3
1382330 794.3
1382340 789.9
1382350 784.0
1382360 784.0
1382370 775.4
1382380 770.2
1382390 770.2
1382400 766.9
1382410 765.6
1382420 765.6
1382430 765.3
1382440 771.9
1382450 771.9
1382460 780.2
1382470 787.9
1382480 787.9
1382490 795.1
1382500 801.7
1382510 801.7
1382520 809.0
1382530 815.7
1382540 815.7
1382550 820.5
1382560 825.2
1382570 825.2
1382580 831.4
1382590 839.4
1382600 839.4
1382610 850.8
1382620 861.5
1382630 869.5
1382640 869.5
1382650 875.9
1382660 882.1
1382670 882.1
1382680 888.5
1382690 895.1
1382700 895.1
1382710 902.3
1382720 910.3
1382730 910.3
1382740 918.5
1382750 926.5
1382760 926.5
1382770 934.6
1382780 942.5
1382790 942.5
1382800 951.6
1382810 964.0
1382820 964.0
1382830 979.3
1382840 991.4
1382850 991.4
1382860 1008.0
1382870 1022.4
1382880 1022.4
1382890 1029.8
1382900 1037.0
1382910 1037.0
1382920 1043.8
1382930 1051.1
1382940 1051.1
1382950 1059.8
1382960 1068.6
1382970 1068.6
1382980 1079.0
1382990 1087.2
1383000 1087.2
1383010 1094.7
1383020 1102.4
1383030 1102.4
1383040 1109.6
1383050 1116.0
1383060 1122.9
1383070 1122.9
1383080 1130.6
1383090 1138.4
1383100 1138.4
1383110 1146.8
1383120 1156.3
1383130 1156.3
1383140 1163.0
1383150 1172.3
1383160 1172.3
1383170 1180.8
1383180 1189.6
1383190 1189.6
1383200 1196.6
1383210 1202.9
1383220 1202.9
1383230 1209.1
1383240 1214.8
1383250 1214.8
1383260 1220.9
1383270 1227.4
1383280 1227.4
1383290 1233.8
1383300 1240.2
1383310 1240.2
1383320 1245.6
1383330 1251.0
1383340 1251.0
1383350 1256.7
1383360 1262.5
1383370 1262.5
1383380 1267.8
1383390 1273.1
1383400 1273.1
1383410 1278.9
1383420 1284.5
1383430 1284.5
1383440 1289.7
1383450 1295.2
1383460 1301.3
1383470 1301.3
1383480 1307.4
1383490 1313.9
1383500 1313.9
1383510 1320.6
1383520 1326.6
1383530 1326.6
1383540 1333.0
1383550 1339.2
1383560 1339.2
1383570 1345.6
1383580 1351.7
1383590 1351.7
1383600 1359.6
1383610 1365.2
1383620 1365.2
1383630 1370.7
1383640 1376.6
1383650 1376.6
1383660 1383.0
1383670 1389.0
1383680 1389.0
1383690 1391.9
1383700 1394.8
1383710 1394.8
1383720 1397.6
1383730 1399.5
1383740 1399.5
1383750 1401.3
1383760 1402.8
1383770 1402.8
1383780 1404.6
1383790 1405.9
1383800 1405.9
1383810 1405.9
1383820 1406.1
1383830 1406.1
1383840 1406.3
1383850 1403.7
1383860 1402.3
1383870 1402.3
1383880 1403.5
1383890 1403.4
1383900 1403.4
1383910 1393.4
1383920 1382.2
1383930 1382.2
1383940 1373.8
1383950 1363.7
1383960 1363.7
1383970 1356.8
1383980 1349.4
1383990 1349.4
1384000 1343.2
1384010 1337.8
1384020 1337.8
1384030 1332.7
1384040 1328.3
1384050 1328.3
1384060 1324.7
1384070 1322.3
1384080 1322.3
1384090 1319.7
1384100 1316.6
1384110 1316.6
1384120 1313.3
1384130 1310.4
1384140 1310.4
1384150 1307.0
1384160 1304.4
1384170 1304.4
1384180 1302.0
1384190 1299.7
1384200 1299.7
1384210 1297.6
1384220 1294.8
1384230 1294.8
1384240 1291.7
1384250 1287.6
1384260 1281.6
1384270 1281.6
1384280 1275.3
1384290 1273.8
1384300 1273.8
1384310 1272.0
1384320 1270.3
1384330 1270.3
1384340 1268.6
1384350 1267.1
1384360 1267.1
1384370 1265.3
1384380 1263.8
1384390 1263.8
1384400 1263.9
1384410 1264.9
1384420 1264.9
1384430 1265.8
1384440 1266.3
1384450 1266.3
1384460 1271.4
1384470 1280.4
1384480 1280.4
1384490 1287.3
1384500 1291.3
1384510 1291.3
1384520 1294.6
1384530 1296.9
1384540 1296.9
1384550 1297.5
1384560 1296.5
1384570 1296.5
1384580 1295.8
1384590 1294.5
1384600 1294.5
1384610 1292.6
1384620 1291.3
1384630 1291.3
1384640 1290.4
1384650 1290.1
1384660 1290.1
1384670 1290.1
1384680 1289.1
1384690 1289.6
1384700 1289.6
1384710 1291.5
1384720 1291.4
1384730 1291.4
1384740 1291.0
1384750 1289.2
1384760 1289.2
1384770 1287.3
1384780 1287.8
1384790 1287.8
1384800 1288.1
1384810 1287.0
1384820 1287.0
1384830 1285.7
1384840 1284.2
1384850 1284.2
1384860 1282.2
1384870 1280.5
1384880 1282.0
1384890 1280.4
1384900 1278.9
1384910 1278.9
1384920 1275.2
1384930 1269.7
1384940 1269.7
1384950 1263.9
1384960 1256.1
1384970 1256.1
1384980 1247.8
1384990 1239.1
1385000 1239.1
1385010 1231.3
1385020 1224.1
1385030 1224.1
1385040 1216.4
1385050 1207.8
1385060 1207.8
1385070 1200.6
1385080 1194.0
1385090 1187.1
1385100 1187.1
1385110 1179.1
1385120 1171.5
1385130 1171.5
1385140 1163.6
1385150 1157.8
1385160 1157.8
1385170 1155.3
1385180 1152.9
1385190 1152.9
1385200 1150.0
1385210 1147.3
1385220 1147.3
1385230 1144.8
1385240 1142.4
1385250 1142.4
1385260 1140.5
1385270 1138.9
1385280 1138.9
1385290 1137.5
1385300 1137.0
1385310 1137.0
1385320 1136.9
1385330 1136.2
1385340 1136.2
1385350 1135.1
1385360 1134.5
1385370 1134.5
1385380 1134.3
1385390 1134.8
1385400 1134.8
1385410 1135.9
1385420 1136.0
1385430 1136.0
1385440 1129.6
1385450 1117.9
1385460 1117.9
1385470 1103.4
1385480 1084.0
1385490 1075.3
1385500 1075.3
1385510 1065.3
1385520 1051.2
1385530 1051.2
1385540 1040.0
1385550 1033.4
1385560 1033.4
1385570 1027.4
1385580 1024.4
1385590 1024.4
1385600 1024.7
1385610 1024.9
1385620 1024.9
1385630 1025.0
1385640 1020.8
1385650 1020.8
1385660 1013.5
1385670 1008.1
1385680 1008.1
1385690 1002.4
1385700 995.4
1385710 995.4
1385720 987.3
1385730 979.3
1385740 979.3
1385750 972.2
1385760 967.3
1385770 967.3
1385780 963.4
1385790 958.7
1385800 958.7
1385810 953.3
1385820 948.5
1385830 948.5
1385840 943.8
1385850 940.1
1385860 940.1
1385870 936.9
1385880 933.9
1385890 931.7
1385900 931.7
1385910 930.6
1385920 929.2
1385930 929.2
1385940 927.0
1385950 923.4
1385960 923.4
1385970 920.5
1385980 916.9
1385990 916.9
1386000 911.5
1386010 902.9
1386020 902.9
1386030 893.6
1386040 884.9
1386050 884.9
1386060 878.7
1386070 872.3
1386080 872.3
1386090 864.5
1386100 852.3
1386110 852.3
1386120 844.8
1386130 839.1
1386140 839.1
1386150 833.3
1386160 824.6
1386170 824.6
1386180 816.4
1386190 796.5
1386200 796.5
1386210 787.1
1386220 781.9
1386230 781.9
1386240 774.6
1386250 763.6
1386260 763.6
1386270 754.2
1386280 748.5
1386290 748.5
1386300 742.2
1386310 735.3
1386320 729.1
1386330 729.1
1386340 723.7
1386350 720.5
1386360 720.5
1386370 717.0
1386380 713.4
1386390 713.4
1386400 707.9
1386410 699.7
1386420 699.7
1386430 688.9
1386440 681.2
1386450 681.2
1386460 675.2
1386470 670.5
1386480 670.5
1386490 665.0
1386500 658.1
1386510 658.1
1386520 651.4
1386530 647.3
1386540 647.3
1386550 645.9
1386560 644.7
1386570 644.7
1386580 644.2
1386590 644.1
1386600 644.1
1386610 643.4
1386620 642.1
1386630 642.1
1386640 640.6
1386650 638.8
1386660 638.8
1386670 636.6
1386680 633.9
1386690 633.9
1386700 631.2
1386710 629.0
1386720 627.4
1386730 627.4
1386740 626.1
1386750 624.8
1386760 624.8
1386770 623.5
1386780 622.2
1386790 622.2
1386800 619.8
1386810 618.7
1386820 618.7
1386830 617.5
1386840 616.1
1386850 616.1
1386860 615.3
1386870 614.6
1386880 614.6
1386890 613.3
1386900 612.1
1386910 612.1
1386920 611.1
1386930 609.8
1386940 609.8
1386950 608.7
1386960 608.2
1386970 608.2
1386980 608.2
1386990 608.2
1387000 608.2
1387010 609.4
1387020 610.9
1387030 610.9
1387040 609.6
1387050 609.4
1387060 609.4
1387070 609.4
1387080 610.1
1387090 610.1
1387100 609.5
1387110 609.8
1387120 610.2
1387130 610.2
1387140 610.7
1387150 611.0
1387160 611.0
1387170 611.2
1387180 612.2
1387190 612.2
1387200 614.1
1387210 616.7
1387220 616.7
1387230 618.4
1387240 618.4
1387250 618.4
1387260 620.3
1387270 627.3
1387280 627.3
1387290 633.4
1387300 638.5
1387310 638.5
1387320 644.0
1387330 649.7
1387340 649.7
1387350 655.3
1387360 661.0
1387370 661.0
1387380 666.6
1387390 672.5
1387400 672.5
1387410 678.4
1387420 684.2
1387430 684.2
1387440 690.0
1387450 696.0
1387460 696.0
1387470 701.8
1387480 707.6
1387490 704.2
1387500 710.8
1387510 717.5
1387520 717.5
1387530 724.3
1387540 731.3
1387550 738.0
1387560 738.0
1387570 744.8
1387580 752.1
1387590 752.1
1387600 760.6
1387610 768.0
1387620 768.0
1387630 774.9
1387640 781.9
1387650 781.9
1387660 788.6
1387670 795.2
1387680 795.2
1387690 801.3
1387700 807.1
1387710 807.1
1387720 812.4
1387730 817.8
1387740 817.8
1387750 823.0
1387760 828.3
1387770 828.3
1387780 833.4
1387790 838.5
1387800 838.5
1387810 843.0
1387820 847.3
1387830 847.3
1387840 850.9
1387850 855.2
1387860 855.2
1387870 861.7
1387880 866.9
1387890 866.9
1387900 869.9
1387910 871.2
1387920 871.2
1387930 874.4
1387940 880.6
1387950 882.3
1387960 882.3
1387970 887.1
1387980 890.5
1387990 890.5
1388000 888.1
1388010 888.5
1388020 888.5
1388030 890.4
1388040 894.6
1388050 894.6
1388060 900.6
1388070 903.5
1388080 903.5
1388090 905.1
1388100 906.1
1388110 906.1
1388120 904.8
1388130 899.6
1388140 899.6
1388150 894.8
1388160 888.4
1388170 888.4
1388180 880.9
1388190 888.9
1388200 888.9
1388210 898.7
1388220 908.4
1388230 908.4
1388240 918.5
1388250 928.9
1388260 928.9
1388270 938.7
1388280 947.0
1388290 947.0
1388300 953.7
1388310 959.8
1388320 959.8
1388330 965.2
1388340 970.6
1388350 975.7
1388360 975.7
1388370 979.8
1388380 982.5
1388390 982.5
1388400 983.5
1388410 987.4
1388420 987.4
1388430 993.3
1388440 998.7
1388450 998.7
1388460 1001.5
1388470 1002.4
1388480 1002.4
1388490 1003.4
1388500 1005.5
1388510 1005.5
1388520 1008.2
1388530 1013.3
1388540 1013.3
1388550 1020.3
1388560 1024.8
1388570 1024.8
1388580 1027.3
1388590 1029.0
1388600 1029.0
1388610 1030.8
1388620 1032.1
1388630 1032.1
1388640 1034.3
1388650 1036.8
1388660 1036.8
1388670 1037.5
1388680 1040.3
1388690 1040.3
1388700 1044.5
1388710 1047.6
1388720 1047.6
1388730 1050.0
1388740 1051.0
1388750 1051.0
1388760 1051.8
1388770 1053.5
1388780 1055.5
1388790 1055.5
1388800 1058.7
1388810 1061.4
1388820 1060.7
1388830 1064.2
1388840 1068.8
1388850 1068.8
1388860 1074.3
1388870 1081.4
1388880 1081.4
1388890 1088.5
1388900 1099.5
1388910 1099.5
1388920 1110.0
1388930 1120.8
1388940 1120.8
1388950 1127.5
1388960 1133.5
1388970 1133.5
1388980 1140.2
1388990 1150.1
1389000 1150.1
1389010 1161.2
1389020 1169.2
1389030 1169.2
1389040 1175.5
1389050 1182.0
1389060 1182.0
1389070 1188.7
1389080 1195.7
1389090 1195.7
1389100 1203.1
1389110 1211.0
1389120 1211.0
1389130 1218.9
1389140 1227.4
1389150 1227.4
1389160 1238.0
1389170 1245.4
1389180 1251.7
1389190 1251.7
1389200 1257.9
1389210 1264.2
1389220 1264.2
1389230 1271.1
1389240 1278.4
1389250 1278.4
1389260 1285.8
1389270 1291.6
1389280 1291.6
1389290 1297.2
1389300 1304.0
1389310 1304.0
1389320 1311.3
1389330 1317.6
1389340 1317.6
1389350 1323.4
1389360 1329.2
1389370 1329.2
1389380 1335.0
1389390 1340.8
1389400 1340.8
1389410 1345.8
1389420 1350.3
1389430 1350.3
1389440 1356.0
1389450 1363.6
1389460 1363.6
1389470 1372.2
1389480 1377.9
1389490 1377.9
1389500 1384.4
1389510 1392.2
1389520 1392.2
1389530 1401.1
1389540 1406.1
1389550 1406.1
1389560 1408.3
1389570 1410.8
1389580 1413.5
1389590 1413.5
1389600 1416.3
1389610 1419.1
1389620 1419.1
1389630 1423.2
1389640 1427.5
1389650 1427.5
1389660 1430.2
1389670 1432.5
1389680 1432.5
1389690 1434.9
1389700 1440.0
1389710 1440.0
1389720 1443.1
1389730 1443.1
1389740 1443.1
1389750 1444.2
1389760 1445.0
1389770 1445.0
1389780 1443.1
1389790 1441.7
1389800 1441.7
1389810 1442.1
1389820 1443.3
1389830 1443.3
1389840 1442.1
1389850 1439.2
1389860 1439.2
1389870 1437.0
1389880 1435.4
1389890 1435.4
1389900 1433.2
1389910 1430.5
1389920 1430.5
1389930 1427.1
1389940 1424.5
1389950 1424.5
1389960 1423.0
1389970 1421.1
1389980 1420.4
1389990 1420.4
1390000 1419.7
1390010 1419.6
1390020 1419.6
1390030 1420.7
1390040 1423.0
1390050 1423.0
1390060 1426.0
1390070 1428.8
1390080 1428.8
1390090 1428.8
1390100 1428.4
1390110 1428.4
1390120 1426.7
1390130 1424.1
1390140 1424.1
1390150 1419.2
1390160 1412.0
1390170 1412.0
1390180 1412.7
1390190 1413.2
1390200 1413.2
1390210 1413.8
1390220 1415.5
1390230 1415.5
1390240 1417.3
1390250 1418.9
1390260 1418.9
1390270 1419.5
1390280 1421.1
1390290 1421.1
1390300 1424.2
1390310 1425.9
1390320 1425.9
1390330 1428.5
1390340 1430.4
1390350 1430.4
1390360 1432.8
1390370 1435.9
1390380 1435.9
1390390 1437.8
1390400 1439.2
1390410 1438.9
1390420 1438.9
1390430 1439.6
1390440 1442.9
1390450 1442.9
1390460 1446.2
1390470 1445.2
1390480 1445.2
1390490 1445.5
1390500 1445.5
1390510 1445.5
1390520 1444.1
1390530 1443.1
1390540 1443.1
1390550 1442.9
1390560 1442.9
1390570 1442.9
1390580 1441.6
1390590 1439.1
1390600 1439.1
1390610 1437.3
1390620 1434.3
1390630 1434.3
1390640 1428.8
1390650 1423.7
1390660 1423.7
1390670 1421.6
1390680 1420.8
1390690 1420.8
1390700 1420.4
1390710 1417.8
1390720 1417.8
1390730 1418.1
1390740 1419.7
1390750 1419.7
1390760 1420.8
1390770 1421.6
1390780 1421.6
1390790 1421.1
1390800 1419.5
1390810 1416.8
1390820 1416.8
1390830 1416.4
1390840 1417.1
1390850 1417.1
1390860 1413.7
1390870 1409.4
1390880 1409.4
1390890 1407.2
1390900 1401.1
1390910 1401.1
1390920 1393.3
1390930 1386.4
1390940 1386.4
1390950 1381.3
1390960 1376.7
1390970 1376.7
1390980 1373.6
1390990 1370.9
1391000 1370.9
1391010 1369.0
1391020 1369.2
1391030 1369.2
1394550 1504.7
1394560 1501.3
1394570 1501.3
1394580 1498.2
1394590 1496.3
1394600 1496.3
1394610 1496.0
1394620 1496.2
1394630 1496.2
1394640 1496.7
1394650 1497.3
1394660 1497.3
1394670 1498.1
1394680 1499.1
1394690 1499.1
1394700 1499.9
1394710 1499.5
1394720 1499.5
1394730 1500.8
1394740 1500.7
1394750 1500.7
1394760 1498.4
1394770 1496.7
1394780 1496.7
1394790 1496.7
1394800 1500.1
1394810 1500.1
1394820 1504.5
1394830 1508.8
1394840 1508.8
1394850 1511.3
1394860 1512.3
1394870 1512.3
1394880 1513.7
1394890 1515.5
1394900 1517.6
1394910 1517.6
1394920 1518.7
1394930 1518.0
1394940 1518.0
1394950 1519.3
1394960 1517.2
1394970 1517.2
1394980 1514.5
1394990 1510.8
1395000 1510.8
1395010 1508.7
1395020 1506.3
1395030 1506.3
1395040 1503.6
1395050 1501.4
1395060 1501.4
1395070 1499.4
1395080 1497.7
1395090 1497.7
1395100 1497.6
1395110 1501.5
1395120 1501.5
1395130 1503.1
1395140 1502.0
1395150 1502.0
1395160 1501.3
1395170 1500.3
1395180 1500.3
1395190 1499.5
1395200 1493.0
1395210 1493.0
1395220 1492.1
1395230 1491.9
1395240 1491.9
1395250 1489.1
1395260 1487.0
1395270 1487.0
1395280 1484.6
1395290 1482.3
1395300 1482.6
1395310 1482.6
1395320 1483.2
1395330 1485.4
1395340 1485.4
1395350 1486.4
1395360 1490.0
1395370 1490.0
1395380 1491.1
1395390 1491.9
1395400 1491.9
1395410 1492.4
1395420 1495.6
1395430 1495.6
1395440 1496.6
1395450 1492.5
1395460 1492.5
1395470 1490.3
1395480 1489.0
1395490 1489.0
1395500 1485.4
1395510 1484.8
1395520 1484.8
1395530 1484.9
1395540 1483.9
1395550 1483.9
1395560 1482.0
1395570 1480.4
1395580 1480.4
1395590 1478.1
1395600 1476.6
1395610 1476.6
1395620 1474.8
1395630 1473.7
1395640 1473.7
1395650 1472.2
1395660 1466.5
1395670 1466.5
1395680 1467.0
1395690 1468.3
1395700 1468.8
1395710 1468.8
1395720 1468.6
1395730 1468.3
1395740 1468.3
1395750 1466.4
1395760 1467.5
1395770 1467.5
1395780 1460.1
1395790 1451.7
1395800 1451.7
1395810 1439.5
1395820 1430.1
1395830 1430.1
1395840 1423.6
1395850 1418.5
1395860 1418.5
1395870 1415.4
1395880 1414.1
1395890 1414.1
1395900 1412.8
1395910 1411.4
1395920 1411.4
1395930 1408.3
1395940 1406.5
1395950 1406.5
1395960 1405.6
1395970 1404.7
1395980 1404.7
1395990 1403.1
1396000 1399.2
1396010 1399.2
1396020 1397.5
1396030 1394.2
1396040 1394.2
1396050 1391.1
1396060 1389.9
1396070 1389.9
1396080 1385.7
1396090 1382.5
1396100 1382.5
1396110 1380.4
1396120 1378.3
1396130 1375.8
1396140 1375.8
1396150 1372.5
1396160 1369.6
1396170 1369.6
1396180 1367.1
1396190 1365.5
1396200 1365.5
1396210 1363.2
1396220 1362.5
1396230 1362.5
1396240 1361.7
1396250 1359.9
1396260 1359.9
1396270 1358.9
1396280 1357.9
1396290 1357.9
1396300 1355.6
1396310 1354.0
1396320 1354.0
1396330 1354.1
1396340 1353.0
1396350 1353.0
1396360 1350.2
1396370 1350.1
1396380 1350.1
1396390 1349.7
1396400 1349.0
1396410 1349.0
1396420 1348.1
1396430 1345.7
1396440 1345.7
1396450 1339.3
1396460 1336.6
1396470 1336.6
1396480 1335.5
1396490 1334.2
1396500 1334.2
1396510 1332.5
1396520 1331.9
1396530 1331.8
1396540 1331.8
1396550 1330.8
1396560 1329.3
1396570 1329.3
1396580 1327.1
1396590 1325.8
1396600 1325.8
1396610 1323.7
1396620 1321.5
1396630 1321.5
1396640 1319.1
1396650 1316.2
1396660 1316.2
1396670 1313.8
1396680 1311.1
1396690 1311.1
1396700 1306.8
1396710 1302.2
1396720 1302.2
1396730 1297.4
1396740 1293.4
1396750 1293.4
1396760 1290.2
1396770 1288.0
1396780 1288.0
1396790 1287.2
1396800 1285.4
1396810 1285.4
1396820 1283.4
1396830 1282.1
1396840 1282.1
1396850 1281.6
1396860 1281.1
1396870 1281.1
1396880 1280.5
1396890 1279.9
1396900 1279.9
1396910 1278.9
1396920 1277.3
1396930 1275.3
1396940 1275.3
1396950 1272.9
1396960 1271.9
1396970 1271.9
1396980 1271.2
1396990 1271.0
1397000 1271.0
1397010 1270.6
1397020 1269.7
1397030 1269.7
1397040 1268.4
1397050 1267.1
1397060 1267.1
1397070 1265.7
1397080 1264.7
1397090 1264.7
1397100 1264.8
1397110 1265.8
1397120 1265.8
1397130 1268.3
1397140 1268.2
1397150 1268.2
1397160 1267.3
1397170 1266.8
1397180 1266.8
1397190 1265.4
1397200 1264.1
1397210 1264.1
1397220 1266.9
1397230 1266.2
1397240 1266.2
1397250 1265.5
1397260 1266.1
1397270 1266.1
1397280 1266.9
1397290 1266.3
1397300 1266.3
1397310 1266.4
1397320 1265.9
1397330 1266.1
1397340 1266.1
1397350 1266.6
1397360 1268.6
1397370 1268.6
1397380 1271.5
1397390 1276.0
1397400 1276.0
1397410 1282.7
1397420 1286.1
1397430 1286.1
1397440 1288.8
1397450 1289.8
1397460 1289.8
1397470 1290.2
1397480 1289.8
1397490 1289.8
1397500 1289.6
1397510 1288.2
1397520 1288.2
1397530 1285.7
1397540 1283.0
1397550 1283.0
1397560 1281.0
1397570 1280.1
1397580 1280.1
1397590 1280.5
1397600 1283.5
1397610 1283.5
1397620 1284.2
1397630 1285.7
1397640 1285.7
1397650 1284.2
1397660 1281.6
1397670 1281.6
1397680 1279.6
1397690 1279.0
1397700 1279.0
1397710 1278.0
1397720 1275.6
1397730 1275.6
1397740 1274.1
1397750 1273.9
1397760 1272.7
1397770 1272.7
1397780 1268.7
1397790 1266.8
1397800 1266.8
1397810 1267.4
1397820 1266.8
1397830 1266.8
1397840 1265.9
1397850 1263.7
1397860 1263.7
1397870 1262.8
1397880 1263.3
1397890 1263.3
1397900 1262.7
1397910 1262.2
1397920 1262.2
1397930 1262.1
1397940 1261.5
1397950 1261.5
1397960 1260.9
1397970 1260.0
1397980 1260.0
1397990 1259.1
1398000 1258.0
1398010 1258.0
1398020 1256.3
1398030 1254.4
1398040 1254.4
1398050 1252.4
1398060 1252.3
1398070 1252.3
1398080 1252.7
1398090 1252.9
1398100 1252.9
1398110 1252.7
1398120 1252.5
1398130 1252.5
1398140 1252.0
1398150 1251.3
1398160 1251.8
1398170 1251.8
1398180 1252.9
1398190 1256.5
1398200 1256.5
1398210 1261.8
1398220 1267.5
1398230 1267.5
1398240 1274.2
1398250 1281.0
1398260 1281.0
1398270 1284.4
1398280 1286.4
1398290 1286.4
1398300 1289.4
1398310 1291.1
1398320 1291.1
1398330 1289.6
1398340 1289.0
1398350 1289.0
1398360 1289.7
1398370 1290.0
1398380 1290.0
1398390 1289.2
1398400 1287.4
1398410 1287.4
1398420 1284.6
1398430 1282.7
1398440 1282.7
1398450 1280.9
1398460 1275.8
1398470 1275.8
1398480 1269.7
1398490 1261.4
1398500 1261.4
1398510 1250.9
1398520 1242.2
1398530 1242.2
1398540 1234.1
1398550 1227.0
1398560 1218.9
1398570 1218.9
1398580 1210.4
1398590 1202.5
1398600 1202.5
1398610 1194.9
1398620 1189.1
1398630 1189.1
1398640 1186.4
1398650 1185.4
1398660 1185.4
1398670 1185.3
1398680 1184.7
1398690 1184.7
1398700 1185.1
1398710 1186.8
1398720 1186.8
1398730 1188.0
1398740 1191.9
1398750 1191.9
1398760 1192.8
1398770 1191.8
1398780 1191.8
1398790 1191.3
1398800 1191.5
1398810 1191.5
1398820 1191.7
1398830 1192.7
1398840 1192.7
1398850 1194.2
1398860 1195.4
1398870 1195.4
1398880 1195.9
1398890 1195.3
1398900 1195.3
1398910 1193.9
1398920 1194.7
1398930 1194.7
1398940 1196.8
1398950 1198.8
1398960 1202.2
1398970 1202.2
1398980 1204.0
1398990 1205.5
1399000 1205.5
1399010 1208.4
1399020 1210.7
1399030 1210.7
1399040 1209.6
1399050 1207.3
1399060 1207.3
1399070 1208.8
1399080 1210.6
1399090 1210.6
1399100 1213.1
1399110 1215.0
1399120 1215.0
1399130 1216.0
1399140 1216.8
1399150 1216.8
1399160 1217.6
1399170 1218.2
1399180 1218.2
1399190 1218.7
1399200 1219.0
1399210 1219.0
1399220 1219.5
1399230 1220.0
1399240 1220.0
1399250 1220.5
1399260 1220.8
1399270 1220.8
1399280 1220.9
1399290 1221.2
1399300 1221.2
1399310 1221.4
1399320 1221.1
1399330 1221.1
1399340 1220.8
1399350 1222.9
1399360 1222.9
1399370 1227.8
1399380 1232.7
1399390 1235.9
1399400 1235.9
1399410 1239.8
1399420 1243.8
1399430 1243.8
1399750 1368.8
1399760 1368.8
1399770 1372.9
1399780 1379.3
1399790 1383.2
1399800 1383.2
1399810 1385.3
1399820 1385.4
1399830 1385.4
1399840 1384.2
1399850 1384.3
1399860 1384.3
1399870 1385.0
1399880 1385.1
1399890 1385.1
1399900 1385.1
1399910 1385.0
1399920 1385.0
1399930 1385.3
1399940 1385.2
1399950 1385.2
1399960 1384.4
1399970 1382.9
1399980 1382.9
1399990 1381.6
1380000 736.7
1380010 737.4
1380020 737.4
1380030 738.3
1380040 739.6
1380050 739.6
1380060 741.0
1380070 742.8
1380080 742.8
1380090 744.0
1380100 744.5
1380110 744.5
1380120 745.0
1380130 745.8
1380140 745.8
1380150 746.4
1380160 746.9
1380170 746.9
1380180 747.5
1380190 748.2
1380200 749.1
1380210 749.1
1380220 750.6
1380230 752.4
1380240 752.4
1380250 753.4
1380260 753.9
1380270 753.9
1380280 754.8
1380290 756.6
1380300 756.6
1380310 761.3
1380320 767.9
1380330 767.9
1380340 773.0
1380350 777.2
1380360 777.2
1380370 781.7
1380380 786.4
1380390 786.4
1380400 790.1
1380410 792.7
1380420 792.7
1380430 796.0
1380440 800.3
1380450 800.3
1380460 805.1
1380470 809.8
1380480 809.8
1380490 814.2
1380500 818.1
1380510 818.1
1380520 820.9
1380530 822.1
1380540 822.1
1380550 822.5
1380560 821.5
1380570 821.5
1380580 820.5
1380590 820.4
1380600 820.0
1380610 820.0
1380620 819.8
1380630 819.9
1380000 736.7
1380640 819.9
1380650 819.5
1380660 817.9
1380670 817.9
1380010 737.4
1380020 737.4
1380030 738.3
1380040 739.6
1380050 739.6
1380060 741.0
1380070 742.8
1380080 742.8
1380090 744.0
1380100 744.5
1380110 744.5
1380120 745.0
1380130 745.8
1380140 745.8
1380150 746.4
1380160 746.9
1380170 746.9
1380180 747.5
1380190 748.2
1380200 749.1
1380210 749.1
1380220 750.6
1380230 752.4
1380240 752.4
1380680 815.1
1380250 753.4
1380690 811.4
1380700 811.4
1380260 753.9
1380710 808.7
1380270 753.9
1380720 807.4
1380280 754.8
1380290 756.6
1380300 756.6
1380730 807.4
1380310 761.3
1380320 767.9
1380330 767.9
1380340 773.0
1380350 777.2
1380360 777.2
1380370 781.7
1380380 786.4
1380390 786.4
1380400 790.1
1380740 807.0
1380750 806.6
1380410 792.7
1380420 792.7
1380430 796.0
1380760 806.6
1380770 806.1
1380780 804.8
1380790 804.8
1380800 802.9
1380810 800.8
1380440 800.3
1380820 800.8
1380450 800.3
1380460 805.1
1380830 796.2
1380470 809.8
1380480 809.8
1380490 814.2
1380500 818.1
1380510 818.1
1380840 790.9
1380520 820.9
1380850 790.9
1380530 822.1
1380860 785.2
1380870 779.9
1380540 822.1
1380550 822.5
1380560 821.5
1380570 821.5
1380880 779.9
1380580 820.5
1380590 820.4
1380600 820.0
1380610 820.0
1380890 773.5
1380620 819.8
1380630 819.9
1380900 770.9
1380640 819.9
1380910 770.9
1380650 819.5
1380660 817.9
1380670 817.9
1380920 775.0
1380680 815.1
1380930 779.7
1380940 779.7
1380950 783.7
1380690 811.4
1380960 785.9
1380700 811.4
1380970 785.9
1380710 808.7
1380980 787.2
1380720 807.4
1380730 807.4
1380990 787.0
1380740 807.0
1380750 806.6
1381000 787.2
1380760 806.6
1380770 806.1
1381010 787.2
1380780 804.8
1380790 804.8
1380800 802.9
1380810 800.8
1381020 788.4
1380820 800.8
1380830 796.2
1380840 790.9
1380850 790.9
1381030 791.3
1380860 785.2
1380870 779.9
1381040 791.3
1381050 795.6
1381060 800.2
1381070 800.2
1381080 802.3
1381090 807.0
1381100 807.0
1381110 806.2
1381120 809.0
1381130 809.0
1381140 814.0
1381150 818.6
1381160 818.6
1381170 823.4
1381180 828.5
1381190 828.5
1381200 832.6
1381210 836.6
1381220 836.6
1381230 841.1
1381240 846.2
1381250 846.2
1381260 851.4
1381270 856.7
1381280 856.7
1381290 862.2
1381300 867.9
1381310 867.9
1381320 872.1
1381330 874.5
1381340 874.5
1381350 877.3
1381360 880.1
1381370 880.1
1381380 882.7
1381390 885.5
1381400 889.7
1381410 889.7
1381420 895.3
1381430 900.1
1381440 900.1
1381450 903.9
1381460 908.2
1381470 908.2
1381480 917.1
1381490 934.2
1381500 934.2
1381510 951.4
1381520 971.4
1381530 971.4
1381540 990.2
1381550 1000.7
1381560 1000.7
1381570 1009.3
1381580 1015.9
1381590 1015.9
1381600 1022.5
1381610 1029.5
1381620 1029.5
1381630 1036.5
1381640 1041.4
1381650 1041.4
1381660 1045.2
1381670 1048.2
1381680 1048.2
1381690 1049.8
1380880 779.9
1381700 1050.3
1380890 773.5
1381710 1050.3
1380900 770.9
1381720 1051.0
1380910 770.9
1380920 775.0
1381730 1051.1
1381740 1051.1
1381750 1051.7
1381760 1051.5
1381770 1051.5
1381780 1051.8
1381790 1052.8
1381800 1052.8
1381810 1053.7
1381820 1049.1
1381830 1041.3
1381840 1041.3
1381850 1035.0
1381860 1031.1
1381870 1031.1
1381880 1029.2
1381890 1026.5
1381900 1026.5
1381910 1023.3
1381920 1018.4
1381930 1018.4
1381940 1010.0
1381950 1002.4
1381960 1002.4
1381970 996.0
1381980 990.8
1381990 990.8
1382000 983.4
1382010 977.2
1382020 977.2
1382030 972.1
1382040 966.6
1380930 779.7
1380940 779.7
1380950 783.7
1382050 966.6
1380960 785.9
1382060 961.9
1380970 785.9
1382070 957.4
1382080 957.4
1382090 952.5
1382100 942.6
1382110 942.6
1380980 787.2
1380990 787.0
1382120 930.2
1382130 920.8
1382140 920.8
1382150 912.4
1382160 904.2
1382170 904.2
1382180 895.9
1382190 886.0
1382200 886.0
1382210 875.6
1382220 862.6
1382230 849.8
1382240 849.8
1382250 839.3
1382260 829.9
1382270 829.9
1382280 821.6
1382290 814.1
1382300 814.1
1382310 805.1
1382320 794.3
1382330 794.3
1382340 789.9
1382350 784.0
1382360 784.0
1382370 775.4
1382380 770.2
1382390 770.2
1382400 766.9
1382410 765.6
1382420 765.6
1382430 765.3
1382440 771.9
1382450 771.9
1382460 780.2
1382470 787.9
1382480 787.9
1382490 795.1
1382500 801.7
1382510 801.7
1382520 809.0
1382530 815.7
1382540 815.7
1382550 820.5
1382560 825.2
1382570 825.2
1381000 787.2
1381010 787.2
1381020 788.4
1381030 791.3
1381040 791.3
1381050 795.6
1381060 800.2
1381070 800.2
1381080 802.3
1381090 807.0
1381100 807.0
1381110 806.2
1381120 809.0
1381130 809.0
1382580 831.4
1381140 814.0
1382590 839.4
1381150 818.6
1382600 839.4
1381160 818.6
1382610 850.8
1381170 823.4
1381180 828.5
1382620 861.5
1381190 828.5
1382630 869.5
1382640 869.5
1381200 832.6
1381210 836.6
1382650 875.9
1381220 836.6
1382660 882.1
1381230 841.1
1381240 846.2
1381250 846.2
1381260 851.4
1381270 856.7
1382670 882.1
1382680 888.5
1382690 895.1
1382700 895.1
1381280 856.7
1381290 862.2
1382710 902.3
1381300 867.9
1382720 910.3
1381310 867.9
1382730 910.3
1381320 872.1
1382740 918.5
1381330 874.5
1382750 926.5
1381340 874.5
1382760 926.5
1382770 934.6
1381350 877.3
1381360 880.1
1382780 942.5
1382790 942.5
1381370 880.1
1382800 951.6
1381380 882.7
1382810 964.0
1381390 885.5
1381400 889.7
1382820 964.0
1381410 889.7
1382830 979.3
1381420 895.3
1382840 991.4
1382850 991.4
1381430 900.1
1382860 1008.0
1381440 900.1
1381450 903.9
1382870 1022.4
1381460 908.2
1382880 1022.4
1381470 908.2
1382890 1029.8
1382900 1037.0
1381480 917.1
1382910 1037.0
1382920 1043.8
1382930 1051.1
1382940 1051.1
1381490 934.2
1381500 934.2
1382950 1059.8
1381510 951.4
1382960 1068.6
1382970 1068.6
1382980 1079.0
1382990 1087.2
1383000 1087.2
1381520 971.4
1381530 971.4
1383010 1094.7
1381540 990.2
1383020 1102.4
1381550 1000.7
1381560 1000.7
1383030 1102.4
1381570 1009.3
1383040 1109.6
1381580 1015.9
1383050 1116.0
1381590 1015.9
1381600 1022.5
1383060 1122.9
1381610 1029.5
1383070 1122.9
1383080 1130.6
1381620 1029.5
1383090 1138.4
1381630 1036.5
1383100 1138.4
1383110 1146.8
1381640 1041.4
1383120 1156.3
1381650 1041.4
1383130 1156.3
1381660 1045.2
1383140 1163.0
1381670 1048.2
1383150 1172.3
1383160 1172.3
1381680 1048.2
1383170 1180.8
1381690 1049.8
1383180 1189.6
1383190 1189.6
1383200 1196.6
1383210 1202.9
1381700 1050.3
1383220 1202.9
1381710 1050.3
1383230 1209.1
1383240 1214.8
1383250 1214.8
1383260 1220.9
1381720 1051.0
1383270 1227.4
1381730 1051.1
1381740 1051.1
1383280 1227.4
1381750 1051.7
1383290 1233.8
1383300 1240.2
1381760 1051.5
1383310 1240.2
1381770 1051.5
1381780 1051.8
1383320 1245.6
1381790 1052.8
1383330 1251.0
1383340 1251.0
1383350 1256.7
1383360 1262.5
1383370 1262.5
1381800 1052.8
1383380 1267.8
1381810 1053.7
1383390 1273.1
1381820 1049.1
1383400 1273.1
1381830 1041.3
1383410 1278.9
1383420 1284.5
1381840 1041.3
1383430 1284.5
1381850 1035.0
1383440 1289.7
1381860 1031.1
1383450 1295.2
1381870 1031.1
1383460 1301.3
1381880 1029.2
1383470 1301.3
1383480 1307.4
1381890 1026.5
1383490 1313.9
1381900 1026.5
1383500 1313.9
1381910 1023.3
1383510 1320.6
1383520 1326.6
1381920 1018.4
1381930 1018.4
1383530 1326.6
1383540 1333.0
1383550 1339.2
1381940 1010.0
1383560 1339.2
1381950 1002.4
1383570 1345.6
1381960 1002.4
1383580 1351.7
1383590 1351.7
1381970 996.0
1381980 990.8
1383600 1359.6
1383610 1365.2
1381990 990.8
1383620 1365.2
1382000 983.4
1383630 1370.7
1382010 977.2
1383640 1376.6
1383650 1376.6
1382020 977.2
1383660 1383.0
1383670 1389.0
1382030 972.1
1383680 1389.0
1383690 1391.9
1383700 1394.8
1383710 1394.8
1383720 1397.6
1383730 1399.5
1383740 1399.5
1383750 1401.3
1383760 1402.8
1383770 1402.8
1382040 966.6
1383780 1404.6
1382050 966.6
1382060 961.9
1383790 1405.9
1382070 957.4
1383800 1405.9
1382080 957.4
1383810 1405.9
1383820 1406.1
1382090 952.5
1383830 1406.1
1382100 942.6
1382110 942.6
1383840 1406.3
1383850 1403.7
1382120 930.2
1383860 1402.3
1382130 920.8
1383870 1402.3
1383880 1403.5
1383890 1403.4
1383900 1403.4
1383910 1393.4
1383920 1382.2
1382140 920.8
1383930 1382.2
1382150 912.4
1383940 1373.8
1383950 1363.7
1382160 904.2
1383960 1363.7
1382170 904.2
1383970 1356.8
1383980 1349.4
1382180 895.9
1383990 1349.4
1384000 1343.2
1382190 886.0
1382200 886.0
1384010 1337.8
1384020 1337.8
1384030 1332.7
1384040 1328.3
1382210 875.6
1384050 1328.3
1382220 862.6
1382230 849.8
1384060 1324.7
1384070 1322.3
1382240 849.8
1384080 1322.3
1382250 839.3
1384090 1319.7
1382260 829.9
1384100 1316.6
1382270 829.9
1384110 1316.6
1382280 821.6
1384120 1313.3
1382290 814.1
1384130 1310.4
1384140 1310.4
1382300 814.1
1384150 1307.0
1382310 805.1
1384160 1304.4
1382320 794.3
1384170 1304.4
1382330 794.3
1382340 789.9
1384180 1302.0
1382350 784.0
1384190 1299.7
1382360 784.0
1382370 775.4
1384200 1299.7
1384210 1297.6
1382380 770.2
1382390 770.2
1384220 1294.8
1382400 766.9
1384230 1294.8
1382410 765.6
1384240 1291.7
1382420 765.6
1382430 765.3
1384250 1287.6
1382440 771.9
1384260 1281.6
1382450 771.9
1382460 780.2
1384270 1281.6
1382470 787.9
1384280 1275.3
1382480 787.9
1384290 1273.8
1384300 1273.8
1382490 795.1
1384310 1272.0
1382500 801.7
1384320 1270.3
1382510 801.7
1384330 1270.3
1382520 809.0
1384340 1268.6
1382530 815.7
1382540 815.7
1384350 1267.1
1382550 820.5
1384360 1267.1
1382560 825.2
1384370 1265.3
1382570 825.2
1382580 831.4
1384380 1263.8
1384390 1263.8
1382590 839.4
1384400 1263.9
1382600 839.4
1382610 850.8
1384410 1264.9
1382620 861.5
1384420 1264.9
1382630 869.5
1384430 1265.8
1382640 869.5
1384440 1266.3
1382650 875.9
1384450 1266.3
1382660 882.1
1384460 1271.4
1384470 1280.4
1382670 882.1
1384480 1280.4
1382680 888.5
1382690 895.1
1384490 1287.3
1382700 895.1
1384500 1291.3
1384510 1291.3
1382710 902.3
1382720 910.3
1384520 1294.6
1384530 1296.9
1382730 910.3
1382740 918.5
1384540 1296.9
1384550 1297.5
1382750 926.5
1382760 926.5
1384560 1296.5
1382770 934.6
1384570 1296.5
1382780 942.5
1384580 1295.8
1382790 942.5
1384590 1294.5
1382800 951.6
1384600 1294.5
1382810 964.0
1384610 1292.6
1382820 964.0
1384620 1291.3
1382830 979.3
1384630 1291.3
1382840 991.4
1384640 1290.4
1382850 991.4
1382860 1008.0
1384650 1290.1
1382870 1022.4
1384660 1290.1
1382880 1022.4
1384670 1290.1
1384680 1289.1
1382890 1029.8
1382900 1037.0
1384690 1289.6
1382910 1037.0
1384700 1289.6
1382920 1043.8
1384710 1291.5
1382930 1051.1
1384720 1291.4
1382940 1051.1
1384730 1291.4
1382950 1059.8
1384740 1291.0
1382960 1068.6
1384750 1289.2
1382970 1068.6
1384760 1289.2
1382980 1079.0
1382990 1087.2
1384770 1287.3
1383000 1087.2
1384780 1287.8
1384790 1287.8
1383010 1094.7
1384800 1288.1
1383020 1102.4
1384810 1287.0
1383030 1102.4
1383040 1109.6
1384820 1287.0
1384830 1285.7
1383050 1116.0
1383060 1122.9
1384840 1284.2
1383070 1122.9
1384850 1284.2
1384860 1282.2
1383080 1130.6
1383090 1138.4
1384870 1280.5
1383100 1138.4
1383110 1146.8
1384880 1282.0
1383120 1156.3
1384890 1280.4
1383130 1156.3
1384900 1278.9
1384910 1278.9
1383140 1163.0
1383150 1172.3
1384920 1275.2
1383160 1172.3
1384930 1269.7
1383170 1180.8
1384940 1269.7
1383180 1189.6
1384950 1263.9
1383190 1189.6
1384960 1256.1
1383200 1196.6
1384970 1256.1
1383210 1202.9
1384980 1247.8
1383220 1202.9
1384990 1239.1
1383230 1209.1
1385000 1239.1
1383240 1214.8
1385010 1231.3
1383250 1214.8
1385020 1224.1
1383260 1220.9
1383270 1227.4
1385030 1224.1
1385040 1216.4
1383280 1227.4
1385050 1207.8
1383290 1233.8
1385060 1207.8
1383300 1240.2
1385070 1200.6
1383310 1240.2
1383320 1245.6
1385080 1194.0
1385090 1187.1
1385100 1187.1
1383330 1251.0
1385110 1179.1
1385120 1171.5
1385130 1171.5
1385140 1163.6
1385150 1157.8
1383340 1251.0
1385160 1157.8
1385170 1155.3
1385180 1152.9
1383350 1256.7
1385190 1152.9
1383360 1262.5
1385200 1150.0
1383370 1262.5
1385210 1147.3
1383380 1267.8
1385220 1147.3
1383390 1273.1
1383400 1273.1
1385230 1144.8
1385240 1142.4
1385250 1142.4
1383410 1278.9
1385260 1140.5
1383420 1284.5
1385270 1138.9
1383430 1284.5
1385280 1138.9
1383440 1289.7
1385290 1137.5
1383450 1295.2
1385300 1137.0
1383460 1301.3
1385310 1137.0
1383470 1301.3
1385320 1136.9
1385330 1136.2
1383480 1307.4
1385340 1136.2
1383490 1313.9
1383500 1313.9
1385350 1135.1
1383510 1320.6
1385360 1134.5
1383520 1326.6
1385370 1134.5
1383530 1326.6
1385380 1134.3
1383540 1333.0
1385390 1134.8
1383550 1339.2
1385400 1134.8
1383560 1339.2
1383570 1345.6
1385410 1135.9
1383580 1351.7
1385420 1136.0
1383590 1351.7
1385430 1136.0
1383600 1359.6
1385440 1129.6
1383610 1365.2
1385450 1117.9
1383620 1365.2
1385460 1117.9
1383630 1370.7
1385470 1103.4
1383640 1376.6
1385480 1084.0
1383650 1376.6
1385490 1075.3
1383660 1383.0
1385500 1075.3
1383670 1389.0
1385510 1065.3
1383680 1389.0
1385520 1051.2
1383690 1391.9
1383700 1394.8
1385530 1051.2
1383710 1394.8
1385540 1040.0
1383720 1397.6
1385550 1033.4
1383730 1399.5
1385560 1033.4
1383740 1399.5
1385570 1027.4
1383750 1401.3
1385580 1024.4
1383760 1402.8
1385590 1024.4
1383770 1402.8
1383780 1404.6
1385600 1024.7
1383790 1405.9
1385610 1024.9
1383800 1405.9
1385620 1024.9
1383810 1405.9
1385630 1025.0
1383820 1406.1
1385640 1020.8
1383830 1406.1
1385650 1020.8
1383840 1406.3
1385660 1013.5
1383850 1403.7
1385670 1008.1
1383860 1402.3
1385680 1008.1
1383870 1402.3
1385690 1002.4
1383880 1403.5
1385700 995.4
1383890 1403.4
1385710 995.4
1383900 1403.4
1385720 987.3
1383910 1393.4
1383920 1382.2
1385730 979.3
1385740 979.3
1383930 1382.2
1383940 1373.8
1385750 972.2
1385760 967.3
1383950 1363.7
1383960 1363.7
1385770 967.3
1385780 963.4
1383970 1356.8
1385790 958.7
1383980 1349.4
1385800 958.7
1385810 953.3
1383990 1349.4
1384000 1343.2
1385820 948.5
1384010 1337.8
1385830 948.5
1384020 1337.8
1384030 1332.7
1385840 943.8
1384040 1328.3
1385850 940.1
1385860 940.1
1385870 936.9
1384050 1328.3
1385880 933.9
1384060 1324.7
1385890 931.7
1384070 1322.3
1385900 931.7
1384080 1322.3
1385910 930.6
1385920 929.2
1384090 1319.7
1385930 929.2
1384100 1316.6
1385940 927.0
1384110 1316.6
1385950 923.4
1384120 1313.3
1385960 923.4
1384130 1310.4
1385970 920.5
1384140 1310.4
1385980 916.9
1384150 1307.0
1385990 916.9
1384160 1304.4
1386000 911.5
1384170 1304.4
1386010 902.9
1386020 902.9
1384180 1302.0
1386030 893.6
1386040 884.9
1386050 884.9
1384190 1299.7
1386060 878.7
1384200 1299.7
1386070 872.3
1384210 1297.6
1384220 1294.8
1386080 872.3
1386090 864.5
1386100 852.3
1386110 852.3
1386120 844.8
1386130 839.1
1386140 839.1
1386150 833.3
1386160 824.6
1384230 1294.8
1386170 824.6
1384240 1291.7
1386180 816.4
1384250 1287.6
1386190 796.5
1384260 1281.6
1386200 796.5
1386210 787.1
1386220 781.9
1386230 781.9
1386240 774.6
1386250 763.6
1386260 763.6
1386270 754.2
1386280 748.5
1386290 748.5
1386300 742.2
1386310 735.3
1386320 729.1
1386330 729.1
1386340 723.7
1386350 720.5
1386360 720.5
1384270 1281.6
1386370 717.0
1384280 1275.3
1384290 1273.8
1386380 713.4
1386390 713.4
1384300 1273.8
1386400 707.9
1384310 1272.0
1384320 1270.3
1386410 699.7
1384330 1270.3
1386420 699.7
1384340 1268.6
1386430 688.9
1384350 1267.1
1384360 1267.1
1386440 681.2
1384370 1265.3
1386450 681.2
1386460 675.2
1384380 1263.8
1386470 670.5
1386480 670.5
1384390 1263.8
1386490 665.0
1386500 658.1
1384400 1263.9
1386510 658.1
1384410 1264.9
1386520 651.4
1384420 1264.9
1386530 647.3
1386540 647.3
1384430 1265.8
1386550 645.9
1386560 644.7
1386570 644.7
1384440 1266.3
1386580 644.2
1384450 1266.3
1386590 644.1
1384460 1271.4
1386600 644.1
1386610 643.4
1386620 642.1
1384470 1280.4
1386630 642.1
1384480 1280.4
1384490 1287.3
1386640 640.6
1384500 1291.3
1384510 1291.3
1386650 638.8
1384520 1294.6
1386660 638.8
1384530 1296.9
1386670 636.6
1386680 633.9
1386690 633.9
1386700 631.2
1386710 629.0
1386720 627.4
1386730 627.4
1386740 626.1
1386750 624.8
1386760 624.8
1386770 623.5
1386780 622.2
1386790 622.2
1386800 619.8
1386810 618.7
1386820 618.7
1386830 617.5
1386840 616.1
1386850 616.1
1386860 615.3
1386870 614.6
1386880 614.6
1384540 1296.9
1386890 613.3
1384550 1297.5
1386900 612.1
1384560 1296.5
1386910 612.1
1384570 1296.5
1386920 611.1
1384580 1295.8
1386930 609.8
1384590 1294.5
1386940 609.8
1386950 608.7
1384600 1294.5
1386960 608.2
1386970 608.2
1386980 608.2
1386990 608.2
1384610 1292.6
1387000 608.2
1387010 609.4
1387020 610.9
1387030 610.9
1387040 609.6
1387050 609.4
1387060 609.4
1387070 609.4
1387080 610.1
1387090 610.1
1387100 609.5
1387110 609.8
1387120 610.2
1387130 610.2
1384620 1291.3
1384630 1291.3
1387140 610.7
1384640 1290.4
1387150 611.0
1384650 1290.1
1384660 1290.1
1387160 611.0
1387170 611.2
1384670 1290.1
1387180 612.2
1384680 1289.1
1387190 612.2
1384690 1289.6
1387200 614.1
1384700 1289.6
1387210 616.7
1387220 616.7
1387230 618.4
1387240 618.4
1384710 1291.5
1387250 618.4
1384720 1291.4
1387260 620.3
1384730 1291.4
1384740 1291.0
1384750 1289.2
1384760 1289.2
1384770 1287.3
1384780 1287.8
1384790 1287.8
1384800 1288.1
1384810 1287.0
1384820 1287.0
1384830 1285.7
1384840 1284.2
1384850 1284.2
1387270 627.3
1384860 1282.2
1387280 627.3
1384870 1280.5
1387290 633.4
1384880 1282.0
1387300 638.5
1387310 638.5
1387320 644.0
1387330 649.7
1387340 649.7
1384890 1280.4
1387350 655.3
1387360 661.0
1387370 661.0
1384900 1278.9
1384910 1278.9
1387380 666.6
1384920 1275.2
1387390 672.5
1384930 1269.7
1387400 672.5
1384940 1269.7
1387410 678.4
1387420 684.2
1384950 1263.9
1384960 1256.1
1387430 684.2
1387440 690.0
1387450 696.0
1387460 696.0
1384970 1256.1
1387470 701.8
1384980 1247.8
1387480 707.6
1387490 704.2
1387500 710.8
1387510 717.5
1384990 1239.1
1387520 717.5
1385000 1239.1
1387530 724.3
1385010 1231.3
1385020 1224.1
1387540 731.3
1385030 1224.1
1387550 738.0
1385040 1216.4
1387560 738.0
1387570 744.8
1387580 752.1
1385050 1207.8
1385060 1207.8
1385070 1200.6
1385080 1194.0
1385090 1187.1
1385100 1187.1
1385110 1179.1
1387590 752.1
1385120 1171.5
1387600 760.6
1387610 768.0
1385130 1171.5
1387620 768.0
1385140 1163.6
1387630 774.9
1385150 1157.8
1387640 781.9
1385160 1157.8
1385170 1155.3
1387650 781.9
1385180 1152.9
1387660 788.6
1385190 1152.9
1385200 1150.0
1387670 795.2
1385210 1147.3
1387680 795.2
1385220 1147.3
1387690 801.3
1385230 1144.8
1387700 807.1
1385240 1142.4
1387710 807.1
1385250 1142.4
1387720 812.4
1385260 1140.5
1387730 817.8
1387740 817.8
1385270 1138.9
1387750 823.0
1385280 1138.9
1385290 1137.5
1387760 828.3
1387770 828.3
1387780 833.4
1387790 838.5
1385300 1137.0
1385310 1137.0
1387800 838.5
1385320 1136.9
1387810 843.0
1385330 1136.2
1387820 847.3
1385340 1136.2
1387830 847.3
1385350 1135.1
1387840 850.9
1385360 1134.5
1387850 855.2
1385370 1134.5
1387860 855.2
1385380 1134.3
1385390 1134.8
1385400 1134.8
1387870 861.7
1387880 866.9
1387890 866.9
1387900 869.9
1387910 871.2
1387920 871.2
1387930 874.4
1387940 880.6
1385410 1135.9
1387950 882.3
1385420 1136.0
1387960 882.3
1385430 1136.0
1387970 887.1
1385440 1129.6
1387980 890.5
1387990 890.5
1385450 1117.9
1388000 888.1
1385460 1117.9
1388010 888.5
1388020 888.5
1388030 890.4
1388040 894.6
1388050 894.6
1388060 900.6
1388070 903.5
1388080 903.5
1388090 905.1
1388100 906.1
1388110 906.1
1388120 904.8
1388130 899.6
1388140 899.6
1388150 894.8
1385470 1103.4
1388160 888.4
1385480 1084.0
1388170 888.4
1385490 1075.3
1388180 880.9
1385500 1075.3
1388190 888.9
1385510 1065.3
1388200 888.9
1388210 898.7
1388220 908.4
1388230 908.4
1388240 918.5
1388250 928.9
1388260 928.9
1388270 938.7
1388280 947.0
1388290 947.0
1388300 953.7
1388310 959.8
1388320 959.8
1388330 965.2
1388340 970.6
1388350 975.7
1388360 975.7
1388370 979.8
1388380 982.5
1388390 982.5
1388400 983.5
1388410 987.4
1388420 987.4
1388430 993.3
1388440 998.7
1388450 998.7
1388460 1001.5
1388470 1002.4
1388480 1002.4
1388490 1003.4
1388500 1005.5
1388510 1005.5
1388520 1008.2
1388530 1013.3
1388540 1013.3
1388550 1020.3
1388560 1024.8
1388570 1024.8
1388580 1027.3
1388590 1029.0
1388600 1029.0
1388610 1030.8
1385520 1051.2
1385530 1051.2
1385540 1040.0
1385550 1033.4
1385560 1033.4
1385570 1027.4
1388620 1032.1
1385580 1024.4
1388630 1032.1
1388640 1034.3
1385590 1024.4
1388650 1036.8
1388660 1036.8
1388670 1037.5
1388680 1040.3
1388690 1040.3
1388700 1044.5
1388710 1047.6
1388720 1047.6
1388730 1050.0
1388740 1051.0
1388750 1051.0
1388760 1051.8
1388770 1053.5
1388780 1055.5
1388790 1055.5
1388800 1058.7
1388810 1061.4
1388820 1060.7
1388830 1064.2
1388840 1068.8
1388850 1068.8
1388860 1074.3
1388870 1081.4
1388880 1081.4
1388890 1088.5
1388900 1099.5
1388910 1099.5
1388920 1110.0
1388930 1120.8
1388940 1120.8
1388950 1127.5
1388960 1133.5
1388970 1133.5
1388980 1140.2
1388990 1150.1
1389000 1150.1
1389010 1161.2
1389020 1169.2
1389030 1169.2
1389040 1175.5
1389050 1182.0
1389060 1182.0
1389070 1188.7
1389080 1195.7
1389090 1195.7
1389100 1203.1
1389110 1211.0
1389120 1211.0
1389130 1218.9
1389140 1227.4
1389150 1227.4
1389160 1238.0
1389170 1245.4
1389180 1251.7
1389190 1251.7
1389200 1257.9
1389210 1264.2
1389220 1264.2
1389230 1271.1
1389240 1278.4
1389250 1278.4
1389260 1285.8
1389270 1291.6
1389280 1291.6
1389290 1297.2
1389300 1304.0
1389310 1304.0
1389320 1311.3
1389330 1317.6
1389340 1317.6
1389350 1323.4
1389360 1329.2
1389370 1329.2
1389380 1335.0
1389390 1340.8
1389400 1340.8
1389410 1345.8
1389420 1350.3
1389430 1350.3
1389440 1356.0
1389450 1363.6
1389460 1363.6
1389470 1372.2
1389480 1377.9
1389490 1377.9
1389500 1384.4
1389510 1392.2
1389520 1392.2
1389530 1401.1
1389540 1406.1
1389550 1406.1
1389560 1408.3
1389570 1410.8
1389580 1413.5
1389590 1413.5
1389600 1416.3
1389610 1419.1
1389620 1419.1
1389630 1423.2
1389640 1427.5
1389650 1427.5
1389660 1430.2
1389670 1432.5
1389680 1432.5
1389690 1434.9
1389700 1440.0
1389710 1440.0
1389720 1443.1
1389730 1443.1
1389740 1443.1
1385600 1024.7
1389750 1444.2
1385610 1024.9
1389760 1445.0
1385620 1024.9
1385630 1025.0
1385640 1020.8
1385650 1020.8
1385660 1013.5
1385670 1008.1
1385680 1008.1
1385690 1002.4
1385700 995.4
1385710 995.4
1385720 987.3
1385730 979.3
1385740 979.3
1385750 972.2
1385760 967.3
1385770 967.3
1385780 963.4
1385790 958.7
1385800 958.7
1385810 953.3
1385820 948.5
1385830 948.5
1385840 943.8
1385850 940.1
1385860 940.1
1385870 936.9
1385880 933.9
1385890 931.7
1385900 931.7
1385910 930.6
1385920 929.2
1385930 929.2
1385940 927.0
1385950 923.4
1385960 923.4
1385970 920.5
1385980 916.9
1389770 1445.0
1389780 1443.1
1389790 1441.7
1389800 1441.7
1389810 1442.1
1389820 1443.3
1389830 1443.3
1389840 1442.1
1389850 1439.2
1389860 1439.2
1389870 1437.0
1389880 1435.4
1389890 1435.4
1389900 1433.2
1389910 1430.5
1389920 1430.5
1389930 1427.1
1389940 1424.5
1389950 1424.5
1389960 1423.0
1389970 1421.1
1389980 1420.4
1389990 1420.4
1390000 1419.7
1390010 1419.6
1390020 1419.6
1390030 1420.7
1390040 1423.0
1390050 1423.0
1390060 1426.0
1390070 1428.8
1390080 1428.8
1390090 1428.8
1390100 1428.4
1390110 1428.4
1390120 1426.7
1390130 1424.1
1390140 1424.1
1390150 1419.2
1390160 1412.0
1390170 1412.0
1390180 1412.7
1390190 1413.2
1390200 1413.2
1390210 1413.8
1390220 1415.5
1390230 1415.5
1390240 1417.3
1390250 1418.9
1390260 1418.9
1390270 1419.5
1390280 1421.1
1390290 1421.1
1390300 1424.2
1390310 1425.9
1390320 1425.9
1390330 1428.5
1390340 1430.4
1390350 1430.4
1390360 1432.8
1390370 1435.9
1385990 916.9
1390380 1435.9
1386000 911.5
1390390 1437.8
1386010 902.9
1390400 1439.2
1390410 1438.9
1390420 1438.9
1390430 1439.6
1390440 1442.9
1390450 1442.9
1390460 1446.2
1390470 1445.2
1390480 1445.2
1390490 1445.5
1390500 1445.5
1390510 1445.5
1390520 1444.1
1390530 1443.1
1390540 1443.1
1390550 1442.9
1390560 1442.9
1390570 1442.9
1390580 1441.6
1390590 1439.1
1390600 1439.1
1390610 1437.3
1390620 1434.3
1390630 1434.3
1390640 1428.8
1390650 1423.7
1390660 1423.7
1390670 1421.6
1390680 1420.8
1390690 1420.8
1390700 1420.4
1390710 1417.8
1390720 1417.8
1390730 1418.1
1390740 1419.7
1390750 1419.7
1390760 1420.8
1390770 1421.6
1390780 1421.6
1390790 1421.1
1390800 1419.5
1390810 1416.8
1390820 1416.8
1390830 1416.4
1390840 1417.1
1390850 1417.1
1390860 1413.7
1390870 1409.4
1390880 1409.4
1390890 1407.2
1390900 1401.1
1390910 1401.1
1390920 1393.3
1390930 1386.4
1390940 1386.4
1390950 1381.3
1390960 1376.7
1390970 1376.7
1390980 1373.6
1390990 1370.9
1391000 1370.9
1391010 1369.0
1391020 1369.2
1391030 1369.2
1394550 1504.7
1394560 1501.3
1394570 1501.3
1394580 1498.2
1394590 1496.3
1394600 1496.3
1394610 1496.0
1394620 1496.2
1394630 1496.2
1394640 1496.7
1394650 1497.3
1394660 1497.3
1394670 1498.1
1394680 1499.1
1394690 1499.1
1394700 1499.9
1394710 1499.5
1394720 1499.5
1394730 1500.8
1394740 1500.7
1394750 1500.7
1394760 1498.4
1394770 1496.7
1394780 1496.7
1386020 902.9
1394790 1496.7
1394800 1500.1
1394810 1500.1
1394820 1504.5
1394830 1508.8
1394840 1508.8
1394850 1511.3
1394860 1512.3
1394870 1512.3
1394880 1513.7
1394890 1515.5
1394900 1517.6
1394910 1517.6
1394920 1518.7
1394930 1518.0
1394940 1518.0
1394950 1519.3
1394960 1517.2
1394970 1517.2
1394980 1514.5
1394990 1510.8
1395000 1510.8
1395010 1508.7
1395020 1506.3
1395030 1506.3
1395040 1503.6
1395050 1501.4
1395060 1501.4
1395070 1499.4
1395080 1497.7
1395090 1497.7
1395100 1497.6
1395110 1501.5
1395120 1501.5
1395130 1503.1
1395140 1502.0
1395150 1502.0
1395160 1501.3
1395170 1500.3
1395180 1500.3
1395190 1499.5
1395200 1493.0
1395210 1493.0
1395220 1492.1
1395230 1491.9
1395240 1491.9
1395250 1489.1
1395260 1487.0
1395270 1487.0
1395280 1484.6
1395290 1482.3
1386030 893.6
1386040 884.9
1386050 884.9
1386060 878.7
1386070 872.3
1386080 872.3
1386090 864.5
1386100 852.3
1386110 852.3
1386120 844.8
1386130 839.1
1386140 839.1
1386150 833.3
1386160 824.6
1386170 824.6
1386180 816.4
1386190 796.5
1386200 796.5
1386210 787.1
1386220 781.9
1386230 781.9
1386240 774.6
1386250 763.6
1386260 763.6
1386270 754.2
1386280 748.5
1386290 748.5
1386300 742.2
1386310 735.3
1386320 729.1
1386330 729.1
1386340 723.7
1386350 720.5
1386360 720.5
1386370 717.0
1386380 713.4
1386390 713.4
1386400 707.9
1386410 699.7
1386420 699.7
1386430 688.9
1386440 681.2
1386450 681.2
1386460 675.2
1386470 670.5
1386480 670.5
1386490 665.0
1386500 658.1
1386510 658.1
1386520 651.4
1386530 647.3
1386540 647.3
1386550 645.9
1386560 644.7
1386570 644.7
1386580 644.2
1386590 644.1
1386600 644.1
1386610 643.4
1386620 642.1
1386630 642.1
1386640 640.6
1386650 638.8
1386660 638.8
1386670 636.6
1386680 633.9
1386690 633.9
1386700 631.2
1386710 629.0
1386720 627.4
1386730 627.4
1386740 626.1
1386750 624.8
1386760 624.8
1386770 623.5
1386780 622.2
1386790 622.2
1386800 619.8
1386810 618.7
1386820 618.7
1386830 617.5
1386840 616.1
1386850 616.1
1386860 615.3
1386870 614.6
1386880 614.6
1386890 613.3
1386900 612.1
1386910 612.1
1395300 1482.6
1395310 1482.6
1395320 1483.2
1395330 1485.4
1395340 1485.4
1395350 1486.4
1395360 1490.0
1386920 611.1
1386930 609.8
1386940 609.8
1386950 608.7
1386960 608.2
1386970 608.2
1386980 608.2
1386990 608.2
1395370 1490.0
1387000 608.2
1387010 609.4
1387020 610.9
1387030 610.9
1387040 609.6
1387050 609.4
1387060 609.4
1387070 609.4
1387080 610.1
1387090 610.1
1387100 609.5
1387110 609.8
1387120 610.2
1387130 610.2
1387140 610.7
1387150 611.0
1387160 611.0
1387170 611.2
1387180 612.2
1387190 612.2
1387200 614.1
1387210 616.7
1387220 616.7
1387230 618.4
1387240 618.4
1387250 618.4
1387260 620.3
1387270 627.3
1387280 627.3
1387290 633.4
1387300 638.5
1387310 638.5
1387320 644.0
1387330 649.7
1387340 649.7
1387350 655.3
1387360 661.0
1387370 661.0
1387380 666.6
1387390 672.5
1387400 672.5
1387410 678.4
1387420 684.2
1387430 684.2
1387440 690.0
1387450 696.0
1387460 696.0
1387470 701.8
1395380 1491.1
1395390 1491.9
1387480 707.6
1395400 1491.9
1387490 704.2
1387500 710.8
1395410 1492.4
1395420 1495.6
1387510 717.5
1395430 1495.6
1387520 717.5
1395440 1496.6
1387530 724.3
1395450 1492.5
1395460 1492.5
1387540 731.3
1395470 1490.3
1387550 738.0
1395480 1489.0
1387560 738.0
1395490 1489.0
1387570 744.8
1395500 1485.4
1387580 752.1
1395510 1484.8
1387590 752.1
1395520 1484.8
1387600 760.6
1395530 1484.9
1387610 768.0
1387620 768.0
1395540 1483.9
1387630 774.9
1387640 781.9
1387650 781.9
1387660 788.6
1395550 1483.9
1387670 795.2
1387680 795.2
1395560 1482.0
1395570 1480.4
1387690 801.3
1395580 1480.4
1387700 807.1
1395590 1478.1
1387710 807.1
1395600 1476.6
1387720 812.4
1387730 817.8
1395610 1476.6
1395620 1474.8
1387740 817.8
1395630 1473.7
1387750 823.0
1395640 1473.7
1387760 828.3
1395650 1472.2
1395660 1466.5
1387770 828.3
1395670 1466.5
1387780 833.4
1395680 1467.0
1387790 838.5
1395690 1468.3
1387800 838.5
1395700 1468.8
1387810 843.0
1395710 1468.8
1387820 847.3
1387830 847.3
1395720 1468.6
1387840 850.9
1395730 1468.3
1387850 855.2
1395740 1468.3
1387860 855.2
1395750 1466.4
1387870 861.7
1387880 866.9
1395760 1467.5
1387890 866.9
1395770 1467.5
1387900 869.9
1395780 1460.1
1387910 871.2
1395790 1451.7
1387920 871.2
1395800 1451.7
1387930 874.4
1387940 880.6
1387950 882.3
1387960 882.3
1395810 1439.5
1387970 887.1
1395820 1430.1
1387980 890.5
1395830 1430.1
1387990 890.5
1395840 1423.6
1388000 888.1
1395850 1418.5
1395860 1418.5
1388010 888.5
1395870 1415.4
1388020 888.5
1395880 1414.1
1388030 890.4
1388040 894.6
1395890 1414.1
1388050 894.6
1395900 1412.8
1388060 900.6
1395910 1411.4
1388070 903.5
1395920 1411.4
1388080 903.5
1388090 905.1
1395930 1408.3
1388100 906.1
1395940 1406.5
1388110 906.1
1388120 904.8
1395950 1406.5
1388130 899.6
1395960 1405.6
1395970 1404.7
1388140 899.6
1395980 1404.7
1388150 894.8
1395990 1403.1
1388160 888.4
1396000 1399.2
1388170 888.4
1388180 880.9
1396010 1399.2
1388190 888.9
1396020 1397.5
1388200 888.9
1388210 898.7
1388220 908.4
1388230 908.4
1396030 1394.2
1388240 918.5
1396040 1394.2
1388250 928.9
1388260 928.9
1396050 1391.1
1388270 938.7
1396060 1389.9
1388280 947.0
1396070 1389.9
1388290 947.0
1396080 1385.7
1388300 953.7
1396090 1382.5
1388310 959.8
1396100 1382.5
1388320 959.8
1396110 1380.4
1388330 965.2
1388340 970.6
1396120 1378.3
1388350 975.7
1388360 975.7
1396130 1375.8
1388370 979.8
1388380 982.5
1396140 1375.8
1388390 982.5
1396150 1372.5
1388400 983.5
1388410 987.4
1396160 1369.6
1388420 987.4
1396170 1369.6
1388430 993.3
1396180 1367.1
1388440 998.7
1388450 998.7
1396190 1365.5
1388460 1001.5
1396200 1365.5
1396210 1363.2
1388470 1002.4
1388480 1002.4
1396220 1362.5
1388490 1003.4
1396230 1362.5
1388500 1005.5
1388510 1005.5
1388520 1008.2
1388530 1013.3
1388540 1013.3
1396240 1361.7
1388550 1020.3
1396250 1359.9
1388560 1024.8
1388570 1024.8
1396260 1359.9
1388580 1027.3
1396270 1358.9
1388590 1029.0
1396280 1357.9
1388600 1029.0
1396290 1357.9
1396300 1355.6
1388610 1030.8
1388620 1032.1
1388630 1032.1
1396310 1354.0
1388640 1034.3
1396320 1354.0
1388650 1036.8
1396330 1354.1
1388660 1036.8
1396340 1353.0
1396350 1353.0
1388670 1037.5
1396360 1350.2
1388680 1040.3
1396370 1350.1
1388690 1040.3
1388700 1044.5
1396380 1350.1
1388710 1047.6
1396390 1349.7
1388720 1047.6
1396400 1349.0
1388730 1050.0
1388740 1051.0
1396410 1349.0
1388750 1051.0
1396420 1348.1
1388760 1051.8
1396430 1345.7
1388770 1053.5
1396440 1345.7
1388780 1055.5
1388790 1055.5
1388800 1058.7
1396450 1339.3
1388810 1061.4
1388820 1060.7
1396460 1336.6
1388830 1064.2
1396470 1336.6
1388840 1068.8
1396480 1335.5
1388850 1068.8
1396490 1334.2
1388860 1074.3
1388870 1081.4
1388880 1081.4
1396500 1334.2
1388890 1088.5
1396510 1332.5
1388900 1099.5
1388910 1099.5
1396520 1331.9
1388920 1110.0
1388930 1120.8
1396530 1331.8
1388940 1120.8
1396540 1331.8
1388950 1127.5
1396550 1330.8
1388960 1133.5
1396560 1329.3
1388970 1133.5
1396570 1329.3
1388980 1140.2
1396580 1327.1
1388990 1150.1
1396590 1325.8
1389000 1150.1
1389010 1161.2
1396600 1325.8
1396610 1323.7
1389020 1169.2
1396620 1321.5
1389030 1169.2
1396630 1321.5
1396640 1319.1
1396650 1316.2
1396660 1316.2
1389040 1175.5
1396670 1313.8
1389050 1182.0
1396680 1311.1
1396690 1311.1
1396700 1306.8
1396710 1302.2
1396720 1302.2
1396730 1297.4
1396740 1293.4
1389060 1182.0
1396750 1293.4
1389070 1188.7
1389080 1195.7
1396760 1290.2
1389090 1195.7
1396770 1288.0
1389100 1203.1
1396780 1288.0
1396790 1287.2
1389110 1211.0
1389120 1211.0
1396800 1285.4
1389130 1218.9
1396810 1285.4
1389140 1227.4
1396820 1283.4
1389150 1227.4
1396830 1282.1
1396840 1282.1
1396850 1281.6
1389160 1238.0
1396860 1281.1
1396870 1281.1
1389170 1245.4
1396880 1280.5
1389180 1251.7
1396890 1279.9
1389190 1251.7
1396900 1279.9
1396910 1278.9
1389200 1257.9
1396920 1277.3
1396930 1275.3
1389210 1264.2
1389220 1264.2
1396940 1275.3
1396950 1272.9
1389230 1271.1
1396960 1271.9
1389240 1278.4
1396970 1271.9
1389250 1278.4
1396980 1271.2
1389260 1285.8
1396990 1271.0
1397000 1271.0
1389270 1291.6
1397010 1270.6
1397020 1269.7
1397030 1269.7
1397040 1268.4
1397050 1267.1
1397060 1267.1
1397070 1265.7
1397080 1264.7
1397090 1264.7
1397100 1264.8
1397110 1265.8
1397120 1265.8
1397130 1268.3
1397140 1268.2
1389280 1291.6
1397150 1268.2
1397160 1267.3
1397170 1266.8
1397180 1266.8
1389290 1297.2
1397190 1265.4
1389300 1304.0
1389310 1304.0
1397200 1264.1
1389320 1311.3
1397210 1264.1
1397220 1266.9
1389330 1317.6
1397230 1266.2
1389340 1317.6
1389350 1323.4
1397240 1266.2
1397250 1265.5
1389360 1329.2
1397260 1266.1
1389370 1329.2
1397270 1266.1
1389380 1335.0
1397280 1266.9
1389390 1340.8
1389400 1340.8
1397290 1266.3
1389410 1345.8
1397300 1266.3
1397310 1266.4
1389420 1350.3
1397320 1265.9
1389430 1350.3
1389440 1356.0
1397330 1266.1
1389450 1363.6
1397340 1266.1
1397350 1266.6
1389460 1363.6
1397360 1268.6
1389470 1372.2
1389480 1377.9
1389490 1377.9
1389500 1384.4
1389510 1392.2
1389520 1392.2
1389530 1401.1
1389540 1406.1
1389550 1406.1
1397370 1268.6
1389560 1408.3
1397380 1271.5
1389570 1410.8
1397390 1276.0
1389580 1413.5
1389590 1413.5
1397400 1276.0
1397410 1282.7
1397420 1286.1
1397430 1286.1
1397440 1288.8
1397450 1289.8
1397460 1289.8
1397470 1290.2
1397480 1289.8
1397490 1289.8
1397500 1289.6
1397510 1288.2
1397520 1288.2
1397530 1285.7
1397540 1283.0
1397550 1283.0
1397560 1281.0
1397570 1280.1
1397580 1280.1
1397590 1280.5
1397600 1283.5
1397610 1283.5
1397620 1284.2
1397630 1285.7
1397640 1285.7
1397650 1284.2
1397660 1281.6
1397670 1281.6
1397680 1279.6
1397690 1279.0
1397700 1279.0
1397710 1278.0
1397720 1275.6
1397730 1275.6
1397740 1274.1
1397750 1273.9
1397760 1272.7
1397770 1272.7
1397780 1268.7
1397790 1266.8
1397800 1266.8
1397810 1267.4
1397820 1266.8
1397830 1266.8
1397840 1265.9
1397850 1263.7
1397860 1263.7
1397870 1262.8
1397880 1263.3
1397890 1263.3
1397900 1262.7
1397910 1262.2
1389600 1416.3
1397920 1262.2
1397930 1262.1
1397940 1261.5
1397950 1261.5
1397960 1260.9
1397970 1260.0
1397980 1260.0
1397990 1259.1
1398000 1258.0
1398010 1258.0
1398020 1256.3
1398030 1254.4
1398040 1254.4
1398050 1252.4
1398060 1252.3
1398070 1252.3
1398080 1252.7
1398090 1252.9
1398100 1252.9
1398110 1252.7
1389610 1419.1
1389620 1419.1
1398120 1252.5
1389630 1423.2
1398130 1252.5
1389640 1427.5
1389650 1427.5
1389660 1430.2
1389670 1432.5
1389680 1432.5
1389690 1434.9
1389700 1440.0
1389710 1440.0
1389720 1443.1
1389730 1443.1
1389740 1443.1
1389750 1444.2
1389760 1445.0
1389770 1445.0
1389780 1443.1
1389790 1441.7
1389800 1441.7
1389810 1442.1
1389820 1443.3
1389830 1443.3
1389840 1442.1
1389850 1439.2
1389860 1439.2
1389870 1437.0
1389880 1435.4
1389890 1435.4
1389900 1433.2
1389910 1430.5
1389920 1430.5
1389930 1427.1
1389940 1424.5
1389950 1424.5
1389960 1423.0
1389970 1421.1
1389980 1420.4
1389990 1420.4
1390000 1419.7
1390010 1419.6
1390020 1419.6
1390030 1420.7
1390040 1423.0
1390050 1423.0
1390060 1426.0
1390070 1428.8
1390080 1428.8
1390090 1428.8
1390100 1428.4
1390110 1428.4
1390120 1426.7
1390130 1424.1
1390140 1424.1
1390150 1419.2
1390160 1412.0
1390170 1412.0
1390180 1412.7
1390190 1413.2
1390200 1413.2
1390210 1413.8
1390220 1415.5
1390230 1415.5
1390240 1417.3
1390250 1418.9
1390260 1418.9
1390270 1419.5
1390280 1421.1
1390290 1421.1
1390300 1424.2
1390310 1425.9
1390320 1425.9
1390330 1428.5
1390340 1430.4
1390350 1430.4
1390360 1432.8
1390370 1435.9
1390380 1435.9
1390390 1437.8
1390400 1439.2
1390410 1438.9
1390420 1438.9
1390430 1439.6
1390440 1442.9
1390450 1442.9
1390460 1446.2
1390470 1445.2
1390480 1445.2
1390490 1445.5
1390500 1445.5
1390510 1445.5
1390520 1444.1
1390530 1443.1
1390540 1443.1
1398140 1252.0
1390550 1442.9
1390560 1442.9
1390570 1442.9
1390580 1441.6
1390590 1439.1
1390600 1439.1
1390610 1437.3
1390620 1434.3
1390630 1434.3
1390640 1428.8
1390650 1423.7
1390660 1423.7
1390670 1421.6
1390680 1420.8
1390690 1420.8
1390700 1420.4
1390710 1417.8
1390720 1417.8
1390730 1418.1
1390740 1419.7
1390750 1419.7
1390760 1420.8
1398150 1251.3
1398160 1251.8
1398170 1251.8
1398180 1252.9
1390770 1421.6
1390780 1421.6
1398190 1256.5
1398200 1256.5
1390790 1421.1
1398210 1261.8
1390800 1419.5
1398220 1267.5
1390810 1416.8
1398230 1267.5
1390820 1416.8
1390830 1416.4
1390840 1417.1
1390850 1417.1
1390860 1413.7
1390870 1409.4
1390880 1409.4
1390890 1407.2
1390900 1401.1
1390910 1401.1
1390920 1393.3
1390930 1386.4
1390940 1386.4
1390950 1381.3
1390960 1376.7
1390970 1376.7
1390980 1373.6
1390990 1370.9
1391000 1370.9
1391010 1369.0
1391020 1369.2
1391030 1369.2
1394550 1504.7
1394560 1501.3
1394570 1501.3
1394580 1498.2
1394590 1496.3
1398240 1274.2
1394600 1496.3
1394610 1496.0
1394620 1496.2
1394630 1496.2
1394640 1496.7
1394650 1497.3
1394660 1497.3
1394670 1498.1
1394680 1499.1
1394690 1499.1
1394700 1499.9
1394710 1499.5
1394720 1499.5
1394730 1500.8
1394740 1500.7
1394750 1500.7
1394760 1498.4
1394770 1496.7
1394780 1496.7
1394790 1496.7
1394800 1500.1
1394810 1500.1
1394820 1504.5
1394830 1508.8
1394840 1508.8
1394850 1511.3
1394860 1512.3
1394870 1512.3
1394880 1513.7
1394890 1515.5
1394900 1517.6
1394910 1517.6
1394920 1518.7
1394930 1518.0
1394940 1518.0
1398250 1281.0
1394950 1519.3
1398260 1281.0
1394960 1517.2
1394970 1517.2
1398270 1284.4
1394980 1514.5
1398280 1286.4
1398290 1286.4
1398300 1289.4
1394990 1510.8
1398310 1291.1
1395000 1510.8
1398320 1291.1
1395010 1508.7
1398330 1289.6
1398340 1289.0
1395020 1506.3
1398350 1289.0
1395030 1506.3
1398360 1289.7
1395040 1503.6
1398370 1290.0
1395050 1501.4
1398380 1290.0
1395060 1501.4
1398390 1289.2
1398400 1287.4
1395070 1499.4
1398410 1287.4
1395080 1497.7
1398420 1284.6
1398430 1282.7
1398440 1282.7
1398450 1280.9
1398460 1275.8
1398470 1275.8
1398480 1269.7
1398490 1261.4
1398500 1261.4
1398510 1250.9
1398520 1242.2
1398530 1242.2
1398540 1234.1
1398550 1227.0
1398560 1218.9
1398570 1218.9
1398580 1210.4
1398590 1202.5
1398600 1202.5
1398610 1194.9
1398620 1189.1
1398630 1189.1
1398640 1186.4
1398650 1185.4
1398660 1185.4
1398670 1185.3
1398680 1184.7
1398690 1184.7
1398700 1185.1
1398710 1186.8
1398720 1186.8
1398730 1188.0
1398740 1191.9
1398750 1191.9
1398760 1192.8
1398770 1191.8
1398780 1191.8
1398790 1191.3
1398800 1191.5
1395090 1497.7
1395100 1497.6
1395110 1501.5
1395120 1501.5
1395130 1503.1
1395140 1502.0
1398810 1191.5
1395150 1502.0
1395160 1501.3
1398820 1191.7
1398830 1192.7
1395170 1500.3
1398840 1192.7
1395180 1500.3
1395190 1499.5
1398850 1194.2
1395200 1493.0
1395210 1493.0
1395220 1492.1
1395230 1491.9
1398860 1195.4
1398870 1195.4
1395240 1491.9
1398880 1195.9
1395250 1489.1
1398890 1195.3
1395260 1487.0
1398900 1195.3
1398910 1193.9
1395270 1487.0
1398920 1194.7
1398930 1194.7
1398940 1196.8
1398950 1198.8
1398960 1202.2
1398970 1202.2
1398980 1204.0
1398990 1205.5
1399000 1205.5
1399010 1208.4
1399020 1210.7
1399030 1210.7
1399040 1209.6
1399050 1207.3
1399060 1207.3
1399070 1208.8
1399080 1210.6
1399090 1210.6
1399100 1213.1
1399110 1215.0
1399120 1215.0
1399130 1216.0
1399140 1216.8
1399150 1216.8
1399160 1217.6
1399170 1218.2
1399180 1218.2
1399190 1218.7
1399200 1219.0
1399210 1219.0
1399220 1219.5
1399230 1220.0
1399240 1220.0
1399250 1220.5
1399260 1220.8
1399270 1220.8
1399280 1220.9
1399290 1221.2
1399300 1221.2
1399310 1221.4
1399320 1221.1
1399330 1221.1
1399340 1220.8
1399350 1222.9
1399360 1222.9
1399370 1227.8
1399380 1232.7
1399390 1235.9
1399400 1235.9
1399410 1239.8
1399420 1243.8
1399430 1243.8
1399750 1368.8
1395280 1484.6
1395290 1482.3
1395300 1482.6
1395310 1482.6
1395320 1483.2
1395330 1485.4
1395340 1485.4
1395350 1486.4
1395360 1490.0
1395370 1490.0
1395380 1491.1
1395390 1491.9
1395400 1491.9
1395410 1492.4
1395420 1495.6
1395430 1495.6
1395440 1496.6
1395450 1492.5
1395460 1492.5
1395470 1490.3
1395480 1489.0
1395490 1489.0
1395500 1485.4
1395510 1484.8
1395520 1484.8
1395530 1484.9
1395540 1483.9
1395550 1483.9
1395560 1482.0
1395570 1480.4
1395580 1480.4
1395590 1478.1
1395600 1476.6
1395610 1476.6
1395620 1474.8
1395630 1473.7
1395640 1473.7
1395650 1472.2
1395660 1466.5
1395670 1466.5
1395680 1467.0
1399760 1368.8
1399770 1372.9
1399780 1379.3
1399790 1383.2
1399800 1383.2
1399810 1385.3
1399820 1385.4
1399830 1385.4
1399840 1384.2
1399850 1384.3
1399860 1384.3
1399870 1385.0
1399880 1385.1
1399890 1385.1
1399900 1385.1
1399910 1385.0
1399920 1385.0
1399930 1385.3
1399940 1385.2
1399950 1385.2
1399960 1384.4
1399970 1382.9
1399980 1382.9
1399990 1381.6
1395690 1468.3
1395700 1468.8
1395710 1468.8
1395720 1468.6
1395730 1468.3
1395740 1468.3
1395750 1466.4
1395760 1467.5
1395770 1467.5
1395780 1460.1
1395790 1451.7
1395800 1451.7
1395810 1439.5
1395820 1430.1
1395830 1430.1
1395840 1423.6
1395850 1418.5
1395860 1418.5
1395870 1415.4
1395880 1414.1
1395890 1414.1
1395900 1412.8
1395910 1411.4
1395920 1411.4
1395930 1408.3
1395940 1406.5
1395950 1406.5
1395960 1405.6
1395970 1404.7
1395980 1404.7
1395990 1403.1
1396000 1399.2
1396010 1399.2
1396020 1397.5
1396030 1394.2
1396040 1394.2
1396050 1391.1
1396060 1389.9
1396070 1389.9
1396080 1385.7
1396090 1382.5
1396100 1382.5
1396110 1380.4
1396120 1378.3
1396130 1375.8
1396140 1375.8
1396150 1372.5
1396160 1369.6
1396170 1369.6
1396180 1367.1
1396190 1365.5
1396200 1365.5
1396210 1363.2
1396220 1362.5
1396230 1362.5
1396240 1361.7
1396250 1359.9
1396260 1359.9
1396270 1358.9
1396280 1357.9
1396290 1357.9
1396300 1355.6
1396310 1354.0
1396320 1354.0
1396330 1354.1
1396340 1353.0
1396350 1353.0
1396360 1350.2
1396370 1350.1
1396380 1350.1
1396390 1349.7
1396400 1349.0
1396410 1349.0
1396420 1348.1
1396430 1345.7
1396440 1345.7
1396450 1339.3
1396460 1336.6
1396470 1336.6
1396480 1335.5
1396490 1334.2
1396500 1334.2
1396510 1332.5
1396520 1331.9
1396530 1331.8
1396540 1331.8
1396550 1330.8
1396560 1329.3
1396570 1329.3
1396580 1327.1
1396590 1325.8
1396600 1325.8
1396610 1323.7
1396620 1321.5
1396630 1321.5
1396640 1319.1
1396650 1316.2
1396660 1316.2
1396670 1313.8
1396680 1311.1
1396690 1311.1
1396700 1306.8
1396710 1302.2
1396720 1302.2
1396730 1297.4
1396740 1293.4
1396750 1293.4
1396760 1290.2
1396770 1288.0
1396780 1288.0
1396790 1287.2
1396800 1285.4
1396810 1285.4
1396820 1283.4
1396830 1282.1
1396840 1282.1
1396850 1281.6
1396860 1281.1
1396870 1281.1
1396880 1280.5
1396890 1279.9
1396900 1279.9
1396910 1278.9
1396920 1277.3
1396930 1275.3
1396940 1275.3
1396950 1272.9
1396960 1271.9
1396970 1271.9
1396980 1271.2
1396990 1271.0
1397000 1271.0
1397010 1270.6
1397020 1269.7
1397030 1269.7
1397040 1268.4
1397050 1267.1
1397060 1267.1
1397070 1265.7
1397080 1264.7
1397090 1264.7
1397100 1264.8
1397110 1265.8
1397120 1265.8
1397130 1268.3
1397140 1268.2
1397150 1268.2
1397160 1267.3
1397170 1266.8
1397180 1266.8
1397190 1265.4
1397200 1264.1
1397210 1264.1
1397220 1266.9
1397230 1266.2
1397240 1266.2
1397250 1265.5
1397260 1266.1
1397270 1266.1
1397280 1266.9
1397290 1266.3
1397300 1266.3
1397310 1266.4
1397320 1265.9
1397330 1266.1
1397340 1266.1
1397350 1266.6
1397360 1268.6
1397370 1268.6
1397380 1271.5
1397390 1276.0
1397400 1276.0
1397410 1282.7
1397420 1286.1
1397430 1286.1
1397440 1288.8
1397450 1289.8
1397460 1289.8
1397470 1290.2
1397480 1289.8
1397490 1289.8
1397500 1289.6
1397510 1288.2
1397520 1288.2
1397530 1285.7
1397540 1283.0
1397550 1283.0
1397560 1281.0
1397570 1280.1
1397580 1280.1
1397590 1280.5
1397600 1283.5
1397610 1283.5
1397620 1284.2
1397630 1285.7
1397640 1285.7
1397650 1284.2
1397660 1281.6
1397670 1281.6
1397680 1279.6
1397690 1279.0
1397700 1279.0
1397710 1278.0
1397720 1275.6
1397730 1275.6
1397740 1274.1
1397750 1273.9
1397760 1272.7
1397770 1272.7
1397780 1268.7
1397790 1266.8
1397800 1266.8
1397810 1267.4
1397820 1266.8
1397830 1266.8
1397840 1265.9
1397850 1263.7
1397860 1263.7
1397870 1262.8
1397880 1263.3
1397890 1263.3
1397900 1262.7
1397910 1262.2
1397920 1262.2
1397930 1262.1
1397940 1261.5
1397950 1261.5
1397960 1260.9
1397970 1260.0
1397980 1260.0
1397990 1259.1
1398000 1258.0
1398010 1258.0
1398020 1256.3
1398030 1254.4
1398040 1254.4
1398050 1252.4
1398060 1252.3
1398070 1252.3
1398080 1252.7
1398090 1252.9
1398100 1252.9
1398110 1252.7
1398120 1252.5
1398130 1252.5
1398140 1252.0
1398150 1251.3
1398160 1251.8
1398170 1251.8
1398180 1252.9
1398190 1256.5
1398200 1256.5
1398210 1261.8
1398220 1267.5
1398230 1267.5
1398240 1274.2
1398250 1281.0
1398260 1281.0
1398270 1284.4
1398280 1286.4
1398290 1286.4
1398300 1289.4
1398310 1291.1
1398320 1291.1
1398330 1289.6
1398340 1289.0
1398350 1289.0
1398360 1289.7
1398370 1290.0
1398380 1290.0
1398390 1289.2
1398400 1287.4
1398410 1287.4
1398420 1284.6
1398430 1282.7
1398440 1282.7
1398450 1280.9
1398460 1275.8
1398470 1275.8
1398480 1269.7
1398490 1261.4
1398500 1261.4
1398510 1250.9
1398520 1242.2
1398530 1242.2
1398540 1234.1
1398550 1227.0
1398560 1218.9
1398570 1218.9
1398580 1210.4
1398590 1202.5
1398600 1202.5
1398610 1194.9
1398620 1189.1
1398630 1189.1
1398640 1186.4
1398650 1185.4
1398660 1185.4
1398670 1185.3
1398680 1184.7
1398690 1184.7
1398700 1185.1
1398710 1186.8
1398720 1186.8
1398730 1188.0
1398740 1191.9
1398750 1191.9
1398760 1192.8
1398770 1191.8
1398780 1191.8
1398790 1191.3
1398800 1191.5
1398810 1191.5
1398820 1191.7
1398830 1192.7
1398840 1192.7
1398850 1194.2
1398860 1195.4
1398870 1195.4
1398880 1195.9
1398890 1195.3
1398900 1195.3
1398910 1193.9
1398920 1194.7
1398930 1194.7
1398940 1196.8
1398950 1198.8
1398960 1202.2
1398970 1202.2
1398980 1204.0
1398990 1205.5
1399000 1205.5
1399010 1208.4
1399020 1210.7
1399030 1210.7
1399040 1209.6
1399050 1207.3
1399060 1207.3
1399070 1208.8
1399080 1210.6
1399090 1210.6
1399100 1213.1
1399110 1215.0
1399120 1215.0
1399130 1216.0
1399140 1216.8
1399150 1216.8
1399160 1217.6
1399170 1218.2
1399180 1218.2
1399190 1218.7
1399200 1219.0
1399210 1219.0
1399220 1219.5
1399230 1220.0
1399240 1220.0
1399250 1220.5
1399260 1220.8
1399270 1220.8
1399280 1220.9
1399290 1221.2
1399300 1221.2
1399310 1221.4
1399320 1221.1
1399330 1221.1
1399340 1220.8
1399350 1222.9
1399360 1222.9
1399370 1227.8
1399380 1232.7
1399390 1235.9
1399400 1235.9
1399410 1239.8
1399420 1243.8
1399430 1243.8
1399750 1368.8
1399760 1368.8
1399770 1372.9
1399780 1379.3
1399790 1383.2
1399800 1383.2
1399810 1385.3
1399820 1385.4
1399830 1385.4
1399840 1384.2
1399850 1384.3
1399860 1384.3
1399870 1385.0
1399880 1385.1
1399890 1385.1
1399900 1385.1
1399910 1385.0
1399920 1385.0
1399930 1385.3
1399940 1385.2
1399950 1385.2
1399960 1384.4
1399970 1382.9
1399980 1382.9
1399990 1381.6
