1380000 590.8
1380010 590.7
1380020 590.7
1380030 590.7
1380040 590.7
1380050 590.6
1380060 590.6
1380070 590.5
1380080 590.5
1380090 590.3
1380100 590.3
1380110 590.3
1380120 590.3
1380130 590.3
1380140 590.2
1380150 590.3
1380160 590.3
1380170 590.0
1380180 589.9
1380190 589.9
1380200 590.2
1380210 590.2
1380220 590.2
1380230 589.8
1380240 589.4
1380250 589.4
1380260 589.2
1380270 589.1
1380280 589.1
1380290 589.1
1380300 589.0
1380310 589.0
1380320 589.0
1380330 589.0
1380340 589.0
1380350 589.1
1380360 588.9
1380370 588.9
1380380 588.7
1380390 588.5
1380400 588.5
1380410 588.4
1380420 588.2
1380430 588.2
1380440 588.0
1380450 588.0
1380460 588.0
1380470 588.0
1380480 588.3
1380490 588.3
1380500 588.9
1380510 589.0
1380520 589.0
1380530 589.0
1380540 589.0
1380550 589.0
1380560 589.0
1380570 589.1
1380580 589.2
1380590 589.2
1380600 589.3
1380610 589.4
1380620 589.4
1380630 589.5
1380640 589.7
1380650 589.7
1380660 589.9
1380670 590.1
1380680 590.1
1380690 590.2
1380700 590.3
1380710 590.3
1380720 590.2
1380730 590.1
1380740 590.1
1380750 590.1
1380760 590.1
1380770 590.1
1380780 590.0
1380790 590.0
1380800 590.0
1380810 590.0
1380820 590.0
1380830 590.0
1380840 589.9
1380850 589.9
1380860 589.9
1380870 590.1
1380880 590.4
1380890 590.4
1380900 590.7
1380910 590.8
1380920 590.8
1380930 590.8
1380940 590.7
1380950 590.7
1380960 590.7
1380970 590.6
1380980 590.6
1380990 590.6
1381000 590.6
1381010 590.7
1381020 590.7
1381030 590.8
1381040 591.0
1381050 591.0
1381060 591.0
1381070 590.9
1381080 590.9
1381090 590.9
1381100 590.8
1381110 590.8
1381120 590.9
1381130 591.2
1381140 591.2
1381150 591.7
1381160 591.9
1381170 591.9
1381180 592.0
1381190 592.0
1381200 592.0
1381210 592.1
1381220 592.3
1381230 592.3
1381240 592.6
1381250 592.7
1381260 592.7
1381270 592.7
1381280 592.8
1381290 592.8
1381300 592.7
1381310 592.4
1381320 592.4
1381330 592.6
1381340 592.6
1381350 592.6
1381360 593.0
1381370 593.1
1381380 593.3
1381390 593.3
1381400 593.4
1381410 593.4
1381420 593.4
1381430 593.4
1381440 593.1
1381450 593.1
1381460 593.2
1381470 593.2
1381480 593.2
1381490 593.3
1381500 593.4
1381510 593.4
1381520 593.5
1381530 593.6
1381540 593.6
1381550 593.6
1381560 593.7
1381570 593.7
1381580 593.7
1381590 593.8
1381600 593.8
1381610 593.7
1381620 593.7
1381630 593.7
1381640 593.7
1381650 593.7
1381660 593.7
1381670 593.7
1381680 593.7
1381690 593.7
1381700 593.9
1381710 593.9
1381720 593.9
1381730 593.9
1381740 594.1
1381750 594.1
1381760 594.2
1381770 594.3
1381780 594.3
1381790 594.3
1381800 594.6
1381810 594.6
1381820 594.6
1381830 594.6
1381840 594.8
1381850 594.8
1381860 595.0
1381870 595.1
1381880 595.1
1381890 595.1
1381900 595.2
1381910 595.2
1381920 595.4
1381930 595.5
1381940 595.5
1381950 595.7
1381960 595.9
1381970 595.9
1381980 596.1
1381990 596.3
1382000 596.3
1382010 596.4
1382020 596.6
1382030 596.6
1382040 596.7
1382050 596.7
1382060 596.7
1382070 596.7
1382080 596.6
1382090 596.6
1382100 596.6
1382110 596.4
1382120 596.4
1382130 596.5
1382140 596.5
1382150 596.5
1382160 596.7
1382170 596.8
1382180 596.8
1382190 596.9
1382200 597.0
1382210 597.0
1382220 597.0
1382230 597.0
1382240 597.1
1382250 597.1
1382260 597.3
1382270 597.6
1382280 597.6
1382290 597.8
1382300 597.1
1382310 597.1
1382320 597.0
1382330 597.1
1382340 597.1
1382350 597.4
1382360 597.7
1382370 597.7
1382380 597.9
1382390 598.1
1382400 598.1
1382410 598.2
1382420 598.3
1382430 598.3
1382440 598.3
1382450 598.3
1382460 598.3
1382470 598.4
1382480 598.5
1382490 598.5
1382500 598.6
1382510 598.7
1382520 598.7
1382530 598.8
1382540 598.7
1382550 598.7
1382560 598.7
1382570 598.8
1382580 598.8
1382590 598.8
1382600 598.7
1382610 598.7
1382620 598.6
1382630 598.4
1382640 598.4
1382650 598.2
1382660 597.2
1382670 595.1
1382680 595.1
1382690 595.1
1382700 595.4
1382710 595.4
1382720 595.2
1382730 595.6
1382740 595.6
1382750 594.8
1382760 594.9
1382770 594.9
1382780 595.1
1382790 595.2
1382800 595.2
1382810 595.2
1382820 592.9
1382830 592.9
1382840 591.5
1382850 592.4
1382860 592.4
1382870 595.6
1382880 599.4
1382890 599.4
1382900 605.4
1382910 613.3
1382920 613.3
1382930 623.9
1382940 627.4
1382950 627.4
1382960 627.6
1382970 627.7
1382980 627.7
1382990 627.6
1383000 627.4
1383010 627.4
1383020 627.3
1383030 627.3
1383040 627.3
1383050 627.5
1383060 627.7
1383070 628.0
1383080 628.0
1383090 628.1
1383100 627.8
1383110 627.8
1383120 627.5
1383130 627.5
1383140 627.5
1383150 628.3
1383160 628.3
1383170 628.3
1383180 627.8
1383190 627.8
1383200 627.8
1383210 629.4
1383220 633.1
1383230 633.1
1383240 638.0
1383250 643.5
1383260 643.5
1383270 648.4
1383280 651.9
1383290 651.9
1383300 653.3
1383310 653.2
1383320 653.2
1383330 652.7
1383340 652.2
1383350 652.2
1383360 651.7
1383370 652.0
1383380 652.0
1383390 653.0
1383400 654.4
1383410 654.4
1383420 655.8
1383430 656.5
1383440 656.5
1383450 654.3
1383460 649.9
1383470 649.9
1383480 645.2
1383490 640.7
1383500 636.8
1383510 636.8
1383520 632.4
1383530 628.3
1383540 628.3
1383550 625.4
1383560 623.1
1383570 623.1
1383580 620.3
1383590 618.1
1383600 618.1
1383610 617.3
1383620 616.2
1383630 616.2
1383640 615.6
1383650 615.6
1383660 615.6
1383670 615.6
1383680 615.6
1383690 615.6
1383700 615.7
1383710 615.8
1383720 615.8
1383730 615.9
1383740 616.1
1383750 616.1
1383760 616.3
1383770 616.5
1383780 616.5
1383790 616.8
1383800 617.7
1383810 617.7
1383820 618.0
1383830 617.9
1383840 617.9
1383850 617.7
1383860 616.6
1383870 616.6
1383880 610.2
1383890 604.5
1383900 604.5
1383910 603.0
1383920 603.1
1383930 603.4
1383940 603.4
1383950 603.7
1383960 604.0
1383970 604.0
1383980 604.2
1383990 604.3
1384000 604.3
1384010 604.4
1384020 604.8
1384030 604.8
1384040 605.7
1384050 607.1
1384060 607.1
1384070 608.0
1384080 612.0
1384090 612.0
1384100 617.7
1384110 624.0
1384120 624.0
1384130 626.1
1384140 630.2
1384150 630.2
1384160 635.7
1384170 641.0
1384180 641.0
1384190 645.3
1384200 650.5
1384210 650.5
1384220 651.5
1384230 651.2
1384240 651.2
1384250 651.3
1384260 650.0
1384270 650.0
1384280 648.9
1384290 650.4
1384300 650.4
1384310 651.2
1384320 650.8
1384330 650.8
1384340 648.8
1384350 643.2
1384360 638.9
1384370 638.9
1384380 633.5
1384390 627.7
1384400 627.7
1384410 624.8
1384420 621.4
1384430 621.4
1384440 618.3
1384450 616.7
1384460 616.7
1384470 615.9
1384480 616.0
1384490 616.0
1384500 616.5
1384510 616.9
1384520 616.9
1384530 617.4
1384540 617.9
1384550 617.9
1384560 618.1
1384570 618.2
1384580 618.2
1384590 620.4
1384600 621.5
1384610 621.5
1384620 621.1
1384630 620.8
1384640 620.8
1384650 624.8
1384660 624.6
1384670 624.6
1384680 625.2
1384690 624.9
1384700 624.9
1384710 619.2
1384720 612.8
1384730 612.8
1384740 611.8
1384750 610.7
1384760 610.7
1384770 610.2
1384780 610.3
1384790 610.4
1384800 610.4
1384810 610.3
1384820 610.2
1384830 610.2
1384840 610.0
1384850 609.7
1384860 609.7
1384870 609.4
1384880 609.6
1384890 609.6
1384900 609.7
1384910 609.7
1384920 609.7
1384930 609.9
1384940 610.0
1384950 610.0
1384960 610.2
1384970 610.5
1384980 610.5
1384990 610.7
1385000 611.1
1385010 611.1
1385020 611.6
1385030 611.9
1385040 611.9
1385050 612.0
1385060 612.3
1385070 612.3
1385080 612.5
1385090 612.0
1385100 612.0
1385110 611.9
1385120 612.3
1385130 612.3
1385140 612.4
1385150 614.1
1385160 614.1
1385170 618.7
1385180 623.8
1385190 623.8
1385200 630.7
1385210 637.1
1385220 641.6
1385230 641.6
1385240 644.8
1385250 648.7
1385260 648.7
1385270 653.4
1385280 647.0
1385290 647.0
1385300 635.0
1385310 628.5
1385320 628.5
1385330 623.9
1385340 623.0
1385350 623.0
1385360 623.3
1385370 625.2
1385380 625.2
1385390 627.7
1385400 629.0
1385410 629.0
1385420 629.9
1385430 630.6
1385440 630.6
1385450 632.4
1385460 636.3
1385470 636.3
1385480 641.5
1385490 646.2
1385500 646.2
1385510 650.9
1385520 656.5
1385530 656.5
1385540 661.4
1385550 664.9
1385560 664.9
1385570 666.9
1385580 667.8
1385590 667.8
1385600 669.6
1385610 672.3
1385620 672.3
1385630 673.6
1385640 673.1
1385650 671.9
1385660 671.9
1385670 672.8
1385680 674.1
1385690 674.1
1385700 674.0
1385710 673.8
1385720 673.8
1385730 674.7
1385740 676.3
1385750 676.3
1385760 678.6
1385770 682.1
1385780 682.1
1385790 687.1
1385800 692.6
1385810 692.6
1385820 696.7
1385830 700.0
1385840 700.0
1385850 702.7
1385860 704.5
1385870 704.5
1385880 705.3
1385890 706.2
1385900 706.2
1385910 707.0
1385920 706.7
1385930 706.7
1385940 710.2
1385950 718.2
1385960 718.2
1385970 719.7
1385980 721.9
1385990 721.9
1386000 724.7
1386010 726.4
1386020 726.4
1386030 727.1
1386040 727.8
1386050 728.8
1386060 728.8
1386070 730.0
1386080 730.5
1386090 730.5
1386100 730.6
1386110 731.8
1386120 731.8
1386130 732.5
1386140 732.2
1386150 732.2
1386160 731.8
1386170 731.4
1386180 731.4
1386190 730.4
1386200 730.4
1386210 730.4
1386220 731.0
1386230 731.2
1386240 731.2
1386250 731.6
1386260 733.4
1386270 733.4
1386280 735.5
1386290 737.3
1386300 737.3
1386310 738.1
1386320 737.1
1386330 737.1
1386340 734.8
1386350 732.4
1386360 732.4
1386370 730.5
1386380 730.6
1386390 730.6
1386400 731.5
1386410 732.3
1386420 732.3
1386430 732.5
1386440 732.3
1386450 732.3
1386460 731.7
1386470 730.4
1386480 727.8
1386490 727.8
1386500 722.5
1386510 715.3
1386520 715.3
1386530 709.4
1386540 703.2
1386550 703.2
1386560 696.7
1386570 693.0
1386580 693.0
1386590 692.1
1386600 691.7
1386610 691.7
1386620 692.1
1386630 693.0
1386640 693.0
1386650 694.5
1386660 696.6
1386670 696.6
1386680 698.9
1386690 702.8
1386700 702.8
1386710 708.3
1386720 715.5
1386730 715.5
1386740 724.1
1386750 726.3
1386760 726.3
1386770 725.2
1386780 723.2
1386790 723.2
1386800 721.0
1386810 719.2
1386820 719.2
1386830 717.7
1386840 715.3
1386850 715.3
1386860 714.0
1386870 713.4
1386880 713.4
1386890 713.5
1386900 713.4
1386910 713.5
1386920 713.5
1386930 713.9
1386940 713.8
1386950 713.8
1386960 712.6
1386970 711.0
1386980 711.0
1386990 710.6
1387000 711.6
1387010 711.6
1387020 712.8
1387030 715.0
1387040 715.0
1387050 719.2
1387060 724.4
1387070 724.4
1387080 731.4
1387090 737.6
1387100 737.6
1387110 741.4
1387120 744.1
1387130 744.1
1387140 748.0
1387150 752.4
1387160 752.4
1387170 758.0
1387180 765.7
1387190 765.7
1387200 774.7
1387210 783.7
1387220 783.7
1387230 790.7
1387240 797.7
1387250 797.7
1387260 801.6
1387270 808.7
1387280 808.7
1387290 812.7
1387300 815.3
1387310 815.3
1387320 818.9
1387330 822.2
1387340 824.9
1387350 824.9
1387360 824.9
1387370 826.0
1387380 826.0
1387390 828.2
1380000 590.8
1380010 590.7
1380020 590.7
1380030 590.7
1380040 590.7
1380050 590.6
1380060 590.6
1380070 590.5
1380080 590.5
1380090 590.3
1380100 590.3
1380110 590.3
1380120 590.3
1380130 590.3
1380140 590.2
1380150 590.3
1380160 590.3
1380170 590.0
1380180 589.9
1380190 589.9
1380200 590.2
1380210 590.2
1380220 590.2
1380230 589.8
1380240 589.4
1380250 589.4
1380260 589.2
1380270 589.1
1380280 589.1
1380290 589.1
1380300 589.0
1380310 589.0
1380320 589.0
1380330 589.0
1380340 589.0
1380350 589.1
1380360 588.9
1380370 588.9
1380380 588.7
1380390 588.5
1380400 588.5
1380410 588.4
1380420 588.2
1380430 588.2
1380440 588.0
1380450 588.0
1380460 588.0
1380470 588.0
1380480 588.3
1380490 588.3
1380500 588.9
1380510 589.0
1380520 589.0
1380530 589.0
1380540 589.0
1380550 589.0
1380560 589.0
1380570 589.1
1380580 589.2
1380590 589.2
1380600 589.3
1380610 589.4
1380620 589.4
1380630 589.5
1380640 589.7
1380650 589.7
1380660 589.9
1380670 590.1
1380680 590.1
1380690 590.2
1380700 590.3
1380710 590.3
1380720 590.2
1380730 590.1
1380740 590.1
1380750 590.1
1380760 590.1
1380770 590.1
1380780 590.0
1380790 590.0
1380800 590.0
1380810 590.0
1380820 590.0
1380830 590.0
1380840 589.9
1380850 589.9
1380860 589.9
1380870 590.1
1380880 590.4
1380890 590.4
1380900 590.7
1380910 590.8
1380920 590.8
1380930 590.8
1380940 590.7
1380950 590.7
1380960 590.7
1380970 590.6
1380980 590.6
1380990 590.6
1381000 590.6
1381010 590.7
1381020 590.7
1381030 590.8
1381040 591.0
1381050 591.0
1381060 591.0
1381070 590.9
1381080 590.9
1381090 590.9
1381100 590.8
1381110 590.8
1381120 590.9
1381130 591.2
1381140 591.2
1381150 591.7
1381160 591.9
1381170 591.9
1381180 592.0
1381190 592.0
1381200 592.0
1381210 592.1
1381220 592.3
1381230 592.3
1381240 592.6
1381250 592.7
1381260 592.7
1381270 592.7
1381280 592.8
1381290 592.8
1381300 592.7
1381310 592.4
1381320 592.4
1381330 592.6
1381340 592.6
1381350 592.6
1381360 593.0
1381370 593.1
1381380 593.3
1381390 593.3
1381400 593.4
1381410 593.4
1381420 593.4
1381430 593.4
1381440 593.1
1381450 593.1
1381460 593.2
1381470 593.2
1381480 593.2
1381490 593.3
1381500 593.4
1381510 593.4
1381520 593.5
1381530 593.6
1381540 593.6
1381550 593.6
1381560 593.7
1381570 593.7
1381580 593.7
1381590 593.8
1381600 593.8
1381610 593.7
1381620 593.7
1381630 593.7
1381640 593.7
1381650 593.7
1381660 593.7
1381670 593.7
1381680 593.7
1381690 593.7
1381700 593.9
1381710 593.9
1381720 593.9
1381730 593.9
1381740 594.1
1381750 594.1
1381760 594.2
1381770 594.3
1381780 594.3
1381790 594.3
1381800 594.6
1381810 594.6
1381820 594.6
1381830 594.6
1381840 594.8
1381850 594.8
1381860 595.0
1381870 595.1
1381880 595.1
1381890 595.1
1381900 595.2
1381910 595.2
1381920 595.4
1381930 595.5
1381940 595.5
1381950 595.7
1381960 595.9
1381970 595.9
1381980 596.1
1381990 596.3
1382000 596.3
1382010 596.4
1382020 596.6
1382030 596.6
1382040 596.7
1382050 596.7
1382060 596.7
1382070 596.7
1382080 596.6
1382090 596.6
1382100 596.6
1382110 596.4
1382120 596.4
1382130 596.5
1382140 596.5
1382150 596.5
1382160 596.7
1382170 596.8
1382180 596.8
1382190 596.9
1382200 597.0
1382210 597.0
1382220 597.0
1382230 597.0
1382240 597.1
1382250 597.1
1382260 597.3
1382270 597.6
1382280 597.6
1382290 597.8
1382300 597.1
1382310 597.1
1382320 597.0
1382330 597.1
1382340 597.1
1382350 597.4
1382360 597.7
1382370 597.7
1382380 597.9
1382390 598.1
1382400 598.1
1382410 598.2
1382420 598.3
1382430 598.3
1382440 598.3
1382450 598.3
1382460 598.3
1382470 598.4
1382480 598.5
1382490 598.5
1382500 598.6
1382510 598.7
1382520 598.7
1382530 598.8
1382540 598.7
1382550 598.7
1382560 598.7
1382570 598.8
1382580 598.8
1382590 598.8
1382600 598.7
1382610 598.7
1382620 598.6
1382630 598.4
1382640 598.4
1382650 598.2
1382660 597.2
1382670 595.1
1382680 595.1
1382690 595.1
1382700 595.4
1382710 595.4
1382720 595.2
1382730 595.6
1382740 595.6
1382750 594.8
1382760 594.9
1382770 594.9
1382780 595.1
1382790 595.2
1382800 595.2
1382810 595.2
1382820 592.9
1382830 592.9
1382840 591.5
1382850 592.4
1382860 592.4
1382870 595.6
1382880 599.4
1382890 599.4
1382900 605.4
1382910 613.3
1382920 613.3
1382930 623.9
1382940 627.4
1382950 627.4
1382960 627.6
1382970 627.7
1382980 627.7
1382990 627.6
1383000 627.4
1383010 627.4
1383020 627.3
1383030 627.3
1383040 627.3
1383050 627.5
1383060 627.7
1383070 628.0
1383080 628.0
1383090 628.1
1383100 627.8
1383110 627.8
1383120 627.5
1383130 627.5
1383140 627.5
1383150 628.3
1383160 628.3
1383170 628.3
1383180 627.8
1383190 627.8
1383200 627.8
1383210 629.4
1383220 633.1
1383230 633.1
1383240 638.0
1383250 643.5
1383260 643.5
1383270 648.4
1383280 651.9
1383290 651.9
1383300 653.3
1383310 653.2
1383320 653.2
1383330 652.7
1383340 652.2
1383350 652.2
1383360 651.7
1383370 652.0
1383380 652.0
1383390 653.0
1383400 654.4
1383410 654.4
1383420 655.8
1383430 656.5
1383440 656.5
1383450 654.3
1383460 649.9
1383470 649.9
1383480 645.2
1383490 640.7
1383500 636.8
1383510 636.8
1383520 632.4
1383530 628.3
1383540 628.3
1383550 625.4
1383560 623.1
1383570 623.1
1383580 620.3
1383590 618.1
1383600 618.1
1383610 617.3
1383620 616.2
1383630 616.2
1383640 615.6
1383650 615.6
1383660 615.6
1383670 615.6
1383680 615.6
1383690 615.6
1383700 615.7
1383710 615.8
1383720 615.8
1383730 615.9
1383740 616.1
1383750 616.1
1383760 616.3
1383770 616.5
1383780 616.5
1383790 616.8
1383800 617.7
1383810 617.7
1383820 618.0
1383830 617.9
1383840 617.9
1383850 617.7
1383860 616.6
1383870 616.6
1383880 610.2
1383890 604.5
1383900 604.5
1383910 603.0
1383920 603.1
1383930 603.4
1383940 603.4
1383950 603.7
1383960 604.0
1383970 604.0
1383980 604.2
1383990 604.3
1384000 604.3
1384010 604.4
1384020 604.8
1384030 604.8
1384040 605.7
1384050 607.1
1384060 607.1
1384070 608.0
1384080 612.0
1384090 612.0
1384100 617.7
1384110 624.0
1384120 624.0
1384130 626.1
1384140 630.2
1384150 630.2
1384160 635.7
1384170 641.0
1384180 641.0
1384190 645.3
1384200 650.5
1384210 650.5
1384220 651.5
1384230 651.2
1384240 651.2
1384250 651.3
1384260 650.0
1384270 650.0
1384280 648.9
1384290 650.4
1384300 650.4
1384310 651.2
1384320 650.8
1384330 650.8
1384340 648.8
1384350 643.2
1384360 638.9
1384370 638.9
1384380 633.5
1384390 627.7
1384400 627.7
1384410 624.8
1384420 621.4
1384430 621.4
1384440 618.3
1384450 616.7
1384460 616.7
1384470 615.9
1384480 616.0
1384490 616.0
1384500 616.5
1384510 616.9
1384520 616.9
1384530 617.4
1384540 617.9
1384550 617.9
1384560 618.1
1384570 618.2
1384580 618.2
1384590 620.4
1384600 621.5
1384610 621.5
1384620 621.1
1384630 620.8
1384640 620.8
1384650 624.8
1384660 624.6
1384670 624.6
1384680 625.2
1384690 624.9
1384700 624.9
1384710 619.2
1384720 612.8
1384730 612.8
1384740 611.8
1384750 610.7
1384760 610.7
1384770 610.2
1384780 610.3
1384790 610.4
1384800 610.4
1384810 610.3
1384820 610.2
1384830 610.2
1384840 610.0
1384850 609.7
1384860 609.7
1384870 609.4
1384880 609.6
1384890 609.6
1384900 609.7
1384910 609.7
1384920 609.7
1384930 609.9
1384940 610.0
1384950 610.0
1384960 610.2
1384970 610.5
1384980 610.5
1384990 610.7
1385000 611.1
1385010 611.1
1385020 611.6
1385030 611.9
1385040 611.9
1385050 612.0
1385060 612.3
1385070 612.3
1385080 612.5
1385090 612.0
1385100 612.0
1385110 611.9
1385120 612.3
1385130 612.3
1385140 612.4
1385150 614.1
1385160 614.1
1385170 618.7
1385180 623.8
1385190 623.8
1385200 630.7
1385210 637.1
1385220 641.6
1385230 641.6
1385240 644.8
1385250 648.7
1385260 648.7
1385270 653.4
1385280 647.0
1385290 647.0
1385300 635.0
1385310 628.5
1385320 628.5
1385330 623.9
1385340 623.0
1385350 623.0
1385360 623.3
1385370 625.2
1385380 625.2
1385390 627.7
1385400 629.0
1385410 629.0
1385420 629.9
1385430 630.6
1385440 630.6
1385450 632.4
1385460 636.3
1385470 636.3
1385480 641.5
1385490 646.2
1385500 646.2
1385510 650.9
1385520 656.5
1385530 656.5
1385540 661.4
1385550 664.9
1385560 664.9
1385570 666.9
1385580 667.8
1385590 667.8
1385600 669.6
1385610 672.3
1385620 672.3
1385630 673.6
1385640 673.1
1385650 671.9
1385660 671.9
1385670 672.8
1385680 674.1
1385690 674.1
1385700 674.0
1385710 673.8
1385720 673.8
1385730 674.7
1385740 676.3
1385750 676.3
1385760 678.6
1385770 682.1
1385780 682.1
1385790 687.1
1385800 692.6
1385810 692.6
1385820 696.7
1385830 700.0
1385840 700.0
1385850 702.7
1385860 704.5
1385870 704.5
1385880 705.3
1385890 706.2
1385900 706.2
1385910 707.0
1385920 706.7
1385930 706.7
1385940 710.2
1385950 718.2
1385960 718.2
1385970 719.7
1385980 721.9
1385990 721.9
1386000 724.7
1386010 726.4
1386020 726.4
1386030 727.1
1386040 727.8
1386050 728.8
1386060 728.8
1386070 730.0
1386080 730.5
1386090 730.5
1386100 730.6
1386110 731.8
1386120 731.8
1386130 732.5
1386140 732.2
1386150 732.2
1386160 731.8
1386170 731.4
1386180 731.4
1386190 730.4
1386200 730.4
1386210 730.4
1386220 731.0
1386230 731.2
1386240 731.2
1386250 731.6
1386260 733.4
1386270 733.4
1386280 735.5
1386290 737.3
1386300 737.3
1386310 738.1
1386320 737.1
1386330 737.1
1386340 734.8
1386350 732.4
1386360 732.4
1386370 730.5
1386380 730.6
1386390 730.6
1386400 731.5
1386410 732.3
1386420 732.3
1386430 732.5
1386440 732.3
1386450 732.3
1386460 731.7
1386470 730.4
1386480 727.8
1386490 727.8
1386500 722.5
1386510 715.3
1386520 715.3
1386530 709.4
1386540 703.2
1386550 703.2
1386560 696.7
1386570 693.0
1386580 693.0
1386590 692.1
1386600 691.7
1386610 691.7
1386620 692.1
1386630 693.0
1386640 693.0
1386650 694.5
1386660 696.6
1386670 696.6
1386680 698.9
1386690 702.8
1386700 702.8
1386710 708.3
1386720 715.5
1386730 715.5
1386740 724.1
1386750 726.3
1386760 726.3
1386770 725.2
1386780 723.2
1386790 723.2
1386800 721.0
1386810 719.2
1386820 719.2
1386830 717.7
1386840 715.3
1386850 715.3
1386860 714.0
1386870 713.4
1386880 713.4
1386890 713.5
1386900 713.4
1386910 713.5
1386920 713.5
1386930 713.9
1386940 713.8
1386950 713.8
1386960 712.6
1386970 711.0
1386980 711.0
1386990 710.6
1387000 711.6
1387010 711.6
1387020 712.8
1387030 715.0
1387040 715.0
1387050 719.2
1387060 724.4
1387070 724.4
1387080 731.4
1387090 737.6
1387100 737.6
1387110 741.4
1387120 744.1
1387130 744.1
1387140 748.0
1387150 752.4
1387160 752.4
1387170 758.0
1387180 765.7
1387190 765.7
1387200 774.7
1387210 783.7
1387220 783.7
1387230 790.7
1387240 797.7
1387250 797.7
1387260 801.6
1387270 808.7
1387280 808.7
1387290 812.7
1387300 815.3
1387310 815.3
1387320 818.9
1387330 822.2
1387340 824.9
1387350 824.9
1387360 824.9
1387370 826.0
1387380 826.0
1387390 828.2
1380000 590.8
1380010 590.7
1380020 590.7
1380030 590.7
1380040 590.7
1380050 590.6
1380060 590.6
1380070 590.5
1380080 590.5
1380090 590.3
1380100 590.3
1380110 590.3
1380120 590.3
1380130 590.3
1380140 590.2
1380150 590.3
1380160 590.3
1380170 590.0
1380180 589.9
1380190 589.9
1380200 590.2
1380210 590.2
1380220 590.2
1380230 589.8
1380240 589.4
1380250 589.4
1380260 589.2
1380270 589.1
1380280 589.1
1380290 589.1
1380300 589.0
1380310 589.0
1380320 589.0
1380330 589.0
1380340 589.0
1380350 589.1
1380360 588.9
1380370 588.9
1380380 588.7
1380390 588.5
1380400 588.5
1380410 588.4
1380420 588.2
1380430 588.2
1380440 588.0
1380450 588.0
1380460 588.0
1380470 588.0
1380480 588.3
1380490 588.3
1380500 588.9
1380510 589.0
1380520 589.0
1380530 589.0
1380540 589.0
1380550 589.0
1380560 589.0
1380570 589.1
1380580 589.2
1380590 589.2
1380600 589.3
1380610 589.4
1380620 589.4
1380630 589.5
1380640 589.7
1380650 589.7
1380660 589.9
1380670 590.1
1380680 590.1
1380690 590.2
1380700 590.3
1380710 590.3
1380720 590.2
1380730 590.1
1380740 590.1
1380750 590.1
1380760 590.1
1380770 590.1
1380780 590.0
1380790 590.0
1380800 590.0
1380810 590.0
1380820 590.0
1380830 590.0
1380840 589.9
1380850 589.9
1380860 589.9
1380870 590.1
1380880 590.4
1380890 590.4
1380900 590.7
1380910 590.8
1380920 590.8
1380930 590.8
1380940 590.7
1380950 590.7
1380960 590.7
1380970 590.6
1380980 590.6
1380990 590.6
1381000 590.6
1381010 590.7
1381020 590.7
1381030 590.8
1381040 591.0
1381050 591.0
1381060 591.0
1381070 590.9
1381080 590.9
1381090 590.9
1381100 590.8
1381110 590.8
1381120 590.9
1381130 591.2
1381140 591.2
1381150 591.7
1381160 591.9
1381170 591.9
1381180 592.0
1381190 592.0
1381200 592.0
1381210 592.1
1381220 592.3
1381230 592.3
1381240 592.6
1381250 592.7
1381260 592.7
1381270 592.7
1381280 592.8
1381290 592.8
1381300 592.7
1381310 592.4
1381320 592.4
1381330 592.6
1381340 592.6
1381350 592.6
1381360 593.0
1381370 593.1
1381380 593.3
1381390 593.3
1381400 593.4
1381410 593.4
1381420 593.4
1381430 593.4
1381440 593.1
1381450 593.1
1381460 593.2
1381470 593.2
1381480 593.2
1381490 593.3
1381500 593.4
1381510 593.4
1381520 593.5
1381530 593.6
1381540 593.6
1381550 593.6
1381560 593.7
1381570 593.7
1381580 593.7
1381590 593.8
1381600 593.8
1381610 593.7
1381620 593.7
1381630 593.7
1381640 593.7
1381650 593.7
1381660 593.7
1381670 593.7
1381680 593.7
1381690 593.7
1381700 593.9
1381710 593.9
1381720 593.9
1381730 593.9
1381740 594.1
1381750 594.1
1381760 594.2
1381770 594.3
1381780 594.3
1381790 594.3
1381800 594.6
1381810 594.6
1381820 594.6
1381830 594.6
1381840 594.8
1381850 594.8
1381860 595.0
1381870 595.1
1381880 595.1
1381890 595.1
1381900 595.2
1381910 595.2
1381920 595.4
1381930 595.5
1381940 595.5
1381950 595.7
1381960 595.9
1381970 595.9
1381980 596.1
1381990 596.3
1382000 596.3
1382010 596.4
1382020 596.6
1382030 596.6
1382040 596.7
1382050 596.7
1382060 596.7
1382070 596.7
1382080 596.6
1382090 596.6
1382100 596.6
1382110 596.4
1382120 596.4
1382130 596.5
1382140 596.5
1382150 596.5
1382160 596.7
1382170 596.8
1382180 596.8
1382190 596.9
1382200 597.0
1382210 597.0
1382220 597.0
1382230 597.0
1382240 597.1
1382250 597.1
1382260 597.3
1382270 597.6
1382280 597.6
1382290 597.8
1382300 597.1
1382310 597.1
1382320 597.0
1382330 597.1
1382340 597.1
1382350 597.4
1382360 597.7
1382370 597.7
1382380 597.9
1382390 598.1
1382400 598.1
1382410 598.2
1382420 598.3
1382430 598.3
1382440 598.3
1382450 598.3
1382460 598.3
1382470 598.4
1382480 598.5
1382490 598.5
1382500 598.6
1382510 598.7
1382520 598.7
1382530 598.8
1382540 598.7
1382550 598.7
1382560 598.7
1382570 598.8
1382580 598.8
1382590 598.8
1382600 598.7
1382610 598.7
1382620 598.6
1382630 598.4
1382640 598.4
1382650 598.2
1382660 597.2
1382670 595.1
1382680 595.1
1382690 595.1
1382700 595.4
1382710 595.4
1382720 595.2
1382730 595.6
1382740 595.6
1382750 594.8
1382760 594.9
1382770 594.9
1382780 595.1
1382790 595.2
1382800 595.2
1382810 595.2
1382820 592.9
1382830 592.9
1382840 591.5
1382850 592.4
1382860 592.4
1382870 595.6
1382880 599.4
1382890 599.4
1382900 605.4
1382910 613.3
1382920 613.3
1382930 623.9
1382940 627.4
1382950 627.4
1382960 627.6
1382970 627.7
1382980 627.7
1382990 627.6
1383000 627.4
1383010 627.4
1383020 627.3
1383030 627.3
1383040 627.3
1383050 627.5
1383060 627.7
1383070 628.0
1383080 628.0
1383090 628.1
1383100 627.8
1383110 627.8
1383120 627.5
1383130 627.5
1383140 627.5
1383150 628.3
1383160 628.3
1383170 628.3
1383180 627.8
1383190 627.8
1383200 627.8
1383210 629.4
1383220 633.1
1383230 633.1
1383240 638.0
1383250 643.5
1383260 643.5
1383270 648.4
1383280 651.9
1383290 651.9
1383300 653.3
1383310 653.2
1383320 653.2
1383330 652.7
1383340 652.2
1383350 652.2
1383360 651.7
1383370 652.0
1383380 652.0
1383390 653.0
1383400 654.4
1383410 654.4
1383420 655.8
1383430 656.5
1383440 656.5
1383450 654.3
1383460 649.9
1383470 649.9
1383480 645.2
1383490 640.7
1383500 636.8
1383510 636.8
1383520 632.4
1383530 628.3
1383540 628.3
1383550 625.4
1383560 623.1
1383570 623.1
1383580 620.3
1383590 618.1
1383600 618.1
1383610 617.3
1383620 616.2
1383630 616.2
1383640 615.6
1383650 615.6
1383660 615.6
1383670 615.6
1383680 615.6
1383690 615.6
1383700 615.7
1383710 615.8
1383720 615.8
1383730 615.9
1383740 616.1
1383750 616.1
1383760 616.3
1383770 616.5
1383780 616.5
1383790 616.8
1383800 617.7
1383810 617.7
1383820 618.0
1383830 617.9
1383840 617.9
1383850 617.7
1383860 616.6
1383870 616.6
1383880 610.2
1383890 604.5
1383900 604.5
1383910 603.0
1383920 603.1
1383930 603.4
1383940 603.4
1383950 603.7
1383960 604.0
1383970 604.0
1383980 604.2
1383990 604.3
1384000 604.3
1384010 604.4
1384020 604.8
1384030 604.8
1384040 605.7
1384050 607.1
1384060 607.1
1384070 608.0
1384080 612.0
1384090 612.0
1384100 617.7
1384110 624.0
1384120 624.0
1384130 626.1
1384140 630.2
1384150 630.2
1384160 635.7
1384170 641.0
1384180 641.0
1384190 645.3
1384200 650.5
1384210 650.5
1384220 651.5
1384230 651.2
1384240 651.2
1384250 651.3
1384260 650.0
1384270 650.0
1384280 648.9
1384290 650.4
1384300 650.4
1384310 651.2
1384320 650.8
1384330 650.8
1384340 648.8
1384350 643.2
1384360 638.9
1384370 638.9
1384380 633.5
1384390 627.7
1384400 627.7
1384410 624.8
1384420 621.4
1384430 621.4
1384440 618.3
1384450 616.7
1384460 616.7
1384470 615.9
1384480 616.0
1384490 616.0
1384500 616.5
1384510 616.9
1384520 616.9
1384530 617.4
1384540 617.9
1384550 617.9
1384560 618.1
1384570 618.2
1384580 618.2
1384590 620.4
1384600 621.5
1384610 621.5
1384620 621.1
1384630 620.8
1384640 620.8
1384650 624.8
1384660 624.6
1384670 624.6
1384680 625.2
1384690 624.9
1384700 624.9
1384710 619.2
1384720 612.8
1384730 612.8
1384740 611.8
1384750 610.7
1384760 610.7
1384770 610.2
1384780 610.3
1384790 610.4
1384800 610.4
1384810 610.3
1384820 610.2
1384830 610.2
1384840 610.0
1384850 609.7
1384860 609.7
1384870 609.4
1384880 609.6
1384890 609.6
1384900 609.7
1384910 609.7
1384920 609.7
1384930 609.9
1384940 610.0
1384950 610.0
1384960 610.2
1384970 610.5
1384980 610.5
1384990 610.7
1385000 611.1
1385010 611.1
1385020 611.6
1385030 611.9
1385040 611.9
1385050 612.0
1385060 612.3
1385070 612.3
1385080 612.5
1385090 612.0
1385100 612.0
1385110 611.9
1385120 612.3
1385130 612.3
1385140 612.4
1385150 614.1
1385160 614.1
1385170 618.7
1385180 623.8
1385190 623.8
1385200 630.7
1385210 637.1
1385220 641.6
1385230 641.6
1385240 644.8
1385250 648.7
1385260 648.7
1385270 653.4
1385280 647.0
1385290 647.0
1385300 635.0
1385310 628.5
1385320 628.5
1385330 623.9
1385340 623.0
1385350 623.0
1385360 623.3
1385370 625.2
1385380 625.2
1385390 627.7
1385400 629.0
1385410 629.0
1385420 629.9
1385430 630.6
1385440 630.6
1385450 632.4
1385460 636.3
1385470 636.3
1385480 641.5
1385490 646.2
1385500 646.2
1385510 650.9
1385520 656.5
1385530 656.5
1385540 661.4
1385550 664.9
1385560 664.9
1385570 666.9
1385580 667.8
1385590 667.8
1385600 669.6
1385610 672.3
1385620 672.3
1385630 673.6
1385640 673.1
1385650 671.9
1385660 671.9
1385670 672.8
1385680 674.1
1385690 674.1
1385700 674.0
1385710 673.8
1385720 673.8
1385730 674.7
1385740 676.3
1385750 676.3
1385760 678.6
1385770 682.1
1385780 682.1
1385790 687.1
1385800 692.6
1385810 692.6
1385820 696.7
1385830 700.0
1385840 700.0
1385850 702.7
1385860 704.5
1385870 704.5
1385880 705.3
1385890 706.2
1385900 706.2
1385910 707.0
1385920 706.7
1385930 706.7
1385940 710.2
1385950 718.2
1385960 718.2
1385970 719.7
1385980 721.9
1385990 721.9
1386000 724.7
1386010 726.4
1386020 726.4
1386030 727.1
1386040 727.8
1386050 728.8
1386060 728.8
1386070 730.0
1386080 730.5
1386090 730.5
1386100 730.6
1386110 731.8
1386120 731.8
1386130 732.5
1386140 732.2
1386150 732.2
1386160 731.8
1386170 731.4
1386180 731.4
1386190 730.4
1386200 730.4
1386210 730.4
1386220 731.0
1386230 731.2
1386240 731.2
1386250 731.6
1386260 733.4
1386270 733.4
1386280 735.5
1386290 737.3
1386300 737.3
1386310 738.1
1386320 737.1
1386330 737.1
1386340 734.8
1386350 732.4
1386360 732.4
1386370 730.5
1386380 730.6
1386390 730.6
1386400 731.5
1386410 732.3
1386420 732.3
1386430 732.5
1386440 732.3
1386450 732.3
1386460 731.7
1386470 730.4
1386480 727.8
1386490 727.8
1386500 722.5
1386510 715.3
1386520 715.3
1386530 709.4
1386540 703.2
1386550 703.2
1386560 696.7
1386570 693.0
1386580 693.0
1386590 692.1
1386600 691.7
1386610 691.7
1386620 692.1
1386630 693.0
1386640 693.0
1386650 694.5
1386660 696.6
1386670 696.6
1386680 698.9
1386690 702.8
1386700 702.8
1386710 708.3
1386720 715.5
1386730 715.5
1386740 724.1
1386750 726.3
1386760 726.3
1386770 725.2
1386780 723.2
1386790 723.2
1386800 721.0
1386810 719.2
1386820 719.2
1386830 717.7
1386840 715.3
1386850 715.3
1386860 714.0
1386870 713.4
1386880 713.4
1386890 713.5
1386900 713.4
1386910 713.5
1386920 713.5
1386930 713.9
1386940 713.8
1386950 713.8
1386960 712.6
1386970 711.0
1386980 711.0
1386990 710.6
1387000 711.6
1387010 711.6
1387020 712.8
1387030 715.0
1387040 715.0
1387050 719.2
1387060 724.4
1387070 724.4
1387080 731.4
1387090 737.6
1387100 737.6
1387110 741.4
1387120 744.1
1387130 744.1
1387140 748.0
1387150 752.4
1387160 752.4
1387170 758.0
1387180 765.7
1387190 765.7
1387200 774.7
1387210 783.7
1387220 783.7
1387230 790.7
1387240 797.7
1387250 797.7
1387260 801.6
1387270 808.7
1387280 808.7
1387290 812.7
1387300 815.3
1387310 815.3
1387320 818.9
1387330 822.2
1387340 824.9
1387350 824.9
1387360 824.9
1387370 826.0
1387380 826.0
1387390 828.2
1380000 590.8
1380010 590.7
1380020 590.7
1380030 590.7
1380040 590.7
1380050 590.6
1380060 590.6
1380070 590.5
1380080 590.5
1380090 590.3
1380100 590.3
1380110 590.3
1380120 590.3
1380130 590.3
1380140 590.2
1380150 590.3
1380160 590.3
1380170 590.0
1380180 589.9
1380190 589.9
1380200 590.2
1380210 590.2
1380220 590.2
1380230 589.8
1380240 589.4
1380250 589.4
1380260 589.2
1380270 589.1
1380280 589.1
1380290 589.1
1380300 589.0
1380310 589.0
1380320 589.0
1380330 589.0
1380340 589.0
1380350 589.1
1380360 588.9
1380370 588.9
1380380 588.7
1380390 588.5
1380400 588.5
1380410 588.4
1380420 588.2
1380430 588.2
1380440 588.0
1380450 588.0
1380460 588.0
1380470 588.0
1380480 588.3
1380490 588.3
1380500 588.9
1380510 589.0
1380520 589.0
1380530 589.0
1380540 589.0
1380550 589.0
1380560 589.0
1380570 589.1
1380580 589.2
1380590 589.2
1380600 589.3
1380610 589.4
1380620 589.4
1380630 589.5
1380640 589.7
1380650 589.7
1380660 589.9
1380670 590.1
1380680 590.1
1380690 590.2
1380700 590.3
1380710 590.3
1380720 590.2
1380730 590.1
1380740 590.1
1380750 590.1
1380760 590.1
1380770 590.1
1380780 590.0
1380790 590.0
1380800 590.0
1380810 590.0
1380820 590.0
1380830 590.0
1380840 589.9
1380850 589.9
1380860 589.9
1380870 590.1
1380880 590.4
1380890 590.4
1380900 590.7
1380910 590.8
1380920 590.8
1380930 590.8
1380940 590.7
1380950 590.7
1380960 590.7
1380970 590.6
1380980 590.6
1380990 590.6
1381000 590.6
1381010 590.7
1381020 590.7
1381030 590.8
1381040 591.0
1381050 591.0
1381060 591.0
1381070 590.9
1381080 590.9
1381090 590.9
1381100 590.8
1381110 590.8
1381120 590.9
1381130 591.2
1381140 591.2
1381150 591.7
1381160 591.9
1381170 591.9
1381180 592.0
1381190 592.0
1381200 592.0
1381210 592.1
1381220 592.3
1381230 592.3
1381240 592.6
1381250 592.7
1381260 592.7
1381270 592.7
1381280 592.8
1381290 592.8
1381300 592.7
1381310 592.4
1381320 592.4
1381330 592.6
1381340 592.6
1381350 592.6
1381360 593.0
1381370 593.1
1381380 593.3
1381390 593.3
1381400 593.4
1381410 593.4
1381420 593.4
1381430 593.4
1381440 593.1
1381450 593.1
1381460 593.2
1381470 593.2
1381480 593.2
1381490 593.3
1381500 593.4
1381510 593.4
1381520 593.5
1381530 593.6
1381540 593.6
1381550 593.6
1381560 593.7
1381570 593.7
1381580 593.7
1381590 593.8
1381600 593.8
1381610 593.7
1381620 593.7
1381630 593.7
1381640 593.7
1381650 593.7
1381660 593.7
1381670 593.7
1381680 593.7
1381690 593.7
1381700 593.9
1381710 593.9
1381720 593.9
1381730 593.9
1381740 594.1
1381750 594.1
1381760 594.2
1381770 594.3
1381780 594.3
1381790 594.3
1381800 594.6
1381810 594.6
1381820 594.6
1381830 594.6
1381840 594.8
1381850 594.8
1381860 595.0
1381870 595.1
1381880 595.1
1381890 595.1
1381900 595.2
1381910 595.2
1381920 595.4
1381930 595.5
1381940 595.5
1381950 595.7
1381960 595.9
1381970 595.9
1381980 596.1
1381990 596.3
1382000 596.3
1382010 596.4
1382020 596.6
1382030 596.6
1382040 596.7
1382050 596.7
1382060 596.7
1382070 596.7
1382080 596.6
1382090 596.6
1382100 596.6
1382110 596.4
1382120 596.4
1382130 596.5
1382140 596.5
1382150 596.5
1382160 596.7
1382170 596.8
1382180 596.8
1382190 596.9
1382200 597.0
1382210 597.0
1382220 597.0
1382230 597.0
1382240 597.1
1382250 597.1
1382260 597.3
1382270 597.6
1382280 597.6
1382290 597.8
1382300 597.1
1382310 597.1
1382320 597.0
1382330 597.1
1382340 597.1
1382350 597.4
1382360 597.7
1382370 597.7
1382380 597.9
1382390 598.1
1382400 598.1
1382410 598.2
1382420 598.3
1382430 598.3
1382440 598.3
1382450 598.3
1382460 598.3
1382470 598.4
1382480 598.5
1382490 598.5
1382500 598.6
1382510 598.7
1382520 598.7
1382530 598.8
1382540 598.7
1382550 598.7
1382560 598.7
1382570 598.8
1382580 598.8
1382590 598.8
1382600 598.7
1382610 598.7
1382620 598.6
1382630 598.4
1382640 598.4
1382650 598.2
1382660 597.2
1382670 595.1
1382680 595.1
1382690 595.1
1382700 595.4
1382710 595.4
1382720 595.2
1382730 595.6
1382740 595.6
1382750 594.8
1382760 594.9
1382770 594.9
1382780 595.1
1382790 595.2
1382800 595.2
1382810 595.2
1382820 592.9
1382830 592.9
1382840 591.5
1382850 592.4
1382860 592.4
1382870 595.6
1382880 599.4
1382890 599.4
1382900 605.4
1382910 613.3
1382920 613.3
1382930 623.9
1382940 627.4
1382950 627.4
1382960 627.6
1382970 627.7
1382980 627.7
1382990 627.6
1383000 627.4
1383010 627.4
1383020 627.3
1383030 627.3
1383040 627.3
1383050 627.5
1383060 627.7
1383070 628.0
1383080 628.0
1383090 628.1
1383100 627.8
1383110 627.8
1383120 627.5
1383130 627.5
1383140 627.5
1383150 628.3
1383160 628.3
1383170 628.3
1383180 627.8
1383190 627.8
1383200 627.8
1383210 629.4
1383220 633.1
1383230 633.1
1383240 638.0
1383250 643.5
1383260 643.5
1383270 648.4
1383280 651.9
1383290 651.9
1383300 653.3
1383310 653.2
1383320 653.2
1383330 652.7
1383340 652.2
1383350 652.2
1383360 651.7
1383370 652.0
1383380 652.0
1383390 653.0
1383400 654.4
1383410 654.4
1383420 655.8
1383430 656.5
1383440 656.5
1383450 654.3
1383460 649.9
1383470 649.9
1383480 645.2
1383490 640.7
1383500 636.8
1383510 636.8
1383520 632.4
1383530 628.3
1383540 628.3
1383550 625.4
1383560 623.1
1383570 623.1
1383580 620.3
1383590 618.1
1383600 618.1
1383610 617.3
1383620 616.2
1383630 616.2
1383640 615.6
1383650 615.6
1383660 615.6
1383670 615.6
1383680 615.6
1383690 615.6
1383700 615.7
1383710 615.8
1383720 615.8
1383730 615.9
1383740 616.1
1383750 616.1
1383760 616.3
1383770 616.5
1383780 616.5
1383790 616.8
1383800 617.7
1383810 617.7
1383820 618.0
1383830 617.9
1383840 617.9
1383850 617.7
1383860 616.6
1383870 616.6
1383880 610.2
1383890 604.5
1383900 604.5
1383910 603.0
1383920 603.1
1383930 603.4
1383940 603.4
1383950 603.7
1383960 604.0
1383970 604.0
1383980 604.2
1383990 604.3
1384000 604.3
1384010 604.4
1384020 604.8
1384030 604.8
1384040 605.7
1384050 607.1
1384060 607.1
1384070 608.0
1384080 612.0
1384090 612.0
1384100 617.7
1384110 624.0
1384120 624.0
1384130 626.1
1384140 630.2
1384150 630.2
1384160 635.7
1384170 641.0
1384180 641.0
1384190 645.3
1384200 650.5
1384210 650.5
1384220 651.5
1384230 651.2
1384240 651.2
1384250 651.3
1384260 650.0
1384270 650.0
1384280 648.9
1384290 650.4
1384300 650.4
1384310 651.2
1384320 650.8
1384330 650.8
1384340 648.8
1384350 643.2
1384360 638.9
1384370 638.9
1384380 633.5
1384390 627.7
1384400 627.7
1384410 624.8
1384420 621.4
1384430 621.4
1384440 618.3
1384450 616.7
1384460 616.7
1384470 615.9
1384480 616.0
1384490 616.0
1384500 616.5
1384510 616.9
1384520 616.9
1384530 617.4
1384540 617.9
1384550 617.9
1384560 618.1
1384570 618.2
1384580 618.2
1384590 620.4
1384600 621.5
1384610 621.5
1384620 621.1
1384630 620.8
1384640 620.8
1384650 624.8
1384660 624.6
1384670 624.6
1384680 625.2
1384690 624.9
1384700 624.9
1384710 619.2
1384720 612.8
1384730 612.8
1384740 611.8
1384750 610.7
1384760 610.7
1384770 610.2
1384780 610.3
1384790 610.4
1384800 610.4
1384810 610.3
1384820 610.2
1384830 610.2
1384840 610.0
1384850 609.7
1384860 609.7
1384870 609.4
1384880 609.6
1384890 609.6
1384900 609.7
1384910 609.7
1384920 609.7
1384930 609.9
1384940 610.0
1384950 610.0
1384960 610.2
1384970 610.5
1384980 610.5
1384990 610.7
1385000 611.1
1385010 611.1
1385020 611.6
1385030 611.9
1385040 611.9
1385050 612.0
1385060 612.3
1385070 612.3
1385080 612.5
1385090 612.0
1385100 612.0
1385110 611.9
1385120 612.3
1385130 612.3
1385140 612.4
1385150 614.1
1385160 614.1
1385170 618.7
1385180 623.8
1385190 623.8
1385200 630.7
1385210 637.1
1385220 641.6
1385230 641.6
1385240 644.8
1385250 648.7
1385260 648.7
1385270 653.4
1385280 647.0
1385290 647.0
1385300 635.0
1385310 628.5
1385320 628.5
1385330 623.9
1385340 623.0
1385350 623.0
1385360 623.3
1385370 625.2
1385380 625.2
1385390 627.7
1385400 629.0
1385410 629.0
1385420 629.9
1385430 630.6
1385440 630.6
1385450 632.4
1385460 636.3
1385470 636.3
1385480 641.5
1385490 646.2
1385500 646.2
1385510 650.9
1385520 656.5
1385530 656.5
1385540 661.4
1385550 664.9
1385560 664.9
1385570 666.9
1385580 667.8
1385590 667.8
1385600 669.6
1385610 672.3
1385620 672.3
1385630 673.6
1385640 673.1
1385650 671.9
1385660 671.9
1385670 672.8
1385680 674.1
1385690 674.1
1385700 674.0
1385710 673.8
1385720 673.8
1385730 674.7
1385740 676.3
1385750 676.3
1385760 678.6
1385770 682.1
1385780 682.1
1385790 687.1
1385800 692.6
1385810 692.6
1385820 696.7
1385830 700.0
1385840 700.0
1385850 702.7
1385860 704.5
1385870 704.5
1385880 705.3
1385890 706.2
1385900 706.2
1385910 707.0
1385920 706.7
1385930 706.7
1385940 710.2
1385950 718.2
1385960 718.2
1385970 719.7
1385980 721.9
1385990 721.9
1386000 724.7
1386010 726.4
1386020 726.4
1386030 727.1
1386040 727.8
1386050 728.8
1386060 728.8
1386070 730.0
1386080 730.5
1386090 730.5
1386100 730.6
1386110 731.8
1386120 731.8
1386130 732.5
1386140 732.2
1386150 732.2
1386160 731.8
1386170 731.4
1386180 731.4
1386190 730.4
1386200 730.4
1386210 730.4
1386220 731.0
1386230 731.2
1386240 731.2
1386250 731.6
1386260 733.4
1386270 733.4
1386280 735.5
1386290 737.3
1386300 737.3
1386310 738.1
1386320 737.1
1386330 737.1
1386340 734.8
1386350 732.4
1386360 732.4
1386370 730.5
1386380 730.6
1386390 730.6
1386400 731.5
1386410 732.3
1386420 732.3
1386430 732.5
1386440 732.3
1386450 732.3
1386460 731.7
1386470 730.4
1386480 727.8
1386490 727.8
1386500 722.5
1386510 715.3
1386520 715.3
1386530 709.4
1386540 703.2
1386550 703.2
1386560 696.7
1386570 693.0
1386580 693.0
1386590 692.1
1386600 691.7
1386610 691.7
1386620 692.1
1386630 693.0
1386640 693.0
1386650 694.5
1386660 696.6
1386670 696.6
1386680 698.9
1386690 702.8
1386700 702.8
1386710 708.3
1386720 715.5
1386730 715.5
1386740 724.1
1386750 726.3
1386760 726.3
1386770 725.2
1386780 723.2
1386790 723.2
1386800 721.0
1386810 719.2
1386820 719.2
1386830 717.7
1386840 715.3
1386850 715.3
1386860 714.0
1386870 713.4
1386880 713.4
1386890 713.5
1386900 713.4
1386910 713.5
1386920 713.5
1386930 713.9
1386940 713.8
1386950 713.8
1386960 712.6
1386970 711.0
1386980 711.0
1386990 710.6
1387000 711.6
1387010 711.6
1387020 712.8
1387030 715.0
1387040 715.0
1387050 719.2
1387060 724.4
1387070 724.4
1387080 731.4
1387090 737.6
1387100 737.6
1387110 741.4
1387120 744.1
1387130 744.1
1387140 748.0
1387150 752.4
1387160 752.4
1387170 758.0
1387180 765.7
1387190 765.7
1387200 774.7
1387210 783.7
1387220 783.7
1387230 790.7
1387240 797.7
1387250 797.7
1387260 801.6
1387270 808.7
1387280 808.7
1387290 812.7
1387300 815.3
1387310 815.3
1387320 818.9
1387330 822.2
1387340 824.9
1387350 824.9
1387360 824.9
1387370 826.0
1387380 826.0
1387390 828.2
