1380000 588.8
1380010 588.8
1380020 588.5
1380030 588.2
1380040 588.1
1380050 588.1
1380060 588.0
1380070 587.9
1380080 587.9
1380090 587.8
1380100 587.8
1380110 587.8
1380120 587.8
1380130 587.7
1380140 587.7
1380150 587.6
1380160 587.5
1380170 587.5
1380180 587.5
1380190 587.6
1380200 587.6
1380210 587.8
1380220 587.7
1380230 587.7
1380240 587.7
1380250 587.7
1380260 587.7
1380270 587.7
1380280 587.6
1380290 587.6
1380300 587.7
1380310 587.8
1380320 587.8
1380330 587.8
1380340 587.7
1380350 587.7
1380360 587.7
1380370 587.5
1380380 587.5
1380390 588.1
1380400 588.5
1380410 588.5
1380420 586.2
1380430 585.5
1380440 585.5
1380450 585.5
1380460 585.5
1380470 586.4
1380480 586.4
1380490 588.1
1380500 589.1
1380510 589.1
1380520 589.8
1380530 589.9
1380540 589.9
1380550 589.1
1380560 588.1
1380570 588.1
1380580 587.8
1380590 587.9
1380600 587.9
1380610 588.0
1380620 588.1
1380630 588.1
1380640 588.2
1380650 588.3
1380660 588.3
1380670 588.4
1380680 588.5
1380690 588.5
1380700 588.6
1380710 588.5
1380720 588.5
1380730 588.5
1380740 588.6
1380750 588.6
1380760 588.6
1380770 588.2
1380780 588.2
1380790 588.3
1380800 588.6
1380810 588.6
1380820 588.8
1380830 589.1
1380840 589.1
1380850 589.6
1380860 589.6
1380870 589.6
1380880 589.4
1380890 589.2
1380900 589.3
1380910 589.3
1380920 589.3
1380930 589.3
1380940 589.3
1380950 589.2
1380960 589.2
1380970 589.2
1380980 589.3
1380990 589.3
1381000 589.3
1381010 589.3
1381020 589.4
1381030 589.4
1381040 589.4
1381050 589.3
1381060 589.3
1381070 589.3
1381080 589.4
1381090 589.4
1381100 589.3
1381110 589.1
1381120 589.1
1381130 589.4
1381140 589.4
1381150 589.4
1381160 589.4
1381170 589.5
1381180 589.5
1381190 589.6
1381200 589.7
1381210 589.6
1381220 589.8
1381230 589.8
1381240 589.8
1381250 589.9
1381260 589.9
1381270 589.9
1381280 590.0
1381290 590.0
1381300 590.0
1381310 590.1
1381320 590.2
1381330 590.3
1381340 590.3
1381350 590.4
1381360 590.5
1381370 590.5
1381380 590.5
1381390 590.6
1381400 590.6
1381410 590.7
1381420 590.8
1381430 590.8
1381440 590.9
1381450 590.9
1381460 590.9
1381470 591.0
1381480 591.0
1381490 591.0
1381500 591.0
1381510 591.2
1381520 591.2
1381530 591.3
1381540 591.3
1381550 591.3
1381560 591.4
1381570 591.4
1381580 591.4
1381590 591.6
1381600 591.6
1381610 591.6
1381620 591.5
1381630 591.6
1381640 591.6
1381650 591.8
1381660 591.9
1381670 591.9
1381680 591.9
1381690 592.2
1381700 592.2
1381710 592.5
1381720 592.6
1381730 592.1
1381740 592.1
1381750 591.8
1381760 591.6
1381770 591.6
1381780 591.4
1381790 591.4
1381800 591.4
1381810 592.1
1381820 592.5
1381830 592.5
1381840 592.0
1381850 591.9
1381860 591.9
1381870 592.1
1381880 592.3
1381890 592.3
1381900 592.4
1381910 592.5
1381920 592.5
1381930 592.5
1381940 592.5
1381950 592.5
1381960 592.5
1381970 592.5
1381980 592.5
1381990 592.5
1382000 592.4
1382010 592.4
1382020 592.4
1382030 592.4
1382040 592.4
1382050 592.5
1382060 592.6
1382070 592.6
1382080 592.7
1382090 592.5
1382100 592.5
1382110 592.4
1382120 592.5
1382130 592.5
1382140 592.6
1382150 592.6
1382160 592.7
1382170 592.7
1382180 592.8
1382190 593.8
1382200 593.8
1382210 594.4
1382220 593.3
1382230 593.3
1382240 592.8
1382250 592.9
1382260 592.9
1382270 593.2
1382280 594.0
1382290 594.0
1382300 594.1
1382310 594.0
1382320 594.0
1382330 594.1
1382340 594.4
1382350 594.4
1382360 595.5
1382370 598.0
1382380 598.0
1382390 600.1
1382400 602.0
1382410 602.0
1382420 604.4
1382430 606.5
1382440 606.5
1382450 608.3
1382460 605.5
1382470 605.5
1382480 607.6
1382490 609.3
1382500 609.3
1382510 610.4
1382520 610.9
1382530 610.9
1382540 611.2
1382550 611.4
1382560 611.4
1382570 611.7
1382580 611.9
1382590 612.0
1382600 612.0
1382610 611.8
1382620 611.6
1382630 611.6
1382640 611.7
1382650 612.0
1382660 612.0
1382670 612.3
1382680 612.6
1382690 612.6
1382700 612.9
1382710 613.2
1382720 613.2
1382730 613.4
1382740 613.6
1382750 613.6
1382760 613.8
1382770 613.8
1382780 613.8
1382790 613.7
1382800 613.6
1382810 613.6
1382820 613.5
1382830 613.4
1382840 613.4
1382850 613.1
1382860 612.4
1382870 612.4
1382880 611.6
1382890 610.9
1382900 610.9
1382910 607.3
1382920 602.1
1382930 602.1
1382940 602.6
1382950 605.2
1382960 605.2
1382970 604.9
1382980 606.7
1382990 606.7
1383000 606.4
1383010 604.2
1383020 602.1
1383030 602.1
1383040 600.4
1383050 598.6
1383060 598.6
1383070 594.8
1383080 595.5
1383090 595.5
1383100 596.7
1383110 596.8
1383120 596.8
1383130 596.9
1383140 597.2
1383150 597.2
1383160 599.2
1383170 596.5
1383180 596.5
1383190 595.4
1383200 595.9
1383210 595.9
1383220 596.7
1383230 597.6
1383240 597.6
1383250 597.8
1383260 597.8
1383270 597.8
1383280 597.8
1383290 597.8
1383300 597.8
1383310 597.6
1383320 597.5
1383330 597.5
1383340 597.6
1383350 597.4
1383360 597.4
1383370 597.7
1383380 597.6
1383390 597.6
1383400 597.3
1383410 596.9
1383420 596.9
1383430 597.7
1383440 599.1
1383450 599.4
1383460 599.4
1383470 599.4
1383480 599.3
1383490 599.3
1383500 598.9
1383510 597.8
1383520 597.8
1383530 597.5
1383540 598.0
1383550 598.0
1383560 599.3
1383570 599.9
1383580 599.9
1383590 600.0
1383600 600.1
1383610 600.1
1383620 600.0
1383630 600.2
1383640 600.2
1383650 602.4
1383660 605.0
1383670 605.0
1383680 607.1
1383690 608.3
1383700 608.3
1383710 608.8
1383720 607.0
1383730 607.0
1383740 607.8
1383750 608.9
1383760 608.9
1383770 609.2
1383780 608.5
1383790 608.5
1383800 608.6
1383810 609.2
1383820 609.2
1383830 610.5
1383840 611.9
1383850 611.9
1383860 612.4
1383870 612.1
1383880 612.2
1383890 612.2
1383900 613.3
1383910 613.1
1383920 613.1
1383930 612.0
1383940 611.2
1383950 611.2
1383960 610.8
1383970 610.0
1383980 610.0
1383990 608.9
1384000 608.6
1384010 608.6
1384020 608.5
1384030 608.2
1384040 608.2
1384050 607.2
1384060 606.7
1384070 606.7
1384080 606.7
1384090 606.9
1384100 606.9
1384110 607.2
1384120 607.3
1384130 607.3
1384140 607.1
1384150 607.1
1384160 607.1
1384170 607.0
1384180 607.2
1384190 607.2
1384200 607.7
1384210 608.4
1384220 608.4
1384230 609.0
1384240 609.1
1384250 609.1
1384260 608.8
1384270 609.0
1384280 609.0
1384290 608.9
1384300 609.8
1384310 610.4
1384320 610.4
1384330 611.0
1384340 610.8
1384350 610.8
1384360 610.5
1384370 611.0
1384380 611.0
1384390 611.2
1384400 611.2
1384410 611.2
1384420 611.3
1384430 611.1
1384440 611.1
1384450 611.3
1384460 611.5
1384470 611.5
1384480 611.7
1384490 611.8
1384500 611.8
1384510 612.0
1384520 612.1
1384530 612.1
1384540 612.5
1384550 612.8
1384560 612.8
1384570 613.2
1384580 613.7
1384590 613.7
1384600 614.1
1384610 614.5
1384620 614.5
1384630 615.0
1384640 615.4
1384650 615.4
1384660 615.9
1384670 616.3
1384680 616.3
1384690 616.7
1384700 617.2
1384710 617.2
1384720 617.8
1384730 618.6
1384740 619.4
1384750 619.4
1384760 621.0
1384770 621.7
1384780 621.7
1384790 622.4
1384800 623.4
1384810 623.4
1384820 625.9
1384830 631.9
1384840 631.9
1384850 637.3
1384860 640.4
1384870 640.4
1384880 641.1
1384890 643.9
1384900 643.9
1384910 645.7
1384920 648.3
1384930 648.3
1384940 651.4
1384950 656.8
1384960 656.8
1384970 661.9
1384980 666.9
1384990 666.9
1385000 671.7
1385010 679.9
1385020 679.9
1385030 685.4
1385040 689.7
1385050 689.7
1385060 693.3
1385070 694.1
1385080 694.1
1385090 693.2
1385100 691.9
1385110 691.9
1385120 691.0
1385130 690.8
1385140 690.8
1385150 690.9
1385160 691.5
1385170 691.9
1385180 691.9
1385190 692.2
1385200 692.5
1385210 692.5
1385220 692.6
1385230 692.7
1385240 692.7
1385250 692.7
1385260 692.5
1385270 692.5
1385280 692.3
1385290 692.1
1385300 692.1
1385310 691.9
1385320 691.8
1385330 691.8
1385340 691.6
1385350 691.3
1385360 691.3
1385370 691.0
1385380 690.6
1385390 690.6
1385400 690.2
1385410 689.6
1385420 689.6
1385430 688.9
1385440 688.9
1385450 688.9
1385460 689.3
1385470 689.0
1385480 689.0
1385490 688.7
1385500 689.1
1385510 689.1
1385520 688.9
1385530 688.5
1385540 688.5
1385550 688.3
1385560 688.3
1385570 688.3
1385580 688.4
1385590 687.7
1385600 686.7
1385610 686.7
1385620 685.8
1385630 684.6
1385640 684.6
1385650 683.6
1385660 682.4
1385670 682.4
1385680 678.6
1385690 671.8
1385700 671.8
1385710 664.9
1385720 663.5
1385730 663.5
1385740 666.9
1385750 660.5
1385760 660.5
1385770 649.0
1385780 641.1
1385790 641.1
1385800 639.0
1385810 640.7
1385820 640.7
1385830 645.4
1385840 647.7
1385850 647.7
1385860 648.7
1385870 650.7
1385880 650.7
1385890 651.9
1385900 652.8
1385910 652.8
1385920 653.8
1385930 654.4
1385940 654.4
1385950 654.8
1385960 656.5
1385970 656.5
1385980 658.5
1385990 660.1
1386000 660.1
1386010 661.6
1386020 662.7
1386030 663.2
1386040 663.2
1386050 663.3
1386060 663.4
1386070 663.4
1386080 662.5
1386090 662.5
1386100 662.5
1386110 662.2
1386120 663.3
1386130 663.3
1386140 664.9
1386150 665.4
1386160 665.4
1386170 664.4
1386180 662.0
1386190 662.0
1386200 663.5
1386210 666.1
1386220 666.1
1386230 670.8
1386240 674.6
1386250 674.6
1386260 671.9
1386270 671.3
1386280 671.3
1386290 672.1
1386300 673.2
1386310 675.3
1386320 676.3
1386330 677.2
1386340 677.2
1386350 678.1
1386360 678.5
1386370 678.5
1386380 678.7
1386390 679.0
1386400 679.0
1386410 679.1
1386420 679.1
1386430 679.1
1386440 679.1
1386450 679.0
1386460 678.9
1386470 678.9
1386480 678.7
1386490 678.4
1386500 678.4
1386510 678.2
1386520 677.7
1386530 677.7
1386540 677.2
1386550 677.4
1386560 677.4
1386570 677.4
1386580 677.4
1386590 677.4
1386600 677.4
1386610 677.6
1386620 677.6
1386630 677.7
1386640 677.9
1386650 677.9
1386660 678.3
1386670 678.6
1386680 678.6
1386690 678.5
1386700 678.3
1386710 678.3
1386720 678.5
1386730 678.5
1386740 678.5
1386750 679.1
1386760 680.3
1386770 680.3
1386780 682.2
1386790 684.8
1386800 684.8
1386810 687.2
1386820 689.5
1386830 689.5
1386840 691.9
1386850 694.3
1386860 696.7
1386870 696.7
1386880 699.4
1386890 703.5
1386900 703.5
1386910 708.8
1386920 714.1
1386930 714.1
1386940 719.6
1380000 588.8
1380010 588.8
1380020 588.5
1380030 588.2
1380040 588.1
1380050 588.1
1380060 588.0
1380070 587.9
1380080 587.9
1380090 587.8
1380100 587.8
1380110 587.8
1380120 587.8
1380130 587.7
1380140 587.7
1380150 587.6
1380160 587.5
1380170 587.5
1380180 587.5
1380190 587.6
1380200 587.6
1380210 587.8
1380220 587.7
1380230 587.7
1380240 587.7
1380250 587.7
1380260 587.7
1380270 587.7
1380280 587.6
1380290 587.6
1380300 587.7
1380310 587.8
1380320 587.8
1380330 587.8
1380340 587.7
1380350 587.7
1380360 587.7
1380370 587.5
1380380 587.5
1380390 588.1
1380400 588.5
1380410 588.5
1380420 586.2
1380430 585.5
1380440 585.5
1380450 585.5
1380460 585.5
1380470 586.4
1380480 586.4
1380490 588.1
1380500 589.1
1380510 589.1
1380520 589.8
1380530 589.9
1380540 589.9
1380550 589.1
1380560 588.1
1380570 588.1
1380580 587.8
1380590 587.9
1380600 587.9
1380610 588.0
1380620 588.1
1380630 588.1
1380640 588.2
1380650 588.3
1380660 588.3
1380670 588.4
1380680 588.5
1380690 588.5
1380700 588.6
1380710 588.5
1380720 588.5
1380730 588.5
1380740 588.6
1380750 588.6
1380760 588.6
1380770 588.2
1380780 588.2
1380790 588.3
1380800 588.6
1380810 588.6
1380820 588.8
1380830 589.1
1380840 589.1
1380850 589.6
1380860 589.6
1380870 589.6
1380880 589.4
1380890 589.2
1380900 589.3
1380910 589.3
1380920 589.3
1380930 589.3
1380940 589.3
1380950 589.2
1380960 589.2
1380970 589.2
1380980 589.3
1380990 589.3
1381000 589.3
1381010 589.3
1381020 589.4
1381030 589.4
1381040 589.4
1381050 589.3
1381060 589.3
1381070 589.3
1381080 589.4
1381090 589.4
1381100 589.3
1381110 589.1
1381120 589.1
1381130 589.4
1381140 589.4
1381150 589.4
1381160 589.4
1381170 589.5
1381180 589.5
1381190 589.6
1381200 589.7
1381210 589.6
1381220 589.8
1381230 589.8
1381240 589.8
1381250 589.9
1381260 589.9
1381270 589.9
1381280 590.0
1381290 590.0
1381300 590.0
1381310 590.1
1381320 590.2
1381330 590.3
1381340 590.3
1381350 590.4
1381360 590.5
1381370 590.5
1381380 590.5
1381390 590.6
1381400 590.6
1381410 590.7
1381420 590.8
1381430 590.8
1381440 590.9
1381450 590.9
1381460 590.9
1381470 591.0
1381480 591.0
1381490 591.0
1381500 591.0
1381510 591.2
1381520 591.2
1381530 591.3
1381540 591.3
1381550 591.3
1381560 591.4
1381570 591.4
1381580 591.4
1381590 591.6
1381600 591.6
1381610 591.6
1381620 591.5
1381630 591.6
1381640 591.6
1381650 591.8
1381660 591.9
1381670 591.9
1381680 591.9
1381690 592.2
1381700 592.2
1381710 592.5
1381720 592.6
1381730 592.1
1381740 592.1
1381750 591.8
1381760 591.6
1381770 591.6
1381780 591.4
1381790 591.4
1381800 591.4
1381810 592.1
1381820 592.5
1381830 592.5
1381840 592.0
1381850 591.9
1381860 591.9
1381870 592.1
1381880 592.3
1381890 592.3
1381900 592.4
1381910 592.5
1381920 592.5
1381930 592.5
1381940 592.5
1381950 592.5
1381960 592.5
1381970 592.5
1381980 592.5
1381990 592.5
1382000 592.4
1382010 592.4
1382020 592.4
1382030 592.4
1382040 592.4
1382050 592.5
1382060 592.6
1382070 592.6
1382080 592.7
1382090 592.5
1382100 592.5
1382110 592.4
1382120 592.5
1382130 592.5
1382140 592.6
1382150 592.6
1382160 592.7
1382170 592.7
1382180 592.8
1382190 593.8
1382200 593.8
1382210 594.4
1382220 593.3
1382230 593.3
1382240 592.8
1382250 592.9
1382260 592.9
1382270 593.2
1382280 594.0
1382290 594.0
1382300 594.1
1382310 594.0
1382320 594.0
1382330 594.1
1382340 594.4
1382350 594.4
1382360 595.5
1382370 598.0
1382380 598.0
1382390 600.1
1382400 602.0
1382410 602.0
1382420 604.4
1382430 606.5
1382440 606.5
1382450 608.3
1382460 605.5
1382470 605.5
1382480 607.6
1382490 609.3
1382500 609.3
1382510 610.4
1382520 610.9
1382530 610.9
1382540 611.2
1382550 611.4
1382560 611.4
1382570 611.7
1382580 611.9
1382590 612.0
1382600 612.0
1382610 611.8
1382620 611.6
1382630 611.6
1382640 611.7
1382650 612.0
1382660 612.0
1382670 612.3
1382680 612.6
1382690 612.6
1382700 612.9
1382710 613.2
1382720 613.2
1382730 613.4
1382740 613.6
1382750 613.6
1382760 613.8
1382770 613.8
1382780 613.8
1382790 613.7
1382800 613.6
1382810 613.6
1382820 613.5
1382830 613.4
1382840 613.4
1382850 613.1
1382860 612.4
1382870 612.4
1382880 611.6
1382890 610.9
1382900 610.9
1382910 607.3
1382920 602.1
1382930 602.1
1382940 602.6
1382950 605.2
1382960 605.2
1382970 604.9
1382980 606.7
1382990 606.7
1383000 606.4
1383010 604.2
1383020 602.1
1383030 602.1
1383040 600.4
1383050 598.6
1383060 598.6
1383070 594.8
1383080 595.5
1383090 595.5
1383100 596.7
1383110 596.8
1383120 596.8
1383130 596.9
1383140 597.2
1383150 597.2
1383160 599.2
1383170 596.5
1383180 596.5
1383190 595.4
1383200 595.9
1383210 595.9
1383220 596.7
1383230 597.6
1383240 597.6
1383250 597.8
1383260 597.8
1383270 597.8
1383280 597.8
1383290 597.8
1383300 597.8
1383310 597.6
1383320 597.5
1383330 597.5
1383340 597.6
1383350 597.4
1383360 597.4
1383370 597.7
1383380 597.6
1383390 597.6
1383400 597.3
1383410 596.9
1383420 596.9
1383430 597.7
1383440 599.1
1383450 599.4
1383460 599.4
1383470 599.4
1383480 599.3
1383490 599.3
1383500 598.9
1383510 597.8
1383520 597.8
1383530 597.5
1383540 598.0
1383550 598.0
1383560 599.3
1383570 599.9
1383580 599.9
1383590 600.0
1383600 600.1
1383610 600.1
1383620 600.0
1383630 600.2
1383640 600.2
1383650 602.4
1383660 605.0
1383670 605.0
1383680 607.1
1383690 608.3
1383700 608.3
1383710 608.8
1383720 607.0
1383730 607.0
1383740 607.8
1383750 608.9
1383760 608.9
1383770 609.2
1383780 608.5
1383790 608.5
1383800 608.6
1383810 609.2
1383820 609.2
1383830 610.5
1383840 611.9
1383850 611.9
1383860 612.4
1383870 612.1
1383880 612.2
1383890 612.2
1383900 613.3
1383910 613.1
1383920 613.1
1383930 612.0
1383940 611.2
1383950 611.2
1383960 610.8
1383970 610.0
1383980 610.0
1383990 608.9
1384000 608.6
1384010 608.6
1384020 608.5
1384030 608.2
1384040 608.2
1384050 607.2
1384060 606.7
1384070 606.7
1384080 606.7
1384090 606.9
1384100 606.9
1384110 607.2
1384120 607.3
1384130 607.3
1384140 607.1
1384150 607.1
1384160 607.1
1384170 607.0
1384180 607.2
1384190 607.2
1384200 607.7
1384210 608.4
1384220 608.4
1384230 609.0
1384240 609.1
1384250 609.1
1384260 608.8
1384270 609.0
1384280 609.0
1384290 608.9
1384300 609.8
1384310 610.4
1384320 610.4
1384330 611.0
1384340 610.8
1384350 610.8
1384360 610.5
1384370 611.0
1384380 611.0
1384390 611.2
1384400 611.2
1384410 611.2
1384420 611.3
1384430 611.1
1384440 611.1
1384450 611.3
1384460 611.5
1384470 611.5
1384480 611.7
1384490 611.8
1384500 611.8
1384510 612.0
1384520 612.1
1384530 612.1
1384540 612.5
1384550 612.8
1384560 612.8
1384570 613.2
1384580 613.7
1384590 613.7
1384600 614.1
1384610 614.5
1384620 614.5
1384630 615.0
1384640 615.4
1384650 615.4
1384660 615.9
1384670 616.3
1384680 616.3
1384690 616.7
1384700 617.2
1384710 617.2
1384720 617.8
1384730 618.6
1384740 619.4
1384750 619.4
1384760 621.0
1384770 621.7
1384780 621.7
1384790 622.4
1384800 623.4
1384810 623.4
1384820 625.9
1384830 631.9
1384840 631.9
1384850 637.3
1384860 640.4
1384870 640.4
1384880 641.1
1384890 643.9
1384900 643.9
1384910 645.7
1384920 648.3
1384930 648.3
1384940 651.4
1384950 656.8
1384960 656.8
1384970 661.9
1384980 666.9
1384990 666.9
1385000 671.7
1385010 679.9
1385020 679.9
1385030 685.4
1385040 689.7
1385050 689.7
1385060 693.3
1385070 694.1
1385080 694.1
1385090 693.2
1385100 691.9
1385110 691.9
1385120 691.0
1385130 690.8
1385140 690.8
1385150 690.9
1385160 691.5
1385170 691.9
1385180 691.9
1385190 692.2
1385200 692.5
1385210 692.5
1385220 692.6
1385230 692.7
1385240 692.7
1385250 692.7
1385260 692.5
1385270 692.5
1385280 692.3
1385290 692.1
1385300 692.1
1385310 691.9
1385320 691.8
1385330 691.8
1385340 691.6
1385350 691.3
1385360 691.3
1385370 691.0
1385380 690.6
1385390 690.6
1385400 690.2
1385410 689.6
1385420 689.6
1385430 688.9
1385440 688.9
1385450 688.9
1385460 689.3
1385470 689.0
1385480 689.0
1385490 688.7
1385500 689.1
1385510 689.1
1385520 688.9
1385530 688.5
1385540 688.5
1385550 688.3
1385560 688.3
1385570 688.3
1385580 688.4
1385590 687.7
1385600 686.7
1385610 686.7
1385620 685.8
1385630 684.6
1385640 684.6
1385650 683.6
1385660 682.4
1385670 682.4
1385680 678.6
1385690 671.8
1385700 671.8
1385710 664.9
1385720 663.5
1385730 663.5
1385740 666.9
1385750 660.5
1385760 660.5
1385770 649.0
1385780 641.1
1385790 641.1
1385800 639.0
1385810 640.7
1385820 640.7
1385830 645.4
1385840 647.7
1385850 647.7
1385860 648.7
1385870 650.7
1385880 650.7
1385890 651.9
1385900 652.8
1385910 652.8
1385920 653.8
1385930 654.4
1385940 654.4
1385950 654.8
1385960 656.5
1385970 656.5
1385980 658.5
1385990 660.1
1386000 660.1
1386010 661.6
1386020 662.7
1386030 663.2
1386040 663.2
1386050 663.3
1386060 663.4
1386070 663.4
1386080 662.5
1386090 662.5
1386100 662.5
1386110 662.2
1386120 663.3
1386130 663.3
1386140 664.9
1386150 665.4
1386160 665.4
1386170 664.4
1386180 662.0
1386190 662.0
1386200 663.5
1386210 666.1
1386220 666.1
1386230 670.8
1386240 674.6
1386250 674.6
1386260 671.9
1386270 671.3
1386280 671.3
1386290 672.1
1386300 673.2
1386310 675.3
1386320 676.3
1386330 677.2
1386340 677.2
1386350 678.1
1386360 678.5
1386370 678.5
1386380 678.7
1386390 679.0
1386400 679.0
1386410 679.1
1386420 679.1
1386430 679.1
1386440 679.1
1386450 679.0
1386460 678.9
1386470 678.9
1386480 678.7
1386490 678.4
1386500 678.4
1386510 678.2
1386520 677.7
1386530 677.7
1386540 677.2
1386550 677.4
1386560 677.4
1386570 677.4
1386580 677.4
1386590 677.4
1386600 677.4
1386610 677.6
1386620 677.6
1386630 677.7
1386640 677.9
1386650 677.9
1386660 678.3
1386670 678.6
1386680 678.6
1386690 678.5
1386700 678.3
1386710 678.3
1386720 678.5
1386730 678.5
1386740 678.5
1386750 679.1
1386760 680.3
1386770 680.3
1386780 682.2
1386790 684.8
1386800 684.8
1386810 687.2
1386820 689.5
1386830 689.5
1386840 691.9
1386850 694.3
1386860 696.7
1386870 696.7
1386880 699.4
1386890 703.5
1386900 703.5
1386910 708.8
1386920 714.1
1386930 714.1
1386940 719.6
1380000 588.8
1380010 588.8
1380020 588.5
1380030 588.2
1380040 588.1
1380050 588.1
1380060 588.0
1380070 587.9
1380080 587.9
1380090 587.8
1380100 587.8
1380110 587.8
1380120 587.8
1380130 587.7
1380140 587.7
1380150 587.6
1380160 587.5
1380170 587.5
1380180 587.5
1380190 587.6
1380200 587.6
1380210 587.8
1380220 587.7
1380230 587.7
1380240 587.7
1380250 587.7
1380260 587.7
1380270 587.7
1380280 587.6
1380290 587.6
1380300 587.7
1380310 587.8
1380320 587.8
1380330 587.8
1380340 587.7
1380350 587.7
1380360 587.7
1380370 587.5
1380380 587.5
1380390 588.1
1380400 588.5
1380410 588.5
1380420 586.2
1380430 585.5
1380440 585.5
1380450 585.5
1380460 585.5
1380470 586.4
1380480 586.4
1380490 588.1
1380500 589.1
1380510 589.1
1380520 589.8
1380530 589.9
1380540 589.9
1380550 589.1
1380560 588.1
1380570 588.1
1380580 587.8
1380590 587.9
1380600 587.9
1380610 588.0
1380620 588.1
1380630 588.1
1380640 588.2
1380650 588.3
1380660 588.3
1380670 588.4
1380680 588.5
1380690 588.5
1380700 588.6
1380710 588.5
1380720 588.5
1380730 588.5
1380740 588.6
1380750 588.6
1380760 588.6
1380770 588.2
1380780 588.2
1380790 588.3
1380800 588.6
1380810 588.6
1380820 588.8
1380830 589.1
1380840 589.1
1380850 589.6
1380860 589.6
1380870 589.6
1380880 589.4
1380890 589.2
1380900 589.3
1380910 589.3
1380920 589.3
1380930 589.3
1380940 589.3
1380950 589.2
1380960 589.2
1380970 589.2
1380980 589.3
1380990 589.3
1381000 589.3
1381010 589.3
1381020 589.4
1381030 589.4
1381040 589.4
1381050 589.3
1381060 589.3
1381070 589.3
1381080 589.4
1381090 589.4
1381100 589.3
1381110 589.1
1381120 589.1
1381130 589.4
1381140 589.4
1381150 589.4
1381160 589.4
1381170 589.5
1381180 589.5
1381190 589.6
1381200 589.7
1381210 589.6
1381220 589.8
1381230 589.8
1381240 589.8
1381250 589.9
1381260 589.9
1381270 589.9
1381280 590.0
1381290 590.0
1381300 590.0
1381310 590.1
1381320 590.2
1381330 590.3
1381340 590.3
1381350 590.4
1381360 590.5
1381370 590.5
1381380 590.5
1381390 590.6
1381400 590.6
1381410 590.7
1381420 590.8
1381430 590.8
1381440 590.9
1381450 590.9
1381460 590.9
1381470 591.0
1381480 591.0
1381490 591.0
1381500 591.0
1381510 591.2
1381520 591.2
1381530 591.3
1381540 591.3
1381550 591.3
1381560 591.4
1381570 591.4
1381580 591.4
1381590 591.6
1381600 591.6
1381610 591.6
1381620 591.5
1381630 591.6
1381640 591.6
1381650 591.8
1381660 591.9
1381670 591.9
1381680 591.9
1381690 592.2
1381700 592.2
1381710 592.5
1381720 592.6
1381730 592.1
1381740 592.1
1381750 591.8
1381760 591.6
1381770 591.6
1381780 591.4
1381790 591.4
1381800 591.4
1381810 592.1
1381820 592.5
1381830 592.5
1381840 592.0
1381850 591.9
1381860 591.9
1381870 592.1
1381880 592.3
1381890 592.3
1381900 592.4
1381910 592.5
1381920 592.5
1381930 592.5
1381940 592.5
1381950 592.5
1381960 592.5
1381970 592.5
1381980 592.5
1381990 592.5
1382000 592.4
1382010 592.4
1382020 592.4
1382030 592.4
1382040 592.4
1382050 592.5
1382060 592.6
1382070 592.6
1382080 592.7
1382090 592.5
1382100 592.5
1382110 592.4
1382120 592.5
1382130 592.5
1382140 592.6
1382150 592.6
1382160 592.7
1382170 592.7
1382180 592.8
1382190 593.8
1382200 593.8
1382210 594.4
1382220 593.3
1382230 593.3
1382240 592.8
1382250 592.9
1382260 592.9
1382270 593.2
1382280 594.0
1382290 594.0
1382300 594.1
1382310 594.0
1382320 594.0
1382330 594.1
1382340 594.4
1382350 594.4
1382360 595.5
1382370 598.0
1382380 598.0
1382390 600.1
1382400 602.0
1382410 602.0
1382420 604.4
1382430 606.5
1382440 606.5
1382450 608.3
1382460 605.5
1382470 605.5
1382480 607.6
1382490 609.3
1382500 609.3
1382510 610.4
1382520 610.9
1382530 610.9
1382540 611.2
1382550 611.4
1382560 611.4
1382570 611.7
1382580 611.9
1382590 612.0
1382600 612.0
1382610 611.8
1382620 611.6
1382630 611.6
1382640 611.7
1382650 612.0
1382660 612.0
1382670 612.3
1382680 612.6
1382690 612.6
1382700 612.9
1382710 613.2
1382720 613.2
1382730 613.4
1382740 613.6
1382750 613.6
1382760 613.8
1382770 613.8
1382780 613.8
1382790 613.7
1382800 613.6
1382810 613.6
1382820 613.5
1382830 613.4
1382840 613.4
1382850 613.1
1382860 612.4
1382870 612.4
1382880 611.6
1382890 610.9
1382900 610.9
1382910 607.3
1382920 602.1
1382930 602.1
1382940 602.6
1382950 605.2
1382960 605.2
1382970 604.9
1382980 606.7
1382990 606.7
1383000 606.4
1383010 604.2
1383020 602.1
1383030 602.1
1383040 600.4
1383050 598.6
1383060 598.6
1383070 594.8
1383080 595.5
1383090 595.5
1383100 596.7
1383110 596.8
1383120 596.8
1383130 596.9
1383140 597.2
1383150 597.2
1383160 599.2
1383170 596.5
1383180 596.5
1383190 595.4
1383200 595.9
1383210 595.9
1383220 596.7
1383230 597.6
1383240 597.6
1383250 597.8
1383260 597.8
1383270 597.8
1383280 597.8
1383290 597.8
1383300 597.8
1383310 597.6
1383320 597.5
1383330 597.5
1383340 597.6
1383350 597.4
1383360 597.4
1383370 597.7
1383380 597.6
1383390 597.6
1383400 597.3
1383410 596.9
1383420 596.9
1383430 597.7
1383440 599.1
1383450 599.4
1383460 599.4
1383470 599.4
1383480 599.3
1383490 599.3
1383500 598.9
1383510 597.8
1383520 597.8
1383530 597.5
1383540 598.0
1383550 598.0
1383560 599.3
1383570 599.9
1383580 599.9
1383590 600.0
1383600 600.1
1383610 600.1
1383620 600.0
1383630 600.2
1383640 600.2
1383650 602.4
1383660 605.0
1383670 605.0
1383680 607.1
1383690 608.3
1383700 608.3
1383710 608.8
1383720 607.0
1383730 607.0
1383740 607.8
1383750 608.9
1383760 608.9
1383770 609.2
1383780 608.5
1383790 608.5
1383800 608.6
1383810 609.2
1383820 609.2
1383830 610.5
1383840 611.9
1383850 611.9
1383860 612.4
1383870 612.1
1383880 612.2
1383890 612.2
1383900 613.3
1383910 613.1
1383920 613.1
1383930 612.0
1383940 611.2
1383950 611.2
1383960 610.8
1383970 610.0
1383980 610.0
1383990 608.9
1384000 608.6
1384010 608.6
1384020 608.5
1384030 608.2
1384040 608.2
1384050 607.2
1384060 606.7
1384070 606.7
1384080 606.7
1384090 606.9
1384100 606.9
1384110 607.2
1384120 607.3
1384130 607.3
1384140 607.1
1384150 607.1
1384160 607.1
1384170 607.0
1384180 607.2
1384190 607.2
1384200 607.7
1384210 608.4
1384220 608.4
1384230 609.0
1384240 609.1
1384250 609.1
1384260 608.8
1384270 609.0
1384280 609.0
1384290 608.9
1384300 609.8
1384310 610.4
1384320 610.4
1384330 611.0
1384340 610.8
1384350 610.8
1384360 610.5
1384370 611.0
1384380 611.0
1384390 611.2
1384400 611.2
1384410 611.2
1384420 611.3
1384430 611.1
1384440 611.1
1384450 611.3
1384460 611.5
1384470 611.5
1384480 611.7
1384490 611.8
1384500 611.8
1384510 612.0
1384520 612.1
1384530 612.1
1384540 612.5
1384550 612.8
1384560 612.8
1384570 613.2
1384580 613.7
1384590 613.7
1384600 614.1
1384610 614.5
1384620 614.5
1384630 615.0
1384640 615.4
1384650 615.4
1384660 615.9
1384670 616.3
1384680 616.3
1384690 616.7
1384700 617.2
1384710 617.2
1384720 617.8
1384730 618.6
1384740 619.4
1384750 619.4
1384760 621.0
1384770 621.7
1384780 621.7
1384790 622.4
1384800 623.4
1384810 623.4
1384820 625.9
1384830 631.9
1384840 631.9
1384850 637.3
1384860 640.4
1384870 640.4
1384880 641.1
1384890 643.9
1384900 643.9
1384910 645.7
1384920 648.3
1384930 648.3
1384940 651.4
1384950 656.8
1384960 656.8
1384970 661.9
1384980 666.9
1384990 666.9
1385000 671.7
1385010 679.9
1385020 679.9
1385030 685.4
1385040 689.7
1385050 689.7
1385060 693.3
1385070 694.1
1385080 694.1
1385090 693.2
1385100 691.9
1385110 691.9
1385120 691.0
1385130 690.8
1385140 690.8
1385150 690.9
1385160 691.5
1385170 691.9
1385180 691.9
1385190 692.2
1385200 692.5
1385210 692.5
1385220 692.6
1385230 692.7
1385240 692.7
1385250 692.7
1385260 692.5
1385270 692.5
1385280 692.3
1385290 692.1
1385300 692.1
1385310 691.9
1385320 691.8
1385330 691.8
1385340 691.6
1385350 691.3
1385360 691.3
1385370 691.0
1385380 690.6
1385390 690.6
1385400 690.2
1385410 689.6
1385420 689.6
1385430 688.9
1385440 688.9
1385450 688.9
1385460 689.3
1385470 689.0
1385480 689.0
1385490 688.7
1385500 689.1
1385510 689.1
1385520 688.9
1385530 688.5
1385540 688.5
1385550 688.3
1385560 688.3
1385570 688.3
1385580 688.4
1385590 687.7
1385600 686.7
1385610 686.7
1385620 685.8
1385630 684.6
1385640 684.6
1385650 683.6
1385660 682.4
1385670 682.4
1385680 678.6
1385690 671.8
1385700 671.8
1385710 664.9
1385720 663.5
1385730 663.5
1385740 666.9
1385750 660.5
1385760 660.5
1385770 649.0
1385780 641.1
1385790 641.1
1385800 639.0
1385810 640.7
1385820 640.7
1385830 645.4
1385840 647.7
1385850 647.7
1385860 648.7
1385870 650.7
1385880 650.7
1385890 651.9
1385900 652.8
1385910 652.8
1385920 653.8
1385930 654.4
1385940 654.4
1385950 654.8
1385960 656.5
1385970 656.5
1385980 658.5
1385990 660.1
1386000 660.1
1386010 661.6
1386020 662.7
1386030 663.2
1386040 663.2
1386050 663.3
1386060 663.4
1386070 663.4
1386080 662.5
1386090 662.5
1386100 662.5
1386110 662.2
1386120 663.3
1386130 663.3
1386140 664.9
1386150 665.4
1386160 665.4
1386170 664.4
1386180 662.0
1386190 662.0
1386200 663.5
1386210 666.1
1386220 666.1
1386230 670.8
1386240 674.6
1386250 674.6
1386260 671.9
1386270 671.3
1386280 671.3
1386290 672.1
1386300 673.2
1386310 675.3
1386320 676.3
1386330 677.2
1386340 677.2
1386350 678.1
1386360 678.5
1386370 678.5
1386380 678.7
1386390 679.0
1386400 679.0
1386410 679.1
1386420 679.1
1386430 679.1
1386440 679.1
1386450 679.0
1386460 678.9
1386470 678.9
1386480 678.7
1386490 678.4
1386500 678.4
1386510 678.2
1386520 677.7
1386530 677.7
1386540 677.2
1386550 677.4
1386560 677.4
1386570 677.4
1386580 677.4
1386590 677.4
1386600 677.4
1386610 677.6
1386620 677.6
1386630 677.7
1386640 677.9
1386650 677.9
1386660 678.3
1386670 678.6
1386680 678.6
1386690 678.5
1386700 678.3
1386710 678.3
1386720 678.5
1386730 678.5
1386740 678.5
1386750 679.1
1386760 680.3
1386770 680.3
1386780 682.2
1386790 684.8
1386800 684.8
1386810 687.2
1386820 689.5
1386830 689.5
1386840 691.9
1386850 694.3
1386860 696.7
1386870 696.7
1386880 699.4
1386890 703.5
1386900 703.5
1386910 708.8
1386920 714.1
1386930 714.1
1386940 719.6
1380000 588.8
1380010 588.8
1380020 588.5
1380030 588.2
1380040 588.1
1380050 588.1
1380060 588.0
1380070 587.9
1380080 587.9
1380090 587.8
1380100 587.8
1380110 587.8
1380120 587.8
1380130 587.7
1380140 587.7
1380150 587.6
1380160 587.5
1380170 587.5
1380180 587.5
1380190 587.6
1380200 587.6
1380210 587.8
1380220 587.7
1380230 587.7
1380240 587.7
1380250 587.7
1380260 587.7
1380270 587.7
1380280 587.6
1380290 587.6
1380300 587.7
1380310 587.8
1380320 587.8
1380330 587.8
1380340 587.7
1380350 587.7
1380360 587.7
1380370 587.5
1380380 587.5
1380390 588.1
1380400 588.5
1380410 588.5
1380420 586.2
1380430 585.5
1380440 585.5
1380450 585.5
1380460 585.5
1380470 586.4
1380480 586.4
1380490 588.1
1380500 589.1
1380510 589.1
1380520 589.8
1380530 589.9
1380540 589.9
1380550 589.1
1380560 588.1
1380570 588.1
1380580 587.8
1380590 587.9
1380600 587.9
1380610 588.0
1380620 588.1
1380630 588.1
1380640 588.2
1380650 588.3
1380660 588.3
1380670 588.4
1380680 588.5
1380690 588.5
1380700 588.6
1380710 588.5
1380720 588.5
1380730 588.5
1380740 588.6
1380750 588.6
1380760 588.6
1380770 588.2
1380780 588.2
1380790 588.3
1380800 588.6
1380810 588.6
1380820 588.8
1380830 589.1
1380840 589.1
1380850 589.6
1380860 589.6
1380870 589.6
1380880 589.4
1380890 589.2
1380900 589.3
1380910 589.3
1380920 589.3
1380930 589.3
1380940 589.3
1380950 589.2
1380960 589.2
1380970 589.2
1380980 589.3
1380990 589.3
1381000 589.3
1381010 589.3
1381020 589.4
1381030 589.4
1381040 589.4
1381050 589.3
1381060 589.3
1381070 589.3
1381080 589.4
1381090 589.4
1381100 589.3
1381110 589.1
1381120 589.1
1381130 589.4
1381140 589.4
1381150 589.4
1381160 589.4
1381170 589.5
1381180 589.5
1381190 589.6
1381200 589.7
1381210 589.6
1381220 589.8
1381230 589.8
1381240 589.8
1381250 589.9
1381260 589.9
1381270 589.9
1381280 590.0
1381290 590.0
1381300 590.0
1381310 590.1
1381320 590.2
1381330 590.3
1381340 590.3
1381350 590.4
1381360 590.5
1381370 590.5
1381380 590.5
1381390 590.6
1381400 590.6
1381410 590.7
1381420 590.8
1381430 590.8
1381440 590.9
1381450 590.9
1381460 590.9
1381470 591.0
1381480 591.0
1381490 591.0
1381500 591.0
1381510 591.2
1381520 591.2
1381530 591.3
1381540 591.3
1381550 591.3
1381560 591.4
1381570 591.4
1381580 591.4
1381590 591.6
1381600 591.6
1381610 591.6
1381620 591.5
1381630 591.6
1381640 591.6
1381650 591.8
1381660 591.9
1381670 591.9
1381680 591.9
1381690 592.2
1381700 592.2
1381710 592.5
1381720 592.6
1381730 592.1
1381740 592.1
1381750 591.8
1381760 591.6
1381770 591.6
1381780 591.4
1381790 591.4
1381800 591.4
1381810 592.1
1381820 592.5
1381830 592.5
1381840 592.0
1381850 591.9
1381860 591.9
1381870 592.1
1381880 592.3
1381890 592.3
1381900 592.4
1381910 592.5
1381920 592.5
1381930 592.5
1381940 592.5
1381950 592.5
1381960 592.5
1381970 592.5
1381980 592.5
1381990 592.5
1382000 592.4
1382010 592.4
1382020 592.4
1382030 592.4
1382040 592.4
1382050 592.5
1382060 592.6
1382070 592.6
1382080 592.7
1382090 592.5
1382100 592.5
1382110 592.4
1382120 592.5
1382130 592.5
1382140 592.6
1382150 592.6
1382160 592.7
1382170 592.7
1382180 592.8
1382190 593.8
1382200 593.8
1382210 594.4
1382220 593.3
1382230 593.3
1382240 592.8
1382250 592.9
1382260 592.9
1382270 593.2
1382280 594.0
1382290 594.0
1382300 594.1
1382310 594.0
1382320 594.0
1382330 594.1
1382340 594.4
1382350 594.4
1382360 595.5
1382370 598.0
1382380 598.0
1382390 600.1
1382400 602.0
1382410 602.0
1382420 604.4
1382430 606.5
1382440 606.5
1382450 608.3
1382460 605.5
1382470 605.5
1382480 607.6
1382490 609.3
1382500 609.3
1382510 610.4
1382520 610.9
1382530 610.9
1382540 611.2
1382550 611.4
1382560 611.4
1382570 611.7
1382580 611.9
1382590 612.0
1382600 612.0
1382610 611.8
1382620 611.6
1382630 611.6
1382640 611.7
1382650 612.0
1382660 612.0
1382670 612.3
1382680 612.6
1382690 612.6
1382700 612.9
1382710 613.2
1382720 613.2
1382730 613.4
1382740 613.6
1382750 613.6
1382760 613.8
1382770 613.8
1382780 613.8
1382790 613.7
1382800 613.6
1382810 613.6
1382820 613.5
1382830 613.4
1382840 613.4
1382850 613.1
1382860 612.4
1382870 612.4
1382880 611.6
1382890 610.9
1382900 610.9
1382910 607.3
1382920 602.1
1382930 602.1
1382940 602.6
1382950 605.2
1382960 605.2
1382970 604.9
1382980 606.7
1382990 606.7
1383000 606.4
1383010 604.2
1383020 602.1
1383030 602.1
1383040 600.4
1383050 598.6
1383060 598.6
1383070 594.8
1383080 595.5
1383090 595.5
1383100 596.7
1383110 596.8
1383120 596.8
1383130 596.9
1383140 597.2
1383150 597.2
1383160 599.2
1383170 596.5
1383180 596.5
1383190 595.4
1383200 595.9
1383210 595.9
1383220 596.7
1383230 597.6
1383240 597.6
1383250 597.8
1383260 597.8
1383270 597.8
1383280 597.8
1383290 597.8
1383300 597.8
1383310 597.6
1383320 597.5
1383330 597.5
1383340 597.6
1383350 597.4
1383360 597.4
1383370 597.7
1383380 597.6
1383390 597.6
1383400 597.3
1383410 596.9
1383420 596.9
1383430 597.7
1383440 599.1
1383450 599.4
1383460 599.4
1383470 599.4
1383480 599.3
1383490 599.3
1383500 598.9
1383510 597.8
1383520 597.8
1383530 597.5
1383540 598.0
1383550 598.0
1383560 599.3
1383570 599.9
1383580 599.9
1383590 600.0
1383600 600.1
1383610 600.1
1383620 600.0
1383630 600.2
1383640 600.2
1383650 602.4
1383660 605.0
1383670 605.0
1383680 607.1
1383690 608.3
1383700 608.3
1383710 608.8
1383720 607.0
1383730 607.0
1383740 607.8
1383750 608.9
1383760 608.9
1383770 609.2
1383780 608.5
1383790 608.5
1383800 608.6
1383810 609.2
1383820 609.2
1383830 610.5
1383840 611.9
1383850 611.9
1383860 612.4
1383870 612.1
1383880 612.2
1383890 612.2
1383900 613.3
1383910 613.1
1383920 613.1
1383930 612.0
1383940 611.2
1383950 611.2
1383960 610.8
1383970 610.0
1383980 610.0
1383990 608.9
1384000 608.6
1384010 608.6
1384020 608.5
1384030 608.2
1384040 608.2
1384050 607.2
1384060 606.7
1384070 606.7
1384080 606.7
1384090 606.9
1384100 606.9
1384110 607.2
1384120 607.3
1384130 607.3
1384140 607.1
1384150 607.1
1384160 607.1
1384170 607.0
1384180 607.2
1384190 607.2
1384200 607.7
1384210 608.4
1384220 608.4
1384230 609.0
1384240 609.1
1384250 609.1
1384260 608.8
1384270 609.0
1384280 609.0
1384290 608.9
1384300 609.8
1384310 610.4
1384320 610.4
1384330 611.0
1384340 610.8
1384350 610.8
1384360 610.5
1384370 611.0
1384380 611.0
1384390 611.2
1384400 611.2
1384410 611.2
1384420 611.3
1384430 611.1
1384440 611.1
1384450 611.3
1384460 611.5
1384470 611.5
1384480 611.7
1384490 611.8
1384500 611.8
1384510 612.0
1384520 612.1
1384530 612.1
1384540 612.5
1384550 612.8
1384560 612.8
1384570 613.2
1384580 613.7
1384590 613.7
1384600 614.1
1384610 614.5
1384620 614.5
1384630 615.0
1384640 615.4
1384650 615.4
1384660 615.9
1384670 616.3
1384680 616.3
1384690 616.7
1384700 617.2
1384710 617.2
1384720 617.8
1384730 618.6
1384740 619.4
1384750 619.4
1384760 621.0
1384770 621.7
1384780 621.7
1384790 622.4
1384800 623.4
1384810 623.4
1384820 625.9
1384830 631.9
1384840 631.9
1384850 637.3
1384860 640.4
1384870 640.4
1384880 641.1
1384890 643.9
1384900 643.9
1384910 645.7
1384920 648.3
1384930 648.3
1384940 651.4
1384950 656.8
1384960 656.8
1384970 661.9
1384980 666.9
1384990 666.9
1385000 671.7
1385010 679.9
1385020 679.9
1385030 685.4
1385040 689.7
1385050 689.7
1385060 693.3
1385070 694.1
1385080 694.1
1385090 693.2
1385100 691.9
1385110 691.9
1385120 691.0
1385130 690.8
1385140 690.8
1385150 690.9
1385160 691.5
1385170 691.9
1385180 691.9
1385190 692.2
1385200 692.5
1385210 692.5
1385220 692.6
1385230 692.7
1385240 692.7
1385250 692.7
1385260 692.5
1385270 692.5
1385280 692.3
1385290 692.1
1385300 692.1
1385310 691.9
1385320 691.8
1385330 691.8
1385340 691.6
1385350 691.3
1385360 691.3
1385370 691.0
1385380 690.6
1385390 690.6
1385400 690.2
1385410 689.6
1385420 689.6
1385430 688.9
1385440 688.9
1385450 688.9
1385460 689.3
1385470 689.0
1385480 689.0
1385490 688.7
1385500 689.1
1385510 689.1
1385520 688.9
1385530 688.5
1385540 688.5
1385550 688.3
1385560 688.3
1385570 688.3
1385580 688.4
1385590 687.7
1385600 686.7
1385610 686.7
1385620 685.8
1385630 684.6
1385640 684.6
1385650 683.6
1385660 682.4
1385670 682.4
1385680 678.6
1385690 671.8
1385700 671.8
1385710 664.9
1385720 663.5
1385730 663.5
1385740 666.9
1385750 660.5
1385760 660.5
1385770 649.0
1385780 641.1
1385790 641.1
1385800 639.0
1385810 640.7
1385820 640.7
1385830 645.4
1385840 647.7
1385850 647.7
1385860 648.7
1385870 650.7
1385880 650.7
1385890 651.9
1385900 652.8
1385910 652.8
1385920 653.8
1385930 654.4
1385940 654.4
1385950 654.8
1385960 656.5
1385970 656.5
1385980 658.5
1385990 660.1
1386000 660.1
1386010 661.6
1386020 662.7
1386030 663.2
1386040 663.2
1386050 663.3
1386060 663.4
1386070 663.4
1386080 662.5
1386090 662.5
1386100 662.5
1386110 662.2
1386120 663.3
1386130 663.3
1386140 664.9
1386150 665.4
1386160 665.4
1386170 664.4
1386180 662.0
1386190 662.0
1386200 663.5
1386210 666.1
1386220 666.1
1386230 670.8
1386240 674.6
1386250 674.6
1386260 671.9
1386270 671.3
1386280 671.3
1386290 672.1
1386300 673.2
1386310 675.3
1386320 676.3
1386330 677.2
1386340 677.2
1386350 678.1
1386360 678.5
1386370 678.5
1386380 678.7
1386390 679.0
1386400 679.0
1386410 679.1
1386420 679.1
1386430 679.1
1386440 679.1
1386450 679.0
1386460 678.9
1386470 678.9
1386480 678.7
1386490 678.4
1386500 678.4
1386510 678.2
1386520 677.7
1386530 677.7
1386540 677.2
1386550 677.4
1386560 677.4
1386570 677.4
1386580 677.4
1386590 677.4
1386600 677.4
1386610 677.6
1386620 677.6
1386630 677.7
1386640 677.9
1386650 677.9
1386660 678.3
1386670 678.6
1386680 678.6
1386690 678.5
1386700 678.3
1386710 678.3
1386720 678.5
1386730 678.5
1386740 678.5
1386750 679.1
1386760 680.3
1386770 680.3
1386780 682.2
1386790 684.8
1386800 684.8
1386810 687.2
1386820 689.5
1386830 689.5
1386840 691.9
1386850 694.3
1386860 696.7
1386870 696.7
1386880 699.4
1386890 703.5
1386900 703.5
1386910 708.8
1386920 714.1
1386930 714.1
1386940 719.6
