1380000 589.9
1380010 589.9
1380020 589.9
1380030 589.9
1380040 589.9
1380050 589.8
1380060 589.8
1380070 589.7
1380080 589.7
1380090 589.7
1380100 589.6
1380110 589.6
1380120 589.6
1380130 589.6
1380140 589.5
1380150 589.5
1380160 589.5
1380170 589.4
1380180 589.4
1380190 589.3
1380200 589.2
1380210 589.2
1380220 589.2
1380230 589.2
1380240 589.1
1380250 589.1
1380260 589.1
1380270 589.1
1380280 589.1
1380290 589.1
1380300 589.0
1380310 589.0
1380320 588.8
1380330 588.6
1380340 588.6
1380350 588.8
1380360 588.8
1380370 588.8
1380380 588.5
1380390 588.0
1380400 588.0
1380410 588.0
1380420 588.0
1380430 588.0
1380440 588.0
1380450 588.0
1380460 588.0
1380470 588.2
1380480 588.6
1380490 588.6
1380500 588.7
1380510 588.8
1380520 588.8
1380530 589.1
1380540 589.4
1380550 589.4
1380560 589.7
1380570 589.8
1380580 589.8
1380590 590.0
1380600 590.1
1380610 590.1
1380620 590.1
1380630 590.2
1380640 590.3
1380650 590.3
1380660 590.3
1380670 590.3
1380680 590.3
1380690 590.2
1380700 590.2
1380710 590.2
1380720 590.0
1380730 590.0
1380740 590.0
1380750 590.0
1380760 589.8
1380770 589.8
1380780 589.6
1380790 589.6
1380800 589.6
1380810 589.9
1380820 590.1
1380830 590.1
1380840 590.0
1380850 590.2
1380860 590.2
1380870 590.3
1380880 590.5
1380890 590.5
1380900 590.5
1380910 590.3
1380920 590.3
1380930 590.3
1380940 590.3
1380950 590.3
1380960 590.3
1380970 590.3
1380980 590.3
1380990 590.5
1381000 590.5
1381010 590.5
1381020 591.1
1381030 591.8
1381040 591.8
1381050 591.8
1381060 591.3
1381070 591.1
1381080 591.1
1381090 591.5
1381100 591.7
1381110 591.7
1381120 591.9
1381130 592.2
1381140 592.2
1381150 591.9
1381160 592.0
1381170 592.0
1381180 592.2
1381190 592.3
1381200 592.3
1381210 592.7
1381220 592.7
1381230 592.7
1381240 592.8
1381250 592.7
1381260 592.7
1381270 592.9
1381280 593.0
1381290 593.0
1381300 593.0
1381310 592.9
1381320 592.9
1381330 593.2
1381340 593.4
1381350 593.4
1381360 593.3
1381370 592.9
1381380 592.9
1381390 592.9
1381400 593.1
1381410 593.1
1381420 593.1
1381430 593.1
1381440 593.1
1381450 593.2
1381460 593.2
1381470 593.3
1381480 593.3
1381490 593.4
1381500 593.5
1381510 593.5
1381520 593.5
1381530 593.5
1381540 593.5
1381550 593.4
1381560 593.4
1381570 593.4
1381580 593.4
1381590 593.4
1381600 593.4
1381610 593.4
1381620 593.4
1381630 593.4
1381640 593.5
1381650 593.7
1381660 593.7
1381670 594.0
1381680 594.3
1381690 594.3
1381700 594.5
1381710 594.7
1381720 594.7
1381730 594.9
1381740 595.1
1381750 595.1
1381760 595.3
1381770 595.5
1381780 595.5
1381790 595.6
1381800 595.8
1381810 595.8
1381820 595.9
1381830 595.9
1381840 595.9
1381850 596.1
1381860 596.4
1381870 596.4
1381880 596.4
1381890 596.5
1381900 596.6
1381910 596.6
1381920 596.6
1381930 596.5
1381940 596.5
1381950 596.5
1381960 596.2
1381970 596.2
1381980 596.1
1381990 596.1
1382000 596.1
1382010 596.2
1382020 596.3
1382030 596.3
1382040 596.4
1382050 596.5
1382060 596.5
1382070 596.5
1382080 596.5
1382090 596.5
1382100 596.6
1382110 596.7
1382120 596.7
1382130 597.0
1382140 597.3
1382150 597.3
1382160 597.6
1382170 597.7
1382180 597.7
1382190 597.8
1382200 597.9
1382210 597.9
1382220 597.9
1382230 597.9
1382240 597.9
1382250 597.9
1382260 597.9
1382270 597.9
1382280 598.3
1382290 598.6
1382300 598.6
1382310 598.1
1382320 598.0
1382330 598.0
1382340 598.0
1382350 598.0
1382360 598.0
1382370 598.0
1382380 598.1
1382390 598.2
1382400 598.2
1382410 598.2
1382420 598.3
1382430 598.3
1382440 598.3
1382450 598.4
1382460 598.5
1382470 598.7
1382480 598.8
1382490 598.8
1382500 598.8
1382510 598.7
1382520 598.7
1382530 598.7
1382540 598.7
1382550 598.7
1382560 598.7
1382570 598.7
1382580 598.7
1382590 598.7
1382600 598.8
1382610 598.8
1382620 598.8
1382630 598.9
1382640 598.9
1382650 598.9
1382660 599.0
1382670 599.0
1382680 598.9
1382690 598.9
1382700 598.9
1382710 598.9
1382720 598.9
1382730 598.9
1382740 598.7
1382750 597.5
1382760 596.2
1382770 596.2
1382780 595.7
1382790 595.5
1382800 595.5
1382810 595.3
1382820 595.5
1382830 595.5
1382840 595.5
1382850 595.0
1382860 595.0
1382870 592.3
1382880 591.8
1382890 591.8
1382900 593.0
1382910 596.6
1382920 596.6
1382930 602.2
1382940 609.0
1382950 609.0
1382960 616.3
1382970 624.6
1382980 624.6
1382990 627.9
1383000 628.1
1383010 628.1
1383020 628.0
1383030 627.8
1383040 627.8
1383050 627.9
1383060 628.1
1383070 628.1
1383080 628.1
1383090 628.2
1383100 628.2
1383110 628.3
1383120 628.2
1383130 628.2
1383140 628.0
1383150 627.9
1383160 627.9
1383170 628.2
1383180 628.9
1383190 628.4
1383200 628.4
1383210 628.3
1383220 629.2
1383230 629.2
1383240 632.1
1383250 636.5
1383260 636.5
1383270 642.0
1383280 647.1
1383290 647.1
1383300 649.7
1383310 650.9
1383320 650.9
1383330 651.7
1383340 652.6
1383350 652.6
1383360 654.4
1383370 656.6
1383380 656.6
1383390 659.0
1383400 660.9
1383410 660.9
1383420 662.1
1383430 662.5
1383440 662.5
1383450 662.0
1383460 660.9
1383470 660.9
1383480 659.7
1383490 658.5
1383500 658.5
1383510 657.6
1383520 656.2
1383530 656.2
1383540 655.9
1383550 657.6
1383560 657.6
1383570 656.2
1383580 650.8
1383590 650.8
1383600 645.0
1383610 639.7
1383620 634.8
1383630 634.8
1383640 630.9
1383650 627.9
1383660 627.9
1383670 625.4
1383680 623.8
1383690 623.8
1383700 622.8
1383710 622.0
1383720 624.4
1383730 623.5
1383740 623.1
1383750 623.1
1383760 623.8
1383770 624.7
1383780 624.7
1383790 625.0
1383800 625.8
1383810 625.8
1383820 629.4
1383830 634.3
1383840 634.3
1383850 636.5
1383860 636.3
1383870 636.3
1383880 631.1
1383890 624.1
1383900 624.1
1383910 618.8
1383920 617.2
1383930 617.2
1383940 618.4
1383950 619.6
1383960 619.6
1383970 620.7
1383980 619.9
1383990 619.9
1384000 621.8
1384010 622.6
1384020 622.2
1384030 622.2
1384040 624.3
1384050 628.4
1384060 628.4
1384070 634.7
1384080 640.6
1384090 640.6
1384100 644.1
1384110 647.7
1384120 647.7
1384130 652.5
1384140 660.0
1384150 660.0
1384160 667.9
1384170 672.2
1384180 672.2
1384190 671.8
1384200 671.2
1384210 671.2
1384220 670.8
1384230 670.4
1384240 670.4
1384250 670.1
1384260 669.9
1384270 669.9
1384280 669.9
1384290 669.9
1384300 669.9
1384310 669.7
1384320 669.5
1384330 669.5
1384340 669.2
1384350 668.7
1384360 668.7
1384370 668.5
1384380 667.3
1384390 667.3
1384400 662.0
1384410 656.0
1384420 656.0
1384430 650.5
1384440 644.9
1384450 639.7
1384460 639.7
1384470 636.7
1384480 636.4
1384490 636.4
1384500 637.4
1384510 636.6
1384520 636.6
1384530 634.8
1384540 633.3
1384550 633.3
1384560 631.1
1384570 627.6
1384580 627.6
1384590 628.4
1384600 632.3
1384610 632.3
1384620 633.2
1384630 633.2
1384640 633.2
1384650 633.2
1384660 632.8
1384670 632.8
1384680 632.5
1384690 629.0
1384700 629.0
1384710 621.2
1384720 616.4
1384730 616.4
1384740 614.5
1384750 613.8
1384760 613.8
1384770 613.7
1384780 613.3
1384790 613.3
1384800 613.3
1384810 614.4
1384820 614.4
1384830 616.5
1384840 616.4
1384850 616.4
1384860 614.6
1384870 613.6
1384880 612.9
1384890 612.9
1384900 612.7
1384910 612.9
1384920 612.9
1384930 613.2
1384940 613.4
1384950 613.4
1384960 614.0
1384970 615.1
1384980 615.1
1384990 615.9
1385000 616.8
1385010 619.5
1385020 624.7
1385030 630.1
1385040 630.1
1385050 632.7
1385060 633.4
1385070 633.4
1385080 634.4
1385090 635.3
1385100 635.3
1385110 635.4
1385120 636.4
1385130 636.4
1385140 637.2
1385150 636.2
1385160 636.2
1385170 634.2
1385180 629.2
1385190 629.2
1385200 624.4
1385210 622.9
1385220 622.9
1385230 622.1
1385240 621.1
1385250 621.1
1385260 620.7
1385270 621.4
1385280 621.4
1385290 623.0
1385300 624.8
1385310 626.0
1385320 626.0
1385330 629.5
1385340 634.3
1385350 634.3
1385360 639.7
1385370 644.2
1385380 644.2
1385390 647.9
1385400 652.3
1385410 652.3
1385420 654.6
1385430 656.4
1385440 656.4
1385450 658.0
1385460 659.6
1385470 659.6
1385480 661.9
1385490 664.7
1385500 664.7
1385510 667.5
1385520 669.9
1385530 669.9
1385540 673.3
1385550 676.8
1385560 676.8
1385570 678.4
1385580 680.5
1385590 680.5
1385600 682.1
1385610 682.8
1385620 682.8
1385630 684.5
1385640 686.8
1385650 686.8
1385660 689.0
1385670 691.3
1385680 691.3
1385690 693.6
1385700 695.6
1385710 695.6
1385720 697.6
1385730 699.0
1385740 700.9
1385750 700.9
1385760 703.4
1385770 706.4
1385780 706.4
1385790 711.0
1385800 717.6
1385810 717.6
1385820 724.4
1385830 730.1
1385840 730.1
1385850 732.6
1385860 733.5
1385870 733.5
1385880 734.0
1385890 734.4
1385900 734.4
1385910 734.9
1385920 735.9
1385930 735.9
1385940 736.5
1385950 737.2
1385960 737.2
1385970 738.3
1385980 739.7
1385990 739.7
1386000 741.3
1386010 743.1
1386020 743.1
1386030 745.0
1386040 746.9
1386050 746.9
1386060 749.2
1386070 751.7
1386080 751.7
1386090 754.3
1386100 756.8
1386110 756.8
1386120 759.3
1386130 761.0
1386140 761.0
1386150 761.1
1386160 760.1
1386170 758.8
1386180 758.8
1386190 756.6
1386200 754.6
1386210 754.6
1386220 753.5
1386230 751.5
1386240 751.5
1386250 749.6
1386260 748.3
1386270 748.3
1386280 747.6
1386290 747.1
1386300 747.1
1386310 749.7
1386320 749.0
1386330 749.0
1386340 747.3
1386350 745.8
1386360 745.8
1386370 744.2
1386380 743.3
1386390 743.3
1386400 743.4
1386410 744.0
1386420 744.0
1386430 744.9
1386440 745.4
1386450 745.4
1386460 745.2
1386470 741.4
1386480 741.4
1386490 733.3
1386500 723.8
1386510 723.8
1386520 714.8
1386530 710.5
1386540 710.5
1386550 710.3
1386560 713.5
1386570 714.0
1386580 714.0
1386590 714.9
1386600 716.3
1386610 716.3
1386620 717.8
1386630 719.9
1386640 719.9
1386650 723.7
1386660 728.7
1386670 728.7
1386680 734.2
1386690 739.0
1386700 739.0
1386710 742.1
1386720 744.5
1386730 744.5
1386740 747.0
1386750 749.4
1386760 749.4
1386770 752.7
1386780 754.3
1386790 754.3
1386800 754.9
1386810 752.8
1386820 752.8
1386830 751.0
1386840 749.9
1386850 749.9
1386860 749.8
1386870 749.8
1386880 749.8
1386890 751.0
1386900 755.8
1386910 755.8
1386920 760.7
1386930 762.0
1386940 762.0
1386950 761.0
1386960 762.6
1386970 762.6
1386980 764.1
1386990 763.4
1387000 762.2
1387010 762.2
1387020 759.3
1387030 756.8
1387040 756.8
1387050 754.5
1387060 751.3
1387070 751.3
1387080 748.4
1387090 746.4
1387100 746.4
1387110 745.2
1387120 745.0
1387130 745.0
1387140 746.1
1387150 747.5
1387160 747.5
1387170 747.7
1387180 751.1
1387190 751.1
1387200 755.8
1387210 760.9
1387220 760.9
1387230 765.7
1387240 769.9
1387250 769.9
1387260 776.1
1387270 783.8
1387280 783.8
1387290 793.2
1387300 804.4
1387310 804.4
1387320 814.2
1387330 820.2
1387340 820.2
1387350 826.9
1387360 833.6
1387370 833.6
1387380 838.5
1387390 841.2
1387400 841.2
1380000 589.9
1380010 589.9
1380020 589.9
1380030 589.9
1380040 589.9
1380050 589.8
1380060 589.8
1380070 589.7
1380080 589.7
1380090 589.7
1380100 589.6
1380110 589.6
1380120 589.6
1380130 589.6
1380140 589.5
1380150 589.5
1380160 589.5
1380170 589.4
1380180 589.4
1380190 589.3
1380200 589.2
1380210 589.2
1380220 589.2
1380230 589.2
1380240 589.1
1380250 589.1
1380260 589.1
1380270 589.1
1380280 589.1
1380290 589.1
1380300 589.0
1380310 589.0
1380320 588.8
1380330 588.6
1380340 588.6
1380350 588.8
1380360 588.8
1380370 588.8
1380380 588.5
1380390 588.0
1380400 588.0
1380410 588.0
1380420 588.0
1380430 588.0
1380440 588.0
1380450 588.0
1380460 588.0
1380470 588.2
1380480 588.6
1380490 588.6
1380500 588.7
1380510 588.8
1380520 588.8
1380530 589.1
1380540 589.4
1380550 589.4
1380560 589.7
1380570 589.8
1380580 589.8
1380590 590.0
1380600 590.1
1380610 590.1
1380620 590.1
1380630 590.2
1380640 590.3
1380650 590.3
1380660 590.3
1380670 590.3
1380680 590.3
1380690 590.2
1380700 590.2
1380710 590.2
1380720 590.0
1380730 590.0
1380740 590.0
1380750 590.0
1380760 589.8
1380770 589.8
1380780 589.6
1380790 589.6
1380800 589.6
1380810 589.9
1380820 590.1
1380830 590.1
1380840 590.0
1380850 590.2
1380860 590.2
1380870 590.3
1380880 590.5
1380890 590.5
1380900 590.5
1380910 590.3
1380920 590.3
1380930 590.3
1380940 590.3
1380950 590.3
1380960 590.3
1380970 590.3
1380980 590.3
1380990 590.5
1381000 590.5
1381010 590.5
1381020 591.1
1381030 591.8
1381040 591.8
1381050 591.8
1381060 591.3
1381070 591.1
1381080 591.1
1381090 591.5
1381100 591.7
1381110 591.7
1381120 591.9
1381130 592.2
1381140 592.2
1381150 591.9
1381160 592.0
1381170 592.0
1381180 592.2
1381190 592.3
1381200 592.3
1381210 592.7
1381220 592.7
1381230 592.7
1381240 592.8
1381250 592.7
1381260 592.7
1381270 592.9
1381280 593.0
1381290 593.0
1381300 593.0
1381310 592.9
1381320 592.9
1381330 593.2
1381340 593.4
1381350 593.4
1381360 593.3
1381370 592.9
1381380 592.9
1381390 592.9
1381400 593.1
1381410 593.1
1381420 593.1
1381430 593.1
1381440 593.1
1381450 593.2
1381460 593.2
1381470 593.3
1381480 593.3
1381490 593.4
1381500 593.5
1381510 593.5
1381520 593.5
1381530 593.5
1381540 593.5
1381550 593.4
1381560 593.4
1381570 593.4
1381580 593.4
1381590 593.4
1381600 593.4
1381610 593.4
1381620 593.4
1381630 593.4
1381640 593.5
1381650 593.7
1381660 593.7
1381670 594.0
1381680 594.3
1381690 594.3
1381700 594.5
1381710 594.7
1381720 594.7
1381730 594.9
1381740 595.1
1381750 595.1
1381760 595.3
1381770 595.5
1381780 595.5
1381790 595.6
1381800 595.8
1381810 595.8
1381820 595.9
1381830 595.9
1381840 595.9
1381850 596.1
1381860 596.4
1381870 596.4
1381880 596.4
1381890 596.5
1381900 596.6
1381910 596.6
1381920 596.6
1381930 596.5
1381940 596.5
1381950 596.5
1381960 596.2
1381970 596.2
1381980 596.1
1381990 596.1
1382000 596.1
1382010 596.2
1382020 596.3
1382030 596.3
1382040 596.4
1382050 596.5
1382060 596.5
1382070 596.5
1382080 596.5
1382090 596.5
1382100 596.6
1382110 596.7
1382120 596.7
1382130 597.0
1382140 597.3
1382150 597.3
1382160 597.6
1382170 597.7
1382180 597.7
1382190 597.8
1382200 597.9
1382210 597.9
1382220 597.9
1382230 597.9
1382240 597.9
1382250 597.9
1382260 597.9
1382270 597.9
1382280 598.3
1382290 598.6
1382300 598.6
1382310 598.1
1382320 598.0
1382330 598.0
1382340 598.0
1382350 598.0
1382360 598.0
1382370 598.0
1382380 598.1
1382390 598.2
1382400 598.2
1382410 598.2
1382420 598.3
1382430 598.3
1382440 598.3
1382450 598.4
1382460 598.5
1382470 598.7
1382480 598.8
1382490 598.8
1382500 598.8
1382510 598.7
1382520 598.7
1382530 598.7
1382540 598.7
1382550 598.7
1382560 598.7
1382570 598.7
1382580 598.7
1382590 598.7
1382600 598.8
1382610 598.8
1382620 598.8
1382630 598.9
1382640 598.9
1382650 598.9
1382660 599.0
1382670 599.0
1382680 598.9
1382690 598.9
1382700 598.9
1382710 598.9
1382720 598.9
1382730 598.9
1382740 598.7
1382750 597.5
1382760 596.2
1382770 596.2
1382780 595.7
1382790 595.5
1382800 595.5
1382810 595.3
1382820 595.5
1382830 595.5
1382840 595.5
1382850 595.0
1382860 595.0
1382870 592.3
1382880 591.8
1382890 591.8
1382900 593.0
1382910 596.6
1382920 596.6
1382930 602.2
1382940 609.0
1382950 609.0
1382960 616.3
1382970 624.6
1382980 624.6
1382990 627.9
1383000 628.1
1383010 628.1
1383020 628.0
1383030 627.8
1383040 627.8
1383050 627.9
1383060 628.1
1383070 628.1
1383080 628.1
1383090 628.2
1383100 628.2
1383110 628.3
1383120 628.2
1383130 628.2
1383140 628.0
1383150 627.9
1383160 627.9
1383170 628.2
1383180 628.9
1383190 628.4
1383200 628.4
1383210 628.3
1383220 629.2
1383230 629.2
1383240 632.1
1383250 636.5
1383260 636.5
1383270 642.0
1383280 647.1
1383290 647.1
1383300 649.7
1383310 650.9
1383320 650.9
1383330 651.7
1383340 652.6
1383350 652.6
1383360 654.4
1383370 656.6
1383380 656.6
1383390 659.0
1383400 660.9
1383410 660.9
1383420 662.1
1383430 662.5
1383440 662.5
1383450 662.0
1383460 660.9
1383470 660.9
1383480 659.7
1383490 658.5
1383500 658.5
1383510 657.6
1383520 656.2
1383530 656.2
1383540 655.9
1383550 657.6
1383560 657.6
1383570 656.2
1383580 650.8
1383590 650.8
1383600 645.0
1383610 639.7
1383620 634.8
1383630 634.8
1383640 630.9
1383650 627.9
1383660 627.9
1383670 625.4
1383680 623.8
1383690 623.8
1383700 622.8
1383710 622.0
1383720 624.4
1383730 623.5
1383740 623.1
1383750 623.1
1383760 623.8
1383770 624.7
1383780 624.7
1383790 625.0
1383800 625.8
1383810 625.8
1383820 629.4
1383830 634.3
1383840 634.3
1383850 636.5
1383860 636.3
1383870 636.3
1383880 631.1
1383890 624.1
1383900 624.1
1383910 618.8
1383920 617.2
1383930 617.2
1383940 618.4
1383950 619.6
1383960 619.6
1383970 620.7
1383980 619.9
1383990 619.9
1384000 621.8
1384010 622.6
1384020 622.2
1384030 622.2
1384040 624.3
1384050 628.4
1384060 628.4
1384070 634.7
1384080 640.6
1384090 640.6
1384100 644.1
1384110 647.7
1384120 647.7
1384130 652.5
1384140 660.0
1384150 660.0
1384160 667.9
1384170 672.2
1384180 672.2
1384190 671.8
1384200 671.2
1384210 671.2
1384220 670.8
1384230 670.4
1384240 670.4
1384250 670.1
1384260 669.9
1384270 669.9
1384280 669.9
1384290 669.9
1384300 669.9
1384310 669.7
1384320 669.5
1384330 669.5
1384340 669.2
1384350 668.7
1384360 668.7
1384370 668.5
1384380 667.3
1384390 667.3
1384400 662.0
1384410 656.0
1384420 656.0
1384430 650.5
1384440 644.9
1384450 639.7
1384460 639.7
1384470 636.7
1384480 636.4
1384490 636.4
1384500 637.4
1384510 636.6
1384520 636.6
1384530 634.8
1384540 633.3
1384550 633.3
1384560 631.1
1384570 627.6
1384580 627.6
1384590 628.4
1384600 632.3
1384610 632.3
1384620 633.2
1384630 633.2
1384640 633.2
1384650 633.2
1384660 632.8
1384670 632.8
1384680 632.5
1384690 629.0
1384700 629.0
1384710 621.2
1384720 616.4
1384730 616.4
1384740 614.5
1384750 613.8
1384760 613.8
1384770 613.7
1384780 613.3
1384790 613.3
1384800 613.3
1384810 614.4
1384820 614.4
1384830 616.5
1384840 616.4
1384850 616.4
1384860 614.6
1384870 613.6
1384880 612.9
1384890 612.9
1384900 612.7
1384910 612.9
1384920 612.9
1384930 613.2
1384940 613.4
1384950 613.4
1384960 614.0
1384970 615.1
1384980 615.1
1384990 615.9
1385000 616.8
1385010 619.5
1385020 624.7
1385030 630.1
1385040 630.1
1385050 632.7
1385060 633.4
1385070 633.4
1385080 634.4
1385090 635.3
1385100 635.3
1385110 635.4
1385120 636.4
1385130 636.4
1385140 637.2
1385150 636.2
1385160 636.2
1385170 634.2
1385180 629.2
1385190 629.2
1385200 624.4
1385210 622.9
1385220 622.9
1385230 622.1
1385240 621.1
1385250 621.1
1385260 620.7
1385270 621.4
1385280 621.4
1385290 623.0
1385300 624.8
1385310 626.0
1385320 626.0
1385330 629.5
1385340 634.3
1385350 634.3
1385360 639.7
1385370 644.2
1385380 644.2
1385390 647.9
1385400 652.3
1385410 652.3
1385420 654.6
1385430 656.4
1385440 656.4
1385450 658.0
1385460 659.6
1385470 659.6
1385480 661.9
1385490 664.7
1385500 664.7
1385510 667.5
1385520 669.9
1385530 669.9
1385540 673.3
1385550 676.8
1385560 676.8
1385570 678.4
1385580 680.5
1385590 680.5
1385600 682.1
1385610 682.8
1385620 682.8
1385630 684.5
1385640 686.8
1385650 686.8
1385660 689.0
1385670 691.3
1385680 691.3
1385690 693.6
1385700 695.6
1385710 695.6
1385720 697.6
1385730 699.0
1385740 700.9
1385750 700.9
1385760 703.4
1385770 706.4
1385780 706.4
1385790 711.0
1385800 717.6
1385810 717.6
1385820 724.4
1385830 730.1
1385840 730.1
1385850 732.6
1385860 733.5
1385870 733.5
1385880 734.0
1385890 734.4
1385900 734.4
1385910 734.9
1385920 735.9
1385930 735.9
1385940 736.5
1385950 737.2
1385960 737.2
1385970 738.3
1385980 739.7
1385990 739.7
1386000 741.3
1386010 743.1
1386020 743.1
1386030 745.0
1386040 746.9
1386050 746.9
1386060 749.2
1386070 751.7
1386080 751.7
1386090 754.3
1386100 756.8
1386110 756.8
1386120 759.3
1386130 761.0
1386140 761.0
1386150 761.1
1386160 760.1
1386170 758.8
1386180 758.8
1386190 756.6
1386200 754.6
1386210 754.6
1386220 753.5
1386230 751.5
1386240 751.5
1386250 749.6
1386260 748.3
1386270 748.3
1386280 747.6
1386290 747.1
1386300 747.1
1386310 749.7
1386320 749.0
1386330 749.0
1386340 747.3
1386350 745.8
1386360 745.8
1386370 744.2
1386380 743.3
1386390 743.3
1386400 743.4
1386410 744.0
1386420 744.0
1386430 744.9
1386440 745.4
1386450 745.4
1386460 745.2
1386470 741.4
1386480 741.4
1386490 733.3
1386500 723.8
1386510 723.8
1386520 714.8
1386530 710.5
1386540 710.5
1386550 710.3
1386560 713.5
1386570 714.0
1386580 714.0
1386590 714.9
1386600 716.3
1386610 716.3
1386620 717.8
1386630 719.9
1386640 719.9
1386650 723.7
1386660 728.7
1386670 728.7
1386680 734.2
1386690 739.0
1386700 739.0
1386710 742.1
1386720 744.5
1386730 744.5
1386740 747.0
1386750 749.4
1386760 749.4
1386770 752.7
1386780 754.3
1386790 754.3
1386800 754.9
1386810 752.8
1386820 752.8
1386830 751.0
1386840 749.9
1386850 749.9
1386860 749.8
1386870 749.8
1386880 749.8
1386890 751.0
1386900 755.8
1386910 755.8
1386920 760.7
1386930 762.0
1386940 762.0
1386950 761.0
1386960 762.6
1386970 762.6
1386980 764.1
1386990 763.4
1387000 762.2
1387010 762.2
1387020 759.3
1387030 756.8
1387040 756.8
1387050 754.5
1387060 751.3
1387070 751.3
1387080 748.4
1387090 746.4
1387100 746.4
1387110 745.2
1387120 745.0
1387130 745.0
1387140 746.1
1387150 747.5
1387160 747.5
1387170 747.7
1387180 751.1
1387190 751.1
1387200 755.8
1387210 760.9
1387220 760.9
1387230 765.7
1387240 769.9
1387250 769.9
1387260 776.1
1387270 783.8
1387280 783.8
1387290 793.2
1387300 804.4
1387310 804.4
1387320 814.2
1387330 820.2
1387340 820.2
1387350 826.9
1387360 833.6
1387370 833.6
1387380 838.5
1387390 841.2
1387400 841.2
1380000 589.9
1380010 589.9
1380020 589.9
1380030 589.9
1380040 589.9
1380050 589.8
1380060 589.8
1380070 589.7
1380080 589.7
1380090 589.7
1380100 589.6
1380110 589.6
1380120 589.6
1380130 589.6
1380140 589.5
1380150 589.5
1380160 589.5
1380170 589.4
1380180 589.4
1380190 589.3
1380200 589.2
1380210 589.2
1380220 589.2
1380230 589.2
1380240 589.1
1380250 589.1
1380260 589.1
1380270 589.1
1380280 589.1
1380290 589.1
1380300 589.0
1380310 589.0
1380320 588.8
1380330 588.6
1380340 588.6
1380350 588.8
1380360 588.8
1380370 588.8
1380380 588.5
1380390 588.0
1380400 588.0
1380410 588.0
1380420 588.0
1380430 588.0
1380440 588.0
1380450 588.0
1380460 588.0
1380470 588.2
1380480 588.6
1380490 588.6
1380500 588.7
1380510 588.8
1380520 588.8
1380530 589.1
1380540 589.4
1380550 589.4
1380560 589.7
1380570 589.8
1380580 589.8
1380590 590.0
1380600 590.1
1380610 590.1
1380620 590.1
1380630 590.2
1380640 590.3
1380650 590.3
1380660 590.3
1380670 590.3
1380680 590.3
1380690 590.2
1380700 590.2
1380710 590.2
1380720 590.0
1380730 590.0
1380740 590.0
1380750 590.0
1380760 589.8
1380770 589.8
1380780 589.6
1380790 589.6
1380800 589.6
1380810 589.9
1380820 590.1
1380830 590.1
1380840 590.0
1380850 590.2
1380860 590.2
1380870 590.3
1380880 590.5
1380890 590.5
1380900 590.5
1380910 590.3
1380920 590.3
1380930 590.3
1380940 590.3
1380950 590.3
1380960 590.3
1380970 590.3
1380980 590.3
1380990 590.5
1381000 590.5
1381010 590.5
1381020 591.1
1381030 591.8
1381040 591.8
1381050 591.8
1381060 591.3
1381070 591.1
1381080 591.1
1381090 591.5
1381100 591.7
1381110 591.7
1381120 591.9
1381130 592.2
1381140 592.2
1381150 591.9
1381160 592.0
1381170 592.0
1381180 592.2
1381190 592.3
1381200 592.3
1381210 592.7
1381220 592.7
1381230 592.7
1381240 592.8
1381250 592.7
1381260 592.7
1381270 592.9
1381280 593.0
1381290 593.0
1381300 593.0
1381310 592.9
1381320 592.9
1381330 593.2
1381340 593.4
1381350 593.4
1381360 593.3
1381370 592.9
1381380 592.9
1381390 592.9
1381400 593.1
1381410 593.1
1381420 593.1
1381430 593.1
1381440 593.1
1381450 593.2
1381460 593.2
1381470 593.3
1381480 593.3
1381490 593.4
1381500 593.5
1381510 593.5
1381520 593.5
1381530 593.5
1381540 593.5
1381550 593.4
1381560 593.4
1381570 593.4
1381580 593.4
1381590 593.4
1381600 593.4
1381610 593.4
1381620 593.4
1381630 593.4
1381640 593.5
1381650 593.7
1381660 593.7
1381670 594.0
1381680 594.3
1381690 594.3
1381700 594.5
1381710 594.7
1381720 594.7
1381730 594.9
1381740 595.1
1381750 595.1
1381760 595.3
1381770 595.5
1381780 595.5
1381790 595.6
1381800 595.8
1381810 595.8
1381820 595.9
1381830 595.9
1381840 595.9
1381850 596.1
1381860 596.4
1381870 596.4
1381880 596.4
1381890 596.5
1381900 596.6
1381910 596.6
1381920 596.6
1381930 596.5
1381940 596.5
1381950 596.5
1381960 596.2
1381970 596.2
1381980 596.1
1381990 596.1
1382000 596.1
1382010 596.2
1382020 596.3
1382030 596.3
1382040 596.4
1382050 596.5
1382060 596.5
1382070 596.5
1382080 596.5
1382090 596.5
1382100 596.6
1382110 596.7
1382120 596.7
1382130 597.0
1382140 597.3
1382150 597.3
1382160 597.6
1382170 597.7
1382180 597.7
1382190 597.8
1382200 597.9
1382210 597.9
1382220 597.9
1382230 597.9
1382240 597.9
1382250 597.9
1382260 597.9
1382270 597.9
1382280 598.3
1382290 598.6
1382300 598.6
1382310 598.1
1382320 598.0
1382330 598.0
1382340 598.0
1382350 598.0
1382360 598.0
1382370 598.0
1382380 598.1
1382390 598.2
1382400 598.2
1382410 598.2
1382420 598.3
1382430 598.3
1382440 598.3
1382450 598.4
1382460 598.5
1382470 598.7
1382480 598.8
1382490 598.8
1382500 598.8
1382510 598.7
1382520 598.7
1382530 598.7
1382540 598.7
1382550 598.7
1382560 598.7
1382570 598.7
1382580 598.7
1382590 598.7
1382600 598.8
1382610 598.8
1382620 598.8
1382630 598.9
1382640 598.9
1382650 598.9
1382660 599.0
1382670 599.0
1382680 598.9
1382690 598.9
1382700 598.9
1382710 598.9
1382720 598.9
1382730 598.9
1382740 598.7
1382750 597.5
1382760 596.2
1382770 596.2
1382780 595.7
1382790 595.5
1382800 595.5
1382810 595.3
1382820 595.5
1382830 595.5
1382840 595.5
1382850 595.0
1382860 595.0
1382870 592.3
1382880 591.8
1382890 591.8
1382900 593.0
1382910 596.6
1382920 596.6
1382930 602.2
1382940 609.0
1382950 609.0
1382960 616.3
1382970 624.6
1382980 624.6
1382990 627.9
1383000 628.1
1383010 628.1
1383020 628.0
1383030 627.8
1383040 627.8
1383050 627.9
1383060 628.1
1383070 628.1
1383080 628.1
1383090 628.2
1383100 628.2
1383110 628.3
1383120 628.2
1383130 628.2
1383140 628.0
1383150 627.9
1383160 627.9
1383170 628.2
1383180 628.9
1383190 628.4
1383200 628.4
1383210 628.3
1383220 629.2
1383230 629.2
1383240 632.1
1383250 636.5
1383260 636.5
1383270 642.0
1383280 647.1
1383290 647.1
1383300 649.7
1383310 650.9
1383320 650.9
1383330 651.7
1383340 652.6
1383350 652.6
1383360 654.4
1383370 656.6
1383380 656.6
1383390 659.0
1383400 660.9
1383410 660.9
1383420 662.1
1383430 662.5
1383440 662.5
1383450 662.0
1383460 660.9
1383470 660.9
1383480 659.7
1383490 658.5
1383500 658.5
1383510 657.6
1383520 656.2
1383530 656.2
1383540 655.9
1383550 657.6
1383560 657.6
1383570 656.2
1383580 650.8
1383590 650.8
1383600 645.0
1383610 639.7
1383620 634.8
1383630 634.8
1383640 630.9
1383650 627.9
1383660 627.9
1383670 625.4
1383680 623.8
1383690 623.8
1383700 622.8
1383710 622.0
1383720 624.4
1383730 623.5
1383740 623.1
1383750 623.1
1383760 623.8
1383770 624.7
1383780 624.7
1383790 625.0
1383800 625.8
1383810 625.8
1383820 629.4
1383830 634.3
1383840 634.3
1383850 636.5
1383860 636.3
1383870 636.3
1383880 631.1
1383890 624.1
1383900 624.1
1383910 618.8
1383920 617.2
1383930 617.2
1383940 618.4
1383950 619.6
1383960 619.6
1383970 620.7
1383980 619.9
1383990 619.9
1384000 621.8
1384010 622.6
1384020 622.2
1384030 622.2
1384040 624.3
1384050 628.4
1384060 628.4
1384070 634.7
1384080 640.6
1384090 640.6
1384100 644.1
1384110 647.7
1384120 647.7
1384130 652.5
1384140 660.0
1384150 660.0
1384160 667.9
1384170 672.2
1384180 672.2
1384190 671.8
1384200 671.2
1384210 671.2
1384220 670.8
1384230 670.4
1384240 670.4
1384250 670.1
1384260 669.9
1384270 669.9
1384280 669.9
1384290 669.9
1384300 669.9
1384310 669.7
1384320 669.5
1384330 669.5
1384340 669.2
1384350 668.7
1384360 668.7
1384370 668.5
1384380 667.3
1384390 667.3
1384400 662.0
1384410 656.0
1384420 656.0
1384430 650.5
1384440 644.9
1384450 639.7
1384460 639.7
1384470 636.7
1384480 636.4
1384490 636.4
1384500 637.4
1384510 636.6
1384520 636.6
1384530 634.8
1384540 633.3
1384550 633.3
1384560 631.1
1384570 627.6
1384580 627.6
1384590 628.4
1384600 632.3
1384610 632.3
1384620 633.2
1384630 633.2
1384640 633.2
1384650 633.2
1384660 632.8
1384670 632.8
1384680 632.5
1384690 629.0
1384700 629.0
1384710 621.2
1384720 616.4
1384730 616.4
1384740 614.5
1384750 613.8
1384760 613.8
1384770 613.7
1384780 613.3
1384790 613.3
1384800 613.3
1384810 614.4
1384820 614.4
1384830 616.5
1384840 616.4
1384850 616.4
1384860 614.6
1384870 613.6
1384880 612.9
1384890 612.9
1384900 612.7
1384910 612.9
1384920 612.9
1384930 613.2
1384940 613.4
1384950 613.4
1384960 614.0
1384970 615.1
1384980 615.1
1384990 615.9
1385000 616.8
1385010 619.5
1385020 624.7
1385030 630.1
1385040 630.1
1385050 632.7
1385060 633.4
1385070 633.4
1385080 634.4
1385090 635.3
1385100 635.3
1385110 635.4
1385120 636.4
1385130 636.4
1385140 637.2
1385150 636.2
1385160 636.2
1385170 634.2
1385180 629.2
1385190 629.2
1385200 624.4
1385210 622.9
1385220 622.9
1385230 622.1
1385240 621.1
1385250 621.1
1385260 620.7
1385270 621.4
1385280 621.4
1385290 623.0
1385300 624.8
1385310 626.0
1385320 626.0
1385330 629.5
1385340 634.3
1385350 634.3
1385360 639.7
1385370 644.2
1385380 644.2
1385390 647.9
1385400 652.3
1385410 652.3
1385420 654.6
1385430 656.4
1385440 656.4
1385450 658.0
1385460 659.6
1385470 659.6
1385480 661.9
1385490 664.7
1385500 664.7
1385510 667.5
1385520 669.9
1385530 669.9
1385540 673.3
1385550 676.8
1385560 676.8
1385570 678.4
1385580 680.5
1385590 680.5
1385600 682.1
1385610 682.8
1385620 682.8
1385630 684.5
1385640 686.8
1385650 686.8
1385660 689.0
1385670 691.3
1385680 691.3
1385690 693.6
1385700 695.6
1385710 695.6
1385720 697.6
1385730 699.0
1385740 700.9
1385750 700.9
1385760 703.4
1385770 706.4
1385780 706.4
1385790 711.0
1385800 717.6
1385810 717.6
1385820 724.4
1385830 730.1
1385840 730.1
1385850 732.6
1385860 733.5
1385870 733.5
1385880 734.0
1385890 734.4
1385900 734.4
1385910 734.9
1385920 735.9
1385930 735.9
1385940 736.5
1385950 737.2
1385960 737.2
1385970 738.3
1385980 739.7
1385990 739.7
1386000 741.3
1386010 743.1
1386020 743.1
1386030 745.0
1386040 746.9
1386050 746.9
1386060 749.2
1386070 751.7
1386080 751.7
1386090 754.3
1386100 756.8
1386110 756.8
1386120 759.3
1386130 761.0
1386140 761.0
1386150 761.1
1386160 760.1
1386170 758.8
1386180 758.8
1386190 756.6
1386200 754.6
1386210 754.6
1386220 753.5
1386230 751.5
1386240 751.5
1386250 749.6
1386260 748.3
1386270 748.3
1386280 747.6
1386290 747.1
1386300 747.1
1386310 749.7
1386320 749.0
1386330 749.0
1386340 747.3
1386350 745.8
1386360 745.8
1386370 744.2
1386380 743.3
1386390 743.3
1386400 743.4
1386410 744.0
1386420 744.0
1386430 744.9
1386440 745.4
1386450 745.4
1386460 745.2
1386470 741.4
1386480 741.4
1386490 733.3
1386500 723.8
1386510 723.8
1386520 714.8
1386530 710.5
1386540 710.5
1386550 710.3
1386560 713.5
1386570 714.0
1386580 714.0
1386590 714.9
1386600 716.3
1386610 716.3
1386620 717.8
1386630 719.9
1386640 719.9
1386650 723.7
1386660 728.7
1386670 728.7
1386680 734.2
1386690 739.0
1386700 739.0
1386710 742.1
1386720 744.5
1386730 744.5
1386740 747.0
1386750 749.4
1386760 749.4
1386770 752.7
1386780 754.3
1386790 754.3
1386800 754.9
1386810 752.8
1386820 752.8
1386830 751.0
1386840 749.9
1386850 749.9
1386860 749.8
1386870 749.8
1386880 749.8
1386890 751.0
1386900 755.8
1386910 755.8
1386920 760.7
1386930 762.0
1386940 762.0
1386950 761.0
1386960 762.6
1386970 762.6
1386980 764.1
1386990 763.4
1387000 762.2
1387010 762.2
1387020 759.3
1387030 756.8
1387040 756.8
1387050 754.5
1387060 751.3
1387070 751.3
1387080 748.4
1387090 746.4
1387100 746.4
1387110 745.2
1387120 745.0
1387130 745.0
1387140 746.1
1387150 747.5
1387160 747.5
1387170 747.7
1387180 751.1
1387190 751.1
1387200 755.8
1387210 760.9
1387220 760.9
1387230 765.7
1387240 769.9
1387250 769.9
1387260 776.1
1387270 783.8
1387280 783.8
1387290 793.2
1387300 804.4
1387310 804.4
1387320 814.2
1387330 820.2
1387340 820.2
1387350 826.9
1387360 833.6
1387370 833.6
1387380 838.5
1387390 841.2
1387400 841.2
1380000 589.9
1380010 589.9
1380020 589.9
1380030 589.9
1380040 589.9
1380050 589.8
1380060 589.8
1380070 589.7
1380080 589.7
1380090 589.7
1380100 589.6
1380110 589.6
1380120 589.6
1380130 589.6
1380140 589.5
1380150 589.5
1380160 589.5
1380170 589.4
1380180 589.4
1380190 589.3
1380200 589.2
1380210 589.2
1380220 589.2
1380230 589.2
1380240 589.1
1380250 589.1
1380260 589.1
1380270 589.1
1380280 589.1
1380290 589.1
1380300 589.0
1380310 589.0
1380320 588.8
1380330 588.6
1380340 588.6
1380350 588.8
1380360 588.8
1380370 588.8
1380380 588.5
1380390 588.0
1380400 588.0
1380410 588.0
1380420 588.0
1380430 588.0
1380440 588.0
1380450 588.0
1380460 588.0
1380470 588.2
1380480 588.6
1380490 588.6
1380500 588.7
1380510 588.8
1380520 588.8
1380530 589.1
1380540 589.4
1380550 589.4
1380560 589.7
1380570 589.8
1380580 589.8
1380590 590.0
1380600 590.1
1380610 590.1
1380620 590.1
1380630 590.2
1380640 590.3
1380650 590.3
1380660 590.3
1380670 590.3
1380680 590.3
1380690 590.2
1380700 590.2
1380710 590.2
1380720 590.0
1380730 590.0
1380740 590.0
1380750 590.0
1380760 589.8
1380770 589.8
1380780 589.6
1380790 589.6
1380800 589.6
1380810 589.9
1380820 590.1
1380830 590.1
1380840 590.0
1380850 590.2
1380860 590.2
1380870 590.3
1380880 590.5
1380890 590.5
1380900 590.5
1380910 590.3
1380920 590.3
1380930 590.3
1380940 590.3
1380950 590.3
1380960 590.3
1380970 590.3
1380980 590.3
1380990 590.5
1381000 590.5
1381010 590.5
1381020 591.1
1381030 591.8
1381040 591.8
1381050 591.8
1381060 591.3
1381070 591.1
1381080 591.1
1381090 591.5
1381100 591.7
1381110 591.7
1381120 591.9
1381130 592.2
1381140 592.2
1381150 591.9
1381160 592.0
1381170 592.0
1381180 592.2
1381190 592.3
1381200 592.3
1381210 592.7
1381220 592.7
1381230 592.7
1381240 592.8
1381250 592.7
1381260 592.7
1381270 592.9
1381280 593.0
1381290 593.0
1381300 593.0
1381310 592.9
1381320 592.9
1381330 593.2
1381340 593.4
1381350 593.4
1381360 593.3
1381370 592.9
1381380 592.9
1381390 592.9
1381400 593.1
1381410 593.1
1381420 593.1
1381430 593.1
1381440 593.1
1381450 593.2
1381460 593.2
1381470 593.3
1381480 593.3
1381490 593.4
1381500 593.5
1381510 593.5
1381520 593.5
1381530 593.5
1381540 593.5
1381550 593.4
1381560 593.4
1381570 593.4
1381580 593.4
1381590 593.4
1381600 593.4
1381610 593.4
1381620 593.4
1381630 593.4
1381640 593.5
1381650 593.7
1381660 593.7
1381670 594.0
1381680 594.3
1381690 594.3
1381700 594.5
1381710 594.7
1381720 594.7
1381730 594.9
1381740 595.1
1381750 595.1
1381760 595.3
1381770 595.5
1381780 595.5
1381790 595.6
1381800 595.8
1381810 595.8
1381820 595.9
1381830 595.9
1381840 595.9
1381850 596.1
1381860 596.4
1381870 596.4
1381880 596.4
1381890 596.5
1381900 596.6
1381910 596.6
1381920 596.6
1381930 596.5
1381940 596.5
1381950 596.5
1381960 596.2
1381970 596.2
1381980 596.1
1381990 596.1
1382000 596.1
1382010 596.2
1382020 596.3
1382030 596.3
1382040 596.4
1382050 596.5
1382060 596.5
1382070 596.5
1382080 596.5
1382090 596.5
1382100 596.6
1382110 596.7
1382120 596.7
1382130 597.0
1382140 597.3
1382150 597.3
1382160 597.6
1382170 597.7
1382180 597.7
1382190 597.8
1382200 597.9
1382210 597.9
1382220 597.9
1382230 597.9
1382240 597.9
1382250 597.9
1382260 597.9
1382270 597.9
1382280 598.3
1382290 598.6
1382300 598.6
1382310 598.1
1382320 598.0
1382330 598.0
1382340 598.0
1382350 598.0
1382360 598.0
1382370 598.0
1382380 598.1
1382390 598.2
1382400 598.2
1382410 598.2
1382420 598.3
1382430 598.3
1382440 598.3
1382450 598.4
1382460 598.5
1382470 598.7
1382480 598.8
1382490 598.8
1382500 598.8
1382510 598.7
1382520 598.7
1382530 598.7
1382540 598.7
1382550 598.7
1382560 598.7
1382570 598.7
1382580 598.7
1382590 598.7
1382600 598.8
1382610 598.8
1382620 598.8
1382630 598.9
1382640 598.9
1382650 598.9
1382660 599.0
1382670 599.0
1382680 598.9
1382690 598.9
1382700 598.9
1382710 598.9
1382720 598.9
1382730 598.9
1382740 598.7
1382750 597.5
1382760 596.2
1382770 596.2
1382780 595.7
1382790 595.5
1382800 595.5
1382810 595.3
1382820 595.5
1382830 595.5
1382840 595.5
1382850 595.0
1382860 595.0
1382870 592.3
1382880 591.8
1382890 591.8
1382900 593.0
1382910 596.6
1382920 596.6
1382930 602.2
1382940 609.0
1382950 609.0
1382960 616.3
1382970 624.6
1382980 624.6
1382990 627.9
1383000 628.1
1383010 628.1
1383020 628.0
1383030 627.8
1383040 627.8
1383050 627.9
1383060 628.1
1383070 628.1
1383080 628.1
1383090 628.2
1383100 628.2
1383110 628.3
1383120 628.2
1383130 628.2
1383140 628.0
1383150 627.9
1383160 627.9
1383170 628.2
1383180 628.9
1383190 628.4
1383200 628.4
1383210 628.3
1383220 629.2
1383230 629.2
1383240 632.1
1383250 636.5
1383260 636.5
1383270 642.0
1383280 647.1
1383290 647.1
1383300 649.7
1383310 650.9
1383320 650.9
1383330 651.7
1383340 652.6
1383350 652.6
1383360 654.4
1383370 656.6
1383380 656.6
1383390 659.0
1383400 660.9
1383410 660.9
1383420 662.1
1383430 662.5
1383440 662.5
1383450 662.0
1383460 660.9
1383470 660.9
1383480 659.7
1383490 658.5
1383500 658.5
1383510 657.6
1383520 656.2
1383530 656.2
1383540 655.9
1383550 657.6
1383560 657.6
1383570 656.2
1383580 650.8
1383590 650.8
1383600 645.0
1383610 639.7
1383620 634.8
1383630 634.8
1383640 630.9
1383650 627.9
1383660 627.9
1383670 625.4
1383680 623.8
1383690 623.8
1383700 622.8
1383710 622.0
1383720 624.4
1383730 623.5
1383740 623.1
1383750 623.1
1383760 623.8
1383770 624.7
1383780 624.7
1383790 625.0
1383800 625.8
1383810 625.8
1383820 629.4
1383830 634.3
1383840 634.3
1383850 636.5
1383860 636.3
1383870 636.3
1383880 631.1
1383890 624.1
1383900 624.1
1383910 618.8
1383920 617.2
1383930 617.2
1383940 618.4
1383950 619.6
1383960 619.6
1383970 620.7
1383980 619.9
1383990 619.9
1384000 621.8
1384010 622.6
1384020 622.2
1384030 622.2
1384040 624.3
1384050 628.4
1384060 628.4
1384070 634.7
1384080 640.6
1384090 640.6
1384100 644.1
1384110 647.7
1384120 647.7
1384130 652.5
1384140 660.0
1384150 660.0
1384160 667.9
1384170 672.2
1384180 672.2
1384190 671.8
1384200 671.2
1384210 671.2
1384220 670.8
1384230 670.4
1384240 670.4
1384250 670.1
1384260 669.9
1384270 669.9
1384280 669.9
1384290 669.9
1384300 669.9
1384310 669.7
1384320 669.5
1384330 669.5
1384340 669.2
1384350 668.7
1384360 668.7
1384370 668.5
1384380 667.3
1384390 667.3
1384400 662.0
1384410 656.0
1384420 656.0
1384430 650.5
1384440 644.9
1384450 639.7
1384460 639.7
1384470 636.7
1384480 636.4
1384490 636.4
1384500 637.4
1384510 636.6
1384520 636.6
1384530 634.8
1384540 633.3
1384550 633.3
1384560 631.1
1384570 627.6
1384580 627.6
1384590 628.4
1384600 632.3
1384610 632.3
1384620 633.2
1384630 633.2
1384640 633.2
1384650 633.2
1384660 632.8
1384670 632.8
1384680 632.5
1384690 629.0
1384700 629.0
1384710 621.2
1384720 616.4
1384730 616.4
1384740 614.5
1384750 613.8
1384760 613.8
1384770 613.7
1384780 613.3
1384790 613.3
1384800 613.3
1384810 614.4
1384820 614.4
1384830 616.5
1384840 616.4
1384850 616.4
1384860 614.6
1384870 613.6
1384880 612.9
1384890 612.9
1384900 612.7
1384910 612.9
1384920 612.9
1384930 613.2
1384940 613.4
1384950 613.4
1384960 614.0
1384970 615.1
1384980 615.1
1384990 615.9
1385000 616.8
1385010 619.5
1385020 624.7
1385030 630.1
1385040 630.1
1385050 632.7
1385060 633.4
1385070 633.4
1385080 634.4
1385090 635.3
1385100 635.3
1385110 635.4
1385120 636.4
1385130 636.4
1385140 637.2
1385150 636.2
1385160 636.2
1385170 634.2
1385180 629.2
1385190 629.2
1385200 624.4
1385210 622.9
1385220 622.9
1385230 622.1
1385240 621.1
1385250 621.1
1385260 620.7
1385270 621.4
1385280 621.4
1385290 623.0
1385300 624.8
1385310 626.0
1385320 626.0
1385330 629.5
1385340 634.3
1385350 634.3
1385360 639.7
1385370 644.2
1385380 644.2
1385390 647.9
1385400 652.3
1385410 652.3
1385420 654.6
1385430 656.4
1385440 656.4
1385450 658.0
1385460 659.6
1385470 659.6
1385480 661.9
1385490 664.7
1385500 664.7
1385510 667.5
1385520 669.9
1385530 669.9
1385540 673.3
1385550 676.8
1385560 676.8
1385570 678.4
1385580 680.5
1385590 680.5
1385600 682.1
1385610 682.8
1385620 682.8
1385630 684.5
1385640 686.8
1385650 686.8
1385660 689.0
1385670 691.3
1385680 691.3
1385690 693.6
1385700 695.6
1385710 695.6
1385720 697.6
1385730 699.0
1385740 700.9
1385750 700.9
1385760 703.4
1385770 706.4
1385780 706.4
1385790 711.0
1385800 717.6
1385810 717.6
1385820 724.4
1385830 730.1
1385840 730.1
1385850 732.6
1385860 733.5
1385870 733.5
1385880 734.0
1385890 734.4
1385900 734.4
1385910 734.9
1385920 735.9
1385930 735.9
1385940 736.5
1385950 737.2
1385960 737.2
1385970 738.3
1385980 739.7
1385990 739.7
1386000 741.3
1386010 743.1
1386020 743.1
1386030 745.0
1386040 746.9
1386050 746.9
1386060 749.2
1386070 751.7
1386080 751.7
1386090 754.3
1386100 756.8
1386110 756.8
1386120 759.3
1386130 761.0
1386140 761.0
1386150 761.1
1386160 760.1
1386170 758.8
1386180 758.8
1386190 756.6
1386200 754.6
1386210 754.6
1386220 753.5
1386230 751.5
1386240 751.5
1386250 749.6
1386260 748.3
1386270 748.3
1386280 747.6
1386290 747.1
1386300 747.1
1386310 749.7
1386320 749.0
1386330 749.0
1386340 747.3
1386350 745.8
1386360 745.8
1386370 744.2
1386380 743.3
1386390 743.3
1386400 743.4
1386410 744.0
1386420 744.0
1386430 744.9
1386440 745.4
1386450 745.4
1386460 745.2
1386470 741.4
1386480 741.4
1386490 733.3
1386500 723.8
1386510 723.8
1386520 714.8
1386530 710.5
1386540 710.5
1386550 710.3
1386560 713.5
1386570 714.0
1386580 714.0
1386590 714.9
1386600 716.3
1386610 716.3
1386620 717.8
1386630 719.9
1386640 719.9
1386650 723.7
1386660 728.7
1386670 728.7
1386680 734.2
1386690 739.0
1386700 739.0
1386710 742.1
1386720 744.5
1386730 744.5
1386740 747.0
1386750 749.4
1386760 749.4
1386770 752.7
1386780 754.3
1386790 754.3
1386800 754.9
1386810 752.8
1386820 752.8
1386830 751.0
1386840 749.9
1386850 749.9
1386860 749.8
1386870 749.8
1386880 749.8
1386890 751.0
1386900 755.8
1386910 755.8
1386920 760.7
1386930 762.0
1386940 762.0
1386950 761.0
1386960 762.6
1386970 762.6
1386980 764.1
1386990 763.4
1387000 762.2
1387010 762.2
1387020 759.3
1387030 756.8
1387040 756.8
1387050 754.5
1387060 751.3
1387070 751.3
1387080 748.4
1387090 746.4
1387100 746.4
1387110 745.2
1387120 745.0
1387130 745.0
1387140 746.1
1387150 747.5
1387160 747.5
1387170 747.7
1387180 751.1
1387190 751.1
1387200 755.8
1387210 760.9
1387220 760.9
1387230 765.7
1387240 769.9
1387250 769.9
1387260 776.1
1387270 783.8
1387280 783.8
1387290 793.2
1387300 804.4
1387310 804.4
1387320 814.2
1387330 820.2
1387340 820.2
1387350 826.9
1387360 833.6
1387370 833.6
1387380 838.5
1387390 841.2
1387400 841.2
