1380000 586.4
1380010 586.4
1380020 586.2
1380030 586.0
1380040 586.0
1380050 585.5
1380060 585.2
1380070 585.2
1380080 585.1
1380090 585.0
1380100 585.0
1380110 585.2
1380120 585.2
1380130 585.2
1380140 585.3
1380150 585.3
1380160 585.3
1380170 585.4
1380180 585.5
1380190 585.5
1380200 585.4
1380210 585.4
1380220 585.4
1380230 585.5
1380240 585.4
1380250 585.4
1380260 585.5
1380270 585.6
1380280 585.6
1380290 586.0
1380300 587.2
1380310 587.2
1380320 586.4
1380330 584.2
1380340 583.3
1380350 583.3
1380360 583.3
1380370 583.5
1380380 583.5
1380390 585.8
1380400 586.8
1380410 586.8
1380420 586.1
1380430 587.0
1380440 587.0
1380450 587.4
1380460 586.3
1380470 586.3
1380480 585.8
1380490 585.7
1380500 585.7
1380510 585.9
1380520 586.3
1380530 586.3
1380540 586.3
1380550 586.3
1380560 586.3
1380570 586.3
1380580 586.3
1380590 586.3
1380600 586.3
1380610 586.2
1380620 586.2
1380630 586.3
1380640 586.2
1380650 586.2
1380660 586.1
1380670 586.0
1380680 586.0
1380690 586.1
1380700 586.2
1380710 586.2
1380720 586.2
1380730 586.5
1380740 586.5
1380750 586.7
1380760 586.7
1380770 586.7
1380780 586.7
1380790 586.7
1380800 586.6
1380810 586.6
1380820 587.0
1380830 587.3
1380840 587.3
1380850 586.8
1380860 586.6
1380870 586.6
1380880 586.6
1380890 586.5
1380900 586.5
1380910 586.4
1380920 587.0
1380930 587.0
1380940 588.2
1380950 588.7
1380960 588.7
1380970 588.7
1380980 588.8
1380990 588.8
1381000 588.8
1381010 588.7
1381020 588.7
1381030 588.8
1381040 589.0
1381050 589.0
1381060 588.8
1381070 588.8
1381080 588.8
1381090 588.8
1381100 588.7
1381110 588.7
1381120 588.6
1381130 588.7
1381140 588.7
1381150 588.7
1381160 589.2
1381170 589.2
1381180 589.5
1381190 589.5
1381200 589.6
1381210 589.6
1381220 589.8
1381230 590.2
1381240 590.2
1381250 590.2
1381260 590.4
1381270 590.4
1381280 591.1
1381290 591.8
1381300 591.8
1381310 595.5
1381320 599.0
1381330 599.0
1381340 601.3
1381350 606.1
1381360 606.1
1381370 610.1
1381380 611.0
1381390 611.0
1381400 611.4
1381410 611.7
1381420 611.7
1381430 611.5
1381440 611.3
1381450 611.3
1381460 611.2
1381470 611.1
1381480 611.1
1381490 610.9
1381500 610.9
1381510 610.9
1381520 611.0
1381530 611.1
1381540 611.1
1381550 611.3
1381560 611.6
1381570 611.6
1381580 612.4
1381590 613.4
1381600 613.4
1381610 613.7
1381620 613.8
1381630 614.1
1381640 614.1
1381650 614.5
1381660 615.0
1381670 615.0
1381680 615.6
1381690 616.0
1381700 616.0
1381710 616.4
1381720 616.7
1381730 616.7
1381740 616.8
1381750 616.8
1381760 616.8
1381770 616.6
1381780 616.5
1381790 616.5
1381800 616.6
1381810 616.9
1381820 616.9
1381830 617.0
1381840 617.2
1381850 617.2
1381860 617.4
1381870 617.5
1381880 617.5
1381890 617.7
1381900 617.9
1381910 617.9
1381920 618.1
1381930 618.2
1381940 618.2
1381950 618.3
1381960 618.4
1381970 618.4
1381980 618.5
1381990 618.5
1382000 618.5
1382010 618.6
1382020 618.8
1382030 618.8
1382040 619.3
1382050 620.5
1382060 621.6
1382070 621.6
1382080 623.4
1382090 625.9
1382100 625.9
1382110 628.3
1382120 630.9
1382130 630.9
1382140 633.4
1382150 634.2
1382160 634.2
1382170 634.7
1382180 634.8
1382190 634.8
1382200 635.0
1382210 635.6
1382220 635.6
1382230 636.5
1382240 637.9
1382250 637.9
1382260 639.4
1382270 640.8
1382280 640.8
1382290 642.1
1382300 640.8
1382310 640.8
1382320 642.0
1382330 643.1
1382340 643.1
1382350 643.8
1382360 644.6
1382370 644.6
1382380 645.5
1382390 645.9
1382400 645.9
1382410 645.9
1382420 645.6
1382430 645.6
1382440 644.9
1382450 644.3
1382460 644.3
1382470 644.1
1382480 644.0
1382490 647.9
1382500 647.9
1382510 653.7
1382520 658.4
1382530 658.4
1382540 662.1
1382550 665.7
1382560 665.7
1382570 668.0
1382580 669.1
1382590 669.1
1382600 671.9
1382610 673.0
1382620 673.0
1382630 673.8
1382640 674.4
1382650 674.4
1382660 674.9
1382670 675.5
1382680 675.5
1382690 676.5
1382700 678.4
1382710 678.4
1382720 680.8
1382730 683.6
1382740 683.6
1382750 686.6
1382760 689.2
1382770 689.2
1382780 691.3
1382790 692.6
1382800 692.6
1382810 692.8
1382820 692.4
1382830 692.4
1382840 691.8
1382850 691.5
1382860 691.5
1382870 691.5
1382880 691.8
1382890 691.8
1382900 692.3
1382910 693.1
1382920 694.7
1382930 694.7
1382940 695.9
1382950 696.8
1382960 696.8
1382970 697.8
1382980 698.5
1382990 698.5
1383000 699.4
1383010 700.5
1383020 700.5
1383030 702.2
1383040 704.4
1383050 704.4
1383060 706.7
1383070 709.0
1383080 709.0
1383090 711.0
1383100 712.6
1383110 712.6
1383120 713.6
1383130 714.2
1383140 714.2
1383150 715.0
1383160 716.0
1383170 716.0
1383180 717.1
1383190 718.5
1383200 718.5
1383210 719.7
1383220 721.6
1383230 721.6
1383240 724.1
1383250 726.8
1383260 726.8
1383270 728.8
1383280 730.3
1383290 730.3
1383300 730.9
1383310 730.8
1383320 730.8
1383330 730.4
1383340 729.8
1383350 728.6
1383360 728.6
1383370 728.1
1383380 729.6
1383390 729.6
1383400 730.3
1383410 730.9
1383420 730.9
1383430 729.5
1383440 725.3
1383450 725.3
1383460 722.7
1383470 720.3
1383480 720.3
1383490 721.3
1383500 725.2
1383510 725.2
1383520 730.7
1383530 735.3
1383540 735.3
1383550 736.9
1383560 737.0
1383570 737.0
1383580 738.1
1383590 739.1
1383600 739.1
1383610 739.2
1383620 735.4
1383630 735.4
1383640 731.2
1383650 727.1
1383660 727.1
1383670 722.6
1383680 717.7
1383690 717.7
1383700 713.3
1383710 716.4
1383720 716.4
1383730 724.3
1383740 729.6
1383750 729.6
1383760 733.1
1383770 737.8
1383780 741.8
1383790 741.8
1383800 744.8
1383810 746.3
1383820 746.3
1383830 746.9
1383840 747.3
1383850 747.3
1383860 747.9
1383870 749.4
1383880 749.4
1383890 751.5
1383900 754.0
1383910 754.0
1383920 757.0
1383930 760.2
1383940 760.2
1383950 764.2
1383960 768.5
1383970 768.5
1383980 773.1
1383990 777.7
1384000 777.7
1384010 781.3
1384020 782.2
1384030 782.2
1384040 781.4
1384050 780.4
1384060 780.4
1384070 779.7
1384080 779.7
1384090 779.7
1384100 780.5
1384110 782.1
1384120 782.1
1384130 783.7
1384140 785.3
1384150 785.3
1384160 786.7
1384170 787.7
1384180 787.7
1384190 787.6
1384200 787.1
1384210 786.2
1384220 786.2
1384230 785.0
1384240 783.8
1384250 783.8
1384260 782.5
1384270 781.4
1384280 781.4
1384290 780.6
1384300 780.0
1384310 780.0
1384320 779.8
1384330 779.9
1384340 779.9
1384350 779.8
1384360 779.5
1384370 779.5
1384380 778.9
1384390 778.2
1384400 778.2
1384410 777.4
1384420 776.7
1384430 776.7
1384440 776.2
1384450 775.4
1384460 775.4
1384470 774.6
1384480 773.8
1384490 773.8
1384500 772.6
1384510 771.3
1384520 771.3
1384530 769.8
1384540 768.1
1384550 768.1
1384560 766.2
1384570 764.2
1384580 764.2
1384590 762.2
1384600 760.9
1384610 760.9
1384620 760.5
1384630 760.3
1384640 759.5
1384650 759.5
1384660 757.8
1384670 756.2
1384680 756.2
1384690 755.6
1384700 755.3
1384710 755.3
1384720 755.0
1384730 754.8
1384740 754.8
1384750 754.7
1384760 755.0
1384770 755.0
1384780 755.3
1384790 755.3
1384800 755.3
1384810 754.9
1384820 754.3
1384830 754.3
1384840 752.4
1384850 751.8
1384860 751.8
1384870 751.4
1384880 750.7
1384890 750.7
1384900 750.3
1384910 750.0
1384920 750.0
1384930 749.8
1384940 749.6
1384950 749.6
1384960 749.3
1384970 748.8
1384980 748.8
1384990 748.4
1385000 748.0
1385010 748.0
1385020 747.6
1385030 747.5
1385040 747.5
1385050 747.0
1385060 746.4
1385070 745.6
1385080 745.6
1385090 744.8
1385100 743.8
1385110 743.8
1385120 742.6
1385130 742.1
1385140 742.1
1385150 741.8
1385160 741.5
1385170 741.5
1385180 741.7
1385190 742.2
1385200 742.2
1385210 742.5
1385220 742.8
1385230 742.8
1385240 742.8
1385250 742.4
1385260 742.4
1385270 741.9
1385280 741.2
1385290 741.2
1385300 740.3
1385310 739.3
1385320 739.3
1385330 738.3
1385340 737.6
1385350 737.6
1385360 736.6
1385370 735.5
1385380 735.5
1385390 734.5
1385400 733.2
1385410 733.2
1385420 731.6
1385430 730.0
1385440 730.0
1385450 728.3
1385460 726.8
1385470 726.8
1385480 725.5
1385490 724.5
1385500 723.6
1385510 723.6
1385520 722.9
1385530 722.1
1385540 722.1
1385550 721.0
1385560 719.9
1385570 719.9
1385580 718.7
1385590 717.8
1385600 717.8
1385610 717.0
1385620 716.1
1385630 716.1
1385640 715.0
1385650 713.4
1385660 713.4
1385670 711.6
1385680 709.8
1385690 709.8
1385700 708.3
1385710 706.7
1385720 706.7
1385730 705.0
1385740 703.6
1385750 703.6
1385760 702.4
1385770 701.3
1385780 701.3
1385790 700.2
1385800 699.1
1385810 699.1
1385820 698.3
1385830 697.1
1385840 697.1
1385850 695.7
1385860 694.4
1385870 694.4
1385880 693.2
1385890 691.7
1385900 691.7
1385910 689.4
1385920 686.7
1385930 683.5
1385940 683.5
1385950 681.4
1385960 680.4
1385970 680.4
1385980 679.1
1385990 677.8
1386000 677.8
1386010 676.8
1386020 675.8
1386030 675.8
1386040 676.4
1386050 677.3
1386060 677.3
1386070 676.5
1386080 675.8
1386090 675.8
1386100 675.5
1386110 674.9
1386120 674.9
1386130 674.7
1386140 674.1
1386150 674.1
1386160 674.4
1386170 675.2
1386180 675.2
1386190 676.0
1386200 675.7
1386210 675.7
1386220 675.2
1386230 674.6
1386240 674.6
1386250 674.0
1386260 673.4
1386270 673.4
1386280 672.9
1386290 672.1
1386300 672.1
1386310 669.3
1386320 666.1
1386330 666.1
1386340 662.5
1386350 663.1
1386360 668.4
1386370 668.4
1386380 671.1
1386390 668.8
1386400 668.8
1386410 664.6
1386420 661.2
1386430 661.2
1386440 657.1
1386450 656.1
1386460 656.1
1386470 656.5
1386480 656.7
1386490 656.7
1386500 656.7
1380000 586.4
1380010 586.4
1380020 586.2
1380030 586.0
1380040 586.0
1380050 585.5
1380060 585.2
1380070 585.2
1380080 585.1
1380090 585.0
1380100 585.0
1380110 585.2
1380120 585.2
1380130 585.2
1380140 585.3
1380150 585.3
1380160 585.3
1380170 585.4
1380180 585.5
1380190 585.5
1380200 585.4
1380210 585.4
1380220 585.4
1380230 585.5
1380240 585.4
1380250 585.4
1380260 585.5
1380270 585.6
1380280 585.6
1380290 586.0
1380300 587.2
1380310 587.2
1380320 586.4
1380330 584.2
1380340 583.3
1380350 583.3
1380360 583.3
1380370 583.5
1380380 583.5
1380390 585.8
1380400 586.8
1380410 586.8
1380420 586.1
1380430 587.0
1380440 587.0
1380450 587.4
1380460 586.3
1380470 586.3
1380480 585.8
1380490 585.7
1380500 585.7
1380510 585.9
1380520 586.3
1380530 586.3
1380540 586.3
1380550 586.3
1380560 586.3
1380570 586.3
1380580 586.3
1380590 586.3
1380600 586.3
1380610 586.2
1380620 586.2
1380630 586.3
1380640 586.2
1380650 586.2
1380660 586.1
1380670 586.0
1380680 586.0
1380690 586.1
1380700 586.2
1380710 586.2
1380720 586.2
1380730 586.5
1380740 586.5
1380750 586.7
1380760 586.7
1380770 586.7
1380780 586.7
1380790 586.7
1380800 586.6
1380810 586.6
1380820 587.0
1380830 587.3
1380840 587.3
1380850 586.8
1380860 586.6
1380870 586.6
1380880 586.6
1380890 586.5
1380900 586.5
1380910 586.4
1380920 587.0
1380930 587.0
1380940 588.2
1380950 588.7
1380960 588.7
1380970 588.7
1380980 588.8
1380990 588.8
1381000 588.8
1381010 588.7
1381020 588.7
1381030 588.8
1381040 589.0
1381050 589.0
1381060 588.8
1381070 588.8
1381080 588.8
1381090 588.8
1381100 588.7
1381110 588.7
1381120 588.6
1381130 588.7
1381140 588.7
1381150 588.7
1381160 589.2
1381170 589.2
1381180 589.5
1381190 589.5
1381200 589.6
1381210 589.6
1381220 589.8
1381230 590.2
1381240 590.2
1381250 590.2
1381260 590.4
1381270 590.4
1381280 591.1
1381290 591.8
1381300 591.8
1381310 595.5
1381320 599.0
1381330 599.0
1381340 601.3
1381350 606.1
1381360 606.1
1381370 610.1
1381380 611.0
1381390 611.0
1381400 611.4
1381410 611.7
1381420 611.7
1381430 611.5
1381440 611.3
1381450 611.3
1381460 611.2
1381470 611.1
1381480 611.1
1381490 610.9
1381500 610.9
1381510 610.9
1381520 611.0
1381530 611.1
1381540 611.1
1381550 611.3
1381560 611.6
1381570 611.6
1381580 612.4
1381590 613.4
1381600 613.4
1381610 613.7
1381620 613.8
1381630 614.1
1381640 614.1
1381650 614.5
1381660 615.0
1381670 615.0
1381680 615.6
1381690 616.0
1381700 616.0
1381710 616.4
1381720 616.7
1381730 616.7
1381740 616.8
1381750 616.8
1381760 616.8
1381770 616.6
1381780 616.5
1381790 616.5
1381800 616.6
1381810 616.9
1381820 616.9
1381830 617.0
1381840 617.2
1381850 617.2
1381860 617.4
1381870 617.5
1381880 617.5
1381890 617.7
1381900 617.9
1381910 617.9
1381920 618.1
1381930 618.2
1381940 618.2
1381950 618.3
1381960 618.4
1381970 618.4
1381980 618.5
1381990 618.5
1382000 618.5
1382010 618.6
1382020 618.8
1382030 618.8
1382040 619.3
1382050 620.5
1382060 621.6
1382070 621.6
1382080 623.4
1382090 625.9
1382100 625.9
1382110 628.3
1382120 630.9
1382130 630.9
1382140 633.4
1382150 634.2
1382160 634.2
1382170 634.7
1382180 634.8
1382190 634.8
1382200 635.0
1382210 635.6
1382220 635.6
1382230 636.5
1382240 637.9
1382250 637.9
1382260 639.4
1382270 640.8
1382280 640.8
1382290 642.1
1382300 640.8
1382310 640.8
1382320 642.0
1382330 643.1
1382340 643.1
1382350 643.8
1382360 644.6
1382370 644.6
1382380 645.5
1382390 645.9
1382400 645.9
1382410 645.9
1382420 645.6
1382430 645.6
1382440 644.9
1382450 644.3
1382460 644.3
1382470 644.1
1382480 644.0
1382490 647.9
1382500 647.9
1382510 653.7
1382520 658.4
1382530 658.4
1382540 662.1
1382550 665.7
1382560 665.7
1382570 668.0
1382580 669.1
1382590 669.1
1382600 671.9
1382610 673.0
1382620 673.0
1382630 673.8
1382640 674.4
1382650 674.4
1382660 674.9
1382670 675.5
1382680 675.5
1382690 676.5
1382700 678.4
1382710 678.4
1382720 680.8
1382730 683.6
1382740 683.6
1382750 686.6
1382760 689.2
1382770 689.2
1382780 691.3
1382790 692.6
1382800 692.6
1382810 692.8
1382820 692.4
1382830 692.4
1382840 691.8
1382850 691.5
1382860 691.5
1382870 691.5
1382880 691.8
1382890 691.8
1382900 692.3
1382910 693.1
1382920 694.7
1382930 694.7
1382940 695.9
1382950 696.8
1382960 696.8
1382970 697.8
1382980 698.5
1382990 698.5
1383000 699.4
1383010 700.5
1383020 700.5
1383030 702.2
1383040 704.4
1383050 704.4
1383060 706.7
1383070 709.0
1383080 709.0
1383090 711.0
1383100 712.6
1383110 712.6
1383120 713.6
1383130 714.2
1383140 714.2
1383150 715.0
1383160 716.0
1383170 716.0
1383180 717.1
1383190 718.5
1383200 718.5
1383210 719.7
1383220 721.6
1383230 721.6
1383240 724.1
1383250 726.8
1383260 726.8
1383270 728.8
1383280 730.3
1383290 730.3
1383300 730.9
1383310 730.8
1383320 730.8
1383330 730.4
1383340 729.8
1383350 728.6
1383360 728.6
1383370 728.1
1383380 729.6
1383390 729.6
1383400 730.3
1383410 730.9
1383420 730.9
1383430 729.5
1383440 725.3
1383450 725.3
1383460 722.7
1383470 720.3
1383480 720.3
1383490 721.3
1383500 725.2
1383510 725.2
1383520 730.7
1383530 735.3
1383540 735.3
1383550 736.9
1383560 737.0
1383570 737.0
1383580 738.1
1383590 739.1
1383600 739.1
1383610 739.2
1383620 735.4
1383630 735.4
1383640 731.2
1383650 727.1
1383660 727.1
1383670 722.6
1383680 717.7
1383690 717.7
1383700 713.3
1383710 716.4
1383720 716.4
1383730 724.3
1383740 729.6
1383750 729.6
1383760 733.1
1383770 737.8
1383780 741.8
1383790 741.8
1383800 744.8
1383810 746.3
1383820 746.3
1383830 746.9
1383840 747.3
1383850 747.3
1383860 747.9
1383870 749.4
1383880 749.4
1383890 751.5
1383900 754.0
1383910 754.0
1383920 757.0
1383930 760.2
1383940 760.2
1383950 764.2
1383960 768.5
1383970 768.5
1383980 773.1
1383990 777.7
1384000 777.7
1384010 781.3
1384020 782.2
1384030 782.2
1384040 781.4
1384050 780.4
1384060 780.4
1384070 779.7
1384080 779.7
1384090 779.7
1384100 780.5
1384110 782.1
1384120 782.1
1384130 783.7
1384140 785.3
1384150 785.3
1384160 786.7
1384170 787.7
1384180 787.7
1384190 787.6
1384200 787.1
1384210 786.2
1384220 786.2
1384230 785.0
1384240 783.8
1384250 783.8
1384260 782.5
1384270 781.4
1384280 781.4
1384290 780.6
1384300 780.0
1384310 780.0
1384320 779.8
1384330 779.9
1384340 779.9
1384350 779.8
1384360 779.5
1384370 779.5
1384380 778.9
1384390 778.2
1384400 778.2
1384410 777.4
1384420 776.7
1384430 776.7
1384440 776.2
1384450 775.4
1384460 775.4
1384470 774.6
1384480 773.8
1384490 773.8
1384500 772.6
1384510 771.3
1384520 771.3
1384530 769.8
1384540 768.1
1384550 768.1
1384560 766.2
1384570 764.2
1384580 764.2
1384590 762.2
1384600 760.9
1384610 760.9
1384620 760.5
1384630 760.3
1384640 759.5
1384650 759.5
1384660 757.8
1384670 756.2
1384680 756.2
1384690 755.6
1384700 755.3
1384710 755.3
1384720 755.0
1384730 754.8
1384740 754.8
1384750 754.7
1384760 755.0
1384770 755.0
1384780 755.3
1384790 755.3
1384800 755.3
1384810 754.9
1384820 754.3
1384830 754.3
1384840 752.4
1384850 751.8
1384860 751.8
1384870 751.4
1384880 750.7
1384890 750.7
1384900 750.3
1384910 750.0
1384920 750.0
1384930 749.8
1384940 749.6
1384950 749.6
1384960 749.3
1384970 748.8
1384980 748.8
1384990 748.4
1385000 748.0
1385010 748.0
1385020 747.6
1385030 747.5
1385040 747.5
1385050 747.0
1385060 746.4
1385070 745.6
1385080 745.6
1385090 744.8
1385100 743.8
1385110 743.8
1385120 742.6
1385130 742.1
1385140 742.1
1385150 741.8
1385160 741.5
1385170 741.5
1385180 741.7
1385190 742.2
1385200 742.2
1385210 742.5
1385220 742.8
1385230 742.8
1385240 742.8
1385250 742.4
1385260 742.4
1385270 741.9
1385280 741.2
1385290 741.2
1385300 740.3
1385310 739.3
1385320 739.3
1385330 738.3
1385340 737.6
1385350 737.6
1385360 736.6
1385370 735.5
1385380 735.5
1385390 734.5
1385400 733.2
1385410 733.2
1385420 731.6
1385430 730.0
1385440 730.0
1385450 728.3
1385460 726.8
1385470 726.8
1385480 725.5
1385490 724.5
1385500 723.6
1385510 723.6
1385520 722.9
1385530 722.1
1385540 722.1
1385550 721.0
1385560 719.9
1385570 719.9
1385580 718.7
1385590 717.8
1385600 717.8
1385610 717.0
1385620 716.1
1385630 716.1
1385640 715.0
1385650 713.4
1385660 713.4
1385670 711.6
1385680 709.8
1385690 709.8
1385700 708.3
1385710 706.7
1385720 706.7
1385730 705.0
1385740 703.6
1385750 703.6
1385760 702.4
1385770 701.3
1385780 701.3
1385790 700.2
1385800 699.1
1385810 699.1
1385820 698.3
1385830 697.1
1385840 697.1
1385850 695.7
1385860 694.4
1385870 694.4
1385880 693.2
1385890 691.7
1385900 691.7
1385910 689.4
1385920 686.7
1385930 683.5
1385940 683.5
1385950 681.4
1385960 680.4
1385970 680.4
1385980 679.1
1385990 677.8
1386000 677.8
1386010 676.8
1386020 675.8
1386030 675.8
1386040 676.4
1386050 677.3
1386060 677.3
1386070 676.5
1386080 675.8
1386090 675.8
1386100 675.5
1386110 674.9
1386120 674.9
1386130 674.7
1386140 674.1
1386150 674.1
1386160 674.4
1386170 675.2
1386180 675.2
1386190 676.0
1386200 675.7
1386210 675.7
1386220 675.2
1386230 674.6
1386240 674.6
1386250 674.0
1386260 673.4
1386270 673.4
1386280 672.9
1386290 672.1
1386300 672.1
1386310 669.3
1386320 666.1
1386330 666.1
1386340 662.5
1386350 663.1
1386360 668.4
1386370 668.4
1386380 671.1
1386390 668.8
1386400 668.8
1386410 664.6
1386420 661.2
1386430 661.2
1386440 657.1
1386450 656.1
1386460 656.1
1386470 656.5
1386480 656.7
1386490 656.7
1386500 656.7
1380000 586.4
1380010 586.4
1380020 586.2
1380030 586.0
1380040 586.0
1380050 585.5
1380060 585.2
1380070 585.2
1380080 585.1
1380090 585.0
1380100 585.0
1380110 585.2
1380120 585.2
1380130 585.2
1380140 585.3
1380150 585.3
1380160 585.3
1380170 585.4
1380180 585.5
1380190 585.5
1380200 585.4
1380210 585.4
1380220 585.4
1380230 585.5
1380240 585.4
1380250 585.4
1380260 585.5
1380270 585.6
1380280 585.6
1380290 586.0
1380300 587.2
1380310 587.2
1380320 586.4
1380330 584.2
1380340 583.3
1380350 583.3
1380360 583.3
1380370 583.5
1380380 583.5
1380390 585.8
1380400 586.8
1380410 586.8
1380420 586.1
1380430 587.0
1380440 587.0
1380450 587.4
1380460 586.3
1380470 586.3
1380480 585.8
1380490 585.7
1380500 585.7
1380510 585.9
1380520 586.3
1380530 586.3
1380540 586.3
1380550 586.3
1380560 586.3
1380570 586.3
1380580 586.3
1380590 586.3
1380600 586.3
1380610 586.2
1380620 586.2
1380630 586.3
1380640 586.2
1380650 586.2
1380660 586.1
1380670 586.0
1380680 586.0
1380690 586.1
1380700 586.2
1380710 586.2
1380720 586.2
1380730 586.5
1380740 586.5
1380750 586.7
1380760 586.7
1380770 586.7
1380780 586.7
1380790 586.7
1380800 586.6
1380810 586.6
1380820 587.0
1380830 587.3
1380840 587.3
1380850 586.8
1380860 586.6
1380870 586.6
1380880 586.6
1380890 586.5
1380900 586.5
1380910 586.4
1380920 587.0
1380930 587.0
1380940 588.2
1380950 588.7
1380960 588.7
1380970 588.7
1380980 588.8
1380990 588.8
1381000 588.8
1381010 588.7
1381020 588.7
1381030 588.8
1381040 589.0
1381050 589.0
1381060 588.8
1381070 588.8
1381080 588.8
1381090 588.8
1381100 588.7
1381110 588.7
1381120 588.6
1381130 588.7
1381140 588.7
1381150 588.7
1381160 589.2
1381170 589.2
1381180 589.5
1381190 589.5
1381200 589.6
1381210 589.6
1381220 589.8
1381230 590.2
1381240 590.2
1381250 590.2
1381260 590.4
1381270 590.4
1381280 591.1
1381290 591.8
1381300 591.8
1381310 595.5
1381320 599.0
1381330 599.0
1381340 601.3
1381350 606.1
1381360 606.1
1381370 610.1
1381380 611.0
1381390 611.0
1381400 611.4
1381410 611.7
1381420 611.7
1381430 611.5
1381440 611.3
1381450 611.3
1381460 611.2
1381470 611.1
1381480 611.1
1381490 610.9
1381500 610.9
1381510 610.9
1381520 611.0
1381530 611.1
1381540 611.1
1381550 611.3
1381560 611.6
1381570 611.6
1381580 612.4
1381590 613.4
1381600 613.4
1381610 613.7
1381620 613.8
1381630 614.1
1381640 614.1
1381650 614.5
1381660 615.0
1381670 615.0
1381680 615.6
1381690 616.0
1381700 616.0
1381710 616.4
1381720 616.7
1381730 616.7
1381740 616.8
1381750 616.8
1381760 616.8
1381770 616.6
1381780 616.5
1381790 616.5
1381800 616.6
1381810 616.9
1381820 616.9
1381830 617.0
1381840 617.2
1381850 617.2
1381860 617.4
1381870 617.5
1381880 617.5
1381890 617.7
1381900 617.9
1381910 617.9
1381920 618.1
1381930 618.2
1381940 618.2
1381950 618.3
1381960 618.4
1381970 618.4
1381980 618.5
1381990 618.5
1382000 618.5
1382010 618.6
1382020 618.8
1382030 618.8
1382040 619.3
1382050 620.5
1382060 621.6
1382070 621.6
1382080 623.4
1382090 625.9
1382100 625.9
1382110 628.3
1382120 630.9
1382130 630.9
1382140 633.4
1382150 634.2
1382160 634.2
1382170 634.7
1382180 634.8
1382190 634.8
1382200 635.0
1382210 635.6
1382220 635.6
1382230 636.5
1382240 637.9
1382250 637.9
1382260 639.4
1382270 640.8
1382280 640.8
1382290 642.1
1382300 640.8
1382310 640.8
1382320 642.0
1382330 643.1
1382340 643.1
1382350 643.8
1382360 644.6
1382370 644.6
1382380 645.5
1382390 645.9
1382400 645.9
1382410 645.9
1382420 645.6
1382430 645.6
1382440 644.9
1382450 644.3
1382460 644.3
1382470 644.1
1382480 644.0
1382490 647.9
1382500 647.9
1382510 653.7
1382520 658.4
1382530 658.4
1382540 662.1
1382550 665.7
1382560 665.7
1382570 668.0
1382580 669.1
1382590 669.1
1382600 671.9
1382610 673.0
1382620 673.0
1382630 673.8
1382640 674.4
1382650 674.4
1382660 674.9
1382670 675.5
1382680 675.5
1382690 676.5
1382700 678.4
1382710 678.4
1382720 680.8
1382730 683.6
1382740 683.6
1382750 686.6
1382760 689.2
1382770 689.2
1382780 691.3
1382790 692.6
1382800 692.6
1382810 692.8
1382820 692.4
1382830 692.4
1382840 691.8
1382850 691.5
1382860 691.5
1382870 691.5
1382880 691.8
1382890 691.8
1382900 692.3
1382910 693.1
1382920 694.7
1382930 694.7
1382940 695.9
1382950 696.8
1382960 696.8
1382970 697.8
1382980 698.5
1382990 698.5
1383000 699.4
1383010 700.5
1383020 700.5
1383030 702.2
1383040 704.4
1383050 704.4
1383060 706.7
1383070 709.0
1383080 709.0
1383090 711.0
1383100 712.6
1383110 712.6
1383120 713.6
1383130 714.2
1383140 714.2
1383150 715.0
1383160 716.0
1383170 716.0
1383180 717.1
1383190 718.5
1383200 718.5
1383210 719.7
1383220 721.6
1383230 721.6
1383240 724.1
1383250 726.8
1383260 726.8
1383270 728.8
1383280 730.3
1383290 730.3
1383300 730.9
1383310 730.8
1383320 730.8
1383330 730.4
1383340 729.8
1383350 728.6
1383360 728.6
1383370 728.1
1383380 729.6
1383390 729.6
1383400 730.3
1383410 730.9
1383420 730.9
1383430 729.5
1383440 725.3
1383450 725.3
1383460 722.7
1383470 720.3
1383480 720.3
1383490 721.3
1383500 725.2
1383510 725.2
1383520 730.7
1383530 735.3
1383540 735.3
1383550 736.9
1383560 737.0
1383570 737.0
1383580 738.1
1383590 739.1
1383600 739.1
1383610 739.2
1383620 735.4
1383630 735.4
1383640 731.2
1383650 727.1
1383660 727.1
1383670 722.6
1383680 717.7
1383690 717.7
1383700 713.3
1383710 716.4
1383720 716.4
1383730 724.3
1383740 729.6
1383750 729.6
1383760 733.1
1383770 737.8
1383780 741.8
1383790 741.8
1383800 744.8
1383810 746.3
1383820 746.3
1383830 746.9
1383840 747.3
1383850 747.3
1383860 747.9
1383870 749.4
1383880 749.4
1383890 751.5
1383900 754.0
1383910 754.0
1383920 757.0
1383930 760.2
1383940 760.2
1383950 764.2
1383960 768.5
1383970 768.5
1383980 773.1
1383990 777.7
1384000 777.7
1384010 781.3
1384020 782.2
1384030 782.2
1384040 781.4
1384050 780.4
1384060 780.4
1384070 779.7
1384080 779.7
1384090 779.7
1384100 780.5
1384110 782.1
1384120 782.1
1384130 783.7
1384140 785.3
1384150 785.3
1384160 786.7
1384170 787.7
1384180 787.7
1384190 787.6
1384200 787.1
1384210 786.2
1384220 786.2
1384230 785.0
1384240 783.8
1384250 783.8
1384260 782.5
1384270 781.4
1384280 781.4
1384290 780.6
1384300 780.0
1384310 780.0
1384320 779.8
1384330 779.9
1384340 779.9
1384350 779.8
1384360 779.5
1384370 779.5
1384380 778.9
1384390 778.2
1384400 778.2
1384410 777.4
1384420 776.7
1384430 776.7
1384440 776.2
1384450 775.4
1384460 775.4
1384470 774.6
1384480 773.8
1384490 773.8
1384500 772.6
1384510 771.3
1384520 771.3
1384530 769.8
1384540 768.1
1384550 768.1
1384560 766.2
1384570 764.2
1384580 764.2
1384590 762.2
1384600 760.9
1384610 760.9
1384620 760.5
1384630 760.3
1384640 759.5
1384650 759.5
1384660 757.8
1384670 756.2
1384680 756.2
1384690 755.6
1384700 755.3
1384710 755.3
1384720 755.0
1384730 754.8
1384740 754.8
1384750 754.7
1384760 755.0
1384770 755.0
1384780 755.3
1384790 755.3
1384800 755.3
1384810 754.9
1384820 754.3
1384830 754.3
1384840 752.4
1384850 751.8
1384860 751.8
1384870 751.4
1384880 750.7
1384890 750.7
1384900 750.3
1384910 750.0
1384920 750.0
1384930 749.8
1384940 749.6
1384950 749.6
1384960 749.3
1384970 748.8
1384980 748.8
1384990 748.4
1385000 748.0
1385010 748.0
1385020 747.6
1385030 747.5
1385040 747.5
1385050 747.0
1385060 746.4
1385070 745.6
1385080 745.6
1385090 744.8
1385100 743.8
1385110 743.8
1385120 742.6
1385130 742.1
1385140 742.1
1385150 741.8
1385160 741.5
1385170 741.5
1385180 741.7
1385190 742.2
1385200 742.2
1385210 742.5
1385220 742.8
1385230 742.8
1385240 742.8
1385250 742.4
1385260 742.4
1385270 741.9
1385280 741.2
1385290 741.2
1385300 740.3
1385310 739.3
1385320 739.3
1385330 738.3
1385340 737.6
1385350 737.6
1385360 736.6
1385370 735.5
1385380 735.5
1385390 734.5
1385400 733.2
1385410 733.2
1385420 731.6
1385430 730.0
1385440 730.0
1385450 728.3
1385460 726.8
1385470 726.8
1385480 725.5
1385490 724.5
1385500 723.6
1385510 723.6
1385520 722.9
1385530 722.1
1385540 722.1
1385550 721.0
1385560 719.9
1385570 719.9
1385580 718.7
1385590 717.8
1385600 717.8
1385610 717.0
1385620 716.1
1385630 716.1
1385640 715.0
1385650 713.4
1385660 713.4
1385670 711.6
1385680 709.8
1385690 709.8
1385700 708.3
1385710 706.7
1385720 706.7
1385730 705.0
1385740 703.6
1385750 703.6
1385760 702.4
1385770 701.3
1385780 701.3
1385790 700.2
1385800 699.1
1385810 699.1
1385820 698.3
1385830 697.1
1385840 697.1
1385850 695.7
1385860 694.4
1385870 694.4
1385880 693.2
1385890 691.7
1385900 691.7
1385910 689.4
1385920 686.7
1385930 683.5
1385940 683.5
1385950 681.4
1385960 680.4
1385970 680.4
1385980 679.1
1385990 677.8
1386000 677.8
1386010 676.8
1386020 675.8
1386030 675.8
1386040 676.4
1386050 677.3
1386060 677.3
1386070 676.5
1386080 675.8
1386090 675.8
1386100 675.5
1386110 674.9
1386120 674.9
1386130 674.7
1386140 674.1
1386150 674.1
1386160 674.4
1386170 675.2
1386180 675.2
1386190 676.0
1386200 675.7
1386210 675.7
1386220 675.2
1386230 674.6
1386240 674.6
1386250 674.0
1386260 673.4
1386270 673.4
1386280 672.9
1386290 672.1
1386300 672.1
1386310 669.3
1386320 666.1
1386330 666.1
1386340 662.5
1386350 663.1
1386360 668.4
1386370 668.4
1386380 671.1
1386390 668.8
1386400 668.8
1386410 664.6
1386420 661.2
1386430 661.2
1386440 657.1
1386450 656.1
1386460 656.1
1386470 656.5
1386480 656.7
1386490 656.7
1386500 656.7
1380000 586.4
1380010 586.4
1380020 586.2
1380030 586.0
1380040 586.0
1380050 585.5
1380060 585.2
1380070 585.2
1380080 585.1
1380090 585.0
1380100 585.0
1380110 585.2
1380120 585.2
1380130 585.2
1380140 585.3
1380150 585.3
1380160 585.3
1380170 585.4
1380180 585.5
1380190 585.5
1380200 585.4
1380210 585.4
1380220 585.4
1380230 585.5
1380240 585.4
1380250 585.4
1380260 585.5
1380270 585.6
1380280 585.6
1380290 586.0
1380300 587.2
1380310 587.2
1380320 586.4
1380330 584.2
1380340 583.3
1380350 583.3
1380360 583.3
1380370 583.5
1380380 583.5
1380390 585.8
1380400 586.8
1380410 586.8
1380420 586.1
1380430 587.0
1380440 587.0
1380450 587.4
1380460 586.3
1380470 586.3
1380480 585.8
1380490 585.7
1380500 585.7
1380510 585.9
1380520 586.3
1380530 586.3
1380540 586.3
1380550 586.3
1380560 586.3
1380570 586.3
1380580 586.3
1380590 586.3
1380600 586.3
1380610 586.2
1380620 586.2
1380630 586.3
1380640 586.2
1380650 586.2
1380660 586.1
1380670 586.0
1380680 586.0
1380690 586.1
1380700 586.2
1380710 586.2
1380720 586.2
1380730 586.5
1380740 586.5
1380750 586.7
1380760 586.7
1380770 586.7
1380780 586.7
1380790 586.7
1380800 586.6
1380810 586.6
1380820 587.0
1380830 587.3
1380840 587.3
1380850 586.8
1380860 586.6
1380870 586.6
1380880 586.6
1380890 586.5
1380900 586.5
1380910 586.4
1380920 587.0
1380930 587.0
1380940 588.2
1380950 588.7
1380960 588.7
1380970 588.7
1380980 588.8
1380990 588.8
1381000 588.8
1381010 588.7
1381020 588.7
1381030 588.8
1381040 589.0
1381050 589.0
1381060 588.8
1381070 588.8
1381080 588.8
1381090 588.8
1381100 588.7
1381110 588.7
1381120 588.6
1381130 588.7
1381140 588.7
1381150 588.7
1381160 589.2
1381170 589.2
1381180 589.5
1381190 589.5
1381200 589.6
1381210 589.6
1381220 589.8
1381230 590.2
1381240 590.2
1381250 590.2
1381260 590.4
1381270 590.4
1381280 591.1
1381290 591.8
1381300 591.8
1381310 595.5
1381320 599.0
1381330 599.0
1381340 601.3
1381350 606.1
1381360 606.1
1381370 610.1
1381380 611.0
1381390 611.0
1381400 611.4
1381410 611.7
1381420 611.7
1381430 611.5
1381440 611.3
1381450 611.3
1381460 611.2
1381470 611.1
1381480 611.1
1381490 610.9
1381500 610.9
1381510 610.9
1381520 611.0
1381530 611.1
1381540 611.1
1381550 611.3
1381560 611.6
1381570 611.6
1381580 612.4
1381590 613.4
1381600 613.4
1381610 613.7
1381620 613.8
1381630 614.1
1381640 614.1
1381650 614.5
1381660 615.0
1381670 615.0
1381680 615.6
1381690 616.0
1381700 616.0
1381710 616.4
1381720 616.7
1381730 616.7
1381740 616.8
1381750 616.8
1381760 616.8
1381770 616.6
1381780 616.5
1381790 616.5
1381800 616.6
1381810 616.9
1381820 616.9
1381830 617.0
1381840 617.2
1381850 617.2
1381860 617.4
1381870 617.5
1381880 617.5
1381890 617.7
1381900 617.9
1381910 617.9
1381920 618.1
1381930 618.2
1381940 618.2
1381950 618.3
1381960 618.4
1381970 618.4
1381980 618.5
1381990 618.5
1382000 618.5
1382010 618.6
1382020 618.8
1382030 618.8
1382040 619.3
1382050 620.5
1382060 621.6
1382070 621.6
1382080 623.4
1382090 625.9
1382100 625.9
1382110 628.3
1382120 630.9
1382130 630.9
1382140 633.4
1382150 634.2
1382160 634.2
1382170 634.7
1382180 634.8
1382190 634.8
1382200 635.0
1382210 635.6
1382220 635.6
1382230 636.5
1382240 637.9
1382250 637.9
1382260 639.4
1382270 640.8
1382280 640.8
1382290 642.1
1382300 640.8
1382310 640.8
1382320 642.0
1382330 643.1
1382340 643.1
1382350 643.8
1382360 644.6
1382370 644.6
1382380 645.5
1382390 645.9
1382400 645.9
1382410 645.9
1382420 645.6
1382430 645.6
1382440 644.9
1382450 644.3
1382460 644.3
1382470 644.1
1382480 644.0
1382490 647.9
1382500 647.9
1382510 653.7
1382520 658.4
1382530 658.4
1382540 662.1
1382550 665.7
1382560 665.7
1382570 668.0
1382580 669.1
1382590 669.1
1382600 671.9
1382610 673.0
1382620 673.0
1382630 673.8
1382640 674.4
1382650 674.4
1382660 674.9
1382670 675.5
1382680 675.5
1382690 676.5
1382700 678.4
1382710 678.4
1382720 680.8
1382730 683.6
1382740 683.6
1382750 686.6
1382760 689.2
1382770 689.2
1382780 691.3
1382790 692.6
1382800 692.6
1382810 692.8
1382820 692.4
1382830 692.4
1382840 691.8
1382850 691.5
1382860 691.5
1382870 691.5
1382880 691.8
1382890 691.8
1382900 692.3
1382910 693.1
1382920 694.7
1382930 694.7
1382940 695.9
1382950 696.8
1382960 696.8
1382970 697.8
1382980 698.5
1382990 698.5
1383000 699.4
1383010 700.5
1383020 700.5
1383030 702.2
1383040 704.4
1383050 704.4
1383060 706.7
1383070 709.0
1383080 709.0
1383090 711.0
1383100 712.6
1383110 712.6
1383120 713.6
1383130 714.2
1383140 714.2
1383150 715.0
1383160 716.0
1383170 716.0
1383180 717.1
1383190 718.5
1383200 718.5
1383210 719.7
1383220 721.6
1383230 721.6
1383240 724.1
1383250 726.8
1383260 726.8
1383270 728.8
1383280 730.3
1383290 730.3
1383300 730.9
1383310 730.8
1383320 730.8
1383330 730.4
1383340 729.8
1383350 728.6
1383360 728.6
1383370 728.1
1383380 729.6
1383390 729.6
1383400 730.3
1383410 730.9
1383420 730.9
1383430 729.5
1383440 725.3
1383450 725.3
1383460 722.7
1383470 720.3
1383480 720.3
1383490 721.3
1383500 725.2
1383510 725.2
1383520 730.7
1383530 735.3
1383540 735.3
1383550 736.9
1383560 737.0
1383570 737.0
1383580 738.1
1383590 739.1
1383600 739.1
1383610 739.2
1383620 735.4
1383630 735.4
1383640 731.2
1383650 727.1
1383660 727.1
1383670 722.6
1383680 717.7
1383690 717.7
1383700 713.3
1383710 716.4
1383720 716.4
1383730 724.3
1383740 729.6
1383750 729.6
1383760 733.1
1383770 737.8
1383780 741.8
1383790 741.8
1383800 744.8
1383810 746.3
1383820 746.3
1383830 746.9
1383840 747.3
1383850 747.3
1383860 747.9
1383870 749.4
1383880 749.4
1383890 751.5
1383900 754.0
1383910 754.0
1383920 757.0
1383930 760.2
1383940 760.2
1383950 764.2
1383960 768.5
1383970 768.5
1383980 773.1
1383990 777.7
1384000 777.7
1384010 781.3
1384020 782.2
1384030 782.2
1384040 781.4
1384050 780.4
1384060 780.4
1384070 779.7
1384080 779.7
1384090 779.7
1384100 780.5
1384110 782.1
1384120 782.1
1384130 783.7
1384140 785.3
1384150 785.3
1384160 786.7
1384170 787.7
1384180 787.7
1384190 787.6
1384200 787.1
1384210 786.2
1384220 786.2
1384230 785.0
1384240 783.8
1384250 783.8
1384260 782.5
1384270 781.4
1384280 781.4
1384290 780.6
1384300 780.0
1384310 780.0
1384320 779.8
1384330 779.9
1384340 779.9
1384350 779.8
1384360 779.5
1384370 779.5
1384380 778.9
1384390 778.2
1384400 778.2
1384410 777.4
1384420 776.7
1384430 776.7
1384440 776.2
1384450 775.4
1384460 775.4
1384470 774.6
1384480 773.8
1384490 773.8
1384500 772.6
1384510 771.3
1384520 771.3
1384530 769.8
1384540 768.1
1384550 768.1
1384560 766.2
1384570 764.2
1384580 764.2
1384590 762.2
1384600 760.9
1384610 760.9
1384620 760.5
1384630 760.3
1384640 759.5
1384650 759.5
1384660 757.8
1384670 756.2
1384680 756.2
1384690 755.6
1384700 755.3
1384710 755.3
1384720 755.0
1384730 754.8
1384740 754.8
1384750 754.7
1384760 755.0
1384770 755.0
1384780 755.3
1384790 755.3
1384800 755.3
1384810 754.9
1384820 754.3
1384830 754.3
1384840 752.4
1384850 751.8
1384860 751.8
1384870 751.4
1384880 750.7
1384890 750.7
1384900 750.3
1384910 750.0
1384920 750.0
1384930 749.8
1384940 749.6
1384950 749.6
1384960 749.3
1384970 748.8
1384980 748.8
1384990 748.4
1385000 748.0
1385010 748.0
1385020 747.6
1385030 747.5
1385040 747.5
1385050 747.0
1385060 746.4
1385070 745.6
1385080 745.6
1385090 744.8
1385100 743.8
1385110 743.8
1385120 742.6
1385130 742.1
1385140 742.1
1385150 741.8
1385160 741.5
1385170 741.5
1385180 741.7
1385190 742.2
1385200 742.2
1385210 742.5
1385220 742.8
1385230 742.8
1385240 742.8
1385250 742.4
1385260 742.4
1385270 741.9
1385280 741.2
1385290 741.2
1385300 740.3
1385310 739.3
1385320 739.3
1385330 738.3
1385340 737.6
1385350 737.6
1385360 736.6
1385370 735.5
1385380 735.5
1385390 734.5
1385400 733.2
1385410 733.2
1385420 731.6
1385430 730.0
1385440 730.0
1385450 728.3
1385460 726.8
1385470 726.8
1385480 725.5
1385490 724.5
1385500 723.6
1385510 723.6
1385520 722.9
1385530 722.1
1385540 722.1
1385550 721.0
1385560 719.9
1385570 719.9
1385580 718.7
1385590 717.8
1385600 717.8
1385610 717.0
1385620 716.1
1385630 716.1
1385640 715.0
1385650 713.4
1385660 713.4
1385670 711.6
1385680 709.8
1385690 709.8
1385700 708.3
1385710 706.7
1385720 706.7
1385730 705.0
1385740 703.6
1385750 703.6
1385760 702.4
1385770 701.3
1385780 701.3
1385790 700.2
1385800 699.1
1385810 699.1
1385820 698.3
1385830 697.1
1385840 697.1
1385850 695.7
1385860 694.4
1385870 694.4
1385880 693.2
1385890 691.7
1385900 691.7
1385910 689.4
1385920 686.7
1385930 683.5
1385940 683.5
1385950 681.4
1385960 680.4
1385970 680.4
1385980 679.1
1385990 677.8
1386000 677.8
1386010 676.8
1386020 675.8
1386030 675.8
1386040 676.4
1386050 677.3
1386060 677.3
1386070 676.5
1386080 675.8
1386090 675.8
1386100 675.5
1386110 674.9
1386120 674.9
1386130 674.7
1386140 674.1
1386150 674.1
1386160 674.4
1386170 675.2
1386180 675.2
1386190 676.0
1386200 675.7
1386210 675.7
1386220 675.2
1386230 674.6
1386240 674.6
1386250 674.0
1386260 673.4
1386270 673.4
1386280 672.9
1386290 672.1
1386300 672.1
1386310 669.3
1386320 666.1
1386330 666.1
1386340 662.5
1386350 663.1
1386360 668.4
1386370 668.4
1386380 671.1
1386390 668.8
1386400 668.8
1386410 664.6
1386420 661.2
1386430 661.2
1386440 657.1
1386450 656.1
1386460 656.1
1386470 656.5
1386480 656.7
1386490 656.7
1386500 656.7
