1380000 589.0
1380010 588.6
1380020 588.6
1380030 588.4
1380040 588.4
1380050 588.4
1380060 588.4
1380070 588.2
1380080 588.2
1380090 588.1
1380100 588.0
1380110 588.0
1380120 587.9
1380130 587.7
1380140 587.7
1380150 587.6
1380160 587.6
1380170 587.6
1380180 587.6
1380190 587.5
1380200 587.5
1380210 587.4
1380220 587.4
1380230 587.4
1380240 587.4
1380250 587.5
1380260 587.5
1380270 587.4
1380280 587.2
1380290 587.2
1380300 587.1
1380310 586.9
1380320 586.9
1380330 586.8
1380340 587.7
1380350 587.6
1380360 587.6
1380370 585.0
1380380 584.6
1380390 584.6
1380400 585.2
1380410 586.5
1380420 586.5
1380430 586.7
1380440 586.4
1380450 586.4
1380460 586.3
1380470 586.2
1380480 586.2
1380490 586.4
1380500 587.2
1380510 587.2
1380520 588.8
1380530 588.9
1380540 588.9
1380550 588.1
1380560 588.0
1380570 588.0
1380580 588.0
1380590 588.0
1380600 588.0
1380610 588.0
1380620 588.0
1380630 588.0
1380640 588.1
1380650 588.1
1380660 588.1
1380670 587.9
1380680 587.6
1380690 587.6
1380700 587.5
1380710 588.2
1380720 588.2
1380730 588.6
1380740 588.7
1380750 588.7
1380760 588.6
1380770 588.2
1380780 588.2
1380790 588.2
1380800 588.3
1380810 588.6
1380820 588.6
1380830 589.0
1380840 589.2
1380850 589.2
1380860 589.3
1380870 589.4
1380880 589.4
1380890 589.6
1380900 589.6
1380910 589.6
1380920 589.6
1380930 589.6
1380940 589.6
1380950 589.4
1380960 589.3
1380970 589.3
1380980 589.1
1380990 588.9
1381000 588.9
1381010 589.1
1381020 589.1
1381030 589.1
1381040 588.9
1381050 588.7
1381060 588.7
1381070 588.7
1381080 588.9
1381090 588.9
1381100 589.0
1381110 589.1
1381120 589.1
1381130 589.2
1381140 589.3
1381150 589.3
1381160 589.3
1381170 589.4
1381180 589.4
1381190 589.5
1381200 589.5
1381210 589.6
1381220 589.6
1381230 589.7
1381240 589.9
1381250 589.9
1381260 590.0
1381270 590.1
1381280 590.1
1381290 590.1
1381300 590.4
1381310 590.4
1381320 590.7
1381330 591.1
1381340 591.1
1381350 591.4
1381360 591.5
1381370 591.5
1381380 591.5
1381390 591.4
1381400 591.4
1381410 591.4
1381420 591.4
1381430 591.4
1381440 591.3
1381450 591.3
1381460 591.3
1381470 591.3
1381480 591.4
1381490 591.4
1381500 591.6
1381510 591.8
1381520 591.8
1381530 592.0
1381540 592.0
1381550 592.0
1381560 592.0
1381570 592.0
1381580 592.0
1381590 591.9
1381600 591.9
1381610 591.9
1381620 592.6
1381630 594.7
1381640 595.1
1381650 595.1
1381660 595.2
1381670 595.2
1381680 595.2
1381690 595.5
1381700 595.5
1381710 595.5
1381720 595.4
1381730 595.2
1381740 595.2
1381750 595.0
1381760 594.3
1381770 594.3
1381780 594.1
1381790 594.4
1381800 594.4
1381810 594.3
1381820 594.3
1381830 594.3
1381840 594.6
1381850 594.6
1381860 594.6
1381870 594.8
1381880 594.9
1381890 594.9
1381900 595.0
1381910 594.9
1381920 594.9
1381930 594.8
1381940 594.8
1381950 594.8
1381960 594.6
1381970 594.3
1381980 594.3
1381990 594.6
1382000 594.9
1382010 594.9
1382020 594.8
1382030 594.8
1382040 594.8
1382050 596.3
1382060 599.4
1382070 603.7
1382080 603.7
1382090 606.5
1382100 607.3
1382110 607.3
1382120 608.1
1382130 609.2
1382140 609.2
1382150 610.2
1382160 610.8
1382170 610.8
1382180 611.5
1382190 612.6
1382200 612.6
1382210 613.6
1382220 614.6
1382230 614.6
1382240 615.1
1382250 616.0
1382260 616.0
1382270 616.8
1382280 617.1
1382290 617.1
1382300 617.5
1382310 617.6
1382320 617.6
1382330 617.4
1382340 617.1
1382350 617.1
1382360 617.0
1382370 617.0
1382380 617.0
1382390 617.1
1382400 617.4
1382410 617.4
1382420 617.6
1382430 617.8
1382440 617.8
1382450 617.9
1382460 618.0
1382470 618.0
1382480 618.1
1382490 618.2
1382500 618.3
1382510 618.3
1382520 618.4
1382530 618.5
1382540 618.5
1382550 618.7
1382560 618.8
1382570 618.8
1382580 618.9
1382590 619.1
1382600 619.1
1382610 619.4
1382620 619.9
1382630 619.9
1382640 620.3
1382650 620.6
1382660 620.6
1382670 620.4
1382680 619.8
1382690 619.8
1382700 619.1
1382710 618.8
1382720 618.8
1382730 618.9
1382740 618.9
1382750 618.9
1382760 618.6
1382770 618.2
1382780 618.2
1382790 617.9
1382800 617.5
1382810 617.5
1382820 616.9
1382830 614.0
1382840 614.0
1382850 610.0
1382860 608.6
1382870 608.6
1382880 611.3
1382890 614.1
1382900 614.3
1382910 614.3
1382920 613.8
1382930 613.2
1382940 613.2
1382950 612.5
1382960 611.5
1382970 611.5
1382980 611.0
1382990 610.7
1383000 610.7
1383010 610.6
1383020 610.6
1383030 610.6
1383040 610.7
1383050 610.7
1383060 610.7
1383070 610.6
1383080 610.5
1383090 610.5
1383100 610.4
1383110 610.5
1383120 610.5
1383130 608.0
1383140 603.5
1383150 603.5
1383160 600.4
1383170 598.6
1383180 598.6
1383190 598.2
1383200 598.8
1383210 598.8
1383220 599.5
1383230 600.7
1383240 600.7
1383250 601.5
1383260 602.1
1383270 602.1
1383280 602.6
1383290 603.1
1383300 603.1
1383310 603.7
1383320 604.4
1383330 604.9
1383340 604.9
1383350 605.7
1383360 606.9
1383370 606.9
1383380 609.6
1383390 614.5
1383400 614.5
1383410 621.0
1383420 625.9
1383430 625.9
1383440 625.5
1383450 626.7
1383460 626.7
1383470 628.2
1383480 630.4
1383490 630.4
1383500 631.1
1383510 629.8
1383520 629.8
1383530 629.3
1383540 629.6
1383550 629.6
1383560 628.9
1383570 629.8
1383580 629.8
1383590 633.2
1383600 637.3
1383610 637.3
1383620 641.1
1383630 643.4
1383640 643.4
1383650 645.7
1383660 646.6
1383670 646.6
1383680 645.3
1383690 642.8
1383700 642.8
1383710 641.7
1383720 642.9
1383730 642.9
1383740 643.1
1383750 643.5
1383760 645.7
1383770 645.7
1383780 645.2
1383790 645.2
1383800 645.2
1383810 646.6
1383820 648.4
1383830 648.4
1383840 648.2
1383850 647.8
1383860 647.8
1383870 645.5
1383880 639.8
1383890 639.8
1383900 633.5
1383910 634.2
1383920 634.2
1383930 635.8
1383940 637.8
1383950 637.8
1383960 636.6
1383970 634.7
1383980 634.7
1383990 632.8
1384000 631.5
1384010 631.5
1384020 628.6
1384030 626.6
1384040 626.6
1384050 625.5
1384060 625.6
1384070 625.6
1384080 627.0
1384090 629.7
1384100 629.7
1384110 629.7
1384120 628.7
1384130 628.7
1384140 626.9
1384150 625.5
1384160 625.5
1384170 625.1
1384180 625.0
1384190 624.6
1384200 624.6
1384210 625.0
1384220 625.4
1384230 622.4
1384240 623.4
1384250 625.2
1384260 625.2
1384270 625.7
1384280 625.4
1384290 625.4
1384300 625.3
1384310 624.9
1384320 624.9
1384330 624.5
1384340 623.5
1384350 623.5
1384360 621.0
1384370 619.3
1384380 619.3
1384390 619.0
1384400 618.8
1384410 618.8
1384420 617.9
1384430 617.8
1384440 617.8
1384450 617.7
1384460 617.8
1384470 617.8
1384480 617.6
1384490 617.3
1384500 617.3
1384510 617.3
1384520 617.6
1384530 617.6
1384540 617.8
1384550 618.1
1384560 618.1
1384570 618.4
1384580 618.7
1384590 618.7
1384600 619.2
1384610 619.7
1384620 620.2
1384630 620.2
1384640 620.9
1384650 621.8
1384660 621.8
1384670 622.8
1384680 623.5
1384690 623.5
1384700 623.7
1384710 624.1
1384720 624.1
1384730 624.4
1384740 624.8
1384750 624.8
1384760 625.4
1384770 625.5
1384780 625.5
1384790 625.9
1384800 626.5
1384810 626.5
1384820 627.0
1384830 627.4
1384840 627.4
1384850 627.9
1384860 629.9
1384870 629.9
1384880 632.4
1384890 635.1
1384900 635.1
1384910 637.8
1384920 641.9
1384930 641.9
1384940 646.7
1384950 653.2
1384960 653.2
1384970 660.0
1384980 666.7
1384990 666.7
1385000 672.7
1385010 679.9
1385020 679.9
1385030 686.0
1385040 690.7
1385050 694.2
1385060 694.2
1385070 697.4
1385080 698.4
1385090 698.4
1385100 698.5
1385110 697.4
1385120 697.4
1385130 696.1
1385140 695.0
1385150 695.0
1385160 694.2
1385170 693.3
1385180 693.3
1385190 692.6
1385200 692.0
1385210 692.0
1385220 691.6
1385230 691.2
1385240 691.2
1385250 690.8
1385260 690.4
1385270 690.4
1385280 690.0
1385290 689.7
1385300 689.7
1385310 689.7
1385320 689.8
1385330 689.8
1385340 689.1
1385350 687.7
1385360 687.7
1385370 686.1
1385380 686.4
1385390 686.4
1385400 686.8
1385410 687.2
1385420 687.2
1385430 687.6
1385440 687.9
1385450 687.9
1385460 687.9
1385470 687.8
1385480 687.6
1385490 687.6
1385500 686.8
1385510 683.9
1385520 686.6
1385530 683.9
1385540 679.0
1385550 679.0
1385560 679.4
1385570 684.3
1385580 684.3
1385590 684.5
1385600 683.7
1385610 683.7
1385620 682.2
1385630 677.8
1385640 677.8
1385650 675.4
1385660 680.0
1385670 680.0
1385680 685.2
1385690 687.6
1385700 687.6
1385710 687.0
1385720 686.1
1385730 686.1
1385740 685.3
1385750 684.9
1385760 684.9
1385770 684.1
1385780 680.0
1385790 680.0
1385800 673.5
1385810 664.0
1385820 664.0
1385830 654.0
1385840 647.9
1385850 647.9
1385860 643.9
1385870 641.3
1385880 641.3
1385890 640.7
1385900 640.8
1385910 642.0
1385920 642.0
1385930 643.4
1385940 644.0
1385950 644.0
1385960 643.0
1385970 643.4
1385980 643.4
1385990 644.5
1386000 646.3
1386010 646.3
1386020 648.7
1386030 651.0
1386040 651.0
1386050 652.1
1386060 653.9
1386070 653.9
1386080 655.4
1386090 654.8
1386100 654.8
1386110 654.5
1386120 655.4
1386130 655.4
1386140 656.8
1386150 660.8
1386160 660.8
1386170 666.9
1386180 670.4
1386190 670.4
1386200 673.2
1386210 675.9
1386220 675.9
1386230 677.4
1386240 677.9
1386250 677.9
1386260 678.1
1386270 678.3
1386280 678.3
1386290 678.1
1386300 677.9
1386310 677.9
1386320 677.5
1386330 677.0
1386340 675.9
1386350 675.9
1386360 675.0
1386370 674.7
1386380 674.7
1386390 675.0
1386400 675.8
1386410 675.8
1386420 675.1
1386430 674.8
1386440 674.8
1386450 674.6
1386460 674.3
1386470 674.3
1386480 674.4
1386490 674.6
1386500 674.6
1386510 674.8
1386520 674.9
1386530 674.9
1386540 674.9
1386550 674.9
1386560 674.9
1386570 675.3
1386580 675.8
1386590 675.8
1386600 676.0
1386610 676.5
1386620 676.5
1386630 676.7
1386640 677.0
1386650 677.0
1386660 677.2
1386670 677.4
1386680 677.4
1386690 677.6
1386700 677.7
1386710 677.7
1386720 678.2
1386730 679.1
1386740 679.1
1386750 680.1
1386760 682.3
1386770 685.7
1386780 685.7
1386790 689.0
1386800 692.7
1386810 692.7
1386820 697.1
1386830 702.9
1386840 702.9
1386850 708.9
1386860 715.1
1386870 715.1
1386880 720.9
1386890 725.1
1386900 725.1
1380000 589.0
1380010 588.6
1380020 588.6
1380030 588.4
1380040 588.4
1380050 588.4
1380060 588.4
1380070 588.2
1380080 588.2
1380090 588.1
1380100 588.0
1380110 588.0
1380120 587.9
1380130 587.7
1380140 587.7
1380150 587.6
1380160 587.6
1380170 587.6
1380180 587.6
1380190 587.5
1380200 587.5
1380210 587.4
1380220 587.4
1380230 587.4
1380240 587.4
1380250 587.5
1380260 587.5
1380270 587.4
1380280 587.2
1380290 587.2
1380300 587.1
1380310 586.9
1380320 586.9
1380330 586.8
1380340 587.7
1380350 587.6
1380360 587.6
1380370 585.0
1380380 584.6
1380390 584.6
1380400 585.2
1380410 586.5
1380420 586.5
1380430 586.7
1380440 586.4
1380450 586.4
1380460 586.3
1380470 586.2
1380480 586.2
1380490 586.4
1380500 587.2
1380510 587.2
1380520 588.8
1380530 588.9
1380540 588.9
1380550 588.1
1380560 588.0
1380570 588.0
1380580 588.0
1380590 588.0
1380600 588.0
1380610 588.0
1380620 588.0
1380630 588.0
1380640 588.1
1380650 588.1
1380660 588.1
1380670 587.9
1380680 587.6
1380690 587.6
1380700 587.5
1380710 588.2
1380720 588.2
1380730 588.6
1380740 588.7
1380750 588.7
1380760 588.6
1380770 588.2
1380780 588.2
1380790 588.2
1380800 588.3
1380810 588.6
1380820 588.6
1380830 589.0
1380840 589.2
1380850 589.2
1380860 589.3
1380870 589.4
1380880 589.4
1380890 589.6
1380900 589.6
1380910 589.6
1380920 589.6
1380930 589.6
1380940 589.6
1380950 589.4
1380960 589.3
1380970 589.3
1380980 589.1
1380990 588.9
1381000 588.9
1381010 589.1
1381020 589.1
1381030 589.1
1381040 588.9
1381050 588.7
1381060 588.7
1381070 588.7
1381080 588.9
1381090 588.9
1381100 589.0
1381110 589.1
1381120 589.1
1381130 589.2
1381140 589.3
1381150 589.3
1381160 589.3
1381170 589.4
1381180 589.4
1381190 589.5
1381200 589.5
1381210 589.6
1381220 589.6
1381230 589.7
1381240 589.9
1381250 589.9
1381260 590.0
1381270 590.1
1381280 590.1
1381290 590.1
1381300 590.4
1381310 590.4
1381320 590.7
1381330 591.1
1381340 591.1
1381350 591.4
1381360 591.5
1381370 591.5
1381380 591.5
1381390 591.4
1381400 591.4
1381410 591.4
1381420 591.4
1381430 591.4
1381440 591.3
1381450 591.3
1381460 591.3
1381470 591.3
1381480 591.4
1381490 591.4
1381500 591.6
1381510 591.8
1381520 591.8
1381530 592.0
1381540 592.0
1381550 592.0
1381560 592.0
1381570 592.0
1381580 592.0
1381590 591.9
1381600 591.9
1381610 591.9
1381620 592.6
1381630 594.7
1381640 595.1
1381650 595.1
1381660 595.2
1381670 595.2
1381680 595.2
1381690 595.5
1381700 595.5
1381710 595.5
1381720 595.4
1381730 595.2
1381740 595.2
1381750 595.0
1381760 594.3
1381770 594.3
1381780 594.1
1381790 594.4
1381800 594.4
1381810 594.3
1381820 594.3
1381830 594.3
1381840 594.6
1381850 594.6
1381860 594.6
1381870 594.8
1381880 594.9
1381890 594.9
1381900 595.0
1381910 594.9
1381920 594.9
1381930 594.8
1381940 594.8
1381950 594.8
1381960 594.6
1381970 594.3
1381980 594.3
1381990 594.6
1382000 594.9
1382010 594.9
1382020 594.8
1382030 594.8
1382040 594.8
1382050 596.3
1382060 599.4
1382070 603.7
1382080 603.7
1382090 606.5
1382100 607.3
1382110 607.3
1382120 608.1
1382130 609.2
1382140 609.2
1382150 610.2
1382160 610.8
1382170 610.8
1382180 611.5
1382190 612.6
1382200 612.6
1382210 613.6
1382220 614.6
1382230 614.6
1382240 615.1
1382250 616.0
1382260 616.0
1382270 616.8
1382280 617.1
1382290 617.1
1382300 617.5
1382310 617.6
1382320 617.6
1382330 617.4
1382340 617.1
1382350 617.1
1382360 617.0
1382370 617.0
1382380 617.0
1382390 617.1
1382400 617.4
1382410 617.4
1382420 617.6
1382430 617.8
1382440 617.8
1382450 617.9
1382460 618.0
1382470 618.0
1382480 618.1
1382490 618.2
1382500 618.3
1382510 618.3
1382520 618.4
1382530 618.5
1382540 618.5
1382550 618.7
1382560 618.8
1382570 618.8
1382580 618.9
1382590 619.1
1382600 619.1
1382610 619.4
1382620 619.9
1382630 619.9
1382640 620.3
1382650 620.6
1382660 620.6
1382670 620.4
1382680 619.8
1382690 619.8
1382700 619.1
1382710 618.8
1382720 618.8
1382730 618.9
1382740 618.9
1382750 618.9
1382760 618.6
1382770 618.2
1382780 618.2
1382790 617.9
1382800 617.5
1382810 617.5
1382820 616.9
1382830 614.0
1382840 614.0
1382850 610.0
1382860 608.6
1382870 608.6
1382880 611.3
1382890 614.1
1382900 614.3
1382910 614.3
1382920 613.8
1382930 613.2
1382940 613.2
1382950 612.5
1382960 611.5
1382970 611.5
1382980 611.0
1382990 610.7
1383000 610.7
1383010 610.6
1383020 610.6
1383030 610.6
1383040 610.7
1383050 610.7
1383060 610.7
1383070 610.6
1383080 610.5
1383090 610.5
1383100 610.4
1383110 610.5
1383120 610.5
1383130 608.0
1383140 603.5
1383150 603.5
1383160 600.4
1383170 598.6
1383180 598.6
1383190 598.2
1383200 598.8
1383210 598.8
1383220 599.5
1383230 600.7
1383240 600.7
1383250 601.5
1383260 602.1
1383270 602.1
1383280 602.6
1383290 603.1
1383300 603.1
1383310 603.7
1383320 604.4
1383330 604.9
1383340 604.9
1383350 605.7
1383360 606.9
1383370 606.9
1383380 609.6
1383390 614.5
1383400 614.5
1383410 621.0
1383420 625.9
1383430 625.9
1383440 625.5
1383450 626.7
1383460 626.7
1383470 628.2
1383480 630.4
1383490 630.4
1383500 631.1
1383510 629.8
1383520 629.8
1383530 629.3
1383540 629.6
1383550 629.6
1383560 628.9
1383570 629.8
1383580 629.8
1383590 633.2
1383600 637.3
1383610 637.3
1383620 641.1
1383630 643.4
1383640 643.4
1383650 645.7
1383660 646.6
1383670 646.6
1383680 645.3
1383690 642.8
1383700 642.8
1383710 641.7
1383720 642.9
1383730 642.9
1383740 643.1
1383750 643.5
1383760 645.7
1383770 645.7
1383780 645.2
1383790 645.2
1383800 645.2
1383810 646.6
1383820 648.4
1383830 648.4
1383840 648.2
1383850 647.8
1383860 647.8
1383870 645.5
1383880 639.8
1383890 639.8
1383900 633.5
1383910 634.2
1383920 634.2
1383930 635.8
1383940 637.8
1383950 637.8
1383960 636.6
1383970 634.7
1383980 634.7
1383990 632.8
1384000 631.5
1384010 631.5
1384020 628.6
1384030 626.6
1384040 626.6
1384050 625.5
1384060 625.6
1384070 625.6
1384080 627.0
1384090 629.7
1384100 629.7
1384110 629.7
1384120 628.7
1384130 628.7
1384140 626.9
1384150 625.5
1384160 625.5
1384170 625.1
1384180 625.0
1384190 624.6
1384200 624.6
1384210 625.0
1384220 625.4
1384230 622.4
1384240 623.4
1384250 625.2
1384260 625.2
1384270 625.7
1384280 625.4
1384290 625.4
1384300 625.3
1384310 624.9
1384320 624.9
1384330 624.5
1384340 623.5
1384350 623.5
1384360 621.0
1384370 619.3
1384380 619.3
1384390 619.0
1384400 618.8
1384410 618.8
1384420 617.9
1384430 617.8
1384440 617.8
1384450 617.7
1384460 617.8
1384470 617.8
1384480 617.6
1384490 617.3
1384500 617.3
1384510 617.3
1384520 617.6
1384530 617.6
1384540 617.8
1384550 618.1
1384560 618.1
1384570 618.4
1384580 618.7
1384590 618.7
1384600 619.2
1384610 619.7
1384620 620.2
1384630 620.2
1384640 620.9
1384650 621.8
1384660 621.8
1384670 622.8
1384680 623.5
1384690 623.5
1384700 623.7
1384710 624.1
1384720 624.1
1384730 624.4
1384740 624.8
1384750 624.8
1384760 625.4
1384770 625.5
1384780 625.5
1384790 625.9
1384800 626.5
1384810 626.5
1384820 627.0
1384830 627.4
1384840 627.4
1384850 627.9
1384860 629.9
1384870 629.9
1384880 632.4
1384890 635.1
1384900 635.1
1384910 637.8
1384920 641.9
1384930 641.9
1384940 646.7
1384950 653.2
1384960 653.2
1384970 660.0
1384980 666.7
1384990 666.7
1385000 672.7
1385010 679.9
1385020 679.9
1385030 686.0
1385040 690.7
1385050 694.2
1385060 694.2
1385070 697.4
1385080 698.4
1385090 698.4
1385100 698.5
1385110 697.4
1385120 697.4
1385130 696.1
1385140 695.0
1385150 695.0
1385160 694.2
1385170 693.3
1385180 693.3
1385190 692.6
1385200 692.0
1385210 692.0
1385220 691.6
1385230 691.2
1385240 691.2
1385250 690.8
1385260 690.4
1385270 690.4
1385280 690.0
1385290 689.7
1385300 689.7
1385310 689.7
1385320 689.8
1385330 689.8
1385340 689.1
1385350 687.7
1385360 687.7
1385370 686.1
1385380 686.4
1385390 686.4
1385400 686.8
1385410 687.2
1385420 687.2
1385430 687.6
1385440 687.9
1385450 687.9
1385460 687.9
1385470 687.8
1385480 687.6
1385490 687.6
1385500 686.8
1385510 683.9
1385520 686.6
1385530 683.9
1385540 679.0
1385550 679.0
1385560 679.4
1385570 684.3
1385580 684.3
1385590 684.5
1385600 683.7
1385610 683.7
1385620 682.2
1385630 677.8
1385640 677.8
1385650 675.4
1385660 680.0
1385670 680.0
1385680 685.2
1385690 687.6
1385700 687.6
1385710 687.0
1385720 686.1
1385730 686.1
1385740 685.3
1385750 684.9
1385760 684.9
1385770 684.1
1385780 680.0
1385790 680.0
1385800 673.5
1385810 664.0
1385820 664.0
1385830 654.0
1385840 647.9
1385850 647.9
1385860 643.9
1385870 641.3
1385880 641.3
1385890 640.7
1385900 640.8
1385910 642.0
1385920 642.0
1385930 643.4
1385940 644.0
1385950 644.0
1385960 643.0
1385970 643.4
1385980 643.4
1385990 644.5
1386000 646.3
1386010 646.3
1386020 648.7
1386030 651.0
1386040 651.0
1386050 652.1
1386060 653.9
1386070 653.9
1386080 655.4
1386090 654.8
1386100 654.8
1386110 654.5
1386120 655.4
1386130 655.4
1386140 656.8
1386150 660.8
1386160 660.8
1386170 666.9
1386180 670.4
1386190 670.4
1386200 673.2
1386210 675.9
1386220 675.9
1386230 677.4
1386240 677.9
1386250 677.9
1386260 678.1
1386270 678.3
1386280 678.3
1386290 678.1
1386300 677.9
1386310 677.9
1386320 677.5
1386330 677.0
1386340 675.9
1386350 675.9
1386360 675.0
1386370 674.7
1386380 674.7
1386390 675.0
1386400 675.8
1386410 675.8
1386420 675.1
1386430 674.8
1386440 674.8
1386450 674.6
1386460 674.3
1386470 674.3
1386480 674.4
1386490 674.6
1386500 674.6
1386510 674.8
1386520 674.9
1386530 674.9
1386540 674.9
1386550 674.9
1386560 674.9
1386570 675.3
1386580 675.8
1386590 675.8
1386600 676.0
1386610 676.5
1386620 676.5
1386630 676.7
1386640 677.0
1386650 677.0
1386660 677.2
1386670 677.4
1386680 677.4
1386690 677.6
1386700 677.7
1386710 677.7
1386720 678.2
1386730 679.1
1386740 679.1
1386750 680.1
1386760 682.3
1386770 685.7
1386780 685.7
1386790 689.0
1386800 692.7
1386810 692.7
1386820 697.1
1386830 702.9
1386840 702.9
1386850 708.9
1386860 715.1
1386870 715.1
1386880 720.9
1386890 725.1
1386900 725.1
1380000 589.0
1380010 588.6
1380020 588.6
1380030 588.4
1380040 588.4
1380050 588.4
1380060 588.4
1380070 588.2
1380080 588.2
1380090 588.1
1380100 588.0
1380110 588.0
1380120 587.9
1380130 587.7
1380140 587.7
1380150 587.6
1380160 587.6
1380170 587.6
1380180 587.6
1380190 587.5
1380200 587.5
1380210 587.4
1380220 587.4
1380230 587.4
1380240 587.4
1380250 587.5
1380260 587.5
1380270 587.4
1380280 587.2
1380290 587.2
1380300 587.1
1380310 586.9
1380320 586.9
1380330 586.8
1380340 587.7
1380350 587.6
1380360 587.6
1380370 585.0
1380380 584.6
1380390 584.6
1380400 585.2
1380410 586.5
1380420 586.5
1380430 586.7
1380440 586.4
1380450 586.4
1380460 586.3
1380470 586.2
1380480 586.2
1380490 586.4
1380500 587.2
1380510 587.2
1380520 588.8
1380530 588.9
1380540 588.9
1380550 588.1
1380560 588.0
1380570 588.0
1380580 588.0
1380590 588.0
1380600 588.0
1380610 588.0
1380620 588.0
1380630 588.0
1380640 588.1
1380650 588.1
1380660 588.1
1380670 587.9
1380680 587.6
1380690 587.6
1380700 587.5
1380710 588.2
1380720 588.2
1380730 588.6
1380740 588.7
1380750 588.7
1380760 588.6
1380770 588.2
1380780 588.2
1380790 588.2
1380800 588.3
1380810 588.6
1380820 588.6
1380830 589.0
1380840 589.2
1380850 589.2
1380860 589.3
1380870 589.4
1380880 589.4
1380890 589.6
1380900 589.6
1380910 589.6
1380920 589.6
1380930 589.6
1380940 589.6
1380950 589.4
1380960 589.3
1380970 589.3
1380980 589.1
1380990 588.9
1381000 588.9
1381010 589.1
1381020 589.1
1381030 589.1
1381040 588.9
1381050 588.7
1381060 588.7
1381070 588.7
1381080 588.9
1381090 588.9
1381100 589.0
1381110 589.1
1381120 589.1
1381130 589.2
1381140 589.3
1381150 589.3
1381160 589.3
1381170 589.4
1381180 589.4
1381190 589.5
1381200 589.5
1381210 589.6
1381220 589.6
1381230 589.7
1381240 589.9
1381250 589.9
1381260 590.0
1381270 590.1
1381280 590.1
1381290 590.1
1381300 590.4
1381310 590.4
1381320 590.7
1381330 591.1
1381340 591.1
1381350 591.4
1381360 591.5
1381370 591.5
1381380 591.5
1381390 591.4
1381400 591.4
1381410 591.4
1381420 591.4
1381430 591.4
1381440 591.3
1381450 591.3
1381460 591.3
1381470 591.3
1381480 591.4
1381490 591.4
1381500 591.6
1381510 591.8
1381520 591.8
1381530 592.0
1381540 592.0
1381550 592.0
1381560 592.0
1381570 592.0
1381580 592.0
1381590 591.9
1381600 591.9
1381610 591.9
1381620 592.6
1381630 594.7
1381640 595.1
1381650 595.1
1381660 595.2
1381670 595.2
1381680 595.2
1381690 595.5
1381700 595.5
1381710 595.5
1381720 595.4
1381730 595.2
1381740 595.2
1381750 595.0
1381760 594.3
1381770 594.3
1381780 594.1
1381790 594.4
1381800 594.4
1381810 594.3
1381820 594.3
1381830 594.3
1381840 594.6
1381850 594.6
1381860 594.6
1381870 594.8
1381880 594.9
1381890 594.9
1381900 595.0
1381910 594.9
1381920 594.9
1381930 594.8
1381940 594.8
1381950 594.8
1381960 594.6
1381970 594.3
1381980 594.3
1381990 594.6
1382000 594.9
1382010 594.9
1382020 594.8
1382030 594.8
1382040 594.8
1382050 596.3
1382060 599.4
1382070 603.7
1382080 603.7
1382090 606.5
1382100 607.3
1382110 607.3
1382120 608.1
1382130 609.2
1382140 609.2
1382150 610.2
1382160 610.8
1382170 610.8
1382180 611.5
1382190 612.6
1382200 612.6
1382210 613.6
1382220 614.6
1382230 614.6
1382240 615.1
1382250 616.0
1382260 616.0
1382270 616.8
1382280 617.1
1382290 617.1
1382300 617.5
1382310 617.6
1382320 617.6
1382330 617.4
1382340 617.1
1382350 617.1
1382360 617.0
1382370 617.0
1382380 617.0
1382390 617.1
1382400 617.4
1382410 617.4
1382420 617.6
1382430 617.8
1382440 617.8
1382450 617.9
1382460 618.0
1382470 618.0
1382480 618.1
1382490 618.2
1382500 618.3
1382510 618.3
1382520 618.4
1382530 618.5
1382540 618.5
1382550 618.7
1382560 618.8
1382570 618.8
1382580 618.9
1382590 619.1
1382600 619.1
1382610 619.4
1382620 619.9
1382630 619.9
1382640 620.3
1382650 620.6
1382660 620.6
1382670 620.4
1382680 619.8
1382690 619.8
1382700 619.1
1382710 618.8
1382720 618.8
1382730 618.9
1382740 618.9
1382750 618.9
1382760 618.6
1382770 618.2
1382780 618.2
1382790 617.9
1382800 617.5
1382810 617.5
1382820 616.9
1382830 614.0
1382840 614.0
1382850 610.0
1382860 608.6
1382870 608.6
1382880 611.3
1382890 614.1
1382900 614.3
1382910 614.3
1382920 613.8
1382930 613.2
1382940 613.2
1382950 612.5
1382960 611.5
1382970 611.5
1382980 611.0
1382990 610.7
1383000 610.7
1383010 610.6
1383020 610.6
1383030 610.6
1383040 610.7
1383050 610.7
1383060 610.7
1383070 610.6
1383080 610.5
1383090 610.5
1383100 610.4
1383110 610.5
1383120 610.5
1383130 608.0
1383140 603.5
1383150 603.5
1383160 600.4
1383170 598.6
1383180 598.6
1383190 598.2
1383200 598.8
1383210 598.8
1383220 599.5
1383230 600.7
1383240 600.7
1383250 601.5
1383260 602.1
1383270 602.1
1383280 602.6
1383290 603.1
1383300 603.1
1383310 603.7
1383320 604.4
1383330 604.9
1383340 604.9
1383350 605.7
1383360 606.9
1383370 606.9
1383380 609.6
1383390 614.5
1383400 614.5
1383410 621.0
1383420 625.9
1383430 625.9
1383440 625.5
1383450 626.7
1383460 626.7
1383470 628.2
1383480 630.4
1383490 630.4
1383500 631.1
1383510 629.8
1383520 629.8
1383530 629.3
1383540 629.6
1383550 629.6
1383560 628.9
1383570 629.8
1383580 629.8
1383590 633.2
1383600 637.3
1383610 637.3
1383620 641.1
1383630 643.4
1383640 643.4
1383650 645.7
1383660 646.6
1383670 646.6
1383680 645.3
1383690 642.8
1383700 642.8
1383710 641.7
1383720 642.9
1383730 642.9
1383740 643.1
1383750 643.5
1383760 645.7
1383770 645.7
1383780 645.2
1383790 645.2
1383800 645.2
1383810 646.6
1383820 648.4
1383830 648.4
1383840 648.2
1383850 647.8
1383860 647.8
1383870 645.5
1383880 639.8
1383890 639.8
1383900 633.5
1383910 634.2
1383920 634.2
1383930 635.8
1383940 637.8
1383950 637.8
1383960 636.6
1383970 634.7
1383980 634.7
1383990 632.8
1384000 631.5
1384010 631.5
1384020 628.6
1384030 626.6
1384040 626.6
1384050 625.5
1384060 625.6
1384070 625.6
1384080 627.0
1384090 629.7
1384100 629.7
1384110 629.7
1384120 628.7
1384130 628.7
1384140 626.9
1384150 625.5
1384160 625.5
1384170 625.1
1384180 625.0
1384190 624.6
1384200 624.6
1384210 625.0
1384220 625.4
1384230 622.4
1384240 623.4
1384250 625.2
1384260 625.2
1384270 625.7
1384280 625.4
1384290 625.4
1384300 625.3
1384310 624.9
1384320 624.9
1384330 624.5
1384340 623.5
1384350 623.5
1384360 621.0
1384370 619.3
1384380 619.3
1384390 619.0
1384400 618.8
1384410 618.8
1384420 617.9
1384430 617.8
1384440 617.8
1384450 617.7
1384460 617.8
1384470 617.8
1384480 617.6
1384490 617.3
1384500 617.3
1384510 617.3
1384520 617.6
1384530 617.6
1384540 617.8
1384550 618.1
1384560 618.1
1384570 618.4
1384580 618.7
1384590 618.7
1384600 619.2
1384610 619.7
1384620 620.2
1384630 620.2
1384640 620.9
1384650 621.8
1384660 621.8
1384670 622.8
1384680 623.5
1384690 623.5
1384700 623.7
1384710 624.1
1384720 624.1
1384730 624.4
1384740 624.8
1384750 624.8
1384760 625.4
1384770 625.5
1384780 625.5
1384790 625.9
1384800 626.5
1384810 626.5
1384820 627.0
1384830 627.4
1384840 627.4
1384850 627.9
1384860 629.9
1384870 629.9
1384880 632.4
1384890 635.1
1384900 635.1
1384910 637.8
1384920 641.9
1384930 641.9
1384940 646.7
1384950 653.2
1384960 653.2
1384970 660.0
1384980 666.7
1384990 666.7
1385000 672.7
1385010 679.9
1385020 679.9
1385030 686.0
1385040 690.7
1385050 694.2
1385060 694.2
1385070 697.4
1385080 698.4
1385090 698.4
1385100 698.5
1385110 697.4
1385120 697.4
1385130 696.1
1385140 695.0
1385150 695.0
1385160 694.2
1385170 693.3
1385180 693.3
1385190 692.6
1385200 692.0
1385210 692.0
1385220 691.6
1385230 691.2
1385240 691.2
1385250 690.8
1385260 690.4
1385270 690.4
1385280 690.0
1385290 689.7
1385300 689.7
1385310 689.7
1385320 689.8
1385330 689.8
1385340 689.1
1385350 687.7
1385360 687.7
1385370 686.1
1385380 686.4
1385390 686.4
1385400 686.8
1385410 687.2
1385420 687.2
1385430 687.6
1385440 687.9
1385450 687.9
1385460 687.9
1385470 687.8
1385480 687.6
1385490 687.6
1385500 686.8
1385510 683.9
1385520 686.6
1385530 683.9
1385540 679.0
1385550 679.0
1385560 679.4
1385570 684.3
1385580 684.3
1385590 684.5
1385600 683.7
1385610 683.7
1385620 682.2
1385630 677.8
1385640 677.8
1385650 675.4
1385660 680.0
1385670 680.0
1385680 685.2
1385690 687.6
1385700 687.6
1385710 687.0
1385720 686.1
1385730 686.1
1385740 685.3
1385750 684.9
1385760 684.9
1385770 684.1
1385780 680.0
1385790 680.0
1385800 673.5
1385810 664.0
1385820 664.0
1385830 654.0
1385840 647.9
1385850 647.9
1385860 643.9
1385870 641.3
1385880 641.3
1385890 640.7
1385900 640.8
1385910 642.0
1385920 642.0
1385930 643.4
1385940 644.0
1385950 644.0
1385960 643.0
1385970 643.4
1385980 643.4
1385990 644.5
1386000 646.3
1386010 646.3
1386020 648.7
1386030 651.0
1386040 651.0
1386050 652.1
1386060 653.9
1386070 653.9
1386080 655.4
1386090 654.8
1386100 654.8
1386110 654.5
1386120 655.4
1386130 655.4
1386140 656.8
1386150 660.8
1386160 660.8
1386170 666.9
1386180 670.4
1386190 670.4
1386200 673.2
1386210 675.9
1386220 675.9
1386230 677.4
1386240 677.9
1386250 677.9
1386260 678.1
1386270 678.3
1386280 678.3
1386290 678.1
1386300 677.9
1386310 677.9
1386320 677.5
1386330 677.0
1386340 675.9
1386350 675.9
1386360 675.0
1386370 674.7
1386380 674.7
1386390 675.0
1386400 675.8
1386410 675.8
1386420 675.1
1386430 674.8
1386440 674.8
1386450 674.6
1386460 674.3
1386470 674.3
1386480 674.4
1386490 674.6
1386500 674.6
1386510 674.8
1386520 674.9
1386530 674.9
1386540 674.9
1386550 674.9
1386560 674.9
1386570 675.3
1386580 675.8
1386590 675.8
1386600 676.0
1386610 676.5
1386620 676.5
1386630 676.7
1386640 677.0
1386650 677.0
1386660 677.2
1386670 677.4
1386680 677.4
1386690 677.6
1386700 677.7
1386710 677.7
1386720 678.2
1386730 679.1
1386740 679.1
1386750 680.1
1386760 682.3
1386770 685.7
1386780 685.7
1386790 689.0
1386800 692.7
1386810 692.7
1386820 697.1
1386830 702.9
1386840 702.9
1386850 708.9
1386860 715.1
1386870 715.1
1386880 720.9
1386890 725.1
1386900 725.1
1380000 589.0
1380010 588.6
1380020 588.6
1380030 588.4
1380040 588.4
1380050 588.4
1380060 588.4
1380070 588.2
1380080 588.2
1380090 588.1
1380100 588.0
1380110 588.0
1380120 587.9
1380130 587.7
1380140 587.7
1380150 587.6
1380160 587.6
1380170 587.6
1380180 587.6
1380190 587.5
1380200 587.5
1380210 587.4
1380220 587.4
1380230 587.4
1380240 587.4
1380250 587.5
1380260 587.5
1380270 587.4
1380280 587.2
1380290 587.2
1380300 587.1
1380310 586.9
1380320 586.9
1380330 586.8
1380340 587.7
1380350 587.6
1380360 587.6
1380370 585.0
1380380 584.6
1380390 584.6
1380400 585.2
1380410 586.5
1380420 586.5
1380430 586.7
1380440 586.4
1380450 586.4
1380460 586.3
1380470 586.2
1380480 586.2
1380490 586.4
1380500 587.2
1380510 587.2
1380520 588.8
1380530 588.9
1380540 588.9
1380550 588.1
1380560 588.0
1380570 588.0
1380580 588.0
1380590 588.0
1380600 588.0
1380610 588.0
1380620 588.0
1380630 588.0
1380640 588.1
1380650 588.1
1380660 588.1
1380670 587.9
1380680 587.6
1380690 587.6
1380700 587.5
1380710 588.2
1380720 588.2
1380730 588.6
1380740 588.7
1380750 588.7
1380760 588.6
1380770 588.2
1380780 588.2
1380790 588.2
1380800 588.3
1380810 588.6
1380820 588.6
1380830 589.0
1380840 589.2
1380850 589.2
1380860 589.3
1380870 589.4
1380880 589.4
1380890 589.6
1380900 589.6
1380910 589.6
1380920 589.6
1380930 589.6
1380940 589.6
1380950 589.4
1380960 589.3
1380970 589.3
1380980 589.1
1380990 588.9
1381000 588.9
1381010 589.1
1381020 589.1
1381030 589.1
1381040 588.9
1381050 588.7
1381060 588.7
1381070 588.7
1381080 588.9
1381090 588.9
1381100 589.0
1381110 589.1
1381120 589.1
1381130 589.2
1381140 589.3
1381150 589.3
1381160 589.3
1381170 589.4
1381180 589.4
1381190 589.5
1381200 589.5
1381210 589.6
1381220 589.6
1381230 589.7
1381240 589.9
1381250 589.9
1381260 590.0
1381270 590.1
1381280 590.1
1381290 590.1
1381300 590.4
1381310 590.4
1381320 590.7
1381330 591.1
1381340 591.1
1381350 591.4
1381360 591.5
1381370 591.5
1381380 591.5
1381390 591.4
1381400 591.4
1381410 591.4
1381420 591.4
1381430 591.4
1381440 591.3
1381450 591.3
1381460 591.3
1381470 591.3
1381480 591.4
1381490 591.4
1381500 591.6
1381510 591.8
1381520 591.8
1381530 592.0
1381540 592.0
1381550 592.0
1381560 592.0
1381570 592.0
1381580 592.0
1381590 591.9
1381600 591.9
1381610 591.9
1381620 592.6
1381630 594.7
1381640 595.1
1381650 595.1
1381660 595.2
1381670 595.2
1381680 595.2
1381690 595.5
1381700 595.5
1381710 595.5
1381720 595.4
1381730 595.2
1381740 595.2
1381750 595.0
1381760 594.3
1381770 594.3
1381780 594.1
1381790 594.4
1381800 594.4
1381810 594.3
1381820 594.3
1381830 594.3
1381840 594.6
1381850 594.6
1381860 594.6
1381870 594.8
1381880 594.9
1381890 594.9
1381900 595.0
1381910 594.9
1381920 594.9
1381930 594.8
1381940 594.8
1381950 594.8
1381960 594.6
1381970 594.3
1381980 594.3
1381990 594.6
1382000 594.9
1382010 594.9
1382020 594.8
1382030 594.8
1382040 594.8
1382050 596.3
1382060 599.4
1382070 603.7
1382080 603.7
1382090 606.5
1382100 607.3
1382110 607.3
1382120 608.1
1382130 609.2
1382140 609.2
1382150 610.2
1382160 610.8
1382170 610.8
1382180 611.5
1382190 612.6
1382200 612.6
1382210 613.6
1382220 614.6
1382230 614.6
1382240 615.1
1382250 616.0
1382260 616.0
1382270 616.8
1382280 617.1
1382290 617.1
1382300 617.5
1382310 617.6
1382320 617.6
1382330 617.4
1382340 617.1
1382350 617.1
1382360 617.0
1382370 617.0
1382380 617.0
1382390 617.1
1382400 617.4
1382410 617.4
1382420 617.6
1382430 617.8
1382440 617.8
1382450 617.9
1382460 618.0
1382470 618.0
1382480 618.1
1382490 618.2
1382500 618.3
1382510 618.3
1382520 618.4
1382530 618.5
1382540 618.5
1382550 618.7
1382560 618.8
1382570 618.8
1382580 618.9
1382590 619.1
1382600 619.1
1382610 619.4
1382620 619.9
1382630 619.9
1382640 620.3
1382650 620.6
1382660 620.6
1382670 620.4
1382680 619.8
1382690 619.8
1382700 619.1
1382710 618.8
1382720 618.8
1382730 618.9
1382740 618.9
1382750 618.9
1382760 618.6
1382770 618.2
1382780 618.2
1382790 617.9
1382800 617.5
1382810 617.5
1382820 616.9
1382830 614.0
1382840 614.0
1382850 610.0
1382860 608.6
1382870 608.6
1382880 611.3
1382890 614.1
1382900 614.3
1382910 614.3
1382920 613.8
1382930 613.2
1382940 613.2
1382950 612.5
1382960 611.5
1382970 611.5
1382980 611.0
1382990 610.7
1383000 610.7
1383010 610.6
1383020 610.6
1383030 610.6
1383040 610.7
1383050 610.7
1383060 610.7
1383070 610.6
1383080 610.5
1383090 610.5
1383100 610.4
1383110 610.5
1383120 610.5
1383130 608.0
1383140 603.5
1383150 603.5
1383160 600.4
1383170 598.6
1383180 598.6
1383190 598.2
1383200 598.8
1383210 598.8
1383220 599.5
1383230 600.7
1383240 600.7
1383250 601.5
1383260 602.1
1383270 602.1
1383280 602.6
1383290 603.1
1383300 603.1
1383310 603.7
1383320 604.4
1383330 604.9
1383340 604.9
1383350 605.7
1383360 606.9
1383370 606.9
1383380 609.6
1383390 614.5
1383400 614.5
1383410 621.0
1383420 625.9
1383430 625.9
1383440 625.5
1383450 626.7
1383460 626.7
1383470 628.2
1383480 630.4
1383490 630.4
1383500 631.1
1383510 629.8
1383520 629.8
1383530 629.3
1383540 629.6
1383550 629.6
1383560 628.9
1383570 629.8
1383580 629.8
1383590 633.2
1383600 637.3
1383610 637.3
1383620 641.1
1383630 643.4
1383640 643.4
1383650 645.7
1383660 646.6
1383670 646.6
1383680 645.3
1383690 642.8
1383700 642.8
1383710 641.7
1383720 642.9
1383730 642.9
1383740 643.1
1383750 643.5
1383760 645.7
1383770 645.7
1383780 645.2
1383790 645.2
1383800 645.2
1383810 646.6
1383820 648.4
1383830 648.4
1383840 648.2
1383850 647.8
1383860 647.8
1383870 645.5
1383880 639.8
1383890 639.8
1383900 633.5
1383910 634.2
1383920 634.2
1383930 635.8
1383940 637.8
1383950 637.8
1383960 636.6
1383970 634.7
1383980 634.7
1383990 632.8
1384000 631.5
1384010 631.5
1384020 628.6
1384030 626.6
1384040 626.6
1384050 625.5
1384060 625.6
1384070 625.6
1384080 627.0
1384090 629.7
1384100 629.7
1384110 629.7
1384120 628.7
1384130 628.7
1384140 626.9
1384150 625.5
1384160 625.5
1384170 625.1
1384180 625.0
1384190 624.6
1384200 624.6
1384210 625.0
1384220 625.4
1384230 622.4
1384240 623.4
1384250 625.2
1384260 625.2
1384270 625.7
1384280 625.4
1384290 625.4
1384300 625.3
1384310 624.9
1384320 624.9
1384330 624.5
1384340 623.5
1384350 623.5
1384360 621.0
1384370 619.3
1384380 619.3
1384390 619.0
1384400 618.8
1384410 618.8
1384420 617.9
1384430 617.8
1384440 617.8
1384450 617.7
1384460 617.8
1384470 617.8
1384480 617.6
1384490 617.3
1384500 617.3
1384510 617.3
1384520 617.6
1384530 617.6
1384540 617.8
1384550 618.1
1384560 618.1
1384570 618.4
1384580 618.7
1384590 618.7
1384600 619.2
1384610 619.7
1384620 620.2
1384630 620.2
1384640 620.9
1384650 621.8
1384660 621.8
1384670 622.8
1384680 623.5
1384690 623.5
1384700 623.7
1384710 624.1
1384720 624.1
1384730 624.4
1384740 624.8
1384750 624.8
1384760 625.4
1384770 625.5
1384780 625.5
1384790 625.9
1384800 626.5
1384810 626.5
1384820 627.0
1384830 627.4
1384840 627.4
1384850 627.9
1384860 629.9
1384870 629.9
1384880 632.4
1384890 635.1
1384900 635.1
1384910 637.8
1384920 641.9
1384930 641.9
1384940 646.7
1384950 653.2
1384960 653.2
1384970 660.0
1384980 666.7
1384990 666.7
1385000 672.7
1385010 679.9
1385020 679.9
1385030 686.0
1385040 690.7
1385050 694.2
1385060 694.2
1385070 697.4
1385080 698.4
1385090 698.4
1385100 698.5
1385110 697.4
1385120 697.4
1385130 696.1
1385140 695.0
1385150 695.0
1385160 694.2
1385170 693.3
1385180 693.3
1385190 692.6
1385200 692.0
1385210 692.0
1385220 691.6
1385230 691.2
1385240 691.2
1385250 690.8
1385260 690.4
1385270 690.4
1385280 690.0
1385290 689.7
1385300 689.7
1385310 689.7
1385320 689.8
1385330 689.8
1385340 689.1
1385350 687.7
1385360 687.7
1385370 686.1
1385380 686.4
1385390 686.4
1385400 686.8
1385410 687.2
1385420 687.2
1385430 687.6
1385440 687.9
1385450 687.9
1385460 687.9
1385470 687.8
1385480 687.6
1385490 687.6
1385500 686.8
1385510 683.9
1385520 686.6
1385530 683.9
1385540 679.0
1385550 679.0
1385560 679.4
1385570 684.3
1385580 684.3
1385590 684.5
1385600 683.7
1385610 683.7
1385620 682.2
1385630 677.8
1385640 677.8
1385650 675.4
1385660 680.0
1385670 680.0
1385680 685.2
1385690 687.6
1385700 687.6
1385710 687.0
1385720 686.1
1385730 686.1
1385740 685.3
1385750 684.9
1385760 684.9
1385770 684.1
1385780 680.0
1385790 680.0
1385800 673.5
1385810 664.0
1385820 664.0
1385830 654.0
1385840 647.9
1385850 647.9
1385860 643.9
1385870 641.3
1385880 641.3
1385890 640.7
1385900 640.8
1385910 642.0
1385920 642.0
1385930 643.4
1385940 644.0
1385950 644.0
1385960 643.0
1385970 643.4
1385980 643.4
1385990 644.5
1386000 646.3
1386010 646.3
1386020 648.7
1386030 651.0
1386040 651.0
1386050 652.1
1386060 653.9
1386070 653.9
1386080 655.4
1386090 654.8
1386100 654.8
1386110 654.5
1386120 655.4
1386130 655.4
1386140 656.8
1386150 660.8
1386160 660.8
1386170 666.9
1386180 670.4
1386190 670.4
1386200 673.2
1386210 675.9
1386220 675.9
1386230 677.4
1386240 677.9
1386250 677.9
1386260 678.1
1386270 678.3
1386280 678.3
1386290 678.1
1386300 677.9
1386310 677.9
1386320 677.5
1386330 677.0
1386340 675.9
1386350 675.9
1386360 675.0
1386370 674.7
1386380 674.7
1386390 675.0
1386400 675.8
1386410 675.8
1386420 675.1
1386430 674.8
1386440 674.8
1386450 674.6
1386460 674.3
1386470 674.3
1386480 674.4
1386490 674.6
1386500 674.6
1386510 674.8
1386520 674.9
1386530 674.9
1386540 674.9
1386550 674.9
1386560 674.9
1386570 675.3
1386580 675.8
1386590 675.8
1386600 676.0
1386610 676.5
1386620 676.5
1386630 676.7
1386640 677.0
1386650 677.0
1386660 677.2
1386670 677.4
1386680 677.4
1386690 677.6
1386700 677.7
1386710 677.7
1386720 678.2
1386730 679.1
1386740 679.1
1386750 680.1
1386760 682.3
1386770 685.7
1386780 685.7
1386790 689.0
1386800 692.7
1386810 692.7
1386820 697.1
1386830 702.9
1386840 702.9
1386850 708.9
1386860 715.1
1386870 715.1
1386880 720.9
1386890 725.1
1386900 725.1
