1380000 586.7
1380010 586.6
1380020 586.7
1380030 586.7
1380040 586.7
1380050 586.4
1380060 586.4
1380070 586.2
1380080 586.1
1380090 586.1
1380100 586.1
1380110 586.5
1380120 586.5
1380130 586.6
1380140 586.7
1380150 586.7
1380160 587.0
1380170 586.9
1380180 587.0
1380190 587.0
1380200 586.9
1380210 586.7
1380220 586.7
1380230 586.7
1380240 586.9
1380250 586.9
1380260 586.9
1380270 586.9
1380280 586.9
1380290 587.0
1380300 587.0
1380310 587.0
1380320 586.9
1380330 587.7
1380340 587.7
1380350 585.8
1380360 584.0
1380370 584.0
1380380 583.9
1380390 584.0
1380400 584.0
1380410 586.1
1380420 587.0
1380430 587.0
1380440 586.7
1380450 586.8
1380460 586.8
1380470 587.4
1380480 587.8
1380490 587.8
1380500 586.7
1380510 586.7
1380520 586.7
1380530 587.1
1380540 587.3
1380550 587.3
1380560 587.3
1380570 587.3
1380580 587.3
1380590 587.4
1380600 587.4
1380610 587.4
1380620 587.4
1380630 587.3
1380640 587.3
1380650 587.3
1380660 587.4
1380670 587.3
1380680 587.3
1380690 586.9
1380700 586.8
1380710 586.8
1380720 586.9
1380730 587.0
1380740 587.0
1380750 587.1
1380760 587.4
1380770 587.4
1380780 587.4
1380790 587.3
1380800 587.3
1380810 587.3
1380820 587.2
1380830 587.2
1380840 586.6
1380850 586.4
1380860 586.5
1380870 587.0
1380880 587.6
1380890 587.6
1380900 587.2
1380910 586.8
1380920 586.8
1380930 586.8
1380940 587.0
1380950 587.0
1380960 587.1
1380970 587.0
1380980 587.0
1380990 587.1
1381000 587.1
1381010 587.1
1381020 587.2
1381030 587.1
1381040 587.1
1381050 587.1
1381060 587.2
1381070 587.3
1381080 587.3
1381090 587.4
1381100 587.2
1381110 587.2
1381120 587.2
1381130 587.4
1381140 587.4
1381150 587.6
1381160 588.8
1381170 588.8
1381180 589.5
1381190 589.4
1381200 589.4
1381210 589.7
1381220 589.6
1381230 589.6
1381240 589.5
1381250 589.5
1381260 589.5
1381270 589.5
1381280 589.5
1381290 589.5
1381300 589.6
1381310 589.5
1381320 589.5
1381330 589.4
1381340 589.4
1381350 589.4
1381360 589.4
1381370 589.5
1381380 589.5
1381390 589.5
1381400 589.5
1381410 589.5
1381420 589.7
1381430 589.9
1381440 589.9
1381450 590.5
1381460 591.5
1381470 590.6
1381480 590.6
1381490 590.8
1381500 591.6
1381510 591.6
1381520 591.6
1381530 591.6
1381540 591.6
1381550 592.1
1381560 592.2
1381570 592.2
1381580 592.3
1381590 592.5
1381600 592.5
1381610 592.9
1381620 593.0
1381630 593.0
1381640 592.7
1381650 592.9
1381660 592.9
1381670 593.2
1381680 593.4
1381690 593.4
1381700 593.5
1381710 593.5
1381720 593.5
1381730 593.4
1381740 593.4
1381750 593.4
1381760 593.4
1381770 593.5
1381780 593.5
1381790 593.6
1381800 594.1
1381810 594.1
1381820 595.0
1381830 595.6
1381840 595.6
1381850 596.0
1381860 596.9
1381870 596.9
1381880 599.6
1381890 604.9
1381900 609.3
1381910 609.3
1381920 613.5
1381930 615.6
1381940 615.6
1381950 616.3
1381960 617.1
1381970 617.1
1381980 617.7
1381990 618.9
1382000 618.9
1382010 619.2
1382020 619.6
1382030 619.6
1382040 620.0
1382050 620.3
1382060 620.3
1382070 620.6
1382080 620.9
1382090 620.9
1382100 621.2
1382110 620.1
1382120 620.1
1382130 618.4
1382140 615.8
1382150 615.8
1382160 615.0
1382170 616.7
1382180 616.7
1382190 620.8
1382200 623.2
1382210 623.2
1382220 623.7
1382230 624.0
1382240 624.0
1382250 624.3
1382260 624.6
1382270 624.6
1382280 625.0
1382290 625.5
1382300 625.5
1382310 625.6
1382320 626.3
1382330 626.7
1382340 626.7
1382350 627.0
1382360 626.8
1382370 626.8
1382380 626.1
1382390 626.3
1382400 626.3
1382410 626.7
1382420 627.7
1382430 627.7
1382440 630.8
1382450 634.0
1382460 634.0
1382470 635.5
1382480 636.4
1382490 636.4
1382500 636.9
1382510 637.2
1382520 637.2
1382530 637.6
1382540 638.0
1382550 638.0
1382560 638.6
1382570 639.5
1382580 639.5
1382590 640.6
1382600 641.7
1382610 641.7
1382620 642.8
1382630 643.8
1382640 643.8
1382650 644.6
1382660 645.7
1382670 645.7
1382680 646.8
1382690 647.7
1382700 647.7
1382710 649.0
1382720 650.1
1382730 650.1
1382740 651.2
1382750 652.6
1382760 655.0
1382770 655.0
1382780 657.8
1382790 659.8
1382800 659.8
1382810 661.3
1382820 663.4
1382830 663.4
1382840 665.6
1382850 667.9
1382860 667.9
1382870 670.2
1382880 672.3
1382890 672.3
1382900 674.1
1382910 675.4
1382920 675.4
1382930 676.7
1382940 678.3
1382950 678.3
1382960 679.6
1382970 680.7
1382980 680.7
1382990 681.7
1383000 682.4
1383010 682.4
1383020 682.5
1383030 682.5
1383040 682.5
1383050 682.6
1383060 682.3
1383070 682.3
1383080 682.0
1383090 683.5
1383100 683.5
1383110 686.5
1383120 690.9
1383130 690.9
1383140 695.8
1383150 697.9
1383160 697.9
1383170 698.1
1383180 696.9
1383190 694.9
1383200 694.9
1383210 693.8
1383220 693.0
1383230 693.0
1383240 693.0
1383250 689.8
1383260 689.8
1383270 683.6
1383280 676.9
1383290 676.9
1383300 674.7
1383310 677.7
1383320 677.7
1383330 681.2
1383340 683.7
1383350 683.7
1383360 686.3
1383370 685.6
1383380 685.6
1383390 687.7
1383400 690.0
1383410 690.0
1383420 689.9
1383430 687.5
1383440 687.5
1383450 685.0
1383460 683.5
1383470 683.5
1383480 683.0
1383490 682.3
1383500 682.3
1383510 681.6
1383520 680.6
1383530 680.6
1383540 681.9
1383550 681.5
1383560 681.5
1383570 684.3
1383580 688.3
1383590 688.3
1383600 691.1
1383610 692.7
1383620 694.4
1383630 694.4
1383640 696.1
1383650 697.9
1383660 697.9
1383670 699.7
1383680 701.5
1383690 701.5
1383700 703.2
1383710 705.9
1383720 705.9
1383730 707.1
1383740 708.1
1383750 708.1
1383760 710.2
1383770 712.2
1383780 712.2
1383790 713.9
1383800 715.4
1383810 715.4
1383820 718.3
1383830 721.3
1383840 721.3
1383850 724.5
1383860 728.6
1383870 728.6
1383880 731.7
1383890 735.1
1383900 735.1
1383910 738.8
1383920 742.8
1383930 742.8
1383940 746.6
1383950 749.6
1383960 749.6
1383970 751.6
1383980 753.2
1383990 753.2
1384000 754.4
1384010 755.7
1384020 755.7
1384030 757.0
1384040 757.8
1384050 758.5
1384060 758.5
1384070 758.8
1384080 758.5
1384090 758.5
1384100 757.8
1384110 756.7
1384120 756.7
1384130 755.6
1384140 754.9
1384150 754.9
1384160 754.1
1384170 753.5
1384180 753.5
1384190 753.0
1384200 752.3
1384210 752.3
1384220 751.7
1384230 751.0
1384240 751.0
1384250 750.5
1384260 750.1
1384270 750.1
1384280 749.2
1384290 748.1
1384300 748.1
1384310 747.6
1384320 747.2
1384330 747.2
1384340 746.9
1384350 746.3
1384360 746.3
1384370 745.6
1384380 745.1
1384390 745.1
1384400 745.0
1384410 745.3
1384420 745.3
1384430 745.4
1384440 745.7
1384450 745.7
1384460 745.9
1384470 745.8
1384480 745.8
1384490 745.8
1384500 745.8
1384510 745.8
1384520 745.8
1384530 745.6
1384540 745.5
1384550 745.5
1384560 745.4
1384570 745.2
1384580 745.2
1384590 744.5
1384600 738.2
1384610 738.2
1384620 732.0
1384630 728.9
1384640 728.9
1384650 717.7
1384660 713.1
1384670 713.1
1384680 708.4
1384690 703.4
1384700 703.4
1384710 707.7
1384720 715.6
1384730 715.6
1384740 721.7
1384750 725.8
1384760 725.8
1384770 731.4
1384780 738.8
1384790 738.8
1384800 741.6
1384810 743.3
1384820 743.3
1384830 744.3
1384840 744.6
1384850 744.6
1384860 743.9
1384870 743.1
1384880 743.1
1384890 742.6
1384900 741.9
1384910 741.0
1384920 741.0
1384930 739.9
1384940 738.9
1384950 738.9
1384960 738.2
1384970 737.4
1384980 737.4
1384990 736.5
1385000 735.4
1385010 735.4
1385020 734.4
1385030 733.5
1385040 733.5
1385050 732.6
1385060 731.7
1385070 731.7
1385080 730.8
1385090 729.3
1385100 729.3
1385110 729.8
1385120 729.4
1385130 729.4
1385140 728.7
1385150 727.5
1385160 727.5
1385170 726.2
1385180 725.0
1385190 725.0
1385200 723.9
1385210 723.1
1385220 723.1
1385230 722.2
1385240 721.1
1385250 721.1
1385260 720.1
1385270 719.3
1385280 719.3
1385290 718.4
1385300 717.5
1385310 717.5
1385320 716.5
1385330 715.3
1385340 714.0
1385350 714.0
1385360 712.7
1385370 711.5
1385380 711.5
1385390 710.2
1385400 708.7
1385410 708.7
1385420 707.7
1385430 707.8
1385440 707.8
1385450 708.1
1385460 708.2
1385470 708.2
1385480 708.2
1385490 707.8
1385500 707.8
1385510 707.4
1385520 706.9
1385530 706.9
1385540 706.2
1385550 705.3
1385560 705.3
1385570 704.2
1385580 702.9
1385590 702.9
1385600 701.6
1385610 700.3
1385620 700.3
1385630 699.0
1385640 697.8
1385650 697.8
1385660 696.8
1385670 696.0
1385680 696.0
1385690 695.3
1385700 694.7
1385710 694.7
1385720 694.3
1385730 694.1
1385740 694.1
1385750 693.9
1385760 693.6
1385770 692.7
1385780 692.7
1385790 691.4
1385800 690.1
1385810 690.1
1385820 689.0
1385830 688.2
1385840 688.2
1385850 687.8
1385860 687.4
1385870 687.4
1385880 687.1
1385890 686.7
1385900 686.7
1385910 686.3
1385920 685.9
1385930 685.9
1385940 686.5
1385950 686.0
1385960 686.0
1385970 685.3
1385980 684.2
1385990 684.2
1386000 681.1
1386010 675.5
1386020 675.5
1386030 670.2
1386040 667.5
1386050 667.5
1386060 665.1
1386070 663.5
1386080 663.5
1386090 662.9
1386100 661.4
1386110 661.4
1386120 658.8
1386130 656.2
1386140 656.2
1386150 655.1
1386160 655.0
1386170 655.0
1386180 654.7
1386190 653.0
1386200 651.7
1386210 651.7
1386220 651.9
1386230 652.7
1386240 652.7
1386250 653.3
1386260 653.4
1386270 653.4
1386280 653.4
1386290 653.6
1386300 653.6
1386310 653.7
1386320 653.8
1386330 653.8
1386340 653.8
1386350 653.9
1386360 653.9
1386370 654.1
1386380 654.3
1386390 654.3
1386400 654.5
1386410 654.6
1386420 654.6
1386430 654.7
1386440 654.9
1386450 654.9
1386460 654.8
1386470 654.9
1386480 654.9
1386490 655.2
1386500 654.8
1386510 654.8
1386520 653.9
1386530 653.9
1386540 653.9
1386550 654.1
1386560 654.5
1386570 654.5
1386580 655.0
1386590 655.0
1386600 655.0
1386610 655.4
1386620 655.4
1386630 655.6
1386640 655.6
1380000 586.7
1380010 586.6
1380020 586.7
1380030 586.7
1380040 586.7
1380050 586.4
1380060 586.4
1380070 586.2
1380080 586.1
1380090 586.1
1380100 586.1
1380110 586.5
1380120 586.5
1380130 586.6
1380140 586.7
1380150 586.7
1380160 587.0
1380170 586.9
1380180 587.0
1380190 587.0
1380200 586.9
1380210 586.7
1380220 586.7
1380230 586.7
1380240 586.9
1380250 586.9
1380260 586.9
1380270 586.9
1380280 586.9
1380290 587.0
1380300 587.0
1380310 587.0
1380320 586.9
1380330 587.7
1380340 587.7
1380350 585.8
1380360 584.0
1380370 584.0
1380380 583.9
1380390 584.0
1380400 584.0
1380410 586.1
1380420 587.0
1380430 587.0
1380440 586.7
1380450 586.8
1380460 586.8
1380470 587.4
1380480 587.8
1380490 587.8
1380500 586.7
1380510 586.7
1380520 586.7
1380530 587.1
1380540 587.3
1380550 587.3
1380560 587.3
1380570 587.3
1380580 587.3
1380590 587.4
1380600 587.4
1380610 587.4
1380620 587.4
1380630 587.3
1380640 587.3
1380650 587.3
1380660 587.4
1380670 587.3
1380680 587.3
1380690 586.9
1380700 586.8
1380710 586.8
1380720 586.9
1380730 587.0
1380740 587.0
1380750 587.1
1380760 587.4
1380770 587.4
1380780 587.4
1380790 587.3
1380800 587.3
1380810 587.3
1380820 587.2
1380830 587.2
1380840 586.6
1380850 586.4
1380860 586.5
1380870 587.0
1380880 587.6
1380890 587.6
1380900 587.2
1380910 586.8
1380920 586.8
1380930 586.8
1380940 587.0
1380950 587.0
1380960 587.1
1380970 587.0
1380980 587.0
1380990 587.1
1381000 587.1
1381010 587.1
1381020 587.2
1381030 587.1
1381040 587.1
1381050 587.1
1381060 587.2
1381070 587.3
1381080 587.3
1381090 587.4
1381100 587.2
1381110 587.2
1381120 587.2
1381130 587.4
1381140 587.4
1381150 587.6
1381160 588.8
1381170 588.8
1381180 589.5
1381190 589.4
1381200 589.4
1381210 589.7
1381220 589.6
1381230 589.6
1381240 589.5
1381250 589.5
1381260 589.5
1381270 589.5
1381280 589.5
1381290 589.5
1381300 589.6
1381310 589.5
1381320 589.5
1381330 589.4
1381340 589.4
1381350 589.4
1381360 589.4
1381370 589.5
1381380 589.5
1381390 589.5
1381400 589.5
1381410 589.5
1381420 589.7
1381430 589.9
1381440 589.9
1381450 590.5
1381460 591.5
1381470 590.6
1381480 590.6
1381490 590.8
1381500 591.6
1381510 591.6
1381520 591.6
1381530 591.6
1381540 591.6
1381550 592.1
1381560 592.2
1381570 592.2
1381580 592.3
1381590 592.5
1381600 592.5
1381610 592.9
1381620 593.0
1381630 593.0
1381640 592.7
1381650 592.9
1381660 592.9
1381670 593.2
1381680 593.4
1381690 593.4
1381700 593.5
1381710 593.5
1381720 593.5
1381730 593.4
1381740 593.4
1381750 593.4
1381760 593.4
1381770 593.5
1381780 593.5
1381790 593.6
1381800 594.1
1381810 594.1
1381820 595.0
1381830 595.6
1381840 595.6
1381850 596.0
1381860 596.9
1381870 596.9
1381880 599.6
1381890 604.9
1381900 609.3
1381910 609.3
1381920 613.5
1381930 615.6
1381940 615.6
1381950 616.3
1381960 617.1
1381970 617.1
1381980 617.7
1381990 618.9
1382000 618.9
1382010 619.2
1382020 619.6
1382030 619.6
1382040 620.0
1382050 620.3
1382060 620.3
1382070 620.6
1382080 620.9
1382090 620.9
1382100 621.2
1382110 620.1
1382120 620.1
1382130 618.4
1382140 615.8
1382150 615.8
1382160 615.0
1382170 616.7
1382180 616.7
1382190 620.8
1382200 623.2
1382210 623.2
1382220 623.7
1382230 624.0
1382240 624.0
1382250 624.3
1382260 624.6
1382270 624.6
1382280 625.0
1382290 625.5
1382300 625.5
1382310 625.6
1382320 626.3
1382330 626.7
1382340 626.7
1382350 627.0
1382360 626.8
1382370 626.8
1382380 626.1
1382390 626.3
1382400 626.3
1382410 626.7
1382420 627.7
1382430 627.7
1382440 630.8
1382450 634.0
1382460 634.0
1382470 635.5
1382480 636.4
1382490 636.4
1382500 636.9
1382510 637.2
1382520 637.2
1382530 637.6
1382540 638.0
1382550 638.0
1382560 638.6
1382570 639.5
1382580 639.5
1382590 640.6
1382600 641.7
1382610 641.7
1382620 642.8
1382630 643.8
1382640 643.8
1382650 644.6
1382660 645.7
1382670 645.7
1382680 646.8
1382690 647.7
1382700 647.7
1382710 649.0
1382720 650.1
1382730 650.1
1382740 651.2
1382750 652.6
1382760 655.0
1382770 655.0
1382780 657.8
1382790 659.8
1382800 659.8
1382810 661.3
1382820 663.4
1382830 663.4
1382840 665.6
1382850 667.9
1382860 667.9
1382870 670.2
1382880 672.3
1382890 672.3
1382900 674.1
1382910 675.4
1382920 675.4
1382930 676.7
1382940 678.3
1382950 678.3
1382960 679.6
1382970 680.7
1382980 680.7
1382990 681.7
1383000 682.4
1383010 682.4
1383020 682.5
1383030 682.5
1383040 682.5
1383050 682.6
1383060 682.3
1383070 682.3
1383080 682.0
1383090 683.5
1383100 683.5
1383110 686.5
1383120 690.9
1383130 690.9
1383140 695.8
1383150 697.9
1383160 697.9
1383170 698.1
1383180 696.9
1383190 694.9
1383200 694.9
1383210 693.8
1383220 693.0
1383230 693.0
1383240 693.0
1383250 689.8
1383260 689.8
1383270 683.6
1383280 676.9
1383290 676.9
1383300 674.7
1383310 677.7
1383320 677.7
1383330 681.2
1383340 683.7
1383350 683.7
1383360 686.3
1383370 685.6
1383380 685.6
1383390 687.7
1383400 690.0
1383410 690.0
1383420 689.9
1383430 687.5
1383440 687.5
1383450 685.0
1383460 683.5
1383470 683.5
1383480 683.0
1383490 682.3
1383500 682.3
1383510 681.6
1383520 680.6
1383530 680.6
1383540 681.9
1383550 681.5
1383560 681.5
1383570 684.3
1383580 688.3
1383590 688.3
1383600 691.1
1383610 692.7
1383620 694.4
1383630 694.4
1383640 696.1
1383650 697.9
1383660 697.9
1383670 699.7
1383680 701.5
1383690 701.5
1383700 703.2
1383710 705.9
1383720 705.9
1383730 707.1
1383740 708.1
1383750 708.1
1383760 710.2
1383770 712.2
1383780 712.2
1383790 713.9
1383800 715.4
1383810 715.4
1383820 718.3
1383830 721.3
1383840 721.3
1383850 724.5
1383860 728.6
1383870 728.6
1383880 731.7
1383890 735.1
1383900 735.1
1383910 738.8
1383920 742.8
1383930 742.8
1383940 746.6
1383950 749.6
1383960 749.6
1383970 751.6
1383980 753.2
1383990 753.2
1384000 754.4
1384010 755.7
1384020 755.7
1384030 757.0
1384040 757.8
1384050 758.5
1384060 758.5
1384070 758.8
1384080 758.5
1384090 758.5
1384100 757.8
1384110 756.7
1384120 756.7
1384130 755.6
1384140 754.9
1384150 754.9
1384160 754.1
1384170 753.5
1384180 753.5
1384190 753.0
1384200 752.3
1384210 752.3
1384220 751.7
1384230 751.0
1384240 751.0
1384250 750.5
1384260 750.1
1384270 750.1
1384280 749.2
1384290 748.1
1384300 748.1
1384310 747.6
1384320 747.2
1384330 747.2
1384340 746.9
1384350 746.3
1384360 746.3
1384370 745.6
1384380 745.1
1384390 745.1
1384400 745.0
1384410 745.3
1384420 745.3
1384430 745.4
1384440 745.7
1384450 745.7
1384460 745.9
1384470 745.8
1384480 745.8
1384490 745.8
1384500 745.8
1384510 745.8
1384520 745.8
1384530 745.6
1384540 745.5
1384550 745.5
1384560 745.4
1384570 745.2
1384580 745.2
1384590 744.5
1384600 738.2
1384610 738.2
1384620 732.0
1384630 728.9
1384640 728.9
1384650 717.7
1384660 713.1
1384670 713.1
1384680 708.4
1384690 703.4
1384700 703.4
1384710 707.7
1384720 715.6
1384730 715.6
1384740 721.7
1384750 725.8
1384760 725.8
1384770 731.4
1384780 738.8
1384790 738.8
1384800 741.6
1384810 743.3
1384820 743.3
1384830 744.3
1384840 744.6
1384850 744.6
1384860 743.9
1384870 743.1
1384880 743.1
1384890 742.6
1384900 741.9
1384910 741.0
1384920 741.0
1384930 739.9
1384940 738.9
1384950 738.9
1384960 738.2
1384970 737.4
1384980 737.4
1384990 736.5
1385000 735.4
1385010 735.4
1385020 734.4
1385030 733.5
1385040 733.5
1385050 732.6
1385060 731.7
1385070 731.7
1385080 730.8
1385090 729.3
1385100 729.3
1385110 729.8
1385120 729.4
1385130 729.4
1385140 728.7
1385150 727.5
1385160 727.5
1385170 726.2
1385180 725.0
1385190 725.0
1385200 723.9
1385210 723.1
1385220 723.1
1385230 722.2
1385240 721.1
1385250 721.1
1385260 720.1
1385270 719.3
1385280 719.3
1385290 718.4
1385300 717.5
1385310 717.5
1385320 716.5
1385330 715.3
1385340 714.0
1385350 714.0
1385360 712.7
1385370 711.5
1385380 711.5
1385390 710.2
1385400 708.7
1385410 708.7
1385420 707.7
1385430 707.8
1385440 707.8
1385450 708.1
1385460 708.2
1385470 708.2
1385480 708.2
1385490 707.8
1385500 707.8
1385510 707.4
1385520 706.9
1385530 706.9
1385540 706.2
1385550 705.3
1385560 705.3
1385570 704.2
1385580 702.9
1385590 702.9
1385600 701.6
1385610 700.3
1385620 700.3
1385630 699.0
1385640 697.8
1385650 697.8
1385660 696.8
1385670 696.0
1385680 696.0
1385690 695.3
1385700 694.7
1385710 694.7
1385720 694.3
1385730 694.1
1385740 694.1
1385750 693.9
1385760 693.6
1385770 692.7
1385780 692.7
1385790 691.4
1385800 690.1
1385810 690.1
1385820 689.0
1385830 688.2
1385840 688.2
1385850 687.8
1385860 687.4
1385870 687.4
1385880 687.1
1385890 686.7
1385900 686.7
1385910 686.3
1385920 685.9
1385930 685.9
1385940 686.5
1385950 686.0
1385960 686.0
1385970 685.3
1385980 684.2
1385990 684.2
1386000 681.1
1386010 675.5
1386020 675.5
1386030 670.2
1386040 667.5
1386050 667.5
1386060 665.1
1386070 663.5
1386080 663.5
1386090 662.9
1386100 661.4
1386110 661.4
1386120 658.8
1386130 656.2
1386140 656.2
1386150 655.1
1386160 655.0
1386170 655.0
1386180 654.7
1386190 653.0
1386200 651.7
1386210 651.7
1386220 651.9
1386230 652.7
1386240 652.7
1386250 653.3
1386260 653.4
1386270 653.4
1386280 653.4
1386290 653.6
1386300 653.6
1386310 653.7
1386320 653.8
1386330 653.8
1386340 653.8
1386350 653.9
1386360 653.9
1386370 654.1
1386380 654.3
1386390 654.3
1386400 654.5
1386410 654.6
1386420 654.6
1386430 654.7
1386440 654.9
1386450 654.9
1386460 654.8
1386470 654.9
1386480 654.9
1386490 655.2
1386500 654.8
1386510 654.8
1386520 653.9
1386530 653.9
1386540 653.9
1386550 654.1
1386560 654.5
1386570 654.5
1386580 655.0
1386590 655.0
1386600 655.0
1386610 655.4
1386620 655.4
1386630 655.6
1386640 655.6
1380000 586.7
1380010 586.6
1380020 586.7
1380030 586.7
1380040 586.7
1380050 586.4
1380060 586.4
1380070 586.2
1380080 586.1
1380090 586.1
1380100 586.1
1380110 586.5
1380120 586.5
1380130 586.6
1380140 586.7
1380150 586.7
1380160 587.0
1380170 586.9
1380180 587.0
1380190 587.0
1380200 586.9
1380210 586.7
1380220 586.7
1380230 586.7
1380240 586.9
1380250 586.9
1380260 586.9
1380270 586.9
1380280 586.9
1380290 587.0
1380300 587.0
1380310 587.0
1380320 586.9
1380330 587.7
1380340 587.7
1380350 585.8
1380360 584.0
1380370 584.0
1380380 583.9
1380390 584.0
1380400 584.0
1380410 586.1
1380420 587.0
1380430 587.0
1380440 586.7
1380450 586.8
1380460 586.8
1380470 587.4
1380480 587.8
1380490 587.8
1380500 586.7
1380510 586.7
1380520 586.7
1380530 587.1
1380540 587.3
1380550 587.3
1380560 587.3
1380570 587.3
1380580 587.3
1380590 587.4
1380600 587.4
1380610 587.4
1380620 587.4
1380630 587.3
1380640 587.3
1380650 587.3
1380660 587.4
1380670 587.3
1380680 587.3
1380690 586.9
1380700 586.8
1380710 586.8
1380720 586.9
1380730 587.0
1380740 587.0
1380750 587.1
1380760 587.4
1380770 587.4
1380780 587.4
1380790 587.3
1380800 587.3
1380810 587.3
1380820 587.2
1380830 587.2
1380840 586.6
1380850 586.4
1380860 586.5
1380870 587.0
1380880 587.6
1380890 587.6
1380900 587.2
1380910 586.8
1380920 586.8
1380930 586.8
1380940 587.0
1380950 587.0
1380960 587.1
1380970 587.0
1380980 587.0
1380990 587.1
1381000 587.1
1381010 587.1
1381020 587.2
1381030 587.1
1381040 587.1
1381050 587.1
1381060 587.2
1381070 587.3
1381080 587.3
1381090 587.4
1381100 587.2
1381110 587.2
1381120 587.2
1381130 587.4
1381140 587.4
1381150 587.6
1381160 588.8
1381170 588.8
1381180 589.5
1381190 589.4
1381200 589.4
1381210 589.7
1381220 589.6
1381230 589.6
1381240 589.5
1381250 589.5
1381260 589.5
1381270 589.5
1381280 589.5
1381290 589.5
1381300 589.6
1381310 589.5
1381320 589.5
1381330 589.4
1381340 589.4
1381350 589.4
1381360 589.4
1381370 589.5
1381380 589.5
1381390 589.5
1381400 589.5
1381410 589.5
1381420 589.7
1381430 589.9
1381440 589.9
1381450 590.5
1381460 591.5
1381470 590.6
1381480 590.6
1381490 590.8
1381500 591.6
1381510 591.6
1381520 591.6
1381530 591.6
1381540 591.6
1381550 592.1
1381560 592.2
1381570 592.2
1381580 592.3
1381590 592.5
1381600 592.5
1381610 592.9
1381620 593.0
1381630 593.0
1381640 592.7
1381650 592.9
1381660 592.9
1381670 593.2
1381680 593.4
1381690 593.4
1381700 593.5
1381710 593.5
1381720 593.5
1381730 593.4
1381740 593.4
1381750 593.4
1381760 593.4
1381770 593.5
1381780 593.5
1381790 593.6
1381800 594.1
1381810 594.1
1381820 595.0
1381830 595.6
1381840 595.6
1381850 596.0
1381860 596.9
1381870 596.9
1381880 599.6
1381890 604.9
1381900 609.3
1381910 609.3
1381920 613.5
1381930 615.6
1381940 615.6
1381950 616.3
1381960 617.1
1381970 617.1
1381980 617.7
1381990 618.9
1382000 618.9
1382010 619.2
1382020 619.6
1382030 619.6
1382040 620.0
1382050 620.3
1382060 620.3
1382070 620.6
1382080 620.9
1382090 620.9
1382100 621.2
1382110 620.1
1382120 620.1
1382130 618.4
1382140 615.8
1382150 615.8
1382160 615.0
1382170 616.7
1382180 616.7
1382190 620.8
1382200 623.2
1382210 623.2
1382220 623.7
1382230 624.0
1382240 624.0
1382250 624.3
1382260 624.6
1382270 624.6
1382280 625.0
1382290 625.5
1382300 625.5
1382310 625.6
1382320 626.3
1382330 626.7
1382340 626.7
1382350 627.0
1382360 626.8
1382370 626.8
1382380 626.1
1382390 626.3
1382400 626.3
1382410 626.7
1382420 627.7
1382430 627.7
1382440 630.8
1382450 634.0
1382460 634.0
1382470 635.5
1382480 636.4
1382490 636.4
1382500 636.9
1382510 637.2
1382520 637.2
1382530 637.6
1382540 638.0
1382550 638.0
1382560 638.6
1382570 639.5
1382580 639.5
1382590 640.6
1382600 641.7
1382610 641.7
1382620 642.8
1382630 643.8
1382640 643.8
1382650 644.6
1382660 645.7
1382670 645.7
1382680 646.8
1382690 647.7
1382700 647.7
1382710 649.0
1382720 650.1
1382730 650.1
1382740 651.2
1382750 652.6
1382760 655.0
1382770 655.0
1382780 657.8
1382790 659.8
1382800 659.8
1382810 661.3
1382820 663.4
1382830 663.4
1382840 665.6
1382850 667.9
1382860 667.9
1382870 670.2
1382880 672.3
1382890 672.3
1382900 674.1
1382910 675.4
1382920 675.4
1382930 676.7
1382940 678.3
1382950 678.3
1382960 679.6
1382970 680.7
1382980 680.7
1382990 681.7
1383000 682.4
1383010 682.4
1383020 682.5
1383030 682.5
1383040 682.5
1383050 682.6
1383060 682.3
1383070 682.3
1383080 682.0
1383090 683.5
1383100 683.5
1383110 686.5
1383120 690.9
1383130 690.9
1383140 695.8
1383150 697.9
1383160 697.9
1383170 698.1
1383180 696.9
1383190 694.9
1383200 694.9
1383210 693.8
1383220 693.0
1383230 693.0
1383240 693.0
1383250 689.8
1383260 689.8
1383270 683.6
1383280 676.9
1383290 676.9
1383300 674.7
1383310 677.7
1383320 677.7
1383330 681.2
1383340 683.7
1383350 683.7
1383360 686.3
1383370 685.6
1383380 685.6
1383390 687.7
1383400 690.0
1383410 690.0
1383420 689.9
1383430 687.5
1383440 687.5
1383450 685.0
1383460 683.5
1383470 683.5
1383480 683.0
1383490 682.3
1383500 682.3
1383510 681.6
1383520 680.6
1383530 680.6
1383540 681.9
1383550 681.5
1383560 681.5
1383570 684.3
1383580 688.3
1383590 688.3
1383600 691.1
1383610 692.7
1383620 694.4
1383630 694.4
1383640 696.1
1383650 697.9
1383660 697.9
1383670 699.7
1383680 701.5
1383690 701.5
1383700 703.2
1383710 705.9
1383720 705.9
1383730 707.1
1383740 708.1
1383750 708.1
1383760 710.2
1383770 712.2
1383780 712.2
1383790 713.9
1383800 715.4
1383810 715.4
1383820 718.3
1383830 721.3
1383840 721.3
1383850 724.5
1383860 728.6
1383870 728.6
1383880 731.7
1383890 735.1
1383900 735.1
1383910 738.8
1383920 742.8
1383930 742.8
1383940 746.6
1383950 749.6
1383960 749.6
1383970 751.6
1383980 753.2
1383990 753.2
1384000 754.4
1384010 755.7
1384020 755.7
1384030 757.0
1384040 757.8
1384050 758.5
1384060 758.5
1384070 758.8
1384080 758.5
1384090 758.5
1384100 757.8
1384110 756.7
1384120 756.7
1384130 755.6
1384140 754.9
1384150 754.9
1384160 754.1
1384170 753.5
1384180 753.5
1384190 753.0
1384200 752.3
1384210 752.3
1384220 751.7
1384230 751.0
1384240 751.0
1384250 750.5
1384260 750.1
1384270 750.1
1384280 749.2
1384290 748.1
1384300 748.1
1384310 747.6
1384320 747.2
1384330 747.2
1384340 746.9
1384350 746.3
1384360 746.3
1384370 745.6
1384380 745.1
1384390 745.1
1384400 745.0
1384410 745.3
1384420 745.3
1384430 745.4
1384440 745.7
1384450 745.7
1384460 745.9
1384470 745.8
1384480 745.8
1384490 745.8
1384500 745.8
1384510 745.8
1384520 745.8
1384530 745.6
1384540 745.5
1384550 745.5
1384560 745.4
1384570 745.2
1384580 745.2
1384590 744.5
1384600 738.2
1384610 738.2
1384620 732.0
1384630 728.9
1384640 728.9
1384650 717.7
1384660 713.1
1384670 713.1
1384680 708.4
1384690 703.4
1384700 703.4
1384710 707.7
1384720 715.6
1384730 715.6
1384740 721.7
1384750 725.8
1384760 725.8
1384770 731.4
1384780 738.8
1384790 738.8
1384800 741.6
1384810 743.3
1384820 743.3
1384830 744.3
1384840 744.6
1384850 744.6
1384860 743.9
1384870 743.1
1384880 743.1
1384890 742.6
1384900 741.9
1384910 741.0
1384920 741.0
1384930 739.9
1384940 738.9
1384950 738.9
1384960 738.2
1384970 737.4
1384980 737.4
1384990 736.5
1385000 735.4
1385010 735.4
1385020 734.4
1385030 733.5
1385040 733.5
1385050 732.6
1385060 731.7
1385070 731.7
1385080 730.8
1385090 729.3
1385100 729.3
1385110 729.8
1385120 729.4
1385130 729.4
1385140 728.7
1385150 727.5
1385160 727.5
1385170 726.2
1385180 725.0
1385190 725.0
1385200 723.9
1385210 723.1
1385220 723.1
1385230 722.2
1385240 721.1
1385250 721.1
1385260 720.1
1385270 719.3
1385280 719.3
1385290 718.4
1385300 717.5
1385310 717.5
1385320 716.5
1385330 715.3
1385340 714.0
1385350 714.0
1385360 712.7
1385370 711.5
1385380 711.5
1385390 710.2
1385400 708.7
1385410 708.7
1385420 707.7
1385430 707.8
1385440 707.8
1385450 708.1
1385460 708.2
1385470 708.2
1385480 708.2
1385490 707.8
1385500 707.8
1385510 707.4
1385520 706.9
1385530 706.9
1385540 706.2
1385550 705.3
1385560 705.3
1385570 704.2
1385580 702.9
1385590 702.9
1385600 701.6
1385610 700.3
1385620 700.3
1385630 699.0
1385640 697.8
1385650 697.8
1385660 696.8
1385670 696.0
1385680 696.0
1385690 695.3
1385700 694.7
1385710 694.7
1385720 694.3
1385730 694.1
1385740 694.1
1385750 693.9
1385760 693.6
1385770 692.7
1385780 692.7
1385790 691.4
1385800 690.1
1385810 690.1
1385820 689.0
1385830 688.2
1385840 688.2
1385850 687.8
1385860 687.4
1385870 687.4
1385880 687.1
1385890 686.7
1385900 686.7
1385910 686.3
1385920 685.9
1385930 685.9
1385940 686.5
1385950 686.0
1385960 686.0
1385970 685.3
1385980 684.2
1385990 684.2
1386000 681.1
1386010 675.5
1386020 675.5
1386030 670.2
1386040 667.5
1386050 667.5
1386060 665.1
1386070 663.5
1386080 663.5
1386090 662.9
1386100 661.4
1386110 661.4
1386120 658.8
1386130 656.2
1386140 656.2
1386150 655.1
1386160 655.0
1386170 655.0
1386180 654.7
1386190 653.0
1386200 651.7
1386210 651.7
1386220 651.9
1386230 652.7
1386240 652.7
1386250 653.3
1386260 653.4
1386270 653.4
1386280 653.4
1386290 653.6
1386300 653.6
1386310 653.7
1386320 653.8
1386330 653.8
1386340 653.8
1386350 653.9
1386360 653.9
1386370 654.1
1386380 654.3
1386390 654.3
1386400 654.5
1386410 654.6
1386420 654.6
1386430 654.7
1386440 654.9
1386450 654.9
1386460 654.8
1386470 654.9
1386480 654.9
1386490 655.2
1386500 654.8
1386510 654.8
1386520 653.9
1386530 653.9
1386540 653.9
1386550 654.1
1386560 654.5
1386570 654.5
1386580 655.0
1386590 655.0
1386600 655.0
1386610 655.4
1386620 655.4
1386630 655.6
1386640 655.6
1380000 586.7
1380010 586.6
1380020 586.7
1380030 586.7
1380040 586.7
1380050 586.4
1380060 586.4
1380070 586.2
1380080 586.1
1380090 586.1
1380100 586.1
1380110 586.5
1380120 586.5
1380130 586.6
1380140 586.7
1380150 586.7
1380160 587.0
1380170 586.9
1380180 587.0
1380190 587.0
1380200 586.9
1380210 586.7
1380220 586.7
1380230 586.7
1380240 586.9
1380250 586.9
1380260 586.9
1380270 586.9
1380280 586.9
1380290 587.0
1380300 587.0
1380310 587.0
1380320 586.9
1380330 587.7
1380340 587.7
1380350 585.8
1380360 584.0
1380370 584.0
1380380 583.9
1380390 584.0
1380400 584.0
1380410 586.1
1380420 587.0
1380430 587.0
1380440 586.7
1380450 586.8
1380460 586.8
1380470 587.4
1380480 587.8
1380490 587.8
1380500 586.7
1380510 586.7
1380520 586.7
1380530 587.1
1380540 587.3
1380550 587.3
1380560 587.3
1380570 587.3
1380580 587.3
1380590 587.4
1380600 587.4
1380610 587.4
1380620 587.4
1380630 587.3
1380640 587.3
1380650 587.3
1380660 587.4
1380670 587.3
1380680 587.3
1380690 586.9
1380700 586.8
1380710 586.8
1380720 586.9
1380730 587.0
1380740 587.0
1380750 587.1
1380760 587.4
1380770 587.4
1380780 587.4
1380790 587.3
1380800 587.3
1380810 587.3
1380820 587.2
1380830 587.2
1380840 586.6
1380850 586.4
1380860 586.5
1380870 587.0
1380880 587.6
1380890 587.6
1380900 587.2
1380910 586.8
1380920 586.8
1380930 586.8
1380940 587.0
1380950 587.0
1380960 587.1
1380970 587.0
1380980 587.0
1380990 587.1
1381000 587.1
1381010 587.1
1381020 587.2
1381030 587.1
1381040 587.1
1381050 587.1
1381060 587.2
1381070 587.3
1381080 587.3
1381090 587.4
1381100 587.2
1381110 587.2
1381120 587.2
1381130 587.4
1381140 587.4
1381150 587.6
1381160 588.8
1381170 588.8
1381180 589.5
1381190 589.4
1381200 589.4
1381210 589.7
1381220 589.6
1381230 589.6
1381240 589.5
1381250 589.5
1381260 589.5
1381270 589.5
1381280 589.5
1381290 589.5
1381300 589.6
1381310 589.5
1381320 589.5
1381330 589.4
1381340 589.4
1381350 589.4
1381360 589.4
1381370 589.5
1381380 589.5
1381390 589.5
1381400 589.5
1381410 589.5
1381420 589.7
1381430 589.9
1381440 589.9
1381450 590.5
1381460 591.5
1381470 590.6
1381480 590.6
1381490 590.8
1381500 591.6
1381510 591.6
1381520 591.6
1381530 591.6
1381540 591.6
1381550 592.1
1381560 592.2
1381570 592.2
1381580 592.3
1381590 592.5
1381600 592.5
1381610 592.9
1381620 593.0
1381630 593.0
1381640 592.7
1381650 592.9
1381660 592.9
1381670 593.2
1381680 593.4
1381690 593.4
1381700 593.5
1381710 593.5
1381720 593.5
1381730 593.4
1381740 593.4
1381750 593.4
1381760 593.4
1381770 593.5
1381780 593.5
1381790 593.6
1381800 594.1
1381810 594.1
1381820 595.0
1381830 595.6
1381840 595.6
1381850 596.0
1381860 596.9
1381870 596.9
1381880 599.6
1381890 604.9
1381900 609.3
1381910 609.3
1381920 613.5
1381930 615.6
1381940 615.6
1381950 616.3
1381960 617.1
1381970 617.1
1381980 617.7
1381990 618.9
1382000 618.9
1382010 619.2
1382020 619.6
1382030 619.6
1382040 620.0
1382050 620.3
1382060 620.3
1382070 620.6
1382080 620.9
1382090 620.9
1382100 621.2
1382110 620.1
1382120 620.1
1382130 618.4
1382140 615.8
1382150 615.8
1382160 615.0
1382170 616.7
1382180 616.7
1382190 620.8
1382200 623.2
1382210 623.2
1382220 623.7
1382230 624.0
1382240 624.0
1382250 624.3
1382260 624.6
1382270 624.6
1382280 625.0
1382290 625.5
1382300 625.5
1382310 625.6
1382320 626.3
1382330 626.7
1382340 626.7
1382350 627.0
1382360 626.8
1382370 626.8
1382380 626.1
1382390 626.3
1382400 626.3
1382410 626.7
1382420 627.7
1382430 627.7
1382440 630.8
1382450 634.0
1382460 634.0
1382470 635.5
1382480 636.4
1382490 636.4
1382500 636.9
1382510 637.2
1382520 637.2
1382530 637.6
1382540 638.0
1382550 638.0
1382560 638.6
1382570 639.5
1382580 639.5
1382590 640.6
1382600 641.7
1382610 641.7
1382620 642.8
1382630 643.8
1382640 643.8
1382650 644.6
1382660 645.7
1382670 645.7
1382680 646.8
1382690 647.7
1382700 647.7
1382710 649.0
1382720 650.1
1382730 650.1
1382740 651.2
1382750 652.6
1382760 655.0
1382770 655.0
1382780 657.8
1382790 659.8
1382800 659.8
1382810 661.3
1382820 663.4
1382830 663.4
1382840 665.6
1382850 667.9
1382860 667.9
1382870 670.2
1382880 672.3
1382890 672.3
1382900 674.1
1382910 675.4
1382920 675.4
1382930 676.7
1382940 678.3
1382950 678.3
1382960 679.6
1382970 680.7
1382980 680.7
1382990 681.7
1383000 682.4
1383010 682.4
1383020 682.5
1383030 682.5
1383040 682.5
1383050 682.6
1383060 682.3
1383070 682.3
1383080 682.0
1383090 683.5
1383100 683.5
1383110 686.5
1383120 690.9
1383130 690.9
1383140 695.8
1383150 697.9
1383160 697.9
1383170 698.1
1383180 696.9
1383190 694.9
1383200 694.9
1383210 693.8
1383220 693.0
1383230 693.0
1383240 693.0
1383250 689.8
1383260 689.8
1383270 683.6
1383280 676.9
1383290 676.9
1383300 674.7
1383310 677.7
1383320 677.7
1383330 681.2
1383340 683.7
1383350 683.7
1383360 686.3
1383370 685.6
1383380 685.6
1383390 687.7
1383400 690.0
1383410 690.0
1383420 689.9
1383430 687.5
1383440 687.5
1383450 685.0
1383460 683.5
1383470 683.5
1383480 683.0
1383490 682.3
1383500 682.3
1383510 681.6
1383520 680.6
1383530 680.6
1383540 681.9
1383550 681.5
1383560 681.5
1383570 684.3
1383580 688.3
1383590 688.3
1383600 691.1
1383610 692.7
1383620 694.4
1383630 694.4
1383640 696.1
1383650 697.9
1383660 697.9
1383670 699.7
1383680 701.5
1383690 701.5
1383700 703.2
1383710 705.9
1383720 705.9
1383730 707.1
1383740 708.1
1383750 708.1
1383760 710.2
1383770 712.2
1383780 712.2
1383790 713.9
1383800 715.4
1383810 715.4
1383820 718.3
1383830 721.3
1383840 721.3
1383850 724.5
1383860 728.6
1383870 728.6
1383880 731.7
1383890 735.1
1383900 735.1
1383910 738.8
1383920 742.8
1383930 742.8
1383940 746.6
1383950 749.6
1383960 749.6
1383970 751.6
1383980 753.2
1383990 753.2
1384000 754.4
1384010 755.7
1384020 755.7
1384030 757.0
1384040 757.8
1384050 758.5
1384060 758.5
1384070 758.8
1384080 758.5
1384090 758.5
1384100 757.8
1384110 756.7
1384120 756.7
1384130 755.6
1384140 754.9
1384150 754.9
1384160 754.1
1384170 753.5
1384180 753.5
1384190 753.0
1384200 752.3
1384210 752.3
1384220 751.7
1384230 751.0
1384240 751.0
1384250 750.5
1384260 750.1
1384270 750.1
1384280 749.2
1384290 748.1
1384300 748.1
1384310 747.6
1384320 747.2
1384330 747.2
1384340 746.9
1384350 746.3
1384360 746.3
1384370 745.6
1384380 745.1
1384390 745.1
1384400 745.0
1384410 745.3
1384420 745.3
1384430 745.4
1384440 745.7
1384450 745.7
1384460 745.9
1384470 745.8
1384480 745.8
1384490 745.8
1384500 745.8
1384510 745.8
1384520 745.8
1384530 745.6
1384540 745.5
1384550 745.5
1384560 745.4
1384570 745.2
1384580 745.2
1384590 744.5
1384600 738.2
1384610 738.2
1384620 732.0
1384630 728.9
1384640 728.9
1384650 717.7
1384660 713.1
1384670 713.1
1384680 708.4
1384690 703.4
1384700 703.4
1384710 707.7
1384720 715.6
1384730 715.6
1384740 721.7
1384750 725.8
1384760 725.8
1384770 731.4
1384780 738.8
1384790 738.8
1384800 741.6
1384810 743.3
1384820 743.3
1384830 744.3
1384840 744.6
1384850 744.6
1384860 743.9
1384870 743.1
1384880 743.1
1384890 742.6
1384900 741.9
1384910 741.0
1384920 741.0
1384930 739.9
1384940 738.9
1384950 738.9
1384960 738.2
1384970 737.4
1384980 737.4
1384990 736.5
1385000 735.4
1385010 735.4
1385020 734.4
1385030 733.5
1385040 733.5
1385050 732.6
1385060 731.7
1385070 731.7
1385080 730.8
1385090 729.3
1385100 729.3
1385110 729.8
1385120 729.4
1385130 729.4
1385140 728.7
1385150 727.5
1385160 727.5
1385170 726.2
1385180 725.0
1385190 725.0
1385200 723.9
1385210 723.1
1385220 723.1
1385230 722.2
1385240 721.1
1385250 721.1
1385260 720.1
1385270 719.3
1385280 719.3
1385290 718.4
1385300 717.5
1385310 717.5
1385320 716.5
1385330 715.3
1385340 714.0
1385350 714.0
1385360 712.7
1385370 711.5
1385380 711.5
1385390 710.2
1385400 708.7
1385410 708.7
1385420 707.7
1385430 707.8
1385440 707.8
1385450 708.1
1385460 708.2
1385470 708.2
1385480 708.2
1385490 707.8
1385500 707.8
1385510 707.4
1385520 706.9
1385530 706.9
1385540 706.2
1385550 705.3
1385560 705.3
1385570 704.2
1385580 702.9
1385590 702.9
1385600 701.6
1385610 700.3
1385620 700.3
1385630 699.0
1385640 697.8
1385650 697.8
1385660 696.8
1385670 696.0
1385680 696.0
1385690 695.3
1385700 694.7
1385710 694.7
1385720 694.3
1385730 694.1
1385740 694.1
1385750 693.9
1385760 693.6
1385770 692.7
1385780 692.7
1385790 691.4
1385800 690.1
1385810 690.1
1385820 689.0
1385830 688.2
1385840 688.2
1385850 687.8
1385860 687.4
1385870 687.4
1385880 687.1
1385890 686.7
1385900 686.7
1385910 686.3
1385920 685.9
1385930 685.9
1385940 686.5
1385950 686.0
1385960 686.0
1385970 685.3
1385980 684.2
1385990 684.2
1386000 681.1
1386010 675.5
1386020 675.5
1386030 670.2
1386040 667.5
1386050 667.5
1386060 665.1
1386070 663.5
1386080 663.5
1386090 662.9
1386100 661.4
1386110 661.4
1386120 658.8
1386130 656.2
1386140 656.2
1386150 655.1
1386160 655.0
1386170 655.0
1386180 654.7
1386190 653.0
1386200 651.7
1386210 651.7
1386220 651.9
1386230 652.7
1386240 652.7
1386250 653.3
1386260 653.4
1386270 653.4
1386280 653.4
1386290 653.6
1386300 653.6
1386310 653.7
1386320 653.8
1386330 653.8
1386340 653.8
1386350 653.9
1386360 653.9
1386370 654.1
1386380 654.3
1386390 654.3
1386400 654.5
1386410 654.6
1386420 654.6
1386430 654.7
1386440 654.9
1386450 654.9
1386460 654.8
1386470 654.9
1386480 654.9
1386490 655.2
1386500 654.8
1386510 654.8
1386520 653.9
1386530 653.9
1386540 653.9
1386550 654.1
1386560 654.5
1386570 654.5
1386580 655.0
1386590 655.0
1386600 655.0
1386610 655.4
1386620 655.4
1386630 655.6
1386640 655.6
