1380000 673.6
1380010 684.9
1380020 691.1
1380030 691.1
1380040 693.0
1380050 695.4
1380060 695.4
1380070 701.9
1380080 710.1
1380090 710.1
1380100 720.0
1380110 733.5
1380120 733.5
1380130 745.7
1380140 753.3
1380150 753.3
1380160 763.0
1380170 768.0
1380180 768.0
1380190 773.1
1380200 777.4
1380210 777.4
1380220 780.9
1380230 785.1
1380240 785.1
1380250 791.7
1380260 797.0
1380270 797.0
1380280 799.1
1380290 800.1
1380300 803.0
1380310 803.0
1380320 810.4
1380330 815.4
1380340 815.4
1380350 816.4
1380360 821.4
1380370 821.4
1380380 828.0
1380390 835.5
1380400 835.5
1380410 841.6
1380420 843.5
1380430 843.5
1380440 847.2
1380450 847.9
1380460 847.9
1380470 847.0
1380480 847.5
1380490 847.5
1380500 846.1
1380510 842.6
1380520 842.6
1380530 837.1
1380540 835.1
1380550 835.1
1380560 835.5
1380570 834.7
1380580 834.7
1380590 833.6
1380600 832.8
1380610 832.8
1380620 833.1
1380630 833.3
1380640 833.3
1380650 833.0
1380660 833.1
1380670 833.1
1380680 833.6
1380690 834.2
1380700 834.2
1380710 834.0
1380720 833.6
1380730 832.7
1380740 832.7
1380750 831.4
1380760 829.6
1380770 829.6
1380780 827.7
1380790 825.1
1380800 825.1
1380810 822.3
1380820 820.4
1380830 820.4
1380840 813.9
1380850 811.5
1380860 811.5
1380870 809.2
1380880 807.3
1380890 807.3
1380900 806.5
1380910 806.0
1380920 806.0
1380930 805.4
1380940 804.9
1380950 804.9
1380960 803.2
1380970 798.2
1380980 798.2
1380990 790.9
1381000 785.4
1381010 785.4
1381020 774.2
1381030 762.1
1381040 762.1
1381050 758.0
1381060 762.3
1381070 762.3
1381080 767.3
1381090 771.7
1381100 771.7
1381110 775.9
1381120 779.8
1381130 779.8
1381140 783.9
1381150 787.8
1381160 787.8
1381170 790.4
1381180 791.1
1381190 790.8
1381200 790.8
1381210 791.7
1381220 790.9
1381230 790.9
1381240 786.7
1381250 782.2
1381260 782.2
1381270 782.5
1381280 783.1
1381290 783.1
1381300 783.4
1381310 784.8
1381320 784.8
1381330 786.2
1381340 786.7
1381350 786.7
1381360 787.6
1381370 789.5
1381380 789.5
1381390 791.0
1381400 792.1
1381410 792.1
1381420 793.3
1381430 795.1
1381440 795.1
1381450 796.4
1381460 797.4
1381470 797.4
1381480 797.5
1381490 798.5
1381500 798.5
1381510 799.1
1381520 795.0
1381530 795.0
1381540 791.0
1381550 788.5
1381560 788.5
1381570 785.5
1381580 783.8
1381590 783.8
1381600 781.9
1381610 778.8
1381620 775.6
1381630 775.6
1381640 773.2
1381650 771.6
1381660 771.6
1381670 768.8
1381680 765.6
1381690 765.6
1381700 760.3
1381710 756.5
1381720 756.5
1381730 753.9
1381740 751.5
1381750 751.5
1381760 749.6
1381770 749.1
1381780 749.1
1381790 747.5
1381800 746.8
1381810 746.8
1381820 746.5
1381830 743.3
1381840 743.3
1381850 739.2
1381860 735.6
1381870 735.6
1381880 733.0
1381890 730.9
1381900 730.9
1381910 729.8
1381920 729.6
1381930 729.6
1381940 730.2
1381950 730.1
1381960 730.1
1381970 728.6
1381980 728.4
1381990 728.4
1382000 724.8
1382010 718.5
1382020 718.5
1382030 711.9
1382040 705.0
1382050 697.1
1382060 697.1
1382070 694.3
1382080 696.8
1382090 698.7
1382100 706.3
1382110 713.3
1382120 713.3
1382130 719.1
1382140 724.5
1382150 724.5
1382160 729.1
1382170 733.2
1382180 733.2
1382190 736.8
1382200 740.5
1382210 740.5
1382220 744.6
1382230 748.9
1382240 748.9
1382250 753.3
1382260 756.8
1382270 756.8
1382280 759.2
1382290 761.6
1382300 761.6
1382310 764.6
1382320 768.0
1382330 768.0
1382340 770.1
1382350 772.2
1382360 772.2
1382370 775.3
1382380 778.8
1382390 778.8
1382400 782.1
1382410 785.9
1382420 785.9
1382430 790.7
1382440 794.4
1382450 794.4
1382460 795.7
1382470 797.1
1382480 797.1
1382490 797.8
1382500 796.5
1382510 792.9
1382520 792.9
1382530 796.8
1382540 801.7
1382550 801.7
1382560 803.6
1382570 805.2
1382580 805.2
1382590 806.9
1382600 808.2
1382610 808.2
1382620 809.5
1382630 810.5
1382640 810.5
1382650 811.6
1382660 812.7
1382670 812.7
1382680 813.8
1382690 815.3
1382700 815.3
1382710 817.1
1382720 819.0
1382730 819.0
1382740 820.9
1382750 822.8
1382760 822.8
1382770 824.6
1382780 826.0
1382790 826.0
1382800 827.3
1382810 828.3
1382820 828.3
1382830 829.1
1382840 829.9
1382850 829.9
1382860 830.4
1382870 830.7
1382880 830.7
1382890 830.8
1382900 830.5
1382910 830.5
1382920 830.2
1382930 829.9
1382940 829.1
1382950 829.1
1382960 828.4
1382970 827.8
1382980 827.8
1382990 826.4
1383000 824.0
1383010 824.0
1383020 822.1
1383030 821.4
1383040 821.4
1383050 821.3
1383060 821.1
1383070 821.1
1383080 819.7
1383090 818.6
1383100 818.6
1383110 817.5
1383120 816.1
1383130 816.1
1383140 814.5
1383150 813.4
1383160 813.4
1383170 812.3
1383180 810.6
1383190 810.6
1383200 808.3
1383210 805.8
1383220 805.8
1383230 803.4
1383240 801.3
1383250 801.3
1383260 799.6
1383270 798.8
1383280 798.8
1383290 798.5
1383300 798.1
1383310 798.1
1383320 797.5
1383330 796.4
1383340 796.4
1383350 793.3
1383360 789.7
1383370 789.7
1383380 790.5
1383390 796.7
1383400 799.7
1383410 799.7
1383420 799.7
1383430 796.5
1383440 796.5
1383450 790.8
1383460 784.9
1383470 784.9
1383480 780.0
1383490 777.8
1383500 777.8
1383510 782.2
1383520 788.2
1383530 788.2
1383540 793.7
1383550 798.7
1383560 798.7
1383570 801.9
1383580 802.8
1383590 802.8
1383600 804.4
1383610 806.9
1383620 806.9
1383630 809.4
1383640 811.5
1383650 811.5
1383660 813.2
1383670 814.4
1383680 814.4
1383690 815.3
1383700 816.4
1383710 816.4
1383720 817.5
1383730 817.4
1383740 817.4
1383750 816.9
1383760 816.8
1383770 816.8
1383780 816.9
1383790 817.1
1383800 817.1
1383810 817.2
1383820 816.6
1383830 814.7
1383840 814.7
1383850 812.3
1383860 809.6
1383870 809.6
1383880 804.7
1383890 799.8
1383900 799.8
1383910 796.8
1383920 793.7
1383930 793.7
1383940 791.0
1383950 788.2
1383960 788.2
1383970 784.5
1383980 781.6
1383990 781.6
1384000 780.4
1384010 778.8
1384020 778.8
1384030 775.1
1384040 770.0
1384050 770.0
1384060 765.3
1384070 763.1
1384080 763.1
1384090 760.7
1384100 759.1
1384110 759.1
1384120 763.2
1384130 770.2
1384140 770.2
1384150 776.2
1384160 778.4
1384170 778.4
1384180 780.6
1384190 783.8
1384200 783.8
1384210 789.0
1384220 792.2
1384230 792.2
1384240 793.9
1384250 797.8
1384260 801.0
1384270 801.0
1384280 803.1
1384290 806.1
1384300 806.1
1384310 809.0
1384320 811.9
1384330 811.9
1384340 815.2
1384350 818.8
1384360 818.8
1384370 822.5
1384380 826.3
1384390 826.3
1384400 831.2
1384410 835.8
1384420 835.8
1384430 840.3
1384440 844.9
1384450 844.9
1384460 849.6
1384470 855.4
1384480 855.4
1384490 860.4
1384500 865.0
1384510 865.0
1384520 869.4
1384530 874.0
1384540 874.0
1384550 878.9
1384560 884.3
1384570 884.3
1384580 889.0
1384590 892.4
1384600 892.4
1384610 894.9
1384620 891.2
1384630 891.2
1384640 889.2
1384650 886.7
1384660 886.7
1384670 885.8
1384680 888.6
1384690 888.6
1384700 892.7
1384710 896.4
1384720 900.6
1384730 900.6
1384740 905.1
1384750 909.8
1384760 909.8
1384770 914.1
1384780 918.1
1384790 918.1
1384800 921.3
1384810 923.9
1384820 923.9
1384830 922.9
1384840 917.5
1384850 917.5
1384860 910.7
1384870 902.9
1384880 902.9
1384890 894.8
1384900 887.8
1384910 887.8
1384920 883.8
1384930 885.3
1384940 885.3
1384950 888.9
1384960 891.5
1384970 891.5
1384980 894.7
1384990 895.6
1385000 895.6
1385010 896.0
1385020 897.5
1385030 897.5
1385040 900.9
1385050 905.7
1385060 905.7
1385070 910.8
1385080 916.6
1385090 916.6
1385100 920.9
1385110 920.8
1385120 920.8
1385130 914.5
1385140 907.1
1385150 900.2
1385160 900.2
1385170 893.1
1385180 886.3
1385190 886.3
1385200 882.1
1385210 880.3
1385220 880.3
1385230 877.2
1385240 872.5
1385250 872.5
1385260 868.6
1385270 866.0
1385280 866.0
1385290 865.0
1380000 673.6
1380010 684.9
1380020 691.1
1380030 691.1
1380040 693.0
1380050 695.4
1380060 695.4
1380070 701.9
1380080 710.1
1380090 710.1
1380100 720.0
1380110 733.5
1380120 733.5
1380130 745.7
1380140 753.3
1380150 753.3
1380160 763.0
1380170 768.0
1380180 768.0
1380190 773.1
1380200 777.4
1380210 777.4
1380220 780.9
1380230 785.1
1380240 785.1
1380250 791.7
1380260 797.0
1380270 797.0
1380280 799.1
1380290 800.1
1380300 803.0
1380310 803.0
1380320 810.4
1380330 815.4
1380340 815.4
1380350 816.4
1380360 821.4
1380370 821.4
1380380 828.0
1380390 835.5
1380400 835.5
1380410 841.6
1380420 843.5
1380430 843.5
1380440 847.2
1380450 847.9
1380460 847.9
1380470 847.0
1380480 847.5
1380490 847.5
1380500 846.1
1380510 842.6
1380520 842.6
1380530 837.1
1380540 835.1
1380550 835.1
1380560 835.5
1380570 834.7
1380580 834.7
1380590 833.6
1380600 832.8
1380610 832.8
1380620 833.1
1380630 833.3
1380640 833.3
1380650 833.0
1380660 833.1
1380670 833.1
1380680 833.6
1380690 834.2
1380700 834.2
1380710 834.0
1380720 833.6
1380730 832.7
1380740 832.7
1380750 831.4
1380760 829.6
1380770 829.6
1380780 827.7
1380790 825.1
1380800 825.1
1380810 822.3
1380820 820.4
1380830 820.4
1380840 813.9
1380850 811.5
1380860 811.5
1380870 809.2
1380880 807.3
1380890 807.3
1380900 806.5
1380910 806.0
1380920 806.0
1380930 805.4
1380940 804.9
1380950 804.9
1380960 803.2
1380970 798.2
1380980 798.2
1380990 790.9
1381000 785.4
1381010 785.4
1381020 774.2
1381030 762.1
1381040 762.1
1381050 758.0
1381060 762.3
1381070 762.3
1381080 767.3
1381090 771.7
1381100 771.7
1381110 775.9
1381120 779.8
1381130 779.8
1381140 783.9
1381150 787.8
1381160 787.8
1381170 790.4
1381180 791.1
1381190 790.8
1381200 790.8
1381210 791.7
1381220 790.9
1381230 790.9
1381240 786.7
1381250 782.2
1381260 782.2
1381270 782.5
1381280 783.1
1381290 783.1
1381300 783.4
1381310 784.8
1381320 784.8
1381330 786.2
1381340 786.7
1381350 786.7
1381360 787.6
1381370 789.5
1381380 789.5
1381390 791.0
1381400 792.1
1381410 792.1
1381420 793.3
1381430 795.1
1381440 795.1
1381450 796.4
1381460 797.4
1381470 797.4
1381480 797.5
1381490 798.5
1381500 798.5
1381510 799.1
1381520 795.0
1381530 795.0
1381540 791.0
1381550 788.5
1381560 788.5
1381570 785.5
1381580 783.8
1381590 783.8
1381600 781.9
1381610 778.8
1381620 775.6
1381630 775.6
1381640 773.2
1381650 771.6
1381660 771.6
1381670 768.8
1381680 765.6
1381690 765.6
1381700 760.3
1381710 756.5
1381720 756.5
1381730 753.9
1381740 751.5
1381750 751.5
1381760 749.6
1381770 749.1
1381780 749.1
1381790 747.5
1381800 746.8
1381810 746.8
1381820 746.5
1381830 743.3
1381840 743.3
1381850 739.2
1381860 735.6
1381870 735.6
1381880 733.0
1381890 730.9
1381900 730.9
1381910 729.8
1381920 729.6
1381930 729.6
1381940 730.2
1381950 730.1
1381960 730.1
1381970 728.6
1381980 728.4
1381990 728.4
1382000 724.8
1382010 718.5
1382020 718.5
1382030 711.9
1382040 705.0
1382050 697.1
1382060 697.1
1382070 694.3
1382080 696.8
1382090 698.7
1382100 706.3
1382110 713.3
1382120 713.3
1382130 719.1
1382140 724.5
1382150 724.5
1382160 729.1
1382170 733.2
1382180 733.2
1382190 736.8
1382200 740.5
1382210 740.5
1382220 744.6
1382230 748.9
1382240 748.9
1382250 753.3
1382260 756.8
1382270 756.8
1382280 759.2
1382290 761.6
1382300 761.6
1382310 764.6
1382320 768.0
1382330 768.0
1382340 770.1
1382350 772.2
1382360 772.2
1382370 775.3
1382380 778.8
1382390 778.8
1382400 782.1
1382410 785.9
1382420 785.9
1382430 790.7
1382440 794.4
1382450 794.4
1382460 795.7
1382470 797.1
1382480 797.1
1382490 797.8
1382500 796.5
1382510 792.9
1382520 792.9
1382530 796.8
1382540 801.7
1382550 801.7
1382560 803.6
1382570 805.2
1382580 805.2
1382590 806.9
1382600 808.2
1382610 808.2
1382620 809.5
1382630 810.5
1382640 810.5
1382650 811.6
1382660 812.7
1382670 812.7
1382680 813.8
1382690 815.3
1382700 815.3
1382710 817.1
1382720 819.0
1382730 819.0
1382740 820.9
1382750 822.8
1382760 822.8
1382770 824.6
1382780 826.0
1382790 826.0
1382800 827.3
1382810 828.3
1382820 828.3
1382830 829.1
1382840 829.9
1382850 829.9
1382860 830.4
1382870 830.7
1382880 830.7
1382890 830.8
1382900 830.5
1382910 830.5
1382920 830.2
1382930 829.9
1382940 829.1
1382950 829.1
1382960 828.4
1382970 827.8
1382980 827.8
1382990 826.4
1383000 824.0
1383010 824.0
1383020 822.1
1383030 821.4
1383040 821.4
1383050 821.3
1383060 821.1
1383070 821.1
1383080 819.7
1383090 818.6
1383100 818.6
1383110 817.5
1383120 816.1
1383130 816.1
1383140 814.5
1383150 813.4
1383160 813.4
1383170 812.3
1383180 810.6
1383190 810.6
1383200 808.3
1383210 805.8
1383220 805.8
1383230 803.4
1383240 801.3
1383250 801.3
1383260 799.6
1383270 798.8
1383280 798.8
1383290 798.5
1383300 798.1
1383310 798.1
1383320 797.5
1383330 796.4
1383340 796.4
1383350 793.3
1383360 789.7
1383370 789.7
1383380 790.5
1383390 796.7
1383400 799.7
1383410 799.7
1383420 799.7
1383430 796.5
1383440 796.5
1383450 790.8
1383460 784.9
1383470 784.9
1383480 780.0
1383490 777.8
1383500 777.8
1383510 782.2
1383520 788.2
1383530 788.2
1383540 793.7
1383550 798.7
1383560 798.7
1383570 801.9
1383580 802.8
1383590 802.8
1383600 804.4
1383610 806.9
1383620 806.9
1383630 809.4
1383640 811.5
1383650 811.5
1383660 813.2
1383670 814.4
1383680 814.4
1383690 815.3
1383700 816.4
1383710 816.4
1383720 817.5
1383730 817.4
1383740 817.4
1383750 816.9
1383760 816.8
1383770 816.8
1383780 816.9
1383790 817.1
1383800 817.1
1383810 817.2
1383820 816.6
1383830 814.7
1383840 814.7
1383850 812.3
1383860 809.6
1383870 809.6
1383880 804.7
1383890 799.8
1383900 799.8
1383910 796.8
1383920 793.7
1383930 793.7
1383940 791.0
1383950 788.2
1383960 788.2
1383970 784.5
1383980 781.6
1383990 781.6
1384000 780.4
1384010 778.8
1384020 778.8
1384030 775.1
1384040 770.0
1384050 770.0
1384060 765.3
1384070 763.1
1384080 763.1
1384090 760.7
1384100 759.1
1384110 759.1
1384120 763.2
1384130 770.2
1384140 770.2
1384150 776.2
1384160 778.4
1384170 778.4
1384180 780.6
1384190 783.8
1384200 783.8
1384210 789.0
1384220 792.2
1384230 792.2
1384240 793.9
1384250 797.8
1384260 801.0
1384270 801.0
1384280 803.1
1384290 806.1
1384300 806.1
1384310 809.0
1384320 811.9
1384330 811.9
1384340 815.2
1384350 818.8
1384360 818.8
1384370 822.5
1384380 826.3
1384390 826.3
1384400 831.2
1384410 835.8
1384420 835.8
1384430 840.3
1384440 844.9
1384450 844.9
1384460 849.6
1384470 855.4
1384480 855.4
1384490 860.4
1384500 865.0
1384510 865.0
1384520 869.4
1384530 874.0
1384540 874.0
1384550 878.9
1384560 884.3
1384570 884.3
1384580 889.0
1384590 892.4
1384600 892.4
1384610 894.9
1384620 891.2
1384630 891.2
1384640 889.2
1384650 886.7
1384660 886.7
1384670 885.8
1384680 888.6
1384690 888.6
1384700 892.7
1384710 896.4
1384720 900.6
1384730 900.6
1384740 905.1
1384750 909.8
1384760 909.8
1384770 914.1
1384780 918.1
1384790 918.1
1384800 921.3
1384810 923.9
1384820 923.9
1384830 922.9
1384840 917.5
1384850 917.5
1384860 910.7
1384870 902.9
1384880 902.9
1384890 894.8
1384900 887.8
1384910 887.8
1384920 883.8
1384930 885.3
1384940 885.3
1384950 888.9
1384960 891.5
1384970 891.5
1384980 894.7
1384990 895.6
1385000 895.6
1385010 896.0
1385020 897.5
1385030 897.5
1385040 900.9
1385050 905.7
1385060 905.7
1385070 910.8
1385080 916.6
1385090 916.6
1385100 920.9
1385110 920.8
1385120 920.8
1385130 914.5
1385140 907.1
1385150 900.2
1385160 900.2
1385170 893.1
1385180 886.3
1385190 886.3
1385200 882.1
1385210 880.3
1385220 880.3
1385230 877.2
1385240 872.5
1385250 872.5
1385260 868.6
1385270 866.0
1385280 866.0
1385290 865.0
1380000 673.6
1380010 684.9
1380020 691.1
1380030 691.1
1380040 693.0
1380050 695.4
1380060 695.4
1380070 701.9
1380080 710.1
1380090 710.1
1380100 720.0
1380110 733.5
1380120 733.5
1380130 745.7
1380140 753.3
1380150 753.3
1380160 763.0
1380170 768.0
1380180 768.0
1380190 773.1
1380200 777.4
1380210 777.4
1380220 780.9
1380230 785.1
1380240 785.1
1380250 791.7
1380260 797.0
1380270 797.0
1380280 799.1
1380290 800.1
1380300 803.0
1380310 803.0
1380320 810.4
1380330 815.4
1380340 815.4
1380350 816.4
1380360 821.4
1380370 821.4
1380380 828.0
1380390 835.5
1380400 835.5
1380410 841.6
1380420 843.5
1380430 843.5
1380440 847.2
1380450 847.9
1380460 847.9
1380470 847.0
1380480 847.5
1380490 847.5
1380500 846.1
1380510 842.6
1380520 842.6
1380530 837.1
1380540 835.1
1380550 835.1
1380560 835.5
1380570 834.7
1380580 834.7
1380590 833.6
1380600 832.8
1380610 832.8
1380620 833.1
1380630 833.3
1380640 833.3
1380650 833.0
1380660 833.1
1380670 833.1
1380680 833.6
1380690 834.2
1380700 834.2
1380710 834.0
1380720 833.6
1380730 832.7
1380740 832.7
1380750 831.4
1380760 829.6
1380770 829.6
1380780 827.7
1380790 825.1
1380800 825.1
1380810 822.3
1380820 820.4
1380830 820.4
1380840 813.9
1380850 811.5
1380860 811.5
1380870 809.2
1380880 807.3
1380890 807.3
1380900 806.5
1380910 806.0
1380920 806.0
1380930 805.4
1380940 804.9
1380950 804.9
1380960 803.2
1380970 798.2
1380980 798.2
1380990 790.9
1381000 785.4
1381010 785.4
1381020 774.2
1381030 762.1
1381040 762.1
1381050 758.0
1381060 762.3
1381070 762.3
1381080 767.3
1381090 771.7
1381100 771.7
1381110 775.9
1381120 779.8
1381130 779.8
1381140 783.9
1381150 787.8
1381160 787.8
1381170 790.4
1381180 791.1
1381190 790.8
1381200 790.8
1381210 791.7
1381220 790.9
1381230 790.9
1381240 786.7
1381250 782.2
1381260 782.2
1381270 782.5
1381280 783.1
1381290 783.1
1381300 783.4
1381310 784.8
1381320 784.8
1381330 786.2
1381340 786.7
1381350 786.7
1381360 787.6
1381370 789.5
1381380 789.5
1381390 791.0
1381400 792.1
1381410 792.1
1381420 793.3
1381430 795.1
1381440 795.1
1381450 796.4
1381460 797.4
1381470 797.4
1381480 797.5
1381490 798.5
1381500 798.5
1381510 799.1
1381520 795.0
1381530 795.0
1381540 791.0
1381550 788.5
1381560 788.5
1381570 785.5
1381580 783.8
1381590 783.8
1381600 781.9
1381610 778.8
1381620 775.6
1381630 775.6
1381640 773.2
1381650 771.6
1381660 771.6
1381670 768.8
1381680 765.6
1381690 765.6
1381700 760.3
1381710 756.5
1381720 756.5
1381730 753.9
1381740 751.5
1381750 751.5
1381760 749.6
1381770 749.1
1381780 749.1
1381790 747.5
1381800 746.8
1381810 746.8
1381820 746.5
1381830 743.3
1381840 743.3
1381850 739.2
1381860 735.6
1381870 735.6
1381880 733.0
1381890 730.9
1381900 730.9
1381910 729.8
1381920 729.6
1381930 729.6
1381940 730.2
1381950 730.1
1381960 730.1
1381970 728.6
1381980 728.4
1381990 728.4
1382000 724.8
1382010 718.5
1382020 718.5
1382030 711.9
1382040 705.0
1382050 697.1
1382060 697.1
1382070 694.3
1382080 696.8
1382090 698.7
1382100 706.3
1382110 713.3
1382120 713.3
1382130 719.1
1382140 724.5
1382150 724.5
1382160 729.1
1382170 733.2
1382180 733.2
1382190 736.8
1382200 740.5
1382210 740.5
1382220 744.6
1382230 748.9
1382240 748.9
1382250 753.3
1382260 756.8
1382270 756.8
1382280 759.2
1382290 761.6
1382300 761.6
1382310 764.6
1382320 768.0
1382330 768.0
1382340 770.1
1382350 772.2
1382360 772.2
1382370 775.3
1382380 778.8
1382390 778.8
1382400 782.1
1382410 785.9
1382420 785.9
1382430 790.7
1382440 794.4
1382450 794.4
1382460 795.7
1382470 797.1
1382480 797.1
1382490 797.8
1382500 796.5
1382510 792.9
1382520 792.9
1382530 796.8
1382540 801.7
1382550 801.7
1382560 803.6
1382570 805.2
1382580 805.2
1382590 806.9
1382600 808.2
1382610 808.2
1382620 809.5
1382630 810.5
1382640 810.5
1382650 811.6
1382660 812.7
1382670 812.7
1382680 813.8
1382690 815.3
1382700 815.3
1382710 817.1
1382720 819.0
1382730 819.0
1382740 820.9
1382750 822.8
1382760 822.8
1382770 824.6
1382780 826.0
1382790 826.0
1382800 827.3
1382810 828.3
1382820 828.3
1382830 829.1
1382840 829.9
1382850 829.9
1382860 830.4
1382870 830.7
1382880 830.7
1382890 830.8
1382900 830.5
1382910 830.5
1382920 830.2
1382930 829.9
1382940 829.1
1382950 829.1
1382960 828.4
1382970 827.8
1382980 827.8
1382990 826.4
1383000 824.0
1383010 824.0
1383020 822.1
1383030 821.4
1383040 821.4
1383050 821.3
1383060 821.1
1383070 821.1
1383080 819.7
1383090 818.6
1383100 818.6
1383110 817.5
1383120 816.1
1383130 816.1
1383140 814.5
1383150 813.4
1383160 813.4
1383170 812.3
1383180 810.6
1383190 810.6
1383200 808.3
1383210 805.8
1383220 805.8
1383230 803.4
1383240 801.3
1383250 801.3
1383260 799.6
1383270 798.8
1383280 798.8
1383290 798.5
1383300 798.1
1383310 798.1
1383320 797.5
1383330 796.4
1383340 796.4
1383350 793.3
1383360 789.7
1383370 789.7
1383380 790.5
1383390 796.7
1383400 799.7
1383410 799.7
1383420 799.7
1383430 796.5
1383440 796.5
1383450 790.8
1383460 784.9
1383470 784.9
1383480 780.0
1383490 777.8
1383500 777.8
1383510 782.2
1383520 788.2
1383530 788.2
1383540 793.7
1383550 798.7
1383560 798.7
1383570 801.9
1383580 802.8
1383590 802.8
1383600 804.4
1383610 806.9
1383620 806.9
1383630 809.4
1383640 811.5
1383650 811.5
1383660 813.2
1383670 814.4
1383680 814.4
1383690 815.3
1383700 816.4
1383710 816.4
1383720 817.5
1383730 817.4
1383740 817.4
1383750 816.9
1383760 816.8
1383770 816.8
1383780 816.9
1383790 817.1
1383800 817.1
1383810 817.2
1383820 816.6
1383830 814.7
1383840 814.7
1383850 812.3
1383860 809.6
1383870 809.6
1383880 804.7
1383890 799.8
1383900 799.8
1383910 796.8
1383920 793.7
1383930 793.7
1383940 791.0
1383950 788.2
1383960 788.2
1383970 784.5
1383980 781.6
1383990 781.6
1384000 780.4
1384010 778.8
1384020 778.8
1384030 775.1
1384040 770.0
1384050 770.0
1384060 765.3
1384070 763.1
1384080 763.1
1384090 760.7
1384100 759.1
1384110 759.1
1384120 763.2
1384130 770.2
1384140 770.2
1384150 776.2
1384160 778.4
1384170 778.4
1384180 780.6
1384190 783.8
1384200 783.8
1384210 789.0
1384220 792.2
1384230 792.2
1384240 793.9
1384250 797.8
1384260 801.0
1384270 801.0
1384280 803.1
1384290 806.1
1384300 806.1
1384310 809.0
1384320 811.9
1384330 811.9
1384340 815.2
1384350 818.8
1384360 818.8
1384370 822.5
1384380 826.3
1384390 826.3
1384400 831.2
1384410 835.8
1384420 835.8
1384430 840.3
1384440 844.9
1384450 844.9
1384460 849.6
1384470 855.4
1384480 855.4
1384490 860.4
1384500 865.0
1384510 865.0
1384520 869.4
1384530 874.0
1384540 874.0
1384550 878.9
1384560 884.3
1384570 884.3
1384580 889.0
1384590 892.4
1384600 892.4
1384610 894.9
1384620 891.2
1384630 891.2
1384640 889.2
1384650 886.7
1384660 886.7
1384670 885.8
1384680 888.6
1384690 888.6
1384700 892.7
1384710 896.4
1384720 900.6
1384730 900.6
1384740 905.1
1384750 909.8
1384760 909.8
1384770 914.1
1384780 918.1
1384790 918.1
1384800 921.3
1384810 923.9
1384820 923.9
1384830 922.9
1384840 917.5
1384850 917.5
1384860 910.7
1384870 902.9
1384880 902.9
1384890 894.8
1384900 887.8
1384910 887.8
1384920 883.8
1384930 885.3
1384940 885.3
1384950 888.9
1384960 891.5
1384970 891.5
1384980 894.7
1384990 895.6
1385000 895.6
1385010 896.0
1385020 897.5
1385030 897.5
1385040 900.9
1385050 905.7
1385060 905.7
1385070 910.8
1385080 916.6
1385090 916.6
1385100 920.9
1385110 920.8
1385120 920.8
1385130 914.5
1385140 907.1
1385150 900.2
1385160 900.2
1385170 893.1
1385180 886.3
1385190 886.3
1385200 882.1
1385210 880.3
1385220 880.3
1385230 877.2
1385240 872.5
1385250 872.5
1385260 868.6
1385270 866.0
1385280 866.0
1385290 865.0
1380000 673.6
1380010 684.9
1380020 691.1
1380030 691.1
1380040 693.0
1380050 695.4
1380060 695.4
1380070 701.9
1380080 710.1
1380090 710.1
1380100 720.0
1380110 733.5
1380120 733.5
1380130 745.7
1380140 753.3
1380150 753.3
1380160 763.0
1380170 768.0
1380180 768.0
1380190 773.1
1380200 777.4
1380210 777.4
1380220 780.9
1380230 785.1
1380240 785.1
1380250 791.7
1380260 797.0
1380270 797.0
1380280 799.1
1380290 800.1
1380300 803.0
1380310 803.0
1380320 810.4
1380330 815.4
1380340 815.4
1380350 816.4
1380360 821.4
1380370 821.4
1380380 828.0
1380390 835.5
1380400 835.5
1380410 841.6
1380420 843.5
1380430 843.5
1380440 847.2
1380450 847.9
1380460 847.9
1380470 847.0
1380480 847.5
1380490 847.5
1380500 846.1
1380510 842.6
1380520 842.6
1380530 837.1
1380540 835.1
1380550 835.1
1380560 835.5
1380570 834.7
1380580 834.7
1380590 833.6
1380600 832.8
1380610 832.8
1380620 833.1
1380630 833.3
1380640 833.3
1380650 833.0
1380660 833.1
1380670 833.1
1380680 833.6
1380690 834.2
1380700 834.2
1380710 834.0
1380720 833.6
1380730 832.7
1380740 832.7
1380750 831.4
1380760 829.6
1380770 829.6
1380780 827.7
1380790 825.1
1380800 825.1
1380810 822.3
1380820 820.4
1380830 820.4
1380840 813.9
1380850 811.5
1380860 811.5
1380870 809.2
1380880 807.3
1380890 807.3
1380900 806.5
1380910 806.0
1380920 806.0
1380930 805.4
1380940 804.9
1380950 804.9
1380960 803.2
1380970 798.2
1380980 798.2
1380990 790.9
1381000 785.4
1381010 785.4
1381020 774.2
1381030 762.1
1381040 762.1
1381050 758.0
1381060 762.3
1381070 762.3
1381080 767.3
1381090 771.7
1381100 771.7
1381110 775.9
1381120 779.8
1381130 779.8
1381140 783.9
1381150 787.8
1381160 787.8
1381170 790.4
1381180 791.1
1381190 790.8
1381200 790.8
1381210 791.7
1381220 790.9
1381230 790.9
1381240 786.7
1381250 782.2
1381260 782.2
1381270 782.5
1381280 783.1
1381290 783.1
1381300 783.4
1381310 784.8
1381320 784.8
1381330 786.2
1381340 786.7
1381350 786.7
1381360 787.6
1381370 789.5
1381380 789.5
1381390 791.0
1381400 792.1
1381410 792.1
1381420 793.3
1381430 795.1
1381440 795.1
1381450 796.4
1381460 797.4
1381470 797.4
1381480 797.5
1381490 798.5
1381500 798.5
1381510 799.1
1381520 795.0
1381530 795.0
1381540 791.0
1381550 788.5
1381560 788.5
1381570 785.5
1381580 783.8
1381590 783.8
1381600 781.9
1381610 778.8
1381620 775.6
1381630 775.6
1381640 773.2
1381650 771.6
1381660 771.6
1381670 768.8
1381680 765.6
1381690 765.6
1381700 760.3
1381710 756.5
1381720 756.5
1381730 753.9
1381740 751.5
1381750 751.5
1381760 749.6
1381770 749.1
1381780 749.1
1381790 747.5
1381800 746.8
1381810 746.8
1381820 746.5
1381830 743.3
1381840 743.3
1381850 739.2
1381860 735.6
1381870 735.6
1381880 733.0
1381890 730.9
1381900 730.9
1381910 729.8
1381920 729.6
1381930 729.6
1381940 730.2
1381950 730.1
1381960 730.1
1381970 728.6
1381980 728.4
1381990 728.4
1382000 724.8
1382010 718.5
1382020 718.5
1382030 711.9
1382040 705.0
1382050 697.1
1382060 697.1
1382070 694.3
1382080 696.8
1382090 698.7
1382100 706.3
1382110 713.3
1382120 713.3
1382130 719.1
1382140 724.5
1382150 724.5
1382160 729.1
1382170 733.2
1382180 733.2
1382190 736.8
1382200 740.5
1382210 740.5
1382220 744.6
1382230 748.9
1382240 748.9
1382250 753.3
1382260 756.8
1382270 756.8
1382280 759.2
1382290 761.6
1382300 761.6
1382310 764.6
1382320 768.0
1382330 768.0
1382340 770.1
1382350 772.2
1382360 772.2
1382370 775.3
1382380 778.8
1382390 778.8
1382400 782.1
1382410 785.9
1382420 785.9
1382430 790.7
1382440 794.4
1382450 794.4
1382460 795.7
1382470 797.1
1382480 797.1
1382490 797.8
1382500 796.5
1382510 792.9
1382520 792.9
1382530 796.8
1382540 801.7
1382550 801.7
1382560 803.6
1382570 805.2
1382580 805.2
1382590 806.9
1382600 808.2
1382610 808.2
1382620 809.5
1382630 810.5
1382640 810.5
1382650 811.6
1382660 812.7
1382670 812.7
1382680 813.8
1382690 815.3
1382700 815.3
1382710 817.1
1382720 819.0
1382730 819.0
1382740 820.9
1382750 822.8
1382760 822.8
1382770 824.6
1382780 826.0
1382790 826.0
1382800 827.3
1382810 828.3
1382820 828.3
1382830 829.1
1382840 829.9
1382850 829.9
1382860 830.4
1382870 830.7
1382880 830.7
1382890 830.8
1382900 830.5
1382910 830.5
1382920 830.2
1382930 829.9
1382940 829.1
1382950 829.1
1382960 828.4
1382970 827.8
1382980 827.8
1382990 826.4
1383000 824.0
1383010 824.0
1383020 822.1
1383030 821.4
1383040 821.4
1383050 821.3
1383060 821.1
1383070 821.1
1383080 819.7
1383090 818.6
1383100 818.6
1383110 817.5
1383120 816.1
1383130 816.1
1383140 814.5
1383150 813.4
1383160 813.4
1383170 812.3
1383180 810.6
1383190 810.6
1383200 808.3
1383210 805.8
1383220 805.8
1383230 803.4
1383240 801.3
1383250 801.3
1383260 799.6
1383270 798.8
1383280 798.8
1383290 798.5
1383300 798.1
1383310 798.1
1383320 797.5
1383330 796.4
1383340 796.4
1383350 793.3
1383360 789.7
1383370 789.7
1383380 790.5
1383390 796.7
1383400 799.7
1383410 799.7
1383420 799.7
1383430 796.5
1383440 796.5
1383450 790.8
1383460 784.9
1383470 784.9
1383480 780.0
1383490 777.8
1383500 777.8
1383510 782.2
1383520 788.2
1383530 788.2
1383540 793.7
1383550 798.7
1383560 798.7
1383570 801.9
1383580 802.8
1383590 802.8
1383600 804.4
1383610 806.9
1383620 806.9
1383630 809.4
1383640 811.5
1383650 811.5
1383660 813.2
1383670 814.4
1383680 814.4
1383690 815.3
1383700 816.4
1383710 816.4
1383720 817.5
1383730 817.4
1383740 817.4
1383750 816.9
1383760 816.8
1383770 816.8
1383780 816.9
1383790 817.1
1383800 817.1
1383810 817.2
1383820 816.6
1383830 814.7
1383840 814.7
1383850 812.3
1383860 809.6
1383870 809.6
1383880 804.7
1383890 799.8
1383900 799.8
1383910 796.8
1383920 793.7
1383930 793.7
1383940 791.0
1383950 788.2
1383960 788.2
1383970 784.5
1383980 781.6
1383990 781.6
1384000 780.4
1384010 778.8
1384020 778.8
1384030 775.1
1384040 770.0
1384050 770.0
1384060 765.3
1384070 763.1
1384080 763.1
1384090 760.7
1384100 759.1
1384110 759.1
1384120 763.2
1384130 770.2
1384140 770.2
1384150 776.2
1384160 778.4
1384170 778.4
1384180 780.6
1384190 783.8
1384200 783.8
1384210 789.0
1384220 792.2
1384230 792.2
1384240 793.9
1384250 797.8
1384260 801.0
1384270 801.0
1384280 803.1
1384290 806.1
1384300 806.1
1384310 809.0
1384320 811.9
1384330 811.9
1384340 815.2
1384350 818.8
1384360 818.8
1384370 822.5
1384380 826.3
1384390 826.3
1384400 831.2
1384410 835.8
1384420 835.8
1384430 840.3
1384440 844.9
1384450 844.9
1384460 849.6
1384470 855.4
1384480 855.4
1384490 860.4
1384500 865.0
1384510 865.0
1384520 869.4
1384530 874.0
1384540 874.0
1384550 878.9
1384560 884.3
1384570 884.3
1384580 889.0
1384590 892.4
1384600 892.4
1384610 894.9
1384620 891.2
1384630 891.2
1384640 889.2
1384650 886.7
1384660 886.7
1384670 885.8
1384680 888.6
1384690 888.6
1384700 892.7
1384710 896.4
1384720 900.6
1384730 900.6
1384740 905.1
1384750 909.8
1384760 909.8
1384770 914.1
1384780 918.1
1384790 918.1
1384800 921.3
1384810 923.9
1384820 923.9
1384830 922.9
1384840 917.5
1384850 917.5
1384860 910.7
1384870 902.9
1384880 902.9
1384890 894.8
1384900 887.8
1384910 887.8
1384920 883.8
1384930 885.3
1384940 885.3
1384950 888.9
1384960 891.5
1384970 891.5
1384980 894.7
1384990 895.6
1385000 895.6
1385010 896.0
1385020 897.5
1385030 897.5
1385040 900.9
1385050 905.7
1385060 905.7
1385070 910.8
1385080 916.6
1385090 916.6
1385100 920.9
1385110 920.8
1385120 920.8
1385130 914.5
1385140 907.1
1385150 900.2
1385160 900.2
1385170 893.1
1385180 886.3
1385190 886.3
1385200 882.1
1385210 880.3
1385220 880.3
1385230 877.2
1385240 872.5
1385250 872.5
1385260 868.6
1385270 866.0
1385280 866.0
1385290 865.0
