1380000 629.8
1380010 629.8
1380020 634.9
1380030 641.5
1380040 641.5
1380050 649.4
1380060 658.1
1380070 658.1
1380080 665.3
1380090 670.6
1380100 670.6
1380110 675.8
1380120 680.4
1380130 680.4
1380140 684.0
1380150 688.4
1380160 688.4
1380170 692.8
1380180 697.0
1380190 697.0
1380200 701.0
1380210 705.4
1380220 705.4
1380230 710.3
1380240 715.8
1380250 715.8
1380260 726.3
1380270 734.0
1380280 734.0
1380290 740.7
1380300 746.6
1380310 746.6
1380320 752.7
1380330 759.0
1380340 759.0
1380350 764.7
1380360 770.6
1380370 776.8
1380380 776.8
1380390 783.4
1380400 790.1
1380410 790.1
1380420 795.0
1380430 800.2
1380440 800.2
1380450 804.8
1380460 809.2
1380470 809.2
1380480 813.6
1380490 818.8
1380500 818.8
1380510 824.5
1380520 830.1
1380530 830.1
1380540 834.7
1380550 839.9
1380560 839.9
1380570 845.7
1380580 851.1
1380590 851.1
1380600 855.1
1380610 858.4
1380620 858.4
1380630 861.6
1380640 864.5
1380650 864.5
1380660 867.6
1380670 871.5
1380680 871.5
1380690 876.8
1380700 883.0
1380710 883.0
1380720 888.1
1380730 895.1
1380740 895.1
1380750 902.0
1380760 908.8
1380770 908.8
1380780 915.4
1380790 921.1
1380800 924.0
1380810 924.0
1380820 924.6
1380830 925.2
1380840 925.2
1380850 925.2
1380860 922.7
1380870 922.7
1380880 917.7
1380890 912.4
1380900 912.4
1380910 906.6
1380920 904.5
1380930 904.5
1380940 905.3
1380950 906.3
1380960 906.3
1380970 906.7
1380980 905.2
1380990 905.2
1381000 905.5
1381010 907.8
1381020 907.8
1381030 910.5
1381040 912.9
1381050 912.9
1381060 915.8
1381070 918.0
1381080 918.0
1381090 918.4
1381100 917.3
1381110 917.3
1381120 915.5
1381130 914.7
1381140 914.7
1381150 914.1
1381160 913.0
1381170 913.0
1381180 911.7
1381190 910.3
1381200 910.3
1381210 908.9
1381220 907.4
1381230 907.4
1381240 905.9
1381250 904.5
1381260 903.6
1381270 903.6
1381280 903.1
1381290 903.0
1381300 903.0
1381310 903.5
1381320 904.9
1381330 904.9
1381340 906.6
1381350 908.0
1381360 908.0
1381370 909.1
1381380 909.4
1381390 909.4
1381400 909.2
1381410 908.3
1381420 908.3
1381430 906.1
1381440 904.0
1381450 904.0
1381460 900.8
1381470 897.5
1381480 897.5
1381490 903.1
1381500 908.5
1381510 908.5
1381520 912.0
1381530 914.3
1381540 914.3
1381550 916.5
1381560 918.2
1381570 918.2
1381580 919.2
1381590 919.5
1381600 919.5
1381610 920.4
1381620 920.3
1381630 920.3
1381640 919.9
1381650 919.6
1381660 919.6
1381670 920.4
1381680 921.9
1381690 924.6
1381700 924.6
1381710 928.3
1381720 930.7
1381730 930.7
1381740 929.9
1381750 929.1
1381760 929.1
1381770 925.6
1381780 913.6
1381790 913.6
1381800 905.3
1381810 900.5
1381820 900.5
1381830 896.2
1381840 892.0
1381850 892.0
1381860 886.2
1381870 872.8
1381880 872.8
1381890 861.6
1381900 853.7
1381910 853.7
1381920 846.0
1381930 839.4
1381940 839.4
1381950 832.9
1381960 828.1
1381970 828.1
1381980 823.3
1381990 817.9
1382000 817.9
1382010 814.4
1382020 813.4
1382030 813.4
1382040 813.2
1382050 812.3
1382060 812.3
1382070 811.1
1382080 810.7
1382090 810.7
1382100 809.4
1382110 804.0
1382120 804.0
1382130 796.5
1382140 789.5
1382150 783.9
1382160 783.9
1382170 781.1
1382180 778.6
1382190 778.6
1382200 774.6
1382210 768.5
1382220 768.5
1382230 759.2
1382240 752.8
1382250 752.8
1382260 752.0
1382270 761.6
1382280 761.6
1382290 770.2
1382300 778.4
1382310 778.4
1382320 785.0
1382330 791.2
1382340 791.2
1382350 796.5
1382360 802.8
1382370 802.8
1382380 810.1
1382390 818.1
1382400 818.1
1382410 826.4
1382420 836.6
1382430 836.6
1382440 852.3
1382450 856.3
1382460 856.3
1382470 857.9
1382480 861.8
1382490 861.8
1382500 866.9
1382510 872.5
1382520 872.5
1382530 877.5
1382540 883.7
1382550 883.7
1382560 891.5
1382570 896.5
1382580 900.8
1382590 900.8
1382600 905.3
1382610 909.1
1382620 909.1
1382630 910.7
1382640 911.9
1382650 911.9
1382660 912.8
1382670 913.1
1382680 913.1
1382690 913.7
1382700 914.4
1382710 914.4
1382720 915.6
1382730 916.5
1382740 916.5
1382750 907.9
1382760 903.5
1382770 903.5
1382780 901.3
1382790 899.6
1382800 899.6
1382810 898.1
1382820 897.3
1382830 897.3
1382840 896.4
1382850 895.6
1382860 895.6
1382870 894.6
1382880 891.8
1382890 891.8
1382900 889.0
1382910 888.3
1382920 888.3
1382930 890.1
1382940 891.5
1382950 891.5
1382960 891.4
1382970 888.2
1382980 888.2
1382990 883.7
1383000 879.7
1383010 876.9
1383020 876.9
1383030 874.5
1383040 872.2
1383050 872.2
1383060 869.3
1383070 865.3
1383080 865.3
1383090 862.0
1383100 862.3
1383110 862.3
1383120 862.1
1383130 861.5
1383140 861.5
1383150 860.4
1383160 857.9
1383170 857.9
1383180 853.3
1383190 848.4
1383200 848.4
1383210 846.5
1383220 846.5
1383230 846.5
1383240 845.8
1383250 846.1
1383260 846.1
1383270 845.6
1383280 843.9
1383290 843.9
1383300 842.4
1383310 840.8
1383320 840.8
1383330 839.3
1383340 838.0
1383350 838.0
1383360 836.5
1383370 834.6
1383380 834.6
1383390 832.2
1383400 830.2
1383410 830.2
1383420 827.9
1383430 825.4
1383440 825.4
1383450 823.9
1383460 822.8
1383470 821.4
1383480 821.4
1383490 820.2
1383500 819.8
1383510 819.8
1383520 820.2
1383530 820.6
1383540 820.6
1383550 820.3
1383560 818.1
1383570 818.1
1383580 815.1
1383590 817.4
1383600 817.4
1383610 820.7
1383620 822.4
1383630 822.4
1383640 824.5
1383650 827.0
1383660 827.0
1383670 829.4
1383680 831.3
1383690 831.3
1383700 832.7
1383710 833.7
1383720 833.7
1383730 834.6
1383740 835.3
1383750 835.3
1383760 835.7
1383770 836.0
1383780 836.0
1383790 836.0
1383800 835.6
1383810 835.6
1383820 834.6
1383830 833.1
1383840 833.1
1383850 831.4
1383860 829.8
1383870 829.8
1383880 826.9
1383890 822.2
1383900 816.0
1383910 816.0
1383920 809.7
1383930 808.5
1383940 808.5
1383950 809.0
1383960 806.0
1383970 806.0
1383980 806.0
1383990 809.7
1384000 809.7
1384010 813.6
1384020 812.4
1384030 812.4
1384040 810.3
1384050 808.4
1384060 808.4
1384070 806.7
1384080 805.5
1384090 805.5
1384100 805.6
1384110 805.9
1384120 805.9
1384130 801.2
1384140 793.8
1384150 793.8
1384160 794.1
1384170 803.2
1384180 803.2
1384190 813.4
1384200 819.2
1384210 819.2
1384220 822.2
1384230 825.0
1384240 825.0
1384250 829.3
1384260 835.0
1384270 835.0
1384280 841.6
1384290 848.5
1384300 848.5
1384310 854.6
1384320 859.3
1384330 859.3
1384340 864.4
1384350 870.4
1384360 876.4
1384370 876.4
1384380 882.0
1384390 887.0
1384400 887.0
1384410 892.8
1384420 898.5
1384430 898.5
1384440 903.2
1384450 908.0
1384460 908.0
1384470 912.3
1384480 915.8
1384490 915.8
1384500 919.7
1384510 923.5
1384520 923.5
1384530 927.4
1384540 931.1
1384550 931.1
1384560 935.8
1384570 940.6
1384580 940.6
1384590 945.4
1384600 950.1
1384610 950.1
1384620 954.9
1384630 959.4
1384640 959.4
1384650 963.6
1384660 967.0
1384670 967.0
1384680 970.4
1384690 974.4
1384700 974.4
1384710 981.5
1384720 987.9
1384730 987.9
1384740 995.5
1384750 1003.2
1384760 1003.2
1384770 1005.4
1384780 1007.3
1384790 1010.0
1384800 1010.0
1384810 1011.8
1384820 1010.8
1384830 1010.8
1384840 1009.3
1384850 1009.7
1384860 1009.7
1384870 1009.7
1384880 1011.9
1384890 1011.9
1384900 1015.3
1384910 1017.6
1384920 1017.6
1384930 1018.3
1384940 1019.2
1384950 1019.2
1384960 1019.1
1384970 1017.9
1384980 1017.9
1384990 1015.0
1385000 1010.6
1385010 1010.6
1385020 1004.5
1385030 998.6
1385040 998.6
1385050 993.6
1385060 988.4
1385070 988.4
1385080 983.3
1385090 978.7
1385100 978.7
1385110 974.8
1385120 971.6
1385130 971.6
1385140 969.2
1385150 967.1
1385160 967.1
1385170 964.9
1385180 963.0
1385190 963.0
1385200 960.5
1385210 958.2
1385220 956.6
1385230 956.6
1385240 954.8
1385250 951.1
1385260 951.1
1385270 947.7
1385280 945.5
1385290 945.5
1385300 938.2
1385310 937.7
1385320 937.7
1380000 629.8
1380010 629.8
1380020 634.9
1380030 641.5
1380040 641.5
1380050 649.4
1380060 658.1
1380070 658.1
1380080 665.3
1380090 670.6
1380100 670.6
1380110 675.8
1380120 680.4
1380130 680.4
1380140 684.0
1380150 688.4
1380160 688.4
1380170 692.8
1380180 697.0
1380190 697.0
1380200 701.0
1380210 705.4
1380220 705.4
1380230 710.3
1380240 715.8
1380250 715.8
1380260 726.3
1380270 734.0
1380280 734.0
1380290 740.7
1380300 746.6
1380310 746.6
1380320 752.7
1380330 759.0
1380340 759.0
1380350 764.7
1380360 770.6
1380370 776.8
1380380 776.8
1380390 783.4
1380400 790.1
1380410 790.1
1380420 795.0
1380430 800.2
1380440 800.2
1380450 804.8
1380460 809.2
1380470 809.2
1380480 813.6
1380490 818.8
1380500 818.8
1380510 824.5
1380520 830.1
1380530 830.1
1380540 834.7
1380550 839.9
1380560 839.9
1380570 845.7
1380580 851.1
1380590 851.1
1380600 855.1
1380610 858.4
1380620 858.4
1380630 861.6
1380640 864.5
1380650 864.5
1380660 867.6
1380670 871.5
1380680 871.5
1380690 876.8
1380700 883.0
1380710 883.0
1380720 888.1
1380730 895.1
1380740 895.1
1380750 902.0
1380760 908.8
1380770 908.8
1380780 915.4
1380790 921.1
1380800 924.0
1380810 924.0
1380820 924.6
1380830 925.2
1380840 925.2
1380850 925.2
1380860 922.7
1380870 922.7
1380880 917.7
1380890 912.4
1380900 912.4
1380910 906.6
1380920 904.5
1380930 904.5
1380940 905.3
1380950 906.3
1380960 906.3
1380970 906.7
1380980 905.2
1380990 905.2
1381000 905.5
1381010 907.8
1381020 907.8
1381030 910.5
1381040 912.9
1381050 912.9
1381060 915.8
1381070 918.0
1381080 918.0
1381090 918.4
1381100 917.3
1381110 917.3
1381120 915.5
1381130 914.7
1381140 914.7
1381150 914.1
1381160 913.0
1381170 913.0
1381180 911.7
1381190 910.3
1381200 910.3
1381210 908.9
1381220 907.4
1381230 907.4
1381240 905.9
1381250 904.5
1381260 903.6
1381270 903.6
1381280 903.1
1381290 903.0
1381300 903.0
1381310 903.5
1381320 904.9
1381330 904.9
1381340 906.6
1381350 908.0
1381360 908.0
1381370 909.1
1381380 909.4
1381390 909.4
1381400 909.2
1381410 908.3
1381420 908.3
1381430 906.1
1381440 904.0
1381450 904.0
1381460 900.8
1381470 897.5
1381480 897.5
1381490 903.1
1381500 908.5
1381510 908.5
1381520 912.0
1381530 914.3
1381540 914.3
1381550 916.5
1381560 918.2
1381570 918.2
1381580 919.2
1381590 919.5
1381600 919.5
1381610 920.4
1381620 920.3
1381630 920.3
1381640 919.9
1381650 919.6
1381660 919.6
1381670 920.4
1381680 921.9
1381690 924.6
1381700 924.6
1381710 928.3
1381720 930.7
1381730 930.7
1381740 929.9
1381750 929.1
1381760 929.1
1381770 925.6
1381780 913.6
1381790 913.6
1381800 905.3
1381810 900.5
1381820 900.5
1381830 896.2
1381840 892.0
1381850 892.0
1381860 886.2
1381870 872.8
1381880 872.8
1381890 861.6
1381900 853.7
1381910 853.7
1381920 846.0
1381930 839.4
1381940 839.4
1381950 832.9
1381960 828.1
1381970 828.1
1381980 823.3
1381990 817.9
1382000 817.9
1382010 814.4
1382020 813.4
1382030 813.4
1382040 813.2
1382050 812.3
1382060 812.3
1382070 811.1
1382080 810.7
1382090 810.7
1382100 809.4
1382110 804.0
1382120 804.0
1382130 796.5
1382140 789.5
1382150 783.9
1382160 783.9
1382170 781.1
1382180 778.6
1382190 778.6
1382200 774.6
1382210 768.5
1382220 768.5
1382230 759.2
1382240 752.8
1382250 752.8
1382260 752.0
1382270 761.6
1382280 761.6
1382290 770.2
1382300 778.4
1382310 778.4
1382320 785.0
1382330 791.2
1382340 791.2
1382350 796.5
1382360 802.8
1382370 802.8
1382380 810.1
1382390 818.1
1382400 818.1
1382410 826.4
1382420 836.6
1382430 836.6
1382440 852.3
1382450 856.3
1382460 856.3
1382470 857.9
1382480 861.8
1382490 861.8
1382500 866.9
1382510 872.5
1382520 872.5
1382530 877.5
1382540 883.7
1382550 883.7
1382560 891.5
1382570 896.5
1382580 900.8
1382590 900.8
1382600 905.3
1382610 909.1
1382620 909.1
1382630 910.7
1382640 911.9
1382650 911.9
1382660 912.8
1382670 913.1
1382680 913.1
1382690 913.7
1382700 914.4
1382710 914.4
1382720 915.6
1382730 916.5
1382740 916.5
1382750 907.9
1382760 903.5
1382770 903.5
1382780 901.3
1382790 899.6
1382800 899.6
1382810 898.1
1382820 897.3
1382830 897.3
1382840 896.4
1382850 895.6
1382860 895.6
1382870 894.6
1382880 891.8
1382890 891.8
1382900 889.0
1382910 888.3
1382920 888.3
1382930 890.1
1382940 891.5
1382950 891.5
1382960 891.4
1382970 888.2
1382980 888.2
1382990 883.7
1383000 879.7
1383010 876.9
1383020 876.9
1383030 874.5
1383040 872.2
1383050 872.2
1383060 869.3
1383070 865.3
1383080 865.3
1383090 862.0
1383100 862.3
1383110 862.3
1383120 862.1
1383130 861.5
1383140 861.5
1383150 860.4
1383160 857.9
1383170 857.9
1383180 853.3
1383190 848.4
1383200 848.4
1383210 846.5
1383220 846.5
1383230 846.5
1383240 845.8
1383250 846.1
1383260 846.1
1383270 845.6
1383280 843.9
1383290 843.9
1383300 842.4
1383310 840.8
1383320 840.8
1383330 839.3
1383340 838.0
1383350 838.0
1383360 836.5
1383370 834.6
1383380 834.6
1383390 832.2
1383400 830.2
1383410 830.2
1383420 827.9
1383430 825.4
1383440 825.4
1383450 823.9
1383460 822.8
1383470 821.4
1383480 821.4
1383490 820.2
1383500 819.8
1383510 819.8
1383520 820.2
1383530 820.6
1383540 820.6
1383550 820.3
1383560 818.1
1383570 818.1
1383580 815.1
1383590 817.4
1383600 817.4
1383610 820.7
1383620 822.4
1383630 822.4
1383640 824.5
1383650 827.0
1383660 827.0
1383670 829.4
1383680 831.3
1383690 831.3
1383700 832.7
1383710 833.7
1383720 833.7
1383730 834.6
1383740 835.3
1383750 835.3
1383760 835.7
1383770 836.0
1383780 836.0
1383790 836.0
1383800 835.6
1383810 835.6
1383820 834.6
1383830 833.1
1383840 833.1
1383850 831.4
1383860 829.8
1383870 829.8
1383880 826.9
1383890 822.2
1383900 816.0
1383910 816.0
1383920 809.7
1383930 808.5
1383940 808.5
1383950 809.0
1383960 806.0
1383970 806.0
1383980 806.0
1383990 809.7
1384000 809.7
1384010 813.6
1384020 812.4
1384030 812.4
1384040 810.3
1384050 808.4
1384060 808.4
1384070 806.7
1384080 805.5
1384090 805.5
1384100 805.6
1384110 805.9
1384120 805.9
1384130 801.2
1384140 793.8
1384150 793.8
1384160 794.1
1384170 803.2
1384180 803.2
1384190 813.4
1384200 819.2
1384210 819.2
1384220 822.2
1384230 825.0
1384240 825.0
1384250 829.3
1384260 835.0
1384270 835.0
1384280 841.6
1384290 848.5
1384300 848.5
1384310 854.6
1384320 859.3
1384330 859.3
1384340 864.4
1384350 870.4
1384360 876.4
1384370 876.4
1384380 882.0
1384390 887.0
1384400 887.0
1384410 892.8
1384420 898.5
1384430 898.5
1384440 903.2
1384450 908.0
1384460 908.0
1384470 912.3
1384480 915.8
1384490 915.8
1384500 919.7
1384510 923.5
1384520 923.5
1384530 927.4
1384540 931.1
1384550 931.1
1384560 935.8
1384570 940.6
1384580 940.6
1384590 945.4
1384600 950.1
1384610 950.1
1384620 954.9
1384630 959.4
1384640 959.4
1384650 963.6
1384660 967.0
1384670 967.0
1384680 970.4
1384690 974.4
1384700 974.4
1384710 981.5
1384720 987.9
1384730 987.9
1384740 995.5
1384750 1003.2
1384760 1003.2
1384770 1005.4
1384780 1007.3
1384790 1010.0
1384800 1010.0
1384810 1011.8
1384820 1010.8
1384830 1010.8
1384840 1009.3
1384850 1009.7
1384860 1009.7
1384870 1009.7
1384880 1011.9
1384890 1011.9
1384900 1015.3
1384910 1017.6
1384920 1017.6
1384930 1018.3
1384940 1019.2
1384950 1019.2
1384960 1019.1
1384970 1017.9
1384980 1017.9
1384990 1015.0
1385000 1010.6
1385010 1010.6
1385020 1004.5
1385030 998.6
1385040 998.6
1385050 993.6
1385060 988.4
1385070 988.4
1385080 983.3
1385090 978.7
1385100 978.7
1385110 974.8
1385120 971.6
1385130 971.6
1385140 969.2
1385150 967.1
1385160 967.1
1385170 964.9
1385180 963.0
1385190 963.0
1385200 960.5
1385210 958.2
1385220 956.6
1385230 956.6
1385240 954.8
1385250 951.1
1385260 951.1
1385270 947.7
1385280 945.5
1385290 945.5
1385300 938.2
1385310 937.7
1385320 937.7
1380000 629.8
1380010 629.8
1380020 634.9
1380030 641.5
1380040 641.5
1380050 649.4
1380060 658.1
1380070 658.1
1380080 665.3
1380090 670.6
1380100 670.6
1380110 675.8
1380120 680.4
1380130 680.4
1380140 684.0
1380150 688.4
1380160 688.4
1380170 692.8
1380180 697.0
1380190 697.0
1380200 701.0
1380210 705.4
1380220 705.4
1380230 710.3
1380240 715.8
1380250 715.8
1380260 726.3
1380270 734.0
1380280 734.0
1380290 740.7
1380300 746.6
1380310 746.6
1380320 752.7
1380330 759.0
1380340 759.0
1380350 764.7
1380360 770.6
1380370 776.8
1380380 776.8
1380390 783.4
1380400 790.1
1380410 790.1
1380420 795.0
1380430 800.2
1380440 800.2
1380450 804.8
1380460 809.2
1380470 809.2
1380480 813.6
1380490 818.8
1380500 818.8
1380510 824.5
1380520 830.1
1380530 830.1
1380540 834.7
1380550 839.9
1380560 839.9
1380570 845.7
1380580 851.1
1380590 851.1
1380600 855.1
1380610 858.4
1380620 858.4
1380630 861.6
1380640 864.5
1380650 864.5
1380660 867.6
1380670 871.5
1380680 871.5
1380690 876.8
1380700 883.0
1380710 883.0
1380720 888.1
1380730 895.1
1380740 895.1
1380750 902.0
1380760 908.8
1380770 908.8
1380780 915.4
1380790 921.1
1380800 924.0
1380810 924.0
1380820 924.6
1380830 925.2
1380840 925.2
1380850 925.2
1380860 922.7
1380870 922.7
1380880 917.7
1380890 912.4
1380900 912.4
1380910 906.6
1380920 904.5
1380930 904.5
1380940 905.3
1380950 906.3
1380960 906.3
1380970 906.7
1380980 905.2
1380990 905.2
1381000 905.5
1381010 907.8
1381020 907.8
1381030 910.5
1381040 912.9
1381050 912.9
1381060 915.8
1381070 918.0
1381080 918.0
1381090 918.4
1381100 917.3
1381110 917.3
1381120 915.5
1381130 914.7
1381140 914.7
1381150 914.1
1381160 913.0
1381170 913.0
1381180 911.7
1381190 910.3
1381200 910.3
1381210 908.9
1381220 907.4
1381230 907.4
1381240 905.9
1381250 904.5
1381260 903.6
1381270 903.6
1381280 903.1
1381290 903.0
1381300 903.0
1381310 903.5
1381320 904.9
1381330 904.9
1381340 906.6
1381350 908.0
1381360 908.0
1381370 909.1
1381380 909.4
1381390 909.4
1381400 909.2
1381410 908.3
1381420 908.3
1381430 906.1
1381440 904.0
1381450 904.0
1381460 900.8
1381470 897.5
1381480 897.5
1381490 903.1
1381500 908.5
1381510 908.5
1381520 912.0
1381530 914.3
1381540 914.3
1381550 916.5
1381560 918.2
1381570 918.2
1381580 919.2
1381590 919.5
1381600 919.5
1381610 920.4
1381620 920.3
1381630 920.3
1381640 919.9
1381650 919.6
1381660 919.6
1381670 920.4
1381680 921.9
1381690 924.6
1381700 924.6
1381710 928.3
1381720 930.7
1381730 930.7
1381740 929.9
1381750 929.1
1381760 929.1
1381770 925.6
1381780 913.6
1381790 913.6
1381800 905.3
1381810 900.5
1381820 900.5
1381830 896.2
1381840 892.0
1381850 892.0
1381860 886.2
1381870 872.8
1381880 872.8
1381890 861.6
1381900 853.7
1381910 853.7
1381920 846.0
1381930 839.4
1381940 839.4
1381950 832.9
1381960 828.1
1381970 828.1
1381980 823.3
1381990 817.9
1382000 817.9
1382010 814.4
1382020 813.4
1382030 813.4
1382040 813.2
1382050 812.3
1382060 812.3
1382070 811.1
1382080 810.7
1382090 810.7
1382100 809.4
1382110 804.0
1382120 804.0
1382130 796.5
1382140 789.5
1382150 783.9
1382160 783.9
1382170 781.1
1382180 778.6
1382190 778.6
1382200 774.6
1382210 768.5
1382220 768.5
1382230 759.2
1382240 752.8
1382250 752.8
1382260 752.0
1382270 761.6
1382280 761.6
1382290 770.2
1382300 778.4
1382310 778.4
1382320 785.0
1382330 791.2
1382340 791.2
1382350 796.5
1382360 802.8
1382370 802.8
1382380 810.1
1382390 818.1
1382400 818.1
1382410 826.4
1382420 836.6
1382430 836.6
1382440 852.3
1382450 856.3
1382460 856.3
1382470 857.9
1382480 861.8
1382490 861.8
1382500 866.9
1382510 872.5
1382520 872.5
1382530 877.5
1382540 883.7
1382550 883.7
1382560 891.5
1382570 896.5
1382580 900.8
1382590 900.8
1382600 905.3
1382610 909.1
1382620 909.1
1382630 910.7
1382640 911.9
1382650 911.9
1382660 912.8
1382670 913.1
1382680 913.1
1382690 913.7
1382700 914.4
1382710 914.4
1382720 915.6
1382730 916.5
1382740 916.5
1382750 907.9
1382760 903.5
1382770 903.5
1382780 901.3
1382790 899.6
1382800 899.6
1382810 898.1
1382820 897.3
1382830 897.3
1382840 896.4
1382850 895.6
1382860 895.6
1382870 894.6
1382880 891.8
1382890 891.8
1382900 889.0
1382910 888.3
1382920 888.3
1382930 890.1
1382940 891.5
1382950 891.5
1382960 891.4
1382970 888.2
1382980 888.2
1382990 883.7
1383000 879.7
1383010 876.9
1383020 876.9
1383030 874.5
1383040 872.2
1383050 872.2
1383060 869.3
1383070 865.3
1383080 865.3
1383090 862.0
1383100 862.3
1383110 862.3
1383120 862.1
1383130 861.5
1383140 861.5
1383150 860.4
1383160 857.9
1383170 857.9
1383180 853.3
1383190 848.4
1383200 848.4
1383210 846.5
1383220 846.5
1383230 846.5
1383240 845.8
1383250 846.1
1383260 846.1
1383270 845.6
1383280 843.9
1383290 843.9
1383300 842.4
1383310 840.8
1383320 840.8
1383330 839.3
1383340 838.0
1383350 838.0
1383360 836.5
1383370 834.6
1383380 834.6
1383390 832.2
1383400 830.2
1383410 830.2
1383420 827.9
1383430 825.4
1383440 825.4
1383450 823.9
1383460 822.8
1383470 821.4
1383480 821.4
1383490 820.2
1383500 819.8
1383510 819.8
1383520 820.2
1383530 820.6
1383540 820.6
1383550 820.3
1383560 818.1
1383570 818.1
1383580 815.1
1383590 817.4
1383600 817.4
1383610 820.7
1383620 822.4
1383630 822.4
1383640 824.5
1383650 827.0
1383660 827.0
1383670 829.4
1383680 831.3
1383690 831.3
1383700 832.7
1383710 833.7
1383720 833.7
1383730 834.6
1383740 835.3
1383750 835.3
1383760 835.7
1383770 836.0
1383780 836.0
1383790 836.0
1383800 835.6
1383810 835.6
1383820 834.6
1383830 833.1
1383840 833.1
1383850 831.4
1383860 829.8
1383870 829.8
1383880 826.9
1383890 822.2
1383900 816.0
1383910 816.0
1383920 809.7
1383930 808.5
1383940 808.5
1383950 809.0
1383960 806.0
1383970 806.0
1383980 806.0
1383990 809.7
1384000 809.7
1384010 813.6
1384020 812.4
1384030 812.4
1384040 810.3
1384050 808.4
1384060 808.4
1384070 806.7
1384080 805.5
1384090 805.5
1384100 805.6
1384110 805.9
1384120 805.9
1384130 801.2
1384140 793.8
1384150 793.8
1384160 794.1
1384170 803.2
1384180 803.2
1384190 813.4
1384200 819.2
1384210 819.2
1384220 822.2
1384230 825.0
1384240 825.0
1384250 829.3
1384260 835.0
1384270 835.0
1384280 841.6
1384290 848.5
1384300 848.5
1384310 854.6
1384320 859.3
1384330 859.3
1384340 864.4
1384350 870.4
1384360 876.4
1384370 876.4
1384380 882.0
1384390 887.0
1384400 887.0
1384410 892.8
1384420 898.5
1384430 898.5
1384440 903.2
1384450 908.0
1384460 908.0
1384470 912.3
1384480 915.8
1384490 915.8
1384500 919.7
1384510 923.5
1384520 923.5
1384530 927.4
1384540 931.1
1384550 931.1
1384560 935.8
1384570 940.6
1384580 940.6
1384590 945.4
1384600 950.1
1384610 950.1
1384620 954.9
1384630 959.4
1384640 959.4
1384650 963.6
1384660 967.0
1384670 967.0
1384680 970.4
1384690 974.4
1384700 974.4
1384710 981.5
1384720 987.9
1384730 987.9
1384740 995.5
1384750 1003.2
1384760 1003.2
1384770 1005.4
1384780 1007.3
1384790 1010.0
1384800 1010.0
1384810 1011.8
1384820 1010.8
1384830 1010.8
1384840 1009.3
1384850 1009.7
1384860 1009.7
1384870 1009.7
1384880 1011.9
1384890 1011.9
1384900 1015.3
1384910 1017.6
1384920 1017.6
1384930 1018.3
1384940 1019.2
1384950 1019.2
1384960 1019.1
1384970 1017.9
1384980 1017.9
1384990 1015.0
1385000 1010.6
1385010 1010.6
1385020 1004.5
1385030 998.6
1385040 998.6
1385050 993.6
1385060 988.4
1385070 988.4
1385080 983.3
1385090 978.7
1385100 978.7
1385110 974.8
1385120 971.6
1385130 971.6
1385140 969.2
1385150 967.1
1385160 967.1
1385170 964.9
1385180 963.0
1385190 963.0
1385200 960.5
1385210 958.2
1385220 956.6
1385230 956.6
1385240 954.8
1385250 951.1
1385260 951.1
1385270 947.7
1385280 945.5
1385290 945.5
1385300 938.2
1385310 937.7
1385320 937.7
1380000 629.8
1380010 629.8
1380020 634.9
1380030 641.5
1380040 641.5
1380050 649.4
1380060 658.1
1380070 658.1
1380080 665.3
1380090 670.6
1380100 670.6
1380110 675.8
1380120 680.4
1380130 680.4
1380140 684.0
1380150 688.4
1380160 688.4
1380170 692.8
1380180 697.0
1380190 697.0
1380200 701.0
1380210 705.4
1380220 705.4
1380230 710.3
1380240 715.8
1380250 715.8
1380260 726.3
1380270 734.0
1380280 734.0
1380290 740.7
1380300 746.6
1380310 746.6
1380320 752.7
1380330 759.0
1380340 759.0
1380350 764.7
1380360 770.6
1380370 776.8
1380380 776.8
1380390 783.4
1380400 790.1
1380410 790.1
1380420 795.0
1380430 800.2
1380440 800.2
1380450 804.8
1380460 809.2
1380470 809.2
1380480 813.6
1380490 818.8
1380500 818.8
1380510 824.5
1380520 830.1
1380530 830.1
1380540 834.7
1380550 839.9
1380560 839.9
1380570 845.7
1380580 851.1
1380590 851.1
1380600 855.1
1380610 858.4
1380620 858.4
1380630 861.6
1380640 864.5
1380650 864.5
1380660 867.6
1380670 871.5
1380680 871.5
1380690 876.8
1380700 883.0
1380710 883.0
1380720 888.1
1380730 895.1
1380740 895.1
1380750 902.0
1380760 908.8
1380770 908.8
1380780 915.4
1380790 921.1
1380800 924.0
1380810 924.0
1380820 924.6
1380830 925.2
1380840 925.2
1380850 925.2
1380860 922.7
1380870 922.7
1380880 917.7
1380890 912.4
1380900 912.4
1380910 906.6
1380920 904.5
1380930 904.5
1380940 905.3
1380950 906.3
1380960 906.3
1380970 906.7
1380980 905.2
1380990 905.2
1381000 905.5
1381010 907.8
1381020 907.8
1381030 910.5
1381040 912.9
1381050 912.9
1381060 915.8
1381070 918.0
1381080 918.0
1381090 918.4
1381100 917.3
1381110 917.3
1381120 915.5
1381130 914.7
1381140 914.7
1381150 914.1
1381160 913.0
1381170 913.0
1381180 911.7
1381190 910.3
1381200 910.3
1381210 908.9
1381220 907.4
1381230 907.4
1381240 905.9
1381250 904.5
1381260 903.6
1381270 903.6
1381280 903.1
1381290 903.0
1381300 903.0
1381310 903.5
1381320 904.9
1381330 904.9
1381340 906.6
1381350 908.0
1381360 908.0
1381370 909.1
1381380 909.4
1381390 909.4
1381400 909.2
1381410 908.3
1381420 908.3
1381430 906.1
1381440 904.0
1381450 904.0
1381460 900.8
1381470 897.5
1381480 897.5
1381490 903.1
1381500 908.5
1381510 908.5
1381520 912.0
1381530 914.3
1381540 914.3
1381550 916.5
1381560 918.2
1381570 918.2
1381580 919.2
1381590 919.5
1381600 919.5
1381610 920.4
1381620 920.3
1381630 920.3
1381640 919.9
1381650 919.6
1381660 919.6
1381670 920.4
1381680 921.9
1381690 924.6
1381700 924.6
1381710 928.3
1381720 930.7
1381730 930.7
1381740 929.9
1381750 929.1
1381760 929.1
1381770 925.6
1381780 913.6
1381790 913.6
1381800 905.3
1381810 900.5
1381820 900.5
1381830 896.2
1381840 892.0
1381850 892.0
1381860 886.2
1381870 872.8
1381880 872.8
1381890 861.6
1381900 853.7
1381910 853.7
1381920 846.0
1381930 839.4
1381940 839.4
1381950 832.9
1381960 828.1
1381970 828.1
1381980 823.3
1381990 817.9
1382000 817.9
1382010 814.4
1382020 813.4
1382030 813.4
1382040 813.2
1382050 812.3
1382060 812.3
1382070 811.1
1382080 810.7
1382090 810.7
1382100 809.4
1382110 804.0
1382120 804.0
1382130 796.5
1382140 789.5
1382150 783.9
1382160 783.9
1382170 781.1
1382180 778.6
1382190 778.6
1382200 774.6
1382210 768.5
1382220 768.5
1382230 759.2
1382240 752.8
1382250 752.8
1382260 752.0
1382270 761.6
1382280 761.6
1382290 770.2
1382300 778.4
1382310 778.4
1382320 785.0
1382330 791.2
1382340 791.2
1382350 796.5
1382360 802.8
1382370 802.8
1382380 810.1
1382390 818.1
1382400 818.1
1382410 826.4
1382420 836.6
1382430 836.6
1382440 852.3
1382450 856.3
1382460 856.3
1382470 857.9
1382480 861.8
1382490 861.8
1382500 866.9
1382510 872.5
1382520 872.5
1382530 877.5
1382540 883.7
1382550 883.7
1382560 891.5
1382570 896.5
1382580 900.8
1382590 900.8
1382600 905.3
1382610 909.1
1382620 909.1
1382630 910.7
1382640 911.9
1382650 911.9
1382660 912.8
1382670 913.1
1382680 913.1
1382690 913.7
1382700 914.4
1382710 914.4
1382720 915.6
1382730 916.5
1382740 916.5
1382750 907.9
1382760 903.5
1382770 903.5
1382780 901.3
1382790 899.6
1382800 899.6
1382810 898.1
1382820 897.3
1382830 897.3
1382840 896.4
1382850 895.6
1382860 895.6
1382870 894.6
1382880 891.8
1382890 891.8
1382900 889.0
1382910 888.3
1382920 888.3
1382930 890.1
1382940 891.5
1382950 891.5
1382960 891.4
1382970 888.2
1382980 888.2
1382990 883.7
1383000 879.7
1383010 876.9
1383020 876.9
1383030 874.5
1383040 872.2
1383050 872.2
1383060 869.3
1383070 865.3
1383080 865.3
1383090 862.0
1383100 862.3
1383110 862.3
1383120 862.1
1383130 861.5
1383140 861.5
1383150 860.4
1383160 857.9
1383170 857.9
1383180 853.3
1383190 848.4
1383200 848.4
1383210 846.5
1383220 846.5
1383230 846.5
1383240 845.8
1383250 846.1
1383260 846.1
1383270 845.6
1383280 843.9
1383290 843.9
1383300 842.4
1383310 840.8
1383320 840.8
1383330 839.3
1383340 838.0
1383350 838.0
1383360 836.5
1383370 834.6
1383380 834.6
1383390 832.2
1383400 830.2
1383410 830.2
1383420 827.9
1383430 825.4
1383440 825.4
1383450 823.9
1383460 822.8
1383470 821.4
1383480 821.4
1383490 820.2
1383500 819.8
1383510 819.8
1383520 820.2
1383530 820.6
1383540 820.6
1383550 820.3
1383560 818.1
1383570 818.1
1383580 815.1
1383590 817.4
1383600 817.4
1383610 820.7
1383620 822.4
1383630 822.4
1383640 824.5
1383650 827.0
1383660 827.0
1383670 829.4
1383680 831.3
1383690 831.3
1383700 832.7
1383710 833.7
1383720 833.7
1383730 834.6
1383740 835.3
1383750 835.3
1383760 835.7
1383770 836.0
1383780 836.0
1383790 836.0
1383800 835.6
1383810 835.6
1383820 834.6
1383830 833.1
1383840 833.1
1383850 831.4
1383860 829.8
1383870 829.8
1383880 826.9
1383890 822.2
1383900 816.0
1383910 816.0
1383920 809.7
1383930 808.5
1383940 808.5
1383950 809.0
1383960 806.0
1383970 806.0
1383980 806.0
1383990 809.7
1384000 809.7
1384010 813.6
1384020 812.4
1384030 812.4
1384040 810.3
1384050 808.4
1384060 808.4
1384070 806.7
1384080 805.5
1384090 805.5
1384100 805.6
1384110 805.9
1384120 805.9
1384130 801.2
1384140 793.8
1384150 793.8
1384160 794.1
1384170 803.2
1384180 803.2
1384190 813.4
1384200 819.2
1384210 819.2
1384220 822.2
1384230 825.0
1384240 825.0
1384250 829.3
1384260 835.0
1384270 835.0
1384280 841.6
1384290 848.5
1384300 848.5
1384310 854.6
1384320 859.3
1384330 859.3
1384340 864.4
1384350 870.4
1384360 876.4
1384370 876.4
1384380 882.0
1384390 887.0
1384400 887.0
1384410 892.8
1384420 898.5
1384430 898.5
1384440 903.2
1384450 908.0
1384460 908.0
1384470 912.3
1384480 915.8
1384490 915.8
1384500 919.7
1384510 923.5
1384520 923.5
1384530 927.4
1384540 931.1
1384550 931.1
1384560 935.8
1384570 940.6
1384580 940.6
1384590 945.4
1384600 950.1
1384610 950.1
1384620 954.9
1384630 959.4
1384640 959.4
1384650 963.6
1384660 967.0
1384670 967.0
1384680 970.4
1384690 974.4
1384700 974.4
1384710 981.5
1384720 987.9
1384730 987.9
1384740 995.5
1384750 1003.2
1384760 1003.2
1384770 1005.4
1384780 1007.3
1384790 1010.0
1384800 1010.0
1384810 1011.8
1384820 1010.8
1384830 1010.8
1384840 1009.3
1384850 1009.7
1384860 1009.7
1384870 1009.7
1384880 1011.9
1384890 1011.9
1384900 1015.3
1384910 1017.6
1384920 1017.6
1384930 1018.3
1384940 1019.2
1384950 1019.2
1384960 1019.1
1384970 1017.9
1384980 1017.9
1384990 1015.0
1385000 1010.6
1385010 1010.6
1385020 1004.5
1385030 998.6
1385040 998.6
1385050 993.6
1385060 988.4
1385070 988.4
1385080 983.3
1385090 978.7
1385100 978.7
1385110 974.8
1385120 971.6
1385130 971.6
1385140 969.2
1385150 967.1
1385160 967.1
1385170 964.9
1385180 963.0
1385190 963.0
1385200 960.5
1385210 958.2
1385220 956.6
1385230 956.6
1385240 954.8
1385250 951.1
1385260 951.1
1385270 947.7
1385280 945.5
1385290 945.5
1385300 938.2
1385310 937.7
1385320 937.7
